date,open,high,close,low,volume,amount
2015-06-17,223.33,247.18,242.34,208.37,48533360.0,975871488.0
2015-06-16,236.27,240.65,224.68,221.3,38568704.0,789551552.0
2015-06-15,258.66,258.66,242.68,240.77,46279592.0,1027812544.0
2015-06-12,249.32,257.42,251.79,246.39,44640188.0,995908736.0
2015-06-11,253.14,256.52,248.53,244.82,39120060.0,868292672.0
2015-06-10,241.33,258.77,252.92,234.02,57887068.0,1291442688.0
2015-06-09,239.08,251.46,240.77,232.89,37499128.0,806561088.0
2015-06-08,248.64,253.14,239.42,236.27,45102740.0,978714816.0
2015-06-05,243.47,250.78,247.07,236.04,55475664.0,1208024832.0
2015-06-04,256.97,256.97,243.13,232.44,54468152.0,1173016448.0
2015-06-03,273.73,274.41,258.21,254.27,50404752.0,1171790592.0
2015-06-02,266.31,275.31,273.73,256.18,64833480.0,1529028352.0
2015-06-01,254.72,270.02,266.76,249.77,64766264.0,1496012800.0
2015-05-29,229.18,249.77,245.83,211.51,78311608.0,1659132416.0
2015-05-28,247.52,263.83,231.65,227.38,100400336.0,2206370560.0
2015-05-27,230.64,241.67,241.67,227.6,93875608.0,1979048576.0
2015-05-26,200.15,219.73,219.73,200.15,43144588.0,810397696.0
2015-05-25,197.9,203.64,199.7,193.4,57292180.0,1010281088.0
2015-05-22,205.55,208.14,198.01,193.74,64310444.0,1136411392.0
2015-05-21,191.94,204.2,202.85,191.94,65786468.0,1158266880.0
2015-05-20,190.25,204.2,191.26,189.01,73586304.0,1285455232.0
2015-05-19,178.89,191.26,189.91,178.89,60322380.0,1005052160.0
2015-05-18,176.07,179.79,178.32,171.01,36454592.0,570829760.0
2015-05-15,184.62,185.07,176.97,174.39,34155416.0,544321920.0
2015-05-14,190.14,194.41,184.62,183.05,42940368.0,716173056.0
2015-05-13,186.31,193.06,190.14,180.01,64397444.0,1068320704.0
2015-05-12,188.68,191.94,186.43,184.29,53425756.0,891034624.0
2015-05-11,181.25,190.7,188.34,175.51,67308560.0,1093203072.0
2015-05-08,165.39,178.55,177.76,165.39,47810884.0,740662336.0
2015-05-07,161.56,166.51,164.15,156.05,24716828.0,355985632.0
2015-05-06,161.34,169.44,162.01,160.77,23270904.0,340916320.0
2015-05-05,173.26,173.26,160.89,159.54,27562384.0,410147584.0
2015-05-04,176.53,177.76,173.49,171.8,25899156.0,400897472.0
2015-04-30,171.91,179.68,175.74,171.8,39971776.0,624955200.0
2015-04-29,169.89,178.32,171.69,164.26,28637328.0,438755168.0
2015-04-28,182.26,183.16,170.79,169.32,41080656.0,636352512.0
2015-04-27,190.7,191.04,182.15,180.01,52901844.0,862629440.0
2015-04-24,175.51,186.76,184.4,168.42,77641288.0,1245603712.0
2015-04-23,179.34,183.05,177.99,172.7,65035460.0,1024586240.0
2015-04-22,181.93,186.09,179.45,176.19,101120344.0,1624658432.0
2015-04-21,157.17,172.92,172.92,156.16,60944168.0,914821248.0
2015-04-20,166.62,166.62,157.17,154.7,49804496.0,710094336.0
2015-04-17,168.99,174.27,167.64,167.3,38704792.0,583884288.0
2015-04-16,167.64,173.04,168.76,161.22,30647834.0,457377280.0
2015-04-15,182.94,182.94,170.67,170.45,42638536.0,667166336.0
2015-04-14,181.7,193.96,184.74,177.99,58614500.0,984195136.0
2015-04-13,182.26,184.51,182.38,176.19,40300608.0,647899968.0
2015-04-10,180.24,184.51,183.16,175.51,26859380.0,435328992.0
2015-04-09,188.45,189.24,180.24,170.0,46258248.0,732429440.0
2015-04-08,195.99,197.34,187.89,183.72,44821348.0,756567744.0
2015-04-07,201.84,201.84,195.99,191.38,42535824.0,739926912.0
2015-04-03,201.39,206.0,201.05,199.81,29285070.0,526894112.0
2015-04-02,199.03,208.03,204.31,198.01,37207368.0,670431168.0
2015-04-01,195.88,200.04,198.8,193.51,25476388.0,445814624.0
2015-03-31,198.58,204.76,196.1,190.36,33132168.0,581760128.0
2015-03-30,195.76,207.69,198.58,194.64,36856708.0,659921152.0
2015-03-27,190.48,201.28,193.63,190.25,29946976.0,516011264.0
2015-03-26,203.64,205.33,193.51,191.04,40385904.0,709327808.0
2015-03-25,209.6,213.76,206.0,202.29,45540828.0,844087488.0
2015-03-24,195.76,213.2,209.94,189.01,68396944.0,1240684288.0
2015-03-23,177.88,195.54,195.54,175.06,65507872.0,1079656064.0
2015-03-20,178.32,184.96,177.76,175.62,44781392.0,719923968.0
2015-03-19,179.45,179.9,177.43,173.15,48214788.0,754504320.0
2015-03-18,181.81,186.2,181.47,172.7,73060856.0,1164691072.0
2015-03-17,170.45,181.81,181.81,164.26,103542648.0,1635529088.0
2015-03-16,153.57,165.27,165.27,151.89,66431612.0,954534592.0
2015-03-13,136.7,150.2,150.2,136.7,72108464.0,940173056.0
2015-03-12,139.51,140.07,136.59,133.66,33768268.0,409479584.0
2015-03-11,140.97,147.38,141.42,137.82,37991236.0,482597504.0
2015-03-10,133.88,142.88,141.2,132.2,43092388.0,535030432.0
2015-03-09,133.88,134.78,133.88,126.46,48217456.0,563606912.0
2015-03-06,143.45,147.16,135.23,130.28,94192800.0,1160183808.0
2015-03-05,126.01,138.5,138.5,122.75,85244992.0,1014885568.0
2015-03-04,131.63,131.63,125.9,115.43,155929872.0,1719236352.0
2015-03-03,113.86,119.71,119.71,113.18,35545812.0,369983968.0
2015-03-02,98.78,108.8,108.8,98.22,50931296.0,483234112.0
2015-02-27,93.61,99.91,98.89,93.04,45359824.0,394178176.0
2015-02-26,92.71,96.76,93.72,91.47,36540076.0,307970752.0
2015-02-25,88.88,93.94,92.48,88.54,36839216.0,301375008.0
2015-02-17,87.76,88.77,88.32,86.52,18252632.0,142078208.0
2015-02-16,87.64,89.22,87.76,85.62,31812346.0,246005264.0
2015-02-13,87.76,90.01,88.09,87.19,22208140.0,174793696.0
2015-02-12,83.26,89.22,87.42,83.26,26778856.0,207120096.0
2015-02-11,80.78,84.94,83.03,79.99,16258476.0,120077768.0
2015-02-10,78.64,81.23,80.56,76.5,22532978.0,158125072.0
2015-02-09,80.67,83.03,78.42,78.42,16985358.0,121569624.0
2015-02-06,86.86,88.88,82.69,81.34,21016818.0,159663104.0
2015-02-05,86.52,90.01,86.97,84.38,30315588.0,236658704.0
2015-02-04,88.43,88.66,85.84,84.94,19825048.0,152399472.0
2015-02-03,85.96,89.33,88.43,85.39,25693344.0,200649360.0
2015-02-02,84.27,87.53,86.18,83.48,19488160.0,149550528.0
2015-01-30,85.28,86.07,85.17,82.47,22930494.0,171717744.0
2015-01-29,88.32,89.33,84.72,83.93,29648422.0,228255136.0
2015-01-28,88.77,91.13,88.43,87.98,28189268.0,223586320.0
2015-01-27,89.56,90.34,88.32,87.76,34155100.0,269700992.0
2015-01-26,88.21,92.14,89.44,87.42,38564984.0,308607872.0
2015-01-23,87.98,90.79,88.21,86.07,47033672.0,369223168.0
2015-01-22,89.11,89.56,88.21,86.74,41791000.0,327255648.0
2015-01-21,92.14,92.14,90.01,87.42,64463212.0,510230784.0
2015-01-20,86.52,95.52,91.58,85.84,79152728.0,634499584.0
2015-01-19,84.94,90.91,87.19,83.03,73344240.0,572962368.0
2015-01-16,78.31,86.41,86.41,78.31,67139984.0,501680096.0
2015-01-15,80.44,82.24,78.53,77.63,26264386.0,185311536.0
2015-01-14,78.98,82.58,80.78,76.06,46026576.0,325754112.0
2015-01-13,73.81,81.45,79.09,73.13,61363392.0,429996160.0
2015-01-12,71.11,74.25,74.03,70.09,34362056.0,223140704.0
2015-01-09,69.19,72.79,71.22,68.63,25664192.0,163234112.0
2015-01-08,70.54,70.88,69.19,68.74,13067724.0,81184488.0
2015-01-07,68.41,71.33,70.54,67.84,22664812.0,140649360.0
2015-01-06,67.5,68.74,68.52,66.15,14749593.0,88845440.0
2015-01-05,65.14,69.64,68.07,65.14,21890028.0,131756520.0
2014-12-31,64.47,65.25,64.47,63.0,12464497.0,70817288.0
2014-12-30,67.84,69.53,64.8,64.47,18623668.0,109913672.0
2014-12-29,70.32,70.88,67.84,67.28,15428518.0,93420968.0
2014-12-26,70.43,71.67,70.2,69.64,15354438.0,96163224.0
2014-12-25,70.32,72.23,70.2,69.19,30057086.0,188627552.0
2014-12-24,62.44,68.52,68.52,62.44,25854784.0,153716672.0
2014-12-23,61.65,64.02,62.33,60.75,13399235.0,74615760.0
2014-12-22,66.6,66.6,61.77,60.75,21119452.0,117836344.0
2014-12-19,69.19,69.19,66.83,65.82,21084280.0,125509880.0
2014-12-18,68.97,70.2,69.31,68.52,10700758.0,65830908.0
2014-12-17,71.33,71.33,68.97,68.97,16792746.0,104165920.0
2014-12-16,72.45,72.57,71.67,70.09,16568830.0,104805208.0
2014-12-15,71.56,73.02,72.68,70.88,17540164.0,112611528.0
2014-12-12,71.11,72.0,71.56,70.77,9825029.0,62371724.0
2014-12-11,69.08,71.67,71.44,68.29,17920828.0,112546976.0
2014-12-10,67.06,69.53,69.31,66.61,14268264.0,86539200.0
2014-12-09,71.56,72.57,67.17,66.94,26892182.0,165809456.0
2014-12-08,70.88,72.0,71.22,68.86,21282786.0,132865264.0
2014-12-05,74.59,74.59,71.56,70.66,20435452.0,131060320.0
2014-12-04,73.13,75.27,74.59,73.02,21280862.0,141091056.0
2014-12-03,72.68,73.58,73.24,71.78,20163052.0,129906752.0
2014-12-02,72.45,74.59,73.36,72.0,15108924.0,98722912.0
2014-12-01,74.93,74.93,72.45,71.67,20105142.0,129605424.0
2014-11-28,76.17,76.17,74.48,73.58,17060038.0,113050944.0
2014-11-27,76.5,77.41,76.17,75.61,15603292.0,105915896.0
2014-11-26,76.39,77.74,76.5,75.16,14421712.0,97951096.0
2014-11-25,74.82,77.07,76.39,74.82,12491394.0,84409016.0
2014-11-24,75.04,76.84,75.49,74.48,15629622.0,104805912.0
2014-11-21,74.48,75.61,74.82,74.25,9748001.0,64951916.0
2014-11-20,76.17,76.17,74.93,74.25,10833634.0,72215696.0
2014-11-19,73.24,77.29,76.62,73.02,20045616.0,135134080.0
2014-11-18,71.56,73.47,73.36,71.33,13203839.0,85050744.0
2014-11-17,71.78,72.91,71.78,70.54,17959154.0,114205432.0
2014-11-14,74.25,74.37,72.34,71.78,11581968.0,74999760.0
2014-11-13,76.73,76.73,74.25,73.69,10959027.0,72894760.0
2014-11-12,74.25,77.41,76.73,73.69,10338016.0,69962688.0
2014-11-11,79.54,79.54,74.25,74.25,17661686.0,120024928.0
2014-11-10,79.43,80.78,79.09,78.42,13956116.0,98288896.0
2014-11-07,81.12,82.02,79.43,77.97,20667852.0,146884128.0
2014-11-06,79.09,83.82,81.12,78.53,29514654.0,213721360.0
2014-11-05,78.98,79.88,79.09,76.73,12784997.0,88629288.0
2014-11-04,80.44,80.89,79.09,78.75,13091395.0,92770384.0
2014-11-03,79.88,82.13,80.78,79.88,12755232.0,91517328.0
2014-10-31,79.88,80.67,80.11,78.64,13668322.0,96615552.0
2014-10-30,81.34,82.81,79.99,79.66,18046600.0,129063712.0
2014-10-29,78.31,82.69,81.34,77.41,29009924.0,208665136.0
2014-10-28,74.82,78.31,78.31,74.82,17166450.0,117081128.0
2014-10-27,75.38,77.18,74.37,72.57,17621020.0,116680744.0
2014-10-24,82.47,82.47,75.72,75.04,21774576.0,151057280.0
2014-10-23,78.64,80.11,79.09,77.63,15677004.0,109856696.0
2014-10-22,82.02,82.92,79.2,78.75,22898360.0,164660528.0
2014-10-21,83.48,87.19,81.91,81.91,31595930.0,235223472.0
2014-10-20,81.68,88.32,83.48,81.0,42197456.0,320079712.0
2014-10-17,76.73,82.02,81.68,76.5,31501764.0,222181280.0
2014-10-16,78.19,78.87,76.73,76.06,19719320.0,135588560.0
2014-10-15,80.44,80.78,79.2,76.95,22781016.0,158738544.0
2014-10-14,82.13,84.27,80.33,79.32,29523244.0,213334496.0
2014-10-13,76.39,84.38,83.14,75.16,43604640.0,315035712.0
2014-10-10,76.28,79.32,76.95,73.36,38284896.0,262357168.0
2014-10-09,72.68,79.54,76.73,71.56,50950344.0,345630816.0
2014-10-08,67.28,73.02,72.68,66.94,43630364.0,271279360.0
2014-09-30,67.28,68.4,66.94,66.49,29036908.0,173621680.0
2014-09-29,63.34,69.08,67.39,63.34,53370260.0,314357408.0
2014-09-26,64.13,64.58,63.23,62.55,30653804.0,173155888.0
2014-09-25,65.37,65.93,64.69,64.47,30992006.0,179403808.0
2014-09-24,64.24,66.49,65.48,64.13,41189008.0,239020912.0
2014-09-23,65.37,65.7,65.25,63.68,42832344.0,246626208.0
2014-09-22,68.18,70.66,66.04,65.37,92056088.0,544689984.0
2014-08-15,67.28,74.48,72.57,66.49,89030560.0,570933824.0
2014-08-14,62.44,68.52,67.73,61.65,53162832.0,315430592.0
2014-08-13,62.33,63.34,62.33,60.53,19074828.0,105283144.0
2014-08-12,61.65,63.45,62.33,60.42,19029534.0,105078680.0
2014-08-11,59.85,63.9,61.43,59.29,32060208.0,176646368.0
2014-08-08,56.03,61.88,59.85,55.8,29921396.0,157837680.0
2014-08-07,56.25,57.94,56.25,56.03,20480412.0,103793024.0
2014-08-06,53.22,58.5,57.38,52.99,27359982.0,135240304.0
2014-08-05,53.44,53.44,53.22,52.77,4472005.0,21096060.0
2014-08-04,52.88,54.0,53.33,52.65,4961719.0,23395198.0
2014-08-01,53.55,53.67,52.88,52.32,7370166.0,34664916.0
2014-07-31,53.55,54.57,53.67,53.22,7222303.0,34503772.0
2014-07-30,53.55,53.67,53.55,52.43,10629619.0,50141840.0
2014-07-29,52.32,53.78,53.33,51.98,9075522.0,42663896.0
2014-07-28,50.97,52.88,52.2,50.97,10343302.0,47983736.0
2014-07-25,50.18,51.19,50.74,48.94,10027485.0,44747572.0
2014-07-24,51.87,52.43,50.4,49.95,13719704.0,61898112.0
2014-07-23,52.32,52.99,52.09,51.64,7294247.0,33840532.0
2014-07-22,51.42,53.22,52.43,51.3,6152357.0,28671556.0
2014-07-21,52.54,53.55,51.75,51.64,7498115.0,34781020.0
2014-07-18,52.65,54.12,52.77,52.32,10488030.0,49703004.0
2014-07-17,52.99,54.57,52.99,52.2,12055360.0,56890856.0
2014-07-16,52.54,54.45,53.44,51.53,23628400.0,109978320.0
2014-07-15,49.17,54.45,53.22,48.72,50295532.0,233743536.0
2014-07-14,49.05,49.73,49.5,48.72,7318266.0,32033902.0
2014-07-11,48.38,49.62,49.05,48.38,5402761.0,23584832.0
2014-07-10,48.38,49.39,48.49,48.38,4954957.0,21529916.0
2014-07-09,49.5,50.07,48.83,48.15,7849692.0,34164136.0
2014-07-08,48.38,49.62,49.5,48.38,8011282.0,35047368.0
2014-07-07,49.5,49.62,48.38,48.15,6992192.0,30211652.0
2014-07-04,49.28,50.07,49.62,48.94,5844645.0,25686824.0
2014-07-03,49.39,50.4,49.39,49.05,8211744.0,36184044.0
2014-07-02,48.49,50.52,49.62,48.15,13290195.0,58500312.0
2014-07-01,47.48,48.6,48.49,47.14,7267891.0,31079866.0
2014-06-30,47.82,48.83,47.48,47.03,7268922.0,30875238.0
2014-06-27,46.91,48.6,47.82,46.58,6915790.0,29394204.0
2014-06-26,46.24,47.03,46.8,46.24,3984282.0,16578978.0
2014-06-25,46.35,47.03,46.24,46.13,4380991.0,18085902.0
2014-06-24,46.24,47.03,46.47,46.13,4136343.0,17149798.0
2014-06-23,46.13,46.8,46.35,46.02,5273358.0,21773488.0
2014-06-20,46.58,47.14,46.35,45.79,7465324.0,30797676.0
2014-06-19,49.28,49.5,46.35,45.56,17675258.0,74628336.0
2014-06-18,49.17,50.07,49.39,48.38,17158336.0,75268872.0
2014-06-17,47.48,49.73,49.17,47.03,19541354.0,84909952.0
2014-06-16,46.58,48.72,47.48,46.35,9715975.0,41199300.0
2014-06-13,46.13,47.48,46.8,45.79,8275021.0,34360364.0
2014-06-12,46.8,47.03,46.47,46.24,5068968.0,20964756.0
2014-06-11,46.92,47.59,46.92,46.69,4562543.0,19114802.0
2014-06-10,46.02,47.48,47.03,46.02,7515029.0,31307776.0
2014-06-09,46.69,47.48,46.35,46.13,5395733.0,22383500.0
2014-06-06,46.8,48.04,47.03,46.8,7164505.0,30214834.0
2014-06-05,46.58,47.03,46.92,46.35,5120491.0,21272306.0
2014-06-04,47.14,47.25,46.58,46.24,9135815.0,37885468.0
2014-06-03,47.82,49.05,46.92,46.69,12205215.0,51791624.0
2014-05-30,46.58,48.49,48.15,46.13,19924992.0,84624032.0
2014-05-29,47.25,47.82,46.8,46.47,20867932.0,87323024.0
2014-05-28,45.68,50.4,47.93,45.56,46735828.0,202780720.0
2014-05-27,45.56,46.02,45.79,45.45,7707469.0,31302248.0
2014-05-26,45.9,46.02,45.68,45.34,9732183.0,39457544.0
2014-05-23,43.31,46.24,46.13,43.31,21109180.0,85039656.0
2014-05-22,44.33,44.66,43.54,43.43,9255573.0,36226068.0
2014-05-21,43.88,45.45,44.66,43.31,18792442.0,74454440.0
2014-05-20,41.29,45.0,44.1,41.29,15460138.0,60209576.0
2014-05-19,41.18,41.63,41.29,41.06,1538344.0,5650751.0
2014-05-16,41.52,41.74,41.63,41.29,1432853.0,5288771.0
2014-05-15,42.19,42.41,41.63,41.4,2945561.0,10984328.0
2014-05-14,42.19,42.3,41.97,41.85,1914519.0,7159620.0
2014-05-13,42.53,42.75,42.41,42.08,2753038.0,10362889.0
2014-05-12,40.95,42.87,42.53,40.95,7829923.0,29464042.0
2014-05-09,40.84,41.29,40.95,40.5,3630523.0,13222470.0
2014-05-08,40.73,41.29,40.84,40.5,2516532.0,9167834.0
2014-05-07,40.5,41.29,40.62,40.28,3131971.0,11373756.0
2014-05-06,40.84,41.18,40.62,40.39,3920340.0,14226699.0
2014-05-05,39.38,40.84,40.84,39.15,7203459.0,25801180.0
2014-04-30,39.15,39.49,39.38,38.59,3791671.0,13174141.0
2014-04-29,38.7,39.27,39.04,38.59,2977119.0,10305837.0
2014-04-28,39.04,39.72,38.7,38.59,4622568.0,16015426.0
2014-04-25,40.84,41.06,39.38,39.27,4688260.0,16688966.0
2014-04-24,41.06,41.29,40.84,40.62,2819412.0,10254805.0
2014-04-23,41.06,41.74,41.06,40.95,4144360.0,15206800.0
2014-04-22,42.08,42.19,41.4,40.73,4952578.0,18215032.0
2014-04-21,42.53,42.87,41.97,41.85,4501256.0,16967714.0
2014-04-18,42.41,42.75,42.64,42.3,3764292.0,14255026.0
2014-04-17,42.75,42.87,42.41,42.3,4159486.0,15729079.0
2014-04-16,42.41,42.98,42.75,42.41,4589213.0,17417198.0
2014-04-15,43.09,43.2,42.53,42.41,7084702.0,26957628.0
2014-04-14,43.43,43.65,43.43,42.98,5038907.0,19366922.0
2014-04-11,44.22,44.22,43.65,43.2,5312221.0,20608314.0
2014-04-10,44.33,44.66,44.44,43.88,5101140.0,20086694.0
2014-04-09,43.65,44.44,44.33,43.54,5710532.0,22379150.0
2014-04-08,43.2,43.77,43.65,42.87,5389841.0,20754394.0
2014-04-04,42.75,43.54,43.54,42.3,6093322.0,23352700.0
2014-04-03,43.43,43.43,42.87,42.53,4602033.0,17573376.0
2014-04-02,43.43,43.43,43.31,42.87,5775603.0,22157748.0
2014-04-01,43.09,43.54,43.43,42.87,4403834.0,16924028.0
2014-03-31,43.2,43.54,43.2,42.19,4050586.0,15415634.0
2014-03-28,44.33,44.44,43.31,42.98,5544754.0,21475466.0
2014-03-27,44.78,45.0,44.22,44.1,5482267.0,21714068.0
2014-03-26,44.66,45.12,44.89,44.55,5071269.0,20197608.0
2014-03-25,44.33,45.12,44.67,44.22,6641975.0,26340628.0
2014-03-24,44.44,45.0,44.33,44.22,7977216.0,31601988.0
2014-03-21,43.65,44.78,44.55,43.2,4514607.0,17611578.0
2014-03-20,45.45,45.57,43.65,43.65,6057124.0,24019894.0
2014-03-19,45.68,45.68,45.45,44.78,4211899.0,16916740.0
2014-03-18,45.79,46.24,45.79,45.34,4775316.0,19427196.0
2014-03-17,44.66,45.57,45.57,44.55,3998142.0,16004057.0
2014-03-14,44.44,44.89,44.78,44.1,3627310.0,14335964.0
2014-03-13,44.33,44.67,44.55,43.77,3535610.0,13926806.0
2014-03-12,45.23,45.45,44.22,43.43,6538991.0,25770804.0
2014-03-11,44.89,45.79,45.12,44.55,6148776.0,24615892.0
2014-03-10,46.47,46.47,45.34,45.0,7959114.0,32262292.0
2014-03-07,48.15,48.27,46.8,46.69,7276370.0,30608904.0
2014-03-06,48.15,48.72,47.93,47.25,6882107.0,29317282.0
2014-03-05,48.04,49.28,48.49,47.82,11715467.0,50664260.0
2014-03-04,47.48,48.72,48.04,46.8,11469981.0,49017552.0
2014-03-03,47.25,47.93,47.82,46.24,11453019.0,48076664.0
2014-02-28,47.25,47.93,47.14,46.13,10639160.0,44459744.0
2014-02-27,46.35,47.03,45.56,45.23,8111910.0,33245734.0
2014-02-26,46.47,46.47,46.24,45.0,9824172.0,39980964.0
2014-02-25,48.15,49.39,47.03,46.58,17100188.0,73606224.0
2014-02-24,47.59,48.27,48.27,47.03,9167692.0,38807220.0
2014-02-21,48.15,49.73,48.04,47.14,18557208.0,79864968.0
2014-02-20,49.73,49.84,48.49,48.27,20621780.0,89738824.0
2014-02-19,48.27,52.65,50.4,48.15,34870976.0,155151184.0
2014-02-18,48.27,48.72,48.27,47.37,19210228.0,82247928.0
2014-02-17,46.8,48.15,48.15,46.35,14557352.0,61520732.0
2014-02-14,46.24,46.8,46.69,45.79,9685741.0,39920700.0
2014-02-13,47.37,47.59,46.13,46.02,17808752.0,73830312.0
2014-02-12,47.48,48.6,47.93,47.14,15888659.0,67539976.0
2014-02-11,48.04,48.6,47.03,46.8,19693724.0,83277880.0
2014-02-10,48.27,49.17,48.15,48.04,18322776.0,78720224.0
2014-02-07,47.37,48.49,48.38,47.37,11903854.0,50781300.0
2014-01-30,46.92,49.39,48.15,46.58,19675280.0,84206952.0
2014-01-29,46.35,47.48,47.14,45.79,11468055.0,47533640.0
2014-01-28,46.35,46.69,46.47,45.68,7995736.0,32804378.0
2014-01-27,44.78,48.38,46.58,44.55,22319000.0,92321992.0
2014-01-24,44.89,45.56,44.78,44.55,10320795.0,41260688.0
2014-01-23,44.22,45.34,45.0,43.65,11607180.0,46233124.0
2014-01-22,43.31,46.69,44.55,42.98,16121112.0,64157596.0
2014-01-21,42.75,43.43,43.31,42.3,6951930.0,26489930.0
2014-01-20,41.18,42.87,42.64,41.06,5823152.0,21899132.0
2014-01-17,42.41,42.64,41.63,41.4,6043523.0,22525570.0
2014-01-16,42.75,43.31,42.75,42.64,5081480.0,19389976.0
2014-01-15,42.41,43.09,42.75,42.19,6240897.0,23653090.0
2014-01-14,41.63,42.64,42.64,40.95,7201223.0,26660286.0
2014-01-13,42.87,43.65,41.97,41.4,8255040.0,31306378.0
2014-01-10,43.88,44.89,43.31,43.09,9606168.0,37629540.0
2014-01-09,44.44,45.9,44.44,43.88,11486554.0,45886272.0
2014-01-08,44.78,44.78,44.44,43.65,8142660.0,32096286.0
2014-01-07,42.87,44.44,44.44,42.75,9719804.0,37989540.0
2014-01-06,44.1,44.78,43.2,43.09,12690573.0,49708852.0
2014-01-03,43.99,44.66,44.1,43.2,14437917.0,56517116.0
2014-01-02,42.64,44.66,43.88,42.19,13308371.0,51343620.0
2013-12-31,42.3,42.75,42.64,41.97,5446732.0,20544608.0
2013-12-30,42.75,42.87,42.41,42.3,6698864.0,25341430.0
2013-12-27,41.63,42.75,42.75,41.52,10323952.0,38698456.0
2013-12-26,41.74,42.98,41.85,41.29,13159602.0,49334976.0
2013-12-25,41.52,41.74,41.52,40.84,6445407.0,23677118.0
2013-12-24,41.18,42.19,41.74,40.73,11086470.0,40810512.0
2013-12-23,42.98,43.2,41.18,40.73,12402090.0,45778680.0
2013-12-20,44.89,45.12,42.87,42.3,22295872.0,85892576.0
2013-12-19,44.44,48.38,45.45,43.88,49900752.0,203408864.0
2013-12-18,44.33,44.33,44.33,44.33,14308131.0,56374036.0
2013-12-17,40.28,40.73,40.28,40.16,3420405.0,12271596.0
2013-12-16,41.63,41.97,40.28,40.05,5599997.0,20337068.0
2013-12-13,41.29,42.19,41.52,41.06,5620166.0,20811626.0
2013-12-12,40.84,41.85,41.29,40.5,4662158.0,17131196.0
2013-12-11,41.52,41.63,40.84,40.62,4085459.0,14914986.0
2013-12-10,40.84,41.97,41.52,40.73,7782696.0,28706572.0
2013-12-09,40.62,40.95,40.73,40.5,3786236.0,13691746.0
2013-12-06,40.95,41.06,40.62,40.39,5204973.0,18819882.0
2013-12-05,41.06,41.29,40.95,40.84,4788150.0,17445274.0
2013-12-04,40.62,41.4,40.84,40.28,5680027.0,20702230.0
2013-12-03,39.49,40.73,40.5,39.49,5088748.0,18132724.0
2013-12-02,42.08,42.08,39.83,39.49,11140137.0,40350716.0
2013-11-29,42.87,43.2,42.64,42.41,8385974.0,31852300.0
2013-11-28,43.2,44.1,43.09,42.75,16015073.0,61567156.0
2013-11-27,42.19,43.54,43.2,41.52,11635269.0,44169604.0
2013-11-26,42.3,43.43,42.19,42.08,9564612.0,36208568.0
2013-11-25,41.18,41.97,41.4,40.84,5155784.0,19061200.0
2013-11-22,42.3,42.64,41.29,41.18,8980134.0,33337146.0
2013-11-21,42.75,42.87,42.41,42.08,7978742.0,30009908.0
2013-11-20,41.85,43.09,42.87,41.74,9877194.0,37457624.0
2013-11-19,42.41,42.75,41.85,41.4,7518140.0,28022590.0
2013-11-18,41.4,42.41,42.41,41.29,7489685.0,28035956.0
2013-11-15,40.73,42.08,41.52,40.5,9493056.0,35028272.0
2013-11-14,39.27,40.95,40.84,38.81,7307252.0,25950014.0
2013-11-13,40.62,40.62,39.38,38.81,5969544.0,20939428.0
2013-11-12,40.16,40.84,40.62,39.94,2822329.0,10165582.0
2013-11-11,39.6,40.28,40.16,39.27,3522349.0,12482609.0
2013-11-08,40.84,41.29,39.72,39.38,5691659.0,20287858.0
2013-11-07,41.63,41.97,41.06,40.95,4021381.0,14813825.0
2013-11-06,42.41,42.75,41.74,41.63,5643197.0,21161432.0
2013-11-05,41.4,42.41,42.3,41.18,5837201.0,21796242.0
2013-11-04,41.06,41.97,41.52,40.95,4780992.0,17651974.0
2013-11-01,41.52,41.63,41.06,40.5,6181022.0,22545530.0
2013-10-31,42.64,42.64,41.63,41.29,7703806.0,28634236.0
2013-10-30,42.19,42.75,42.75,41.97,6643329.0,25074664.0
2013-10-29,45.0,45.23,42.53,40.5,12093805.0,45819908.0
2013-10-28,45.23,45.45,45.0,44.55,5128900.0,20467698.0
2013-10-25,46.47,47.14,44.67,44.44,8913977.0,35993432.0
2013-10-24,46.24,47.25,46.58,46.02,5207803.0,21589076.0
2013-10-23,48.15,48.38,46.35,46.13,11495409.0,48200140.0
2013-10-22,49.73,49.73,48.15,47.7,14045237.0,60779572.0
2013-10-21,48.04,50.07,49.84,47.7,18233632.0,79934424.0
2013-10-18,47.93,47.93,47.7,47.14,6100023.0,25825574.0
2013-10-17,47.37,47.93,47.03,46.92,10211938.0,43004100.0
2013-10-16,49.17,49.62,47.03,46.69,16543529.0,70396848.0
2013-10-15,50.85,50.85,49.95,49.05,19398172.0,85587264.0
2013-10-14,51.42,52.2,51.42,50.74,19553812.0,89208144.0
2013-10-11,49.39,52.54,51.53,48.72,35255000.0,159400432.0
2013-10-10,50.07,50.97,49.28,49.28,18561160.0,82313152.0
2013-10-09,48.6,50.52,50.4,48.49,23401960.0,103295296.0
2013-10-08,48.38,49.84,49.28,47.48,19320806.0,83878352.0
2013-09-30,47.48,49.17,48.49,46.8,21704850.0,92541400.0
2013-09-27,50.63,52.65,48.72,48.6,47477260.0,213708560.0
2013-09-26,48.72,49.95,49.95,47.03,19456582.0,85089928.0
2013-09-24,45.79,46.47,45.45,45.23,13811588.0,56116968.0
2013-09-23,45.23,46.35,45.79,45.23,12601641.0,51178448.0
2013-09-18,44.66,45.68,44.89,44.1,11874941.0,47408720.0
2013-09-17,48.15,48.72,45.23,44.55,23197070.0,95860272.0
2013-09-16,50.18,50.4,48.38,48.15,19983992.0,86860592.0
2013-09-13,49.5,50.63,50.18,48.72,23336700.0,103493568.0
2013-09-12,49.62,51.19,49.39,49.28,22896754.0,101787176.0
2013-09-11,48.72,50.97,50.29,47.82,33661224.0,147728512.0
2013-09-10,49.05,49.28,48.49,47.25,22212240.0,95759968.0
2013-09-09,48.38,49.5,49.17,47.14,20821858.0,90049488.0
2013-09-06,48.27,49.05,48.27,48.04,17965844.0,77269392.0
2013-09-05,48.94,50.18,48.83,47.93,21851060.0,95410496.0
2013-09-04,49.73,50.18,48.94,48.49,19843328.0,86595408.0
2013-09-03,48.04,51.3,50.07,47.82,31020314.0,136876784.0
2013-09-02,47.82,48.72,48.49,46.24,19415716.0,82517400.0
2013-08-30,49.95,51.3,48.15,47.37,35802880.0,156829904.0
2013-08-29,48.94,52.32,50.97,48.49,40861836.0,182144000.0
2013-08-28,51.75,53.22,49.62,49.5,57312336.0,262287696.0
2013-08-27,50.29,55.69,53.89,49.05,74995616.0,343647456.0
2013-08-26,50.74,51.53,50.85,49.05,59270592.0,265150272.0
2013-08-23,53.89,55.69,50.4,48.49,100389968.0,457801024.0
2013-08-22,49.5,51.98,51.98,48.6,36044152.0,163092128.0
2013-08-21,42.87,47.25,47.25,42.3,44786920.0,182307888.0
2013-08-20,40.84,43.77,42.98,40.84,48159536.0,181698144.0
2013-08-19,37.91,42.3,41.63,37.58,43334588.0,157588368.0
2013-08-16,38.25,41.06,38.48,37.8,25921784.0,91127968.0
2013-08-15,39.72,40.05,38.59,38.48,10947561.0,38100652.0
2013-08-14,39.49,40.28,39.83,39.15,13504755.0,47695720.0
2013-08-13,38.59,41.4,40.05,38.37,26507068.0,94510400.0
2013-08-12,37.91,38.81,38.59,37.91,10453774.0,35739948.0
2013-08-09,38.37,38.81,38.03,37.69,6815440.0,23134870.0
2013-08-08,37.91,39.27,38.48,37.69,11376466.0,39000412.0
2013-08-07,38.59,38.81,37.91,37.8,8529439.0,28943268.0
2013-08-06,38.03,38.59,38.48,37.69,10692475.0,36413380.0
2013-08-05,37.91,38.14,38.03,37.47,7865551.0,26455746.0
2013-08-02,38.25,38.59,37.91,37.69,11278439.0,38132444.0
2013-08-01,36.34,38.37,38.03,36.34,13277037.0,44267748.0
2013-07-31,38.14,38.14,36.68,36.23,10577778.0,34695476.0
2013-07-30,36.79,37.35,36.79,36.12,6408566.0,20972758.0
2013-07-29,36.9,37.13,36.79,36.23,6603986.0,21558224.0
2013-07-26,37.8,38.14,37.35,36.23,12252258.0,40427124.0
2013-07-25,38.81,39.15,38.03,37.58,14475200.0,49082832.0
2013-07-24,38.59,39.83,39.15,37.91,24779236.0,85656760.0
2013-07-23,38.59,39.15,38.81,37.8,23634488.0,80551360.0
2013-07-22,38.03,38.7,38.59,37.47,30908812.0,104709112.0
2013-07-19,35.55,39.49,38.81,35.55,58778060.0,202417120.0
2013-07-18,35.33,36.34,35.89,34.65,9376918.0,29755558.0
2013-07-17,35.78,36.23,35.44,35.1,7539650.0,23855914.0
2013-07-16,35.89,36.34,36.12,35.33,8621715.0,27565508.0
2013-07-15,35.33,35.89,35.89,35.1,6779691.0,21428704.0
2013-07-12,35.22,36.0,35.22,34.88,8376743.0,26489248.0
2013-07-11,34.43,35.55,35.22,34.43,8466490.0,26447644.0
2013-07-10,33.87,34.65,34.54,33.53,5343885.0,16229198.0
2013-07-09,33.64,33.98,33.87,33.41,2677203.0,8025381.0
2013-07-08,34.65,34.65,33.64,33.64,6844820.0,20648482.0
2013-07-05,35.55,35.66,34.99,34.88,7271332.0,22748104.0
2013-07-04,34.65,35.89,35.55,34.31,8602522.0,26953386.0
2013-07-03,34.54,35.78,34.99,33.53,10513883.0,32457216.0
2013-07-02,34.54,34.77,34.54,34.2,6658844.0,20375914.0
2013-07-01,33.53,34.54,34.54,33.53,6687676.0,20343304.0
2013-06-28,34.31,35.33,33.98,33.53,9036430.0,27547186.0
2013-06-27,36.56,37.02,34.65,34.31,14200310.0,45153924.0
2013-06-26,35.55,36.56,35.89,34.54,15361050.0,48851912.0
2013-06-25,34.09,36.0,35.55,31.5,14788201.0,44576144.0
2013-06-24,35.33,37.02,34.65,33.75,15208799.0,48041688.0
2013-06-21,35.1,35.78,35.33,34.43,9983294.0,30967260.0
2013-06-20,38.14,38.25,35.89,35.89,10923069.0,35950616.0
2013-06-19,38.81,39.49,38.59,38.14,10859462.0,37417472.0
2013-06-18,38.03,38.81,38.25,37.13,8552138.0,28989276.0
2013-06-17,37.69,38.25,37.91,37.13,5837551.0,19465390.0
2013-06-14,37.02,37.8,37.69,37.02,4859236.0,16175520.0
2013-06-13,38.03,38.03,37.13,36.12,7122142.0,23397382.0
2013-06-07,38.81,39.04,38.25,37.58,7203787.0,24491006.0
2013-06-06,39.72,39.72,38.93,38.48,7198557.0,24962718.0
2013-06-05,39.72,40.05,39.72,39.04,6195850.0,21786878.0
2013-06-04,40.5,40.5,40.05,38.59,15145847.0,53009532.0
2013-06-03,40.5,41.18,40.62,40.05,11893660.0,42833096.0
2013-05-31,40.73,41.52,40.39,40.28,14594474.0,53144272.0
2013-05-30,40.73,41.52,40.5,40.05,14469540.0,52502784.0
2013-05-29,40.5,41.18,40.84,40.16,12996741.0,47033980.0
2013-05-28,41.29,41.63,40.73,39.6,19540376.0,70160360.0
2013-05-27,41.4,41.97,41.4,40.84,18194820.0,66836656.0
2013-05-24,40.62,42.3,41.52,40.5,29219042.0,107520208.0
2013-05-23,38.48,42.53,41.29,38.25,62140180.0,228052512.0
2013-05-22,39.27,39.94,38.7,38.25,19591288.0,67811976.0
2013-05-21,38.48,40.16,39.6,37.91,32670160.0,114021456.0
2013-05-20,37.02,38.14,38.03,36.56,15940222.0,53234716.0
2013-05-17,36.12,37.24,37.02,36.12,11905694.0,38863980.0
2013-05-16,35.44,38.03,36.68,35.44,20332980.0,66587912.0
2013-05-15,35.22,35.78,35.66,34.88,4846679.0,15234150.0
2013-05-14,35.55,35.55,35.1,34.65,3551417.0,11060019.0
2013-05-13,35.33,35.66,35.66,34.99,5305700.0,16662204.0
2013-05-10,34.99,35.44,35.33,34.65,4443004.0,13855865.0
2013-05-09,35.22,35.44,35.22,34.77,4324507.0,13489381.0
2013-05-08,34.77,35.55,35.44,34.77,5725140.0,17914110.0
2013-05-07,34.99,35.1,34.88,34.43,3050179.0,9432358.0
2013-05-06,34.54,34.99,34.88,34.31,3009205.0,9319064.0
2013-05-03,34.2,34.88,34.43,34.2,3083400.0,9468151.0
2013-05-02,33.87,34.09,34.09,33.64,2706094.0,8146523.0
2013-04-26,34.65,34.88,33.87,33.75,3263878.0,9926800.0
2013-04-25,35.33,35.33,34.54,34.54,3633405.0,11255230.0
2013-04-24,34.54,35.22,35.1,34.2,3801939.0,11779551.0
2013-04-23,35.55,35.55,34.43,34.31,3731337.0,11546899.0
2013-04-22,35.1,35.55,35.44,34.99,4816179.0,15117519.0
2013-04-19,34.54,35.33,35.22,34.43,3843676.0,11944302.0
2013-04-18,34.65,34.77,34.54,34.31,2736150.0,8394428.0
2013-04-17,34.77,34.99,34.77,34.43,1796590.0,5546255.0
2013-04-16,34.09,34.77,34.77,34.09,2321235.0,7089933.0
2013-04-15,34.99,34.99,34.2,34.2,2458088.0,7524407.0
2013-04-12,35.22,35.44,35.1,34.88,2475037.0,7737568.0
2013-04-11,35.44,36.56,35.44,35.44,4223149.0,13512488.0
2013-04-10,35.33,35.55,35.33,34.99,2718500.0,8521984.0
2013-04-09,34.88,35.55,35.22,34.88,2155798.0,6767839.0
2013-04-08,34.99,35.22,35.1,34.2,3058977.0,9416145.0
2013-04-03,35.55,36.0,35.33,35.22,3483358.0,10991314.0
2013-04-02,36.12,36.23,35.89,35.66,3083439.0,9833228.0
2013-04-01,35.89,36.34,35.89,35.78,3220127.0,10314559.0
2013-03-29,35.78,36.56,36.0,35.78,2521492.0,8110747.0
2013-03-28,37.13,37.13,36.0,35.89,4820634.0,15532443.0
2013-03-27,37.58,37.69,37.24,36.9,4472358.0,14843430.0
2013-03-26,37.91,38.03,37.58,36.79,7151570.0,23798596.0
2013-03-25,38.14,39.6,38.48,35.1,17843198.0,60658852.0
2013-03-22,37.58,38.48,38.03,37.24,7841749.0,26380698.0
2013-03-21,36.9,38.03,37.69,36.56,10141844.0,33810648.0
2013-03-20,36.12,37.02,36.9,36.0,6785020.0,22106648.0
2013-03-19,36.12,36.45,36.12,35.55,3472469.0,11110612.0
2013-03-18,36.45,36.68,36.12,36.0,3110274.0,10048034.0
2013-03-15,36.68,37.13,36.68,36.12,3952719.0,12873126.0
2013-03-14,36.56,36.79,36.56,36.23,3287957.0,10678736.0
2013-03-13,36.56,36.9,36.68,35.78,4986258.0,16135057.0
2013-03-12,38.25,38.37,36.9,36.34,7169689.0,23697604.0
2013-03-11,38.03,38.59,38.25,37.69,5247103.0,17809742.0
2013-03-08,38.14,38.48,38.03,37.91,4535536.0,15408355.0
2013-03-07,38.59,38.93,38.14,37.69,8903957.0,30324116.0
2013-03-06,37.69,39.27,38.7,37.47,18143864.0,62163952.0
2013-03-05,36.79,38.03,37.8,36.56,7532584.0,25019008.0
2013-03-04,37.24,38.37,36.9,36.56,13697036.0,45771636.0
2013-03-01,37.13,37.47,37.24,36.9,5983176.0,19744986.0
2013-02-28,36.79,37.47,37.35,36.45,5268237.0,17290140.0
2013-02-27,37.02,37.35,36.45,36.23,5133823.0,16805950.0
2013-02-26,37.8,38.03,37.02,37.02,6039850.0,20215086.0
2013-02-25,37.91,38.25,38.03,37.58,3965959.0,13403787.0
2013-02-22,38.25,38.37,37.91,37.69,5463672.0,18505152.0
2013-02-21,39.15,39.27,38.25,38.03,7730514.0,26512298.0
2013-02-20,39.04,39.38,39.38,38.59,7140456.0,24801128.0
2013-02-19,39.04,39.83,38.93,38.7,10905528.0,37984784.0
2013-02-18,39.38,39.38,39.04,38.81,6049910.0,21000180.0
2013-02-08,38.7,39.04,38.93,38.48,4659203.0,16083260.0
2013-02-07,39.04,39.15,38.7,38.37,5271132.0,18153806.0
2013-02-06,38.59,39.38,39.04,38.37,8758069.0,30332510.0
2013-02-05,38.25,38.81,38.7,37.91,7379350.0,25155890.0
2013-02-04,38.14,38.7,38.48,37.91,8776724.0,29887826.0
2013-02-01,38.03,38.48,38.14,37.91,5985440.0,20301416.0
2013-01-31,38.25,38.48,38.03,37.8,6301692.0,21326912.0
2013-01-30,38.59,38.7,38.37,38.14,9370812.0,31978194.0
2013-01-29,38.59,38.93,38.81,38.25,10661028.0,36637736.0
2013-01-28,37.91,39.83,39.27,37.91,10580029.0,36433808.0
2013-01-25,38.25,38.59,38.14,37.8,5630955.0,19068862.0
2013-01-24,39.94,40.28,38.48,37.8,11644384.0,40623040.0
2013-01-23,39.6,40.62,39.94,39.15,9928434.0,35143012.0
2013-01-22,39.72,40.84,40.05,39.49,16430683.0,58650568.0
2013-01-21,39.6,39.94,39.72,39.15,8800562.0,31054348.0
2013-01-18,39.04,39.49,39.49,38.59,8462407.0,29438434.0
2013-01-17,40.05,40.16,39.04,38.93,9009230.0,31506718.0
2013-01-16,39.38,40.28,40.05,38.81,14346856.0,50539668.0
2013-01-15,38.81,39.72,39.49,38.48,14637080.0,50990204.0
2013-01-14,38.03,39.04,38.93,37.24,13579399.0,46165080.0
2013-01-11,38.48,40.16,38.25,38.25,17999740.0,62579112.0
2013-01-10,38.14,38.7,38.48,38.03,7808250.0,26654770.0
2013-01-09,38.14,38.48,38.14,37.8,6665085.0,22603604.0
2013-01-08,37.69,38.7,38.37,37.24,13287895.0,44940896.0
2013-01-07,37.24,37.58,37.58,37.02,4972720.0,16502824.0
2013-01-04,37.69,37.91,37.47,37.13,5204292.0,17338076.0
2012-12-31,37.35,37.69,37.58,37.13,6631357.0,22067734.0
2012-12-28,37.24,37.58,37.47,36.9,6207426.0,20547452.0
2012-12-27,37.47,37.91,37.24,37.13,8668564.0,28878418.0
2012-12-26,37.02,37.58,37.58,36.9,6912983.0,22881420.0
2012-12-25,36.45,37.47,37.24,36.34,9154291.0,30129880.0
2012-12-24,36.12,36.68,36.45,36.12,2782898.0,9010337.0
2012-12-21,36.79,37.13,36.45,36.34,4547530.0,14800677.0
2012-12-20,36.68,36.9,36.79,36.34,5279957.0,17197378.0
2012-12-19,36.45,37.58,37.02,36.34,6908159.0,22690728.0
2012-12-18,36.68,37.13,36.68,36.12,6563907.0,21390434.0
2012-12-17,36.56,37.13,36.9,36.23,6612861.0,21564150.0
2012-12-14,34.88,36.79,36.56,34.77,8650905.0,27621576.0
2012-12-13,35.78,36.0,34.88,34.88,3678784.0,11580982.0
2012-12-12,36.0,36.68,35.78,35.44,5112561.0,16288241.0
2012-12-11,36.0,37.02,36.12,35.55,7394574.0,23779224.0
2012-12-10,35.55,36.34,36.0,35.33,6550255.0,20872542.0
2012-12-07,34.77,35.66,35.44,34.43,6479710.0,20247776.0
2012-12-06,35.1,35.22,34.65,34.31,5584187.0,17247302.0
2012-12-05,33.75,35.66,35.33,33.3,9833359.0,30366640.0
2012-12-04,32.74,35.33,34.2,32.74,9148023.0,27632850.0
2012-12-03,33.64,33.87,32.74,32.74,3234922.0,9590818.0
2012-11-30,33.41,33.75,33.64,33.19,2494031.0,7426598.0
2012-11-29,33.75,33.87,33.3,33.19,3571661.0,10665576.0
2012-11-28,34.54,34.77,33.64,33.53,3682534.0,11112828.0
2012-11-27,36.23,36.23,34.77,34.65,3990596.0,12561628.0
2012-11-26,37.13,37.13,36.23,36.12,2648850.0,8595081.0
2012-11-23,36.56,37.02,36.79,36.45,1872863.0,6120979.0
2012-11-22,36.79,36.9,36.56,36.34,2574777.0,8387538.0
2012-11-21,36.68,37.02,36.9,36.23,2643253.0,8595947.0
2012-11-20,36.45,37.02,36.56,36.45,2565685.0,8360599.0
2012-11-19,36.34,36.56,36.45,36.12,2152518.0,6955393.0
2012-11-16,36.34,36.56,36.23,36.0,2992949.0,9631847.0
2012-11-15,37.35,37.47,36.68,36.68,3326022.0,10924282.0
2012-11-14,37.47,37.69,37.47,37.13,2375114.0,7893783.0
2012-11-13,38.59,38.59,37.35,37.24,4946146.0,16562036.0
2012-11-12,38.25,38.48,38.37,38.14,3029112.0,10306962.0
2012-11-09,38.03,38.48,38.14,38.03,2528020.0,8585977.0
2012-11-08,39.15,39.15,38.03,37.91,5186575.0,17785468.0
2012-11-07,39.27,39.83,39.49,39.15,5084355.0,17850856.0
2012-11-06,39.38,39.72,39.15,38.7,3651427.0,12693802.0
2012-11-05,39.49,39.6,39.38,39.15,3474876.0,12153193.0
2012-11-02,39.27,39.6,39.49,38.93,4625217.0,16162155.0
2012-11-01,38.59,39.49,39.27,38.25,5914791.0,20562532.0
2012-10-31,38.59,38.7,38.59,38.14,3981325.0,13609221.0
2012-10-30,38.81,39.15,38.59,38.37,4621508.0,15914757.0
2012-10-29,38.81,39.04,38.81,38.37,3273795.0,11263544.0
2012-10-26,40.73,40.73,38.81,38.37,9112652.0,31883930.0
2012-10-25,40.73,41.4,40.62,40.5,8693392.0,31596098.0
2012-10-24,40.28,42.19,41.06,39.94,14483227.0,53165268.0
2012-10-23,40.39,40.84,40.39,40.16,7364017.0,26510776.0
2012-10-22,40.28,40.62,40.62,39.94,7058722.0,25276452.0
2012-10-19,40.84,41.06,40.5,40.05,18358784.0,65989480.0
2012-10-18,40.95,41.74,41.52,40.5,9255836.0,34075332.0
2012-10-17,40.39,41.06,40.95,40.05,6072748.0,21908360.0
2012-10-16,40.39,40.84,40.28,39.94,5561657.0,19982548.0
2012-10-15,41.74,41.74,40.5,39.94,10841798.0,39093256.0
2012-10-12,42.19,42.75,41.74,41.06,10875468.0,40372620.0
2012-10-11,42.41,42.87,42.19,41.74,14490611.0,54528496.0
2012-10-10,41.74,43.31,42.41,41.63,24418020.0,92258864.0
2012-10-09,40.95,42.19,41.63,40.39,15878447.0,58652460.0
2012-10-08,41.4,41.97,40.84,40.39,10948862.0,39962296.0
2012-09-28,40.84,41.63,41.63,40.28,14886703.0,54033092.0
2012-09-27,40.28,41.63,41.06,39.6,17537308.0,63599684.0
2012-09-26,41.4,41.85,40.62,39.38,21277180.0,76764736.0
2012-09-25,42.19,42.3,41.74,41.4,16981342.0,63180400.0
2012-09-24,41.63,42.87,42.08,40.73,30538596.0,113026720.0
2012-09-21,45.34,45.79,43.09,42.64,53900496.0,209153376.0
2012-09-20,48.15,48.15,47.37,45.79,84088472.0,354758816.0
2012-09-19,40.05,43.77,43.77,40.05,12737951.0,49148336.0
2012-09-18,39.72,40.05,39.83,39.15,2850045.0,10044782.0
2012-09-17,41.18,41.63,39.72,39.72,4575958.0,16520022.0
2012-09-14,40.84,41.85,41.4,40.73,4840422.0,17776420.0
2012-09-13,41.63,41.97,40.73,40.73,5339569.0,19697060.0
2012-09-12,41.06,41.74,41.63,40.95,6747675.0,24852032.0
2012-09-11,40.84,41.18,41.18,40.5,4016146.0,14597520.0
2012-09-10,41.4,41.63,41.06,40.73,5058883.0,18452054.0
2012-09-07,39.72,41.4,40.95,39.15,7640526.0,27538678.0
2012-09-06,38.93,39.6,39.49,38.93,3268846.0,11406187.0
2012-09-05,37.8,40.28,39.27,37.69,6123072.0,21268790.0
2012-09-04,38.93,39.15,38.03,37.69,3496726.0,11962428.0
2012-09-03,38.37,39.04,38.93,38.03,2464535.0,8482986.0
2012-08-31,38.25,38.48,38.48,37.91,2090771.0,7110194.0
2012-08-30,39.04,39.04,38.59,38.25,2909387.0,10001113.0
2012-08-29,39.04,39.6,39.04,38.7,3135384.0,10904904.0
2012-08-28,38.81,39.38,39.04,38.37,2681392.0,9266389.0
2012-08-27,40.28,40.28,38.81,38.37,5211180.0,18066582.0
2012-08-24,41.06,42.64,40.62,40.5,9409413.0,34916500.0
2012-08-23,40.73,41.4,41.18,40.62,2984322.0,10893525.0
2012-08-22,40.84,41.06,40.84,40.5,2757661.0,9988414.0
2012-08-21,39.94,41.29,41.06,39.6,4922227.0,17867498.0
2012-08-20,40.28,40.28,39.94,39.38,2643619.0,9331077.0
2012-08-17,40.05,40.62,40.5,39.94,1643403.0,5886575.0
2012-08-16,40.84,41.18,40.28,40.28,2549616.0,9223936.0
2012-08-15,41.52,41.85,41.06,40.84,4292698.0,15719082.0
2012-08-14,39.94,42.19,41.97,39.72,8545064.0,31414690.0
2012-08-13,41.52,41.63,39.94,39.94,3817068.0,13824719.0
2012-08-10,41.29,42.41,41.63,41.06,5437608.0,20142804.0
2012-08-09,40.95,41.4,41.4,40.5,3842682.0,14018094.0
2012-08-08,41.29,41.29,40.95,40.62,2576269.0,9384456.0
2012-08-07,40.84,41.18,41.18,40.39,4198178.0,15244298.0
2012-08-06,39.49,40.84,40.73,39.27,4055205.0,14443483.0
2012-08-03,38.81,41.18,40.05,38.48,4776776.0,16992738.0
2012-08-02,39.04,39.49,38.7,38.48,1688097.0,5836019.0
2012-08-01,38.14,39.15,38.93,38.14,1603167.0,5536597.0
2012-07-31,39.01,39.23,38.11,38.0,1804871.0,6185051.0
2012-07-30,40.23,40.46,39.12,38.89,2663681.0,9396746.0
2012-07-27,40.35,40.57,40.23,40.01,1743826.0,6291574.0
2012-07-26,40.79,41.24,40.35,40.23,1787575.0,6501091.0
2012-07-25,41.24,41.35,40.79,40.68,1753348.0,6438935.0
2012-07-24,40.91,41.58,41.24,40.46,2037615.0,7494153.0
2012-07-23,41.46,41.46,40.91,40.23,2268217.0,8286808.0
2012-07-20,41.46,41.8,41.46,41.02,2511846.0,9307883.0
2012-07-19,40.35,42.25,41.69,39.9,6072571.0,22489958.0
2012-07-18,40.57,40.68,40.46,39.12,2581456.0,9246273.0
2012-07-17,39.9,40.68,40.35,39.45,2070435.0,7441355.0
2012-07-16,42.02,42.02,39.9,39.9,3596558.0,13107143.0
2012-07-13,42.47,42.69,42.36,42.13,1890625.0,7165245.0
2012-07-12,42.02,42.69,42.47,41.69,2834811.0,10703225.0
2012-07-11,41.91,42.47,42.02,41.46,1802931.0,6782816.0
2012-07-10,42.02,42.02,41.8,41.35,2123817.0,7929279.0
2012-07-09,43.25,43.48,42.13,42.02,2656948.0,10205139.0
2012-07-06,42.58,43.36,43.14,42.02,2464409.0,9423927.0
2012-07-05,44.03,44.03,42.47,42.25,3693812.0,14103957.0
2012-07-04,44.37,44.59,44.03,43.92,2068829.0,8174003.0
2012-07-03,44.37,44.82,44.26,43.81,2616122.0,10382898.0
2012-07-02,44.15,44.82,44.26,43.92,3829646.0,15181473.0
2012-06-29,43.36,44.15,44.03,42.69,4461813.0,17304056.0
2012-06-28,45.15,45.49,43.59,43.59,5785755.0,22953144.0
2012-06-27,45.82,46.16,44.93,44.93,4180111.0,17083338.0
2012-06-26,46.94,46.94,45.6,44.93,5757159.0,23645506.0
2012-06-25,49.18,49.18,46.94,46.83,7804325.0,33205578.0
2012-06-21,49.96,49.96,49.18,48.84,3426110.0,15107302.0
2012-06-20,49.51,51.86,50.41,49.4,6632152.0,30189698.0
2012-06-19,49.51,49.96,49.51,49.29,2049435.0,9090838.0
2012-06-18,49.4,50.18,50.07,49.4,3436624.0,15326575.0
2012-06-15,49.51,49.62,49.29,48.84,2292434.0,10103255.0
2012-06-14,49.29,49.85,49.4,49.06,2691540.0,11918909.0
2012-06-13,48.84,49.51,49.4,48.73,2219190.0,9768808.0
2012-06-12,49.62,49.62,48.84,48.51,2497373.0,10923678.0
2012-06-11,49.4,49.73,49.62,48.51,2710766.0,11942911.0
2012-06-08,50.29,50.41,49.18,49.06,3128034.0,13872684.0
2012-06-07,50.41,50.85,49.85,49.85,3364989.0,15187886.0
2012-06-05,50.29,50.63,50.18,49.85,2826882.0,12695832.0
2012-06-04,50.63,51.19,50.07,49.85,4533378.0,20506980.0
2012-06-01,51.97,52.42,51.52,51.41,3205460.0,14891917.0
2012-05-31,51.75,52.31,51.97,51.3,4064374.0,18842824.0
2012-05-30,51.75,52.31,51.86,51.52,3615129.0,16782590.0
2012-05-29,51.3,51.97,51.86,51.08,4432247.0,20458588.0
2012-05-28,50.29,51.3,51.19,50.07,3920401.0,17747520.0
2012-05-25,51.97,52.08,51.08,50.63,4688654.0,21518682.0
2012-05-24,51.86,52.64,52.08,51.19,6620282.0,30688412.0
2012-05-23,52.31,52.53,51.97,51.63,2762155.0,12850283.0
2012-05-22,51.97,52.53,52.42,51.86,2650297.0,12382467.0
2012-05-21,51.63,52.31,51.86,51.19,3218118.0,14918844.0
2012-05-18,51.97,52.19,51.63,51.3,4251170.0,19693124.0
2012-05-17,51.97,52.75,52.42,51.52,4196104.0,19552510.0
2012-05-16,52.42,53.09,51.75,51.75,3744569.0,17540324.0
2012-05-15,52.31,52.42,52.42,51.41,3599045.0,16722400.0
2012-05-14,52.86,53.42,52.53,52.53,4217194.0,19973382.0
2012-05-11,53.53,53.65,52.86,52.53,4880679.0,23180262.0
2012-05-09,54.65,54.65,53.2,53.09,7150266.0,34311312.0
2012-05-08,55.44,55.44,54.99,54.43,6978508.0,34286092.0
2012-05-07,54.2,55.66,55.66,53.76,10520145.0,51578488.0
2012-05-04,53.65,54.54,54.32,53.65,6165463.0,29917590.0
2012-05-03,53.42,53.87,53.42,53.09,4211220.0,20131822.0
2012-05-02,54.65,54.65,53.42,53.31,5104432.0,24623662.0
2012-04-27,54.32,54.43,53.2,53.09,5107536.0,24456940.0
2012-04-26,55.21,55.32,54.09,53.98,5264784.0,25716068.0
2012-04-25,53.53,55.32,54.88,53.42,6089427.0,29706748.0
2012-04-24,54.99,55.66,53.76,52.53,8070976.0,38960656.0
2012-04-23,56.11,57.0,55.55,55.44,6117972.0,30773618.0
2012-04-20,55.99,56.33,55.88,55.32,6144840.0,30783266.0
2012-04-19,55.99,56.33,55.88,55.55,5861180.0,29321212.0
2012-04-18,54.88,56.44,56.11,54.76,6810848.0,33986968.0
2012-04-17,55.32,56.22,54.76,54.65,5906648.0,29232560.0
2012-04-16,55.21,56.33,55.66,54.65,5516521.0,27399396.0
2012-04-13,55.32,56.89,55.88,55.32,9685608.0,48653004.0
2012-04-12,53.42,55.32,55.1,53.42,6883378.0,33509056.0
2012-04-11,52.31,53.42,53.42,52.19,3649271.0,17350576.0
2012-04-10,52.19,53.2,53.09,51.63,2869303.0,13457087.0
2012-04-09,53.42,53.53,52.53,52.42,2632769.0,12470869.0
2012-04-06,53.09,54.2,53.53,52.53,4878451.0,23358526.0
2012-04-05,51.41,53.09,53.09,51.41,3946744.0,18563040.0
2012-03-30,51.41,52.31,51.75,50.85,4949356.0,22849308.0
2012-03-29,52.3,53.2,51.63,50.29,6476533.0,29971958.0
2012-03-28,55.1,55.21,52.42,52.19,6560892.0,31430138.0
2012-03-27,55.77,56.22,55.32,55.1,4287153.0,21349868.0
2012-03-26,55.32,55.88,55.21,54.88,3961216.0,19637020.0
2012-03-23,56.44,56.44,55.32,54.99,7488884.0,37363132.0
2012-03-22,57.56,57.67,56.55,55.66,9785011.0,49349896.0
2012-03-21,58.23,58.56,57.45,57.0,6803948.0,35140508.0
2012-03-20,59.12,59.35,58.01,57.89,7298266.0,38153452.0
2012-03-19,59.46,59.68,59.57,58.12,7726659.0,40830400.0
2012-03-16,58.68,59.91,59.68,57.89,8564553.0,45206248.0
2012-03-15,59.35,60.13,58.45,57.56,10255224.0,53828424.0
2012-03-14,63.48,64.04,59.23,58.45,17809744.0,98816240.0
2012-03-13,62.7,65.16,63.82,62.36,20438244.0,116987496.0
2012-03-12,62.03,62.81,62.48,61.36,9090848.0,50489600.0
2012-03-09,61.92,62.36,62.36,61.13,10312665.0,57127584.0
2012-03-08,60.02,62.36,61.8,60.02,11470604.0,63268704.0
2012-03-07,60.13,61.25,60.02,59.68,6597204.0,35696124.0
2012-03-06,61.47,61.47,60.8,60.02,6996186.0,37961348.0
2012-03-05,61.47,62.59,61.8,61.47,10726057.0,59490380.0
2012-03-02,59.91,61.69,61.47,59.91,8276474.0,45091380.0
2012-03-01,59.12,60.91,60.13,59.12,7580360.0,40895132.0
2012-02-29,60.69,60.8,59.35,59.23,8954043.0,47925320.0
2012-02-28,61.25,61.58,60.91,60.24,8614429.0,46894600.0
2012-02-27,61.58,63.15,61.58,61.47,14744985.0,82091584.0
2012-02-24,61.25,61.58,61.47,60.58,12829750.0,70216552.0
2012-02-23,61.8,62.14,61.25,59.91,11589258.0,63188476.0
2012-02-22,60.91,62.59,61.8,60.8,12213981.0,67326640.0
2012-02-20,61.02,62.14,59.91,59.79,9784526.0,53383920.0
2012-02-17,60.91,61.58,59.91,59.01,9646782.0,51709252.0
2012-02-16,60.24,62.25,61.13,60.02,15627444.0,85564288.0
2012-02-15,58.34,60.46,60.02,58.23,7872236.0,42049956.0
2012-02-14,59.23,59.35,58.68,58.12,4586530.0,24091990.0
2012-02-13,57.67,60.35,59.23,57.11,10543513.0,55857360.0
2012-02-10,57.89,58.34,57.89,57.67,4645236.0,24101980.0
2012-02-09,58.12,58.56,57.89,57.11,5909333.0,30627916.0
2012-02-08,55.88,59.35,58.45,55.44,8598668.0,44309132.0
2012-02-07,56.66,56.66,55.77,54.88,3363950.0,16775165.0
2012-02-06,56.55,57.45,56.66,56.33,4265957.0,21683972.0
2012-02-03,55.55,57.45,56.78,55.44,6312612.0,31960028.0
2012-02-02,54.88,55.66,55.66,54.65,2432336.0,12024032.0
2012-02-01,54.88,55.44,54.65,54.43,1950370.0,9592951.0
2012-01-31,54.99,55.44,54.88,54.32,1856591.0,9096568.0
2012-01-30,55.55,55.99,55.21,54.88,2716256.0,13466276.0
2012-01-20,55.21,55.55,55.1,54.76,2619248.0,12920306.0
2012-01-19,54.09,55.66,54.76,53.87,3144850.0,15435368.0
2012-01-18,55.77,56.33,54.32,54.09,4971041.0,24601706.0
2012-01-17,53.09,56.1,55.99,52.42,4461790.0,21860770.0
2012-01-16,54.09,54.88,53.09,53.09,2167351.0,10456263.0
2012-01-13,56.55,57.11,54.43,54.32,4701891.0,23245448.0
2012-01-12,56.89,58.01,56.55,55.99,4008761.0,20465400.0
2012-01-11,55.77,59.79,57.0,55.1,9132652.0,46983096.0
2012-01-10,53.09,55.77,55.77,52.53,5895408.0,28883240.0
2012-01-09,51.41,53.42,53.09,50.52,4528795.0,21283020.0
2012-01-06,51.41,51.86,51.3,49.73,2320460.0,10544273.0
2012-01-05,54.32,54.32,51.19,51.19,3466858.0,16372725.0
2012-01-04,55.77,56.22,54.65,54.65,2819200.0,14037994.0
