date,open,high,close,low,volume,amount
2015-07-08,248.08,254.16,248.08,248.08,149094832.0,2681254400.0
2015-07-07,296.56,305.82,275.7,275.15,166559456.0,3390499840.0
2015-07-06,323.64,323.64,305.68,283.16,129986464.0,2884716288.0
2015-07-03,304.57,326.26,294.21,280.54,108818736.0,2389892096.0
2015-07-02,327.64,333.31,310.79,301.12,95192320.0,2211755008.0
2015-07-01,322.53,346.84,322.94,317.83,128574136.0,3132035072.0
2015-06-30,300.57,329.02,328.88,286.89,129264544.0,2918639104.0
2015-06-29,338.42,339.8,299.05,293.8,121497448.0,2740571648.0
2015-06-26,356.93,357.62,326.4,326.4,95972792.0,2355985152.0
2015-06-25,380.13,382.06,362.59,359.13,70543456.0,1907151104.0
2015-06-24,378.47,383.72,380.41,370.19,69456960.0,1902702848.0
2015-06-23,364.38,375.71,375.3,345.46,79903096.0,2117649792.0
2015-06-19,393.67,397.67,359.69,359.13,82946632.0,2273966336.0
2015-06-18,414.39,414.8,393.25,386.76,67487728.0,1972435840.0
2015-06-17,401.82,415.91,414.39,401.82,71182392.0,2104051456.0
2015-06-16,420.6,420.88,401.95,398.23,89632512.0,2650931456.0
2015-06-15,446.71,446.71,424.88,422.81,113162880.0,3542806528.0
2015-06-12,459.28,461.07,450.44,450.3,94585624.0,3110606336.0
2015-06-11,450.3,462.45,458.59,447.54,114723248.0,3782156800.0
2015-06-10,445.46,459.83,453.62,436.49,128671184.0,4183733760.0
2015-06-09,437.87,447.81,445.05,434.28,104973816.0,3355134464.0
2015-06-08,439.66,442.01,436.9,425.44,99614280.0,3127281408.0
2015-06-05,442.15,448.37,440.77,430.96,103765264.0,3317012992.0
2015-06-04,437.87,448.37,436.9,400.44,99356792.0,3099321600.0
2015-06-03,449.33,451.4,438.56,432.07,93016600.0,2964265216.0
2015-06-02,441.18,452.37,448.64,435.11,109557384.0,3524215552.0
2015-06-01,427.1,445.19,441.05,427.1,101524216.0,3226584832.0
2015-05-29,428.06,438.28,426.54,405.82,109102752.0,3372243712.0
2015-05-28,464.11,464.67,423.78,422.4,138074080.0,4488033792.0
2015-05-27,477.37,478.2,465.36,460.11,127697208.0,4318838272.0
2015-05-26,475.02,479.72,477.37,462.73,148432704.0,5077139968.0
2015-05-25,450.3,475.58,472.12,447.26,152894224.0,5111302144.0
2015-05-22,462.73,465.08,454.72,444.77,126462744.0,4142074624.0
2015-05-21,448.5,459.83,455.55,443.39,126844704.0,4147988480.0
2015-05-20,441.32,460.38,441.46,437.87,134530112.0,4373178880.0
2015-05-19,439.25,441.87,438.97,425.44,99590216.0,3129315328.0
2015-05-18,426.13,442.01,436.49,424.75,115122552.0,3611727872.0
2015-05-15,440.08,440.36,424.75,421.43,130094944.0,4031546368.0
2015-05-14,464.11,478.75,446.16,444.91,204985840.0,6875051520.0
2015-05-13,422.4,448.92,448.92,422.26,191065984.0,6045679104.0
2015-05-12,417.84,431.93,421.71,415.77,120441824.0,3689510656.0
2015-05-11,415.77,418.94,416.87,407.2,142453488.0,4263283456.0
2015-05-08,389.52,407.2,407.2,385.38,117425600.0,3363720704.0
2015-05-07,381.24,390.9,383.58,377.51,74335040.0,2071195264.0
2015-05-06,397.12,404.17,383.03,376.68,108679664.0,3081263360.0
2015-05-05,423.64,423.64,393.67,388.83,147433680.0,4314335232.0
2015-05-04,437.87,449.2,426.82,423.5,119245928.0,3766953984.0
2015-04-30,441.6,445.6,430.27,422.4,165734848.0,5180039168.0
2015-04-29,387.04,424.88,424.88,387.04,183083424.0,5420529664.0
2015-04-28,402.37,405.27,386.21,380.27,131941688.0,3730326016.0
2015-04-27,403.06,409.69,402.37,396.71,115946704.0,3369531648.0
2015-04-24,397.81,418.25,397.4,393.81,148733776.0,4361618432.0
2015-04-23,391.73,412.73,404.44,386.35,158322544.0,4560464896.0
2015-04-22,395.05,397.81,390.49,387.59,132350944.0,3761946624.0
2015-04-21,378.47,396.15,390.63,367.42,166874960.0,4608103424.0
2015-04-20,361.9,396.57,375.99,352.23,219975440.0,5979197952.0
2015-04-17,352.23,366.04,360.93,347.95,180129152.0,4633360384.0
2015-04-16,329.44,354.99,348.22,329.44,153567136.0,3822332160.0
2015-04-15,334.27,339.11,328.88,326.81,103546416.0,2497251072.0
2015-04-14,338.69,339.8,328.33,325.99,111005968.0,2657968640.0
2015-04-13,340.49,342.28,337.17,334.96,100200808.0,2457365248.0
2015-04-10,328.19,336.62,334.27,325.43,103316096.0,2482142208.0
2015-04-09,336.34,342.42,328.19,320.87,124942288.0,2986319360.0
2015-04-08,324.05,340.07,336.21,318.25,180695840.0,4311787520.0
2015-04-07,326.95,335.24,322.25,319.08,165544928.0,3910702592.0
2015-04-03,306.92,313.28,308.44,305.4,99635264.0,2229843200.0
2015-04-02,314.8,316.04,309.69,305.68,102770984.0,2308618240.0
2015-04-01,301.95,316.18,313.14,300.98,133142520.0,2971842304.0
2015-03-31,308.44,311.2,301.95,301.54,95794360.0,2119187072.0
2015-03-30,304.57,310.65,308.03,304.57,102590624.0,2286447104.0
2015-03-27,303.47,306.37,301.95,299.88,70724016.0,1548729600.0
2015-03-26,310.38,310.65,302.78,301.12,101830936.0,2250129664.0
2015-03-25,311.76,314.66,306.78,301.67,98531504.0,2192199168.0
2015-03-24,302.5,313.14,311.2,296.56,147642304.0,3267323904.0
2015-03-23,290.9,302.36,302.36,290.9,131585016.0,2840041984.0
2015-03-20,288.69,292.42,289.1,285.65,87683992.0,1834411904.0
2015-03-19,292.83,296.43,288.69,286.2,109987152.0,2319857408.0
2015-03-18,288.55,291.45,290.9,284.82,99114824.0,2064136320.0
2015-03-17,282.47,292.0,286.76,280.4,130081720.0,2697382400.0
2015-03-16,274.05,282.75,281.92,272.39,95305728.0,1924453760.0
2015-03-13,275.84,278.74,278.33,273.08,51450172.0,1027601088.0
2015-03-12,272.53,274.6,274.19,270.73,41964888.0,828275008.0
2015-03-11,274.32,276.95,272.25,271.15,40023300.0,792165184.0
2015-03-10,276.53,277.64,274.32,272.39,40336372.0,803968064.0
2015-03-09,270.32,277.36,275.98,265.9,49768244.0,982054080.0
2015-03-06,274.88,276.81,270.18,269.9,47458496.0,935960960.0
2015-03-05,277.64,278.19,274.88,272.25,49438644.0,981137792.0
2015-03-04,273.36,283.16,278.61,273.22,73235120.0,1481674240.0
2015-03-03,282.34,282.47,273.5,272.94,86037008.0,1725048448.0
2015-03-02,287.17,287.17,282.47,278.33,89615624.0,1830553856.0
2015-02-27,278.33,289.38,283.99,277.09,103930152.0,2137258752.0
2015-02-26,273.22,277.09,276.26,271.42,48648984.0,966515136.0
2015-02-25,280.12,280.12,271.56,271.01,61685880.0,1223862528.0
2015-02-17,287.45,288.97,279.44,279.16,75181968.0,1536232704.0
2015-02-16,274.6,285.1,284.96,272.11,107812064.0,2187347968.0
2015-02-13,272.11,277.36,271.98,270.32,69092352.0,1368920960.0
2015-02-12,273.22,278.33,270.46,267.28,81718504.0,1611749248.0
2015-02-11,263.69,272.39,272.11,262.44,80716560.0,1567350016.0
2015-02-10,255.95,258.85,258.85,252.91,32918808.0,610486784.0
2015-02-09,251.67,256.78,252.78,251.12,31473812.0,579591488.0
2015-02-06,259.13,260.79,251.95,250.15,45534820.0,838627008.0
2015-02-05,261.06,267.56,258.85,256.92,67046584.0,1273626880.0
2015-02-04,264.52,264.93,257.33,256.78,45832448.0,866016128.0
2015-02-03,260.1,264.52,264.24,258.02,50501164.0,955744512.0
2015-02-02,262.44,262.44,257.75,256.78,45334404.0,851627200.0
2015-01-30,268.94,271.29,264.93,264.1,41852340.0,808876864.0
2015-01-29,269.21,271.56,266.87,264.93,49362616.0,957546368.0
2015-01-28,277.36,277.36,271.84,270.73,53000544.0,1049413440.0
2015-01-27,281.51,286.48,277.5,272.11,85591568.0,1728825984.0
2015-01-26,274.32,282.47,281.51,274.05,89385592.0,1804030592.0
2015-01-23,279.16,282.75,271.84,269.49,80655056.0,1609145344.0
2015-01-22,271.42,275.71,272.25,268.66,73933512.0,1456001920.0
2015-01-21,267.97,274.32,271.84,264.24,89621568.0,1748863616.0
2015-01-20,257.61,265.07,263.55,252.91,107416864.0,2023512704.0
2015-01-19,259.68,266.59,248.63,245.73,111342448.0,2075416320.0
2015-01-16,273.5,275.84,273.08,268.38,58760468.0,1157495424.0
2015-01-15,267.97,271.42,271.42,262.44,55102696.0,1072296000.0
2015-01-14,266.31,271.84,264.79,260.79,48180204.0,926512896.0
2015-01-13,263.96,273.22,265.35,263.83,56962104.0,1108160000.0
2015-01-12,267.97,269.9,264.38,261.06,69393808.0,1334164096.0
2015-01-09,274.6,281.51,270.04,269.49,98999264.0,1980586112.0
2015-01-08,273.63,287.03,276.12,271.29,130097192.0,2629735936.0
2015-01-07,274.88,277.92,272.25,269.08,95703736.0,1892496128.0
2015-01-06,261.06,281.51,277.78,258.99,161806480.0,3151267072.0
2015-01-05,256.92,267.42,262.58,252.78,143968208.0,2716251136.0
2014-12-31,250.71,252.64,249.46,243.94,80867040.0,1454040064.0
2014-12-30,252.09,259.41,251.4,249.05,71072768.0,1309820032.0
2014-12-29,256.23,262.17,252.64,249.32,83405800.0,1547979520.0
2014-12-26,254.85,256.09,253.74,249.46,82131000.0,1503593856.0
2014-12-25,244.21,254.85,254.43,242.14,89680816.0,1624911104.0
2014-12-24,250.84,252.78,244.21,241.45,81131160.0,1440189056.0
2014-12-23,250.84,258.72,249.74,248.77,73642496.0,1352242560.0
2014-12-22,261.89,266.45,252.91,250.01,125863184.0,2360506624.0
2014-12-19,260.65,266.04,259.82,251.67,125995208.0,2355901440.0
2014-12-18,265.07,267.56,259.82,258.03,187049760.0,3550734336.0
2014-12-17,248.91,263.83,263.83,248.63,306949920.0,5801366016.0
2014-12-16,240.07,241.31,239.79,233.58,96336112.0,1652694016.0
2014-12-15,240.34,240.48,239.79,233.72,76553256.0,1312644608.0
2014-12-12,242.0,246.97,239.38,236.48,81520448.0,1424397568.0
2014-12-11,247.39,247.67,241.59,238.0,110839872.0,1950272768.0
2014-12-10,237.17,248.63,247.39,237.03,120649312.0,2131946240.0
2014-12-09,241.45,262.17,234.68,232.06,222837280.0,4017916160.0
2014-12-08,223.49,239.66,239.66,221.15,139181888.0,2339255040.0
2014-12-05,226.81,233.3,223.35,217.28,133565088.0,2177673472.0
2014-12-04,223.77,227.22,225.98,220.46,121885152.0,1983081088.0
2014-12-03,214.51,222.94,222.94,214.51,125668984.0,1998504448.0
2014-12-02,213.13,216.31,214.38,211.75,65802744.0,1021662336.0
2014-12-01,216.86,220.59,213.13,212.72,82095160.0,1286145280.0
2014-11-28,213.96,217.55,216.59,212.31,92272816.0,1437603968.0
2014-11-27,214.93,215.34,213.96,212.03,59897208.0,925656704.0
2014-11-26,217.55,217.55,213.82,211.89,75346904.0,1165154304.0
2014-11-25,209.27,217.42,215.48,209.27,122228600.0,1891090688.0
2014-11-24,208.99,210.78,208.71,207.33,75906872.0,1148801152.0
2014-11-21,206.23,207.06,207.06,204.43,39665992.0,591259904.0
2014-11-20,209.4,209.4,206.78,205.95,40544068.0,608393152.0
2014-11-19,205.54,211.61,209.82,204.85,81800920.0,1237930240.0
2014-11-18,205.12,206.5,205.54,204.43,29324876.0,436158624.0
2014-11-17,205.54,207.33,205.12,203.88,36395412.0,542048064.0
2014-11-14,203.05,205.81,204.43,202.36,27481286.0,406145056.0
2014-11-13,206.23,207.75,203.19,202.77,47776368.0,707730560.0
2014-11-12,205.26,206.5,205.81,203.19,35325000.0,523909088.0
2014-11-11,209.68,210.51,205.26,202.08,68048112.0,1017185856.0
2014-11-10,206.23,209.13,208.85,205.12,45834376.0,688472704.0
2014-11-07,209.27,210.23,204.85,204.43,59970120.0,900036864.0
2014-11-06,210.51,212.58,208.99,207.33,44282348.0,670201728.0
2014-11-05,206.92,213.82,210.23,206.92,85261688.0,1305062656.0
2014-11-04,207.61,208.16,206.64,205.81,34645328.0,518792256.0
2014-11-03,209.96,210.79,207.88,206.78,47418948.0,716574144.0
2014-10-31,207.88,210.51,209.96,205.4,73504344.0,1109531136.0
2014-10-30,207.33,208.44,207.06,205.81,39436848.0,591107072.0
2014-10-29,208.02,208.99,207.61,205.95,56368824.0,846354304.0
2014-10-28,204.16,207.47,207.19,204.16,46304828.0,690034048.0
2014-10-27,202.77,204.57,203.6,200.15,26217754.0,384859936.0
2014-10-24,202.91,204.98,202.91,201.12,41269520.0,607129920.0
2014-10-23,200.56,202.22,201.25,198.22,29944408.0,433901536.0
2014-10-22,202.36,202.77,200.7,200.29,25102406.0,366317376.0
2014-10-21,205.26,205.81,200.43,200.43,37437632.0,549472064.0
2014-10-20,203.6,205.54,204.85,203.05,27531808.0,407692160.0
2014-10-17,204.16,205.12,202.22,198.91,46373216.0,676538816.0
2014-10-16,205.81,208.58,203.74,203.47,42722628.0,637347840.0
2014-10-15,205.68,208.71,207.19,205.4,33402518.0,500850752.0
2014-10-14,205.81,209.68,205.81,204.71,35183252.0,526955328.0
2014-10-13,208.3,208.3,206.78,204.16,39700064.0,592087808.0
2014-10-10,211.2,211.2,209.27,207.88,59799612.0,906245056.0
2014-10-09,214.1,216.17,212.72,209.54,80612200.0,1241382144.0
2014-10-08,209.41,210.37,209.41,208.02,41572996.0,629930304.0
2014-09-30,210.79,211.34,209.41,208.3,43236880.0,655571328.0
2014-09-29,207.19,213.69,210.79,206.92,68183584.0,1040742400.0
2014-09-26,203.19,208.58,205.81,202.22,51032280.0,760035968.0
2014-09-25,207.47,209.13,203.6,202.64,63398248.0,944790720.0
2014-09-24,204.16,208.02,207.06,204.16,70274256.0,1049679104.0
2014-09-23,205.12,205.54,205.26,201.81,50899532.0,751607360.0
2014-09-22,202.5,208.44,204.98,200.84,110199320.0,1638681344.0
2014-09-19,198.91,203.6,202.5,195.45,109187984.0,1584329088.0
2014-09-18,197.25,200.29,196.7,196.01,55520824.0,794953408.0
2014-09-17,192.69,195.45,194.49,190.9,46482064.0,650561984.0
2014-09-16,199.32,199.87,192.14,191.72,63059460.0,894791936.0
2014-09-15,199.6,200.56,199.18,197.25,45086944.0,648547008.0
2014-09-12,198.91,200.56,199.46,198.08,32669980.0,471133088.0
2014-09-11,201.39,202.64,198.63,198.22,62657952.0,908763520.0
2014-09-10,197.25,202.64,201.39,196.14,75402568.0,1091647360.0
2014-09-09,197.94,198.49,197.53,196.28,35601316.0,508714848.0
2014-09-05,198.91,199.87,197.94,195.45,48773896.0,698499264.0
2014-09-04,198.22,199.74,198.77,196.84,50305600.0,721834432.0
2014-09-03,198.63,199.32,197.94,196.84,46062784.0,659833024.0
2014-09-02,196.15,198.63,198.35,195.04,52003184.0,740853120.0
2014-09-01,195.45,197.53,195.73,195.18,36938756.0,524565312.0
2014-08-29,190.48,193.11,192.83,190.21,21702594.0,301638208.0
2014-08-28,192.28,193.1,190.48,190.21,22490426.0,311724128.0
2014-08-27,191.31,193.8,192.28,190.62,21864008.0,305016704.0
2014-08-26,194.49,195.45,191.59,190.48,35659284.0,496963744.0
2014-08-25,197.94,198.35,194.35,193.38,32752708.0,463438944.0
2014-08-22,197.8,199.18,197.8,196.14,44330844.0,634920896.0
2014-08-21,201.39,201.39,197.8,195.87,52870124.0,759064640.0
2014-08-20,197.94,200.15,198.91,196.15,43228232.0,619844352.0
2014-08-19,195.87,199.74,197.8,195.04,68137728.0,975322048.0
2014-08-18,193.38,196.42,195.87,191.17,60414392.0,846714048.0
2014-08-15,191.45,193.93,192.97,190.62,28849652.0,402365792.0
2014-08-14,194.9,195.32,191.45,190.76,34170832.0,477842816.0
2014-08-13,192.14,195.18,194.9,190.21,45859432.0,639005120.0
2014-08-12,194.49,194.9,193.24,191.59,45160544.0,630197184.0
2014-08-11,194.76,196.42,195.32,194.21,34730196.0,490547968.0
2014-08-08,194.76,195.87,194.21,192.69,32871172.0,462451456.0
2014-08-07,194.07,196.97,192.28,191.72,44453656.0,625193472.0
2014-08-06,193.8,194.35,193.38,191.17,31929352.0,445111424.0
2014-08-05,191.45,196.01,193.8,191.45,54513996.0,766019328.0
2014-08-04,187.3,191.31,191.31,187.17,39271056.0,540246720.0
2014-08-01,191.03,191.86,187.58,187.3,47894616.0,656456960.0
2014-07-31,190.07,191.59,191.59,189.1,31604534.0,435373600.0
2014-07-30,191.59,192.97,190.34,189.38,44600736.0,616528192.0
2014-07-29,189.79,194.35,191.59,189.65,69016472.0,962893632.0
2014-07-28,188.13,190.34,189.24,186.89,71275944.0,974693504.0
2014-07-25,186.06,187.58,186.61,184.54,49840152.0,672026560.0
2014-07-24,182.19,185.37,184.54,180.95,39999704.0,531797152.0
2014-07-23,183.85,184.13,181.65,181.51,30492400.0,403311392.0
2014-07-22,182.2,184.96,184.27,181.37,28260696.0,376148768.0
2014-07-21,184.4,184.4,181.92,181.37,27002532.0,357571264.0
2014-07-18,185.23,186.75,184.82,184.54,26325506.0,353989184.0
2014-07-17,184.96,186.47,185.92,183.58,27641396.0,371286208.0
2014-07-16,186.75,187.02,184.96,184.26,43254812.0,583096192.0
2014-07-15,183.3,189.78,186.06,183.3,97545024.0,1319223424.0
2014-07-14,178.48,179.85,179.58,177.93,20242996.0,262905024.0
2014-07-11,176.41,178.06,177.79,176.0,18365540.0,236418432.0
2014-07-10,179.17,179.85,176.41,175.44,32503958.0,419125312.0
2014-07-09,182.61,184.95,179.17,178.89,48553032.0,642084224.0
2014-07-08,181.78,183.3,182.75,180.68,25259792.0,333699104.0
2014-07-07,180.96,183.85,182.2,180.68,24551718.0,324275040.0
2014-07-04,182.34,182.61,180.96,180.54,23440772.0,308670336.0
2014-07-03,182.06,183.99,182.2,180.41,31531410.0,417606208.0
2014-07-02,182.47,183.03,182.2,179.85,27581910.0,363326336.0
2014-07-01,181.23,183.16,182.34,179.44,28188764.0,371033088.0
2014-06-30,180.96,182.2,180.82,179.85,24480352.0,321418752.0
2014-06-27,178.48,181.78,179.99,177.51,30310776.0,395260672.0
2014-06-26,176.55,179.17,178.48,176.27,22168468.0,286659648.0
2014-06-25,177.1,177.24,176.82,174.62,13990358.0,178294704.0
2014-06-24,175.44,178.2,176.82,175.44,15352024.0,196827552.0
2014-06-23,176.96,178.06,175.86,175.03,14905304.0,191179888.0
2014-06-20,176.0,176.82,176.13,173.65,19110436.0,243197008.0
2014-06-19,180.27,182.06,175.58,174.07,31737760.0,409478464.0
2014-06-18,181.78,182.75,180.54,179.85,20502360.0,269116512.0
2014-06-17,183.85,184.82,182.2,181.65,26112772.0,346516640.0
2014-06-16,181.09,185.51,184.4,181.09,44915184.0,599675840.0
2014-06-13,178.62,183.03,180.82,178.48,32343894.0,425725664.0
2014-06-12,179.99,180.27,179.17,177.93,16904392.0,219647808.0
2014-06-11,177.79,180.54,180.27,176.55,28780034.0,374344800.0
2014-06-10,175.03,178.48,177.93,174.48,20792616.0,266984496.0
2014-06-09,176.55,177.93,173.65,173.1,24210032.0,308520768.0
2014-06-06,180.68,180.82,177.65,176.69,14564461.0,188368032.0
2014-06-05,176.41,180.82,180.27,176.13,18628910.0,241688048.0
2014-06-04,179.85,180.13,177.37,174.76,24703160.0,317473504.0
2014-06-03,181.23,183.3,179.58,179.44,21325000.0,280320704.0
2014-05-30,178.48,182.75,181.23,178.2,30215968.0,395848160.0
2014-05-29,180.54,181.78,179.17,178.2,29038350.0,378344704.0
2014-05-28,175.03,182.75,181.65,174.34,59057516.0,770535232.0
2014-05-27,175.86,176.13,174.07,174.07,14258856.0,180974448.0
2014-05-26,176.41,177.24,175.31,174.62,15545708.0,198133408.0
2014-05-23,171.59,174.76,174.76,170.76,20377204.0,255471920.0
2014-05-22,172.83,174.2,171.31,171.31,18800624.0,235649472.0
2014-05-21,169.38,172.83,172.69,168.42,14269144.0,177087184.0
2014-05-20,170.76,171.86,169.79,168.69,15513781.0,191596400.0
2014-05-19,172.41,172.69,169.52,168.83,22118256.0,272766016.0
2014-05-16,173.24,174.48,172.69,171.45,15556893.0,195183600.0
2014-05-15,177.51,178.89,173.1,172.96,16541660.0,210633728.0
2014-05-14,179.17,179.72,178.06,177.51,13725070.0,177651936.0
2014-05-13,178.75,181.65,179.3,177.1,22226288.0,289547552.0
2014-05-12,175.72,179.85,178.62,175.17,25661520.0,331291744.0
2014-05-09,173.24,176.27,174.21,171.31,20412438.0,256506320.0
2014-05-08,177.24,179.99,173.65,173.65,28295424.0,362250432.0
2014-05-07,181.51,181.51,177.93,176.96,20559820.0,266160784.0
2014-05-06,179.85,183.44,181.37,179.3,22042866.0,291242848.0
2014-05-05,180.27,180.54,180.13,176.96,22689200.0,293826208.0
2014-04-30,183.44,184.13,181.65,180.82,21131704.0,279417440.0
2014-04-29,177.79,183.16,183.03,177.37,24448100.0,320274592.0
2014-04-28,180.54,181.78,177.79,177.37,34402960.0,448061312.0
2014-04-25,181.78,182.34,177.24,176.41,28198936.0,367045216.0
2014-04-24,185.37,186.61,181.23,180.13,32541532.0,431503200.0
2014-04-23,188.68,189.5,185.64,184.68,31916664.0,433465056.0
2014-04-22,183.85,188.54,188.54,183.85,36972876.0,498727584.0
2014-04-21,185.64,188.12,183.58,183.3,28920192.0,388872160.0
2014-04-18,188.68,189.92,187.3,186.88,38921896.0,531513344.0
2014-04-17,186.75,189.78,185.78,185.09,29257098.0,397072288.0
2014-04-16,188.12,188.54,185.37,184.68,36665872.0,495503520.0
2014-04-15,188.95,192.53,188.54,187.3,41232296.0,565781376.0
2014-04-14,190.88,195.57,188.95,187.99,66046632.0,918998016.0
2014-04-11,189.23,193.78,190.74,186.75,71311968.0,982610624.0
2014-04-10,184.26,186.33,185.09,183.03,32386624.0,433928800.0
2014-04-09,179.99,184.68,184.68,179.72,48497988.0,645182848.0
2014-04-08,176.82,180.41,179.99,176.13,29811598.0,386247456.0
2014-04-04,177.24,179.03,178.06,175.72,15052856.0,194237664.0
2014-04-03,181.65,182.47,177.65,176.41,33318120.0,432280160.0
2014-04-02,181.92,184.4,181.65,179.3,36118736.0,476021024.0
2014-04-01,177.1,181.37,181.1,176.13,48053992.0,625579264.0
2014-03-31,178.06,179.85,174.21,172.28,24309584.0,310258336.0
2014-03-28,171.72,175.72,172.14,170.9,21612312.0,271773312.0
2014-03-27,176.69,178.2,171.17,170.9,24880416.0,315209600.0
2014-03-26,178.06,178.75,176.13,175.17,14768124.0,189199488.0
2014-03-25,177.93,179.85,178.06,176.55,16857734.0,217616064.0
2014-03-24,179.99,181.51,178.75,176.82,30911212.0,400763424.0
2014-03-21,173.65,179.99,179.72,169.66,49479016.0,633672960.0
2014-03-20,173.65,178.06,173.38,172.14,41703052.0,530822208.0
2014-03-19,170.9,176.41,173.38,170.07,34515860.0,434980288.0
2014-03-18,173.24,174.62,170.9,170.62,20715938.0,258946704.0
2014-03-17,166.9,172.55,172.28,166.62,30797484.0,380513984.0
2014-03-14,168.55,168.69,166.62,165.38,30658678.0,370038208.0
2014-03-13,169.38,171.17,168.97,168.14,22625348.0,277991616.0
2014-03-12,169.79,171.17,169.1,166.49,22799366.0,279303232.0
2014-03-11,169.52,171.86,169.66,167.73,23206952.0,285820896.0
2014-03-10,177.93,178.06,170.9,168.83,48449940.0,606211968.0
2014-03-07,184.26,184.54,180.54,178.89,25465952.0,335885152.0
2014-03-06,183.71,186.19,184.26,178.2,38134072.0,504459616.0
2014-03-05,189.36,191.29,183.71,182.61,38422428.0,521113472.0
2014-03-04,183.3,189.23,188.95,181.92,40701700.0,549324160.0
2014-03-03,180.82,188.12,185.5,178.48,35749668.0,478856960.0
2014-02-28,180.68,182.47,181.23,175.03,28013932.0,364647168.0
2014-02-27,179.85,181.23,176.82,176.41,29115140.0,377885728.0
2014-02-26,180.13,182.89,179.17,174.75,29661042.0,385215136.0
2014-02-25,187.44,191.29,180.41,178.89,43393184.0,585154944.0
2014-02-24,190.05,190.05,186.19,183.02,31218464.0,420434720.0
2014-02-21,191.57,194.05,190.05,187.99,28191156.0,389919232.0
2014-02-20,197.36,198.74,191.71,191.29,34864844.0,490272768.0
2014-02-19,196.12,199.15,196.39,195.15,41072736.0,587556800.0
2014-02-18,197.77,198.19,196.12,193.5,45365168.0,644189184.0
2014-02-17,187.57,198.46,197.77,186.75,72342616.0,1016680192.0
2014-02-14,186.47,188.81,186.06,184.68,31069204.0,419522144.0
2014-02-13,192.81,192.81,187.02,186.75,39074004.0,535630176.0
2014-02-12,192.26,193.64,192.95,191.02,23726176.0,330891552.0
2014-02-11,193.36,196.67,191.16,190.33,41151224.0,576476224.0
2014-02-10,189.91,195.43,193.36,189.64,42994784.0,603275456.0
2014-02-07,181.23,188.68,188.4,179.3,30443620.0,408325568.0
2014-01-30,185.09,185.78,182.89,181.92,19329524.0,257852496.0
2014-01-29,187.44,188.4,186.06,185.37,19545888.0,264438496.0
2014-01-28,186.61,190.05,187.44,184.95,24010414.0,326531456.0
2014-01-27,184.82,189.64,186.61,183.44,26886952.0,363676960.0
2014-01-24,182.2,188.12,186.61,181.09,30703376.0,414040384.0
2014-01-23,182.75,185.5,182.47,180.96,31708284.0,421669952.0
2014-01-22,177.1,182.47,182.06,177.1,38205120.0,499662464.0
2014-01-21,172.28,177.65,176.13,172.28,34802648.0,443721056.0
2014-01-20,171.31,171.31,168.83,166.76,24032396.0,293793984.0
2014-01-17,175.72,178.06,173.51,172.41,26407004.0,335312800.0
2014-01-16,170.34,177.51,177.1,170.34,37681184.0,477299520.0
2014-01-15,171.86,172.69,170.34,168.69,24655820.0,305436640.0
2014-01-14,172.0,172.83,171.72,165.38,34338276.0,420938816.0
2014-01-13,180.54,182.2,171.72,169.79,38718060.0,492627424.0
2014-01-10,184.13,187.16,180.54,180.27,27295834.0,363742592.0
2014-01-09,183.99,190.05,184.95,183.58,27942644.0,379435104.0
2014-01-08,183.85,187.71,184.82,183.3,20405460.0,274570784.0
2014-01-07,185.92,187.16,184.26,183.16,19649532.0,263495504.0
2014-01-06,192.95,192.95,187.85,186.75,27875172.0,381455136.0
2014-01-03,189.78,194.33,193.91,187.71,44584432.0,619946368.0
2014-01-02,180.54,190.74,190.19,180.13,48647432.0,658145792.0
2013-12-31,181.65,182.47,180.13,179.17,24563486.0,322028224.0
2013-12-30,180.54,183.99,182.34,180.41,23839976.0,314816192.0
2013-12-27,179.72,183.03,180.54,177.93,36838656.0,482713344.0
2013-12-26,191.57,191.71,179.58,179.17,59058788.0,782574784.0
2013-12-25,192.67,193.36,191.98,188.81,23762384.0,328540256.0
2013-12-24,189.09,194.88,192.12,188.81,27267792.0,381258464.0
2013-12-23,194.74,196.67,189.09,188.12,25297500.0,351287392.0
2013-12-20,199.84,200.67,193.91,193.64,20661358.0,295050464.0
2013-12-19,200.11,202.32,199.56,198.19,20398432.0,296551776.0
2013-12-18,199.15,201.08,198.46,198.05,14452128.0,209122240.0
2013-12-17,199.15,202.46,199.43,196.12,21392444.0,309372768.0
2013-12-16,206.04,206.73,199.15,198.87,28003424.0,409866880.0
2013-12-13,206.73,208.25,205.49,204.39,17861644.0,266706096.0
2013-12-12,205.35,210.45,207.56,204.11,19181078.0,289720032.0
2013-12-11,209.49,209.49,205.76,203.97,28357592.0,423353952.0
2013-12-10,210.18,212.79,210.59,209.9,25184636.0,385990912.0
2013-12-09,209.35,211.55,209.49,206.87,35708436.0,540657856.0
2013-12-06,216.65,216.65,210.04,208.94,69659864.0,1068251584.0
2013-12-05,232.92,232.92,217.89,217.76,132808928.0,2142467584.0
2013-12-04,227.4,234.29,231.68,226.71,64718380.0,1081853824.0
2013-12-03,216.24,227.4,226.99,214.72,39168576.0,634083520.0
2013-12-02,217.89,225.2,216.51,216.1,34911664.0,556238144.0
2013-11-29,223.41,226.99,224.65,219.82,34324232.0,554501632.0
2013-11-28,234.02,235.4,224.23,223.68,45993256.0,760581632.0
2013-11-27,221.2,228.78,227.82,219.82,34795328.0,568433472.0
2013-11-26,217.07,221.61,220.51,217.07,19506648.0,310878816.0
2013-11-25,223.41,228.09,218.17,215.96,33473628.0,538769792.0
2013-11-22,231.26,233.33,224.78,224.23,27972796.0,461377664.0
2013-11-21,225.89,234.98,230.57,222.72,54170084.0,905398016.0
2013-11-20,219.82,225.34,225.34,218.86,39887768.0,643982912.0
2013-11-19,219.13,220.24,218.17,215.14,22476984.0,354575136.0
2013-11-18,212.24,221.75,218.86,209.49,36070924.0,565538304.0
2013-11-15,202.18,212.52,210.45,201.49,29804050.0,453118208.0
2013-11-14,201.22,204.94,202.32,196.53,15751378.0,229634832.0
2013-11-13,206.73,206.73,199.7,197.77,19312280.0,281243392.0
2013-11-12,204.66,208.52,206.73,204.53,13412289.0,201030656.0
2013-11-11,204.39,206.04,203.84,200.53,13240281.0,194622720.0
2013-11-08,211.97,213.62,204.39,203.56,23309306.0,349211616.0
2013-11-07,215.0,217.2,212.52,212.38,16077553.0,250173088.0
2013-11-06,219.13,221.61,214.72,214.31,22162700.0,349639392.0
2013-11-05,216.38,221.75,219.27,213.76,22205576.0,353371776.0
2013-11-04,209.49,221.2,216.38,208.38,31867118.0,499631616.0
2013-11-01,212.66,213.07,209.49,206.59,14562884.0,220976832.0
2013-10-31,208.52,210.86,209.21,203.15,20093458.0,300866560.0
2013-10-30,206.45,210.18,208.11,203.15,19987516.0,299243168.0
2013-10-29,212.24,214.31,206.45,196.53,25901668.0,388135936.0
2013-10-28,210.31,215.96,211.69,209.62,16475501.0,253793760.0
2013-10-25,216.38,218.58,209.76,207.42,29978732.0,461761280.0
2013-10-24,220.51,221.89,216.65,210.87,38073268.0,594882176.0
2013-10-23,236.5,237.88,220.51,219.0,56544532.0,925060864.0
2013-10-22,242.29,242.7,236.36,233.33,29401438.0,506056768.0
2013-10-21,234.98,242.29,240.5,234.98,33453008.0,580599360.0
2013-10-18,232.23,235.95,234.02,228.64,22410702.0,377776864.0
2013-10-17,237.88,241.19,232.23,231.54,26488672.0,454483520.0
2013-10-16,243.8,243.8,234.16,230.16,40899568.0,696040640.0
2013-10-15,242.98,250.0,243.94,238.15,39342524.0,700357632.0
2013-10-14,245.18,247.52,242.98,238.43,32210300.0,564442944.0
2013-10-11,247.94,249.18,245.04,242.98,32515676.0,578545600.0
2013-10-10,246.7,250.56,246.56,241.19,38771920.0,691790848.0
2013-10-09,246.42,248.9,245.46,242.01,52983084.0,942442944.0
2013-10-08,231.81,251.66,249.32,231.54,82579648.0,1465139200.0
2013-09-30,228.78,231.54,228.78,223.82,18948896.0,312532576.0
2013-09-27,234.57,237.88,227.82,226.85,25639828.0,430848704.0
2013-09-26,233.74,239.81,232.36,229.61,27420378.0,467496960.0
2013-09-25,231.54,238.98,234.98,227.68,37925268.0,643356096.0
2013-09-24,228.92,233.6,231.26,225.06,31941082.0,532017408.0
2013-09-23,218.03,231.95,230.43,218.03,46559476.0,763608768.0
2013-09-18,217.75,219.55,217.62,214.86,15017540.0,236914880.0
2013-09-17,224.65,224.65,219.41,216.38,20670144.0,329110976.0
2013-09-16,221.34,226.44,224.65,220.24,22252876.0,360216128.0
2013-09-13,221.89,223.96,221.34,217.07,20875768.0,334678784.0
2013-09-12,217.89,226.99,220.79,215.69,40522856.0,651146304.0
2013-09-11,229.06,229.33,217.07,210.86,48894528.0,774717824.0
2013-09-10,234.29,235.4,229.47,227.13,33974040.0,565612096.0
2013-09-09,238.57,239.12,233.19,230.85,35264216.0,596323648.0
2013-09-06,236.09,238.98,235.53,232.36,18259672.0,310690880.0
2013-09-05,231.26,237.19,236.36,229.88,24576236.0,418905152.0
2013-09-04,234.57,238.29,231.68,231.54,17446920.0,296888480.0
2013-09-03,233.33,236.36,234.57,230.3,19092554.0,324560544.0
2013-09-02,226.71,234.16,231.81,226.71,20222736.0,338965088.0
2013-08-30,234.43,234.98,226.02,223.68,31209136.0,518841408.0
2013-08-29,230.43,238.56,234.16,230.43,23442384.0,399774496.0
2013-08-28,235.67,236.09,231.81,230.99,25857462.0,437260960.0
2013-08-27,239.12,239.12,237.05,234.71,25899928.0,445084352.0
2013-08-26,231.26,243.25,239.81,231.26,41665400.0,723530304.0
2013-08-23,234.57,238.7,230.02,224.65,40008492.0,672372928.0
2013-08-22,237.74,245.59,234.71,232.78,51276260.0,891135744.0
2013-08-21,233.88,235.53,232.5,229.88,29991190.0,505978144.0
2013-08-20,234.29,237.19,235.4,230.57,51084244.0,865948864.0
2013-08-19,212.93,233.74,233.74,212.93,76406552.0,1255567360.0
2013-08-16,218.03,222.58,212.52,211.55,30975068.0,489458464.0
2013-08-15,225.06,225.75,218.86,216.65,32559516.0,520703872.0
2013-08-14,215.27,224.37,221.48,215.0,52413700.0,836944640.0
2013-08-13,214.45,217.48,214.31,211.69,15978470.0,248642688.0
2013-08-12,213.48,217.07,214.45,211.55,30166756.0,469396000.0
2013-08-09,208.93,217.75,212.79,207.97,39320104.0,610152832.0
2013-08-08,203.97,209.9,207.0,203.97,19392234.0,291732352.0
2013-08-07,215.41,216.93,206.59,206.18,38690148.0,592966208.0
2013-08-06,211.28,218.72,215.41,209.62,35301100.0,548705856.0
2013-08-05,210.86,213.62,212.38,209.49,24050236.0,369407488.0
2013-08-02,215.0,219.0,210.73,210.59,32158152.0,500634816.0
2013-08-01,210.86,216.38,214.31,210.86,31585954.0,490945280.0
2013-07-31,204.94,215.69,212.1,204.94,43416384.0,663602560.0
2013-07-30,206.87,209.21,203.42,195.7,44851068.0,658521792.0
2013-07-29,213.62,213.9,206.04,203.97,46485272.0,699296704.0
2013-07-26,213.62,218.03,214.17,212.52,37972632.0,593553216.0
2013-07-25,217.75,220.51,214.03,213.34,80230576.0,1258442496.0
2013-07-24,220.51,222.58,217.75,209.49,151199232.0,2389624576.0
2013-07-23,207.56,207.56,207.56,207.56,7661441.0,115381304.0
2013-07-12,188.12,190.88,188.68,185.78,50775008.0,693240704.0
2013-07-11,182.34,191.84,188.26,180.41,80162584.0,1087228672.0
2013-07-10,176.41,183.16,182.06,174.34,50185344.0,650574208.0
2013-07-09,176.55,178.89,177.24,173.65,29064936.0,371000064.0
2013-07-08,178.48,185.23,176.55,171.59,51343584.0,665578304.0
2013-07-05,185.23,189.5,180.54,179.3,45181384.0,604736704.0
2013-07-04,185.92,188.68,184.4,182.61,47950076.0,645848512.0
2013-07-03,183.03,190.19,188.81,179.99,79123224.0,1061208128.0
2013-07-02,174.07,185.78,184.82,173.65,96962944.0,1275394176.0
2013-07-01,176.13,179.72,176.0,167.04,59067700.0,744938496.0
2013-06-28,174.07,179.58,175.72,172.55,45246500.0,579237248.0
2013-06-27,176.96,180.13,175.58,173.51,57475012.0,736045824.0
2013-06-26,172.14,178.2,177.93,169.38,83913408.0,1069354176.0
2013-06-25,155.6,173.51,172.0,148.98,86260168.0,1021515072.0
2013-06-24,168.42,173.51,158.77,154.36,50721256.0,602193984.0
2013-06-21,158.49,166.35,164.14,155.46,22324446.0,261039888.0
2013-06-20,172.28,172.69,164.42,163.45,28653844.0,350246976.0
2013-06-19,172.55,175.17,173.24,168.97,34083152.0,424787968.0
2013-06-18,164.14,177.51,173.93,164.14,63680092.0,796258432.0
2013-06-17,161.25,164.97,163.04,156.7,23343616.0,272465504.0
2013-06-14,157.25,161.8,160.42,157.25,24681040.0,286370816.0
2013-06-13,163.59,163.59,157.8,152.7,31033696.0,352781280.0
2013-06-07,172.41,174.48,166.62,166.21,27914040.0,341800480.0
2013-06-06,174.07,176.13,172.41,169.66,26127436.0,327914720.0
2013-06-05,169.52,174.89,174.62,167.73,26351004.0,328367168.0
2013-06-04,172.96,172.96,169.52,166.35,25659270.0,314425248.0
2013-06-03,172.96,179.17,172.96,172.55,40758908.0,521458784.0
2013-05-31,168.42,176.0,174.07,168.28,55549680.0,700722368.0
2013-05-30,170.62,170.62,168.42,167.59,31658016.0,387006656.0
2013-05-29,170.34,171.59,170.9,167.45,32910568.0,405790336.0
2013-05-28,175.03,175.86,170.07,165.38,48859936.0,596884480.0
2013-05-27,177.51,177.79,174.07,172.69,32394138.0,411481728.0
2013-05-24,173.1,178.48,178.06,173.1,32371552.0,414884192.0
2013-05-23,174.07,175.86,172.83,170.9,32302744.0,405558848.0
2013-05-22,180.13,181.65,176.0,173.65,38641988.0,494436512.0
2013-05-21,182.47,183.44,179.03,177.93,39568280.0,515207968.0
2013-05-20,183.71,186.88,182.47,181.23,30469280.0,405838304.0
2013-05-17,181.92,184.82,183.71,176.41,36832564.0,484601856.0
2013-05-16,177.37,183.71,181.23,175.86,37327696.0,492108192.0
2013-05-15,177.51,178.48,177.51,171.45,34734588.0,438765792.0
2013-05-14,185.09,185.78,177.51,176.69,33844080.0,441429824.0
2013-05-13,178.34,187.44,186.47,177.65,37803536.0,507631840.0
2013-05-10,182.34,183.02,178.75,178.06,26224302.0,342250240.0
2013-05-09,178.2,185.23,183.02,177.93,44468384.0,586529920.0
2013-05-08,176.41,181.37,178.06,176.41,21771440.0,282072576.0
2013-05-07,178.75,182.89,176.82,175.03,45828060.0,595855040.0
2013-05-06,169.52,178.48,177.37,167.59,62156776.0,790230208.0
2013-05-03,167.45,171.45,168.55,166.35,40507412.0,496175008.0
2013-05-02,157.8,168.55,168.14,157.8,47241552.0,566015808.0
2013-04-26,158.63,160.84,156.29,155.74,15877196.0,181997296.0
2013-04-25,163.04,163.59,159.46,159.32,26748734.0,313134528.0
2013-04-24,152.57,163.18,163.04,152.57,40938040.0,473340480.0
2013-04-23,158.91,160.28,152.57,152.01,25755328.0,288811776.0
2013-04-22,154.77,161.25,158.91,154.77,29530776.0,339284896.0
2013-04-19,147.47,156.7,154.63,147.19,29012512.0,323058848.0
2013-04-18,146.92,148.84,147.6,145.81,16195409.0,173400400.0
2013-04-17,147.88,148.16,147.05,144.85,15302401.0,162931184.0
2013-04-16,143.88,147.74,147.05,143.75,19521020.0,206934512.0
2013-04-15,150.78,153.67,145.54,145.54,20868452.0,224860064.0
2013-04-12,157.53,158.49,151.6,151.6,20219524.0,225946576.0
2013-04-11,158.22,160.28,157.39,156.15,16690703.0,191362432.0
2013-04-10,157.11,160.56,156.7,155.05,18540080.0,212058848.0
2013-04-09,155.19,161.25,158.77,153.81,30820632.0,353360032.0
2013-04-08,150.22,156.29,155.46,149.12,20257596.0,224629712.0
2013-04-03,155.6,157.39,152.98,151.6,19203422.0,214517504.0
2013-04-02,156.56,158.35,154.91,152.84,21116876.0,237930592.0
2013-04-01,152.43,159.18,156.43,150.36,28992148.0,327813984.0
2013-03-29,159.04,163.73,154.36,153.81,33441538.0,387336256.0
2013-03-28,158.49,162.08,159.04,152.29,31502340.0,362179488.0
2013-03-27,159.18,162.63,159.46,157.53,26296564.0,304638112.0
2013-03-26,157.11,162.9,160.7,154.77,45561928.0,526886528.0
2013-03-25,164.42,164.42,157.94,155.05,57662808.0,666778432.0
2013-03-22,170.48,170.48,165.66,164.42,40613880.0,489630816.0
2013-03-21,167.73,174.75,171.17,166.9,51162332.0,633900672.0
2013-03-20,168.14,169.93,167.86,164.42,52372060.0,631591424.0
2013-03-19,167.45,173.65,168.83,165.52,36830820.0,454637824.0
2013-03-18,166.9,175.86,168.28,165.38,47636076.0,591764736.0
2013-03-15,165.38,172.83,166.76,164.42,77719624.0,953697856.0
2013-03-14,151.88,164.42,164.42,151.74,51506872.0,590297472.0
2013-03-13,155.74,156.84,152.29,151.74,37372528.0,418584352.0
2013-03-12,159.59,163.18,156.98,153.12,50730876.0,580273472.0
2013-03-11,156.98,164.97,162.21,153.67,59112564.0,687376960.0
2013-03-08,153.94,161.94,157.11,152.84,61065556.0,700522688.0
2013-03-07,153.53,159.87,154.5,150.09,114808688.0,1289476864.0
2013-03-06,137.54,149.67,149.67,137.27,58921892.0,633336640.0
2013-03-05,132.31,137.13,136.03,132.31,20230580.0,198181568.0
2013-03-04,134.79,137.96,132.03,129.69,28682000.0,279473312.0
2013-03-01,135.06,136.85,136.58,133.96,28737138.0,282879520.0
2013-02-28,131.2,135.48,135.06,128.86,31033592.0,297976672.0
2013-02-27,132.17,133.41,130.1,128.86,27128164.0,257613104.0
2013-02-26,136.44,136.44,131.2,130.93,33343180.0,321994144.0
2013-02-25,140.85,141.68,136.72,136.03,26217728.0,261658736.0
2013-02-22,145.68,148.02,139.89,138.92,26500268.0,273222464.0
2013-02-21,147.47,148.84,145.54,142.37,27008046.0,286188768.0
2013-02-20,144.85,147.47,146.78,144.85,12974192.0,137671008.0
2013-02-19,147.74,150.36,144.71,144.16,23320764.0,248610384.0
2013-02-18,148.02,150.22,148.84,142.23,24366484.0,259290000.0
2013-02-08,140.03,148.98,146.37,140.03,32069376.0,338885792.0
2013-02-07,139.34,142.09,140.03,138.51,23249548.0,236484928.0
2013-02-06,139.34,140.71,139.34,138.51,24186220.0,245570384.0
2013-02-05,137.41,140.3,139.34,135.34,32944186.0,330437088.0
2013-02-04,150.64,150.91,138.09,135.2,72582592.0,737219200.0
2013-02-01,149.81,151.88,150.22,147.33,20468836.0,222017200.0
2013-01-31,151.33,152.7,150.09,149.12,20109260.0,219170160.0
2013-01-30,149.53,152.43,151.6,146.92,18581802.0,201535264.0
2013-01-29,148.43,155.74,148.84,148.43,45032744.0,497283232.0
2013-01-28,141.13,148.84,147.47,140.99,33376228.0,351995776.0
2013-01-25,140.3,142.51,140.99,139.2,19756936.0,202341408.0
2013-01-24,146.09,147.33,140.99,140.85,42477888.0,445316576.0
2013-01-23,141.95,147.33,145.81,140.99,43629640.0,458845024.0
2013-01-22,141.4,145.54,142.09,137.54,49821664.0,511816096.0
2013-01-21,135.89,148.98,142.51,135.89,71366800.0,737321856.0
2013-01-18,139.2,141.68,140.16,138.09,24484480.0,248929280.0
2013-01-17,141.13,141.95,139.89,138.78,26339668.0,267127248.0
2013-01-16,146.09,148.16,142.51,140.85,33641408.0,351928384.0
2013-01-15,141.95,148.71,146.09,139.89,55919076.0,581954112.0
2013-01-14,135.89,143.06,142.23,135.2,41623132.0,423467552.0
2013-01-11,140.3,141.82,136.3,133.41,46090824.0,458246176.0
2013-01-10,139.89,144.02,140.3,138.51,44932032.0,459391680.0
2013-01-09,131.62,143.33,141.13,129.83,86889576.0,864898432.0
2013-01-08,129.96,133.69,130.93,125.55,70746408.0,662307136.0
2013-01-07,133.96,135.89,130.93,129.41,59922988.0,571041472.0
2013-01-04,136.72,138.09,133.96,132.58,32166498.0,314631296.0
2012-12-31,130.1,135.61,134.37,130.1,33828432.0,327624640.0
2012-12-28,125.97,130.24,129.14,125.97,25099388.0,234446000.0
2012-12-27,128.45,130.24,125.83,125.69,24301356.0,224916592.0
2012-12-26,124.04,129.0,127.34,123.21,40437300.0,372532032.0
2012-12-25,118.53,125.28,124.17,118.53,31586618.0,278968640.0
2012-12-24,118.66,119.49,118.39,118.11,10497072.0,90299648.0
2012-12-21,121.01,121.97,118.94,118.66,17648264.0,154308656.0
2012-12-20,118.94,120.32,120.32,118.11,12692652.0,110039120.0
2012-12-19,119.08,119.63,118.8,117.56,16129559.0,138768144.0
2012-12-18,120.45,122.66,118.94,118.53,17563416.0,153087520.0
2012-12-17,118.94,121.01,120.87,117.97,24747652.0,215048224.0
2012-12-14,113.15,118.94,118.53,112.74,28521942.0,241453520.0
2012-12-13,113.7,114.25,112.87,112.32,13134397.0,107713384.0
2012-12-12,114.25,115.22,113.7,113.01,8596232.0,70987560.0
2012-12-11,115.91,115.91,114.53,113.7,12771597.0,106459400.0
2012-12-10,115.49,117.56,116.04,115.22,21429942.0,180736160.0
2012-12-07,112.32,116.04,115.49,111.77,17657200.0,147054112.0
2012-12-06,113.15,115.49,112.74,112.32,11137681.0,91865408.0
2012-12-05,108.6,114.39,112.19,107.64,17103644.0,138709232.0
2012-12-04,105.29,108.05,107.5,105.02,8787634.0,68021328.0
2012-12-03,106.95,107.5,105.29,104.74,6631484.0,51345896.0
2012-11-30,107.78,108.46,106.81,106.4,7062265.0,54981464.0
2012-11-29,107.5,108.33,107.78,107.22,6352171.0,49722516.0
2012-11-28,107.22,108.05,107.5,106.95,7505869.0,58541692.0
2012-11-27,110.39,110.67,107.22,107.22,9135612.0,71909544.0
2012-11-26,111.91,112.05,110.53,110.26,7216147.0,58107568.0
2012-11-23,111.22,112.6,111.77,110.67,7326551.0,59456532.0
2012-11-22,111.91,112.05,110.81,110.53,5903650.0,47552952.0
2012-11-21,111.08,112.32,112.05,110.26,7000831.0,56574508.0
2012-11-20,111.22,112.19,110.81,110.67,6163550.0,49781120.0
2012-11-19,110.67,111.22,110.67,109.43,7289162.0,58426304.0
2012-11-16,113.84,113.84,110.12,108.88,18381556.0,147236880.0
2012-11-15,116.73,116.73,113.7,113.56,9239268.0,77165520.0
2012-11-14,116.32,117.56,117.15,115.08,8661651.0,73286720.0
2012-11-13,119.08,119.08,116.18,115.91,8028656.0,68294816.0
2012-11-12,117.28,119.63,119.21,117.15,12728636.0,109667744.0
2012-11-09,115.77,117.28,117.15,115.49,9321371.0,78830032.0
2012-11-08,117.01,117.42,115.91,115.77,7967793.0,67471688.0
2012-11-07,117.84,118.53,117.97,116.46,7197948.0,61396300.0
2012-11-06,118.11,118.25,117.56,115.77,12432917.0,105345536.0
2012-11-05,116.6,118.94,118.39,116.18,15603666.0,133544424.0
2012-11-02,116.6,118.11,116.73,116.46,14868806.0,126562592.0
2012-11-01,114.25,117.84,116.6,113.29,21769136.0,183169488.0
2012-10-31,119.77,119.9,114.11,113.15,33783872.0,281826112.0
2012-10-30,122.66,122.94,120.04,119.49,14106161.0,123687048.0
2012-10-29,120.04,121.97,121.97,120.04,10819403.0,95125672.0
2012-10-26,123.35,124.04,120.87,119.77,15472945.0,135803008.0
2012-10-25,123.76,124.86,123.35,123.35,11248157.0,101168264.0
2012-10-24,123.49,124.73,124.45,122.25,18709544.0,167450832.0
2012-10-23,124.59,125.69,124.04,123.76,14376281.0,129787032.0
2012-10-22,124.04,125.14,124.59,122.94,14101613.0,126740072.0
2012-10-19,126.52,126.52,124.86,124.18,20601910.0,186948416.0
2012-10-18,124.73,127.48,126.66,123.21,31670860.0,287695008.0
2012-10-17,122.66,125.69,124.86,121.42,35153700.0,315452416.0
2012-10-16,121.01,125.42,124.73,118.94,92081016.0,817938816.0
2012-10-15,130.24,130.24,130.24,130.24,8747900.0,82667656.0
2012-10-12,151.88,153.53,144.71,143.33,35497688.0,380677184.0
2012-10-11,156.7,156.84,152.57,151.46,22041624.0,245697392.0
2012-10-10,156.15,158.22,157.25,154.63,29195492.0,332092768.0
2012-10-09,156.43,159.04,157.12,153.67,25023592.0,284301952.0
2012-10-08,156.43,163.32,157.8,155.32,36639856.0,422341280.0
2012-09-28,145.26,154.36,153.81,144.85,31923204.0,349950688.0
2012-09-27,142.09,147.88,145.81,141.54,17147760.0,180527344.0
2012-09-26,144.44,145.12,142.09,141.13,8849312.0,91600472.0
2012-09-25,146.92,147.05,144.44,143.33,12039746.0,126942048.0
2012-09-24,140.58,146.78,146.64,138.51,20171912.0,211224000.0
2012-09-21,139.2,142.51,140.58,139.06,11447830.0,117123416.0
2012-09-20,141.27,145.4,138.78,138.1,18070388.0,187167216.0
2012-09-19,139.47,143.75,141.54,139.47,11940881.0,123055896.0
2012-09-18,141.27,141.27,139.06,137.41,10488679.0,106093392.0
2012-09-17,148.85,149.12,142.09,142.09,14238051.0,148941504.0
2012-09-14,150.22,151.46,148.57,145.95,16298977.0,175828144.0
2012-09-13,146.09,152.43,148.29,145.54,23922196.0,259962576.0
2012-09-12,144.71,147.88,145.68,144.02,18257704.0,193280672.0
2012-09-11,144.44,144.85,144.71,141.96,12538300.0,130344128.0
2012-09-10,142.09,146.78,144.44,142.09,22111688.0,232102320.0
2012-09-07,137.27,144.99,141.96,137.27,29854204.0,307327136.0
2012-09-06,132.31,136.72,136.44,132.31,12086673.0,118860904.0
2012-09-05,133.0,133.69,133.13,130.93,10086064.0,97100528.0
2012-09-04,134.93,135.62,132.17,132.03,11856639.0,115059864.0
2012-09-03,135.89,136.99,135.75,133.96,14175898.0,139460848.0
2012-08-31,138.23,138.92,136.72,136.03,15971634.0,159384960.0
2012-08-30,132.31,139.89,137.41,130.93,17171068.0,166432496.0
2012-08-29,133.69,134.24,132.86,131.62,10437925.0,100818368.0
2012-08-28,137.54,137.82,134.79,129.28,25123888.0,242478176.0
2012-08-27,149.81,149.81,137.96,136.99,23851204.0,242407600.0
2012-08-24,153.67,154.5,150.22,149.95,11978390.0,131979192.0
2012-08-23,153.53,155.05,154.63,152.29,13024357.0,145394432.0
2012-08-22,155.05,155.6,154.36,152.29,10480327.0,116757808.0
2012-08-21,152.29,155.6,155.19,152.15,9097998.0,101917200.0
2012-08-20,152.84,153.39,152.98,150.22,9273922.0,102195600.0
2012-08-17,156.43,158.08,153.94,152.02,14263940.0,159999760.0
2012-08-16,156.43,158.49,157.12,155.05,10002559.0,114023176.0
2012-08-15,157.67,158.77,156.43,156.43,10227715.0,116880608.0
2012-08-14,154.5,158.77,158.35,154.5,9905908.0,112787296.0
2012-08-13,158.22,159.18,155.88,155.74,12592027.0,143766480.0
2012-08-10,161.94,161.94,159.18,158.91,14177927.0,164456272.0
2012-08-09,157.8,163.32,162.21,157.39,18590316.0,216948576.0
2012-08-08,159.04,160.7,158.22,157.8,19817172.0,228788128.0
2012-08-07,156.01,159.6,159.18,154.08,25037560.0,285785856.0
2012-08-06,155.05,156.15,155.6,153.12,18490128.0,207601872.0
2012-08-03,155.74,156.84,155.32,153.12,10217439.0,114832048.0
2012-08-02,157.8,157.8,155.05,153.81,8910387.0,100706888.0
2012-08-01,156.56,158.91,157.8,156.56,10202598.0,116981504.0
2012-07-31,157.12,158.22,157.25,155.05,10501016.0,119776728.0
2012-07-30,158.49,159.46,156.98,156.43,6979463.0,79961504.0
2012-07-27,156.43,159.6,158.22,155.74,11006096.0,126044272.0
2012-07-26,155.6,157.94,156.29,155.6,11924049.0,135662944.0
2012-07-25,157.94,158.08,155.19,154.91,11142698.0,126005080.0
2012-07-24,157.8,159.6,157.94,156.15,10646022.0,122145864.0
2012-07-23,155.74,159.32,157.67,155.74,20942772.0,239753296.0
2012-07-20,154.36,157.39,155.46,153.67,22536712.0,254022272.0
2012-07-19,152.57,156.01,154.63,152.57,24487206.0,275055232.0
2012-07-18,153.81,153.81,152.43,150.91,30370536.0,335044160.0
2012-07-17,148.91,154.19,154.19,148.23,62610384.0,697303616.0
2012-07-16,162.72,165.15,158.66,158.66,35381384.0,416266784.0
2012-07-13,180.45,182.62,176.25,175.85,16411906.0,216160256.0
2012-07-12,176.66,181.53,180.45,176.66,21699504.0,287485376.0
2012-07-11,175.98,178.15,176.39,175.31,14420178.0,187912864.0
2012-07-10,186.81,186.95,176.66,171.65,33360660.0,435588096.0
2012-07-09,191.69,193.04,186.95,186.68,15279303.0,213760208.0
2012-07-06,191.01,193.72,192.63,187.22,14265045.0,200870288.0
2012-07-05,191.55,191.69,189.79,186.54,13508260.0,188458016.0
2012-07-04,189.79,196.02,192.36,189.79,25118612.0,358915136.0
2012-07-03,189.93,191.15,189.52,188.03,16817260.0,235200432.0
2012-07-02,190.47,190.74,189.25,188.44,13412388.0,187732512.0
2012-06-29,194.39,195.48,188.98,187.9,35413460.0,497943264.0
2012-06-28,196.7,199.67,194.39,193.58,10787269.0,155858480.0
2012-06-27,197.64,199.4,195.61,194.8,11429801.0,166709328.0
2012-06-26,195.21,198.86,197.78,193.31,13447796.0,195121088.0
2012-06-25,202.38,202.38,195.61,195.61,12667266.0,185010576.0
2012-06-21,203.74,204.55,202.52,200.35,12662043.0,189238064.0
2012-06-20,202.65,207.12,204.0,202.65,16877982.0,255419184.0
2012-06-19,202.38,203.74,201.57,201.3,11096616.0,165936432.0
2012-06-18,199.4,205.09,202.38,199.4,23808408.0,356721472.0
2012-06-15,200.22,201.43,198.86,195.75,26334440.0,385688448.0
2012-06-14,196.97,200.49,199.94,196.15,24524496.0,360181216.0
2012-06-13,194.39,197.51,196.97,192.09,17163634.0,247311536.0
2012-06-12,198.32,198.86,193.72,193.31,21117724.0,304359744.0
2012-06-11,196.29,201.43,199.94,194.66,19517444.0,285755360.0
2012-06-08,195.75,197.1,194.53,193.99,14495100.0,209325216.0
2012-06-07,196.42,197.78,193.99,193.58,18095516.0,260676208.0
2012-06-06,197.64,199.0,193.58,193.31,20140138.0,291290784.0
2012-06-05,200.35,202.38,196.97,196.56,15937140.0,234445232.0
2012-06-04,204.0,204.41,200.22,199.94,22110300.0,329505408.0
2012-06-01,206.71,208.74,206.98,205.09,19184276.0,293164768.0
2012-05-31,207.93,207.93,206.71,202.79,23625244.0,356944576.0
2012-05-30,211.18,211.18,207.12,206.04,26576936.0,407762272.0
2012-05-29,205.63,211.99,211.31,205.22,24102064.0,371210048.0
2012-05-28,206.04,208.07,205.63,201.7,26697656.0,404629792.0
2012-05-24,211.59,212.67,209.56,208.47,10986462.0,170741312.0
2012-05-23,212.53,213.62,211.59,209.96,11815226.0,184776624.0
2012-05-22,211.99,213.48,212.4,207.8,21864656.0,339776096.0
2012-05-21,217.0,219.03,211.04,209.28,21029028.0,329920704.0
2012-05-18,224.18,224.18,216.46,215.78,19952360.0,321645472.0
2012-05-17,223.36,225.66,224.99,222.69,7713385.0,127842088.0
2012-05-16,227.29,227.83,222.96,222.42,10699361.0,177272768.0
2012-05-15,221.47,229.46,229.05,219.98,19787966.0,328807904.0
2012-05-14,226.88,228.24,222.28,221.47,12539100.0,208505904.0
2012-05-11,228.37,228.91,223.91,223.77,12127845.0,201914240.0
2012-05-10,231.49,232.84,228.1,227.29,13840555.0,234302800.0
2012-05-09,232.97,233.79,230.13,229.05,10946533.0,186956416.0
2012-05-08,236.9,236.9,235.55,231.89,16658510.0,287721536.0
2012-05-07,233.25,237.31,236.9,233.25,20018074.0,348429888.0
2012-05-04,230.13,236.22,236.09,228.78,19174626.0,329889376.0
2012-05-03,229.32,233.11,230.13,228.64,13812971.0,235670960.0
2012-05-02,229.59,233.11,229.19,228.91,14167998.0,241506560.0
2012-04-27,230.27,230.94,227.7,223.36,20932364.0,349990944.0
2012-04-26,236.9,237.58,232.7,231.35,20191270.0,347594784.0
2012-04-25,238.66,239.34,238.39,234.19,11921168.0,208871312.0
2012-04-24,232.03,239.61,238.66,231.08,20625856.0,358958144.0
2012-04-23,232.3,236.5,234.19,230.13,16561057.0,286266560.0
2012-04-20,226.61,234.46,233.11,226.07,24826916.0,425032544.0
2012-04-19,223.77,230.81,227.7,223.77,32435412.0,546160192.0
2012-04-18,219.71,222.69,221.88,218.08,14544576.0,237285088.0
2012-04-17,220.38,221.2,217.95,216.59,11493425.0,185385248.0
2012-04-16,222.69,224.45,220.39,219.03,12533572.0,205001136.0
2012-04-13,221.47,225.39,224.58,220.66,25465776.0,420818208.0
2012-04-12,221.33,221.47,221.2,216.59,25888364.0,419041376.0
2012-04-10,220.12,222.01,221.2,215.11,8473634.0,136575888.0
2012-04-09,223.36,224.85,219.98,219.71,7967855.0,130622152.0
2012-04-06,227.43,228.51,224.72,222.69,13693936.0,227778160.0
2012-04-05,224.04,230.67,227.43,223.36,20040898.0,335318240.0
2012-03-30,220.12,224.45,222.42,218.76,12694968.0,208410512.0
2012-03-29,214.97,224.04,217.68,210.5,26809820.0,430266816.0
2012-03-28,222.01,224.45,217.68,216.87,12605444.0,204976000.0
2012-03-27,222.42,224.99,223.91,221.33,11506202.0,189787456.0
2012-03-26,226.07,227.43,222.01,219.3,18683852.0,305874176.0
2012-03-23,230.13,230.81,226.07,225.39,15162547.0,254776560.0
2012-03-22,237.31,237.31,231.62,229.59,17547316.0,300338688.0
2012-03-21,240.42,241.77,237.31,234.19,18252408.0,320912512.0
2012-03-20,244.08,245.43,238.53,238.25,18135926.0,322986656.0
2012-03-19,237.71,246.51,245.7,235.55,30496358.0,547446016.0
2012-03-16,238.93,241.37,238.93,231.22,19264160.0,336850368.0
2012-03-15,231.62,240.01,237.71,231.49,26434772.0,462280288.0
2012-03-14,243.53,247.46,231.62,229.73,28627784.0,507268992.0
2012-03-13,240.69,245.02,242.72,239.74,20275756.0,363263264.0
2012-03-12,234.6,242.18,240.96,234.6,29051968.0,515065664.0
2012-03-09,228.91,234.33,233.52,228.91,18232498.0,312420672.0
2012-03-08,230.13,233.38,228.37,225.53,23458244.0,397606720.0
2012-03-07,227.43,231.76,229.19,226.34,14570833.0,246741728.0
2012-03-06,232.3,234.74,230.0,228.78,16052266.0,274644128.0
2012-03-05,235.82,236.36,232.71,231.62,16404726.0,283799200.0
2012-03-02,231.76,236.36,235.82,231.76,14204713.0,245426400.0
2012-03-01,231.22,233.25,231.49,230.27,8922815.0,152794000.0
2012-02-29,231.89,235.82,232.16,231.22,14479949.0,249934384.0
2012-02-28,236.22,237.98,232.7,229.46,18605152.0,320879008.0
2012-02-27,234.19,241.77,236.5,234.19,25365922.0,446716096.0
2012-02-24,234.33,235.82,233.92,232.7,16598066.0,286566944.0
2012-02-23,232.84,236.22,234.06,231.35,21652384.0,374324096.0
2012-02-22,224.85,234.19,233.25,223.91,36025024.0,615056064.0
2012-02-21,223.63,226.48,224.85,219.84,19679424.0,325808032.0
2012-02-20,225.39,227.02,222.42,221.88,25431484.0,422620416.0
2012-02-17,224.72,227.02,223.23,220.52,16985544.0,279411712.0
2012-02-16,217.95,226.75,224.45,216.73,44506000.0,733540608.0
2012-02-15,211.45,220.39,220.12,208.47,49725080.0,789471680.0
2012-02-14,211.18,211.59,207.66,205.76,17239804.0,264621872.0
2012-02-13,209.56,213.07,210.5,208.74,16678083.0,259665936.0
2012-02-10,208.61,211.86,211.32,208.2,19233892.0,299001952.0
2012-02-09,211.72,213.08,208.47,207.53,27867824.0,433271840.0
2012-02-08,206.44,212.53,212.26,205.09,18560496.0,287002592.0
2012-02-07,210.64,210.64,207.12,206.44,12735205.0,196128688.0
2012-02-06,206.58,214.16,210.5,206.44,31903678.0,497373920.0
2012-02-03,204.14,207.12,206.44,200.76,22844262.0,344670304.0
2012-02-02,200.62,204.41,204.14,199.94,17062668.0,254637488.0
2012-02-01,200.35,203.6,199.81,198.73,17223650.0,256101472.0
2012-01-31,201.16,202.38,200.35,198.59,16069486.0,237359440.0
2012-01-30,206.31,206.31,201.03,197.64,24566016.0,366359872.0
2012-01-20,207.8,211.18,207.8,191.55,73674400.0,1098102912.0
2012-01-19,226.48,229.46,203.46,203.46,51691720.0,800769984.0
2012-01-18,234.74,236.63,226.07,224.72,15043054.0,257283424.0
2012-01-17,225.53,236.9,234.87,223.5,11670880.0,199021376.0
2012-01-16,227.83,230.94,225.39,224.04,11248747.0,189694976.0
2012-01-13,237.85,240.28,230.13,228.91,15684288.0,270122432.0
2012-01-12,234.33,239.2,238.12,234.33,10076212.0,176506528.0
2012-01-11,236.09,241.1,236.36,234.87,14880625.0,261124880.0
2012-01-10,226.34,236.9,236.22,224.18,20078960.0,343481664.0
2012-01-09,221.88,226.75,226.21,217.68,11937197.0,195628432.0
2012-01-06,227.56,228.64,220.25,216.19,12683535.0,207115456.0
2012-01-05,226.48,232.84,226.07,224.72,10196721.0,172139712.0
2012-01-04,230.13,234.06,227.43,226.88,9892455.0,168699648.0
