date,open,high,close,low,volume,amount
2015-07-10,1625.5,1810.95,1713.65,1602.61,910770176.0,13818804224.0
2015-07-09,1517.9,1670.15,1665.57,1466.39,607045120.0,8507280384.0
2015-07-08,1529.35,1612.91,1517.9,1498.44,717086208.0,9505576960.0
2015-07-07,1659.85,1722.81,1664.42,1620.92,465093024.0,6771616256.0
2015-07-06,1709.07,1725.09,1703.34,1591.16,616547392.0,8948478976.0
2015-07-03,1594.6,1631.23,1568.27,1511.03,315467328.0,4345388544.0
2015-07-02,1638.1,1651.83,1626.65,1504.16,334916096.0,4662117888.0
2015-07-01,1631.23,1685.03,1631.23,1619.78,289250304.0,4193856512.0
2015-06-30,1593.45,1673.58,1662.13,1556.82,409226240.0,5798870528.0
2015-06-29,1585.44,1636.95,1567.12,1474.4,420797376.0,5808029184.0
2015-06-26,1598.03,1631.23,1537.36,1465.24,307064128.0,4166709760.0
2015-06-25,1648.4,1689.61,1625.5,1620.92,254473840.0,3689837056.0
2015-06-24,1634.66,1649.54,1646.11,1610.62,216188464.0,3084495872.0
2015-06-23,1556.82,1636.95,1633.52,1546.52,277647520.0,3861090560.0
2015-06-19,1602.61,1626.65,1551.1,1545.37,218568384.0,3036824576.0
2015-06-18,1675.87,1696.47,1623.21,1619.78,262541136.0,3811569152.0
2015-06-17,1650.69,1671.29,1669.0,1614.06,218612384.0,3142744064.0
2015-06-16,1707.92,1709.07,1646.11,1632.37,266842912.0,3899464704.0
2015-06-15,1772.03,1774.32,1711.36,1706.78,274181056.0,4150648576.0
2015-06-12,1757.15,1792.63,1772.03,1751.42,246793664.0,3820543488.0
2015-06-11,1762.87,1776.61,1753.71,1734.25,231757024.0,3547350016.0
2015-06-10,1766.3,1802.93,1776.61,1757.15,282956416.0,4409969664.0
2015-06-09,1849.87,1860.17,1792.63,1773.17,425738656.0,6743275008.0
2015-06-08,1785.76,1856.74,1840.71,1770.88,584961536.0,9285128192.0
2015-06-05,1734.25,1802.93,1782.33,1718.23,564150592.0,8655397888.0
2015-06-04,1725.1,1757.15,1715.94,1617.49,375206816.0,5585001984.0
2015-06-03,1697.62,1737.69,1722.81,1665.57,301371808.0,4465195008.0
2015-06-02,1717.08,1718.23,1694.19,1665.57,267869136.0,3954750208.0
2015-06-01,1646.11,1710.21,1703.35,1631.23,310039968.0,4532477440.0
2015-05-29,1642.67,1665.57,1642.67,1600.32,284531648.0,4071572224.0
2015-05-28,1775.46,1790.34,1642.67,1603.75,450320224.0,6732346880.0
2015-05-27,1791.49,1814.38,1762.87,1759.44,412444864.0,6427564032.0
2015-05-26,1747.99,1816.67,1805.22,1701.06,656148608.0,10057211904.0
2015-05-25,1663.28,1731.96,1719.37,1663.28,446567008.0,6625080832.0
2015-05-22,1626.65,1669.0,1658.7,1619.78,380124512.0,5470598144.0
2015-05-21,1611.77,1636.95,1619.78,1592.31,254051024.0,3572892672.0
2015-05-20,1623.22,1646.11,1608.34,1600.32,305594112.0,4322772480.0
2015-05-19,1588.87,1632.37,1620.93,1579.72,258179776.0,3640508160.0
2015-05-18,1601.47,1601.47,1584.3,1568.27,236527104.0,3275761920.0
2015-05-15,1683.89,1691.9,1620.93,1601.47,339140800.0,4843095040.0
2015-05-14,1705.64,1785.77,1670.15,1663.28,778625344.0,11720036352.0
2015-05-13,1594.6,1707.92,1682.74,1571.7,580546112.0,8257166336.0
2015-05-12,1607.19,1607.19,1593.45,1583.15,254732800.0,3543629568.0
2015-05-11,1602.61,1614.06,1610.62,1580.86,365307488.0,5107136000.0
2015-05-08,1568.27,1580.86,1579.72,1541.94,197857504.0,2706847232.0
2015-05-07,1549.95,1577.43,1557.97,1543.09,175422288.0,2387227392.0
2015-05-06,1583.15,1608.34,1552.24,1535.07,252171904.0,3476236288.0
2015-05-05,1672.44,1674.73,1576.29,1559.11,328552416.0,4628568576.0
2015-05-04,1673.59,1693.05,1665.57,1648.4,309176800.0,4513107968.0
2015-04-30,1640.39,1709.07,1671.3,1626.65,541148608.0,7892159488.0
2015-04-29,1610.63,1651.84,1630.09,1594.6,277332896.0,3925805312.0
2015-04-28,1677.02,1678.16,1624.36,1615.2,386603904.0,5550367744.0
2015-04-27,1649.55,1682.74,1682.74,1636.95,422562016.0,6143012352.0
2015-04-24,1657.56,1682.74,1650.69,1619.79,362066176.0,5206488064.0
2015-04-23,1734.26,1745.7,1689.61,1677.02,471733120.0,7047246336.0
2015-04-22,1659.85,1707.93,1703.35,1649.55,446876288.0,6569892864.0
2015-04-21,1620.93,1665.58,1657.56,1604.9,374324320.0,5334590976.0
2015-04-20,1691.9,1728.53,1626.65,1624.36,593316480.0,8718400512.0
2015-04-17,1662.14,1707.93,1679.31,1638.1,584609280.0,8532838400.0
2015-04-16,1584.3,1636.96,1636.96,1576.29,334623328.0,4722539520.0
2015-04-15,1614.06,1623.22,1591.17,1580.87,278402272.0,3903055616.0
2015-04-14,1640.39,1655.27,1616.35,1602.62,327676000.0,4665719808.0
2015-04-13,1650.69,1673.59,1644.97,1627.8,407430560.0,5872259584.0
2015-04-10,1634.67,1656.42,1639.25,1610.63,424894208.0,6067355136.0
2015-04-09,1583.15,1696.48,1675.88,1546.52,717154688.0,10099959808.0
2015-04-08,1570.56,1593.46,1582.01,1535.08,448981504.0,6141003264.0
2015-04-07,1543.09,1571.71,1570.56,1530.5,375319488.0,5085149696.0
2015-04-03,1535.08,1543.09,1539.65,1509.89,356563200.0,4752985088.0
2015-04-02,1575.14,1593.46,1555.68,1537.37,319924640.0,4366632960.0
2015-04-01,1571.71,1586.59,1570.56,1541.94,375803456.0,5137432576.0
2015-03-31,1699.92,1713.65,1582.01,1562.55,748147392.0,10756474880.0
2015-03-30,1533.93,1657.56,1630.09,1508.75,636164800.0,8775743488.0
2015-03-27,1508.75,1528.21,1528.21,1490.43,344158976.0,4549707264.0
2015-03-26,1452.65,1493.87,1482.42,1438.92,209000768.0,2680422912.0
2015-03-25,1492.72,1492.72,1462.96,1452.65,207376128.0,2661617408.0
2015-03-24,1530.5,1531.64,1493.87,1472.12,265616944.0,3473050112.0
2015-03-23,1522.48,1562.55,1529.35,1517.91,331361184.0,4458518528.0
2015-03-20,1482.42,1528.21,1504.17,1462.96,349401632.0,4561069568.0
2015-03-19,1497.3,1497.3,1473.26,1460.67,212978896.0,2747447040.0
2015-03-18,1448.08,1511.04,1504.17,1448.08,289546784.0,3741533952.0
2015-03-17,1441.21,1458.38,1445.79,1432.05,212834912.0,2687890432.0
2015-03-16,1414.88,1434.34,1429.76,1403.43,175378176.0,2175852288.0
2015-03-13,1404.58,1419.46,1400.0,1391.99,133406976.0,1637332992.0
2015-03-12,1380.54,1406.87,1398.86,1369.09,181872848.0,2208554496.0
2015-03-11,1375.96,1396.57,1365.66,1358.79,115373368.0,1388717696.0
2015-03-10,1383.97,1391.99,1375.96,1370.24,107710984.0,1297837440.0
2015-03-09,1350.78,1414.88,1398.86,1319.87,204422896.0,2433768448.0
2015-03-06,1362.22,1388.55,1366.8,1359.94,110503680.0,1324128256.0
2015-03-05,1383.97,1391.99,1362.23,1351.92,179378688.0,2147302400.0
2015-03-04,1396.57,1417.17,1398.86,1378.25,164713760.0,2005295616.0
2015-03-03,1444.65,1445.79,1396.57,1391.99,236553536.0,2928813312.0
2015-03-02,1490.44,1499.59,1461.82,1445.79,322563392.0,4151867648.0
2015-02-27,1461.82,1484.71,1459.53,1452.66,124631864.0,1594683008.0
2015-02-26,1419.46,1470.97,1470.97,1413.74,173376272.0,2189347840.0
2015-02-25,1461.82,1461.82,1419.46,1411.45,149805184.0,1867537024.0
2015-02-17,1454.95,1468.69,1461.82,1444.65,119878312.0,1525915136.0
2015-02-16,1449.22,1460.67,1446.94,1434.34,130814480.0,1650830592.0
2015-02-13,1435.49,1489.29,1460.67,1411.45,196804320.0,2503342336.0
2015-02-12,1420.61,1436.63,1427.47,1396.57,89526728.0,1109421056.0
2015-02-11,1430.91,1446.93,1420.61,1412.59,87832920.0,1095982336.0
2015-02-10,1386.26,1427.47,1421.75,1379.4,107745648.0,1331390464.0
2015-02-09,1377.11,1411.45,1394.28,1343.91,127802408.0,1545255552.0
2015-02-06,1444.64,1444.64,1391.99,1371.38,316318656.0,3875290880.0
2015-02-05,1532.79,1548.82,1453.8,1451.51,316036064.0,4154456576.0
2015-02-04,1476.7,1506.46,1465.25,1461.82,166087200.0,2153610240.0
2015-02-03,1477.84,1503.03,1483.57,1408.01,293687168.0,3721989120.0
2015-02-02,1464.11,1532.79,1474.41,1428.62,197676080.0,2560710656.0
2015-01-30,1498.45,1544.24,1501.88,1465.25,209624704.0,2753102080.0
2015-01-29,1453.8,1507.61,1489.29,1444.65,146830320.0,1903301504.0
2015-01-28,1500.74,1519.05,1488.15,1474.41,156174320.0,2035823360.0
2015-01-27,1564.84,1570.57,1508.75,1472.12,280401856.0,3704808960.0
2015-01-26,1601.47,1602.62,1568.28,1538.51,216268528.0,2957275904.0
2015-01-23,1553.4,1612.92,1593.46,1522.49,331040864.0,4561752576.0
2015-01-22,1490.44,1562.55,1554.54,1478.99,322472736.0,4326297600.0
2015-01-21,1411.45,1511.04,1493.87,1385.12,355529408.0,4554003968.0
2015-01-20,1396.57,1442.36,1413.74,1380.54,291468864.0,3604938240.0
2015-01-19,1430.91,1476.7,1393.13,1393.13,360362560.0,4483884544.0
2015-01-16,1576.29,1576.29,1547.67,1532.79,212947600.0,2892247296.0
2015-01-15,1503.03,1583.16,1576.29,1488.15,242968672.0,3265536000.0
2015-01-14,1496.16,1522.49,1499.59,1473.27,164681808.0,2160267776.0
2015-01-13,1493.87,1531.65,1496.16,1484.71,166461040.0,2187988224.0
2015-01-12,1524.78,1524.78,1501.88,1459.53,243634144.0,3180963072.0
2015-01-09,1549.96,1627.8,1539.66,1521.34,329458432.0,4521978368.0
2015-01-08,1639.25,1644.97,1555.69,1540.81,263939424.0,3629554176.0
2015-01-07,1632.38,1659.86,1628.95,1602.62,264205136.0,3772150784.0
2015-01-06,1671.3,1715.95,1643.83,1608.34,334634688.0,4839616000.0
2015-01-05,1647.26,1750.29,1706.79,1627.8,656083584.0,9700711424.0
2014-12-31,1442.36,1591.17,1591.17,1426.33,489954464.0,6494929920.0
2014-12-30,1425.19,1505.32,1446.94,1395.42,386124416.0,4894974976.0
2014-12-29,1377.11,1472.12,1422.9,1359.94,543748352.0,6751927296.0
2014-12-26,1285.53,1351.92,1348.49,1279.81,257646240.0,2964825088.0
2014-12-25,1268.36,1291.25,1284.38,1252.33,161341120.0,1795369856.0
2014-12-24,1341.62,1345.05,1262.63,1251.19,271519360.0,3056208384.0
2014-12-23,1339.33,1396.57,1345.06,1299.27,286011904.0,3420035584.0
2014-12-22,1316.44,1394.28,1341.62,1294.69,276651520.0,3266151424.0
2014-12-19,1330.17,1331.32,1314.15,1279.81,182246096.0,2075060480.0
2014-12-18,1374.82,1405.72,1330.17,1322.16,241689312.0,2874781696.0
2014-12-17,1316.44,1369.09,1365.66,1288.96,305553408.0,3550821120.0
2014-12-16,1284.38,1319.87,1319.87,1268.36,203807936.0,2301756672.0
2014-12-15,1322.16,1323.31,1293.54,1268.36,167788368.0,1882178176.0
2014-12-12,1377.11,1390.84,1338.19,1316.44,131025888.0,1546874752.0
2014-12-11,1350.78,1425.19,1377.11,1337.04,184410096.0,2225831168.0
2014-12-10,1325.59,1382.83,1367.95,1288.96,267254912.0,3132378624.0
2014-12-09,1373.67,1511.04,1307.28,1291.25,456768896.0,5655065600.0
2014-12-08,1310.71,1434.34,1408.02,1293.54,359270784.0,4304524288.0
2014-12-05,1342.77,1385.12,1311.86,1270.65,312328416.0,3617616896.0
2014-12-04,1283.24,1350.78,1338.19,1262.63,232218032.0,2660987648.0
2014-12-03,1259.2,1359.94,1282.1,1259.2,340833792.0,3901968384.0
2014-12-02,1206.54,1276.37,1251.19,1197.38,235322864.0,2542842880.0
2014-12-01,1247.75,1258.06,1217.99,1214.56,205976768.0,2216246528.0
2014-11-28,1167.62,1259.2,1247.75,1157.32,332032896.0,3502931712.0
2014-11-27,1160.75,1196.24,1175.63,1148.16,216268288.0,2215513856.0
2014-11-26,1153.88,1161.9,1156.17,1137.86,189055120.0,1901560448.0
2014-11-25,1161.9,1169.91,1153.88,1139.0,186713200.0,1878702080.0
2014-11-24,1133.28,1179.07,1161.9,1116.11,469876704.0,4708755968.0
2014-11-21,1056.58,1073.75,1072.61,1050.86,79580232.0,737516864.0
2014-11-20,1047.43,1061.16,1057.73,1046.28,57962548.0,534251744.0
2014-11-19,1058.87,1066.89,1052.0,1047.42,72505128.0,667606272.0
2014-11-18,1079.48,1085.2,1063.45,1056.58,70960776.0,661328384.0
2014-11-17,1110.38,1126.41,1084.06,1076.04,99617712.0,954597760.0
2014-11-14,1085.2,1109.24,1106.95,1076.04,98173824.0,941655552.0
2014-11-13,1112.67,1118.4,1088.64,1081.77,99145624.0,950344128.0
2014-11-12,1096.65,1114.96,1111.53,1092.07,94738672.0,915589248.0
2014-11-11,1102.37,1121.83,1098.94,1094.36,166241472.0,1607690112.0
2014-11-10,1087.49,1101.23,1096.65,1080.62,129161816.0,1232898816.0
2014-11-07,1069.17,1094.36,1076.04,1058.87,100219592.0,942274048.0
2014-11-06,1066.88,1087.49,1068.03,1063.45,72446944.0,680029760.0
2014-11-05,1073.75,1077.19,1063.45,1058.87,47882656.0,445495808.0
2014-11-04,1060.02,1078.33,1074.9,1050.86,90586944.0,841437760.0
2014-11-03,1079.48,1094.36,1064.6,1053.15,88453872.0,830074304.0
2014-10-31,1048.57,1078.33,1076.04,1047.42,110085336.0,1026129152.0
2014-10-30,1055.44,1055.44,1050.86,1038.27,69282088.0,632422208.0
2014-10-29,1033.69,1055.44,1055.44,1021.1,83736560.0,760959296.0
2014-10-28,1009.65,1033.69,1032.54,1009.65,69320056.0,617348864.0
2014-10-27,1039.41,1040.56,1005.07,1000.49,84247696.0,744718976.0
2014-10-24,1040.56,1050.86,1040.56,1035.98,32534390.0,296068288.0
2014-10-23,1054.29,1057.73,1041.7,1034.83,47805852.0,437630464.0
2014-10-22,1056.58,1062.31,1053.15,1050.86,41200588.0,380052416.0
2014-10-21,1068.03,1069.17,1055.44,1053.15,55151264.0,511264672.0
2014-10-20,1076.04,1082.91,1070.32,1066.88,59740208.0,559934848.0
2014-10-17,1065.74,1077.19,1070.32,1060.02,59139584.0,552794432.0
2014-10-16,1070.32,1073.75,1065.74,1062.31,60828972.0,567120640.0
2014-10-15,1082.91,1089.78,1077.19,1064.6,60905972.0,572109120.0
2014-10-14,1102.37,1102.37,1088.63,1081.77,65439840.0,623317312.0
2014-10-13,1095.5,1121.83,1103.52,1087.49,82853648.0,799998976.0
2014-10-10,1084.06,1111.53,1095.5,1077.19,117857896.0,1131702784.0
2014-10-09,1081.77,1095.5,1084.06,1081.77,82505040.0,783407424.0
2014-10-08,1092.07,1096.65,1080.62,1070.32,144731248.0,1368339584.0
2014-09-30,1054.29,1056.58,1050.86,1047.42,51921856.0,476490368.0
2014-09-29,1068.03,1068.03,1055.44,1047.42,87374168.0,804914944.0
2014-09-26,1073.75,1077.19,1068.03,1062.31,54349144.0,506336512.0
2014-09-25,1086.35,1089.78,1074.9,1071.46,78939072.0,743524096.0
2014-09-24,1064.6,1081.77,1080.62,1060.02,89800368.0,842009408.0
2014-09-23,1069.17,1087.49,1068.03,1062.31,87944016.0,823702592.0
2014-09-22,1060.02,1066.88,1055.44,1052.0,66823024.0,617774592.0
2014-09-19,1056.58,1062.31,1062.31,1050.86,66069088.0,609410880.0
2014-09-18,1055.44,1062.31,1056.58,1049.71,64854472.0,597581056.0
2014-09-17,1061.16,1064.6,1061.16,1055.44,67567136.0,625744448.0
2014-09-16,1063.45,1069.17,1054.29,1054.29,79017360.0,732481664.0
2014-09-15,1071.46,1071.46,1058.87,1053.15,96156048.0,889241216.0
2014-09-12,1076.04,1082.91,1080.62,1069.17,38822784.0,364837600.0
2014-09-11,1078.33,1096.65,1080.62,1074.9,70468192.0,666584832.0
2014-09-10,1088.63,1092.07,1082.91,1070.32,69121080.0,651449280.0
2014-09-09,1125.27,1125.27,1101.23,1096.65,63020148.0,608209600.0
2014-09-05,1111.53,1128.7,1125.27,1108.09,92477192.0,904674944.0
2014-09-04,1104.66,1118.4,1106.95,1098.94,110023968.0,1065268160.0
2014-09-03,1060.02,1089.78,1087.49,1058.87,117016904.0,1103831808.0
2014-09-02,1052.0,1058.87,1058.87,1042.84,61047052.0,560099392.0
2014-09-01,1043.99,1052.0,1049.71,1041.7,43650716.0,398975840.0
2014-08-29,1035.98,1047.42,1043.99,1032.54,31654038.0,287416192.0
2014-08-28,1048.57,1050.86,1032.54,1031.4,51021812.0,463319168.0
2014-08-27,1048.57,1060.02,1048.57,1042.85,33304074.0,305748064.0
2014-08-26,1041.7,1055.44,1048.57,1039.41,34970732.0,320373984.0
2014-08-25,1068.03,1068.03,1048.57,1042.85,53218240.0,488992672.0
2014-08-22,1060.02,1072.61,1070.32,1057.73,58237096.0,542859584.0
2014-08-21,1050.86,1069.17,1068.03,1032.54,97301144.0,892389824.0
2014-08-20,1074.9,1074.9,1054.29,1050.86,93599024.0,865292032.0
2014-08-19,1079.48,1079.48,1076.04,1068.03,58195384.0,544880256.0
2014-08-18,1077.19,1085.2,1073.75,1070.32,58681056.0,551229504.0
2014-08-15,1070.32,1087.49,1076.04,1070.32,41807900.0,393850784.0
2014-08-14,1092.07,1095.5,1071.46,1070.32,62663972.0,591453888.0
2014-08-13,1100.08,1102.37,1093.21,1076.04,53130832.0,506251136.0
2014-08-12,1100.08,1100.08,1094.36,1087.49,51742768.0,493666048.0
2014-08-11,1080.62,1108.1,1100.08,1080.62,70199816.0,674648768.0
2014-08-08,1089.78,1092.07,1080.62,1064.6,87785520.0,825820032.0
2014-08-07,1094.36,1104.66,1089.78,1085.2,69168168.0,659892096.0
2014-08-06,1108.1,1109.24,1096.65,1084.06,76684200.0,731466432.0
2014-08-05,1141.29,1141.29,1114.96,1106.95,82225448.0,802120576.0
2014-08-04,1116.11,1141.29,1139.0,1106.95,90638320.0,891646208.0
2014-08-01,1121.83,1142.44,1114.96,1113.82,90307552.0,887076736.0
2014-07-31,1096.65,1135.57,1133.28,1086.35,92241872.0,897485568.0
2014-07-30,1136.71,1145.87,1102.37,1086.35,163303504.0,1576620288.0
2014-07-29,1126.41,1155.03,1144.73,1110.38,106660624.0,1049519296.0
2014-07-28,1122.98,1144.73,1127.56,1111.53,122006960.0,1203056128.0
2014-07-25,1124.12,1132.14,1122.98,1095.51,73857328.0,718195328.0
2014-07-24,1078.33,1124.12,1118.4,1078.33,143246832.0,1391582336.0
2014-07-23,1050.86,1082.91,1074.9,1050.86,89243272.0,833888064.0
2014-07-22,1018.81,1054.29,1050.86,1016.52,87526656.0,798481792.0
2014-07-21,1018.81,1029.11,1023.39,1016.52,51590096.0,460833376.0
2014-07-18,976.45,1032.54,1017.66,974.16,102544984.0,911236800.0
2014-07-17,994.77,1001.64,985.61,969.59,70507176.0,606426560.0
2014-07-16,1013.08,1022.24,995.91,992.48,73163864.0,643863936.0
2014-07-15,1014.23,1018.81,1014.23,1011.94,37598052.0,333194464.0
2014-07-14,1006.22,1026.82,1016.52,1001.64,51388300.0,456768832.0
2014-07-11,1014.23,1023.39,1008.5,1000.49,84999232.0,753337600.0
2014-07-10,982.18,1002.78,994.77,982.18,49893452.0,434251264.0
2014-07-09,994.77,1002.78,979.89,977.6,62359504.0,539971328.0
2014-07-08,1001.64,1005.07,993.62,979.89,63437524.0,549020864.0
2014-07-07,973.02,1017.66,1002.78,967.29,146016752.0,1279446400.0
2014-07-04,938.68,973.02,969.58,938.68,135819312.0,1137610368.0
2014-07-03,928.37,935.24,932.95,927.23,28803744.0,234449792.0
2014-07-02,926.08,930.66,929.52,921.5,40633120.0,328887456.0
2014-07-01,948.98,948.98,927.23,922.65,60936888.0,494620512.0
2014-06-30,952.41,955.85,946.69,940.97,39373648.0,325828960.0
2014-06-27,946.69,959.28,952.41,942.11,55083160.0,457646880.0
2014-06-26,929.52,953.56,945.54,926.08,59903476.0,493632448.0
2014-06-25,930.66,931.81,930.66,911.2,53653820.0,431750720.0
2014-06-24,937.53,937.53,926.09,921.51,32425074.0,263219952.0
2014-06-23,930.66,936.39,932.95,924.94,24932778.0,202745888.0
2014-06-20,920.36,930.66,930.66,914.64,42668276.0,344097088.0
2014-06-19,930.66,932.95,914.64,912.35,40521828.0,326318464.0
2014-06-18,929.52,935.24,927.23,923.79,34636544.0,281499488.0
2014-06-17,944.4,944.4,929.52,920.36,68598640.0,554925824.0
2014-06-16,962.72,963.86,945.54,936.39,86351328.0,713535168.0
2014-06-13,959.28,970.73,965.0,947.83,63554128.0,533383904.0
2014-06-12,960.43,968.44,962.72,938.68,80101104.0,665178176.0
2014-06-11,959.28,975.31,961.57,952.41,57966816.0,489075968.0
2014-06-10,944.4,971.87,960.43,944.4,69509520.0,581961408.0
2014-06-09,935.24,979.89,950.12,929.52,82674296.0,693052736.0
2014-06-06,951.27,953.56,944.4,926.09,49519124.0,405369920.0
2014-06-05,936.39,955.85,951.27,932.95,47658632.0,392857152.0
2014-06-04,956.99,961.57,938.68,929.52,77377168.0,636734912.0
2014-06-03,974.16,987.9,961.57,952.41,118452512.0,997159552.0
2014-05-30,982.18,991.33,978.74,970.73,106158848.0,907940480.0
2014-05-29,984.47,1001.64,977.6,966.15,166699696.0,1426865280.0
2014-05-28,936.39,968.44,967.29,935.24,155707440.0,1298336256.0
2014-05-27,928.37,944.4,935.24,922.65,80099744.0,655534272.0
2014-05-26,938.68,948.98,928.37,923.79,60755644.0,494191840.0
2014-05-23,906.62,938.68,932.95,898.61,133827744.0,1079426688.0
2014-05-22,887.16,908.91,903.19,884.88,92142008.0,726170176.0
2014-05-21,879.15,889.45,886.02,867.7,54343528.0,417012736.0
2014-05-20,881.44,890.6,886.02,874.57,68587512.0,530138272.0
2014-05-19,876.86,890.6,880.3,860.84,59464664.0,455281152.0
2014-05-16,867.7,892.89,881.44,867.7,96234168.0,742805248.0
2014-05-15,872.28,874.57,867.7,861.98,45869872.0,347998496.0
2014-05-14,875.72,896.32,873.43,871.14,93198704.0,717443072.0
2014-05-13,845.95,868.85,861.98,843.66,89727864.0,674165056.0
2014-05-12,833.36,850.53,837.94,823.06,51722748.0,378905120.0
2014-05-09,841.38,843.66,831.07,812.76,62968012.0,455104576.0
2014-05-08,856.26,867.7,841.38,837.94,75190488.0,559315904.0
2014-05-07,844.63,855.47,853.3,840.29,52723016.0,413257728.0
2014-05-06,839.21,856.55,844.63,839.21,46379716.0,362147104.0
2014-05-05,851.13,852.22,839.21,831.62,57717484.0,446552192.0
2014-04-30,853.3,865.23,856.55,842.46,39547644.0,312451008.0
2014-04-29,857.64,865.23,860.89,831.62,67109784.0,524493504.0
2014-04-28,865.23,884.75,864.14,858.72,96845120.0,777834944.0
2014-04-25,874.99,879.32,860.89,856.55,69763112.0,558804672.0
2014-04-24,848.97,878.24,866.31,842.46,139640304.0,1118052352.0
2014-04-23,837.04,848.97,845.71,834.87,48885960.0,380461216.0
2014-04-22,829.45,842.46,839.21,826.2,64815844.0,498926816.0
2014-04-21,835.95,845.71,830.53,829.45,45448392.0,351633984.0
2014-04-18,834.87,845.71,843.54,826.2,41008280.0,316044512.0
2014-04-17,854.39,855.47,840.29,838.12,45759240.0,355678848.0
2014-04-16,839.21,858.72,853.3,835.95,70965624.0,557522112.0
2014-04-15,852.22,857.64,841.38,834.87,75881360.0,590811584.0
2014-04-14,861.98,868.48,859.81,848.97,53024684.0,419179424.0
2014-04-11,867.4,868.48,861.98,855.47,77595168.0,616719808.0
2014-04-10,871.73,876.07,872.82,847.88,160169456.0,1271310080.0
2014-04-09,884.75,888.0,872.82,869.57,92985416.0,749184320.0
2014-04-08,872.82,892.34,883.66,860.89,96118504.0,778608384.0
2014-04-04,878.24,883.66,879.32,868.48,64285872.0,519860640.0
2014-04-03,899.92,909.68,878.24,874.99,98636688.0,810649920.0
2014-04-02,882.58,910.77,898.84,879.32,128655952.0,1069009792.0
2014-04-01,876.07,886.91,876.07,872.82,52524944.0,426237408.0
2014-03-31,884.75,891.25,877.15,863.06,67897120.0,546825600.0
2014-03-28,859.81,893.42,880.41,858.72,110531000.0,896881728.0
2014-03-27,845.71,878.24,865.23,838.12,107800632.0,857121792.0
2014-03-26,866.31,871.73,851.13,844.63,70405840.0,553737792.0
2014-03-25,871.73,889.08,865.23,856.55,95754112.0,769251840.0
2014-03-24,868.48,885.83,873.9,851.13,139877104.0,1122120960.0
2014-03-21,820.77,876.07,868.48,807.76,270439488.0,2118807040.0
2014-03-20,813.18,838.12,814.27,802.34,115455184.0,876828992.0
2014-03-19,814.27,817.52,813.19,785.0,157546288.0,1158670976.0
2014-03-18,841.38,841.38,824.03,818.61,84389952.0,642680640.0
2014-03-17,824.03,845.71,841.38,822.94,117707904.0,908293056.0
2014-03-14,832.7,846.8,816.44,813.19,130311000.0,996213440.0
2014-03-13,821.86,851.13,835.96,816.44,149235872.0,1149904000.0
2014-03-12,811.02,851.13,824.03,804.51,208987280.0,1603158784.0
2014-03-11,779.58,822.94,813.19,775.24,189248816.0,1412509440.0
2014-03-10,782.83,794.75,775.24,763.31,116402600.0,837063104.0
2014-03-07,795.84,808.85,788.25,783.91,171953504.0,1263703936.0
2014-03-06,732.95,805.6,793.67,725.36,266097008.0,1900909568.0
2014-03-05,750.3,750.3,732.95,731.87,59026244.0,402549856.0
2014-03-04,758.97,769.82,750.3,735.12,212249600.0,1467381120.0
2014-03-03,723.19,727.53,719.94,711.27,76074352.0,503907232.0
2014-02-28,716.69,730.78,728.62,713.43,67940832.0,452668800.0
2014-02-27,727.53,728.62,714.52,710.18,79014200.0,524217760.0
2014-02-26,712.35,727.53,724.28,706.93,94190488.0,620173248.0
2014-02-25,726.45,730.78,712.35,710.18,129932464.0,860119104.0
2014-02-24,758.97,760.06,725.36,717.77,190424656.0,1282595456.0
2014-02-21,792.59,796.92,776.32,769.82,105234544.0,758288576.0
2014-02-20,799.09,811.02,793.67,791.5,90021800.0,665030720.0
2014-02-19,788.25,802.34,799.09,783.91,91851792.0,672856448.0
2014-02-18,798.01,798.01,788.25,787.16,78169464.0,571227264.0
2014-02-17,802.34,804.51,799.09,791.5,85133904.0,625666368.0
2014-02-14,803.43,807.76,799.09,791.5,95328744.0,700988608.0
2014-02-13,815.35,815.35,803.43,800.17,84305120.0,627264960.0
2014-02-12,816.44,825.11,815.35,812.1,83775440.0,630865792.0
2014-02-11,813.19,826.2,818.61,805.6,108444664.0,816144128.0
2014-02-10,807.76,818.61,814.27,804.51,106237992.0,795673024.0
2014-02-07,795.84,803.43,803.43,785.0,49853032.0,364212832.0
2014-01-30,815.36,815.36,800.18,798.01,39253864.0,290734048.0
2014-01-29,831.62,832.7,817.52,811.02,50799172.0,383233600.0
2014-01-28,834.87,844.63,828.37,816.44,42356652.0,324017088.0
2014-01-27,834.87,842.46,829.45,821.86,70673936.0,542034112.0
2014-01-24,809.93,859.81,844.63,807.76,136181568.0,1058260864.0
2014-01-23,828.37,830.53,812.1,805.6,78757312.0,591438656.0
2014-01-22,785.0,832.7,826.2,782.83,114057648.0,857607744.0
2014-01-21,775.24,788.25,782.83,775.24,48030688.0,346932384.0
2014-01-20,765.48,776.32,773.07,763.31,41191616.0,292738048.0
2014-01-17,777.41,778.49,767.65,767.65,55566776.0,396446912.0
2014-01-16,778.49,782.83,779.58,771.99,47695032.0,342032096.0
2014-01-15,781.74,783.91,777.41,771.99,49175340.0,352430048.0
2014-01-14,778.49,787.16,783.91,773.07,86962312.0,624901696.0
2014-01-13,801.26,804.51,785.0,765.48,118755432.0,853376896.0
2014-01-10,804.51,809.93,800.17,799.09,46769820.0,346476224.0
2014-01-09,805.6,815.36,808.85,796.92,81723448.0,608623744.0
2014-01-08,807.76,814.27,804.51,800.17,59453292.0,442046912.0
2014-01-07,805.6,814.27,805.6,795.84,60114912.0,446992736.0
2014-01-06,847.88,850.05,811.02,799.09,123159416.0,923778176.0
2014-01-03,864.14,864.14,850.05,841.38,54046704.0,424761280.0
2014-01-02,866.31,874.99,866.31,858.72,48529920.0,387391072.0
2013-12-31,844.63,874.99,870.65,839.21,72316400.0,574458880.0
2013-12-30,872.82,874.99,852.22,845.71,74705680.0,590734400.0
2013-12-27,851.13,878.24,870.65,846.8,73964224.0,590192384.0
2013-12-26,856.56,857.64,845.71,840.29,53486220.0,418330080.0
2013-12-25,848.97,859.81,857.64,841.38,45541440.0,357235008.0
2013-12-24,845.71,861.98,848.97,835.96,52440680.0,411131936.0
2013-12-23,852.22,856.55,844.63,837.04,64642036.0,503004128.0
2013-12-20,886.91,888.0,851.13,851.13,83183144.0,664027136.0
2013-12-19,897.76,902.09,882.58,879.33,58666408.0,480576896.0
2013-12-18,899.93,903.18,895.59,893.42,46767848.0,386769952.0
2013-12-17,916.19,917.27,896.67,894.5,66563248.0,555024128.0
2013-12-16,928.12,931.37,914.02,912.94,56120276.0,476422816.0
2013-12-13,921.61,932.45,925.95,920.53,40964880.0,350349280.0
2013-12-12,923.78,930.28,924.86,922.7,39013316.0,333275264.0
2013-12-11,934.62,937.88,925.95,923.78,54940028.0,471522336.0
2013-12-10,934.62,944.38,940.04,934.62,53895968.0,466805408.0
2013-12-09,942.21,947.63,934.62,931.37,42454624.0,366620320.0
2013-12-06,943.3,951.97,940.04,935.71,49028992.0,426051232.0
2013-12-05,947.63,958.48,947.63,942.21,65159192.0,570902336.0
2013-12-04,932.45,959.56,947.63,930.28,96920352.0,846575040.0
2013-12-03,927.03,942.21,937.88,920.53,60527888.0,519792352.0
2013-12-02,943.3,947.63,928.12,924.86,74523864.0,641639552.0
2013-11-29,943.3,958.48,949.8,938.96,83361064.0,731698944.0
2013-11-28,928.12,954.14,942.21,928.12,99854496.0,869718016.0
2013-11-27,925.95,932.45,928.12,919.44,65311128.0,557259776.0
2013-11-26,933.54,937.88,925.95,921.61,72815992.0,624122368.0
2013-11-25,932.45,942.21,933.54,921.61,79064456.0,679875136.0
2013-11-22,957.39,962.81,943.3,941.13,73831840.0,645570752.0
2013-11-21,975.82,975.82,957.39,944.38,92184384.0,813085184.0
2013-11-20,989.92,995.34,986.67,977.99,46224724.0,419314816.0
2013-11-19,996.42,996.42,984.5,979.08,64119880.0,582858944.0
2013-11-18,967.15,998.59,997.51,957.39,112926864.0,1022804032.0
2013-11-15,942.21,976.91,966.06,937.87,82040064.0,727417216.0
2013-11-14,957.39,962.81,942.21,929.2,61256992.0,530626784.0
2013-11-13,956.31,962.81,949.8,947.63,41039736.0,361462240.0
2013-11-12,943.29,958.48,955.22,938.96,43692620.0,382832096.0
2013-11-11,961.73,964.98,944.38,920.53,63161616.0,547722816.0
2013-11-08,970.4,981.24,961.73,959.56,45815308.0,409436704.0
2013-11-07,976.91,980.16,972.57,964.98,39130488.0,350915168.0
2013-11-06,992.09,993.17,977.99,975.82,61483872.0,556198592.0
2013-11-05,994.25,999.67,997.51,983.41,42789176.0,390671808.0
2013-11-04,1027.87,1028.95,997.51,995.34,53694680.0,497895328.0
2013-11-01,992.09,1030.03,1018.11,987.75,92113320.0,863300672.0
2013-10-31,1007.26,1046.3,998.59,997.51,195899616.0,1845068032.0
2013-10-30,972.57,986.66,984.5,951.97,92582856.0,830576640.0
2013-10-29,947.63,970.4,959.56,940.04,87113736.0,766292032.0
2013-10-28,970.4,970.4,946.55,944.38,55573520.0,487362880.0
2013-10-25,972.57,982.33,964.98,961.73,51716000.0,463207488.0
2013-10-24,975.82,994.25,971.48,958.47,71400848.0,643120704.0
2013-10-23,986.66,1000.76,983.41,979.07,74875216.0,682986944.0
2013-10-22,993.17,994.25,984.49,981.24,62510304.0,568539520.0
2013-10-21,995.34,997.5,995.34,980.16,66814928.0,609910080.0
2013-10-18,985.58,997.5,994.25,977.99,48938200.0,447453280.0
2013-10-17,989.91,995.34,983.41,981.24,35453168.0,322699040.0
2013-10-16,991.0,998.59,983.41,977.99,63764716.0,579067264.0
2013-10-15,997.5,999.67,996.42,986.66,75066232.0,686715392.0
2013-10-14,1022.44,1022.44,997.5,993.17,116793088.0,1077128704.0
2013-10-11,1024.61,1027.86,1023.53,1013.77,80225712.0,755684992.0
2013-10-10,1018.11,1026.78,1020.27,1008.35,72710576.0,683140224.0
2013-10-09,1030.03,1031.12,1018.11,1010.52,85036560.0,798293888.0
2013-10-08,987.75,1040.88,1035.45,976.9,154685280.0,1451175040.0
2013-09-30,984.5,995.34,989.92,979.07,63375632.0,576146560.0
2013-09-27,977.99,984.5,982.33,970.4,69524584.0,628136064.0
2013-09-26,997.51,1002.93,976.91,974.74,121394048.0,1104822272.0
2013-09-25,1019.19,1019.19,996.42,992.09,145011056.0,1343309952.0
2013-09-24,1043.05,1044.13,1019.19,1014.85,116562568.0,1100583296.0
2013-09-23,1049.55,1052.8,1050.63,1038.71,70982160.0,683878272.0
2013-09-18,1040.88,1047.38,1044.13,1036.54,63167952.0,607352704.0
2013-09-17,1080.99,1080.99,1040.88,1039.79,113583160.0,1104007296.0
2013-09-16,1107.02,1114.61,1075.57,1073.4,93173792.0,932470016.0
2013-09-13,1107.02,1127.62,1099.42,1095.09,110885696.0,1133408000.0
2013-09-12,1111.35,1125.45,1108.1,1080.99,125597432.0,1273035008.0
2013-09-11,1103.76,1133.04,1109.18,1095.09,148168688.0,1515592192.0
2013-09-10,1084.25,1096.17,1092.92,1073.4,103608888.0,1035078784.0
2013-09-09,1037.62,1097.26,1077.74,1033.29,194597008.0,1922390144.0
2013-09-06,1044.13,1063.64,1035.45,1025.7,89402600.0,854607936.0
2013-09-05,1051.72,1073.4,1047.38,1047.38,105688312.0,1034821504.0
2013-09-04,1046.3,1057.14,1044.13,1040.88,76908304.0,743249216.0
2013-09-03,1013.77,1054.97,1052.8,1002.93,164005888.0,1565224448.0
2013-09-02,1030.03,1032.2,1007.26,994.25,92254912.0,859782656.0
2013-08-30,1023.53,1034.37,1025.7,1014.85,68333832.0,645669248.0
2013-08-29,1024.61,1030.03,1027.87,1014.85,66549232.0,626698048.0
2013-08-28,1034.37,1034.37,1024.61,1014.85,92721984.0,876145856.0
2013-08-27,1050.63,1056.06,1044.13,1037.62,65414992.0,630050432.0
2013-08-26,1037.62,1054.97,1053.89,1021.36,85905184.0,824976704.0
2013-08-23,1046.3,1048.47,1036.54,1014.85,72848080.0,692564352.0
2013-08-22,1040.88,1057.14,1038.71,1034.37,56106360.0,540456704.0
2013-08-21,1057.14,1060.39,1040.88,1034.37,75388584.0,725527040.0
2013-08-20,1075.57,1083.16,1058.22,1052.8,96750920.0,952475264.0
2013-08-19,1063.64,1089.67,1079.91,1051.72,99054016.0,976460160.0
2013-08-16,1070.15,1138.46,1072.32,1061.47,159407136.0,1601432704.0
2013-08-15,1095.09,1099.42,1074.49,1072.32,77319224.0,773668288.0
2013-08-14,1111.35,1121.11,1094.0,1091.83,92923104.0,951292160.0
2013-08-13,1097.26,1104.85,1101.59,1087.5,84442592.0,855255040.0
2013-08-12,1059.31,1098.34,1098.34,1059.31,141877024.0,1413329664.0
2013-08-09,1071.23,1074.49,1057.14,1040.87,71965192.0,701494016.0
2013-08-08,1088.58,1088.58,1061.47,1058.22,78178872.0,770914304.0
2013-08-07,1095.09,1121.11,1082.08,1076.65,155839504.0,1582541824.0
2013-08-06,1067.98,1079.91,1076.65,1047.38,102637824.0,1007127552.0
2013-08-05,1073.4,1088.58,1083.16,1064.73,76602584.0,759024320.0
2013-08-02,1091.83,1112.43,1082.08,1073.4,132833864.0,1334337024.0
2013-08-01,1037.62,1071.23,1056.05,1030.03,98028904.0,956075712.0
2013-07-31,1062.56,1095.09,1032.2,1028.95,158506992.0,1548869760.0
2013-07-30,989.91,1026.78,1004.01,976.9,94080808.0,870848064.0
2013-07-29,1006.18,1006.18,992.08,968.23,110724864.0,999854144.0
2013-07-26,1020.27,1033.28,1013.77,1008.35,64357476.0,604528448.0
2013-07-25,1039.79,1050.63,1030.03,1019.19,73204960.0,698627008.0
2013-07-24,1062.56,1067.98,1039.79,1019.19,110450896.0,1056959552.0
2013-07-23,1030.03,1071.23,1071.23,1021.36,91277072.0,889195072.0
2013-07-22,1027.86,1040.87,1024.61,1007.26,88292656.0,832014976.0
2013-07-19,1100.51,1103.76,1036.54,1030.03,138749312.0,1353875840.0
2013-07-18,1122.19,1140.62,1097.25,1091.83,73428320.0,750596160.0
2013-07-17,1122.19,1160.14,1126.53,1095.09,91172856.0,947459648.0
2013-07-16,1121.11,1140.62,1133.03,1096.17,89019728.0,917005760.0
2013-07-15,1133.03,1165.56,1133.03,1110.27,86632512.0,909995136.0
2013-07-12,1174.23,1187.25,1127.61,1118.94,92669016.0,982458432.0
2013-07-11,1124.36,1193.75,1168.81,1122.19,197670624.0,2115303296.0
2013-07-10,1052.8,1117.85,1114.6,1044.13,94910144.0,947248384.0
2013-07-09,1074.48,1089.66,1047.38,1038.7,80460976.0,779695552.0
2013-07-08,1090.75,1120.02,1084.24,1073.4,84632752.0,855448384.0
2013-07-05,1105.93,1160.14,1105.93,1090.75,142439856.0,1465504384.0
2013-07-04,1017.02,1075.57,1062.56,1017.02,132003808.0,1285480576.0
2013-07-03,1051.72,1051.72,1025.69,999.67,123077784.0,1154714240.0
2013-07-02,1071.23,1074.48,1053.88,1019.19,110995664.0,1072622720.0
2013-07-01,1056.05,1084.24,1071.23,1043.04,103759336.0,1016280576.0
2013-06-28,992.08,1084.24,1067.98,992.08,234909280.0,2292843776.0
2013-06-27,986.66,1014.85,985.58,976.9,129277448.0,1187763328.0
2013-06-26,986.66,991.0,974.74,953.05,143592192.0,1284525056.0
2013-06-25,964.98,993.17,959.55,908.6,170938864.0,1515491712.0
2013-06-24,1071.23,1071.23,979.07,975.82,173365088.0,1609937152.0
2013-06-21,1053.88,1090.75,1073.4,1040.87,90978984.0,899271360.0
2013-06-20,1104.85,1113.52,1075.57,1072.32,80301176.0,809447552.0
2013-06-19,1125.45,1125.45,1104.85,1083.16,96882104.0,982584896.0
2013-06-18,1122.19,1135.2,1131.95,1116.77,70590360.0,734233728.0
2013-06-17,1163.39,1165.56,1120.02,1103.76,117954912.0,1222588032.0
2013-06-14,1161.22,1173.15,1159.06,1154.72,56813740.0,608814912.0
2013-06-13,1192.67,1192.67,1156.89,1133.04,86938920.0,933052160.0
2013-06-07,1241.46,1250.13,1215.44,1199.17,87652504.0,987778624.0
2013-06-06,1278.32,1281.58,1245.8,1239.29,67642760.0,782219072.0
2013-06-05,1290.25,1290.25,1282.66,1266.4,47892832.0,563541120.0
2013-06-04,1301.09,1318.44,1285.91,1272.9,73788192.0,878947648.0
2013-06-03,1302.18,1322.78,1301.09,1295.67,52348904.0,630894592.0
2013-05-31,1334.7,1345.55,1298.92,1295.67,61379360.0,743854400.0
2013-05-30,1322.78,1349.88,1334.7,1313.02,51775024.0,636178880.0
2013-05-29,1340.13,1367.23,1335.79,1329.28,98852008.0,1228475648.0
2013-05-28,1280.49,1342.29,1340.12,1270.73,94178768.0,1134595200.0
2013-05-27,1283.74,1287.0,1279.41,1266.4,51237500.0,602815680.0
2013-05-24,1306.51,1321.69,1291.33,1270.73,87662032.0,1038767296.0
2013-05-23,1311.93,1352.05,1302.18,1290.25,93165080.0,1140034944.0
2013-05-22,1300.01,1333.62,1311.93,1288.08,76503336.0,929453568.0
2013-05-21,1300.01,1304.34,1304.34,1276.15,69293264.0,824911424.0
2013-05-20,1322.78,1349.88,1293.5,1290.25,126290488.0,1539658624.0
2013-05-17,1266.39,1322.78,1318.44,1265.31,151364128.0,1814199296.0
2013-05-16,1212.18,1268.56,1268.56,1205.68,85115616.0,977273408.0
2013-05-15,1208.77,1219.44,1207.7,1197.02,32849474.0,370905952.0
2013-05-14,1237.6,1246.14,1208.77,1202.36,42887760.0,488095328.0
2013-05-13,1256.82,1270.7,1240.8,1237.6,38375176.0,449671712.0
2013-05-10,1236.53,1257.89,1254.68,1233.33,40236096.0,470946400.0
2013-05-09,1248.28,1252.55,1237.6,1217.31,61023712.0,706179520.0
2013-05-08,1251.48,1285.65,1253.62,1247.21,80520424.0,952822144.0
2013-05-07,1203.43,1239.73,1236.53,1201.29,79763992.0,919178240.0
2013-05-06,1216.24,1225.85,1208.77,1200.22,70548376.0,800310208.0
2013-05-03,1211.97,1249.34,1216.24,1210.9,100654064.0,1160158720.0
2013-05-02,1161.78,1215.17,1210.9,1159.65,73106312.0,819958528.0
2013-04-26,1173.53,1194.89,1177.8,1173.53,48444344.0,537329600.0
2013-04-25,1200.22,1200.22,1172.46,1164.99,102690864.0,1133098752.0
2013-04-24,1204.5,1221.58,1206.63,1178.87,100774304.0,1132186240.0
2013-04-23,1236.53,1236.53,1204.5,1172.46,100475440.0,1127826688.0
2013-04-22,1274.97,1281.38,1248.28,1218.38,96935832.0,1128958208.0
2013-04-19,1253.62,1273.9,1271.77,1237.6,86913544.0,1027355776.0
2013-04-18,1234.4,1273.9,1249.35,1230.12,65582888.0,772023680.0
2013-04-17,1241.87,1269.63,1244.01,1219.45,87720144.0,1022448576.0
2013-04-16,1167.12,1245.07,1242.94,1163.92,142495344.0,1615868416.0
2013-04-15,1172.46,1194.89,1177.8,1147.9,65294368.0,719172672.0
2013-04-12,1168.19,1182.07,1166.06,1162.85,37744200.0,413198272.0
2013-04-11,1194.89,1211.97,1174.6,1173.53,51563840.0,575027008.0
2013-04-10,1177.8,1195.95,1178.87,1168.19,60813232.0,674157504.0
2013-04-09,1172.46,1201.29,1173.53,1167.12,65685832.0,726102144.0
2013-04-08,1161.78,1182.07,1172.46,1131.88,66456864.0,721698176.0
2013-04-03,1199.16,1220.51,1195.95,1175.66,53910464.0,603385088.0
2013-04-02,1182.07,1222.65,1195.95,1174.6,90543000.0,1022376832.0
2013-04-01,1156.44,1201.29,1174.6,1156.44,67843856.0,751705152.0
2013-03-29,1168.19,1172.46,1148.97,1143.63,41894996.0,453369344.0
2013-03-28,1179.94,1182.07,1170.33,1121.21,105144160.0,1139383168.0
2013-03-27,1184.21,1220.51,1201.29,1184.21,60769800.0,685761216.0
2013-03-26,1192.75,1235.46,1187.41,1185.28,97241216.0,1100471296.0
2013-03-25,1179.93,1201.29,1189.55,1164.99,59536496.0,662996480.0
2013-03-22,1174.6,1183.14,1174.6,1155.38,68408208.0,746499904.0
2013-03-21,1199.16,1206.63,1175.66,1157.51,80610376.0,891271168.0
2013-03-20,1170.33,1219.44,1198.09,1164.99,104552808.0,1177129984.0
2013-03-19,1143.63,1177.8,1169.26,1132.95,70996712.0,773139584.0
2013-03-18,1113.73,1153.24,1141.49,1113.73,62920980.0,669162048.0
2013-03-15,1147.9,1172.46,1119.07,1103.05,104999736.0,1113088000.0
2013-03-14,1155.38,1175.66,1153.24,1136.15,70496320.0,761951168.0
2013-03-13,1195.95,1195.95,1169.26,1160.71,64584652.0,708390080.0
2013-03-12,1179.94,1222.65,1198.09,1178.87,97831064.0,1100966528.0
2013-03-11,1163.92,1202.36,1186.34,1153.24,66667092.0,743149760.0
2013-03-08,1198.09,1206.63,1170.33,1169.26,70600024.0,783976576.0
2013-03-07,1184.21,1220.51,1197.02,1162.85,114670136.0,1277049728.0
2013-03-06,1168.19,1203.43,1190.62,1168.19,145417472.0,1616878848.0
2013-03-05,1156.44,1179.94,1162.85,1121.21,218277520.0,2348128000.0
2013-03-04,1178.87,1201.29,1157.51,1157.51,311545536.0,3408720384.0
2013-03-01,1282.45,1300.6,1285.65,1257.89,87506616.0,1049191424.0
2013-02-28,1230.12,1290.99,1281.38,1230.12,154546512.0,1829220736.0
2013-02-27,1155.38,1217.31,1208.77,1155.38,87903096.0,982106304.0
2013-02-26,1163.92,1192.75,1155.38,1145.77,77476144.0,851761152.0
2013-02-25,1209.84,1222.65,1175.66,1158.58,82375536.0,911798912.0
2013-02-22,1204.5,1222.65,1208.77,1193.82,61331000.0,694709952.0
2013-02-21,1217.31,1248.28,1207.7,1177.8,146114224.0,1662394368.0
2013-02-20,1193.82,1223.72,1221.58,1189.55,84089376.0,948132032.0
2013-02-19,1252.55,1253.62,1195.95,1191.68,118304952.0,1338138624.0
2013-02-18,1295.26,1304.87,1249.34,1239.73,78311008.0,926069440.0
2013-02-08,1260.02,1301.67,1284.58,1257.89,79113928.0,946272256.0
2013-02-07,1288.85,1292.06,1268.57,1258.95,77307248.0,920219264.0
2013-02-06,1313.41,1314.48,1298.46,1280.31,74930072.0,909340160.0
2013-02-05,1271.77,1336.9,1316.62,1260.02,169459024.0,2067790848.0
2013-02-04,1263.23,1292.06,1270.7,1229.06,146699792.0,1727427840.0
2013-02-01,1286.72,1297.4,1277.11,1241.87,168332416.0,1998393856.0
2013-01-31,1345.45,1349.72,1282.45,1276.04,151307792.0,1847783680.0
2013-01-30,1299.53,1361.47,1352.92,1297.4,127081232.0,1585016832.0
2013-01-29,1290.99,1350.79,1303.8,1287.79,135988608.0,1682119168.0
2013-01-28,1244.01,1299.53,1287.79,1242.94,138997968.0,1666366848.0
2013-01-25,1279.24,1283.52,1249.35,1235.46,86321704.0,1013223936.0
2013-01-24,1239.74,1304.87,1276.04,1235.46,219041824.0,2623808768.0
2013-01-23,1260.03,1263.23,1248.28,1227.99,129945192.0,1514144512.0
2013-01-22,1248.28,1300.6,1255.75,1235.46,464332640.0,5468736000.0
2013-01-21,1188.48,1188.48,1188.48,1188.48,23430892.0,260785840.0
2012-12-25,1019.77,1095.58,1080.63,1014.43,166448832.0,1658338048.0
2012-12-24,1009.09,1026.17,1019.76,1006.95,47518724.0,452650304.0
2012-12-21,1014.43,1025.11,1006.95,996.27,54450908.0,515889248.0
2012-12-20,987.73,1015.49,1012.29,980.26,79967400.0,748850368.0
2012-12-19,983.46,999.48,994.14,962.1,137002048.0,1255541376.0
2012-12-18,1015.5,1032.58,984.53,978.12,141128464.0,1319079168.0
2012-12-17,1033.65,1057.14,1021.9,1013.36,99622064.0,965351168.0
2012-12-14,997.34,1038.99,1035.78,992.0,120122104.0,1149410432.0
2012-12-13,985.6,1005.88,995.21,973.85,68234120.0,638204672.0
2012-12-12,986.66,996.27,986.66,967.44,47958008.0,441398240.0
2012-12-11,993.07,998.41,986.66,985.6,32082816.0,298454336.0
2012-12-10,988.8,1003.75,997.34,978.12,102496112.0,955422912.0
2012-12-07,990.93,1003.75,982.39,970.65,89478928.0,826972608.0
2012-12-06,974.92,998.41,989.87,973.85,70892648.0,656493440.0
2012-12-05,952.49,998.41,975.99,952.49,117872280.0,1079694720.0
2012-12-04,938.61,956.76,955.7,920.46,62180176.0,549269440.0
2012-12-03,934.34,961.04,939.68,929.0,88740720.0,788799744.0
2012-11-30,900.17,952.5,934.34,898.04,95192864.0,832880384.0
2012-11-29,890.56,908.71,900.17,890.56,35909052.0,303336576.0
2012-11-28,901.24,904.44,890.56,888.42,25742968.0,216441056.0
2012-11-27,894.83,909.78,903.38,890.56,30320076.0,256012800.0
2012-11-26,900.17,907.64,899.1,891.63,30318656.0,254786368.0
2012-11-23,899.1,908.71,902.31,893.76,32228364.0,272251072.0
2012-11-22,887.36,904.44,894.83,884.15,30010068.0,252122176.0
2012-11-21,880.95,896.97,893.76,877.75,30273756.0,252100560.0
2012-11-20,875.61,893.76,880.95,871.34,30590158.0,253268800.0
2012-11-19,876.68,884.15,873.48,861.73,28144588.0,229957424.0
2012-11-16,873.48,880.95,877.75,863.87,38587584.0,314443392.0
2012-11-15,890.56,893.76,880.95,877.75,45267676.0,374963456.0
2012-11-14,890.56,898.03,893.76,883.09,21846746.0,182174928.0
2012-11-13,911.92,911.92,893.76,890.56,31455114.0,264760528.0
2012-11-12,894.83,915.12,914.05,893.76,47566824.0,403859712.0
2012-11-09,902.31,911.92,894.83,893.76,33851824.0,285786880.0
2012-11-08,902.31,917.26,907.64,899.1,35165928.0,299941504.0
2012-11-07,918.32,924.73,908.71,904.44,33180552.0,283476256.0
2012-11-06,925.8,927.93,919.39,904.44,40986304.0,352493472.0
2012-11-05,923.66,932.2,925.8,907.64,49850992.0,429726720.0
2012-11-02,919.39,929.0,923.66,910.85,74212488.0,639417920.0
2012-11-01,886.29,923.66,917.25,883.09,131734952.0,1126246528.0
2012-10-31,885.22,890.56,888.42,873.47,47222524.0,389716928.0
2012-10-30,878.81,895.9,886.29,870.27,59343736.0,491766048.0
2012-10-29,874.54,877.75,877.75,862.8,31262940.0,255171120.0
2012-10-26,891.63,895.9,875.61,868.13,35232404.0,289454976.0
2012-10-25,901.24,910.85,891.63,887.36,42170324.0,354406208.0
2012-10-24,905.51,910.85,900.17,895.9,46099484.0,389930528.0
2012-10-23,896.97,915.12,896.97,892.7,50191320.0,424849472.0
2012-10-22,894.83,906.58,899.1,880.95,65103548.0,543492224.0
2012-10-19,896.97,907.64,899.1,894.83,36890984.0,311265024.0
2012-10-18,872.41,906.58,901.24,866.0,86013392.0,718318336.0
2012-10-17,877.75,878.81,868.14,866.0,36720948.0,299435808.0
2012-10-16,873.48,880.95,873.48,869.2,29162300.0,239021040.0
2012-10-15,882.02,882.02,874.54,869.2,21370542.0,174773888.0
2012-10-12,888.42,894.83,879.88,874.54,31135664.0,257470896.0
2012-10-11,889.49,889.49,885.22,877.75,25436968.0,210036032.0
2012-10-10,893.76,893.76,892.7,875.61,50734352.0,420866016.0
2012-10-09,874.54,895.9,892.7,873.47,48794284.0,406162432.0
2012-10-08,893.76,904.44,871.34,863.86,47316180.0,388940928.0
2012-09-28,867.07,902.3,900.17,860.66,76046400.0,629670656.0
2012-09-27,832.9,878.81,876.68,826.49,76955240.0,618813120.0
2012-09-26,843.58,846.78,831.83,824.35,24969416.0,194416640.0
2012-09-25,840.37,848.91,844.64,836.1,23961652.0,189554016.0
2012-09-24,832.9,852.12,842.51,811.54,45501388.0,354786400.0
2012-09-21,832.9,839.3,833.97,828.63,38855004.0,303523456.0
2012-09-20,854.25,856.39,835.03,829.69,58472788.0,459069888.0
2012-09-19,858.52,859.59,858.52,849.98,36685164.0,293740704.0
2012-09-18,856.39,866.0,855.32,848.91,34475644.0,276953312.0
2012-09-17,886.29,892.69,860.66,849.98,89886704.0,725758144.0
2012-09-14,906.58,908.71,890.56,882.02,77417712.0,645278528.0
2012-09-13,901.24,911.91,899.1,891.63,25213328.0,213196080.0
2012-09-12,910.85,920.46,902.3,889.49,46291776.0,389967488.0
2012-09-11,912.98,916.19,905.51,898.03,35288028.0,299554912.0
2012-09-10,920.46,930.07,919.39,907.64,52496168.0,450581888.0
2012-09-07,899.1,948.22,918.32,896.97,107057200.0,924236096.0
2012-09-06,890.56,907.64,891.63,887.36,28171592.0,236230240.0
2012-09-05,878.81,898.03,888.42,876.68,39501220.0,329668288.0
2012-09-04,885.22,892.69,878.81,874.54,37074476.0,307083776.0
2012-09-03,857.46,891.63,885.22,855.32,63069744.0,520954944.0
2012-08-31,848.91,867.07,856.39,848.91,27298520.0,220096000.0
2012-08-30,841.44,858.52,853.18,841.44,31272296.0,249676416.0
2012-08-29,851.05,861.73,851.05,847.85,20237240.0,161700080.0
2012-08-28,861.73,867.07,854.25,848.91,36009464.0,288383808.0
2012-08-27,864.93,876.68,862.79,859.59,42663040.0,346703104.0
2012-08-24,859.59,871.34,867.07,856.39,34829572.0,282676448.0
2012-08-23,868.13,876.68,866.0,852.12,62574208.0,506929824.0
2012-08-22,886.29,887.36,869.2,857.46,80119016.0,652654976.0
2012-08-21,902.3,918.32,888.42,877.75,82020296.0,685725760.0
2012-08-20,907.64,907.64,907.64,886.29,40163768.0,336400608.0
2012-08-17,921.53,929.0,919.39,907.64,26052034.0,223700880.0
2012-08-16,909.78,924.73,922.59,909.78,26597064.0,229297600.0
2012-08-15,908.71,918.32,915.12,905.51,33558428.0,286716032.0
2012-08-14,901.24,916.19,916.19,891.63,49906760.0,422942304.0
2012-08-13,935.41,935.41,899.1,888.42,123215008.0,1045248256.0
2012-08-10,961.03,961.03,938.61,934.34,45993456.0,405112288.0
2012-08-09,954.63,970.64,961.03,953.56,42220432.0,380576192.0
2012-08-08,941.81,962.1,953.56,940.75,42680472.0,380925888.0
2012-08-07,939.68,955.7,942.88,931.14,46459412.0,408871040.0
2012-08-06,923.66,942.88,935.41,909.78,63653856.0,551049600.0
2012-08-03,940.75,945.02,929.0,907.64,71748432.0,620735680.0
2012-08-02,995.2,996.27,929.0,907.64,95384880.0,842599488.0
2012-08-01,985.59,1008.02,996.27,985.59,34938784.0,327291232.0
2012-07-31,969.58,988.8,985.59,966.37,35851540.0,329172128.0
2012-07-30,963.17,971.71,961.03,961.03,22547620.0,204003328.0
2012-07-27,951.42,965.3,958.9,933.27,29959676.0,267873392.0
2012-07-26,970.64,980.25,951.42,939.68,54631096.0,488521216.0
2012-07-25,988.8,993.07,971.71,966.37,42848480.0,391209984.0
2012-07-24,979.19,1012.29,996.27,978.12,33037828.0,308784736.0
2012-07-23,982.39,997.34,983.46,974.92,28790978.0,264864320.0
2012-07-20,999.48,1006.95,993.07,981.32,39410688.0,367447680.0
2012-07-19,1003.75,1024.04,1008.02,995.21,57823352.0,546749568.0
2012-07-18,1045.39,1057.14,1006.95,982.39,90409488.0,854379904.0
2012-07-17,1031.51,1062.48,1046.46,1030.44,41476380.0,407829216.0
2012-07-16,1051.8,1059.28,1038.99,1022.97,51985236.0,506012224.0
2012-07-13,1025.11,1055.0,1052.87,1021.9,72265944.0,707758464.0
2012-07-12,1002.68,1038.99,1028.31,999.48,74275888.0,708986816.0
2012-07-11,1015.49,1036.85,1003.75,992.0,68793328.0,651273088.0
2012-07-10,1025.11,1041.12,1018.7,1003.75,59447304.0,569835520.0
2012-07-09,1020.83,1057.14,1031.51,1014.43,104794056.0,1024723072.0
2012-07-06,1012.29,1030.44,1030.44,1003.75,165535888.0,1583264768.0
2012-07-05,963.17,993.07,992.0,963.17,71648880.0,658751168.0
2012-07-04,963.57,968.83,959.36,957.25,29758246.0,271842016.0
2012-07-03,946.72,971.99,960.41,937.24,52201424.0,476735104.0
2012-07-02,941.45,954.09,945.67,938.29,29145688.0,261062832.0
2012-06-29,933.03,949.88,938.29,928.82,28620508.0,254738096.0
2012-06-28,943.56,947.77,931.98,930.92,33598536.0,299511712.0
2012-06-27,938.29,957.25,942.51,930.92,49201048.0,442982400.0
2012-06-26,918.29,948.83,942.51,916.18,64364528.0,570644928.0
2012-06-25,944.61,944.61,921.45,904.6,71557112.0,629673856.0
2012-06-21,947.77,958.3,950.93,944.61,31852780.0,287884704.0
2012-06-20,956.2,959.36,950.93,945.67,27190000.0,246101632.0
2012-06-19,961.46,968.83,954.09,948.83,31268850.0,284683392.0
2012-06-18,961.46,967.78,967.78,954.09,56613284.0,516643616.0
2012-06-15,979.36,982.52,959.36,945.67,73916528.0,673744000.0
2012-06-14,979.36,989.89,977.26,974.1,48780248.0,454871072.0
2012-06-13,980.42,994.11,976.21,969.89,66846680.0,621607040.0
2012-06-12,967.78,987.79,970.94,965.67,82302560.0,762947264.0
2012-06-11,945.67,988.84,968.83,940.4,88912936.0,816206400.0
2012-06-08,957.25,964.62,939.35,930.92,85305568.0,766386688.0
2012-06-07,955.14,970.94,943.56,938.29,53650848.0,488232192.0
2012-06-06,958.3,959.36,945.66,941.45,35461688.0,319959680.0
2012-06-05,951.98,963.57,959.36,948.83,43435928.0,394834112.0
2012-06-04,955.14,970.94,951.98,947.77,39877280.0,363370080.0
2012-06-01,974.1,983.58,963.57,958.3,34606948.0,319127264.0
2012-05-31,973.05,981.47,974.1,969.89,24631532.0,228107648.0
2012-05-30,977.26,999.37,980.42,968.83,70798072.0,663089344.0
2012-05-29,965.67,987.79,976.21,958.3,66409868.0,614809216.0
2012-05-28,926.71,968.83,965.67,922.5,60463488.0,544844800.0
2012-05-25,939.35,955.14,931.98,928.82,34985272.0,313197408.0
2012-05-24,954.09,964.62,939.35,937.24,28345060.0,256025456.0
2012-05-23,943.56,960.41,953.04,940.4,35449528.0,321066944.0
2012-05-22,916.18,950.93,948.83,914.07,58269084.0,517700320.0
2012-05-21,905.65,922.5,913.02,901.44,29233304.0,253442320.0
2012-05-18,910.91,924.61,903.54,900.38,47731888.0,415069504.0
2012-05-17,909.86,922.5,914.07,901.44,32767254.0,284334624.0
2012-05-16,935.14,935.14,906.7,905.65,44284256.0,385954944.0
2012-05-15,934.08,947.77,938.29,928.82,32082786.0,285807552.0
2012-05-14,941.45,956.2,939.35,930.92,58382704.0,523050496.0
2012-05-10,940.4,943.56,940.4,933.03,30703900.0,273802336.0
2012-05-09,942.51,945.67,940.4,931.98,58309872.0,519737728.0
2012-05-08,955.14,961.46,951.99,940.4,63979364.0,576995136.0
2012-05-07,960.41,968.83,955.14,943.56,73349280.0,663457152.0
2012-05-04,954.09,973.05,970.94,935.14,92987912.0,841649984.0
2012-05-03,968.83,974.1,951.99,939.35,72626288.0,656503744.0
2012-05-02,950.93,978.31,970.94,940.4,91744304.0,837210880.0
2012-04-27,942.51,956.2,945.67,938.29,47593528.0,429414080.0
2012-04-26,937.24,949.88,942.51,931.98,67000016.0,598870912.0
2012-04-25,906.7,938.29,935.14,903.54,86608904.0,762186368.0
2012-04-24,905.65,926.71,908.81,898.28,57089640.0,494608896.0
2012-04-23,907.76,910.91,905.65,895.12,35176416.0,301328640.0
2012-04-20,901.44,911.97,909.86,894.07,48445468.0,415790560.0
2012-04-19,909.86,913.02,904.6,902.49,34145944.0,294104832.0
2012-04-18,887.75,911.97,909.86,884.59,56785800.0,486793568.0
2012-04-17,902.49,904.6,881.43,877.22,46033872.0,387879936.0
2012-04-16,896.17,914.07,902.49,894.07,30602310.0,262437424.0
2012-04-13,916.18,922.5,903.54,902.49,47527700.0,412227296.0
2012-04-12,900.38,916.18,914.08,896.17,64196240.0,554572736.0
2012-04-11,878.27,916.18,894.07,877.22,70319000.0,601480896.0
2012-04-10,867.74,887.75,886.69,862.47,35315312.0,292796064.0
2012-04-09,876.16,879.32,865.63,864.58,34238088.0,282867680.0
2012-04-06,882.48,896.17,882.48,879.32,42694204.0,360074144.0
2012-04-05,865.63,884.59,880.38,864.58,60894928.0,506664224.0
2012-03-30,861.42,876.16,871.95,860.37,43236556.0,356934016.0
2012-03-29,842.47,884.59,862.47,838.25,77859728.0,639203072.0
2012-03-28,843.52,865.63,842.47,839.31,41916816.0,339168576.0
2012-03-27,844.57,851.94,844.57,842.47,23030972.0,185329296.0
2012-03-26,853.0,854.05,844.57,835.09,35754672.0,286312704.0
2012-03-23,864.58,871.95,855.1,853.0,28908260.0,236183536.0
2012-03-22,863.53,878.27,866.69,860.37,30858038.0,254809952.0
2012-03-21,865.63,870.9,861.42,858.26,33210840.0,272839392.0
2012-03-20,862.47,870.9,860.37,858.26,33339402.0,273648128.0
2012-03-19,865.63,867.74,865.63,856.16,36235300.0,296420352.0
2012-03-16,866.69,874.06,870.9,853.0,45485280.0,373536128.0
2012-03-15,873.0,879.32,864.58,848.78,84164016.0,690413888.0
2012-03-14,903.54,907.76,873.0,869.85,96551632.0,817408768.0
2012-03-13,887.75,899.33,897.23,884.59,38863332.0,328990464.0
2012-03-12,898.28,905.65,879.32,875.11,74453664.0,623582784.0
2012-03-09,910.92,916.18,905.65,895.12,36259228.0,311082880.0
2012-03-08,887.75,916.18,906.7,887.75,57817444.0,499462752.0
2012-03-07,884.59,895.12,887.75,876.16,43078744.0,363145984.0
2012-03-06,896.17,907.76,887.75,884.59,59523164.0,503980960.0
2012-03-05,917.24,931.98,896.17,894.07,81323952.0,703574336.0
2012-03-02,874.06,915.13,908.81,874.06,94111344.0,802286976.0
2012-03-01,867.74,891.96,874.06,865.63,68619872.0,574590848.0
2012-02-29,884.59,885.64,871.95,863.53,89649672.0,746346816.0
2012-02-28,905.65,910.92,897.23,893.01,69548568.0,593752704.0
2012-02-27,895.12,918.29,903.54,895.12,107257200.0,925759680.0
2012-02-24,862.48,905.65,896.17,858.26,117655128.0,987203968.0
2012-02-23,863.53,874.06,862.48,858.26,75998808.0,623803904.0
2012-02-22,840.36,863.53,862.48,840.36,121273744.0,985466880.0
2012-02-21,825.62,835.1,834.04,819.3,37957552.0,297949120.0
2012-02-20,834.04,843.52,824.56,821.4,71861256.0,569546752.0
2012-02-17,826.67,828.78,820.35,811.93,44615660.0,346896096.0
2012-02-16,819.3,823.51,820.35,808.77,39985036.0,310004576.0
2012-02-15,805.61,823.51,823.51,801.4,54176080.0,420041600.0
2012-02-14,805.61,812.98,810.87,794.02,87626504.0,666482176.0
2012-02-13,796.13,821.4,810.87,782.44,91214504.0,696139712.0
2012-02-10,812.98,845.62,826.67,812.98,178925072.0,1417375360.0
2012-02-09,800.34,822.46,810.87,792.97,126142976.0,974568384.0
2012-02-08,781.39,812.98,799.29,777.17,82044480.0,619277376.0
2012-02-07,800.34,805.61,777.17,777.17,80336512.0,597938944.0
2012-02-06,818.25,823.51,802.45,801.39,52243988.0,402667936.0
2012-02-03,806.66,826.67,820.35,801.4,63644836.0,493316320.0
2012-02-02,799.29,810.87,808.77,788.76,41273168.0,312944448.0
2012-02-01,801.4,816.14,796.13,791.92,50097592.0,382524512.0
2012-01-31,795.08,810.87,805.61,795.08,35502936.0,270555616.0
2012-01-30,826.67,829.83,795.08,791.92,105304992.0,806433472.0
2012-01-20,821.4,838.25,831.93,818.25,89686472.0,707734272.0
2012-01-19,795.08,821.4,820.35,790.87,86699400.0,669107840.0
2012-01-18,796.13,808.77,790.87,786.65,48552724.0,367212800.0
2012-01-17,774.01,808.77,798.24,760.33,88222912.0,659817152.0
2012-01-16,779.28,796.13,776.12,774.01,33783392.0,251290176.0
2012-01-13,790.86,796.13,785.6,772.96,39223844.0,292442560.0
2012-01-12,781.39,811.93,791.92,780.33,55986664.0,423747968.0
2012-01-11,789.81,797.18,785.6,782.44,48293468.0,361340128.0
2012-01-10,774.01,801.39,792.97,770.86,107797680.0,804854272.0
2012-01-09,754.01,780.33,780.33,745.58,84603776.0,611933952.0
2012-01-06,765.59,771.91,754.01,743.48,54276960.0,389284128.0
2012-01-05,769.8,781.39,763.49,757.17,52811780.0,387244736.0
2012-01-04,786.65,805.61,771.91,770.86,47432960.0,355989088.0
