date,open,high,close,low,volume,amount
2015-07-07,109.46,113.48,104.79,104.79,33672368.0,443767936.0
2015-07-06,142.37,142.37,116.46,116.46,66943500.0,1024008960.0
2015-07-03,132.96,149.3,129.42,129.42,40001600.0,660375936.0
2015-07-02,153.32,160.24,143.82,143.82,33910944.0,628841536.0
2015-07-01,173.04,186.88,159.76,159.36,44275780.0,965442944.0
2015-06-30,148.81,178.91,177.06,148.81,50191532.0,993197056.0
2015-06-29,185.51,186.96,165.31,165.31,24913292.0,527071584.0
2015-06-26,198.47,198.63,183.66,183.66,26139396.0,608689856.0
2015-06-25,218.11,219.72,204.1,199.6,22942600.0,608594240.0
2015-06-24,214.97,222.13,218.03,208.45,26609296.0,715654592.0
2015-06-23,218.91,226.96,214.25,198.15,35350048.0,908637696.0
2015-06-19,243.46,243.46,220.2,220.2,26187662.0,740044800.0
2015-06-18,253.6,258.99,244.67,242.33,19954384.0,624806464.0
2015-06-17,242.25,256.82,253.6,237.83,21238624.0,654301376.0
2015-06-16,257.55,257.55,243.62,239.6,29686588.0,913171392.0
2015-06-15,275.17,280.16,261.57,260.76,30032452.0,1001231936.0
2015-06-12,281.29,288.37,274.37,270.34,37868600.0,1301773568.0
2015-06-11,264.55,289.58,280.8,262.45,49501260.0,1717883648.0
2015-06-10,261.73,269.7,264.31,252.72,38077916.0,1241592832.0
2015-06-09,248.53,264.79,262.21,239.68,48833924.0,1552430336.0
2015-06-08,262.37,262.78,252.56,250.3,37247896.0,1176721152.0
2015-06-05,270.26,276.06,265.59,261.73,41588428.0,1384739200.0
2015-06-04,278.47,279.68,269.7,253.52,43071344.0,1433503872.0
2015-06-03,284.18,284.91,278.47,262.13,53724080.0,1827880320.0
2015-06-02,284.75,284.83,278.47,267.2,58137732.0,2006756352.0
2015-06-01,257.22,265.43,265.43,257.22,60635296.0,1979128704.0
2015-05-29,231.31,249.42,241.29,223.82,48189264.0,1426309248.0
2015-05-28,252.31,252.72,233.8,233.4,54198604.0,1631809920.0
2015-05-27,259.96,265.59,252.88,246.84,60837276.0,1917330048.0
2015-05-26,255.69,276.54,262.05,250.46,50972276.0,1675053184.0
2015-05-25,231.79,259.48,257.54,228.81,62118776.0,1867053312.0
2015-05-22,245.55,247.08,236.86,229.38,61232160.0,1798175232.0
2015-05-21,216.9,239.03,238.95,216.9,52510440.0,1506297600.0
2015-05-20,205.15,226.96,217.3,205.15,51421256.0,1394159232.0
2015-05-19,205.39,210.22,206.84,202.09,43270964.0,1106204160.0
2015-05-18,212.07,221.33,207.89,206.03,54376664.0,1444820992.0
2015-05-15,202.82,216.9,211.51,199.19,60770552.0,1582605184.0
2015-05-14,208.53,217.14,208.13,193.24,91007312.0,2314737152.0
2015-05-13,182.62,203.22,203.22,177.14,69424088.0,1692330112.0
2015-05-12,179.31,189.38,184.71,177.06,70228768.0,1586009856.0
2015-05-11,160.08,174.41,174.41,160.08,41395536.0,881572992.0
2015-05-08,153.72,160.56,158.55,148.89,37942788.0,732390912.0
2015-05-07,164.43,167.56,153.56,151.95,30750672.0,613432384.0
2015-05-06,170.62,175.29,164.43,163.78,29035120.0,616243648.0
2015-05-05,168.21,174.32,170.3,165.96,33823120.0,719239808.0
2015-05-04,172.23,174.41,168.85,164.99,28199476.0,592756992.0
2015-04-30,177.95,179.31,172.39,169.01,43154480.0,926381504.0
2015-04-29,177.06,185.11,178.59,174.25,39482432.0,881950720.0
2015-04-28,178.67,184.63,180.76,171.43,62498960.0,1396435200.0
2015-04-27,179.07,184.22,177.38,169.82,53099704.0,1154766976.0
2015-04-24,182.13,185.91,178.67,173.04,63170848.0,1405476992.0
2015-04-23,195.41,200.4,188.33,188.33,100127064.0,2405256704.0
2015-04-22,177.06,182.53,182.53,169.01,36267612.0,811106176.0
2015-04-15,178.67,181.73,165.96,160.16,108056816.0,2293863424.0
2015-04-14,187.93,199.6,176.66,175.29,130061336.0,3029010176.0
2015-04-13,181.09,188.01,188.01,177.06,113523800.0,2622824448.0
2015-04-10,160.88,170.94,170.94,155.41,68523216.0,1402717824.0
2015-04-09,143.9,155.41,155.41,142.69,112498624.0,2080682496.0
2015-04-08,144.87,150.34,141.25,135.13,131903976.0,2357068800.0
2015-04-07,136.82,139.8,139.8,132.8,63588768.0,1091102720.0
2015-04-03,113.8,127.08,127.08,112.84,84631952.0,1266579456.0
2015-04-02,112.52,118.15,115.49,111.23,78121360.0,1111970048.0
2015-04-01,103.98,116.14,113.72,103.1,139301184.0,1898879744.0
2015-03-31,105.59,105.59,105.59,99.96,132614936.0,1719575552.0
2015-03-20,94.08,96.98,96.02,93.6,25317484.0,299801408.0
2015-03-19,92.39,95.45,93.52,91.43,76045504.0,884102016.0
2015-03-18,90.94,92.39,91.83,89.98,42712932.0,484467968.0
2015-03-17,91.19,91.67,90.7,89.42,44551108.0,500791968.0
2015-03-16,88.21,91.35,90.22,87.81,46761728.0,523358208.0
2015-03-13,86.92,88.21,87.73,86.2,28250624.0,306013024.0
2015-03-12,85.88,88.37,87.0,85.23,33614648.0,362948832.0
2015-03-11,87.24,87.24,85.71,84.91,35248976.0,376154976.0
2015-03-10,88.53,89.82,87.56,86.52,67598728.0,741201920.0
2015-03-09,83.7,87.81,87.4,82.98,42618440.0,457523680.0
2015-03-06,86.2,87.24,83.78,83.62,29634068.0,312535200.0
2015-03-05,86.76,87.89,86.68,85.31,33504060.0,359076768.0
2015-03-04,83.94,87.56,87.16,83.7,54364560.0,581891200.0
2015-03-03,84.35,85.88,84.27,83.46,38731512.0,407621248.0
2015-03-02,82.41,85.07,84.75,82.01,38298896.0,398365696.0
2015-02-27,82.58,82.9,82.25,81.69,16726587.0,170783344.0
2015-02-26,82.66,83.46,82.66,81.85,17311356.0,177230272.0
2015-02-25,81.45,82.98,82.58,80.72,18769248.0,191042912.0
2015-02-17,80.64,82.25,81.53,80.32,17959708.0,181588544.0
2015-02-16,80.4,81.13,80.56,79.92,12578688.0,126048512.0
2015-02-13,78.95,80.97,80.4,78.87,15195035.0,151634688.0
2015-02-12,78.71,79.52,78.71,78.47,8105051.0,79636128.0
2015-02-11,78.31,79.36,78.71,77.67,7711882.0,75360784.0
2015-02-10,76.94,78.63,78.23,76.94,7628793.0,73801032.0
2015-02-09,77.34,77.99,76.94,76.62,8410952.0,80638624.0
2015-02-06,79.03,80.4,77.5,77.1,14644587.0,143005296.0
2015-02-05,79.76,81.37,79.76,79.6,18474294.0,184591264.0
2015-02-04,80.32,80.64,79.19,79.03,12551215.0,124481656.0
2015-02-03,79.03,80.24,80.24,78.87,12507752.0,123799960.0
2015-02-02,80.08,81.21,79.36,78.87,18241576.0,181292160.0
2015-01-30,82.33,83.3,81.85,81.29,17480772.0,178417680.0
2015-01-29,83.62,83.62,82.09,81.53,18267624.0,187079904.0
2015-01-28,83.7,85.63,83.7,83.38,24513644.0,257259056.0
2015-01-27,86.12,86.12,83.7,82.25,30935136.0,323978720.0
2015-01-26,85.23,86.6,85.79,84.43,36180520.0,385093344.0
2015-01-23,84.19,86.76,85.79,82.5,52120364.0,550029056.0
2015-01-22,84.35,84.91,84.19,82.98,27433820.0,285714240.0
2015-01-21,82.74,84.1,83.86,82.17,34350760.0,356674208.0
2015-01-20,79.68,83.22,82.98,79.68,31950266.0,325259936.0
2015-01-19,80.08,84.02,80.81,78.87,35847384.0,365818400.0
2015-01-16,81.37,81.85,81.29,80.4,15461339.0,155705616.0
2015-01-15,81.29,81.77,81.13,80.4,15436995.0,155350784.0
2015-01-14,80.08,84.43,82.09,79.03,36108336.0,369381664.0
2015-01-13,76.78,81.13,80.48,76.7,19102912.0,188449920.0
2015-01-12,80.48,80.56,77.42,77.26,16084105.0,156858592.0
2015-01-09,81.29,83.54,80.97,80.48,27105020.0,276346624.0
2015-01-08,79.76,81.69,80.64,79.6,21223290.0,213464608.0
2015-01-07,80.32,81.37,79.76,79.11,14501478.0,144366544.0
2015-01-06,79.11,81.29,80.64,78.07,24266288.0,241210560.0
2015-01-05,78.63,79.52,79.28,76.86,19757660.0,191779056.0
2014-12-31,79.28,79.44,78.63,76.86,17113090.0,165863344.0
2014-12-30,78.79,81.85,79.92,78.79,25806414.0,258911776.0
2014-12-29,78.47,79.52,78.71,77.58,15553586.0,151702000.0
2014-12-26,78.39,78.87,78.39,77.58,13398125.0,130268416.0
2014-12-25,78.31,79.11,78.39,77.34,13626683.0,132442752.0
2014-12-24,76.94,79.11,78.63,76.94,13361897.0,129422488.0
2014-12-23,76.3,78.31,76.62,76.06,13375910.0,128497504.0
2014-12-22,82.01,82.01,76.78,75.98,30915776.0,300078720.0
2014-12-19,84.02,84.43,82.17,80.64,26712714.0,272446048.0
2014-12-18,84.02,85.47,83.78,83.54,21486074.0,225269088.0
2014-12-17,88.53,88.53,85.15,83.38,35111512.0,373375680.0
2014-12-16,89.17,90.14,87.97,86.92,32747024.0,358717120.0
2014-12-15,86.12,89.17,88.85,84.99,45537072.0,495564448.0
2014-12-12,86.36,87.24,86.28,84.75,39261756.0,419379072.0
2014-12-11,82.17,88.05,87.32,81.77,67067300.0,711613184.0
2014-12-10,80.48,83.62,82.82,78.87,24695300.0,250904432.0
2014-12-09,85.15,85.15,80.48,80.4,44396884.0,457166432.0
2014-12-08,82.09,86.68,85.47,82.09,56915180.0,598111744.0
2014-12-05,85.15,85.23,81.29,79.11,37998368.0,387773696.0
2014-12-04,82.98,85.71,85.07,82.74,47546528.0,499447520.0
2014-12-03,82.66,82.9,82.74,81.29,27580014.0,281301408.0
2014-12-02,80.64,83.14,82.5,80.56,24315998.0,248784112.0
2014-12-01,81.21,82.5,80.89,80.48,21198348.0,213810736.0
2014-11-28,82.74,83.3,81.93,81.45,23287688.0,238330128.0
2014-11-27,83.14,83.94,82.41,81.85,27412356.0,281674464.0
2014-11-26,81.45,83.22,83.14,80.72,31207268.0,317811968.0
2014-11-25,79.84,81.29,81.29,79.52,22096896.0,221970080.0
2014-11-24,79.44,80.08,79.76,78.47,17766608.0,175252384.0
2014-11-21,78.55,79.19,79.03,77.58,12419182.0,120996168.0
2014-11-20,79.68,79.68,78.71,78.55,14291919.0,140054272.0
2014-11-19,80.48,81.69,80.16,79.92,22187272.0,222841264.0
2014-11-18,79.03,80.32,79.92,78.07,15963543.0,157297344.0
2014-11-17,79.11,80.0,79.03,78.47,14438445.0,142223696.0
2014-11-14,77.1,79.19,79.11,76.46,20156920.0,195901248.0
2014-11-13,76.86,77.58,76.94,75.49,15435571.0,146607600.0
2014-11-12,75.65,77.42,77.1,75.25,13941211.0,132989768.0
2014-11-11,80.0,80.24,75.73,75.01,32487042.0,311753472.0
2014-11-10,79.28,80.16,80.0,79.03,13481844.0,133513776.0
2014-11-07,82.09,82.25,79.68,79.44,26535004.0,266340560.0
2014-11-06,81.53,82.17,81.93,81.29,12483003.0,126818304.0
2014-11-05,82.17,82.49,81.53,80.89,18278142.0,185202224.0
2014-11-04,83.86,84.43,82.5,82.41,18175996.0,187648096.0
2014-11-03,83.3,84.83,84.51,82.09,29706640.0,306322656.0
2014-10-31,84.51,85.88,83.62,82.5,31271252.0,324800000.0
2014-10-30,82.98,86.84,85.15,82.66,47071332.0,499141600.0
2014-10-29,83.14,83.7,83.3,82.09,33060572.0,340270304.0
2014-10-28,80.89,83.06,82.9,80.72,28172564.0,288450432.0
2014-10-27,80.48,81.53,81.37,78.95,18824750.0,189032560.0
2014-10-24,80.48,81.61,80.48,79.6,18626580.0,186546528.0
2014-10-23,79.84,81.77,80.72,78.47,33028208.0,328680896.0
2014-10-22,81.53,82.5,80.0,79.68,29073056.0,292596064.0
2014-10-21,83.7,83.7,81.53,80.56,48054452.0,488826432.0
2014-10-20,84.51,87.97,85.71,84.19,50203172.0,536585216.0
2014-10-17,87.81,88.85,83.78,81.29,73145120.0,769240960.0
2014-10-16,91.19,98.51,87.97,87.56,135790912.0,1579278720.0
2014-10-15,85.79,94.73,92.47,84.51,111978432.0,1266438912.0
2014-10-14,84.91,88.29,86.12,83.38,57407544.0,609957632.0
2014-10-13,82.01,86.12,85.23,81.37,54499800.0,570443520.0
2014-10-10,82.01,84.43,82.33,81.37,41962216.0,432123392.0
2014-10-09,80.56,84.27,82.66,80.16,56711440.0,581261568.0
2014-10-08,78.55,81.77,81.13,77.1,46900556.0,461821632.0
2014-09-30,78.87,79.28,77.91,77.26,42301848.0,410616096.0
2014-09-29,77.67,79.19,79.03,76.22,49197372.0,475771104.0
2014-09-26,75.97,77.26,76.22,74.85,34451024.0,325732608.0
2014-09-25,74.77,77.67,75.98,74.2,48342768.0,454694304.0
2014-09-24,74.61,75.33,74.53,73.64,32262776.0,298987744.0
2014-09-23,73.88,74.77,74.61,73.32,32347588.0,297980128.0
2014-09-22,73.64,75.98,73.88,72.27,59283380.0,546433728.0
2014-09-19,73.16,73.4,72.84,72.19,27208448.0,246267888.0
2014-09-18,72.27,74.45,73.64,71.71,63646552.0,578044992.0
2014-09-17,69.38,73.08,72.35,68.73,35198008.0,309396256.0
2014-09-16,71.55,72.03,69.13,69.05,24862632.0,218348464.0
2014-09-15,71.47,71.95,71.63,70.42,28034304.0,248438672.0
2014-09-12,70.5,71.23,71.15,69.54,25194000.0,220485712.0
2014-09-11,72.03,73.08,70.18,69.7,47420740.0,419970752.0
2014-09-10,70.66,72.19,71.47,70.42,39003792.0,346247648.0
2014-09-09,70.02,73.0,72.52,69.13,56529120.0,502291648.0
2014-09-05,68.73,70.66,70.34,68.25,33115096.0,286410304.0
2014-09-04,68.25,68.81,68.65,68.01,13923459.0,118433848.0
2014-09-03,68.09,68.89,68.33,67.77,14175910.0,120342336.0
2014-09-02,67.36,69.22,68.41,67.04,17801396.0,151036784.0
2014-09-01,66.24,67.2,67.2,66.08,7565623.0,62845320.0
2014-08-29,65.67,66.32,66.32,65.51,5412141.0,44283956.0
2014-08-28,65.75,66.0,65.59,65.11,6625630.0,53994456.0
2014-08-27,65.43,66.08,65.67,65.43,6249261.0,51037668.0
2014-08-26,66.64,67.04,65.43,65.19,11781252.0,96608800.0
2014-08-25,68.01,68.33,66.88,66.72,10279490.0,85858112.0
2014-08-22,67.61,68.17,68.01,67.44,10378126.0,87418216.0
2014-08-21,68.73,68.89,67.77,67.12,14054649.0,118454040.0
2014-08-20,68.97,69.46,68.89,68.49,13138394.0,112563744.0
2014-08-19,69.38,69.46,69.05,68.57,18228508.0,155972816.0
2014-08-18,68.97,70.34,69.62,68.81,26850540.0,232147616.0
2014-08-15,67.85,68.49,68.41,67.44,13257917.0,112314048.0
2014-08-14,67.69,68.33,67.61,67.44,12778703.0,107848704.0
2014-08-13,68.25,68.33,67.77,66.96,15717780.0,132194936.0
2014-08-12,68.89,69.13,68.41,67.77,17111280.0,145203920.0
2014-08-11,68.81,69.62,68.81,68.57,19769536.0,169289328.0
2014-08-08,68.33,68.49,67.93,67.61,18488406.0,156115648.0
2014-08-07,68.73,69.7,68.49,67.85,28522144.0,243811872.0
2014-08-06,68.57,69.05,68.81,68.09,23975166.0,204474016.0
2014-08-05,71.23,71.23,69.22,68.41,53107680.0,457891136.0
2014-08-04,72.27,73.08,72.11,70.02,46738356.0,416660224.0
2014-08-01,68.01,74.45,72.19,67.61,71365552.0,638124352.0
2014-07-31,68.09,70.42,68.41,66.96,34223572.0,292060800.0
2014-07-30,65.35,69.13,68.09,64.95,32171648.0,268627264.0
2014-07-29,65.03,66.4,65.35,64.87,14387110.0,117354688.0
2014-07-28,65.27,65.92,65.11,64.39,15255605.0,123378664.0
2014-07-25,63.74,65.03,64.63,63.34,10796009.0,86089176.0
2014-07-24,63.66,63.9,63.42,62.45,6968482.0,54725156.0
2014-07-23,63.1,64.31,63.58,62.86,9415885.0,74665016.0
2014-07-22,62.37,63.42,63.1,61.89,5889477.0,46085888.0
2014-07-21,63.18,63.58,62.21,62.13,4899248.0,38172084.0
2014-07-18,62.86,63.82,63.18,62.78,5939799.0,46751328.0
2014-07-17,63.98,63.98,62.78,62.53,7602139.0,59566428.0
2014-07-16,64.95,65.35,64.14,63.98,9538914.0,76361352.0
2014-07-15,63.42,65.43,65.11,63.02,18927784.0,151709200.0
2014-07-14,62.86,63.82,63.66,62.53,10411527.0,81754496.0
2014-07-11,65.03,65.83,63.18,63.02,17700386.0,140774096.0
2014-07-10,61.65,63.66,63.18,61.25,18709088.0,146344304.0
2014-07-09,60.92,62.37,61.81,60.92,11042950.0,84737816.0
2014-07-08,61.33,61.65,61.33,60.52,5974448.0,45279960.0
2014-07-07,61.49,62.13,61.65,61.09,5436919.0,41695204.0
2014-07-04,62.29,62.62,61.49,61.41,8973321.0,68908224.0
2014-07-03,60.2,63.9,62.13,60.2,18933048.0,147031696.0
2014-07-02,60.44,61.09,60.52,59.96,5694241.0,42788008.0
2014-07-01,59.88,60.52,60.36,59.64,5262815.0,39303588.0
2014-06-30,59.16,59.88,59.64,58.91,4025522.0,29803030.0
2014-06-27,58.51,59.56,59.16,58.51,3968797.0,29156726.0
2014-06-26,57.95,58.99,58.67,57.95,3813168.0,27819396.0
2014-06-25,58.83,58.91,57.95,57.47,3530911.0,25456372.0
2014-06-24,58.59,59.07,58.67,58.35,2799371.0,20384926.0
2014-06-23,58.27,58.91,58.59,58.03,2715742.0,19782082.0
2014-06-20,57.63,58.35,58.27,57.3,2964031.0,21358702.0
2014-06-19,60.12,60.52,57.87,56.34,6652735.0,48477304.0
2014-06-18,61.25,61.41,60.28,59.96,5478256.0,41255524.0
2014-06-17,61.81,61.89,61.25,61.09,5015063.0,38294736.0
2014-06-16,60.92,62.62,62.13,60.84,9403446.0,72344616.0
2014-06-13,60.84,61.65,61.09,60.84,4561484.0,34703228.0
2014-06-12,61.97,61.97,60.76,60.6,6297792.0,47818828.0
2014-06-11,61.97,62.37,62.13,61.73,4286055.0,33054208.0
2014-06-10,62.13,62.53,62.13,61.33,6115003.0,47034036.0
2014-06-09,61.49,62.37,62.13,61.41,7260063.0,55932004.0
2014-06-06,61.09,62.13,61.41,60.84,6944571.0,53058820.0
2014-06-05,60.36,61.33,61.09,60.2,4757120.0,36035260.0
2014-06-04,60.76,61.49,60.6,60.2,6393142.0,48256956.0
2014-06-03,59.56,63.42,61.41,59.23,13720885.0,105346584.0
2014-05-30,59.96,60.2,59.64,58.99,4508488.0,33303068.0
2014-05-29,60.52,61.41,60.04,59.96,5244324.0,39570036.0
2014-05-28,59.88,60.6,60.52,59.64,3872700.0,28981416.0
2014-05-27,60.44,60.92,59.88,59.88,4231100.0,31769800.0
2014-05-26,59.8,60.84,60.68,59.8,5026764.0,37749080.0
2014-05-23,59.16,59.88,59.8,58.91,3489832.0,25776382.0
2014-05-22,59.48,59.96,59.23,59.23,3924000.0,29078098.0
2014-05-21,58.75,59.48,59.4,57.95,3228402.0,23604606.0
2014-05-20,59.16,59.56,59.07,58.67,2823214.0,20735582.0
2014-05-19,59.4,59.4,58.91,58.51,3586253.0,26212582.0
2014-05-16,59.88,59.88,59.48,58.75,4080869.0,30032898.0
2014-05-15,60.68,61.57,59.96,59.72,5170848.0,39087660.0
2014-05-14,61.17,61.81,60.68,60.68,6405539.0,48726608.0
2014-05-13,60.28,61.09,61.01,59.8,5621447.0,42296876.0
2014-05-12,58.91,60.28,60.2,58.75,5072756.0,37545852.0
2014-05-09,60.04,60.36,58.51,58.11,5511757.0,40383808.0
2014-05-08,59.48,60.76,59.96,59.23,3660071.0,27360958.0
2014-05-07,61.41,61.41,60.12,60.04,4964255.0,37361264.0
2014-05-06,61.57,61.97,61.33,60.84,4185146.0,31984264.0
2014-05-05,61.09,61.81,61.57,60.68,4168283.0,31764678.0
2014-04-30,60.2,61.17,61.17,59.96,4161430.0,31444530.0
2014-04-29,59.31,60.2,60.2,59.23,3854565.0,28655070.0
2014-04-28,61.41,61.73,59.32,59.23,6468024.0,48203744.0
2014-04-25,63.34,63.74,61.49,61.41,7029141.0,54591844.0
2014-04-24,63.42,63.9,63.34,63.1,4538449.0,35781988.0
2014-04-23,64.71,64.87,63.82,63.58,4860053.0,38704532.0
2014-04-22,64.31,65.03,64.63,63.5,7807509.0,62234444.0
2014-04-21,65.83,66.08,64.55,64.55,10647447.0,86412720.0
2014-04-18,65.92,67.12,66.4,65.92,8376137.0,69397832.0
2014-04-17,66.96,66.96,65.67,65.59,7384417.0,60679780.0
2014-04-16,66.24,67.44,66.72,66.08,5646162.0,46857516.0
2014-04-15,67.61,67.61,66.4,66.0,9181724.0,75938200.0
2014-04-14,66.56,68.01,67.77,66.24,12667154.0,106215120.0
2014-04-11,66.8,66.96,66.56,65.75,9208734.0,75870544.0
2014-04-10,67.61,68.33,67.04,66.96,16647612.0,139596000.0
2014-04-09,65.27,67.93,67.36,65.03,19364302.0,159721088.0
2014-04-08,64.22,65.51,65.35,63.98,7412839.0,59864616.0
2014-04-04,63.58,64.95,64.71,63.26,7048141.0,56472004.0
2014-04-03,63.98,64.55,63.74,63.26,7504010.0,59526968.0
2014-04-02,65.03,65.51,63.98,63.66,9755996.0,78230360.0
2014-04-01,64.79,65.27,64.87,64.14,5998643.0,48359408.0
2014-03-31,65.75,65.92,64.79,64.39,7532415.0,60771828.0
2014-03-28,64.39,66.08,66.0,63.9,12820678.0,103409248.0
2014-03-27,66.8,66.8,64.71,64.47,15816819.0,128286264.0
2014-03-26,66.64,68.41,67.2,66.56,16979338.0,142569424.0
2014-03-25,66.32,67.12,66.24,65.59,11338732.0,93526840.0
2014-03-24,66.0,66.96,66.64,65.19,13158211.0,108133512.0
2014-03-21,64.79,66.32,65.92,62.86,18928632.0,152081248.0
2014-03-20,67.69,68.01,65.19,65.19,19240252.0,159672160.0
2014-03-19,69.46,70.5,68.25,67.53,21631212.0,185282816.0
2014-03-18,68.17,71.23,69.46,68.01,26608412.0,230757696.0
2014-03-17,67.36,69.38,68.57,66.48,19997736.0,169082432.0
2014-03-14,67.2,67.85,67.61,66.08,21265716.0,177069264.0
2014-03-13,69.05,71.39,68.73,68.25,31971976.0,276947104.0
2014-03-12,70.02,72.11,67.85,65.92,42560140.0,363407392.0
2014-03-11,72.43,73.32,70.34,69.78,46499408.0,413177472.0
2014-03-10,74.37,76.3,75.73,70.42,104234120.0,952897344.0
2014-03-07,69.38,69.38,69.38,68.49,18778924.0,161864448.0
2014-03-05,61.49,65.51,63.1,61.41,19881928.0,156884400.0
2014-03-04,62.05,62.05,61.17,60.52,9346271.0,71000208.0
2014-03-03,62.05,62.7,62.45,61.17,8962195.0,69111512.0
2014-02-28,61.97,63.34,62.21,60.84,10352814.0,79814504.0
2014-02-27,61.25,63.1,62.45,59.48,16909136.0,129658760.0
2014-02-26,60.52,61.57,60.84,57.79,14349240.0,106774752.0
2014-02-25,64.55,65.83,61.97,61.81,25296644.0,202034144.0
2014-02-24,63.5,64.63,64.55,61.97,21283016.0,168290736.0
2014-02-21,62.7,63.9,63.42,62.13,10899031.0,85397416.0
2014-02-20,64.39,64.71,62.94,62.29,16615722.0,130514528.0
2014-02-19,61.97,64.79,64.31,61.97,30606888.0,242872464.0
2014-02-18,63.18,63.26,61.97,61.73,12543520.0,97203304.0
2014-02-17,62.7,63.34,63.18,62.05,12555661.0,98047856.0
2014-02-14,61.49,62.45,62.21,61.25,8125727.0,62658628.0
2014-02-13,63.1,63.1,61.17,61.01,13627217.0,104934984.0
2014-02-12,63.18,63.34,63.18,61.73,13977274.0,108717312.0
2014-02-11,63.82,65.03,63.02,62.37,16704470.0,131975504.0
2014-02-10,62.94,63.82,63.58,62.94,16482325.0,129946832.0
2014-02-07,63.26,63.26,62.78,61.65,11571759.0,89765728.0
2014-01-30,63.1,63.9,63.42,62.45,10496910.0,82228832.0
2014-01-29,62.78,63.66,63.26,62.29,14269037.0,111611664.0
2014-01-28,61.57,65.83,63.42,61.49,31708348.0,251350464.0
2014-01-27,61.57,62.37,60.6,60.36,13476778.0,102962848.0
2014-01-24,61.73,62.37,61.25,60.84,14903274.0,113730256.0
2014-01-23,60.2,61.17,60.68,59.96,11983843.0,90245288.0
2014-01-22,59.64,60.44,60.2,59.4,11108513.0,82784752.0
2014-01-21,59.8,61.01,59.64,59.32,14979175.0,111672768.0
2014-01-20,57.38,61.09,60.28,57.06,16957776.0,124725944.0
2014-01-17,58.11,58.11,57.3,56.82,6842597.0,48758888.0
2014-01-16,56.74,58.11,57.3,55.94,7927026.0,56206628.0
2014-01-15,56.5,57.06,56.66,55.94,6729132.0,47224404.0
2014-01-14,55.53,56.34,56.34,55.21,5545894.0,38430916.0
2014-01-13,57.06,57.95,55.13,54.49,10684808.0,74418008.0
2014-01-10,60.44,60.44,56.82,56.82,13124945.0,94854424.0
2014-01-09,61.41,62.37,60.6,60.2,15272201.0,116416280.0
2014-01-08,62.37,62.7,60.6,60.2,14417353.0,109106840.0
2014-01-07,59.72,60.84,60.36,59.16,7145704.0,53310716.0
2014-01-06,61.17,61.57,59.72,59.56,10154040.0,76328464.0
2014-01-03,60.6,61.33,61.17,58.91,14814088.0,110641424.0
2014-01-02,60.76,61.41,60.6,60.28,8954358.0,67653240.0
2013-12-31,60.36,60.84,60.76,59.8,10805800.0,81211656.0
2013-12-30,61.81,62.13,60.52,60.44,11580759.0,87960328.0
2013-12-27,59.64,62.05,61.65,59.23,16530712.0,123848464.0
2013-12-26,61.57,62.94,59.96,59.96,18648754.0,142849776.0
2013-12-25,62.78,62.78,62.13,60.84,26155900.0,200648432.0
2013-12-24,66.24,66.48,63.98,63.58,29224092.0,234644752.0
2013-12-23,65.43,68.89,67.36,65.19,46340388.0,385900576.0
2013-12-20,63.9,66.24,64.39,63.1,29553896.0,237629984.0
2013-12-19,64.63,67.28,63.66,63.18,39227976.0,318313664.0
2013-12-18,62.13,66.56,65.11,61.81,39487720.0,315796608.0
2013-12-17,60.44,63.34,61.89,60.44,16640337.0,128615696.0
2013-12-16,61.81,62.13,60.28,59.96,10319493.0,78336920.0
2013-12-13,60.76,61.97,61.41,60.36,12917355.0,98191776.0
2013-12-12,59.56,64.14,61.89,59.4,29924188.0,231046480.0
2013-12-11,60.28,60.28,59.23,58.67,6445919.0,47535328.0
2013-12-10,61.25,61.57,60.6,60.36,6145157.0,46373728.0
2013-12-09,60.76,61.65,61.17,60.68,7518084.0,57142104.0
2013-12-06,60.76,61.97,60.6,60.52,8519308.0,64703292.0
2013-12-05,60.6,61.89,61.33,59.8,14624370.0,110910400.0
2013-12-04,59.48,60.76,60.52,59.32,9772497.0,73223104.0
2013-12-03,57.95,59.48,59.23,57.95,5204027.0,38080600.0
2013-12-02,60.6,60.6,57.71,56.9,10970720.0,80172496.0
2013-11-29,61.17,61.49,61.01,60.44,7446683.0,56302016.0
2013-11-28,60.6,61.33,60.68,60.36,10611601.0,80220616.0
2013-11-27,59.88,60.76,60.68,59.72,8103567.0,60737248.0
2013-11-26,59.07,60.44,60.28,58.51,9599652.0,71402912.0
2013-11-25,58.75,60.12,59.16,58.43,5462210.0,40431000.0
2013-11-22,58.99,59.4,59.32,58.75,5079127.0,37331172.0
2013-11-21,59.64,59.88,59.07,58.59,7838822.0,57538352.0
2013-11-20,59.88,60.36,60.12,59.4,7245925.0,53860580.0
2013-11-19,59.56,61.41,60.52,58.67,15806138.0,117989728.0
2013-11-18,58.03,59.64,59.4,57.63,10024622.0,73327008.0
2013-11-15,56.42,58.11,57.63,56.42,6765091.0,48314684.0
2013-11-14,55.69,56.98,56.74,55.21,4716166.0,32868574.0
2013-11-13,57.22,57.63,56.34,56.26,5416988.0,38232948.0
2013-11-12,57.55,58.03,58.03,57.22,4488493.0,32191692.0
2013-11-11,57.3,57.95,57.87,56.98,4146505.0,29594998.0
2013-11-08,57.79,57.95,57.22,56.26,5839621.0,41391820.0
2013-11-07,59.72,59.96,58.03,57.79,7065924.0,51317304.0
2013-11-06,59.4,62.37,59.64,59.4,14825672.0,111574944.0
2013-11-05,58.75,58.75,58.67,56.74,6088028.0,43795352.0
2013-11-04,59.16,59.48,58.75,58.19,3595122.0,26249008.0
2013-11-01,58.75,59.64,58.75,58.35,5174118.0,37940904.0
2013-10-31,57.63,60.04,59.56,56.98,8389131.0,60643340.0
2013-10-30,57.55,58.11,58.11,56.98,6058800.0,43369144.0
2013-10-29,60.28,60.36,57.47,54.81,10634850.0,75875504.0
2013-10-28,60.2,61.09,60.44,59.56,5848594.0,43877348.0
2013-10-25,61.17,61.65,59.56,59.16,9263781.0,69293640.0
2013-10-24,61.57,63.1,61.41,61.25,9450499.0,72883904.0
2013-10-23,62.53,63.5,60.6,60.44,12165268.0,93292760.0
2013-10-22,64.63,64.71,62.53,62.05,15713671.0,123678216.0
2013-10-21,63.5,65.19,64.79,63.18,14616522.0,116708752.0
2013-10-18,63.5,64.22,63.5,62.05,9834892.0,77358528.0
2013-10-17,64.95,65.59,63.26,62.86,18861136.0,150025152.0
2013-10-16,66.96,67.04,64.55,63.98,27310010.0,220772208.0
2013-10-15,64.14,69.05,67.77,63.18,46167384.0,381996448.0
2013-10-14,62.7,64.31,63.26,62.37,20021868.0,158000944.0
2013-10-11,61.89,63.18,62.62,61.01,14908847.0,115406152.0
2013-10-10,62.37,63.02,61.73,60.84,16899276.0,129530896.0
2013-10-09,60.92,64.06,63.1,60.68,26934056.0,210250512.0
2013-10-08,61.17,61.73,60.84,60.2,12855115.0,97245504.0
2013-09-30,61.01,62.78,61.89,59.07,19493540.0,146626896.0
2013-09-27,62.53,63.5,61.33,60.92,21921160.0,170058944.0
2013-09-26,62.21,64.39,61.97,61.17,49257332.0,385905536.0
2013-09-25,56.9,62.78,62.78,56.34,43269940.0,330821760.0
2013-09-24,56.66,57.55,57.06,55.77,8911581.0,62672608.0
2013-09-23,55.53,56.58,56.58,55.53,7256517.0,50674288.0
2013-09-18,54.73,55.53,55.37,54.57,3475411.0,23845696.0
2013-09-17,55.53,56.5,54.73,54.73,5684667.0,39269668.0
2013-09-16,56.1,56.58,55.53,55.53,6195823.0,43079296.0
2013-09-13,56.9,56.9,56.02,55.77,8909866.0,62228828.0
2013-09-12,56.1,58.67,57.14,55.61,19355958.0,138084336.0
2013-09-11,56.34,56.58,56.1,55.53,10792409.0,75231200.0
2013-09-10,55.69,56.42,56.26,55.29,10425723.0,72276240.0
2013-09-09,55.53,56.02,55.77,55.21,8286801.0,57289636.0
2013-09-06,56.34,56.42,55.69,55.21,8381782.0,57972692.0
2013-09-05,54.73,56.1,56.1,54.41,13532658.0,93632168.0
2013-09-04,54.89,55.13,54.73,54.33,4332964.0,29399506.0
2013-09-03,54.33,54.89,54.89,53.84,5585442.0,37933244.0
2013-09-02,54.0,54.41,54.33,53.2,4513544.0,30157256.0
2013-08-30,54.08,54.89,54.0,53.6,5700730.0,38427492.0
2013-08-29,54.65,55.05,54.16,53.76,5273717.0,35664728.0
2013-08-28,55.61,55.61,54.73,54.33,5984004.0,40684908.0
2013-08-27,54.65,55.69,55.53,54.41,7926163.0,54355276.0
2013-08-26,53.44,54.49,54.41,53.28,4248647.0,28558194.0
2013-08-23,53.92,54.25,53.36,52.64,4910594.0,32665156.0
2013-08-22,54.41,54.49,54.0,53.84,4037356.0,27151762.0
2013-08-21,53.6,54.49,54.49,53.6,3771768.0,25359862.0
2013-08-20,54.81,54.97,54.0,53.76,5915994.0,39872892.0
2013-08-19,53.92,55.05,54.73,53.44,4637622.0,31347484.0
2013-08-16,54.97,56.18,54.49,54.33,8070067.0,55255248.0
2013-08-15,56.74,56.9,55.53,55.45,6943377.0,48367300.0
2013-08-14,57.3,57.47,56.74,56.5,7238276.0,51226712.0
2013-08-13,57.87,57.95,57.47,56.98,6897828.0,49116160.0
2013-08-12,57.55,58.35,57.47,56.98,11302062.0,80728120.0
2013-08-09,56.66,57.06,56.42,55.53,8805532.0,61701016.0
2013-08-08,56.26,58.27,57.06,56.02,15366162.0,109335368.0
2013-08-07,55.94,56.74,55.77,55.61,6997338.0,48716636.0
2013-08-06,56.5,56.98,56.34,55.53,9324385.0,65170612.0
2013-08-05,54.81,56.74,56.58,54.33,10667358.0,74000416.0
2013-08-02,54.57,55.37,54.89,54.57,6439680.0,44019396.0
2013-08-01,54.0,55.05,54.97,53.84,7200362.0,48708288.0
2013-07-31,54.65,55.29,54.25,53.6,5048090.0,34024492.0
2013-07-30,54.0,54.97,54.49,53.36,6127168.0,41338240.0
2013-07-29,53.92,54.49,53.68,53.2,5918736.0,39478740.0
2013-07-26,55.05,55.94,54.49,54.0,6431894.0,43866860.0
2013-07-25,56.82,57.3,55.37,55.13,12661794.0,88031728.0
2013-07-24,55.53,59.4,57.3,54.89,24637578.0,176074080.0
2013-07-23,56.34,56.82,56.02,54.73,20413096.0,141369200.0
2013-07-22,54.73,56.66,56.66,52.31,28474550.0,197465760.0
2013-07-19,53.12,53.6,51.51,51.27,4779952.0,31245798.0
2013-07-18,53.12,54.0,52.96,52.55,6214732.0,41158992.0
2013-07-17,53.6,54.49,53.36,53.28,7945184.0,53302324.0
2013-07-16,53.12,54.73,53.84,53.12,7821250.0,52341952.0
2013-07-15,52.15,53.68,53.12,51.99,6900119.0,45457316.0
2013-07-12,53.36,53.44,51.99,51.83,8419636.0,55043840.0
2013-07-11,51.27,55.13,53.36,51.11,14879996.0,98853256.0
2013-07-10,49.34,51.03,51.03,49.26,4949770.0,30884848.0
2013-07-09,49.42,50.22,49.34,48.77,2830862.0,17341874.0
2013-07-08,50.7,50.7,49.5,48.61,4432767.0,27376538.0
2013-07-05,51.75,52.23,51.43,51.19,4991782.0,32106792.0
2013-07-04,51.35,52.48,51.75,50.78,7212209.0,46337452.0
2013-07-03,51.03,52.96,52.07,50.38,11486600.0,74000880.0
2013-07-02,49.9,51.03,50.95,49.5,5749746.0,36030228.0
2013-07-01,49.9,50.22,49.82,48.05,6157763.0,37627064.0
2013-06-28,49.9,50.7,49.9,48.37,4509291.0,27922760.0
2013-06-27,51.19,52.23,49.9,49.9,8424228.0,53703088.0
2013-06-26,49.5,51.27,51.19,48.69,7892407.0,49339140.0
2013-06-25,49.42,50.3,49.42,44.59,8409182.0,49935852.0
2013-06-24,54.57,54.57,49.58,49.09,6308832.0,40080080.0
2013-06-21,55.53,55.53,54.57,53.28,4108513.0,27721308.0
2013-06-20,57.71,57.87,55.85,55.77,4080410.0,28816396.0
2013-06-19,58.67,58.91,57.71,56.34,3921010.0,27897004.0
2013-06-18,58.35,59.16,58.51,58.11,2703567.0,19637702.0
2013-06-17,57.63,58.75,58.27,57.63,3747835.0,27188848.0
2013-06-14,57.3,58.27,57.63,57.3,3920789.0,28206956.0
2013-06-13,58.91,58.91,57.14,56.18,5198939.0,36865276.0
2013-06-07,60.44,61.33,58.91,58.75,6223001.0,46305120.0
2013-06-06,62.37,62.37,60.68,60.44,7105747.0,54025692.0
2013-06-05,61.81,62.7,62.45,61.81,4219124.0,32622928.0
2013-06-04,64.31,64.31,62.05,61.73,10714706.0,83616480.0
2013-06-03,64.47,64.95,64.39,63.5,10004268.0,79877896.0
2013-05-31,65.92,65.92,64.47,64.47,12452850.0,100634888.0
2013-05-30,64.55,65.51,65.19,64.06,15733594.0,127067696.0
2013-05-29,63.66,65.19,64.79,63.66,17140462.0,137836576.0
2013-05-28,63.42,63.9,63.5,62.53,9526970.0,74808752.0
2013-05-27,62.78,63.9,63.74,61.33,13204558.0,102884408.0
2013-05-24,63.58,63.9,63.5,62.78,8877198.0,69760152.0
2013-05-23,64.87,65.59,63.58,63.5,12548887.0,100675832.0
2013-05-22,65.83,66.88,64.95,64.79,21901152.0,178523872.0
2013-05-21,63.34,65.43,65.35,62.94,25516416.0,204675712.0
2013-05-20,64.22,64.22,63.66,61.97,18396968.0,144439568.0
2013-05-17,64.71,65.19,64.31,63.82,17005464.0,136005232.0
2013-05-16,63.66,63.82,63.82,62.53,12718375.0,100150536.0
2013-05-15,63.1,63.74,63.34,62.29,8912397.0,69789264.0
2013-05-14,62.94,63.82,62.94,62.45,11055282.0,86839408.0
2013-05-13,63.26,64.22,63.1,62.05,15731343.0,123425568.0
2013-05-10,60.52,64.31,63.5,60.36,19711624.0,153593648.0
2013-05-09,62.13,62.29,60.68,60.2,12460556.0,94511056.0
2013-05-08,61.41,62.7,62.45,61.41,11458681.0,88425200.0
2013-05-07,61.49,62.13,61.41,61.09,8121766.0,62097004.0
2013-05-06,61.65,62.21,61.73,60.77,8548125.0,65392824.0
2013-05-03,59.72,61.81,61.57,59.72,9090791.0,68932480.0
2013-05-02,59.64,60.36,59.48,58.99,5578732.0,41289332.0
2013-04-26,60.36,61.65,59.64,59.4,9048025.0,67812704.0
2013-04-25,62.78,62.78,60.68,60.52,12244199.0,93698584.0
2013-04-24,63.5,63.5,62.94,61.17,14091160.0,109305328.0
2013-04-23,65.27,66.48,62.94,62.86,16859182.0,134075344.0
2013-04-22,64.47,67.12,65.75,64.39,21668420.0,177865664.0
2013-04-19,63.74,65.11,64.79,63.42,17064624.0,136798640.0
2013-04-18,64.39,64.79,64.06,63.26,13783665.0,109456584.0
2013-04-17,63.9,65.27,65.03,63.18,16901768.0,135447104.0
2013-04-16,63.98,64.22,63.58,61.41,22045790.0,172218672.0
2013-04-15,67.04,69.7,66.0,65.83,28742474.0,241204432.0
2013-04-12,67.53,68.01,65.43,65.19,24408424.0,201646464.0
2013-04-11,67.12,70.66,69.22,65.19,49164200.0,412727968.0
2013-04-10,66.64,68.17,67.44,65.83,31355460.0,261468288.0
2013-04-09,70.02,70.02,67.12,66.24,54157712.0,454624768.0
2013-04-08,76.46,79.28,72.44,68.65,109225448.0,1012090560.0
2013-04-03,71.63,76.3,76.3,71.15,93488712.0,873259392.0
2013-04-02,70.74,70.74,69.38,66.08,77469144.0,661066240.0
2013-04-01,64.31,64.31,64.31,64.31,7396464.0,59097748.0
2013-03-29,58.43,59.23,58.43,58.19,3551366.0,25922672.0
2013-03-28,61.01,61.01,58.35,58.27,6428741.0,47160756.0
2013-03-27,60.28,61.49,61.09,60.12,6835665.0,51713820.0
2013-03-26,61.09,61.57,60.04,59.72,5332354.0,39946116.0
2013-03-25,61.97,62.7,61.25,60.84,8611501.0,65645308.0
2013-03-22,60.04,63.1,62.45,59.64,13245537.0,101090720.0
2013-03-21,59.88,60.84,60.2,59.16,7301784.0,54536064.0
2013-03-20,57.95,59.88,59.8,57.95,5591855.0,41094268.0
2013-03-19,59.56,60.2,58.11,56.66,6403035.0,46332592.0
2013-03-18,59.56,60.93,59.88,59.4,5964832.0,44473436.0
2013-03-15,59.48,60.28,59.56,58.75,5671616.0,41986012.0
2013-03-14,58.75,60.44,59.4,58.59,5245990.0,38897264.0
2013-03-13,61.09,61.09,58.83,58.43,8371069.0,61750852.0
2013-03-12,63.66,64.31,61.25,59.23,11670688.0,89628088.0
2013-03-11,63.74,64.14,63.74,62.78,5752885.0,45390988.0
2013-03-08,64.95,65.19,63.74,63.66,8085310.0,64670256.0
2013-03-07,66.56,66.56,65.03,64.31,14400166.0,116560960.0
2013-03-06,64.87,66.72,66.24,64.79,19054380.0,156456272.0
2013-03-05,63.34,64.95,64.87,63.26,11873642.0,95150320.0
2013-03-04,65.35,65.35,63.18,62.78,13899468.0,110471216.0
2013-03-01,63.58,65.19,65.19,63.5,16471695.0,132177776.0
2013-02-28,62.45,63.5,63.42,62.37,9877929.0,77435784.0
2013-02-27,63.74,64.22,62.45,62.05,12141944.0,94714824.0
2013-02-26,63.98,65.19,63.82,63.18,13007850.0,104027816.0
2013-02-25,63.58,64.63,63.98,63.18,9616447.0,76220880.0
2013-02-22,64.47,65.51,63.82,63.58,15071821.0,120362816.0
2013-02-21,67.53,69.05,65.51,65.03,29841276.0,249243024.0
2013-02-20,65.59,67.77,66.8,64.71,24197194.0,199427440.0
2013-02-19,64.39,68.17,66.64,63.66,38235752.0,316805184.0
2013-02-18,63.82,66.48,64.55,63.82,16190196.0,130429976.0
2013-02-08,62.37,63.18,62.78,62.13,7465219.0,58302772.0
2013-02-07,62.37,63.42,62.37,61.97,9187998.0,71617256.0
2013-02-06,62.37,63.02,62.21,61.81,9525375.0,73985920.0
2013-02-05,61.41,62.94,62.37,61.33,9797626.0,76019976.0
2013-02-04,62.94,63.26,61.33,61.17,13942517.0,107331736.0
2013-02-01,63.58,64.22,63.02,62.53,14093142.0,110642680.0
2013-01-31,65.19,66.32,64.14,63.98,23634690.0,190656048.0
2013-01-30,62.94,67.85,66.8,61.33,48346416.0,389893568.0
2013-01-29,63.66,63.82,63.02,62.45,18388858.0,144098064.0
2013-01-28,61.33,63.9,63.18,61.33,23806990.0,186104896.0
2013-01-25,61.89,63.9,62.05,61.33,19716672.0,153873696.0
2013-01-24,62.37,64.06,62.86,60.44,30237208.0,235806464.0
2013-01-23,61.17,63.1,62.86,61.01,22134144.0,171923392.0
2013-01-22,63.02,63.26,61.73,60.84,28298952.0,217511248.0
2013-01-21,64.47,64.47,63.42,62.45,26125718.0,205738944.0
2013-01-18,63.82,65.75,64.87,63.82,30254344.0,243293280.0
2013-01-17,71.79,72.19,64.63,64.63,54337696.0,450868192.0
2013-01-16,72.92,73.88,71.79,68.41,87742824.0,780480064.0
2013-01-15,69.14,69.94,69.94,67.44,56672176.0,488683328.0
2013-01-14,61.65,63.58,63.58,59.56,22011636.0,171624336.0
2013-01-09,61.01,61.01,57.79,56.98,75015288.0,549060992.0
2013-01-08,56.34,56.34,56.34,56.34,6798350.0,47588448.0
2013-01-07,51.19,51.19,51.19,51.19,7835282.0,49832392.0
2013-01-04,47.08,47.41,46.52,46.04,3180243.0,18405682.0
2012-12-31,46.6,47.24,46.84,46.6,3630720.0,21173004.0
2012-12-28,46.36,46.68,46.52,46.2,2933407.0,16943720.0
2012-12-27,46.84,47.0,46.12,46.12,3681354.0,21270432.0
2012-12-26,46.44,46.84,46.76,46.12,5064906.0,29234834.0
2012-12-25,45.8,46.68,46.44,45.55,5451644.0,31387776.0
2012-12-24,44.99,45.71,45.39,44.99,2471888.0,13938665.0
2012-12-21,45.39,45.88,45.31,45.15,3205859.0,18114048.0
2012-12-20,45.96,45.96,45.39,44.83,5391878.0,30360036.0
2012-12-19,46.12,47.81,46.44,46.04,6606742.0,38481500.0
2012-12-18,45.88,47.32,45.96,45.8,9100150.0,52681728.0
2012-12-17,45.47,45.71,45.47,45.07,4421398.0,24950178.0
2012-12-14,43.14,45.47,45.31,43.14,5502716.0,30696886.0
2012-12-13,44.75,45.31,44.02,43.54,3596734.0,19821474.0
2012-12-12,44.27,45.07,44.67,44.02,3438831.0,19097224.0
2012-12-11,44.27,44.99,44.27,43.62,3254492.0,17927218.0
2012-12-10,43.86,44.67,44.43,43.7,3048186.0,16785156.0
2012-12-07,42.98,43.94,43.86,42.58,3491925.0,18866210.0
2012-12-06,42.74,43.22,42.58,41.85,2491564.0,13200514.0
2012-12-05,41.29,43.54,43.14,40.97,4479156.0,23676356.0
2012-12-04,41.53,41.53,41.37,39.84,2889834.0,14584983.0
2012-12-03,43.62,43.78,41.53,41.53,1703180.0,9029146.0
2012-11-30,43.38,43.94,43.62,42.82,1439305.0,7791304.0
2012-11-29,43.62,44.43,43.46,42.66,1431156.0,7760147.0
2012-11-28,45.47,45.47,43.62,43.54,1820444.0,9958727.0
2012-11-27,47.24,47.57,45.47,45.47,2542112.0,14591663.0
2012-11-26,47.81,47.89,47.24,47.16,1174541.0,6924027.0
2012-11-23,47.16,47.97,47.81,47.16,1316440.0,7806480.0
2012-11-22,47.81,48.85,47.73,47.65,1712757.0,10251788.0
2012-11-21,47.73,48.21,48.13,47.41,1487201.0,8846409.0
2012-11-20,47.65,48.21,47.65,47.57,1129805.0,6704086.0
2012-11-19,47.97,47.97,47.57,47.16,1108189.0,6526409.0
2012-11-16,47.97,47.97,47.48,47.24,1878764.0,11074999.0
2012-11-15,48.53,48.61,47.97,47.89,1247212.0,7469970.0
2012-11-14,48.29,48.85,48.61,48.29,1396200.0,8420886.0
2012-11-13,48.77,49.01,48.29,48.05,1672289.0,10055281.0
2012-11-12,48.37,49.17,48.77,48.37,1694193.0,10267688.0
2012-11-09,48.69,49.66,48.77,48.53,2266051.0,13812088.0
2012-11-08,49.34,49.5,48.69,48.69,2722133.0,16569321.0
2012-11-07,49.98,50.14,49.74,49.5,2144423.0,13263652.0
2012-11-06,50.54,50.7,50.22,49.01,4077102.0,25182534.0
2012-11-05,49.9,50.95,50.62,49.74,4449963.0,27887454.0
2012-11-02,49.9,50.06,49.9,49.34,2538078.0,15695316.0
2012-11-01,49.17,50.06,49.82,49.09,3048372.0,18834022.0
2012-10-31,49.01,49.42,49.17,49.01,1722326.0,10519361.0
2012-10-30,48.85,49.5,49.01,48.69,2100524.0,12797624.0
2012-10-29,49.09,49.74,48.85,48.69,2301797.0,13992514.0
2012-10-26,51.03,51.11,49.34,49.09,4489147.0,27852378.0
2012-10-25,50.78,52.15,51.27,50.54,7126082.0,45456576.0
2012-10-24,50.54,51.19,50.95,50.38,4456099.0,28156680.0
2012-10-23,50.62,51.51,51.11,50.46,6517581.0,41299744.0
2012-10-22,50.22,50.78,50.62,49.9,2740428.0,17159434.0
2012-10-19,51.11,51.27,50.62,50.46,3392699.0,21405840.0
2012-10-18,49.98,50.78,50.54,49.5,4152720.0,26025164.0
2012-10-17,50.22,50.38,50.06,49.5,2718862.0,16857078.0
2012-10-16,49.82,50.38,49.9,49.42,2858289.0,17756550.0
2012-10-15,50.22,50.78,49.82,49.42,3520679.0,21826660.0
2012-10-12,49.9,50.87,50.3,49.42,6092869.0,38000144.0
2012-10-11,51.43,52.8,50.7,50.7,10436865.0,67210728.0
2012-10-10,50.87,51.11,50.95,50.38,4626184.0,29134884.0
2012-10-09,49.74,50.87,50.87,49.74,5709660.0,35907132.0
2012-10-08,50.22,50.7,49.82,49.17,3931088.0,24411690.0
2012-09-28,49.98,50.46,50.3,49.34,5787910.0,35923468.0
2012-09-27,49.17,50.62,50.06,49.01,7995844.0,49653168.0
2012-09-26,49.9,51.27,49.42,49.09,9550672.0,59701308.0
2012-09-25,47.89,49.5,49.5,47.73,3854228.0,23340130.0
2012-09-24,47.32,47.97,47.81,47.08,1565902.0,9253794.0
2012-09-21,47.97,48.21,47.57,47.32,2121527.0,12589690.0
2012-09-20,49.26,49.34,47.97,47.89,2972551.0,17876094.0
2012-09-19,49.26,49.66,49.5,48.85,1689855.0,10339282.0
2012-09-18,48.85,49.34,49.01,48.69,1858435.0,11323462.0
2012-09-17,50.87,50.87,48.93,48.85,3306726.0,20391392.0
2012-09-14,50.7,50.95,50.7,50.22,3428415.0,21528732.0
2012-09-13,51.27,51.27,50.3,50.22,3873357.0,24421570.0
2012-09-12,51.27,51.67,51.35,50.7,3848074.0,24420750.0
2012-09-11,50.87,51.99,51.35,50.3,6355481.0,40489908.0
2012-09-10,51.03,51.19,50.87,50.46,3572556.0,22550756.0
2012-09-07,49.74,51.43,50.87,49.74,4816972.0,30369028.0
2012-09-06,48.93,49.66,49.5,48.85,2043455.0,12508819.0
2012-09-05,48.61,49.17,49.01,48.29,1712948.0,10383589.0
2012-09-04,49.09,49.5,48.61,48.53,1644042.0,10024345.0
2012-09-03,48.45,49.34,49.01,48.13,1559621.0,9489027.0
2012-08-31,47.65,48.61,48.45,47.65,1081139.0,6485935.0
2012-08-30,49.26,49.5,48.13,47.73,2385136.0,14393431.0
2012-08-29,49.5,50.14,49.26,49.17,1983660.0,12203731.0
2012-08-28,49.34,50.46,49.66,48.93,3887831.0,23937714.0
2012-08-27,50.78,50.87,49.34,49.09,2548552.0,15734575.0
2012-08-24,51.51,52.15,50.95,50.7,2431830.0,15460332.0
2012-08-23,50.14,52.56,51.67,50.14,5014777.0,32067948.0
2012-08-22,50.54,51.27,50.46,49.9,2874144.0,18120630.0
2012-08-21,49.9,51.11,50.7,49.5,2935556.0,18453600.0
2012-08-20,49.74,50.14,49.82,48.85,2303516.0,14111239.0
2012-08-17,50.87,50.95,49.82,49.34,1942770.0,12088666.0
2012-08-16,51.35,51.43,50.7,50.54,2213010.0,13998042.0
2012-08-15,51.19,51.75,51.35,50.46,2756067.0,17518514.0
2012-08-14,51.19,51.67,51.43,50.14,3551079.0,22523904.0
2012-08-13,51.43,51.67,50.46,50.46,2808668.0,17798204.0
2012-08-10,51.91,52.23,51.43,51.35,4846058.0,31137202.0
2012-08-09,50.06,54.33,52.56,49.74,9263671.0,60053044.0
2012-08-08,50.54,50.62,50.14,49.74,2279411.0,14162972.0
2012-08-07,50.06,50.46,50.46,49.82,3737888.0,23287460.0
2012-08-06,49.17,50.06,49.98,48.93,2539210.0,15631430.0
2012-08-03,48.29,49.09,49.09,48.29,1766833.0,10701972.0
2012-08-02,48.61,49.34,48.37,48.05,1983582.0,11998062.0
2012-08-01,47.65,48.69,48.53,47.57,1634997.0,9840322.0
2012-07-31,48.61,48.77,47.65,46.92,2220993.0,13145107.0
2012-07-30,50.22,50.3,48.61,48.37,2795476.0,17089370.0
2012-07-27,50.87,51.19,50.06,49.9,2344784.0,14691672.0
2012-07-26,51.35,51.75,50.7,50.7,2323550.0,14800333.0
2012-07-25,51.43,52.31,51.59,51.35,2718141.0,17528814.0
2012-07-24,51.27,52.07,51.91,50.78,2575651.0,16494052.0
2012-07-23,51.51,51.51,51.19,50.54,2051281.0,13009961.0
2012-07-20,51.51,52.48,51.91,51.27,2715969.0,17500548.0
2012-07-19,51.35,51.99,51.75,50.78,3878630.0,24867700.0
2012-07-18,51.91,51.99,51.27,49.74,5170524.0,32500910.0
2012-07-17,51.19,52.23,51.99,51.19,2126844.0,13683502.0
2012-07-16,54.81,54.81,51.59,51.51,4812125.0,31630632.0
2012-07-13,54.73,55.13,54.33,54.09,2825216.0,19091534.0
2012-07-12,53.92,54.97,54.73,53.44,4275711.0,28942502.0
2012-07-11,53.28,54.0,53.84,53.2,2499836.0,16680352.0
2012-07-10,53.36,54.25,53.52,53.28,2991569.0,19963114.0
2012-07-09,54.65,56.26,54.73,54.57,4935093.0,34035480.0
2012-07-06,54.65,55.61,55.29,53.04,4923690.0,33234406.0
2012-07-05,55.69,55.69,54.33,54.09,3631293.0,24617152.0
2012-07-04,56.26,56.5,55.61,54.97,4030208.0,27928828.0
2012-07-03,56.18,56.58,55.85,55.61,4392253.0,30552358.0
2012-07-02,55.85,56.66,55.94,55.45,4021032.0,28002070.0
2012-06-29,54.0,55.37,55.29,54.0,4517839.0,30812136.0
2012-06-28,56.66,56.74,53.92,53.76,7836298.0,53616340.0
2012-06-27,57.14,57.47,56.18,56.18,4291000.0,30302768.0
2012-06-26,56.34,57.14,57.06,55.77,4799897.0,33750648.0
2012-06-25,57.06,57.95,56.58,56.34,5918269.0,42032184.0
2012-06-21,58.19,58.19,57.38,56.82,6783303.0,48263072.0
2012-06-20,60.28,60.44,58.35,58.27,10317724.0,75695072.0
2012-06-19,59.16,61.49,60.28,58.99,19013820.0,142843680.0
2012-06-18,59.48,59.88,59.32,58.83,9035699.0,66688668.0
2012-06-15,57.87,59.32,59.16,57.87,9459352.0,69078120.0
2012-06-14,58.43,59.48,57.87,57.79,9539951.0,69491008.0
2012-06-13,56.82,58.11,58.11,56.82,6821590.0,48837632.0
2012-06-12,57.3,57.87,56.82,56.74,6284222.0,44724260.0
2012-06-11,56.74,57.71,57.71,55.53,9471052.0,66692008.0
2012-06-08,58.83,58.91,56.74,56.58,10690109.0,76354888.0
2012-06-07,59.88,60.12,58.35,57.63,13961593.0,102057520.0
2012-06-06,60.36,61.65,59.32,58.11,21338944.0,158555280.0
2012-06-05,59.16,63.98,61.09,58.43,35605600.0,271014688.0
2012-06-04,57.22,59.96,58.83,56.74,18889408.0,138069360.0
2012-06-01,58.35,59.08,58.51,57.55,8144038.0,58856796.0
2012-05-31,57.22,60.12,58.75,57.14,16399541.0,120380768.0
2012-05-30,56.34,60.12,58.11,56.34,15539663.0,113342368.0
2012-05-29,55.61,56.74,56.34,55.37,6911898.0,48252976.0
2012-05-28,56.18,56.18,55.86,53.36,9526359.0,64986804.0
2012-05-25,58.51,58.99,56.74,56.34,10499537.0,74907472.0
2012-05-24,59.24,59.4,58.67,58.35,12212642.0,89330424.0
2012-05-23,57.55,59.96,59.4,57.55,21490136.0,157024560.0
2012-05-22,56.74,57.95,57.3,56.74,5094046.0,36317700.0
2012-05-21,57.22,57.47,56.34,55.37,7723233.0,54159272.0
2012-05-17,56.74,58.35,58.35,56.34,11507832.0,82723160.0
2012-05-16,56.74,58.19,56.9,56.74,6797522.0,48507588.0
2012-05-15,57.71,58.03,57.22,55.94,8367530.0,59148664.0
2012-05-14,57.47,59.56,58.19,57.06,16898722.0,122950984.0
2012-05-11,56.18,57.79,57.3,55.53,8336258.0,58967240.0
2012-05-10,55.53,56.82,55.94,55.53,4179477.0,29234642.0
2012-05-09,56.9,56.9,55.61,55.61,5520529.0,38415776.0
2012-05-08,57.95,58.11,57.3,56.98,4339857.0,30920636.0
2012-05-07,57.47,57.87,57.79,57.14,5052136.0,36060436.0
2012-05-04,57.3,58.03,57.87,56.58,7737841.0,55216004.0
2012-05-03,55.94,57.55,57.38,55.94,7953916.0,56490880.0
2012-05-02,56.02,56.18,55.94,55.45,3678485.0,25522766.0
2012-04-27,55.7,55.94,54.97,54.73,3209677.0,22038178.0
2012-04-26,56.02,56.5,55.7,55.21,4308950.0,29854122.0
2012-04-25,54.73,56.34,55.94,54.0,5198499.0,35882128.0
2012-04-24,56.02,56.9,54.81,53.12,8041027.0,54625788.0
2012-04-23,57.95,58.35,56.42,56.34,7466609.0,52835808.0
2012-04-20,58.19,58.67,57.87,57.22,9217333.0,66204204.0
2012-04-19,57.14,59.48,58.67,56.58,17595224.0,127460920.0
2012-04-18,55.45,57.06,56.82,55.13,6797182.0,47409100.0
2012-04-17,56.1,57.14,55.7,55.61,6663631.0,46807924.0
2012-04-16,55.7,56.34,56.1,55.13,4324218.0,29972080.0
2012-04-13,55.37,55.86,55.61,55.05,5836429.0,40284696.0
2012-04-12,53.6,56.98,55.61,53.36,8107357.0,55640864.0
2012-04-11,53.04,53.68,53.6,52.56,2532066.0,16751454.0
2012-04-10,53.12,53.52,53.52,51.67,2749349.0,18005054.0
2012-04-09,53.6,54.25,53.28,52.72,2940474.0,19496336.0
2012-04-06,53.12,54.09,54.01,52.56,4034568.0,26675530.0
2012-04-05,51.43,53.2,52.96,51.43,3315527.0,21587558.0
2012-03-30,51.27,51.91,51.35,50.78,2796946.0,17881130.0
2012-03-29,53.04,53.44,51.35,50.3,4840569.0,31132958.0
2012-03-28,56.74,56.74,53.04,52.64,5104353.0,34661224.0
2012-03-27,56.98,57.47,56.66,56.66,2468992.0,17508340.0
2012-03-26,56.34,57.79,56.9,56.26,3446232.0,24363966.0
2012-03-23,57.14,57.63,56.5,56.18,4403951.0,31073474.0
2012-03-22,57.87,58.11,57.38,56.98,3357734.0,24018890.0
2012-03-21,57.55,58.19,57.79,57.06,4827578.0,34507764.0
2012-03-20,59.08,59.16,57.22,57.14,7389112.0,53104932.0
2012-03-19,58.19,59.4,59.32,57.87,7478733.0,54555132.0
2012-03-16,57.38,58.59,58.43,57.14,7024130.0,50631504.0
2012-03-15,58.35,59.16,57.3,55.94,10063832.0,71672608.0
2012-03-14,62.62,62.94,58.67,58.35,17178524.0,130377048.0
2012-03-13,62.86,62.86,62.45,61.73,14448833.0,111489360.0
2012-03-12,60.52,63.58,63.18,60.36,20881524.0,160095520.0
2012-03-09,59.48,60.28,60.2,59.08,9647227.0,71624152.0
2012-03-08,58.75,60.04,59.48,58.35,15325709.0,112565696.0
2012-03-07,61.01,62.94,59.88,59.88,26443900.0,201618928.0
2012-03-06,58.75,60.2,60.2,57.95,11927174.0,87825264.0
2012-03-05,60.36,60.69,59.48,59.16,8841214.0,65501020.0
2012-03-02,58.11,59.64,59.32,58.03,8217765.0,60221828.0
2012-03-01,57.79,58.67,58.11,57.38,4701990.0,34026192.0
2012-02-29,58.35,59.48,58.11,57.87,7151934.0,52076884.0
2012-02-28,58.67,59.4,58.43,57.38,10366434.0,75148448.0
2012-02-27,59.72,60.36,58.91,58.83,12223703.0,90462416.0
2012-02-24,58.03,59.48,59.16,57.71,13252715.0,96704008.0
2012-02-23,57.95,58.43,58.11,57.3,8572935.0,61660516.0
2012-02-22,56.98,58.51,58.03,56.5,12698935.0,91151808.0
2012-02-21,56.66,57.22,56.98,55.45,7487626.0,52452488.0
2012-02-20,57.79,57.79,56.74,56.5,7821686.0,55649124.0
2012-02-17,56.66,57.95,57.3,55.61,9435642.0,66680116.0
2012-02-16,57.14,57.87,56.82,55.94,8543107.0,60552704.0
2012-02-15,56.5,57.55,57.14,56.1,7047502.0,49811300.0
2012-02-14,57.3,57.38,56.66,56.42,6915283.0,48804092.0
2012-02-13,55.94,58.51,57.22,55.37,13649942.0,97028032.0
2012-02-10,56.34,57.06,56.26,55.7,11888488.0,83009232.0
2012-02-09,54.65,57.79,56.9,54.33,17292046.0,121044416.0
2012-02-08,54.41,55.13,54.97,52.96,10464213.0,70400456.0
2012-02-07,54.0,55.7,54.41,53.6,11803429.0,80138704.0
2012-02-06,54.33,54.65,54.16,53.44,6787161.0,45519084.0
2012-02-03,53.36,54.41,53.76,52.88,7340241.0,49034392.0
2012-02-02,52.56,53.52,53.36,51.83,6876477.0,45072948.0
2012-02-01,51.35,54.0,52.88,51.19,9449707.0,62105064.0
2012-01-31,52.31,52.4,51.51,50.62,2688587.0,17172422.0
2012-01-30,52.15,52.72,52.07,51.67,3688920.0,23958868.0
2012-01-20,51.03,52.07,51.91,51.03,3459977.0,22207864.0
2012-01-19,50.7,51.99,50.95,49.98,4305625.0,27293612.0
2012-01-18,52.48,52.8,50.46,49.74,5962199.0,38065860.0
2012-01-17,49.42,52.56,52.4,48.77,5893542.0,37456952.0
2012-01-16,50.06,50.3,48.69,48.69,2720518.0,16815046.0
2012-01-13,53.2,53.76,50.78,50.7,5918498.0,38084484.0
2012-01-12,52.96,54.0,53.6,52.64,5941041.0,39382440.0
2012-01-11,53.12,53.84,53.12,52.48,6189611.0,40879968.0
2012-01-10,51.35,53.6,53.2,50.7,6279935.0,41003048.0
2012-01-09,49.17,51.19,51.03,48.37,4419871.0,27657472.0
2012-01-06,48.37,49.17,49.09,47.48,2603991.0,15570912.0
2012-01-05,50.7,50.87,48.37,48.29,3723188.0,22915832.0
2012-01-04,53.12,53.6,50.87,50.78,3705956.0,24132636.0
