date,open,high,close,low,volume,amount
2015-07-10,107.73,113.36,113.36,104.86,4237794.0,146333232.0
2015-07-09,93.82,103.04,103.04,93.66,6337549.0,193317664.0
2015-07-08,84.67,100.94,93.66,84.67,26067064.0,723900672.0
2015-07-07,100.29,100.29,94.08,94.08,4654128.0,136154112.0
2015-07-06,125.47,125.53,104.53,104.47,13232492.0,451425888.0
2015-07-03,116.08,127.15,116.08,116.08,9042141.0,330176448.0
2015-07-02,136.01,139.41,128.99,128.99,11917878.0,487890336.0
2015-07-01,142.42,159.4,143.32,139.6,14598367.0,685606912.0
2015-06-30,154.0,158.14,151.02,137.31,18548448.0,838692928.0
2015-06-29,144.94,153.68,152.58,135.82,18447236.0,840433536.0
2015-06-26,148.82,162.38,140.44,139.63,15402412.0,715920320.0
2015-06-25,154.55,163.38,155.13,148.86,13579056.0,648092096.0
2015-06-24,140.67,154.55,153.03,140.67,13785600.0,632660224.0
2015-06-23,133.62,140.74,140.64,125.17,7657394.0,319039424.0
2015-06-19,139.12,143.65,134.65,130.28,7409201.0,310877952.0
2015-06-18,143.97,153.77,144.75,141.54,9911519.0,453018272.0
2015-06-17,148.5,149.89,146.2,136.85,12594655.0,558558144.0
2015-06-16,142.35,154.58,151.7,140.74,19177276.0,893480384.0
2015-06-15,140.74,152.03,144.59,138.79,14741342.0,666978560.0
2015-06-12,135.91,143.97,140.12,135.91,15978467.0,696900800.0
2015-06-11,135.56,135.98,135.69,132.58,9905986.0,411137664.0
2015-06-10,127.96,139.12,136.21,126.76,19181942.0,799583040.0
2015-06-09,133.78,133.78,129.35,128.31,9932901.0,399909088.0
2015-06-08,129.67,133.62,132.91,128.38,14602837.0,594539456.0
2015-06-05,125.11,130.54,129.61,124.62,12217493.0,483243744.0
2015-06-04,126.08,128.44,124.4,117.12,8354462.0,320365856.0
2015-06-03,127.5,128.83,125.69,124.23,7348947.0,287420384.0
2015-06-02,124.43,129.64,128.8,122.97,9267600.0,360814208.0
2015-06-01,119.22,124.66,124.43,117.76,10808278.0,405505056.0
2015-05-29,119.74,122.91,118.96,116.7,9507678.0,353270752.0
2015-05-28,130.19,134.65,120.32,120.03,17315568.0,695557696.0
2015-05-27,127.73,131.35,130.16,126.18,15819805.0,631220416.0
2015-05-26,127.05,128.31,127.57,124.62,15474820.0,605405632.0
2015-05-25,121.91,126.92,126.82,121.32,17931572.0,690790336.0
2015-05-22,122.36,123.26,121.97,119.51,14789796.0,554605504.0
2015-05-21,117.99,121.29,121.26,116.63,8358515.0,309486560.0
2015-05-20,117.57,119.51,117.99,117.12,6815533.0,249528160.0
2015-05-19,113.82,117.83,117.7,113.4,4831074.0,173718416.0
2015-05-18,114.85,116.02,113.75,113.23,3661331.0,129686872.0
2015-05-15,116.08,117.86,114.89,114.04,5324328.0,190017968.0
2015-05-14,119.03,119.54,117.08,115.37,5630514.0,203398592.0
2015-05-13,118.19,122.26,119.38,117.44,6898863.0,255222320.0
2015-05-12,119.06,119.38,118.99,116.18,7983842.0,289802112.0
2015-05-11,116.86,119.38,119.28,114.89,5829880.0,211386704.0
2015-05-08,113.23,117.02,116.86,113.23,4376154.0,156131904.0
2015-05-07,112.33,115.08,113.04,112.33,4204295.0,147768240.0
2015-05-06,116.79,118.09,112.3,111.58,7117996.0,254423536.0
2015-05-05,124.56,124.56,116.66,112.56,6229087.0,229114240.0
2015-05-04,121.32,125.17,123.75,121.0,4980533.0,190390432.0
2015-04-30,122.26,123.81,121.87,121.65,5579021.0,211420192.0
2015-04-29,122.49,123.85,122.13,121.32,6633810.0,251298128.0
2015-04-28,127.79,128.67,121.97,121.97,6991026.0,268282496.0
2015-04-27,128.6,131.03,129.02,126.6,9719422.0,385193952.0
2015-04-24,131.87,133.62,128.89,128.12,8854002.0,357864096.0
2015-04-23,133.39,136.72,134.33,129.09,12556917.0,514349024.0
2015-04-22,131.64,133.62,133.49,129.74,11436776.0,466151104.0
2015-04-21,122.94,133.23,132.32,122.78,16668132.0,667650688.0
2015-04-20,122.68,128.83,123.56,120.19,16044293.0,620343808.0
2015-04-17,123.1,126.5,122.65,121.32,11172505.0,426249664.0
2015-04-16,114.2,125.53,122.91,111.13,15613941.0,583157056.0
2015-04-15,119.7,119.7,114.37,114.37,7557070.0,272788640.0
2015-04-14,122.29,124.56,120.0,119.7,11252410.0,423989728.0
2015-04-13,120.16,123.2,121.65,118.73,12457763.0,467299584.0
2015-04-10,114.3,119.64,119.58,114.27,11726407.0,426320288.0
2015-04-09,118.19,119.58,114.85,113.91,7913776.0,283856288.0
2015-04-08,117.28,121.23,118.15,116.76,11919462.0,437231680.0
2015-04-07,116.18,118.09,117.57,115.21,10533522.0,379848288.0
2015-04-03,111.81,116.24,116.18,111.81,9584161.0,338043328.0
2015-04-02,114.79,115.05,113.4,112.62,7678959.0,269793184.0
2015-04-01,113.23,114.33,113.98,112.26,6775272.0,237548304.0
2015-03-31,117.44,118.61,113.23,112.75,11349185.0,403894240.0
2015-03-30,117.15,119.38,117.83,115.86,7710914.0,280328224.0
2015-03-27,117.6,120.29,117.18,116.5,6228667.0,226700480.0
2015-03-26,114.56,123.07,119.06,113.75,11618787.0,424492896.0
2015-03-25,115.11,117.41,115.21,113.43,9567388.0,341381632.0
2015-03-24,112.56,116.24,116.21,108.06,15345681.0,537563328.0
2015-03-23,110.97,112.91,112.56,110.97,7118796.0,246673760.0
2015-03-20,109.51,112.1,110.97,108.87,6289488.0,214958304.0
2015-03-19,112.59,112.72,109.45,108.87,6694937.0,228827232.0
2015-03-18,111.29,113.01,111.91,110.06,6769356.0,233161200.0
2015-03-17,110.55,114.04,111.1,109.68,8083110.0,279292160.0
2015-03-16,110.1,111.16,110.39,107.9,6221092.0,210829024.0
2015-03-13,108.71,110.97,108.45,106.15,6769712.0,226382368.0
2015-03-12,105.24,112.59,109.55,104.27,12213002.0,408853472.0
2015-03-11,101.91,104.5,104.27,101.69,5788229.0,185006624.0
2015-03-10,103.17,103.27,102.43,101.26,4115985.0,130025480.0
2015-03-09,103.85,103.85,103.14,100.0,3534488.0,111021640.0
2015-03-06,103.85,105.99,104.01,103.04,3731442.0,120578336.0
2015-03-05,104.34,105.15,103.98,102.98,4023397.0,129570512.0
2015-03-04,101.62,106.05,105.11,101.62,5543283.0,178360992.0
2015-03-03,103.17,104.01,102.82,101.91,4308244.0,137016368.0
2015-03-02,102.23,103.53,103.37,100.71,5945124.0,187624192.0
2015-02-27,100.75,102.23,101.98,100.71,4356853.0,137048192.0
2015-02-26,98.68,100.81,100.75,98.51,3390921.0,104666368.0
2015-02-25,100.52,101.17,98.81,98.52,3160127.0,97840024.0
2015-02-17,101.94,102.23,100.49,100.39,3295626.0,102810064.0
2015-02-16,101.94,102.43,101.91,100.0,3379950.0,105901944.0
2015-02-13,100.94,103.21,101.91,100.94,3951660.0,124832928.0
2015-02-12,101.1,101.78,100.84,100.36,2745397.0,85691120.0
2015-02-11,100.58,102.49,101.88,99.65,3534061.0,109959536.0
2015-02-10,100.29,104.18,101.23,100.16,4166759.0,132148328.0
2015-02-09,96.44,101.75,99.97,96.09,4476969.0,138488128.0
2015-02-06,105.44,105.44,98.58,98.58,8254910.0,256549120.0
2015-02-05,107.9,109.71,105.79,105.31,6527435.0,216476256.0
2015-02-04,106.31,109.84,107.51,104.79,8190696.0,272798336.0
2015-02-03,107.12,108.64,106.18,104.5,6001190.0,196065984.0
2015-02-02,108.32,110.65,107.61,106.12,6775330.0,225914576.0
2015-01-30,103.82,109.64,109.42,103.82,13651499.0,455893216.0
2015-01-29,103.5,104.89,103.53,102.88,3470953.0,111360744.0
2015-01-28,105.15,106.08,104.98,103.89,5986092.0,194484544.0
2015-01-27,106.76,108.38,105.15,102.59,7058476.0,229603376.0
2015-01-26,108.06,108.38,106.77,104.69,8240708.0,270302112.0
2015-01-23,110.97,110.97,108.41,107.93,4522673.0,152916400.0
2015-01-22,110.91,111.36,111.13,108.87,5477204.0,186749184.0
2015-01-21,106.12,110.81,110.81,105.63,8262299.0,277471776.0
2015-01-20,105.96,108.06,106.05,104.18,6738362.0,220913376.0
2015-01-19,103.95,110.58,104.66,99.42,6939653.0,228895952.0
2015-01-16,107.96,109.29,108.22,107.38,5731517.0,191632432.0
2015-01-15,105.34,107.61,107.09,104.82,5454865.0,179109296.0
2015-01-14,107.99,109.51,104.89,103.76,7604859.0,249101392.0
2015-01-13,110.42,112.72,107.93,107.35,5133726.0,174644400.0
2015-01-12,116.7,117.05,110.81,110.74,5585063.0,196331936.0
2015-01-09,119.06,123.23,118.25,118.25,4242758.0,157635248.0
2015-01-08,119.7,125.85,121.91,115.86,6595566.0,243255392.0
2015-01-07,122.65,125.63,120.03,119.28,5849433.0,219085520.0
2015-01-06,124.56,126.82,124.3,122.2,6155379.0,236130112.0
2015-01-05,119.22,127.66,126.95,116.15,10274134.0,392931584.0
2014-12-31,119.45,123.26,119.54,117.54,6346481.0,235316112.0
2014-12-30,119.41,124.95,121.71,117.44,9583683.0,361417632.0
2014-12-29,115.34,121.65,120.48,111.94,9764498.0,354474112.0
2014-12-26,114.21,116.34,115.18,113.56,6222792.0,221228672.0
2014-12-25,115.34,117.76,115.82,111.62,6711125.0,236918608.0
2014-12-24,112.59,121.36,115.37,112.26,13599700.0,493993024.0
2014-12-23,110.0,119.06,114.95,107.67,15506537.0,546908352.0
2014-12-22,101.69,110.26,110.26,99.0,12949508.0,422399680.0
2014-12-19,102.88,106.21,102.91,100.16,6299518.0,200978000.0
2014-12-18,104.18,108.38,103.79,103.53,5788799.0,189461760.0
2014-12-17,105.28,107.15,103.53,102.59,5513388.0,178441456.0
2014-12-16,103.56,108.16,105.24,101.59,6497375.0,209928208.0
2014-12-15,103.17,108.54,105.31,100.29,9060434.0,295465856.0
2014-12-12,98.61,104.76,103.5,98.35,9324178.0,294891648.0
2014-12-11,99.97,101.85,98.68,97.8,6953957.0,214250800.0
2014-12-10,95.44,101.72,99.87,95.08,8930904.0,272472832.0
2014-12-09,102.75,108.64,95.96,95.76,16367755.0,520267040.0
2014-12-08,100.33,106.31,104.31,98.87,12826773.0,408964896.0
2014-12-05,108.61,108.61,104.34,98.68,13914461.0,450569472.0
2014-12-04,106.05,111.62,109.03,104.66,14690187.0,490414016.0
2014-12-03,100.42,111.71,106.76,99.65,19659736.0,640516544.0
2014-12-02,98.32,104.18,101.78,95.8,23719520.0,725927360.0
2014-12-01,86.61,94.99,94.99,86.61,13426428.0,379766336.0
2014-11-28,88.39,88.55,86.35,85.15,6848110.0,183252928.0
2014-11-27,88.23,90.14,88.61,87.35,10441199.0,285270816.0
2014-11-26,84.22,89.29,88.94,83.21,14502057.0,389929568.0
2014-11-25,81.92,85.7,84.12,81.92,6173372.0,160135760.0
2014-11-24,82.5,84.05,82.73,81.04,6389810.0,163354496.0
2014-11-21,81.24,82.5,82.31,80.66,4749952.0,119786920.0
2014-11-20,81.98,82.47,81.92,80.78,3695160.0,93118528.0
2014-11-19,83.47,83.79,82.66,81.85,3517472.0,89825456.0
2014-11-18,82.4,84.77,83.96,81.43,6030617.0,154354432.0
2014-11-17,86.06,87.22,83.18,82.82,7013408.0,182133488.0
2014-11-14,80.88,86.51,85.02,79.88,13351196.0,347955328.0
2014-11-13,82.5,82.98,81.37,80.59,7260690.0,183646224.0
2014-11-12,83.08,85.25,83.6,80.78,10038156.0,256105552.0
2014-11-11,83.79,88.19,82.95,81.24,19338192.0,506218176.0
2014-11-10,74.8,81.85,81.85,74.8,12406396.0,307276160.0
2014-11-07,77.39,77.84,74.41,73.86,4374238.0,102784200.0
2014-11-06,76.19,77.94,77.32,76.19,2086522.0,49854780.0
2014-11-05,75.93,77.16,76.35,75.93,2181341.0,51617488.0
2014-11-04,78.0,78.49,76.26,76.0,3666762.0,87301376.0
2014-11-03,77.97,79.43,78.23,77.32,4404661.0,106595448.0
2014-10-31,77.0,79.52,78.23,74.09,10255519.0,243126032.0
2014-10-30,77.65,78.42,76.94,76.45,3530913.0,84470768.0
2014-10-29,77.42,78.29,77.26,76.87,3862493.0,92614856.0
2014-10-28,76.52,77.23,77.0,75.93,3311313.0,78516648.0
2014-10-27,74.31,76.55,76.52,73.12,2311468.0,53537692.0
2014-10-24,75.54,76.35,74.73,74.41,2319170.0,54087076.0
2014-10-23,78.62,78.88,75.77,74.9,4270799.0,100760656.0
2014-10-22,83.44,83.44,78.97,77.71,3760448.0,94336904.0
2014-10-21,83.47,85.02,83.47,83.15,2609440.0,67958512.0
2014-10-20,84.44,84.76,83.63,83.28,2482437.0,64380380.0
2014-10-17,81.53,84.41,84.18,80.72,3885146.0,99621128.0
2014-10-16,81.53,83.28,81.89,81.37,2980389.0,75905616.0
2014-10-15,81.17,82.44,82.37,80.46,3212754.0,80818784.0
2014-10-14,81.76,82.63,81.14,80.49,2143081.0,54004528.0
2014-10-13,83.66,83.66,81.79,80.75,3120849.0,78815440.0
2014-10-10,84.96,85.06,84.22,84.18,2746641.0,71820464.0
2014-10-09,82.98,85.57,85.31,82.63,3843356.0,99869920.0
2014-10-08,83.89,84.02,83.08,81.92,3305970.0,84479344.0
2014-09-30,83.79,84.44,83.89,82.31,2646069.0,68343672.0
2014-09-29,84.86,85.38,83.79,83.41,2757778.0,71743088.0
2014-09-26,85.61,85.61,84.76,83.66,2396850.0,62548368.0
2014-09-25,84.73,87.13,85.61,84.7,3464713.0,92164456.0
2014-09-24,83.15,84.76,84.6,82.82,2288797.0,59433148.0
2014-09-23,83.73,84.25,83.57,82.79,2372585.0,61197340.0
2014-09-22,88.87,88.87,83.73,83.15,6440815.0,168980192.0
2014-09-19,88.84,89.33,88.97,87.35,3025943.0,82623992.0
2014-09-18,87.32,88.91,88.58,86.51,3124801.0,85059520.0
2014-09-17,87.35,88.61,86.9,85.77,2574910.0,69327640.0
2014-09-16,87.94,90.17,87.13,87.13,6428434.0,176933216.0
2014-09-15,87.48,88.26,88.0,85.12,6771669.0,180658656.0
2014-09-12,87.77,87.77,87.39,86.67,2693194.0,72466912.0
2014-09-11,88.61,89.13,87.94,87.25,3732108.0,101369552.0
2014-09-10,88.13,89.55,88.61,87.03,2822707.0,77205536.0
2014-09-09,90.49,90.49,87.94,87.55,3806024.0,103730808.0
2014-09-05,90.43,93.34,90.65,88.26,5256991.0,145905520.0
2014-09-04,90.59,90.88,90.65,89.29,2774092.0,77335152.0
2014-09-03,90.59,95.41,89.91,89.13,6842756.0,193907296.0
2014-09-02,86.38,92.53,91.04,85.25,7725533.0,215770816.0
2014-09-01,81.14,86.48,86.35,80.56,5978918.0,155355600.0
2014-08-29,78.49,82.5,81.72,77.81,5264053.0,131805384.0
2014-08-28,77.0,78.78,78.49,76.19,2756450.0,66114956.0
2014-08-27,76.68,77.78,76.97,76.35,2090387.0,49692624.0
2014-08-26,78.62,79.14,77.0,76.64,4267170.0,102136040.0
2014-08-25,80.88,81.37,78.75,77.68,3483675.0,85153136.0
2014-08-22,79.43,83.02,81.4,79.43,4472416.0,113263056.0
2014-08-21,80.56,80.56,79.69,78.07,3767451.0,92345224.0
2014-08-20,77.48,81.82,80.75,76.29,6986768.0,172138368.0
2014-08-19,79.43,79.43,78.29,76.68,4594722.0,110693072.0
2014-08-18,77.48,80.17,79.43,77.0,4848298.0,118956392.0
2014-08-15,76.26,79.26,77.45,76.13,5434988.0,131018536.0
2014-08-14,77.42,78.26,76.19,76.03,5387186.0,127955168.0
2014-08-13,73.44,77.23,77.23,73.31,11412916.0,268518112.0
2014-08-12,71.98,74.73,74.02,71.98,7812295.0,177758704.0
2014-08-11,70.98,71.63,71.21,69.4,3554367.0,77376952.0
2014-08-08,70.92,71.6,70.69,69.62,3707355.0,80741168.0
2014-08-07,74.51,74.51,71.02,70.95,5303008.0,118568528.0
2014-08-06,73.15,75.03,74.06,72.83,4504072.0,103215504.0
2014-08-05,71.98,73.7,73.51,71.82,5011638.0,112863704.0
2014-08-04,70.3,71.98,71.92,70.11,5008188.0,110552000.0
2014-08-01,70.21,72.24,70.37,70.08,3215243.0,70912224.0
2014-07-31,70.21,72.24,71.18,69.88,3775128.0,83007688.0
2014-07-30,71.82,71.82,70.59,68.75,6119231.0,132603424.0
2014-07-29,72.34,72.57,71.79,70.85,5390699.0,119105672.0
2014-07-28,71.31,74.77,72.44,71.02,7041925.0,158016928.0
2014-07-25,69.82,73.38,70.95,68.91,6787445.0,149637456.0
2014-07-24,69.36,70.59,69.72,68.07,6694337.0,144501520.0
2014-07-23,70.14,71.14,69.43,67.0,6207392.0,131797680.0
2014-07-22,69.23,71.79,70.53,69.01,3917229.0,85693304.0
2014-07-21,72.63,73.05,70.43,69.78,5168219.0,114106456.0
2014-07-18,68.07,74.02,72.15,67.62,10898130.0,242192320.0
2014-07-17,69.4,70.17,68.07,67.49,3856849.0,81427032.0
2014-07-16,69.62,72.24,69.23,67.84,6225105.0,134201296.0
2014-07-15,66.39,72.67,69.69,66.16,12635375.0,274308512.0
2014-07-14,61.96,67.62,66.36,61.86,9679992.0,194576112.0
2014-07-11,59.69,61.86,61.47,58.66,3501547.0,66009132.0
2014-07-10,60.44,61.41,60.47,60.18,1644086.0,30857676.0
2014-07-09,60.24,62.02,60.5,59.85,3093037.0,58330412.0
2014-07-08,60.02,60.34,60.24,59.24,1830108.0,33864984.0
2014-07-07,59.51,60.05,59.64,59.07,1491579.0,27943750.0
2014-07-04,60.37,60.62,59.64,59.1,2334459.0,43696996.0
2014-07-03,60.97,61.45,60.34,60.05,1904016.0,36253776.0
2014-07-02,60.37,61.48,60.97,60.37,3056513.0,58675256.0
2014-07-01,60.43,60.72,59.99,59.38,1790723.0,33850544.0
2014-06-30,58.72,61.42,60.56,58.72,5429388.0,103382616.0
2014-06-27,57.67,59.67,58.56,57.26,3823478.0,70519120.0
2014-06-26,57.8,58.18,57.67,57.48,2324159.0,42339352.0
2014-06-25,57.51,58.34,57.45,57.16,2394743.0,43406292.0
2014-06-24,55.45,58.43,57.8,55.13,5412865.0,98219848.0
2014-06-23,55.26,55.86,55.45,55.03,1086027.0,18984946.0
2014-06-20,54.75,55.26,54.97,54.62,1414429.0,24471042.0
2014-06-19,56.05,56.43,54.94,54.52,2125743.0,37043076.0
2014-06-18,55.89,56.43,56.08,55.76,1009675.0,17854496.0
2014-06-17,57.7,57.76,56.05,55.92,2387119.0,42471860.0
2014-06-16,57.73,58.11,57.67,57.22,2079645.0,37755196.0
2014-06-13,57.45,58.27,57.8,56.88,2727647.0,49620208.0
2014-06-12,57.26,57.92,57.6,56.65,2241047.0,40545216.0
2014-06-11,56.84,57.7,57.29,56.27,2218147.0,39933244.0
2014-06-10,56.11,56.72,56.65,55.54,1938704.0,34371784.0
2014-06-09,55.51,56.3,56.11,55.35,2411368.0,42463604.0
2014-06-06,55.22,56.02,55.45,54.78,2482873.0,43435336.0
2014-06-05,54.75,55.51,55.38,54.52,2045596.0,35437864.0
2014-06-04,57.57,57.57,54.72,54.49,4269734.0,74680656.0
2014-06-03,57.92,58.24,57.41,57.38,1793047.0,32601496.0
2014-05-30,57.41,58.21,57.6,57.22,1502784.0,27288140.0
2014-05-29,58.18,58.56,57.48,57.32,2247183.0,41008124.0
2014-05-28,57.51,58.91,58.56,57.0,4509519.0,82003368.0
2014-05-27,58.21,58.69,57.73,57.73,1949207.0,35694188.0
2014-05-26,57.99,58.81,58.4,57.83,1862139.0,34142128.0
2014-05-23,57.89,58.27,57.95,57.32,1816943.0,32999772.0
2014-05-22,58.69,59.48,57.86,57.7,1527887.0,28140852.0
2014-05-21,58.15,58.94,58.65,57.29,1578838.0,29051468.0
2014-05-20,58.91,59.19,58.11,57.86,1411459.0,25934488.0
2014-05-19,58.65,58.97,58.62,57.16,2069328.0,37696284.0
2014-05-16,58.91,59.48,58.94,58.53,2058673.0,38274328.0
2014-05-15,60.59,60.94,58.91,58.91,2394024.0,45147484.0
2014-05-14,61.23,61.29,60.69,60.49,1866481.0,35751968.0
2014-05-13,61.54,62.5,61.61,60.3,4206090.0,81167504.0
2014-05-12,60.84,61.92,61.54,59.77,3586328.0,68780280.0
2014-05-09,59.7,61.29,59.83,59.7,2367993.0,44905156.0
2014-05-08,59.38,61.13,60.02,59.23,1577395.0,29895020.0
2014-05-07,60.49,61.58,59.77,59.57,1972022.0,37672268.0
2014-05-06,60.18,61.38,60.49,59.86,1771479.0,33883596.0
2014-05-05,61.77,61.77,60.62,58.91,3633780.0,68449544.0
2014-04-30,62.24,62.59,61.83,61.48,2112676.0,41236576.0
2014-04-29,62.18,63.13,62.62,61.29,2429391.0,47717768.0
2014-04-28,61.54,63.83,62.37,61.13,3512199.0,69355616.0
2014-04-25,63.51,66.62,61.92,61.77,4000017.0,80268200.0
2014-04-24,65.16,65.86,63.83,63.58,5322440.0,108373168.0
2014-04-23,62.24,64.97,64.72,61.77,7695268.0,155270048.0
2014-04-22,60.18,64.31,62.5,60.11,3414821.0,66735452.0
2014-04-21,61.48,62.5,60.46,60.21,3338370.0,64565836.0
2014-04-18,63.54,64.75,62.53,62.24,5406282.0,108105896.0
2014-04-17,63.99,64.27,63.13,62.91,4559155.0,91314160.0
2014-04-16,61.64,64.31,63.89,61.29,7481437.0,148846352.0
2014-04-15,61.26,62.43,61.92,60.91,5133872.0,99826616.0
2014-04-14,59.95,61.89,61.26,59.07,5181601.0,99367408.0
2014-04-11,59.45,61.92,60.46,59.45,4346547.0,83395352.0
2014-04-10,59.73,60.78,59.89,59.13,3072690.0,57920116.0
2014-04-09,59.48,61.45,60.02,59.07,4724940.0,89762488.0
2014-04-08,57.76,59.67,59.32,57.48,3470088.0,64433020.0
2014-04-04,57.64,58.11,58.05,56.56,2199415.0,39778292.0
2014-04-03,58.18,58.81,57.8,57.41,2026630.0,36996812.0
2014-04-02,57.92,59.23,58.4,57.73,2846282.0,52444280.0
2014-04-01,56.4,58.34,57.92,56.4,2798514.0,50887164.0
2014-03-31,56.88,57.95,56.88,56.78,2524367.0,45579016.0
2014-03-28,60.34,60.72,57.35,56.75,5612315.0,102690016.0
2014-03-27,60.72,61.45,60.34,60.02,2290207.0,43826948.0
2014-03-26,60.97,61.13,60.91,59.86,2930529.0,55824936.0
2014-03-25,63.23,63.26,60.91,60.65,5415163.0,104665192.0
2014-03-24,63.04,64.78,63.51,62.75,4575239.0,91813256.0
2014-03-21,61.58,63.8,63.45,60.02,4612491.0,89933408.0
2014-03-20,63.35,65.26,62.12,62.08,5836563.0,117131720.0
2014-03-19,62.34,64.11,63.54,61.16,6049323.0,119450744.0
2014-03-18,62.56,65.42,62.66,62.27,9152179.0,183862000.0
2014-03-17,61.77,62.75,62.53,61.26,4670771.0,91219800.0
2014-03-14,61.96,62.24,62.08,60.49,7103889.0,137245280.0
2014-03-13,58.18,63.8,62.84,58.18,13768292.0,270533888.0
2014-03-12,59.48,60.97,57.99,57.35,4310409.0,80181872.0
2014-03-11,56.84,59.95,59.83,56.24,4245694.0,78183080.0
2014-03-10,61.29,61.45,57.57,57.16,4923009.0,91942824.0
2014-03-07,62.59,63.23,62.12,60.97,4036662.0,78860808.0
2014-03-06,62.78,63.86,62.94,61.92,4107112.0,81024296.0
2014-03-05,60.62,64.15,63.42,60.4,7687993.0,151733088.0
2014-03-04,60.91,61.38,60.34,59.32,3486855.0,66237148.0
2014-03-03,61.1,61.58,61.1,60.18,3981105.0,76245144.0
2014-02-28,60.02,61.35,61.1,59.7,4451324.0,84989584.0
2014-02-27,61.23,61.58,60.05,59.26,5908782.0,112269944.0
2014-02-26,62.62,64.37,61.29,60.05,6905455.0,135195008.0
2014-02-25,67.86,68.4,63.83,63.58,6628152.0,137147008.0
2014-02-24,71.45,71.45,67.83,66.88,5784825.0,124582784.0
2014-02-21,70.75,71.77,71.58,69.96,3107516.0,69409720.0
2014-02-20,73.77,73.77,70.78,69.23,7281095.0,163084288.0
2014-02-19,74.37,76.09,73.67,73.42,6621906.0,155846720.0
2014-02-18,77.29,77.29,74.31,74.25,7034989.0,166367360.0
2014-02-17,74.72,78.09,77.58,74.63,7604106.0,184250928.0
2014-02-14,73.36,76.66,75.58,73.07,6924860.0,163209648.0
2014-02-13,77.01,79.68,73.9,73.17,7340497.0,178036304.0
2014-02-12,78.5,78.5,77.23,76.31,5793883.0,140646768.0
2014-02-11,75.2,81.14,78.47,75.17,12058632.0,297106560.0
2014-02-10,74.34,75.83,75.55,73.07,6500361.0,153216144.0
2014-02-07,74.28,74.94,74.78,72.5,5347561.0,123605128.0
2014-01-30,76.28,77.04,75.04,73.36,4337307.0,102389576.0
2014-01-29,77.87,78.63,76.75,75.26,8620063.0,207448560.0
2014-01-28,78.75,81.39,78.63,78.02,6141829.0,153631392.0
2014-01-27,76.21,79.93,79.26,75.33,11040265.0,272222784.0
2014-01-24,76.85,80.15,76.85,75.61,10401901.0,254038704.0
2014-01-23,76.69,78.02,76.85,75.42,8118638.0,196522464.0
2014-01-22,72.72,78.22,76.72,71.96,10451579.0,250301344.0
2014-01-21,71.99,73.52,72.4,71.23,5266588.0,120024288.0
2014-01-20,71.13,74.91,72.72,70.59,7563271.0,174552176.0
2014-01-17,75.8,75.9,71.83,71.7,8781252.0,202156576.0
2014-01-16,75.17,78.31,75.8,75.17,9239194.0,224419024.0
2014-01-15,76.47,76.47,75.29,74.75,7353700.0,175119088.0
2014-01-14,73.61,77.48,76.91,72.59,16546963.0,393389248.0
2014-01-13,70.5,74.31,73.64,69.07,10646624.0,241976368.0
2014-01-10,70.53,72.25,70.37,69.7,7456699.0,166541056.0
2014-01-09,67.0,71.23,71.13,66.56,10927834.0,239808384.0
2014-01-08,69.64,70.34,68.31,68.28,5154277.0,112655768.0
2014-01-07,68.18,70.02,69.77,66.69,5008249.0,107743096.0
2014-01-06,71.77,73.36,68.43,68.28,7709321.0,170426800.0
2014-01-03,70.56,71.8,71.8,69.48,7415844.0,165320176.0
2014-01-02,70.82,71.67,70.85,68.97,8843282.0,195867008.0
2013-12-31,63.67,71.2,71.2,63.67,11378410.0,247155056.0
2013-12-30,64.37,65.42,64.72,64.34,2826398.0,57695616.0
2013-12-27,63.73,65.35,64.31,62.59,4168413.0,84470984.0
2013-12-26,66.66,66.66,64.02,63.7,3829109.0,77946256.0
2013-12-25,65.39,66.69,66.56,65.39,2717880.0,56643780.0
2013-12-24,66.34,67.16,65.67,65.1,3123919.0,64974552.0
2013-12-23,68.24,68.28,66.31,63.77,4095969.0,85135648.0
2013-12-20,68.88,70.94,69.17,68.69,4998151.0,109629312.0
2013-12-19,67.64,69.77,69.23,66.56,5153599.0,110846696.0
2013-12-18,68.05,68.91,67.39,67.0,3462250.0,73761880.0
2013-12-17,66.69,69.07,68.66,66.62,5066459.0,108954952.0
2013-12-16,69.58,69.86,66.62,66.56,6048773.0,129250888.0
2013-12-13,69.64,71.61,70.02,69.23,4256257.0,94368736.0
2013-12-12,71.61,72.91,70.5,70.12,6893309.0,154492544.0
2013-12-11,72.05,75.8,72.72,71.7,9976559.0,232069024.0
2013-12-10,71.61,73.52,72.88,70.94,7474640.0,169515072.0
2013-12-09,70.34,74.44,72.31,69.26,15562302.0,353806176.0
2013-12-06,65.64,71.13,70.91,65.13,13226586.0,286672704.0
2013-12-05,65.48,66.66,65.73,64.62,4261592.0,88126192.0
2013-12-04,64.81,67.77,65.67,64.05,8879850.0,184776032.0
2013-12-03,62.18,68.5,65.19,61.92,7048754.0,144349344.0
2013-12-02,66.69,67.07,62.37,62.37,6854526.0,139143280.0
2013-11-29,69.01,69.55,67.89,67.48,5665715.0,121822344.0
2013-11-28,68.24,70.56,69.51,67.35,7279973.0,158519760.0
2013-11-27,68.05,68.72,68.18,66.62,4706984.0,100384760.0
2013-11-26,67.32,68.75,68.62,65.67,6457792.0,136735072.0
2013-11-25,65.64,68.91,67.58,65.42,6913652.0,147307040.0
2013-11-22,67.83,67.93,66.31,66.05,6832717.0,143557952.0
2013-11-21,71.29,71.36,67.8,67.64,10681874.0,232403984.0
2013-11-20,69.13,72.02,71.93,68.15,11532951.0,254752368.0
2013-11-19,70.24,72.94,69.2,68.59,13485421.0,300005792.0
2013-11-18,70.24,71.39,71.07,68.59,13088650.0,287968000.0
2013-11-15,71.96,72.56,71.01,70.5,10900874.0,245067312.0
2013-11-14,71.77,73.26,72.56,69.96,10959288.0,246918224.0
2013-11-13,69.74,75.2,72.5,68.15,16476046.0,372878048.0
2013-11-12,62.88,69.55,69.55,61.92,14532895.0,308491232.0
2013-11-11,59.32,64.18,63.23,58.78,7597777.0,150214976.0
2013-11-08,59.38,60.62,59.67,57.8,3106730.0,58045380.0
2013-11-07,59.64,61.0,59.83,59.07,4760019.0,90171152.0
2013-11-06,57.19,62.62,59.83,56.68,9162192.0,173610096.0
2013-11-05,56.91,58.02,57.48,56.4,2787721.0,50390676.0
2013-11-04,58.11,58.3,57.83,55.57,4649279.0,83377840.0
2013-10-31,52.72,57.57,57.57,52.33,5229494.0,92666328.0
2013-10-30,52.14,52.65,52.33,51.73,1563032.0,25708792.0
2013-10-29,53.13,53.73,52.21,51.6,2023676.0,33340080.0
2013-10-28,55.1,55.32,53.48,51.29,3250555.0,54455980.0
2013-10-25,57.41,57.92,55.45,55.32,2619084.0,46543296.0
2013-10-24,58.43,58.43,57.48,57.19,1708207.0,31081068.0
2013-10-23,58.24,59.19,58.46,57.92,2242993.0,41325360.0
2013-10-22,58.3,58.91,58.05,57.86,1883512.0,34573888.0
2013-10-21,57.92,58.53,58.43,57.48,1901298.0,34753736.0
2013-10-18,58.21,58.75,57.92,57.48,1929383.0,35160312.0
2013-10-17,58.46,59.51,58.75,57.86,2554292.0,47180232.0
2013-10-16,60.34,60.78,58.43,58.15,3403997.0,63790112.0
2013-10-15,59.86,60.18,59.92,59.13,4381970.0,82414112.0
2013-10-14,57.92,60.62,60.56,57.16,5782191.0,107862112.0
2013-10-11,57.54,58.05,57.89,57.41,2233784.0,40611004.0
2013-10-10,59.38,59.38,57.6,57.41,2767251.0,50683860.0
2013-10-09,58.34,59.45,59.45,57.89,3607235.0,66731500.0
2013-10-08,57.64,58.43,58.37,56.62,3697183.0,67036860.0
2013-09-30,57.22,58.21,57.67,56.37,3210894.0,57840596.0
2013-09-27,58.91,59.23,57.35,57.19,4114508.0,74818432.0
2013-09-26,60.65,60.65,58.91,58.84,4570629.0,85958344.0
2013-09-25,63.19,63.26,61.0,60.34,6167886.0,119209768.0
2013-09-24,65.04,65.04,63.16,62.97,4783753.0,95702528.0
2013-09-23,63.73,64.34,64.15,62.97,3449951.0,69375984.0
2013-09-18,64.53,65.1,63.67,63.26,2902289.0,58495416.0
2013-09-17,67.32,67.48,64.56,64.4,3193558.0,65621228.0
2013-09-16,68.4,68.75,67.32,67.0,3056918.0,65135132.0
2013-09-13,67.04,69.86,68.4,66.85,5546090.0,119666344.0
2013-09-12,67.8,68.15,67.0,66.88,3372192.0,71375752.0
2013-09-11,66.53,68.24,67.32,64.91,5798983.0,122462080.0
2013-09-10,66.5,66.85,66.5,65.67,2835166.0,59124792.0
2013-09-09,65.73,66.5,66.4,64.47,3335320.0,68864888.0
2013-09-06,66.05,66.53,65.73,65.29,1380838.0,28613252.0
2013-09-05,66.02,66.53,65.58,65.13,2291772.0,47448076.0
2013-09-04,65.29,66.66,66.05,65.1,2639466.0,54654496.0
2013-09-03,64.94,66.4,65.96,64.5,3666588.0,75526144.0
2013-09-02,68.59,68.75,64.81,64.15,5208423.0,107149576.0
2013-08-30,70.4,70.75,69.29,68.78,2851787.0,62619164.0
2013-08-29,70.88,71.99,71.45,69.89,2586635.0,57862448.0
2013-08-28,71.77,71.77,70.34,70.18,3119567.0,69548360.0
2013-08-27,70.31,72.21,71.96,69.48,3501760.0,78534992.0
2013-08-26,68.88,70.47,70.44,68.82,1949328.0,42879956.0
2013-08-23,70.97,71.42,69.36,68.75,2273510.0,49952344.0
2013-08-22,70.5,71.61,71.01,70.21,2391898.0,53395984.0
2013-08-21,69.93,71.04,71.04,69.7,2004949.0,44449364.0
2013-08-20,69.89,71.77,69.99,69.48,2642089.0,58605376.0
2013-08-19,70.12,70.78,70.5,68.59,2402944.0,52896640.0
2013-08-16,71.45,73.52,70.21,70.15,4644249.0,104467440.0
2013-08-15,71.83,73.77,72.21,71.13,5076315.0,116059696.0
2013-08-14,72.75,74.31,71.93,71.42,5201367.0,119342536.0
2013-08-13,71.26,73.67,71.55,70.69,7327443.0,166948144.0
2013-08-12,67.36,71.39,70.82,66.85,7237331.0,158501904.0
2013-08-09,68.56,68.59,67.1,66.34,3159522.0,67058484.0
2013-08-08,67.2,68.85,67.74,66.78,3538098.0,75778608.0
2013-08-07,67.32,68.69,67.36,66.75,3959393.0,84448552.0
2013-08-06,66.53,68.85,67.55,66.21,4737201.0,100964528.0
2013-08-05,65.45,67.13,66.69,65.1,3668619.0,76670424.0
2013-08-02,65.42,66.94,65.32,65.07,4757096.0,98879528.0
2013-08-01,64.78,65.23,65.13,63.83,3720389.0,75748224.0
2013-07-31,65.39,65.7,63.96,63.51,3180851.0,64533592.0
2013-07-30,64.34,66.05,64.81,63.51,2398163.0,48888292.0
2013-07-29,66.02,66.75,64.24,64.24,3497372.0,71893064.0
2013-07-26,68.12,68.12,66.81,66.05,5576677.0,117211312.0
2013-07-25,65.26,71.93,67.67,64.15,9721335.0,208026896.0
2013-07-24,65.23,66.24,65.39,63.73,3307299.0,67881408.0
2013-07-23,64.18,66.28,65.64,64.12,2712456.0,55795688.0
2013-07-22,62.91,65.16,64.18,62.91,2160463.0,43553676.0
2013-07-19,65.42,66.56,64.05,63.8,4075560.0,83076368.0
2013-07-18,66.69,67.83,65.99,65.99,2672015.0,56368672.0
2013-07-17,68.59,69.23,67.2,66.69,4771625.0,102110296.0
2013-07-16,67.51,71.42,69.86,66.69,9368995.0,204175264.0
2013-07-15,67.26,68.02,67.89,66.15,5206467.0,110357120.0
2013-07-12,69.74,70.34,67.64,66.85,6692873.0,144461728.0
2013-07-11,63.42,69.74,69.74,63.2,6414908.0,136126992.0
2013-07-10,61.54,63.42,63.38,61.54,2667052.0,52711744.0
2013-07-09,63.35,63.83,61.89,61.29,2634673.0,51839264.0
2013-07-08,65.26,65.61,63.58,63.48,2714987.0,54995376.0
2013-07-05,65.73,67.61,66.4,65.7,2606742.0,54776208.0
2013-07-04,64.62,66.75,65.73,63.99,2898379.0,60140020.0
2013-07-03,66.91,67.32,65.51,64.62,3883034.0,80394120.0
2013-07-02,64.94,68.5,67.61,64.4,4204420.0,88118376.0
2013-07-01,66.31,66.69,64.88,64.47,2163012.0,44388240.0
2013-06-28,65.58,68.4,66.31,65.58,1651211.0,34825324.0
2013-06-27,68.28,69.01,66.02,65.93,2195573.0,46762108.0
2013-06-26,68.02,68.72,68.08,65.99,2090255.0,44349840.0
2013-06-25,68.88,71.96,68.18,63.51,2853451.0,61709220.0
2013-06-24,72.05,74.15,70.31,69.55,2073096.0,46991176.0
2013-06-21,71.77,75.23,73.36,70.28,2068527.0,47705904.0
2013-06-20,75.83,76.53,72.4,71.61,2436691.0,57350540.0
2013-06-19,73.13,76.66,76.66,71.77,3383357.0,79371528.0
2013-06-18,73.67,74.09,73.48,72.75,1939180.0,44897256.0
2013-06-17,75.58,76.02,73.48,72.4,2302187.0,53269140.0
2013-06-14,76.79,76.85,75.64,75.58,1438853.0,34494052.0
2013-06-13,75.58,77.14,75.83,74.03,1877730.0,45424716.0
2013-06-07,78.78,79.87,77.32,76.76,1863946.0,46719432.0
2013-06-06,80.99,82.36,79.72,79.41,1956712.0,50807896.0
2013-06-05,78.69,81.61,81.61,78.22,2251966.0,57966580.0
2013-06-04,81.8,81.96,78.94,78.57,2174932.0,55741424.0
2013-06-03,81.06,81.96,81.71,80.93,1582684.0,41409520.0
2013-05-31,81.61,82.39,81.06,80.93,1662698.0,43674868.0
2013-05-30,82.98,82.98,81.61,81.27,2809852.0,73882272.0
2013-05-29,84.38,85.53,83.36,83.23,3575544.0,97003408.0
2013-05-28,81.8,84.41,83.95,81.21,3563410.0,95416576.0
2013-05-27,81.74,82.58,81.96,80.59,2349072.0,61582872.0
2013-05-24,82.42,83.67,82.36,80.5,3009091.0,79346192.0
2013-05-23,82.73,85.04,82.42,81.89,5131196.0,138331232.0
2013-05-22,80.18,83.98,83.36,80.18,5809774.0,154338224.0
2013-05-21,80.4,81.15,80.4,79.34,2735807.0,70403144.0
2013-05-20,79.94,81.99,80.5,79.69,3029243.0,78885520.0
2013-05-17,76.76,80.09,79.59,76.73,3001936.0,75703608.0
2013-05-16,77.17,77.73,76.92,74.55,3248582.0,79877144.0
2013-05-15,77.76,79.59,77.32,76.89,2124598.0,53284264.0
2013-05-14,80.81,80.84,77.85,77.85,2015466.0,50925272.0
2013-05-13,80.25,82.05,80.87,79.69,2374036.0,61964148.0
2013-05-10,80.09,82.08,80.31,79.19,2525235.0,65341560.0
2013-05-09,80.28,83.51,80.62,80.06,4063452.0,107290640.0
2013-05-08,81.43,82.11,80.28,79.06,3969992.0,102597808.0
2013-05-07,76.14,83.45,82.52,75.27,5344643.0,134839888.0
2013-05-06,71.85,76.2,76.14,71.41,2343912.0,55635340.0
2013-05-03,71.38,72.88,71.85,71.26,1709838.0,39645048.0
2013-05-02,74.65,74.65,71.41,70.82,2151911.0,49998116.0
2013-04-26,77.14,78.81,75.24,75.18,1467171.0,36265796.0
2013-04-25,76.79,78.16,77.6,74.96,2065558.0,51099600.0
2013-04-24,78.22,78.97,76.95,74.65,2327380.0,57203192.0
2013-04-23,78.94,80.37,78.29,77.76,1786404.0,45538224.0
2013-04-22,81.68,82.42,78.94,78.07,2571111.0,65924184.0
2013-04-19,81.77,83.98,82.83,81.49,1852549.0,49159596.0
2013-04-18,83.36,83.64,81.8,81.18,1347562.0,35670196.0
2013-04-17,82.89,85.47,83.67,82.89,1635037.0,44189964.0
2013-04-16,81.8,84.38,82.73,80.56,1694869.0,45076260.0
2013-04-15,83.79,83.98,83.76,81.33,1953771.0,51847548.0
2013-04-12,82.58,86.59,84.17,82.14,3151990.0,85950160.0
2013-04-11,84.85,85.44,82.7,82.39,2718799.0,73172528.0
2013-04-10,79.31,86.41,85.88,79.31,5039432.0,135546464.0
2013-04-09,79.16,80.12,79.31,78.38,1788982.0,45644300.0
2013-04-08,77.14,79.31,78.6,75.33,1876072.0,46635372.0
2013-04-03,78.85,79.31,78.5,76.86,1948264.0,48961040.0
2013-04-02,77.7,79.56,78.38,77.45,2024442.0,51097476.0
2013-04-01,81.12,81.12,78.01,77.94,2478391.0,62894732.0
2013-03-29,81.52,83.33,81.12,79.25,2407800.0,62762896.0
2013-03-28,83.36,83.36,81.52,79.97,3281806.0,86024360.0
2013-03-27,87.8,88.18,84.04,83.61,3979667.0,108896984.0
2013-03-26,87.49,88.83,87.77,86.78,2456683.0,69516424.0
2013-03-25,88.67,89.2,87.56,86.78,2998394.0,84256816.0
2013-03-22,88.61,90.45,88.89,88.02,3186074.0,91360800.0
2013-03-21,91.13,91.23,88.89,88.33,4000352.0,115241008.0
2013-03-20,88.67,91.57,91.26,87.4,5849358.0,168856272.0
2013-03-19,90.6,92.06,90.17,83.29,6407688.0,179114224.0
2013-03-18,98.19,99.97,90.51,90.01,4078885.0,121986520.0
2013-03-15,102.64,103.05,98.25,96.42,2779349.0,89094776.0
2013-03-14,105.44,106.78,103.82,103.39,2189914.0,74122400.0
2013-03-13,102.77,106.5,106.5,102.02,3168148.0,106858208.0
2013-03-12,105.13,106.78,102.77,101.86,2259718.0,75697240.0
2013-03-11,104.72,106.4,105.28,102.89,2400533.0,80743720.0
2013-03-08,109.86,112.87,107.15,106.62,3520403.0,123822200.0
2013-03-07,107.93,115.08,109.79,107.4,8054358.0,288996608.0
2013-03-06,103.89,109.64,108.89,101.05,5832566.0,196548512.0
2013-03-05,102.42,106.06,103.85,100.46,3946349.0,132099480.0
2013-03-04,102.64,106.22,103.01,102.52,3578363.0,119960776.0
2013-03-01,102.95,105.07,103.39,101.86,3673218.0,121848520.0
2013-02-28,105.31,106.19,103.54,100.46,4697481.0,154833808.0
2013-02-27,105.75,107.93,105.5,103.61,3354678.0,113596504.0
2013-02-26,102.64,108.86,106.9,101.96,6208939.0,213171984.0
2013-02-25,107.06,107.06,103.42,101.71,5700111.0,191541392.0
2013-02-22,95.18,104.2,104.2,95.18,7384997.0,241262960.0
2013-02-21,91.47,97.04,94.71,90.88,5016537.0,153535600.0
2013-02-20,94.62,94.62,92.69,91.29,2844375.0,84921128.0
2013-02-19,93.93,96.26,94.09,93.31,2237434.0,68272448.0
2013-02-18,99.34,100.0,94.12,93.93,3211499.0,98541504.0
2013-02-08,99.5,100.93,99.28,98.75,1348080.0,43361724.0
2013-02-07,100.65,101.4,100.0,97.97,1839398.0,59152500.0
2013-02-06,102.27,102.89,100.77,100.34,2271870.0,73692888.0
2013-02-05,97.94,102.33,102.27,96.73,3840571.0,122896536.0
2013-02-04,99.9,102.33,97.97,97.51,1825565.0,57914848.0
2013-02-01,100.71,102.95,101.4,99.16,2117195.0,68828016.0
2013-01-31,103.2,103.57,100.81,100.15,1754631.0,57184068.0
2013-01-30,100.46,105.28,103.57,99.22,3408096.0,112208776.0
2013-01-29,97.91,100.62,100.25,96.05,3593545.0,114969672.0
2013-01-28,101.08,102.33,98.57,95.64,5098905.0,160399616.0
2013-01-25,104.2,106.53,102.64,101.8,2365032.0,78522800.0
2013-01-24,107.31,109.89,106.12,105.59,3198748.0,110964216.0
2013-01-23,105.94,109.64,108.8,103.67,4477587.0,154049360.0
2013-01-22,105.13,107.77,107.77,98.57,4625316.0,151911984.0
2013-01-21,109.58,110.42,105.25,104.2,4713153.0,161479184.0
2013-01-18,114.77,114.89,110.98,107.93,3041289.0,107910672.0
2013-01-17,112.28,115.02,113.09,112.19,1597773.0,58402688.0
2013-01-16,116.33,116.33,113.53,112.5,4631113.0,170192192.0
2013-01-15,118.38,119.44,117.26,115.08,3618601.0,136482032.0
2013-01-14,113.46,120.31,118.01,111.66,5042938.0,188930768.0
2013-01-11,115.27,116.64,114.77,111.38,2945685.0,108315984.0
2013-01-10,115.39,118.04,115.39,114.15,3338199.0,124652760.0
2013-01-09,112.22,117.73,116.02,111.85,4885745.0,181867552.0
2013-01-08,105.28,112.34,112.28,104.66,5359252.0,188770256.0
2013-01-07,102.33,105.72,105.35,101.3,3206625.0,107526104.0
2013-01-04,106.68,107.49,103.57,103.26,5228024.0,175473696.0
2012-12-31,105.56,108.21,106.62,103.57,3818362.0,129069184.0
2012-12-28,101.08,107.8,105.59,100.18,5091195.0,172851056.0
2012-12-27,96.42,102.86,101.4,94.55,5784317.0,184214544.0
2012-12-26,92.81,96.89,96.17,91.97,3495598.0,106463456.0
2012-12-25,89.73,94.49,93.15,87.65,3821231.0,113170472.0
2012-12-24,93.75,93.75,90.14,89.89,2836298.0,82902768.0
2012-12-21,94.71,95.7,93.78,92.75,2324398.0,70161816.0
2012-12-20,96.11,97.29,94.96,92.62,4039830.0,123086880.0
2012-12-19,91.85,96.67,96.39,91.1,4685950.0,142700880.0
2012-12-18,89.55,94.21,91.29,88.18,5787122.0,170913440.0
2012-12-17,83.89,92.06,90.2,82.98,6576725.0,184211536.0
2012-12-14,80.62,84.85,83.89,78.72,3321444.0,88332000.0
2012-12-13,83.95,85.22,82.42,82.11,2580413.0,69644960.0
2012-12-12,83.57,84.44,84.26,81.8,2290427.0,61419156.0
2012-12-11,81.8,84.6,83.26,80.99,3597330.0,96612104.0
2012-12-10,77.91,83.05,82.39,77.17,4082455.0,104422160.0
2012-12-07,80.25,81.46,80.56,79.06,3391024.0,87700320.0
2012-12-06,78.44,80.25,79.47,75.77,3535320.0,87916512.0
2012-12-05,76.2,81.02,78.44,74.74,5608541.0,141229968.0
2012-12-04,74.4,80.22,77.91,71.85,4719384.0,113381464.0
2012-12-03,85.22,85.32,77.07,77.07,3054972.0,77711968.0
2012-11-30,85.94,86.65,85.63,84.44,826959.0,22704438.0
2012-11-29,85.91,88.27,85.94,85.19,938131.0,26197026.0
2012-11-28,87.77,87.77,85.66,85.22,1354635.0,37503752.0
2012-11-27,88.8,89.83,87.77,87.46,1437007.0,40922820.0
2012-11-26,92.87,92.87,89.33,88.83,1647969.0,47807552.0
2012-11-23,91.6,95.08,93.12,90.64,2087880.0,62840196.0
2012-11-22,95.42,95.42,91.78,91.6,3040624.0,90509992.0
2012-11-21,96.42,98.1,97.66,93.65,1515737.0,46727476.0
2012-11-20,93.93,99.53,96.89,92.53,2164088.0,67213064.0
2012-11-19,99.78,101.46,95.49,92.72,3098214.0,95962024.0
2012-11-16,104.04,104.04,100.46,100.31,1420253.0,46257792.0
2012-11-15,105.44,106.37,104.04,103.89,678000.0,22893926.0
2012-11-14,105.75,107.24,106.34,104.32,693479.0,23590240.0
2012-11-13,108.58,108.58,106.06,103.89,1271686.0,43190720.0
2012-11-12,107.59,109.33,108.77,107.31,1093500.0,38048540.0
2012-11-09,109.17,110.2,108.71,107.62,666823.0,23358784.0
2012-11-08,109.08,112.9,109.76,107.31,1679283.0,59726344.0
2012-11-07,110.54,110.54,109.64,108.92,1535802.0,54140156.0
2012-11-06,115.7,115.7,111.01,108.39,2592827.0,92185616.0
2012-11-05,119.53,119.53,115.7,115.67,1434839.0,53809480.0
2012-11-02,119.12,121.27,119.41,118.91,2120589.0,81770040.0
2012-11-01,115.02,118.97,118.97,115.02,1846036.0,69782992.0
2012-10-31,115.64,115.67,114.93,113.81,1557165.0,57343544.0
2012-10-30,116.67,118.0,115.7,115.45,1324723.0,49613068.0
2012-10-29,118.19,119.03,116.64,113.53,1595541.0,59786952.0
2012-10-26,117.44,120.21,119.65,115.92,2859235.0,109248848.0
2012-10-25,118.19,118.69,117.38,116.67,1943213.0,73470008.0
2012-10-24,119.75,120.31,118.19,116.64,2987211.0,113657488.0
2012-10-23,124.41,125.35,119.72,118.35,3389389.0,131893136.0
2012-10-22,125.97,127.27,124.41,121.58,2285154.0,91149968.0
2012-10-19,129.3,130.79,127.4,126.5,2717147.0,111472912.0
2012-10-18,127.06,131.88,129.23,125.66,4942286.0,206186752.0
2012-10-17,125.07,129.64,127.52,121.36,4671341.0,189057392.0
2012-10-16,117.2,128.46,125.03,115.39,5141809.0,205009744.0
2012-10-15,115.05,119.12,117.26,114.46,2965303.0,111820424.0
2012-10-12,112.69,114.15,112.22,111.88,846553.0,30734748.0
2012-10-11,112.9,114.33,113.18,112.47,1413771.0,51556408.0
2012-10-10,113.65,113.96,112.9,112.41,1265468.0,46039568.0
2012-10-09,112.94,114.09,113.9,111.69,1542786.0,56035088.0
2012-10-08,113.84,114.77,112.94,112.28,1384107.0,50348868.0
2012-09-28,113.84,115.8,114.46,112.06,2486763.0,91676888.0
2012-09-27,108.74,114.93,113.25,108.55,3767066.0,136899072.0
2012-09-26,105.19,110.26,108.77,105.19,2376134.0,83261168.0
2012-09-25,105.44,108.86,107.31,103.57,2728398.0,93941024.0
2012-09-24,99.56,107.0,105.69,98.75,1910530.0,64279976.0
2012-09-21,100.21,101.02,99.53,98.94,719153.0,23086722.0
2012-09-20,102.89,102.92,100.46,100.31,945498.0,30756078.0
2012-09-19,104.72,104.72,102.89,101.64,992024.0,32761198.0
2012-09-18,102.64,105.1,104.32,102.64,1003427.0,33571732.0
2012-09-17,105.91,106.59,103.2,103.08,1455532.0,48881880.0
2012-09-14,108.7,108.7,106.06,104.97,2060691.0,70158792.0
2012-09-13,110.98,110.98,107.56,107.56,1855613.0,64950048.0
2012-09-12,111.04,111.19,110.88,110.07,1302495.0,46343640.0
2012-09-11,111.19,111.19,110.07,109.33,884308.0,31228320.0
2012-09-10,113.22,113.22,111.32,109.79,1859963.0,66479368.0
2012-09-07,108.33,112.28,111.47,107.62,2133544.0,75708440.0
2012-09-06,108.55,109.79,106.4,105.1,1478015.0,50689208.0
2012-09-05,111.01,111.01,108.39,107.99,1232659.0,43118904.0
2012-09-04,115.08,116.64,111.26,111.22,1353245.0,49043548.0
2012-09-03,116.64,117.57,113.22,111.04,3695817.0,135797792.0
2012-08-31,101.71,110.51,110.51,101.71,2971252.0,101245336.0
2012-08-30,110.73,112.59,100.46,100.21,2448497.0,81345880.0
2012-08-29,110.76,113.56,111.35,110.42,801848.0,29032746.0
2012-08-28,111.97,113.78,111.75,109.36,1186633.0,42503252.0
2012-08-27,116.64,116.64,112.47,110.42,1972037.0,70893072.0
2012-08-24,120.62,120.68,116.92,115.11,2128650.0,80757192.0
2012-08-23,124.41,125.97,122.05,121.24,1082151.0,42770844.0
2012-08-22,128.33,128.55,125.06,124.72,736024.0,29736878.0
2012-08-21,124.1,128.15,126.43,124.1,897721.0,36596936.0
2012-08-20,124.26,124.88,124.63,122.23,488485.0,19501450.0
2012-08-17,127.68,127.68,124.57,123.73,777611.0,31124248.0
2012-08-16,128.67,130.48,127.68,127.52,475685.0,19708072.0
2012-08-15,128.49,130.13,129.05,128.46,617420.0,25699628.0
2012-08-14,129.51,130.29,128.39,126.47,721359.0,29737310.0
2012-08-13,130.35,133.09,129.51,129.08,1192917.0,49953220.0
2012-08-10,135.24,135.24,132.66,129.92,1173941.0,49888708.0
2012-08-09,130.32,134.65,134.37,129.57,1598464.0,68575952.0
2012-08-08,133.12,133.12,130.38,129.73,720226.0,30237118.0
2012-08-07,132.81,135.24,133.12,131.57,1225502.0,52545556.0
2012-08-06,128.05,134.15,132.81,126.84,1543904.0,64926176.0
2012-08-03,121.86,128.64,127.52,121.61,1791621.0,72838568.0
2012-08-02,122.83,123.76,121.86,121.61,662355.0,26119148.0
2012-08-01,121.3,124.04,122.55,121.3,1227785.0,48558508.0
2012-07-31,122.23,123.76,121.74,121.15,1056537.0,41427392.0
2012-07-30,126.12,126.34,122.95,122.39,1917876.0,76494344.0
2012-07-27,132.66,133.31,126.37,125.84,1874068.0,77520008.0
2012-07-26,132.81,134.37,132.5,130.69,1468607.0,62531412.0
2012-07-25,133.9,135.92,132.97,132.5,1301283.0,56271216.0
2012-07-24,132.81,135.27,133.9,131.57,1882993.0,80781976.0
2012-07-23,136.82,136.85,133.5,132.5,1745586.0,75104784.0
2012-07-20,139.65,141.8,137.91,137.54,1162821.0,52078976.0
2012-07-19,136.88,139.56,139.44,136.88,1780837.0,79462144.0
2012-07-18,142.55,143.85,138.13,136.88,2284575.0,102253984.0
2012-07-17,148.67,148.67,143.14,141.99,2147003.0,99222304.0
2012-07-16,155.42,156.2,149.05,148.67,2814797.0,137746320.0
2012-07-13,151.94,156.14,155.42,149.92,2768904.0,136257904.0
2012-07-12,153.99,157.63,152.87,150.85,4424726.0,220125024.0
2012-07-11,149.79,153.99,153.99,145.91,3173927.0,154327248.0
2012-07-10,151.32,156.2,151.16,149.92,2610278.0,128792664.0
2012-07-09,151.32,157.32,152.34,150.38,4162598.0,206212304.0
2012-07-06,143.07,153.65,152.37,143.07,3704601.0,178582256.0
2012-07-05,146.87,148.21,143.82,142.14,1476001.0,68459568.0
2012-07-04,150.23,151.66,148.39,147.8,1461915.0,70193312.0
2012-07-03,149.39,153.31,150.73,148.05,2439784.0,118704096.0
2012-07-02,147.06,153.9,150.94,144.19,5215474.0,251980272.0
2012-06-29,141.36,147.99,146.93,139.96,3047468.0,142353712.0
2012-06-28,141.52,143.04,142.14,139.19,1177668.0,53532524.0
2012-06-27,140.28,144.63,141.52,140.28,1299720.0,59890036.0
2012-06-26,143.01,143.94,142.14,140.9,1088066.0,49917952.0
2012-06-25,143.94,145.91,144.19,141.86,1564226.0,72845432.0
2012-06-21,143.7,145.06,143.7,141.36,891405.0,40928600.0
2012-06-20,144.1,145.34,143.7,142.67,856938.0,39690240.0
2012-06-19,142.67,145.91,143.7,141.4,1894559.0,87477336.0
2012-06-18,143.7,145.03,143.07,141.08,1918870.0,88038208.0
2012-06-15,144.94,146.0,142.82,139.93,1671211.0,77202640.0
2012-06-14,139.22,146.78,144.69,138.38,3103805.0,143894720.0
2012-06-13,136.85,139.81,139.28,136.6,1029127.0,45822040.0
2012-06-12,138.41,138.41,136.95,136.23,1191607.0,52532460.0
2012-06-11,140.59,140.59,139.5,136.2,1780402.0,78666048.0
2012-06-08,140.09,141.33,140.43,139.59,839477.0,37833428.0
2012-06-07,140.21,141.77,139.96,139.0,790149.0,35604616.0
2012-06-06,141.8,143.01,139.34,138.72,1188812.0,53599916.0
2012-06-05,144.94,146.5,141.83,141.83,904344.0,41764392.0
2012-06-04,146.09,146.81,144.94,144.66,957707.0,44801580.0
2012-06-01,147.15,149.14,147.93,147.12,1245295.0,59361524.0
2012-05-31,145.5,148.21,146.84,144.88,841938.0,39699904.0
2012-05-30,148.61,150.48,146.19,146.19,1135444.0,54174232.0
2012-05-29,148.67,148.67,148.67,145.56,1788736.0,84594024.0
2012-05-28,146.62,148.92,148.86,143.48,1230379.0,57981988.0
2012-05-25,151.41,152.25,146.65,145.72,1352301.0,63959912.0
2012-05-24,157.82,157.82,151.41,151.16,1994216.0,98325488.0
2012-05-23,159.71,162.36,158.13,156.04,1793004.0,91764288.0
2012-05-22,155.49,158.59,158.16,154.12,1491957.0,75530064.0
2012-05-21,150.85,157.54,155.52,150.76,1537530.0,76630016.0
2012-05-18,153.96,154.68,152.41,149.76,1086311.0,53049680.0
2012-05-17,153.46,155.52,155.02,151.78,1000784.0,49491456.0
2012-05-16,154.93,155.33,154.4,153.06,833024.0,41321764.0
2012-05-15,152.41,155.14,154.89,150.17,1193487.0,58884824.0
2012-05-14,159.53,160.03,153.25,153.25,1531777.0,76317744.0
2012-05-11,158.97,162.82,158.25,157.51,1245314.0,63979504.0
2012-05-10,153.96,161.36,158.94,153.96,1547445.0,78992552.0
2012-05-09,158.0,159.81,156.14,152.09,1815161.0,91068864.0
2012-05-08,161.77,161.77,159.12,158.25,1765918.0,90471480.0
2012-05-07,161.74,165.41,163.2,157.91,4161540.0,216782576.0
2012-05-04,149.29,164.16,164.16,146.93,4395007.0,222276208.0
2012-05-03,142.11,149.29,149.23,140.31,2379245.0,111632104.0
2012-05-02,149.26,150.79,142.98,141.83,1860970.0,86557936.0
2012-04-27,139.13,146.51,146.51,139.13,1403976.0,130056064.0
2012-04-26,133.97,139.13,138.97,133.88,498207.0,43974484.0
2012-04-25,135.57,135.57,133.94,133.79,289923.0,25141450.0
2012-04-24,134.16,135.72,134.67,132.32,322983.0,28017906.0
2012-04-23,137.89,138.65,134.16,133.71,427793.0,37471488.0
2012-04-20,137.74,139.27,137.75,135.66,963208.0,84922096.0
2012-04-18,139.44,139.81,139.3,137.09,401588.0,36020948.0
2012-04-17,137.66,140.18,138.45,137.09,200990.0,17960376.0
2012-04-16,139.44,139.75,137.97,137.74,329867.0,29512254.0
2012-04-13,141.56,142.24,139.58,138.97,315913.0,28606880.0
2012-04-12,137.74,142.38,141.71,137.74,355264.0,32207744.0
2012-04-11,140.55,143.6,140.8,139.59,393420.0,35929036.0
2012-04-10,142.33,143.31,142.3,140.06,218316.0,19951530.0
2012-04-09,142.38,143.93,143.31,140.06,338364.0,31000618.0
2012-04-06,142.5,144.19,143.31,139.59,720599.0,66128552.0
2012-04-05,134.55,142.84,142.38,134.33,498857.0,45184316.0
2012-03-30,140.83,140.83,135.57,133.14,726234.0,63825440.0
2012-03-29,136.14,146.83,141.43,135.41,1140186.0,103941984.0
2012-03-28,140.83,140.83,136.19,133.51,1295553.0,113643760.0
2012-03-27,148.61,150.43,141.76,141.68,920021.0,86961032.0
2012-03-26,147.89,153.21,150.46,147.89,392467.0,38377944.0
2012-03-23,149.37,150.38,148.72,147.87,295166.0,28386634.0
2012-03-22,149.65,151.49,149.65,147.87,210018.0,20255050.0
2012-03-21,151.94,151.96,149.65,148.26,247745.0,23922284.0
2012-03-20,153.12,154.71,152.1,148.6,323854.0,31553182.0
2012-03-19,157.9,159.48,153.81,150.9,286866.0,28609128.0
2012-03-16,150.16,157.22,156.62,150.16,698333.0,69389472.0
2012-03-15,148.21,153.67,150.12,147.33,135696.0,13185407.0
2012-03-14,148.24,153.97,148.41,144.33,421066.0,41025164.0
2012-03-13,148.51,149.19,148.23,146.31,85464.0,8172424.0
2012-03-12,147.33,149.34,147.92,145.5,156908.0,14994426.0
2012-03-09,141.91,148.57,147.45,141.91,239277.0,22360260.0
2012-03-08,139.44,141.99,140.81,138.59,101506.0,9202045.0
2012-03-07,145.4,145.47,139.44,137.8,282041.0,25940710.0
2012-03-06,144.7,147.0,146.09,144.06,307310.0,28834384.0
2012-03-05,146.0,146.87,146.06,145.56,165886.0,15678524.0
2012-03-02,146.87,148.1,146.0,145.33,275566.0,25984640.0
2012-03-01,145.47,147.96,146.87,144.7,218884.0,20757816.0
2012-02-29,143.93,148.26,145.47,143.93,423910.0,40144964.0
2012-02-28,142.84,144.71,143.93,142.24,174573.0,16184299.0
2012-02-27,142.76,146.4,142.78,142.38,314404.0,29442620.0
2012-02-24,136.73,144.85,142.38,136.73,726876.0,66494256.0
2012-02-23,135.41,136.96,136.73,134.49,411101.0,35997384.0
2012-02-22,135.61,137.74,135.41,134.18,286351.0,25095610.0
2012-02-21,131.54,134.95,134.81,131.25,354921.0,30754102.0
2012-02-20,132.49,134.42,131.7,131.51,167564.0,14305845.0
2012-02-17,133.45,134.49,131.67,131.53,128766.0,11022506.0
2012-02-16,132.77,137.04,133.45,132.77,645495.0,56240152.0
2012-02-15,132.6,134.16,133.09,132.6,174982.0,15061850.0
2012-02-14,132.84,134.42,132.77,132.3,328474.0,28286602.0
2012-02-13,128.62,133.19,132.84,128.0,211953.0,18098738.0
2012-02-10,131.02,132.1,129.58,129.38,123188.0,10354239.0
2012-02-09,129.98,132.92,131.0,128.57,203233.0,17261200.0
2012-02-08,126.67,130.91,129.98,126.67,141802.0,11813339.0
2012-02-07,128.74,129.22,126.9,126.64,160151.0,13265867.0
2012-02-06,126.05,128.79,128.45,125.82,475512.0,39096284.0
2012-02-03,122.03,126.14,126.05,121.81,351542.0,28383946.0
2012-02-02,121.02,121.95,121.95,119.24,102017.0,7958656.0
2012-02-01,120.83,123.88,121.0,120.09,165009.0,13068418.0
2012-01-31,118.27,121.14,120.87,118.27,140599.0,10922995.0
2012-01-30,119.36,120.96,119.3,117.71,155921.0,12055901.0
2012-01-20,115.3,120.63,119.35,115.3,280030.0,21581788.0
2012-01-19,111.43,116.07,115.3,110.0,406512.0,29999304.0
2012-01-18,114.98,117.38,111.73,111.64,309023.0,22830862.0
2012-01-17,109.1,116.07,114.21,106.01,473415.0,33952584.0
2012-01-16,114.52,115.42,110.03,109.95,207771.0,15314826.0
2012-01-13,119.32,120.09,115.6,115.33,173949.0,13157148.0
2012-01-12,118.23,120.12,119.38,117.46,159929.0,12340824.0
2012-01-11,121.16,121.76,118.39,118.23,310465.0,23982636.0
2012-01-10,118.06,122.58,121.02,116.86,609025.0,47559972.0
2012-01-09,117.31,119.09,118.11,113.16,231287.0,17359310.0
2012-01-06,114.98,117.89,116.66,113.02,214952.0,16023695.0
2012-01-05,122.74,123.19,115.03,114.52,606902.0,46278928.0
2012-01-04,132.78,132.8,122.74,122.66,512938.0,41630372.0
