date,open,high,close,low,volume,amount
2015-07-03,349.05,388.92,347.5,347.5,45028092.0,1636265856.0
2015-07-02,427.81,427.81,386.1,386.1,29057256.0,1179863936.0
2015-07-01,461.84,496.36,428.98,428.78,39272484.0,1879548800.0
2015-06-30,402.24,486.15,476.42,402.24,51151648.0,2246824704.0
2015-06-29,496.65,504.62,446.96,446.96,18035552.0,852085568.0
2015-06-26,537.68,537.68,496.65,496.65,17469788.0,908968512.0
2015-06-25,612.54,616.43,551.78,546.43,17722738.0,1050877312.0
2015-06-24,607.68,628.78,604.67,583.38,14208967.0,889695616.0
2015-06-23,612.64,625.09,606.71,559.94,22803984.0,1371335680.0
2015-06-19,626.64,639.48,622.17,602.82,17521998.0,1122265600.0
2015-06-18,681.58,685.08,620.81,617.4,17171136.0,1157544576.0
2015-06-17,658.24,699.95,682.65,641.71,16620451.0,1145734912.0
2015-06-16,695.28,715.61,661.06,645.02,24085372.0,1665442816.0
2015-06-15,757.22,764.03,716.58,712.59,16042911.0,1210943360.0
2015-06-12,776.76,776.76,755.96,748.66,13247603.0,1034907200.0
2015-06-11,725.04,783.67,760.23,714.63,19401084.0,1498823680.0
2015-06-10,700.05,748.66,725.04,700.05,12410827.0,929655552.0
2015-06-09,744.77,764.22,729.22,716.38,16948104.0,1289166592.0
2015-06-08,703.94,751.48,745.65,675.74,26145080.0,1907749504.0
2015-06-05,730.19,765.0,714.63,700.05,19328482.0,1460807552.0
2015-06-04,727.27,739.91,721.34,650.46,27798948.0,1990804352.0
2015-06-03,748.66,758.39,722.41,707.92,20196032.0,1511685888.0
2015-06-02,680.5,734.08,732.91,680.41,25140624.0,1846739712.0
2015-06-01,612.54,667.38,667.38,606.81,27185808.0,1811971968.0
2015-05-29,596.5,619.15,606.71,559.07,23918480.0,1479146752.0
2015-05-28,628.68,642.68,593.29,593.1,22587052.0,1432598784.0
2015-05-27,636.07,648.13,628.68,607.68,20475508.0,1323487744.0
2015-05-26,595.53,637.34,635.88,595.53,32744496.0,2094238592.0
2015-05-25,563.93,628.39,594.55,563.83,30294132.0,1861469696.0
2015-05-22,600.19,624.7,583.96,580.46,21771806.0,1321665536.0
2015-05-21,601.94,612.54,600.19,573.85,23714408.0,1459633280.0
2015-05-20,601.94,625.96,601.85,597.96,23353780.0,1460856192.0
2015-05-19,569.57,612.54,603.79,559.07,22847554.0,1376753792.0
2015-05-18,556.73,573.46,563.83,550.41,21231670.0,1229850752.0
2015-05-15,555.96,573.55,554.3,546.43,21358686.0,1226507392.0
2015-05-14,513.37,564.41,554.4,508.6,32986726.0,1821487488.0
2015-05-13,474.87,519.3,513.37,457.07,40462016.0,2082530048.0
2015-05-12,480.31,480.31,472.05,461.84,26199000.0,1273814016.0
2015-05-11,445.4,476.52,472.24,432.18,34037752.0,1589480448.0
2015-05-08,414.19,434.61,433.15,397.47,37388608.0,1599442432.0
2015-05-07,435.58,446.77,403.31,394.17,25453010.0,1085550208.0
2015-05-06,425.96,454.64,429.95,425.96,26841744.0,1217120640.0
2015-05-05,472.73,472.73,426.06,426.06,32737832.0,1473807488.0
2015-05-04,533.69,534.66,473.41,463.1,44780632.0,2290335232.0
2015-04-30,492.27,492.27,492.27,492.27,1359039.0,68808144.0
2015-03-20,426.83,450.85,447.54,419.15,22024796.0,1000194304.0
2015-03-19,429.75,430.72,425.57,417.21,14455641.0,629994176.0
2015-03-18,423.72,430.82,429.75,421.49,11248511.0,493382656.0
2015-03-17,424.5,425.86,423.72,417.11,12638680.0,547281088.0
2015-03-16,398.64,426.35,424.31,398.64,21366624.0,912345792.0
2015-03-13,395.82,401.17,398.64,391.74,9068102.0,369013472.0
2015-03-12,391.93,399.71,395.72,391.93,7835162.0,319231008.0
2015-03-11,398.64,401.07,393.78,390.86,8971102.0,364165280.0
2015-03-10,397.57,403.11,396.6,393.78,8049801.0,329649792.0
2015-03-09,396.69,400.78,398.64,386.97,12491086.0,504397184.0
2015-03-06,408.65,412.15,398.35,396.21,8142948.0,336535392.0
2015-03-05,409.72,422.95,406.51,406.42,12415012.0,530393632.0
2015-03-04,393.39,413.71,409.53,391.83,15314387.0,636145600.0
2015-03-03,410.11,413.81,393.39,390.86,17354244.0,714801408.0
2015-03-02,411.76,415.17,410.01,405.64,12048883.0,508595520.0
2015-02-27,395.62,414.2,411.08,394.65,14073953.0,587255680.0
2015-02-26,396.21,398.54,395.72,389.01,8322216.0,336488032.0
2015-02-25,400.58,412.15,398.54,395.53,12791061.0,530218752.0
2015-02-17,379.97,403.4,401.26,379.97,21664768.0,877026944.0
2015-02-16,374.33,381.14,377.74,370.15,9796548.0,379130240.0
2015-02-13,371.9,380.85,372.78,369.76,14573646.0,562121152.0
2015-02-12,373.75,375.79,372.0,370.25,13360777.0,511655680.0
2015-02-11,360.23,374.82,372.87,357.02,21041244.0,798032128.0
2015-02-10,347.11,361.89,356.44,345.16,11014154.0,402000608.0
2015-02-09,344.19,350.32,347.69,342.05,10390127.0,371780992.0
2015-02-06,349.05,354.01,342.05,337.87,13748549.0,484993440.0
2015-02-05,355.76,358.68,348.18,348.08,13701535.0,497198368.0
2015-02-04,362.18,362.86,355.76,353.43,9975689.0,366152128.0
2015-02-03,362.66,365.39,358.29,350.02,12645772.0,462774272.0
2015-02-02,356.25,372.29,357.51,352.94,14310724.0,535522944.0
2015-01-30,362.66,366.16,356.25,354.11,11644280.0,429995584.0
2015-01-29,340.4,368.5,366.26,340.3,31564384.0,1159173376.0
2015-01-28,347.11,352.55,344.09,339.33,15869019.0,561428032.0
2015-01-27,346.72,353.43,349.54,343.51,17318500.0,621193664.0
2015-01-26,337.87,346.13,344.77,336.41,14705285.0,517976160.0
2015-01-23,343.22,348.08,336.9,334.95,18077764.0,630900928.0
2015-01-22,343.22,354.79,345.16,341.27,19310452.0,693907392.0
2015-01-21,339.91,345.84,343.22,333.3,18774380.0,657752960.0
2015-01-20,323.38,344.19,340.11,323.38,23806420.0,824554112.0
2015-01-19,319.2,345.84,322.02,315.99,30231692.0,1020682624.0
2015-01-16,312.11,329.7,329.7,310.26,21874072.0,721870720.0
2015-01-15,307.24,312.2,311.13,305.59,10182778.0,324039424.0
2015-01-14,308.99,312.88,307.05,306.47,8315879.0,264687952.0
2015-01-13,300.83,313.08,309.09,300.83,15449579.0,490939744.0
2015-01-12,297.52,303.35,300.73,291.69,9441865.0,291499456.0
2015-01-09,297.03,307.15,299.17,296.06,11771222.0,365530880.0
2015-01-08,309.38,311.13,298.59,298.49,9831416.0,305494720.0
2015-01-07,311.91,316.97,307.05,306.85,9620048.0,307227680.0
2015-01-06,304.33,314.54,312.79,298.59,13417233.0,424086720.0
2015-01-05,304.23,310.16,307.54,296.94,13607419.0,425062400.0
2014-12-31,300.34,304.91,304.13,290.23,16159967.0,494915904.0
2014-12-30,301.02,305.1,297.71,296.64,10356804.0,320018400.0
2014-12-29,308.22,314.34,301.02,296.55,12844522.0,400868960.0
2014-12-26,304.81,318.04,308.02,304.81,12901420.0,411563200.0
2014-12-25,302.38,305.4,304.81,297.71,9847858.0,306390048.0
2014-12-24,301.99,305.3,301.21,294.6,11455983.0,354805216.0
2014-12-23,302.77,320.86,301.6,299.17,12963159.0,413188256.0
2014-12-22,322.8,325.72,302.87,290.32,29461882.0,922419008.0
2014-12-19,327.18,333.01,321.44,309.87,18912662.0,628636224.0
2014-12-18,312.98,332.33,326.79,311.42,21923920.0,734530112.0
2014-12-17,307.15,324.74,313.37,306.27,24399184.0,793326976.0
2014-12-16,307.73,311.13,308.8,301.6,21645580.0,683719680.0
2014-12-15,316.58,316.97,306.27,300.73,35125620.0,1108304768.0
2014-12-12,281.57,308.22,308.22,281.48,35051896.0,1080737536.0
2014-12-11,269.52,282.45,280.21,267.48,19762298.0,562015744.0
2014-12-10,250.27,271.56,269.42,250.27,22056694.0,599801344.0
2014-12-09,277.2,280.8,250.17,250.17,32863840.0,890814208.0
2014-12-08,282.16,284.88,277.98,277.2,24508960.0,707989056.0
2014-12-05,278.75,290.71,284.39,266.89,29143144.0,844110080.0
2014-12-04,275.16,281.77,278.75,270.59,22747474.0,647745536.0
2014-12-03,278.56,283.42,272.24,252.79,32264356.0,905204928.0
2014-12-02,278.07,285.37,278.56,273.7,21399462.0,612430720.0
2014-12-01,275.64,288.77,279.53,275.16,21194564.0,613387200.0
2014-11-28,276.71,276.91,274.77,271.75,21857530.0,615529408.0
2014-11-27,276.13,284.69,275.25,273.7,22938108.0,659853824.0
2014-11-26,276.13,279.53,275.06,273.8,17585404.0,499606080.0
2014-11-25,273.31,281.87,277.1,269.42,27480010.0,782046912.0
2014-11-24,252.41,273.8,273.41,249.49,40455120.0,1094542464.0
2014-11-21,246.96,254.25,248.91,246.47,21083184.0,542306048.0
2014-11-20,248.91,254.54,247.45,244.04,23924048.0,610817536.0
2014-11-19,248.42,251.72,247.06,245.99,18218138.0,466456544.0
2014-11-18,238.21,250.56,248.81,238.21,36692800.0,929625984.0
2014-11-17,230.43,241.42,238.21,228.78,24984028.0,608534848.0
2014-11-14,229.95,232.96,231.4,227.32,10505541.0,249243904.0
2014-11-13,235.29,239.77,231.01,229.46,11804425.0,283867136.0
2014-11-12,231.4,240.64,236.56,228.59,15445692.0,372532768.0
2014-11-11,242.1,242.1,229.56,229.07,21426352.0,516455936.0
2014-11-10,231.21,243.07,241.13,231.21,31885244.0,785253120.0
2014-11-07,223.43,238.79,231.11,222.36,27344512.0,650953728.0
2014-11-06,229.36,230.04,223.82,220.03,12577594.0,290540160.0
2014-11-05,230.04,231.79,227.32,226.83,13835506.0,326176864.0
2014-11-04,223.53,233.45,229.46,223.33,28743252.0,678792768.0
2014-11-03,223.53,225.76,223.24,220.61,18065820.0,414660384.0
2014-10-31,216.53,224.01,223.14,215.56,16869788.0,381546656.0
2014-10-30,219.44,223.92,216.72,215.75,13691285.0,307723392.0
2014-10-29,213.9,222.65,219.35,213.9,19424956.0,439081984.0
2014-10-28,210.69,214.78,213.71,210.69,11575721.0,253331744.0
2014-10-27,206.51,211.86,211.67,201.85,8375327.0,178778400.0
2014-10-24,210.21,212.64,210.99,209.82,7310564.0,158637632.0
2014-10-23,209.14,211.67,210.69,204.47,11497129.0,246652768.0
2014-10-22,218.76,221.39,211.08,209.33,17543722.0,387841312.0
2014-10-21,224.6,225.76,219.64,218.57,20030290.0,457413856.0
2014-10-20,219.54,226.25,224.01,218.96,19541768.0,450103488.0
2014-10-17,217.99,226.54,219.64,217.79,25209628.0,574234048.0
2014-10-16,219.15,224.4,219.54,216.82,20643884.0,467714720.0
2014-10-15,219.74,221.58,219.54,216.82,18948316.0,427288928.0
2014-10-14,206.51,222.36,221.97,206.03,41968560.0,941562368.0
2014-10-13,208.17,209.04,206.61,201.94,16789346.0,353898048.0
2014-10-10,212.44,212.44,209.53,209.14,10667149.0,231017440.0
2014-10-09,207.88,213.51,212.93,207.88,18031212.0,392678944.0
2014-10-08,209.24,210.31,207.68,206.32,15339670.0,328297664.0
2014-09-30,212.25,213.51,209.24,209.24,9779459.0,212265520.0
2014-09-29,210.99,212.83,210.69,210.01,14473722.0,314372096.0
2014-09-26,215.94,216.72,210.79,209.82,15771683.0,344966880.0
2014-09-25,214.58,218.76,217.31,213.22,17132874.0,380509088.0
2014-09-24,215.56,216.62,213.9,211.96,17738706.0,390634848.0
2014-09-23,209.24,216.33,215.85,208.56,18739036.0,410989632.0
2014-09-22,210.21,213.42,210.11,207.88,12386525.0,268337392.0
2014-09-19,212.06,213.22,209.62,207.19,17052504.0,368057024.0
2014-09-18,215.36,216.72,211.28,210.99,10087453.0,221425984.0
2014-09-17,209.62,215.85,214.1,208.85,13738857.0,300784640.0
2014-09-16,223.63,225.38,209.14,208.56,24107154.0,537578240.0
2014-09-15,224.69,228.88,223.33,223.33,17370376.0,403016032.0
2014-09-12,224.11,228.68,225.38,222.75,15484415.0,359362144.0
2014-09-11,229.95,234.71,224.6,223.24,22535060.0,526940672.0
2014-09-10,233.15,234.32,230.72,229.17,14547583.0,345845600.0
2014-09-09,229.46,234.32,233.15,227.13,20766780.0,492193760.0
2014-09-05,219.74,235.29,231.31,215.85,40278260.0,935748224.0
2014-09-04,223.14,224.5,220.61,218.96,24533628.0,558600768.0
2014-09-03,220.51,231.21,225.18,220.51,41367416.0,959200128.0
2014-09-02,216.82,219.35,218.08,212.93,25465858.0,566874944.0
2014-09-01,218.28,220.22,217.69,212.93,22966704.0,511882176.0
2014-08-29,212.25,220.42,217.4,210.01,31874298.0,705588928.0
2014-08-28,209.82,223.62,212.93,208.36,41186944.0,914843968.0
2014-08-27,204.18,220.61,212.93,201.65,75146280.0,1630130560.0
2014-08-26,182.01,200.58,200.58,182.01,68096088.0,1382894080.0
2014-08-25,187.55,187.55,182.3,182.3,14542350.0,276478272.0
2014-08-22,184.15,188.72,186.58,183.86,17878768.0,343641152.0
2014-08-21,185.61,187.94,183.18,182.59,14921319.0,283724288.0
2014-08-20,180.07,187.65,185.8,179.48,23212536.0,440302848.0
2014-08-19,180.94,183.28,180.36,179.78,14000811.0,261281408.0
2014-08-18,177.44,183.18,181.04,176.37,19983338.0,370003104.0
2014-08-15,172.97,177.83,177.05,172.48,13482401.0,243938592.0
2014-08-14,178.12,178.22,172.97,172.58,15739976.0,283125888.0
2014-08-13,180.07,181.14,177.44,176.66,11882652.0,217925584.0
2014-08-12,179.87,181.04,179.87,178.71,9859174.0,182035920.0
2014-08-11,180.55,180.84,180.65,177.93,7398482.0,136704720.0
2014-08-08,177.73,181.33,179.29,177.64,7077826.0,130956128.0
2014-08-07,180.36,181.53,178.22,176.47,8958062.0,165008320.0
2014-08-06,179.87,181.53,180.26,177.93,5990991.0,110797504.0
2014-08-05,182.79,184.25,180.94,179.39,7973535.0,148358000.0
2014-08-04,184.15,185.22,182.69,181.62,8789023.0,165641776.0
2014-08-01,181.82,188.04,183.57,181.82,7913944.0,151122880.0
2014-07-31,188.14,188.53,187.07,185.12,9043163.0,173175984.0
2014-07-30,182.3,188.91,188.04,181.53,13813521.0,264098912.0
2014-07-29,183.76,185.41,182.69,181.82,8421512.0,158619328.0
2014-07-28,176.47,183.66,183.47,176.08,12903310.0,240074928.0
2014-07-25,176.47,177.73,176.57,173.84,8207929.0,148001472.0
2014-07-24,181.23,181.33,176.08,174.91,7916976.0,143676384.0
2014-07-23,181.82,184.73,181.72,179.39,5168018.0,96558560.0
2014-07-22,179.87,183.96,181.82,179.0,6969598.0,130225352.0
2014-07-21,173.07,182.3,181.82,171.12,12074922.0,220437808.0
2014-07-18,182.98,184.25,175.01,171.12,12901263.0,234747040.0
2014-07-17,185.71,186.29,184.15,181.62,6271078.0,118041392.0
2014-07-16,185.8,189.11,185.41,184.34,7146200.0,137076672.0
2014-07-15,186.97,187.75,185.71,184.15,10023770.0,191093232.0
2014-07-14,191.05,191.05,186.87,184.73,11506089.0,221356656.0
2014-07-11,192.41,192.51,190.86,189.3,8449953.0,165459376.0
2014-07-10,192.51,195.62,192.51,191.64,5986122.0,119389840.0
2014-07-09,199.03,200.19,192.51,192.41,10935944.0,221735472.0
2014-07-08,195.53,199.61,199.42,195.24,7280824.0,147932448.0
2014-07-07,196.69,198.74,195.53,194.55,5773780.0,116645656.0
2014-07-04,194.36,199.03,196.69,192.9,11300652.0,227902032.0
2014-07-03,186.29,197.28,195.43,185.41,14465748.0,285472064.0
2014-07-02,188.23,188.23,186.29,184.73,6733519.0,128855720.0
2014-07-01,189.5,191.05,187.55,187.16,7331966.0,142403648.0
2014-06-30,187.65,191.54,189.59,186.68,5449364.0,106081888.0
2014-06-27,188.91,189.5,187.84,185.22,5906542.0,113714264.0
2014-06-26,188.62,190.96,188.62,187.46,6997747.0,136161840.0
2014-06-25,184.15,191.05,187.84,183.96,8330497.0,161110096.0
2014-06-24,182.59,186.19,183.96,182.3,4323430.0,82198928.0
2014-06-23,184.44,185.61,182.59,182.01,4117106.0,77759048.0
2014-06-20,182.79,185.71,183.86,182.01,2772133.0,52408784.0
2014-06-19,188.04,190.57,182.79,182.01,9173728.0,174594880.0
2014-06-18,192.32,193.39,188.62,188.62,5910779.0,116177344.0
2014-06-17,191.34,194.46,190.76,190.18,7175813.0,141903408.0
2014-06-16,192.71,194.16,192.32,190.66,8105350.0,160826352.0
2014-06-13,188.43,195.33,193.48,185.8,16703035.0,328451776.0
2014-06-12,182.79,189.3,187.55,181.82,11343092.0,217008672.0
2014-06-11,183.18,185.22,183.08,181.91,7483217.0,141129904.0
2014-06-10,184.34,185.51,184.05,179.58,9684341.0,181990208.0
2014-06-09,187.36,188.62,184.15,184.15,6161008.0,118029360.0
2014-06-06,189.69,190.18,187.65,183.86,8847839.0,170338592.0
2014-06-05,185.03,190.18,189.4,183.76,9249073.0,178691456.0
2014-06-04,187.26,187.84,185.8,182.79,8160178.0,155252592.0
2014-06-03,188.72,190.18,187.16,184.34,9986211.0,192145680.0
2014-05-30,185.22,191.15,188.91,184.34,15143885.0,294028096.0
2014-05-29,187.65,191.83,186.29,184.44,16052814.0,310027136.0
2014-05-28,179.09,190.37,187.07,178.03,18171504.0,345058592.0
2014-05-27,179.87,181.14,178.9,177.34,9596639.0,176946816.0
2014-05-26,167.23,180.84,180.75,166.65,18309246.0,326985376.0
2014-05-23,164.12,166.75,166.46,161.98,6783919.0,114940192.0
2014-05-22,165.58,167.72,164.51,164.12,5546639.0,94609216.0
2014-05-21,165.0,166.26,165.58,161.4,5632519.0,95429480.0
2014-05-20,160.82,167.14,164.12,160.82,6742932.0,114231176.0
2014-05-19,171.71,172.58,163.15,162.47,8980354.0,153304544.0
2014-05-16,173.65,175.98,171.71,170.83,7101275.0,126228032.0
2014-05-15,173.16,176.86,173.94,172.09,6936819.0,124372360.0
2014-05-14,175.79,175.79,174.04,171.8,7891560.0,140776032.0
2014-05-13,170.25,176.57,175.11,169.37,10928268.0,195698384.0
2014-05-12,168.69,170.05,169.66,165.97,8910256.0,154502032.0
2014-05-09,166.16,168.01,167.14,160.72,8854993.0,148974688.0
2014-05-08,165.77,169.86,166.26,164.9,9270720.0,158995520.0
2014-05-07,172.78,172.78,165.0,164.71,12044928.0,205991888.0
2014-05-06,173.55,177.05,172.78,171.71,6893266.0,123553392.0
2014-05-05,174.04,177.73,173.84,173.36,9343442.0,168296704.0
2014-04-30,170.64,175.59,174.04,168.69,11011577.0,195508592.0
2014-04-29,164.8,171.71,169.86,160.52,19762528.0,338412704.0
2014-04-28,184.64,187.65,169.57,169.57,27675436.0,494065632.0
2014-04-25,195.53,196.4,188.43,185.9,7817988.0,153738192.0
2014-04-24,200.39,201.94,196.4,192.51,11430682.0,230167168.0
2014-04-23,202.62,204.47,201.94,199.51,4443097.0,92220128.0
2014-04-22,201.55,204.57,202.62,200.29,5344170.0,111288904.0
2014-04-21,203.21,205.83,201.26,200.97,8404620.0,175470512.0
2014-04-18,198.05,206.61,206.22,198.05,10327215.0,213587008.0
2014-04-17,203.89,204.47,200.87,200.58,7303541.0,152006176.0
2014-04-16,203.21,205.06,203.79,202.24,4612882.0,96679584.0
2014-04-15,205.35,206.61,203.5,200.87,8763546.0,183932896.0
2014-04-14,209.62,210.79,205.35,203.69,10691623.0,226214272.0
2014-04-11,205.25,213.32,209.72,205.25,10505768.0,227166560.0
2014-04-10,207.0,209.53,206.81,203.31,7403962.0,157226832.0
2014-04-09,207.1,210.69,207.1,205.64,7686523.0,164874368.0
2014-04-08,202.33,208.26,206.42,201.75,8885734.0,188831248.0
2014-04-04,197.57,203.99,203.5,195.04,10384244.0,213552384.0
2014-04-03,200.58,201.75,198.05,193.68,7502010.0,152250928.0
2014-04-02,202.43,203.69,200.49,198.54,5682064.0,117681528.0
2014-04-01,198.35,203.89,202.33,197.18,7782560.0,161151568.0
2014-03-31,203.01,205.15,202.24,185.8,23995148.0,482693792.0
2014-03-28,217.69,220.32,206.42,205.35,16800512.0,364107296.0
2014-03-27,224.69,225.57,217.79,217.79,11631475.0,265008656.0
2014-03-26,241.13,241.13,227.32,223.14,19808680.0,471158368.0
2014-03-25,228.49,236.46,235.78,227.51,19370168.0,464603328.0
2014-03-24,229.36,231.5,228.49,226.44,9865772.0,232593328.0
2014-03-21,226.15,233.25,228.97,218.96,10788996.0,251720576.0
2014-03-20,229.46,234.71,228.29,226.54,11734178.0,279767232.0
2014-03-19,229.07,230.43,229.26,227.03,8093805.0,190170864.0
2014-03-18,227.51,231.31,228.68,224.89,13346284.0,313858944.0
2014-03-17,218.18,227.51,227.32,216.53,14785042.0,340751232.0
2014-03-14,214.39,218.28,216.53,212.44,5141490.0,114000160.0
2014-03-13,213.71,217.5,214.88,213.12,8246787.0,182044560.0
2014-03-12,220.03,223.04,215.85,200.29,12675143.0,278029344.0
2014-03-11,218.76,223.14,221.68,215.65,5819001.0,131639040.0
2014-03-10,221.1,227.61,219.54,219.06,8675066.0,198689472.0
2014-03-07,226.54,227.81,221.88,219.35,8286924.0,189532272.0
2014-03-06,222.36,228.1,225.96,218.86,11520366.0,264253792.0
2014-03-05,235.78,237.04,222.56,222.07,17783816.0,416566496.0
2014-03-04,239.76,241.9,234.32,232.18,11780034.0,285786112.0
2014-03-03,237.63,244.53,239.86,235.29,13035806.0,324026784.0
2014-02-28,233.35,238.01,237.24,229.65,13154866.0,315821952.0
2014-02-27,222.36,238.21,234.22,221.39,24744344.0,591259968.0
2014-02-26,216.72,223.24,220.71,215.85,10721736.0,242363664.0
2014-02-25,232.57,235.68,221.68,221.29,12727039.0,298895104.0
2014-02-24,236.26,236.26,232.57,227.71,7782092.0,185147936.0
2014-02-21,231.89,237.53,234.61,225.86,14234018.0,339433792.0
2014-02-20,250.66,253.77,233.83,232.38,22513886.0,561469376.0
2014-02-19,240.64,241.42,240.64,234.81,12251028.0,300260352.0
2014-02-18,242.59,244.43,241.03,239.38,10225404.0,254207632.0
2014-02-17,239.18,243.56,241.52,235.68,14875255.0,366364768.0
2014-02-14,233.06,241.13,238.21,231.5,17771748.0,432257504.0
2014-02-13,214.0,238.31,234.13,214.0,32604802.0,771743808.0
2014-02-12,220.51,220.71,216.62,213.03,20316724.0,451134848.0
2014-02-11,225.57,225.57,220.61,216.33,18197356.0,413593600.0
2014-02-10,228.58,232.47,225.57,223.24,21535908.0,505038784.0
2014-02-07,224.01,227.42,224.99,222.65,9573539.0,221402896.0
2014-01-30,226.54,231.31,226.25,223.63,9776373.0,228690320.0
2014-01-29,218.96,229.07,227.61,217.31,16103933.0,372815072.0
2014-01-28,220.71,222.07,219.06,217.11,10689472.0,241433072.0
2014-01-27,215.26,223.14,220.71,213.71,17067866.0,383172576.0
2014-01-24,212.83,218.76,213.81,210.99,16323807.0,361235648.0
2014-01-23,205.35,214.88,210.01,204.37,16757811.0,364243840.0
2014-01-22,195.24,206.03,205.35,193.49,14583503.0,302191392.0
2014-01-21,196.79,200.0,194.94,193.58,8486709.0,171067152.0
2014-01-20,199.32,201.26,196.69,195.62,5424484.0,110954128.0
2014-01-17,199.32,202.72,199.32,197.86,9142054.0,188132112.0
2014-01-16,194.36,199.9,199.12,194.36,12026568.0,244775248.0
2014-01-15,192.8,194.94,194.36,189.5,6977679.0,138029328.0
2014-01-14,192.51,193.49,193.39,185.71,9403414.0,183645584.0
2014-01-13,199.32,201.17,193.49,191.54,8754000.0,176089600.0
2014-01-10,199.9,202.04,198.83,197.28,8169149.0,167998704.0
2014-01-09,195.72,204.37,199.9,194.07,14218002.0,291636000.0
2014-01-08,192.32,195.43,195.14,187.65,8612806.0,170002336.0
2014-01-07,193.49,196.01,192.22,188.23,7331242.0,144888800.0
2014-01-06,193.39,196.4,194.75,191.54,9286564.0,185341376.0
2014-01-03,197.47,198.83,193.39,182.3,25469748.0,496380832.0
2014-01-02,203.31,203.79,198.25,197.57,7507295.0,154799744.0
2013-12-31,203.21,204.18,203.21,200.78,6793727.0,141742064.0
2013-12-30,201.36,205.74,203.21,201.36,7838502.0,164194960.0
2013-12-27,198.15,201.65,201.17,198.15,4904934.0,101181592.0
2013-12-26,201.94,203.6,197.96,197.96,6595756.0,136316464.0
2013-12-25,200.78,205.54,201.94,198.93,5756231.0,120002704.0
2013-12-24,203.21,204.18,199.81,197.96,7236236.0,149941360.0
2013-12-23,196.69,205.83,202.43,196.69,8211692.0,170780928.0
2013-12-20,197.37,199.12,196.4,193.58,5259006.0,106481776.0
2013-12-19,197.47,200.49,197.28,196.5,5707590.0,116390656.0
2013-12-18,200.19,201.65,197.47,196.69,6110422.0,125045656.0
2013-12-17,200.19,201.85,199.32,195.43,5757475.0,117439168.0
2013-12-16,204.18,208.65,200.29,199.42,9702329.0,203348864.0
2013-12-13,207.1,208.85,206.9,204.28,5263931.0,111718424.0
2013-12-12,205.64,211.67,207.19,203.21,9166380.0,195634224.0
2013-12-11,210.89,212.25,205.35,203.69,10316646.0,219912176.0
2013-12-10,216.92,218.18,211.96,210.01,8015637.0,175632672.0
2013-12-09,213.61,218.28,215.85,212.93,5675635.0,125841016.0
2013-12-06,212.15,215.36,213.42,211.18,5514022.0,120866680.0
2013-12-05,218.76,218.76,212.74,210.69,10896514.0,239670704.0
2013-12-04,217.6,222.17,220.03,216.72,9828637.0,221375536.0
2013-12-03,211.96,218.76,218.76,207.19,13374353.0,293906464.0
2013-12-02,225.86,226.06,214.58,211.96,19624734.0,442803456.0
2013-11-29,223.04,233.06,230.43,221.19,15201788.0,358161696.0
2013-11-28,226.15,227.03,222.17,221.0,10318337.0,237634256.0
2013-11-27,221.49,228.39,223.82,219.74,12783342.0,296299424.0
2013-11-26,212.15,225.28,222.46,209.53,16683451.0,372759328.0
2013-11-25,210.99,216.72,212.74,209.33,9947113.0,218188128.0
2013-11-22,216.92,218.76,209.62,208.85,11969547.0,261505200.0
2013-11-21,216.14,218.28,216.33,211.86,9383885.0,207266480.0
2013-11-20,216.33,218.76,215.75,211.86,9174908.0,202123072.0
2013-11-19,207.1,220.61,216.33,207.0,16824692.0,371294688.0
2013-11-18,201.94,208.36,207.0,201.94,12386522.0,262837936.0
2013-11-15,202.04,207.1,203.31,200.29,13170185.0,276092480.0
2013-11-14,197.37,204.57,202.14,197.37,8496242.0,175627248.0
2013-11-13,206.51,207.97,199.32,199.22,12658477.0,265558256.0
2013-11-12,195.04,207.88,206.32,194.55,14745934.0,304928064.0
2013-11-11,197.47,199.22,194.46,178.32,22266536.0,427100800.0
2013-11-08,203.6,203.6,198.15,194.46,10831411.0,221693536.0
2013-11-07,209.53,213.9,203.99,199.81,11096443.0,235742672.0
2013-11-06,208.17,212.44,207.1,206.12,13354524.0,287021216.0
2013-11-05,204.18,208.56,207.97,200.29,11239482.0,237362192.0
2013-11-04,190.57,203.89,203.89,190.08,11742336.0,241446160.0
2013-11-01,189.4,193.19,191.74,188.43,7521708.0,147612672.0
2013-10-31,190.66,194.55,189.89,187.94,10584964.0,207619008.0
2013-10-30,186.68,196.3,190.57,185.71,19281636.0,380312128.0
2013-10-29,207.39,210.5,186.97,186.78,26639364.0,529194048.0
2013-10-28,202.72,209.92,207.49,200.1,18389040.0,387810208.0
2013-10-25,228.97,232.18,207.39,207.39,36484636.0,794323456.0
2013-10-24,226.54,235.29,230.43,225.57,9889000.0,234141648.0
2013-10-23,235.88,240.35,226.54,223.92,18145260.0,431149888.0
2013-10-22,244.82,247.93,235.59,233.35,20862268.0,515440064.0
2013-10-21,243.07,253.86,246.09,239.67,22570268.0,575964800.0
2013-10-18,239.18,246.77,242.1,233.44,17897412.0,439671584.0
2013-10-17,241.22,252.79,240.35,236.17,23905236.0,603481600.0
2013-10-16,231.4,247.93,240.25,223.62,28711418.0,695187520.0
2013-10-15,237.24,238.99,231.4,230.63,23826668.0,574742272.0
2013-10-14,213.9,233.25,233.25,213.22,33567904.0,781927040.0
2013-10-11,208.07,213.9,212.06,207.19,16419573.0,357195264.0
2013-10-10,207.87,208.56,205.25,203.21,15119749.0,320016192.0
2013-10-09,198.83,210.31,207.97,197.86,21107868.0,446353568.0
2013-10-08,198.83,201.26,198.83,196.4,10110327.0,206941456.0
2013-09-30,192.12,198.05,197.37,192.03,11479976.0,231424496.0
2013-09-27,191.93,196.4,192.12,190.76,8076382.0,160516032.0
2013-09-26,192.32,197.37,191.44,189.59,12354746.0,246231376.0
2013-09-25,194.36,196.69,193.0,191.83,13918093.0,277260064.0
2013-09-24,202.72,203.4,194.36,191.54,26002596.0,524723392.0
2013-09-23,202.62,204.28,202.43,200.19,10299672.0,214159584.0
2013-09-18,199.22,204.67,201.55,198.83,9170804.0,190602912.0
2013-09-17,203.21,205.06,199.51,199.41,11370225.0,235892256.0
2013-09-16,205.15,206.32,203.21,200.58,11875098.0,247860368.0
2013-09-13,206.12,207.78,205.15,202.24,16423566.0,345754176.0
2013-09-12,196.21,207.39,206.12,195.04,33515812.0,699751488.0
2013-09-11,192.12,196.69,193.97,187.16,20602808.0,408305792.0
2013-09-10,194.16,195.43,192.12,189.59,14169457.0,280094912.0
2013-09-09,189.59,197.18,194.07,189.59,26153080.0,523325440.0
2013-09-06,185.41,191.44,188.23,185.32,22427304.0,435169600.0
2013-09-05,175.01,189.21,185.32,173.07,23151132.0,434961792.0
2013-09-04,178.51,179.58,175.01,174.91,13006943.0,236076608.0
2013-09-03,179.09,180.75,178.9,177.83,11018449.0,203025920.0
2013-09-02,178.71,181.23,178.71,177.15,9834997.0,181597024.0
2013-08-30,179.0,181.53,177.25,174.33,21805730.0,398529248.0
2013-08-29,181.62,183.28,178.03,177.34,22287716.0,411582720.0
2013-08-28,190.37,193.68,182.79,182.11,22370692.0,434694048.0
2013-08-27,194.46,195.23,191.93,190.37,14235215.0,281779008.0
2013-08-26,191.73,196.4,194.36,189.11,20113196.0,399201728.0
2013-08-23,194.84,198.25,191.54,188.23,19748532.0,391741696.0
2013-08-22,191.54,195.23,190.66,190.37,13102847.0,259908176.0
2013-08-21,192.51,194.85,191.93,190.18,14449475.0,285767680.0
2013-08-20,187.07,194.46,192.51,185.9,24664434.0,484288672.0
2013-08-19,185.03,188.43,186.19,182.11,17454038.0,332873440.0
2013-08-16,187.55,191.05,181.72,181.43,17099676.0,327864192.0
2013-08-15,183.37,192.22,187.16,182.89,18390554.0,356376832.0
2013-08-14,184.54,185.61,183.37,179.68,13460839.0,252938976.0
2013-08-13,185.71,189.11,184.73,183.37,12006917.0,229576112.0
2013-08-12,186.09,187.55,185.61,182.98,12176615.0,231100400.0
2013-08-09,186.19,189.5,186.09,181.14,13323319.0,254601648.0
2013-08-08,184.73,190.18,185.71,183.57,13402335.0,258047184.0
2013-08-07,189.21,192.41,184.73,184.34,17015284.0,328024352.0
2013-08-06,192.32,195.82,190.76,189.01,21084880.0,417261952.0
2013-08-05,187.16,193.0,192.61,183.08,17385622.0,336310112.0
2013-08-02,186.58,190.47,185.8,184.25,16530374.0,317496544.0
2013-08-01,184.54,189.21,186.78,183.18,22196838.0,424971168.0
2013-07-31,174.43,188.62,185.03,174.43,27633242.0,518536032.0
2013-07-30,172.97,176.57,172.97,166.26,13068216.0,230490704.0
2013-07-29,174.82,178.12,173.55,171.32,15310597.0,274710752.0
2013-07-26,178.8,181.33,177.44,173.16,16922146.0,307890272.0
2013-07-25,187.84,191.73,178.41,177.93,33916472.0,638222784.0
2013-07-24,176.96,191.34,188.53,175.01,36377296.0,693538304.0
2013-07-23,182.4,183.57,177.93,176.08,27538588.0,507079040.0
2013-07-22,174.53,180.16,178.41,171.71,31616476.0,574011968.0
2013-07-19,179.87,185.61,176.96,176.47,55719652.0,1036750592.0
2013-07-18,165.38,177.54,177.54,162.37,70088720.0,1252579584.0
2013-07-17,161.5,167.33,161.4,159.45,17956882.0,303547200.0
2013-07-16,162.37,162.76,161.69,158.58,14567782.0,240995248.0
2013-07-15,154.98,163.83,162.18,154.98,17475452.0,288450560.0
2013-07-12,156.34,159.84,154.88,153.33,16504434.0,264969344.0
2013-07-11,150.31,157.02,155.66,148.27,19872922.0,313446464.0
2013-07-10,145.45,150.02,149.15,145.36,12652521.0,192906864.0
2013-07-09,138.45,146.23,144.38,138.45,10921002.0,160393424.0
2013-07-08,142.93,143.31,139.81,135.15,13592941.0,196708576.0
2013-07-05,149.54,152.55,145.36,144.97,13698424.0,210713968.0
2013-07-04,147.5,152.65,150.02,146.52,12881314.0,198489888.0
2013-07-03,148.47,150.02,148.95,143.9,18747188.0,283168768.0
2013-07-02,143.12,149.93,148.95,142.73,18663704.0,283405920.0
2013-07-01,138.06,143.7,143.02,136.7,15802029.0,229919392.0
2013-06-28,137.09,141.47,136.9,134.18,15303947.0,216696464.0
2013-06-27,143.8,145.65,137.77,135.15,27152544.0,395425344.0
2013-06-26,136.12,145.45,144.29,134.66,28886112.0,414393856.0
2013-06-25,135.15,139.62,136.02,122.22,34949368.0,474990976.0
2013-06-24,150.12,150.12,135.63,135.63,26125448.0,381709664.0
2013-06-21,150.7,152.94,150.7,143.9,20359344.0,313358720.0
2013-06-20,158.48,161.11,155.86,155.47,13450716.0,218585360.0
2013-06-19,158.48,162.08,159.07,156.83,14218848.0,233306432.0
2013-06-18,157.12,159.94,159.45,154.59,16116752.0,261548624.0
2013-06-17,157.41,159.45,157.02,151.77,14831169.0,238092512.0
2013-06-14,157.02,158.77,156.54,154.69,13456716.0,216552144.0
2013-06-13,153.23,157.31,155.37,147.79,20163928.0,316685952.0
2013-06-07,167.91,169.76,155.76,151.29,30225108.0,495651712.0
2013-06-06,173.46,173.94,168.01,167.23,19081164.0,335072832.0
2013-06-05,164.02,172.09,171.41,161.11,18868580.0,325269856.0
2013-06-04,167.72,168.69,164.22,161.01,12385173.0,209830336.0
2013-06-03,170.25,170.34,165.97,162.57,18464304.0,314702400.0
2013-05-31,170.34,173.46,168.98,168.69,16234862.0,285098656.0
2013-05-30,168.89,172.29,169.37,167.43,21515268.0,376185760.0
2013-05-29,158.97,170.64,170.15,156.93,32006396.0,538965504.0
2013-05-28,170.64,173.26,158.48,158.29,37665452.0,632980160.0
2013-05-27,168.11,172.58,169.66,166.75,19527484.0,340664448.0
2013-05-24,164.32,166.75,165.09,161.69,16125806.0,273296736.0
2013-05-23,167.13,172.78,163.44,163.44,17942434.0,309823520.0
2013-05-22,172.87,174.14,169.57,169.18,15913908.0,280395552.0
2013-05-21,170.64,174.23,172.29,168.5,22794620.0,401429696.0
2013-05-20,160.04,172.68,171.41,158.68,35314384.0,604912512.0
2013-05-17,159.16,162.27,159.94,157.12,20122370.0,331352096.0
2013-05-16,156.54,159.45,158.19,154.59,15451759.0,249592848.0
2013-05-15,157.12,159.65,156.73,154.4,14235903.0,229299296.0
2013-05-14,155.56,157.9,156.63,151.87,19018554.0,301932672.0
2013-05-13,158.29,160.04,155.56,155.18,16794688.0,271394432.0
2013-05-10,154.98,160.52,158.48,154.2,29716256.0,482777728.0
2013-05-09,149.44,155.56,155.56,146.43,28318292.0,440197408.0
2013-05-08,150.9,151.48,149.54,146.81,19788504.0,302856768.0
2013-05-07,150.41,151.97,150.7,147.3,14823040.0,228780512.0
2013-05-06,145.94,153.23,150.22,145.94,24860208.0,384908160.0
2013-05-03,144.38,147.59,145.84,142.93,21538852.0,321996096.0
2013-05-02,135.54,143.41,143.41,134.27,16765821.0,242881376.0
2013-04-26,139.04,140.88,136.12,135.25,16779100.0,237643744.0
2013-04-25,143.9,146.33,139.52,139.13,23673270.0,348390016.0
2013-04-24,143.7,146.33,143.9,139.91,19076580.0,281306624.0
2013-04-23,141.66,145.75,143.31,140.11,25903894.0,382949632.0
2013-04-22,141.86,142.63,141.66,138.45,19114360.0,276375104.0
2013-04-19,140.88,143.61,142.15,139.81,23610036.0,343452544.0
2013-04-18,133.98,141.86,140.88,132.91,32558360.0,462740672.0
2013-04-17,128.15,134.95,133.59,127.37,16358632.0,221791280.0
2013-04-16,126.98,129.22,128.15,126.49,7605576.0,100063560.0
2013-04-15,128.63,132.62,128.63,127.37,11582086.0,154708464.0
2013-04-12,134.27,134.85,129.31,124.45,20356096.0,269476960.0
2013-04-11,135.15,137.29,133.88,132.91,12467120.0,172369856.0
2013-04-10,132.91,137.97,134.76,132.72,17485976.0,243418352.0
2013-04-09,132.04,135.63,133.01,131.35,17547338.0,241172384.0
2013-04-08,123.67,132.33,131.94,121.05,17741528.0,234538960.0
2013-04-03,124.94,127.86,124.94,122.99,9988740.0,128877248.0
2013-04-02,124.26,128.63,124.94,123.48,15638765.0,202647552.0
2013-04-01,121.53,128.05,124.26,121.05,20465920.0,262683488.0
2013-03-29,129.9,131.74,121.24,119.88,35301476.0,455048000.0
2013-03-28,133.59,134.85,131.55,128.63,19252814.0,260299968.0
2013-03-27,133.3,135.24,133.3,128.34,24675616.0,336472864.0
2013-03-26,131.35,136.51,135.24,124.74,43503328.0,582671744.0
2013-03-25,149.15,151.38,134.08,134.08,59319752.0,847144192.0
2013-03-22,148.66,151.58,148.95,146.52,18963492.0,291383872.0
2013-03-21,144.77,150.22,148.95,143.31,28723120.0,434437056.0
2013-03-20,142.25,145.65,144.58,140.11,21210146.0,312728480.0
2013-03-19,144.19,147.3,142.25,139.04,27233856.0,398208256.0
2013-03-18,140.11,145.75,144.87,139.13,27862908.0,410795232.0
2013-03-15,137.97,144.09,139.72,137.38,39841936.0,579257984.0
2013-03-14,130.29,140.01,137.68,129.41,44495864.0,623700160.0
2013-03-13,129.7,132.13,130.29,127.56,26372720.0,352786432.0
2013-03-12,133.69,135.15,131.84,125.03,46745836.0,621097216.0
2013-03-11,132.52,136.8,133.98,131.45,35371040.0,488262176.0
2013-03-08,141.47,144.38,133.79,129.8,84753128.0,1187693184.0
2013-03-07,156.44,158.0,141.37,141.37,63302968.0,962163200.0
2013-03-06,154.2,164.02,157.02,151.68,58662660.0,948307392.0
2013-03-05,145.26,155.37,154.11,142.44,45057004.0,688276032.0
2013-03-04,139.04,146.52,145.36,137.09,42550896.0,624268672.0
2013-03-01,139.52,146.04,140.5,134.95,55894772.0,807196416.0
2013-02-28,131.35,141.76,139.81,130.77,35367524.0,497722720.0
2013-02-27,130.09,132.43,131.16,128.92,27809444.0,374568448.0
2013-02-26,125.23,131.65,130.77,123.38,37547000.0,492847008.0
2013-02-25,125.72,129.02,125.52,123.48,25514976.0,330304000.0
2013-02-22,118.13,127.66,125.62,115.7,38959568.0,492106112.0
2013-02-21,121.53,125.42,118.23,118.13,42924936.0,538923776.0
2013-02-20,115.22,122.99,122.22,114.73,23803014.0,293981280.0
2013-02-19,116.58,117.16,115.7,113.95,13530388.0,160631872.0
2013-02-18,112.01,117.35,116.48,112.01,15469882.0,183759728.0
2013-02-08,111.81,112.78,111.42,111.03,8626578.0,99250976.0
2013-02-07,111.23,112.3,111.81,109.67,13391605.0,152832368.0
2013-02-06,106.27,112.59,111.23,105.69,21354038.0,242186448.0
2013-02-05,105.49,106.95,106.47,102.38,16216294.0,173931328.0
2013-02-04,107.92,109.77,105.98,105.3,14359274.0,157809472.0
2013-02-01,107.24,110.64,108.41,106.56,15230559.0,170337680.0
2013-01-31,109.28,109.87,107.44,106.85,14692014.0,163028080.0
2013-01-30,105.78,111.42,109.09,105.39,25882108.0,290835552.0
2013-01-29,105.2,106.47,105.78,104.23,14516372.0,157377888.0
2013-01-28,103.35,106.37,105.3,102.67,18258100.0,197133024.0
2013-01-25,98.69,105.78,103.84,98.59,29281284.0,310578464.0
2013-01-24,101.02,102.58,98.78,97.52,21466776.0,220935392.0
2013-01-23,103.06,104.52,101.51,98.69,28785884.0,300796896.0
2013-01-22,98.39,105.78,103.06,98.39,29898336.0,315653632.0
2013-01-21,99.46,103.45,98.78,98.3,34714552.0,360027168.0
2013-01-18,92.85,101.41,99.46,92.85,37261192.0,372983136.0
2013-01-17,90.23,95.77,93.14,89.45,31701404.0,305055360.0
2013-01-16,89.45,90.81,90.03,88.77,12099915.0,111567752.0
2013-01-15,89.16,92.56,89.74,89.06,23898458.0,222551696.0
2013-01-14,85.95,89.94,89.25,85.66,17503980.0,159441152.0
2013-01-11,87.6,88.48,85.85,85.75,21841300.0,195685920.0
2013-01-10,92.37,93.44,87.8,87.02,34881404.0,321390048.0
2013-01-09,88.48,93.63,92.56,88.48,29161534.0,273935552.0
2013-01-08,88.48,89.55,89.45,87.02,23824448.0,216344672.0
2013-01-07,90.03,90.23,88.67,87.7,22305206.0,203045488.0
2013-01-04,92.66,93.24,90.33,89.74,13766076.0,128663904.0
2012-12-31,93.92,94.6,92.17,91.39,16605607.0,158569200.0
2012-12-28,91.2,93.05,91.88,90.52,12147746.0,114863000.0
2012-12-27,93.14,93.53,91.2,90.42,15761926.0,148270640.0
2012-12-26,88.77,94.89,93.14,88.77,21307760.0,202819984.0
2012-12-25,87.5,90.42,89.25,87.41,16367324.0,150425088.0
2012-12-24,87.41,88.96,87.8,86.53,9990361.0,90093392.0
2012-12-21,87.02,89.64,87.12,85.66,16168754.0,145792544.0
2012-12-20,86.73,89.25,86.92,86.14,16145783.0,145588688.0
2012-12-19,87.41,87.8,86.73,85.95,10748585.0,95856624.0
2012-12-18,82.94,88.67,87.21,82.25,34564176.0,306063200.0
2012-12-17,82.16,83.42,82.94,81.67,13734198.0,116731880.0
2012-12-14,80.21,83.32,82.25,78.95,16367361.0,137686112.0
2012-12-13,82.16,82.74,80.31,80.02,10263014.0,85485688.0
2012-12-12,80.21,82.64,82.16,80.02,9476937.0,79539360.0
2012-12-11,80.89,81.57,80.7,80.21,7865168.0,65348068.0
2012-12-10,80.99,82.25,80.99,80.21,13039449.0,109027440.0
2012-12-07,80.21,81.48,81.09,79.44,13012094.0,107985984.0
2012-12-06,78.85,80.41,80.21,78.27,11545560.0,94517704.0
2012-12-05,76.32,80.7,78.37,76.13,18904738.0,153350560.0
2012-12-04,76.42,77.3,76.81,74.19,12823709.0,100041256.0
2012-12-03,79.24,79.92,77.2,76.32,7865040.0,63277228.0
2012-11-30,76.71,78.66,78.66,76.03,9329128.0,74566896.0
2012-11-29,77.78,78.75,76.62,75.35,11190518.0,88852736.0
2012-11-28,77.39,78.75,77.78,75.94,10187706.0,81184328.0
2012-11-27,80.02,81.48,77.78,77.49,15976535.0,129628808.0
2012-11-26,80.5,81.87,80.41,79.73,9283725.0,77196464.0
2012-11-23,81.77,83.03,80.21,80.02,18095564.0,151249216.0
2012-11-22,83.23,85.85,81.96,81.87,17307656.0,149839904.0
2012-11-21,82.64,84.78,83.52,82.25,16333824.0,140542208.0
2012-11-20,81.57,84.1,83.13,80.21,13584250.0,114504920.0
2012-11-19,83.52,85.85,81.19,79.73,24281440.0,205335776.0
2012-11-16,82.84,85.27,83.91,81.67,19905836.0,171287040.0
2012-11-15,83.62,86.05,83.13,82.35,25167140.0,217355440.0
2012-11-14,77.78,85.37,85.37,76.32,33555032.0,281290656.0
2012-11-13,79.82,82.35,77.59,77.49,26113816.0,214999472.0
2012-11-12,78.07,80.6,80.31,77.3,22657728.0,184060224.0
2012-11-09,75.35,78.27,78.27,73.89,23307212.0,183623968.0
2012-11-08,74.77,77.39,75.25,74.09,13345603.0,104522048.0
2012-11-07,74.38,75.45,74.86,73.11,7779935.0,59680528.0
2012-11-06,75.84,76.42,74.57,73.41,10761043.0,82524544.0
2012-11-05,74.67,77.0,75.84,74.19,12338116.0,96480192.0
2012-11-02,74.19,76.13,74.67,73.8,8423548.0,64892416.0
2012-11-01,73.89,75.25,74.57,73.89,9488427.0,72892984.0
2012-10-31,71.66,74.57,74.38,71.46,13894632.0,104762120.0
2012-10-30,71.07,72.53,71.66,70.98,6014063.0,44507188.0
2012-10-29,71.46,71.85,70.98,70.69,3661170.0,26835946.0
2012-10-26,70.98,72.44,71.56,70.0,10029588.0,73602784.0
2012-10-25,72.34,72.73,70.98,70.69,7294480.0,53699576.0
2012-10-24,71.95,72.92,72.63,70.69,8338238.0,61643344.0
2012-10-23,73.7,74.67,72.44,71.95,9088367.0,68628232.0
2012-10-22,73.11,75.64,73.99,72.53,15558203.0,119098928.0
2012-10-19,72.44,73.5,72.92,71.17,7478580.0,55692688.0
2012-10-18,72.05,73.02,71.85,71.56,9871695.0,73459568.0
2012-10-17,73.5,74.38,72.05,71.56,12051929.0,90019600.0
2012-10-16,72.73,73.99,72.92,72.05,13494854.0,101281760.0
2012-10-15,68.55,73.21,72.92,68.55,24822206.0,183211360.0
2012-10-12,70.39,71.17,68.55,67.77,13798493.0,98206952.0
2012-10-11,70.88,71.95,70.78,70.0,8256776.0,60396736.0
2012-10-10,70.3,71.46,70.98,69.71,6743952.0,49159924.0
2012-10-09,69.32,70.98,70.3,68.55,9576262.0,68883000.0
2012-10-08,69.81,70.59,69.03,68.25,5147205.0,36776200.0
2012-09-28,68.55,69.81,69.81,67.86,8883798.0,63171960.0
2012-09-27,65.14,69.52,68.45,65.14,11006731.0,76751632.0
2012-09-26,67.96,68.25,65.73,64.75,17174316.0,116624472.0
2012-09-25,69.32,70.69,68.06,68.06,7616495.0,54377204.0
2012-09-24,68.64,69.81,69.71,68.35,6545230.0,46504072.0
2012-09-21,69.81,70.59,69.32,68.06,9433816.0,67329224.0
2012-09-20,71.66,72.92,69.91,69.52,10051537.0,73457392.0
2012-09-19,70.98,72.92,71.85,70.78,8720923.0,64324820.0
2012-09-18,71.95,74.48,71.07,70.0,17895536.0,132264248.0
2012-09-17,72.05,75.06,71.95,71.36,21826604.0,165090960.0
2012-09-14,69.91,72.24,72.14,69.13,15024356.0,109540784.0
2012-09-13,70.98,71.27,69.23,69.23,8148430.0,58755916.0
2012-09-12,70.59,71.36,70.88,69.52,11008584.0,79602280.0
2012-09-11,69.61,71.36,70.49,69.42,9880296.0,71554624.0
2012-09-10,68.16,70.69,70.1,68.16,19907554.0,143234528.0
2012-09-07,65.92,68.93,68.06,65.63,17342460.0,120719504.0
2012-09-06,65.34,66.11,65.53,64.36,5452668.0,36547608.0
2012-09-05,65.05,66.11,65.34,64.95,5600287.0,37775728.0
2012-09-04,64.46,66.5,64.95,64.46,11430275.0,77149416.0
2012-09-03,63.2,65.14,64.56,63.0,6722391.0,44682808.0
2012-08-31,64.46,65.05,63.88,61.84,12093154.0,79219848.0
2012-08-30,66.11,66.8,64.27,63.59,16312001.0,109094344.0
2012-08-29,66.5,67.28,66.21,65.92,7818010.0,53546764.0
2012-08-28,66.41,67.77,66.7,65.53,10649457.0,73236760.0
2012-08-27,67.18,68.25,66.89,66.41,11723110.0,81378840.0
2012-08-24,67.19,67.67,67.19,66.31,12151724.0,83737960.0
2012-08-23,65.05,67.28,67.28,64.66,13344046.0,91027392.0
2012-08-22,65.14,66.02,64.56,63.98,9151559.0,61101320.0
2012-08-21,63.1,66.31,65.53,63.0,18802596.0,126169824.0
2012-08-20,62.71,63.3,63.1,61.55,7208898.0,46498996.0
2012-08-17,63.49,63.78,62.52,61.74,12691359.0,81592296.0
2012-08-16,63.39,64.46,63.68,63.3,9078958.0,59639592.0
2012-08-15,63.2,64.75,63.68,62.42,20428132.0,134401408.0
2012-08-14,62.71,63.49,62.52,61.06,13131280.0,83771736.0
2012-08-13,63.0,64.46,62.71,62.23,23049354.0,150173072.0
2012-08-10,62.71,65.05,63.3,62.52,15480719.0,101566648.0
2012-08-09,62.52,64.36,62.91,61.74,20461016.0,133274376.0
2012-08-08,62.52,63.68,62.13,61.93,14246070.0,91645288.0
2012-08-07,61.74,63.78,63.2,61.16,27687796.0,178950720.0
2012-08-06,58.05,63.2,61.74,57.85,27527136.0,173464864.0
2012-08-03,57.56,58.63,58.24,57.17,8712194.0,51942632.0
2012-08-02,56.59,59.31,57.75,56.0,11728531.0,69418960.0
2012-08-01,56.0,57.07,56.78,55.42,8782987.0,51010984.0
2012-07-31,54.55,56.2,56.0,54.55,6185332.0,35480840.0
2012-07-30,55.03,56.39,55.23,53.96,6968872.0,39508428.0
2012-07-27,56.68,57.36,55.42,54.55,7749972.0,44470584.0
2012-07-26,56.78,58.73,56.88,56.39,9698657.0,57471816.0
2012-07-25,56.0,58.73,56.98,55.32,14078206.0,83240432.0
2012-07-24,56.78,58.63,56.59,56.3,8555149.0,50350948.0
2012-07-23,55.71,57.27,56.39,54.74,8961716.0,52062560.0
2012-07-20,55.32,57.27,55.52,54.74,7559343.0,43699424.0
2012-07-19,55.61,56.78,55.42,55.03,8924987.0,51239608.0
2012-07-18,53.28,56.3,56.0,52.7,10993826.0,61962076.0
2012-07-17,52.11,54.06,53.48,51.92,3588290.0,19604054.0
2012-07-16,54.93,54.93,52.89,52.41,6171377.0,33937388.0
2012-07-13,55.13,55.32,54.93,54.45,2886422.0,16339291.0
2012-07-12,53.96,55.61,55.03,53.57,5765944.0,32597394.0
2012-07-11,53.48,54.25,54.06,52.89,3965478.0,21905134.0
2012-07-10,53.77,53.77,53.57,52.8,4500056.0,24658546.0
2012-07-09,54.84,55.52,53.67,53.38,5658208.0,31638286.0
2012-07-06,54.45,55.71,55.32,53.38,7356283.0,41253488.0
2012-07-05,54.74,54.93,54.25,53.96,3294603.0,18404330.0
2012-07-04,55.71,56.3,55.23,53.48,8796394.0,49605688.0
2012-07-03,56.59,58.05,56.1,55.81,10725606.0,62451644.0
2012-07-02,56.49,57.46,56.59,56.0,7409882.0,43198976.0
2012-06-29,54.55,56.88,56.49,53.09,12304688.0,69661968.0
2012-06-28,55.61,56.98,54.55,53.96,10477164.0,59801856.0
2012-06-27,57.17,58.34,56.0,56.0,10436701.0,61321480.0
2012-06-26,58.05,58.82,58.14,55.03,16787328.0,97859400.0
2012-06-25,59.99,61.16,58.34,57.85,12811146.0,78453432.0
2012-06-21,60.18,60.77,60.18,58.24,14094972.0,86352544.0
2012-06-20,60.18,61.84,60.09,59.89,14460641.0,90349880.0
2012-06-19,60.28,60.96,60.18,59.31,14487169.0,89638832.0
2012-06-18,57.17,61.16,61.06,56.88,32673882.0,200358544.0
2012-06-15,55.52,57.07,56.88,55.52,8217072.0,47498612.0
2012-06-14,55.52,56.0,55.71,55.03,6719227.0,38302812.0
2012-06-13,55.03,55.62,55.42,54.35,4177900.0,23673852.0
2012-06-12,54.93,55.13,54.55,54.35,2840163.0,15991652.0
2012-06-11,54.55,55.23,55.13,53.96,3424657.0,19273510.0
2012-06-08,55.42,55.42,54.35,54.25,3865205.0,21772678.0
2012-06-07,55.91,56.1,54.74,54.45,4895842.0,27799508.0
2012-06-06,55.42,56.1,55.23,55.13,3751760.0,21416766.0
2012-06-05,55.52,56.0,55.23,55.03,4961094.0,28257626.0
2012-06-04,56.59,56.78,55.42,55.42,7794817.0,44852948.0
2012-06-01,58.34,58.63,57.95,57.66,6204228.0,37126288.0
2012-05-31,57.75,59.02,58.34,57.56,8122862.0,48755240.0
2012-05-30,57.95,58.24,57.95,57.37,6064993.0,36003396.0
2012-05-29,57.17,58.14,57.85,56.68,6816880.0,40465336.0
2012-05-28,56.59,57.07,57.07,55.23,7757309.0,44851072.0
2012-05-24,57.85,58.34,57.46,57.17,6267143.0,37226396.0
2012-05-23,58.92,59.02,58.05,57.56,5149714.0,30802058.0
2012-05-22,58.05,59.02,58.92,57.85,5482083.0,32977638.0
2012-05-21,57.95,58.53,57.66,57.37,5164331.0,30716886.0
2012-05-18,59.89,60.18,58.05,57.95,10535094.0,63843412.0
2012-05-17,59.21,60.38,60.18,58.82,7334325.0,45148556.0
2012-05-16,59.6,60.18,59.21,59.02,4416979.0,27046028.0
2012-05-15,59.31,59.99,59.5,58.73,4654745.0,28397854.0
2012-05-14,60.57,60.57,59.7,59.6,7288948.0,45042652.0
2012-05-11,60.57,60.87,59.89,59.8,6236625.0,38664412.0
2012-05-10,60.38,61.25,60.38,60.28,6126324.0,38265644.0
2012-05-09,62.32,62.32,60.18,60.09,11046545.0,69293040.0
2012-05-08,62.03,63.1,62.42,61.93,13078869.0,84180616.0
2012-05-07,61.45,62.32,62.23,60.96,8051558.0,50938180.0
2012-05-04,61.35,61.93,61.84,61.16,8127274.0,51438960.0
2012-05-03,61.84,62.23,61.35,60.57,12358324.0,77860904.0
2012-05-02,63.49,63.98,62.23,61.64,17901710.0,115220440.0
2012-04-27,62.13,64.07,62.71,61.93,15111277.0,98001712.0
2012-04-26,62.62,63.2,62.23,61.93,11471097.0,73632456.0
2012-04-25,60.77,63.2,63.0,59.6,19241950.0,122271944.0
2012-04-24,59.8,62.23,60.96,58.53,16469955.0,102973616.0
2012-04-23,61.55,62.03,60.18,59.8,9500492.0,59664704.0
2012-04-20,61.84,62.23,61.84,60.96,7800540.0,49493120.0
2012-04-19,62.32,62.91,61.64,61.45,8509139.0,54263060.0
2012-04-18,60.96,63.0,62.52,60.67,11647136.0,74202256.0
2012-04-17,60.96,63.2,60.96,59.99,14603309.0,92531320.0
2012-04-16,60.48,61.74,60.96,60.18,11458445.0,72003304.0
2012-04-13,60.28,62.52,61.35,59.99,15460877.0,97465872.0
2012-04-12,59.7,60.57,60.38,59.02,11096201.0,68317072.0
2012-04-11,57.95,59.89,59.7,57.37,12357382.0,74592344.0
2012-04-10,57.66,58.53,58.53,56.2,7837531.0,46267292.0
2012-04-09,57.85,58.73,57.66,57.46,6224307.0,37218600.0
2012-04-06,57.95,59.21,58.34,57.66,7918833.0,47493264.0
2012-04-05,56.39,58.63,57.95,56.3,9083327.0,53677292.0
2012-03-30,56.39,57.17,56.3,55.91,7636964.0,44314680.0
2012-03-29,58.34,58.53,56.39,56.2,9428399.0,55583288.0
2012-03-28,60.87,60.87,58.43,58.14,13456987.0,81686216.0
2012-03-27,60.48,62.03,61.06,60.28,12446634.0,78234808.0
2012-03-26,60.28,61.55,60.09,58.92,11427524.0,70751784.0
2012-03-23,63.2,63.2,60.77,59.8,11184628.0,70409216.0
2012-03-22,63.0,63.78,63.39,62.23,10283765.0,66792840.0
2012-03-21,63.3,63.88,63.0,60.28,14991104.0,96361792.0
2012-03-20,64.95,65.05,63.3,62.91,12497601.0,81938488.0
2012-03-19,64.56,65.53,65.24,63.78,13526244.0,90087344.0
2012-03-16,64.17,65.05,64.75,62.71,21469976.0,141320512.0
2012-03-15,67.86,67.86,64.17,63.39,17109044.0,114661384.0
2012-03-14,71.75,71.75,66.8,65.92,26156516.0,186604032.0
2012-03-13,70.0,71.56,71.46,69.61,19777088.0,143732112.0
2012-03-12,70.59,70.88,70.1,69.32,13993022.0,100716248.0
2012-03-09,70.0,70.78,70.3,69.61,13809986.0,99674320.0
2012-03-08,68.74,70.1,70.1,68.45,14027564.0,100192944.0
2012-03-07,68.35,69.61,68.55,67.96,10633609.0,75328312.0
2012-03-06,69.03,69.81,68.74,68.35,9586435.0,68019952.0
2012-03-05,70.1,70.3,69.32,69.03,11335034.0,81156416.0
2012-03-02,69.52,70.2,70.0,69.03,12879967.0,92292984.0
2012-03-01,67.86,70.2,69.13,67.77,13632168.0,96971840.0
2012-02-29,68.64,69.91,68.35,68.35,11698581.0,82891240.0
2012-02-28,70.0,70.98,68.74,68.55,21345786.0,152119248.0
2012-02-27,70.49,71.75,70.3,70.0,19561096.0,142915472.0
2012-02-24,70.39,71.66,70.88,69.81,19037740.0,138335680.0
2012-02-23,71.07,71.85,70.39,69.42,26799388.0,193818496.0
2012-02-22,68.45,72.92,71.56,67.86,40867348.0,295484096.0
2012-02-21,66.7,69.71,68.55,65.14,27588992.0,191146096.0
2012-02-20,67.09,70.59,67.38,66.6,26336762.0,184815216.0
2012-02-17,66.11,69.61,66.11,65.63,21584384.0,149334080.0
2012-02-16,65.53,67.57,65.92,64.75,18241836.0,123965424.0
2012-02-15,63.78,66.7,66.02,63.39,18356700.0,123940232.0
2012-02-14,64.17,64.66,63.98,62.91,12040237.0,78833656.0
2012-02-13,61.45,66.8,64.66,61.25,21608730.0,142831248.0
2012-02-10,61.16,63.49,62.03,61.06,15262037.0,97835624.0
2012-02-09,61.06,62.42,61.35,60.77,13028992.0,82600784.0
2012-02-08,59.31,61.25,61.06,59.02,10451070.0,64738068.0
2012-02-07,61.06,61.25,59.21,58.73,9811661.0,60339680.0
2012-02-06,61.55,63.2,61.45,60.87,12245063.0,77678552.0
2012-02-03,61.25,62.62,61.84,60.67,13080162.0,82855432.0
2012-02-02,58.34,61.84,61.74,58.14,16536659.0,102446032.0
2012-02-01,58.34,58.92,57.85,57.85,4423805.0,26560404.0
2012-01-31,58.34,58.73,58.53,57.66,3511287.0,20990234.0
2012-01-30,58.63,59.12,58.34,58.14,4749613.0,28665918.0
2012-01-20,59.21,59.5,58.43,57.85,7842787.0,47131044.0
2012-01-19,58.82,60.18,58.82,58.53,5250024.0,32017204.0
2012-01-18,60.77,61.64,59.31,58.92,5929545.0,36721704.0
2012-01-17,57.27,60.87,60.77,56.39,7299086.0,44291548.0
2012-01-16,59.31,59.7,56.88,56.68,4988086.0,29955640.0
2012-01-13,61.25,61.74,59.31,58.05,10129518.0,61845008.0
2012-01-12,61.25,61.93,61.16,60.28,8354259.0,52619420.0
2012-01-11,61.84,62.62,61.35,60.57,8961165.0,56692140.0
2012-01-10,58.82,62.03,61.74,58.34,14518288.0,89934032.0
2012-01-09,55.61,58.92,58.53,54.74,11376849.0,67027932.0
2012-01-06,55.42,56.39,55.81,54.16,6103838.0,34756016.0
2012-01-05,58.24,58.63,55.81,54.55,7296848.0,42316104.0
2012-01-04,60.28,60.48,58.63,58.05,5554663.0,33751300.0
