date,open,high,close,low,volume,amount
2015-07-06,171.15,171.15,146.04,140.88,52067844.0,460757984.0
2015-07-03,163.41,173.04,156.53,156.53,31236204.0,290925440.0
2015-07-02,193.17,193.17,173.9,173.9,40359256.0,419602880.0
2015-07-01,213.29,219.14,193.17,193.17,30191144.0,367671840.0
2015-06-30,202.8,218.11,214.67,186.11,38284024.0,446056384.0
2015-06-29,234.28,238.75,206.75,206.75,29073642.0,364980416.0
2015-06-26,242.53,247.18,229.8,229.8,25784288.0,352214592.0
2015-06-25,266.61,273.15,255.26,251.13,27271104.0,419989472.0
2015-06-24,266.27,270.91,266.61,258.53,28988248.0,446003296.0
2015-06-23,263.17,271.6,259.91,239.44,27284010.0,402858656.0
2015-06-19,286.57,292.24,266.1,266.1,29259148.0,468109952.0
2015-06-18,304.28,320.28,295.68,294.31,28772240.0,516689120.0
2015-06-17,308.93,312.54,304.28,286.74,36179128.0,627793472.0
2015-06-16,306.35,320.62,307.9,302.22,42107880.0,763783808.0
2015-06-15,332.49,332.49,312.37,311.17,50664364.0,940146240.0
2015-06-12,309.96,332.67,332.67,309.96,69635832.0,1308136576.0
2015-06-11,277.11,302.39,302.39,273.67,64543248.0,1084124032.0
2015-06-10,262.83,278.48,274.87,257.5,47705464.0,750973824.0
2015-06-09,263.17,268.33,262.83,258.01,27849306.0,425367328.0
2015-06-08,266.79,272.63,265.24,259.39,38363392.0,594210176.0
2015-06-05,270.05,272.63,266.27,258.01,44148228.0,685335296.0
2015-06-04,255.09,268.51,263.86,239.09,40328296.0,605527488.0
2015-06-03,264.03,265.41,256.29,244.25,33392884.0,499969216.0
2015-06-02,247.69,267.47,264.03,245.97,41178208.0,624641664.0
2015-06-01,231.01,251.31,249.07,231.01,31720636.0,448597280.0
2015-05-29,231.52,236.34,228.43,216.73,28639280.0,379753952.0
2015-05-28,255.43,259.91,232.04,231.18,40566076.0,586471680.0
2015-05-27,258.36,261.45,256.12,251.99,35296528.0,524205280.0
2015-05-26,243.91,260.94,258.19,239.95,43619632.0,635710016.0
2015-05-25,233.93,248.55,243.05,233.07,43656980.0,612690432.0
2015-05-22,245.97,251.99,238.06,233.25,34871248.0,489763520.0
2015-05-21,230.49,237.72,237.72,229.12,33976092.0,462457216.0
2015-05-20,222.75,238.75,232.04,219.83,42066288.0,563496576.0
2015-05-19,215.01,225.85,221.03,213.29,28345144.0,364446720.0
2015-05-18,206.58,219.31,215.01,205.03,20184502.0,251197888.0
2015-05-15,217.25,217.42,209.51,206.07,21866864.0,267580128.0
2015-05-14,221.89,226.19,218.28,216.22,19343076.0,246955696.0
2015-05-13,211.06,223.96,220.69,208.47,33059148.0,421700448.0
2015-05-12,212.95,215.01,211.23,208.13,23050470.0,282184288.0
2015-05-11,206.75,215.36,212.09,204.52,26840896.0,328424448.0
2015-05-08,200.74,203.83,203.83,198.67,18022664.0,211429008.0
2015-05-07,201.59,204.69,198.84,197.81,16189938.0,188861360.0
2015-05-06,210.71,216.04,201.77,200.91,21730556.0,264890800.0
2015-05-05,215.01,219.83,210.54,210.37,25710778.0,320772192.0
2015-05-04,217.59,220.17,214.5,212.43,30012460.0,374277696.0
2015-04-30,223.61,224.47,218.8,217.76,40417400.0,520086944.0
2015-04-29,236.34,236.34,227.57,214.5,90481464.0,1192592768.0
2015-04-28,214.84,214.84,214.84,214.84,665500.0,8312095.0
2015-04-27,195.23,195.23,195.23,195.23,175665.0,1993798.0
2015-04-24,177.51,177.51,177.51,177.51,124660.0,1286491.0
2015-01-30,163.93,164.96,161.34,160.31,11583860.0,108825904.0
2015-01-29,168.05,168.05,163.41,161.34,15187890.0,144682432.0
2015-01-28,170.29,173.21,168.57,166.5,20666580.0,203155792.0
2015-01-27,164.27,172.7,170.81,163.41,32592564.0,321416864.0
2015-01-26,158.42,165.99,165.13,157.39,25308594.0,239935152.0
2015-01-23,159.8,160.49,158.25,156.7,12320669.0,113399896.0
2015-01-22,153.95,160.66,159.8,153.95,19107156.0,175290976.0
2015-01-21,152.92,155.84,153.78,151.54,12236527.0,109450072.0
2015-01-20,149.82,153.43,152.23,149.82,8171435.0,72065904.0
2015-01-19,153.09,154.64,148.96,147.24,9794809.0,86285304.0
2015-01-16,153.95,157.73,156.87,153.26,8256150.0,75175632.0
2015-01-15,154.81,155.67,153.6,152.92,4170823.0,37311232.0
2015-01-14,149.65,156.53,154.47,149.65,9497519.0,85204064.0
2015-01-13,147.24,150.68,150.16,146.21,3926751.0,34044468.0
2015-01-12,151.54,152.06,147.24,146.21,6169612.0,53254004.0
2015-01-09,153.26,154.81,151.37,150.16,6461355.0,57380428.0
2015-01-08,156.7,157.39,153.43,152.75,7069607.0,63452528.0
2015-01-07,157.56,158.25,156.53,154.81,8829076.0,80047936.0
2015-01-06,157.39,162.21,158.25,155.5,10970275.0,101522424.0
2015-01-05,152.4,159.97,157.56,152.4,22770032.0,208861696.0
2014-12-31,149.65,152.57,152.4,148.44,7754602.0,68189112.0
2014-12-30,147.58,153.6,149.3,147.58,9919602.0,87029200.0
2014-12-29,149.99,151.37,147.93,145.0,8775993.0,75595696.0
2014-12-26,151.37,153.6,150.68,148.79,9905463.0,87229384.0
2014-12-25,149.65,151.03,150.16,148.96,6149502.0,53538244.0
2014-12-24,148.96,154.81,149.82,148.1,9985026.0,87318424.0
2014-12-23,146.04,148.44,144.83,144.49,7088432.0,60484748.0
2014-12-22,152.92,152.92,146.21,143.28,10284645.0,87805528.0
2014-12-19,149.82,152.57,152.4,148.1,11756732.0,103232264.0
2014-12-18,152.06,154.12,150.51,149.65,10046482.0,88475672.0
2014-12-17,155.15,155.67,152.75,151.37,11237566.0,99995928.0
2014-12-16,159.11,159.62,155.84,154.81,15798713.0,143746704.0
2014-12-15,158.08,161.52,158.76,154.81,13454000.0,123800856.0
2014-12-12,159.97,159.97,158.42,154.64,14690893.0,134322256.0
2014-12-11,157.04,160.49,159.28,154.12,15733710.0,144378512.0
2014-12-10,146.72,160.83,156.87,146.72,24795136.0,223153488.0
2014-12-09,154.47,154.47,146.21,146.21,23172288.0,202162352.0
2014-12-08,152.23,156.53,154.64,148.96,21442232.0,190498800.0
2014-12-05,161.69,161.69,153.95,148.79,27355104.0,247437664.0
2014-12-04,164.44,166.51,163.41,160.83,21304336.0,202597552.0
2014-12-03,159.62,164.1,163.07,155.67,28028208.0,260051392.0
2014-12-02,158.08,166.68,161.52,157.91,28315640.0,268190064.0
2014-12-01,165.13,165.13,158.08,156.53,35350164.0,328639520.0
2014-11-28,152.23,160.66,160.66,150.16,64399960.0,589712896.0
2014-11-27,147.58,152.4,146.04,146.04,21807932.0,189668688.0
2014-11-26,144.14,150.16,147.41,143.8,23479448.0,201531968.0
2014-11-25,143.8,146.21,144.49,141.39,16720830.0,140416624.0
2014-11-24,141.56,145.0,143.11,139.5,24312352.0,201209296.0
2014-11-21,134.68,140.53,140.19,133.65,24139536.0,194670912.0
2014-11-20,134.68,134.86,134.51,133.31,4637183.0,36123140.0
2014-11-19,135.72,136.06,135.37,134.0,4972426.0,39040356.0
2014-11-18,133.65,136.06,135.72,133.48,5092469.0,40017648.0
2014-11-17,131.93,134.51,134.17,130.38,5817753.0,45041180.0
2014-11-14,131.24,132.96,131.76,130.04,3579695.0,27336216.0
2014-11-13,132.96,135.03,131.76,131.07,6021814.0,46441476.0
2014-11-12,130.38,134.68,134.17,130.38,8039862.0,62276964.0
2014-11-11,137.09,137.09,129.35,128.84,12567947.0,96514480.0
2014-11-10,137.95,138.81,137.26,135.72,6963574.0,55485064.0
2014-11-07,136.75,139.84,137.26,136.06,14638776.0,117689896.0
2014-11-06,134.86,136.92,136.75,134.68,6195018.0,48976876.0
2014-11-05,135.03,135.72,135.37,132.79,6103318.0,47674368.0
2014-11-04,137.44,137.95,135.2,134.86,6374323.0,50546528.0
2014-11-03,136.58,137.44,137.26,135.54,7508832.0,59558652.0
2014-10-31,136.58,138.81,136.58,134.51,6740251.0,53438416.0
2014-10-30,135.03,138.3,136.75,133.82,13056470.0,103948072.0
2014-10-29,135.03,135.72,134.86,133.31,11833690.0,92431616.0
2014-10-28,131.07,134.68,134.34,130.73,9706808.0,75395496.0
2014-10-27,127.8,131.59,130.56,125.57,8520548.0,64360596.0
2014-10-24,127.11,129.7,127.63,126.77,8394068.0,62330816.0
2014-10-23,130.9,132.28,127.29,126.94,10165329.0,76216696.0
2014-10-22,135.03,136.23,131.59,131.07,9839384.0,76551656.0
2014-10-21,136.92,137.09,134.51,134.17,10285919.0,81056904.0
2014-10-20,136.58,137.95,137.09,136.23,8054233.0,64160668.0
2014-10-17,138.3,139.33,136.75,134.86,14044586.0,111644064.0
2014-10-16,138.98,141.56,139.16,138.3,15542230.0,127033440.0
2014-10-15,138.64,139.33,138.81,137.26,10632146.0,85308176.0
2014-10-14,139.84,140.19,138.47,137.95,9191537.0,74300760.0
2014-10-13,141.22,141.22,139.5,137.61,13448591.0,108701264.0
2014-10-10,142.94,142.94,141.05,140.02,14358698.0,117567560.0
2014-10-09,145.87,147.41,143.46,141.56,15551741.0,129907624.0
2014-10-08,145.0,146.38,145.87,143.97,11476969.0,96990648.0
2014-09-30,144.15,147.93,146.55,142.6,21266364.0,180109248.0
2014-09-29,144.49,145.18,144.15,142.08,10771251.0,89941168.0
2014-09-26,139.33,144.49,143.63,139.33,9660732.0,80222488.0
2014-09-25,143.8,145.0,141.91,141.05,11024604.0,91579672.0
2014-09-24,139.33,141.56,141.05,138.81,7108087.0,58153428.0
2014-09-23,138.12,140.36,140.19,137.78,5649458.0,45702300.0
2014-09-22,142.42,142.42,138.3,137.61,7802018.0,63087900.0
2014-09-19,142.94,143.8,142.6,140.7,7344522.0,60663928.0
2014-09-18,141.91,145.0,143.63,140.53,8299658.0,68617824.0
2014-09-17,140.19,142.08,141.74,138.47,8984052.0,73377480.0
2014-09-16,147.59,149.48,140.19,139.5,13841301.0,115997856.0
2014-09-15,146.04,148.79,147.76,144.49,8612515.0,73199112.0
2014-09-12,143.8,147.07,146.9,143.8,7616774.0,64432696.0
2014-09-11,147.76,149.65,144.32,142.77,11128575.0,94524488.0
2014-09-10,149.13,152.06,147.41,146.55,11770548.0,102043408.0
2014-09-09,145.35,150.16,149.31,144.66,11633815.0,99775992.0
2014-09-05,141.05,145.87,145.52,139.67,13220097.0,109588008.0
2014-09-04,139.5,142.42,141.05,139.33,8559061.0,70391856.0
2014-09-03,140.88,142.6,139.5,138.47,11937286.0,97259080.0
2014-09-02,141.74,142.77,141.05,140.19,9399815.0,77303128.0
2014-09-01,136.06,141.05,140.53,134.68,9006686.0,72725824.0
2014-08-29,133.31,136.75,136.06,132.96,6223249.0,49033556.0
2014-08-28,134.17,135.89,133.31,131.59,6735097.0,52544252.0
2014-08-27,130.21,135.03,134.0,129.87,9196931.0,71094328.0
2014-08-26,133.82,135.37,130.38,129.18,11594912.0,89412032.0
2014-08-25,137.09,137.26,133.48,133.31,12167572.0,95102752.0
2014-08-22,140.02,140.02,137.61,136.4,7967498.0,63885980.0
2014-08-21,138.81,140.19,140.02,136.75,12744028.0,102758744.0
2014-08-20,139.33,141.05,139.33,134.34,16470822.0,132053536.0
2014-08-19,137.26,139.84,138.99,134.34,15792535.0,125887440.0
2014-08-18,127.98,138.12,136.58,127.63,19198152.0,149406448.0
2014-08-15,125.57,129.52,127.8,125.57,9409546.0,69856936.0
2014-08-14,126.94,129.35,125.74,125.22,10231289.0,75793112.0
2014-08-13,127.98,128.49,126.77,125.57,11481135.0,84549000.0
2014-08-12,126.94,128.66,128.49,126.26,9178707.0,68059080.0
2014-08-11,125.57,129.7,127.46,125.57,14295820.0,106333640.0
2014-08-08,121.95,125.57,125.4,121.61,11106446.0,80209328.0
2014-08-07,126.43,127.29,122.99,122.3,13246963.0,95738248.0
2014-08-06,121.27,126.43,124.88,120.58,16236203.0,116939056.0
2014-08-05,120.41,121.61,120.92,118.69,7870911.0,54930024.0
2014-08-04,118.52,121.78,120.92,117.83,7739768.0,54343920.0
2014-08-01,118.69,123.5,118.52,118.17,16411594.0,115288880.0
2014-07-31,115.59,119.89,119.55,115.08,17109072.0,117587888.0
2014-07-30,114.9,116.11,115.59,114.04,6942956.0,46494016.0
2014-07-29,114.22,115.76,114.73,113.7,10753437.0,71853072.0
2014-07-28,112.67,115.08,114.39,112.67,10403987.0,68862864.0
2014-07-25,112.15,114.04,113.18,111.98,6358007.0,41853944.0
2014-07-24,114.04,114.56,112.32,110.78,7821873.0,51091376.0
2014-07-23,115.25,115.76,114.22,112.67,5948439.0,39435576.0
2014-07-22,111.29,116.28,115.42,110.95,12363521.0,81887328.0
2014-07-21,113.87,115.08,111.81,111.46,6558916.0,42983360.0
2014-07-18,111.29,115.59,113.7,110.09,9341963.0,61925624.0
2014-07-17,114.56,116.97,112.32,111.29,10169164.0,67433592.0
2014-07-16,113.36,114.56,113.01,112.32,6993018.0,46068296.0
2014-07-15,113.01,114.04,113.53,111.46,8125001.0,53220692.0
2014-07-14,110.95,114.22,113.01,110.26,9527468.0,62453784.0
2014-07-11,107.51,111.46,110.95,106.65,10706896.0,68262152.0
2014-07-10,108.02,108.88,107.68,106.99,5156501.0,32414186.0
2014-07-09,110.43,112.15,108.02,107.85,9446502.0,60676024.0
2014-07-08,109.92,111.12,111.12,109.06,5614401.0,35990452.0
2014-07-07,110.78,111.81,110.78,109.74,5119524.0,32841928.0
2014-07-04,109.74,112.32,110.95,109.4,11546023.0,74499080.0
2014-07-03,108.54,109.74,109.57,108.02,9315329.0,58997932.0
2014-07-02,109.23,109.74,108.54,108.19,5392966.0,34078216.0
2014-07-01,107.33,109.23,109.23,106.82,8358170.0,52693064.0
2014-06-30,106.99,107.85,107.33,106.65,5486824.0,34206240.0
2014-06-27,107.33,108.37,107.16,106.65,7489209.0,46701004.0
2014-06-26,107.68,108.71,107.51,106.99,6886740.0,43120056.0
2014-06-25,105.96,108.19,108.02,105.44,10126967.0,63132328.0
2014-06-24,104.58,106.82,106.3,104.24,7590949.0,46718752.0
2014-06-23,104.58,105.96,104.75,104.41,7674702.0,46918340.0
2014-06-20,103.55,105.27,105.27,103.21,4546595.0,27640616.0
2014-06-19,104.75,105.96,103.38,101.66,7789365.0,47301888.0
2014-06-18,103.21,105.44,104.75,102.69,5695356.0,34439372.0
2014-06-17,104.07,104.41,103.21,102.86,3620174.0,21772932.0
2014-06-16,102.86,104.41,104.07,102.69,5462479.0,32947760.0
2014-06-13,102.17,103.38,103.21,101.83,5758046.0,34448660.0
2014-06-12,101.66,102.52,102.17,100.97,4565803.0,27022630.0
2014-06-11,102.17,102.86,102.0,101.49,4484535.0,26589752.0
2014-06-10,103.21,103.55,102.17,101.31,5706263.0,33876532.0
2014-06-09,101.14,104.75,102.69,100.97,4841294.0,29110600.0
2014-06-06,101.66,102.0,101.14,100.63,3548482.0,20920370.0
2014-06-05,100.97,101.31,101.14,100.11,3432134.0,20135350.0
2014-06-04,102.52,102.86,100.45,100.28,4994300.0,29398930.0
2014-06-03,102.35,105.44,102.86,102.35,5317850.0,32160618.0
2014-05-30,102.52,103.03,102.0,100.97,2520579.0,14943270.0
2014-05-29,102.35,103.89,102.52,100.8,6697829.0,39994020.0
2014-05-28,100.63,102.69,102.0,100.28,5785081.0,34224132.0
2014-05-27,99.77,101.31,100.63,99.59,4800162.0,28062862.0
2014-05-26,99.42,101.14,99.94,98.39,4615948.0,26934078.0
2014-05-23,97.19,99.42,99.25,97.19,4959363.0,28489886.0
2014-05-22,97.53,98.39,97.36,96.67,3892196.0,22120010.0
2014-05-21,95.81,97.7,97.53,95.29,4457385.0,25009898.0
2014-05-20,95.81,96.33,95.47,94.95,2383485.0,13237893.0
2014-05-19,96.67,96.67,94.95,94.95,2599154.0,14421249.0
2014-05-16,95.47,96.33,96.33,95.12,2213621.0,12293096.0
2014-05-15,97.36,97.7,95.47,95.29,3121459.0,17471070.0
2014-05-14,97.36,98.22,97.53,96.84,2381780.0,13508235.0
2014-05-13,98.05,99.08,97.7,97.19,3600316.0,20542160.0
2014-05-12,96.5,98.91,98.39,96.33,5059923.0,28832658.0
2014-05-09,94.26,99.25,95.81,94.26,5858291.0,33139282.0
2014-05-08,94.78,96.5,94.43,94.26,3610140.0,19985282.0
2014-05-07,96.33,97.19,94.61,94.61,3995267.0,22280132.0
2014-05-06,96.33,98.05,97.36,95.64,4695482.0,26490806.0
2014-05-05,95.12,96.84,96.33,94.78,3621278.0,20158162.0
2014-04-30,94.61,95.98,94.61,94.26,3337834.0,18413746.0
2014-04-29,92.89,95.47,95.29,92.89,5003606.0,27451656.0
2014-04-28,98.05,98.39,92.89,91.85,7602855.0,41816752.0
2014-04-25,102.52,103.89,98.91,97.36,10636554.0,61840084.0
2014-04-24,106.65,109.23,103.21,100.28,19615254.0,119900800.0
2014-03-26,108.37,109.57,108.02,106.3,9077148.0,56974512.0
2014-03-25,105.27,109.23,108.19,105.27,13244232.0,82973168.0
2014-03-24,106.47,106.65,105.44,104.75,8271045.0,50795224.0
2014-03-21,104.07,106.82,106.3,102.35,8930626.0,54341744.0
2014-03-20,109.23,109.4,104.75,104.75,10569908.0,65815368.0
2014-03-19,106.99,109.4,109.4,106.13,9950409.0,62624180.0
2014-03-18,107.33,108.88,107.33,106.47,8310369.0,51992588.0
2014-03-17,104.41,107.68,107.16,103.38,8245056.0,51020464.0
2014-03-14,104.07,104.75,104.41,103.21,5635456.0,34060612.0
2014-03-13,104.75,105.96,105.1,103.21,6808552.0,41589368.0
2014-03-12,104.41,105.27,104.75,100.28,9349901.0,56344156.0
2014-03-11,104.07,105.96,104.58,102.52,9431113.0,57172236.0
2014-03-10,105.61,109.92,104.41,104.24,16523203.0,102603448.0
2014-03-07,109.74,111.64,106.65,106.3,11657285.0,73715976.0
2014-03-06,108.02,109.92,109.06,107.16,10993735.0,69464568.0
2014-03-05,111.64,112.5,109.06,108.71,17968444.0,115367888.0
2014-03-04,112.67,113.01,112.5,109.57,20905244.0,135584240.0
2014-03-03,110.43,116.11,114.04,109.4,35509812.0,233504784.0
2014-02-28,106.13,111.12,110.43,105.96,31804822.0,201300688.0
2014-02-27,106.65,108.02,104.75,104.07,20458732.0,126539776.0
2014-02-26,99.25,106.65,106.47,97.7,19552004.0,116402936.0
2014-02-25,105.44,105.96,100.11,98.91,16606153.0,99630384.0
2014-02-24,103.72,105.79,105.27,101.83,16447742.0,99579200.0
2014-02-21,100.63,108.54,103.72,100.63,24992040.0,152033328.0
2014-02-20,101.83,104.75,101.66,99.08,19629962.0,116946504.0
2014-02-19,103.21,103.21,101.49,100.63,10266465.0,60867196.0
2014-02-18,102.86,103.38,102.52,101.83,8396804.0,50057524.0
2014-02-17,100.45,103.55,103.21,100.45,13104677.0,78142312.0
2014-02-14,99.59,100.63,100.11,98.22,7061507.0,40878156.0
2014-02-13,101.31,101.31,98.91,98.91,7191400.0,41835816.0
2014-02-12,100.63,102.52,101.66,99.94,8115172.0,47885428.0
2014-02-11,101.49,101.83,100.63,99.08,7706828.0,45038664.0
2014-02-10,98.05,101.83,101.31,97.87,9879648.0,57605648.0
2014-02-07,95.12,98.22,98.05,94.95,5080295.0,28504712.0
2014-01-30,95.64,96.84,95.98,95.29,3606386.0,20171526.0
2014-01-29,95.29,96.67,96.5,94.78,3670242.0,20390952.0
2014-01-28,95.47,95.81,94.95,93.75,2922915.0,16097680.0
2014-01-27,93.75,96.5,95.47,93.06,7048892.0,38976500.0
2014-01-24,92.71,95.12,94.61,92.54,4702043.0,25793206.0
2014-01-23,92.71,93.4,93.06,91.85,4998398.0,26936716.0
2014-01-22,90.65,93.4,92.89,90.48,4588313.0,24597014.0
2014-01-21,89.62,90.65,90.31,89.27,3358835.0,17587904.0
2014-01-20,89.45,90.13,89.79,88.76,2984101.0,15523128.0
2014-01-17,91.85,92.03,89.62,89.27,3991409.0,20908370.0
2014-01-16,92.89,93.23,91.85,91.51,4494140.0,24087260.0
2014-01-15,92.37,92.89,92.71,91.85,2034974.0,10922119.0
2014-01-14,91.34,93.06,92.54,90.82,2935491.0,15702199.0
2014-01-13,91.34,92.2,91.17,90.65,2199511.0,11675418.0
2014-01-10,90.48,92.54,92.37,89.79,2939618.0,15528444.0
2014-01-09,91.68,93.57,90.48,90.31,3023727.0,16208031.0
2014-01-08,93.06,93.75,92.2,91.85,2514577.0,13568340.0
2014-01-07,92.2,93.57,93.06,91.68,2206108.0,11904524.0
2014-01-06,95.47,95.98,92.71,92.37,3611790.0,19678288.0
2014-01-03,94.95,96.67,96.15,94.61,4784735.0,26585326.0
2014-01-02,95.81,95.81,95.12,94.09,4452049.0,24515596.0
2013-12-31,94.95,96.33,95.98,94.43,3602354.0,20032582.0
2013-12-30,97.01,97.01,94.95,94.43,4284737.0,23759182.0
2013-12-27,93.57,95.64,95.12,93.4,4004268.0,22010744.0
2013-12-26,97.7,98.05,93.23,92.71,6270825.0,34531036.0
2013-12-25,98.73,99.08,97.7,96.5,3966313.0,22517458.0
2013-12-24,99.08,99.94,98.56,97.53,3863498.0,22139378.0
2013-12-23,98.22,100.97,98.56,98.22,5753976.0,33275836.0
2013-12-20,97.01,98.56,98.56,95.12,5980755.0,33853988.0
2013-12-19,98.91,100.28,97.36,96.84,3858656.0,22157928.0
2013-12-18,98.73,100.11,98.39,98.05,4793347.0,27536552.0
2013-12-17,100.45,102.35,98.91,98.39,6774160.0,39136556.0
2013-12-16,102.52,104.41,102.0,100.8,9923449.0,59196992.0
2013-12-13,101.83,103.21,101.83,100.45,11737323.0,69405336.0
2013-12-12,99.42,104.93,103.21,98.56,24829312.0,148290000.0
2013-12-11,98.22,102.0,99.59,98.22,21481856.0,124914424.0
2013-12-10,96.15,96.84,96.5,94.95,4752433.0,26523254.0
2013-12-09,94.95,95.81,95.81,94.61,3218369.0,17831482.0
2013-12-06,95.29,95.81,94.78,94.78,2745399.0,15190246.0
2013-12-05,95.64,96.16,95.81,94.95,3005258.0,16674451.0
2013-12-04,93.57,96.33,95.47,93.23,4940588.0,27383372.0
2013-12-03,91.17,93.75,93.75,90.31,3723740.0,19920712.0
2013-12-02,94.61,95.47,91.17,90.48,6408071.0,34662880.0
2013-11-29,95.98,98.22,96.67,95.98,7373028.0,41605896.0
2013-11-28,95.12,96.67,95.47,94.78,4926424.0,27428568.0
2013-11-27,94.95,95.29,94.95,93.75,3655160.0,20091764.0
2013-11-26,93.57,95.81,94.78,93.06,5380577.0,29541218.0
2013-11-25,92.2,94.43,93.57,92.03,3762950.0,20441454.0
2013-11-22,93.23,93.4,92.2,91.68,3881732.0,20877318.0
2013-11-21,93.92,93.92,93.23,92.37,5085065.0,27476206.0
2013-11-20,93.92,94.26,94.26,92.71,3201890.0,17426214.0
2013-11-19,92.54,93.75,93.75,92.03,5299465.0,28598422.0
2013-11-18,90.99,92.71,92.54,90.99,3543101.0,19016662.0
2013-11-15,89.62,91.85,90.82,89.62,4531742.0,23989338.0
2013-11-14,88.24,89.79,89.45,87.21,2318553.0,11983995.0
2013-11-13,90.31,90.48,88.07,88.07,2350069.0,12212950.0
2013-11-12,89.62,91.17,90.65,88.93,2314754.0,12133528.0
2013-11-11,89.1,89.79,89.62,88.07,2048494.0,10616985.0
2013-11-08,89.45,90.31,89.45,87.9,2901526.0,15016156.0
2013-11-07,91.34,92.03,90.13,90.13,2379461.0,12589712.0
2013-11-06,92.54,93.57,92.03,91.85,3307623.0,17789560.0
2013-11-05,92.37,92.71,92.54,90.82,2344315.0,12526191.0
2013-11-04,92.71,93.57,92.37,91.85,3017359.0,16222775.0
2013-11-01,92.2,92.54,92.37,90.82,4227572.0,22530478.0
2013-10-31,90.99,91.68,90.99,89.79,2860563.0,15089224.0
2013-10-30,90.13,91.51,91.17,89.62,2840293.0,14959356.0
2013-10-29,93.57,94.95,89.96,88.59,6021863.0,31950890.0
2013-10-28,94.95,95.81,94.09,93.75,2751486.0,15092323.0
2013-10-25,97.7,98.22,94.95,94.09,5426390.0,30151840.0
2013-10-24,99.25,99.77,97.53,97.53,3776630.0,21596704.0
2013-10-23,100.8,102.17,99.25,98.91,5270258.0,30775128.0
2013-10-22,101.49,102.35,100.8,100.28,4413937.0,25990256.0
2013-10-21,100.45,102.17,101.83,99.25,5568782.0,32679158.0
2013-10-18,99.94,100.8,100.11,99.42,3194715.0,18568654.0
2013-10-17,99.94,101.49,99.59,99.59,3775560.0,22077152.0
2013-10-16,102.52,102.52,99.59,98.91,5178518.0,30188040.0
2013-10-15,104.07,104.07,102.69,102.0,6443119.0,38542484.0
2013-10-14,103.38,104.58,104.07,102.52,8128869.0,49059880.0
2013-10-11,101.49,103.55,102.86,101.31,5971629.0,35494684.0
2013-10-10,102.0,103.89,101.14,100.97,7433506.0,44299320.0
2013-10-09,100.97,101.66,101.49,100.28,5091331.0,29857832.0
2013-10-08,99.59,101.49,101.31,98.56,5233358.0,30436988.0
2013-09-30,99.59,100.28,99.94,98.05,3714111.0,21421838.0
2013-09-27,99.42,100.11,99.59,98.73,3523925.0,20351426.0
2013-09-26,101.83,102.17,99.25,99.08,4521876.0,26477718.0
2013-09-25,102.35,103.38,101.83,101.66,4658243.0,27760300.0
2013-09-24,104.24,104.41,102.52,102.0,5718924.0,34195624.0
2013-09-23,104.07,104.58,104.24,103.21,4319033.0,26092344.0
2013-09-18,103.21,103.38,103.21,101.83,2391997.0,14283999.0
2013-09-17,105.79,105.79,102.52,102.17,7957910.0,48108440.0
2013-09-16,107.85,107.85,105.79,105.1,6881420.0,42520972.0
2013-09-13,106.47,110.09,107.85,105.96,14944744.0,93827584.0
2013-09-12,105.27,106.65,106.47,104.93,7928361.0,48811808.0
2013-09-11,105.44,107.16,105.79,104.41,10337763.0,63459872.0
2013-09-10,104.58,105.79,105.44,104.41,8753737.0,53471104.0
2013-09-09,104.24,105.27,104.58,103.72,8196768.0,49792456.0
2013-09-06,104.75,104.93,104.41,103.55,6272182.0,37960408.0
2013-09-05,105.79,106.47,104.41,104.41,8131466.0,49664276.0
2013-09-04,104.41,106.3,106.13,104.07,12137169.0,74378856.0
2013-09-03,104.07,104.75,104.58,102.86,7541338.0,45632476.0
2013-09-02,103.21,104.93,104.58,101.66,8114486.0,49033216.0
2013-08-30,103.21,103.89,102.86,102.0,7299597.0,43698480.0
2013-08-29,104.58,105.1,102.69,101.66,6686165.0,40159020.0
2013-08-28,103.89,106.13,104.58,103.21,9956642.0,60711164.0
2013-08-27,104.41,104.93,104.58,103.55,6273649.0,38002760.0
2013-08-26,102.86,105.1,104.75,102.86,6417858.0,38846724.0
2013-08-23,104.75,104.93,103.21,100.45,9241785.0,55250296.0
2013-08-22,104.07,105.61,104.75,103.21,11065141.0,67301256.0
2013-08-21,101.31,104.75,104.58,100.28,12148934.0,72739000.0
2013-08-20,101.31,102.17,100.8,99.77,7536338.0,44217228.0
2013-08-19,97.7,102.17,101.66,97.7,5191577.0,30284254.0
2013-08-16,101.49,103.72,99.77,99.59,5568432.0,32885988.0
2013-08-15,102.35,103.72,102.17,102.0,4398468.0,26248634.0
2013-08-14,104.58,104.58,102.69,102.17,8211405.0,49265784.0
2013-08-13,106.3,108.02,104.41,103.72,11167949.0,68348224.0
2013-08-12,102.52,105.27,104.93,101.49,10210515.0,61544100.0
2013-08-09,101.49,103.89,102.52,99.59,12579278.0,74603784.0
2013-08-08,99.59,103.89,101.31,99.59,13630670.0,80722048.0
2013-08-07,99.25,100.63,98.73,98.39,5502349.0,31836528.0
2013-08-06,99.42,100.28,99.94,98.22,5381831.0,31067176.0
2013-08-05,98.22,100.11,99.59,98.05,4105469.0,23633698.0
2013-08-02,99.08,100.28,98.73,98.05,5562311.0,32175438.0
2013-08-01,96.33,99.25,99.08,95.81,5608887.0,31994396.0
2013-07-31,95.81,97.53,96.33,95.12,3033628.0,17011854.0
2013-07-30,95.47,96.84,95.47,93.92,3449026.0,19232800.0
2013-07-29,96.84,98.05,95.47,95.29,3118533.0,17457468.0
2013-07-26,95.47,97.18,96.83,94.61,3184449.0,17857630.0
2013-07-25,99.74,99.92,96.15,95.81,5736205.0,32644836.0
2013-07-24,97.35,100.09,99.57,96.49,7056585.0,40469216.0
2013-07-23,95.47,98.2,97.52,94.78,5664013.0,32152286.0
2013-07-22,93.24,95.47,95.3,92.22,2909531.0,15976110.0
2013-07-19,96.32,97.52,94.1,94.1,3919114.0,21999850.0
2013-07-18,95.81,96.83,96.49,94.27,3197674.0,17914028.0
2013-07-17,97.52,98.72,95.81,95.47,4251079.0,24072160.0
2013-07-16,96.66,98.89,98.38,96.15,4849727.0,27786468.0
2013-07-15,94.44,97.86,96.66,94.44,4050319.0,22866812.0
2013-07-12,95.98,97.52,94.44,94.27,4754064.0,26706722.0
2013-07-11,94.78,98.2,96.66,94.61,6240517.0,35156744.0
2013-07-10,90.33,94.78,94.27,90.16,3911777.0,21162568.0
2013-07-09,89.14,90.85,89.82,89.14,1495058.0,7863724.0
2013-07-08,92.73,93.24,89.82,89.82,3562801.0,18921126.0
2013-07-05,94.44,96.49,94.78,94.27,3846088.0,21414560.0
2013-07-04,92.22,96.66,94.78,91.36,4716526.0,25962604.0
2013-07-03,93.24,93.24,92.39,90.5,2898361.0,15544554.0
2013-07-02,93.07,93.76,93.58,92.05,1949761.0,10614885.0
2013-07-01,90.68,92.9,92.73,90.68,1443405.0,7754596.0
2013-06-28,89.65,93.41,91.36,89.65,2510449.0,13471280.0
2013-06-27,95.3,95.3,91.36,91.36,3349376.0,18365970.0
2013-06-26,93.24,94.95,94.61,91.87,2993229.0,16353399.0
2013-06-25,92.9,96.66,93.24,86.4,4164047.0,22241098.0
2013-06-24,100.94,100.94,93.24,93.07,2829758.0,15963994.0
2013-06-21,100.6,101.97,100.94,97.35,2143969.0,12475112.0
2013-06-20,105.05,105.39,101.63,101.28,3021805.0,18316530.0
2013-06-19,103.68,107.44,106.76,101.11,5538291.0,33809552.0
2013-06-18,104.53,105.05,104.19,103.34,3114534.0,18973512.0
2013-06-17,104.53,104.88,104.36,103.34,2718888.0,16555198.0
2013-06-14,102.48,104.88,104.36,102.48,3223820.0,19564090.0
2013-06-13,107.1,107.1,102.99,101.97,4818738.0,28991974.0
2013-06-07,109.5,110.52,107.61,106.76,3478171.0,22050140.0
2013-06-06,112.58,112.58,109.5,109.32,5671583.0,36697012.0
2013-06-05,113.43,114.11,112.92,111.38,4885037.0,32229656.0
2013-06-04,116.34,117.02,113.43,112.92,5925952.0,39559636.0
2013-06-03,117.02,118.39,116.85,115.31,5375134.0,36808608.0
2013-05-31,118.73,119.93,117.19,117.19,6071856.0,42101096.0
2013-05-30,118.56,121.13,118.73,117.88,8812687.0,61403472.0
2013-05-29,116.34,121.13,119.59,114.63,14636202.0,101196968.0
2013-05-28,118.22,118.22,115.83,114.97,6272828.0,42610800.0
2013-05-27,118.91,119.42,118.05,117.19,6918558.0,47797876.0
2013-05-24,113.94,118.73,118.39,113.77,10041378.0,68144872.0
2013-05-23,113.94,117.88,114.8,111.21,15683965.0,104548752.0
2013-05-22,119.08,119.59,114.63,113.77,13040305.0,88757816.0
2013-05-21,119.76,122.67,118.05,118.05,12037044.0,84466176.0
2013-05-20,118.05,120.1,119.76,117.36,7111348.0,49482012.0
2013-05-17,116.0,118.56,118.22,114.8,8502633.0,58184932.0
2013-05-16,116.34,116.51,116.0,114.63,4857689.0,32841636.0
2013-05-15,115.48,116.85,116.68,114.29,4408455.0,29804870.0
2013-05-14,115.14,117.02,115.83,113.26,6287877.0,42290652.0
2013-05-13,113.6,117.54,116.34,112.58,8503240.0,57381768.0
2013-05-10,115.48,115.48,112.92,112.06,9139451.0,60767136.0
2013-05-09,110.35,113.77,113.6,109.15,12358255.0,81220720.0
2013-05-08,110.35,111.21,110.52,108.64,4178826.0,26807774.0
2013-05-07,109.15,111.21,110.35,107.96,4371166.0,28073570.0
2013-05-06,107.1,109.32,109.15,106.07,4468414.0,28176336.0
2013-05-03,103.34,106.93,106.42,102.65,4501202.0,27753670.0
2013-05-02,101.8,103.17,102.82,101.11,1597581.0,9545718.0
2013-04-26,103.51,103.51,101.8,100.26,4257429.0,25263828.0
2013-04-25,108.64,108.64,103.51,102.31,9045789.0,55201832.0
2013-04-24,107.61,110.18,108.3,107.61,2613993.0,16606956.0
2013-04-23,111.38,111.38,107.61,106.93,3194215.0,20277438.0
2013-04-22,110.52,111.89,111.55,110.01,3181411.0,20676176.0
2013-04-19,108.98,111.72,111.21,108.64,3282317.0,21270772.0
2013-04-18,108.64,110.35,108.98,108.64,2184759.0,13965989.0
2013-04-17,108.64,112.06,110.18,108.47,5114346.0,33090952.0
2013-04-16,107.1,109.84,108.81,106.42,2496398.0,15857352.0
2013-04-15,107.27,109.32,107.44,106.42,1684513.0,10608787.0
2013-04-12,110.01,110.18,107.27,106.59,2480577.0,15694470.0
2013-04-11,111.38,112.23,109.5,108.81,2179151.0,14090400.0
2013-04-10,112.92,113.6,111.55,110.69,2054713.0,13413077.0
2013-04-09,111.89,113.94,113.43,111.38,2496527.0,16490412.0
2013-04-08,110.86,112.06,111.72,107.78,2793004.0,17914286.0
2013-04-03,113.6,115.31,111.21,110.18,5765019.0,37820420.0
2013-04-02,116.85,118.56,114.29,114.29,3791079.0,25740912.0
2013-04-01,117.88,120.1,117.54,117.02,3404022.0,23501032.0
2013-03-29,119.42,120.27,118.05,118.05,3057141.0,21230462.0
2013-03-28,122.67,122.67,118.22,115.66,6021900.0,41974624.0
2013-03-27,121.81,124.21,123.87,121.13,9603186.0,69030184.0
2013-03-26,122.67,122.67,121.98,119.59,4916057.0,34765920.0
2013-03-25,123.35,124.04,122.67,120.79,7171922.0,51197556.0
2013-03-22,120.79,123.18,123.01,119.25,9979798.0,70843816.0
2013-03-21,119.76,121.13,120.96,118.73,7716494.0,54105288.0
2013-03-20,116.0,120.62,119.59,114.97,8035343.0,55855092.0
2013-03-19,114.97,116.34,116.17,113.94,2715296.0,18277296.0
2013-03-18,114.46,116.68,116.0,113.94,3620547.0,24367250.0
2013-03-15,116.17,118.05,115.48,113.26,6694116.0,45400900.0
2013-03-14,119.08,123.87,118.05,117.88,13819226.0,97582360.0
2013-03-13,116.34,119.25,118.39,114.8,5823161.0,40152476.0
2013-03-12,118.39,120.79,117.36,114.97,4685430.0,32163748.0
2013-03-11,115.83,122.33,118.91,114.8,10641068.0,74483040.0
2013-03-08,118.91,118.91,115.66,115.66,3115962.0,21290018.0
2013-03-07,117.71,118.39,117.54,115.66,5288690.0,36261656.0
2013-03-06,114.8,118.56,118.22,113.94,10160774.0,69497568.0
2013-03-05,111.21,114.8,114.46,110.86,4684633.0,30981794.0
2013-03-04,116.0,116.0,111.21,109.5,5571602.0,36721904.0
2013-03-01,114.63,116.85,116.34,114.63,4953900.0,33484524.0
2013-02-28,112.58,117.02,116.34,111.55,7119168.0,47762872.0
2013-02-27,112.92,114.46,112.23,111.03,3643158.0,23925116.0
2013-02-26,116.17,116.17,112.75,112.58,7187706.0,47881048.0
2013-02-25,116.51,117.19,116.17,115.31,3960466.0,26877526.0
2013-02-22,116.68,118.91,116.68,114.63,6460740.0,43981180.0
2013-02-21,118.39,122.33,118.39,117.02,16548876.0,115987088.0
2013-02-20,115.14,117.02,117.02,115.14,3499460.0,23769346.0
2013-02-19,119.42,119.59,115.66,115.48,4980611.0,34044440.0
2013-02-18,118.05,119.76,119.42,118.05,5429014.0,37777244.0
2013-02-08,117.02,118.22,118.05,116.34,3504712.0,24108684.0
2013-02-07,117.02,118.91,117.02,116.0,4185094.0,28720700.0
2013-02-06,117.71,120.1,118.05,116.68,6623288.0,45842764.0
2013-02-05,114.46,117.19,116.85,113.94,5011033.0,34035180.0
2013-02-04,118.22,120.79,116.17,116.17,6833154.0,47150444.0
2013-02-01,117.19,119.93,118.22,115.31,8753093.0,60063192.0
2013-01-31,121.81,123.87,118.22,118.22,10047364.0,70388960.0
2013-01-30,120.79,124.04,120.96,118.73,12083689.0,85441264.0
2013-01-29,118.22,127.8,122.67,117.37,26534744.0,190582384.0
2013-01-28,117.02,120.96,120.1,116.17,30143792.0,209462080.0
2013-01-25,120.96,120.96,120.96,117.19,40495452.0,285886528.0
2013-01-24,114.46,114.46,110.01,108.98,5765068.0,37607604.0
2013-01-23,113.43,114.97,113.94,111.55,3000440.0,19821876.0
2013-01-22,112.06,115.48,114.11,111.72,8443413.0,56178704.0
2013-01-21,112.58,113.94,112.06,111.21,4152656.0,27378416.0
2013-01-18,110.86,112.23,112.23,109.84,2696746.0,17537108.0
2013-01-17,112.92,113.09,110.52,110.18,3290529.0,21379492.0
2013-01-16,112.92,113.77,113.43,111.03,6250499.0,40977376.0
2013-01-15,109.15,114.46,113.6,108.47,11517610.0,75173760.0
2013-01-14,104.36,109.67,109.15,104.19,8490752.0,53255528.0
2013-01-11,107.44,109.5,105.22,104.36,6579378.0,41354508.0
2013-01-10,106.42,108.81,107.96,106.07,5143243.0,32302126.0
2013-01-09,107.1,107.78,106.76,105.22,5223121.0,32555896.0
2013-01-08,105.39,107.78,107.78,104.36,6112294.0,37964988.0
2013-01-07,104.19,106.07,105.56,102.99,3295302.0,20131918.0
2013-01-04,106.76,107.27,104.19,103.85,3963152.0,24298868.0
2012-12-31,105.56,106.93,105.73,104.7,3396140.0,20968574.0
2012-12-28,105.05,106.25,105.73,104.02,3606782.0,22110546.0
2012-12-27,104.02,106.93,105.56,103.85,6059564.0,37455908.0
2012-12-26,102.82,105.22,104.53,101.8,4381318.0,26569434.0
2012-12-25,100.94,104.7,103.34,99.57,4339632.0,25999674.0
2012-12-24,100.43,102.14,100.26,99.57,2530331.0,14870484.0
2012-12-21,103.85,105.22,101.45,100.94,4890446.0,29557902.0
2012-12-20,101.8,104.02,103.51,100.26,3797791.0,22759930.0
2012-12-19,101.45,103.51,102.14,100.94,2651592.0,15846672.0
2012-12-18,100.94,104.19,101.45,99.74,4585925.0,27402220.0
2012-12-17,100.94,103.34,101.11,99.74,3738622.0,22224230.0
2012-12-14,96.83,101.28,100.26,95.98,4089899.0,23810560.0
2012-12-13,97.35,99.92,96.66,96.32,1136052.0,6482747.0
2012-12-12,98.38,99.4,97.35,96.32,1695462.0,9668362.0
2012-12-11,101.11,101.11,98.89,98.2,2244331.0,13012440.0
2012-12-10,100.26,101.45,100.77,98.72,2547906.0,14963540.0
2012-12-07,97.01,100.26,99.57,97.01,3033168.0,17625608.0
2012-12-06,98.38,98.38,97.35,96.32,2148412.0,12186510.0
2012-12-05,94.78,97.69,97.18,93.07,3288988.0,18526172.0
2012-12-04,90.5,94.44,94.44,89.65,3274082.0,17565664.0
2012-12-03,90.68,92.05,89.82,89.48,1814709.0,9593352.0
2012-11-30,88.28,90.5,90.5,87.94,1852030.0,9692330.0
2012-11-29,90.33,90.85,88.11,88.11,4371716.0,22948882.0
2012-11-28,92.22,92.73,90.5,88.79,2933051.0,15431802.0
2012-11-27,96.32,96.66,92.05,92.05,2979738.0,16208717.0
2012-11-26,99.06,99.06,96.83,96.66,1145442.0,6542921.0
2012-11-23,97.69,99.06,97.69,97.52,1102189.0,6321590.0
2012-11-22,100.09,100.09,97.69,97.35,1541688.0,8846071.0
2012-11-21,98.72,100.43,100.09,97.18,1418640.0,8198152.0
2012-11-20,98.72,100.77,99.23,98.55,1694104.0,9854388.0
2012-11-19,98.03,98.89,98.72,96.49,1560967.0,8895087.0
2012-11-16,99.23,99.74,97.86,97.01,1829419.0,10438883.0
2012-11-15,101.28,102.31,99.4,99.4,1932140.0,11406366.0
2012-11-14,100.43,103.0,102.31,100.26,2137677.0,12733941.0
2012-11-13,104.19,104.19,100.43,99.92,3958854.0,23553476.0
2012-11-12,106.59,107.27,103.85,103.34,4442036.0,27212614.0
2012-11-09,108.13,108.81,106.42,105.9,2983900.0,18619962.0
2012-11-08,111.21,111.72,107.96,107.78,3337963.0,21394488.0
2012-11-07,111.38,113.43,112.58,111.21,2013535.0,13230814.0
2012-11-06,113.94,114.29,111.38,110.18,2962999.0,19330590.0
2012-11-05,112.92,114.46,113.77,112.23,1986247.0,13153226.0
2012-11-02,113.43,114.29,113.43,112.06,1780109.0,11769576.0
2012-11-01,112.06,114.8,113.43,112.06,2024003.0,13466086.0
2012-10-31,111.38,112.58,112.06,111.21,1283487.0,8375074.0
2012-10-30,110.69,112.92,111.38,110.69,1556993.0,10191220.0
2012-10-29,112.75,113.43,111.89,110.52,1556030.0,10176363.0
2012-10-26,118.73,119.76,113.6,113.26,3633390.0,24623874.0
2012-10-25,119.76,120.79,117.37,117.19,3032620.0,21033418.0
2012-10-24,117.71,119.76,119.76,117.19,4065885.0,28177996.0
2012-10-23,116.51,118.73,118.56,116.34,3976798.0,27372040.0
2012-10-22,116.51,117.02,116.85,114.97,2208471.0,15001617.0
2012-10-19,117.88,119.42,117.54,116.68,4589391.0,31647802.0
2012-10-18,113.94,120.79,118.56,113.43,7548870.0,51856528.0
2012-10-17,113.94,114.63,113.26,112.58,1761585.0,11680234.0
2012-10-16,113.77,115.31,113.6,113.6,1642765.0,10973222.0
2012-10-15,115.66,116.17,113.77,113.09,2125253.0,14215448.0
2012-10-12,114.11,116.68,116.51,112.92,3548491.0,23854750.0
2012-10-11,117.54,118.39,114.8,114.8,3258039.0,22192752.0
2012-10-10,117.19,117.88,117.71,115.66,3917085.0,26758640.0
2012-10-09,114.97,117.37,117.02,114.29,4244519.0,28854278.0
2012-10-08,114.63,117.02,114.46,113.6,2171250.0,14583356.0
2012-09-28,112.4,116.34,115.66,111.21,3863706.0,25922252.0
2012-09-27,109.84,114.63,111.72,109.33,3394108.0,22276288.0
2012-09-26,112.4,114.46,109.84,109.5,3496937.0,22815140.0
2012-09-25,115.83,115.83,112.4,112.23,4390568.0,29193420.0
2012-09-24,116.34,117.19,115.83,112.92,5459628.0,36713016.0
2012-09-21,117.88,122.5,117.19,116.68,4699835.0,32893068.0
2012-09-20,125.24,125.58,118.22,117.88,5810969.0,41263648.0
2012-09-19,124.38,127.12,126.09,123.18,4869353.0,35498060.0
2012-09-18,122.16,125.75,123.53,121.47,3126040.0,22644312.0
2012-09-17,127.63,128.31,123.53,122.84,7127888.0,51904052.0
2012-09-14,132.25,133.96,128.14,126.26,10136317.0,76657016.0
2012-09-13,132.76,133.79,129.68,129.68,9809211.0,75514296.0
2012-09-12,127.46,136.36,134.82,127.46,21808088.0,168710304.0
2012-09-11,124.72,130.03,127.46,124.38,10421768.0,77949616.0
2012-09-10,126.43,127.97,126.6,125.06,9036790.0,66920580.0
2012-09-07,125.75,129.34,126.95,124.55,16681503.0,123908312.0
2012-09-06,125.41,126.6,125.41,123.7,10539371.0,76989336.0
2012-09-05,124.89,129.0,127.12,122.33,28033692.0,205837968.0
2012-09-04,119.76,124.55,124.55,117.71,27248194.0,196246848.0
2012-09-03,117.71,117.71,113.26,108.13,15838408.0,103658064.0
2012-08-31,130.03,130.03,119.76,119.76,27324112.0,200810288.0
2012-08-17,117.19,118.39,118.22,116.0,1475776.0,10095061.0
2012-08-16,117.19,118.73,116.34,116.34,1554630.0,10666486.0
2012-08-15,119.76,120.79,117.19,116.51,3463551.0,24048898.0
2012-08-14,117.54,122.84,120.1,117.37,4771109.0,33508608.0
2012-08-13,118.91,119.76,117.37,117.37,2151815.0,14842633.0
2012-08-10,119.76,119.93,119.42,117.54,2497057.0,17346564.0
2012-08-09,118.91,120.27,120.1,117.37,2919574.0,20337716.0
2012-08-08,120.62,120.62,118.39,118.39,2760410.0,19157186.0
2012-08-07,118.39,120.62,120.27,118.05,3990503.0,27904358.0
2012-08-06,115.14,118.91,118.39,114.46,4120624.0,28164728.0
2012-08-03,114.8,115.66,115.48,113.6,1866931.0,12547543.0
2012-08-02,113.26,116.0,114.11,112.58,2591543.0,17316988.0
2012-08-01,109.5,113.77,113.09,109.5,2096520.0,13781117.0
2012-07-31,111.21,112.06,109.5,107.78,1971862.0,12615362.0
2012-07-30,114.97,116.51,112.06,111.21,3646559.0,24292566.0
2012-07-27,114.11,116.34,115.83,113.77,3662594.0,24666478.0
2012-07-26,115.31,115.83,114.97,113.6,2913372.0,19486962.0
2012-07-25,111.04,115.66,115.31,110.52,7912091.0,52854008.0
2012-07-24,109.84,112.92,111.55,108.98,2990599.0,19506506.0
2012-07-23,108.17,110.7,109.52,106.65,1903085.0,12319936.0
2012-07-20,111.55,112.39,109.35,107.83,4159943.0,26988622.0
2012-07-19,108.34,114.59,111.55,108.17,3808792.0,25193524.0
2012-07-18,108.34,109.35,109.18,106.14,1791447.0,11446489.0
2012-07-17,106.98,108.51,108.17,105.8,1789982.0,11380448.0
2012-07-16,115.44,115.61,106.65,105.63,5822948.0,37379168.0
2012-07-13,116.11,117.13,114.42,113.24,2341792.0,15980934.0
2012-07-12,114.08,117.13,116.28,111.72,3283263.0,22248982.0
2012-07-11,115.44,115.44,113.92,112.9,2623283.0,17665286.0
2012-07-10,118.82,119.15,114.59,112.22,3675399.0,25064080.0
2012-07-09,121.69,123.72,118.82,117.97,2721977.0,19497664.0
2012-07-06,122.37,122.37,121.69,116.96,3793882.0,26926804.0
2012-07-05,126.08,126.08,120.51,118.31,4110038.0,29596974.0
2012-07-04,128.28,128.28,126.08,125.92,2034127.0,15294680.0
2012-07-03,127.61,130.48,127.27,125.24,4847539.0,36722924.0
2012-07-02,126.42,127.61,126.59,125.75,2648474.0,19845438.0
2012-06-29,124.73,125.58,125.07,122.7,3172064.0,23305488.0
2012-06-28,126.08,127.94,124.73,123.55,1689473.0,12512968.0
2012-06-27,126.42,127.94,125.75,125.75,2317100.0,17399106.0
2012-06-26,126.76,127.94,126.42,124.56,3482017.0,25978212.0
2012-06-25,131.83,131.83,127.27,125.07,3607056.0,27324878.0
2012-06-21,134.37,134.37,131.66,130.65,3842330.0,29945502.0
2012-06-20,134.37,136.06,134.37,134.2,2563046.0,20436838.0
2012-06-19,139.27,139.27,134.37,134.37,8428159.0,67695408.0
2012-06-18,140.62,141.29,139.44,138.59,4131385.0,34174972.0
2012-06-15,139.94,141.46,140.11,137.75,3174288.0,26200136.0
2012-06-14,139.94,141.97,139.44,138.25,4532917.0,37516852.0
2012-06-13,139.6,141.63,141.29,138.42,4814735.0,40059592.0
2012-06-12,140.62,140.62,138.25,137.91,3404836.0,27930572.0
2012-06-11,138.08,140.79,140.62,136.9,3900948.0,32184312.0
2012-06-08,138.93,141.13,137.75,137.41,5922505.0,48807516.0
2012-06-07,142.82,143.49,138.25,138.08,6914126.0,57269464.0
2012-06-06,142.14,144.84,140.96,139.94,6180263.0,51988856.0
2012-06-05,144.84,146.7,141.97,140.79,10646918.0,89885664.0
2012-06-04,144.84,149.75,144.51,143.83,12569439.0,109119240.0
2012-06-01,150.42,154.48,148.39,148.06,16768606.0,149545712.0
2012-05-31,142.31,154.65,151.77,141.63,27302156.0,241652320.0
2012-05-29,140.11,144.68,144.51,137.91,14082788.0,118093968.0
2012-05-28,138.93,140.79,140.28,133.86,7353684.0,59682492.0
2012-05-25,138.93,142.82,139.27,137.75,8541085.0,71006920.0
2012-05-24,142.31,143.32,138.93,138.25,11117947.0,92183768.0
2012-05-23,142.14,147.55,143.32,141.46,16065093.0,137860784.0
2012-05-22,143.32,144.34,141.97,140.11,7666471.0,64216428.0
2012-05-21,145.69,145.86,142.65,139.44,9541844.0,80610808.0
2012-05-18,144.0,148.56,145.69,143.66,16306045.0,141162032.0
2012-05-17,138.08,147.89,145.69,138.08,17302792.0,147597376.0
2012-05-16,140.96,141.97,137.91,137.41,8274038.0,68295152.0
2012-05-15,139.6,146.2,141.97,138.93,17865760.0,151177536.0
2012-05-14,136.06,142.99,141.8,133.86,19871630.0,163962688.0
2012-05-11,130.31,136.39,134.87,129.29,10563662.0,84136168.0
2012-05-10,129.63,131.66,130.65,128.79,3109420.0,24044626.0
2012-05-09,131.66,132.68,129.97,129.8,3521082.0,27262396.0
2012-05-08,133.52,133.86,132.84,131.15,3620219.0,28368646.0
2012-05-07,132.84,133.86,133.52,130.48,4696835.0,36621240.0
2012-05-04,131.49,133.69,133.35,131.49,4323028.0,34005224.0
2012-05-03,133.01,133.69,132.17,130.99,3675946.0,28771424.0
2012-05-02,132.17,134.37,133.01,130.99,4990745.0,39266088.0
2012-04-27,130.31,133.01,130.82,130.31,4185278.0,32674414.0
2012-04-26,127.27,132.68,130.31,126.59,5728620.0,43955556.0
2012-04-25,125.24,128.11,127.27,123.38,4251428.0,31699328.0
2012-04-24,128.45,129.46,125.24,121.69,6369121.0,47372088.0
2012-04-23,133.18,133.86,129.46,126.76,5072194.0,39346320.0
2012-04-20,131.83,133.86,133.18,131.49,5123686.0,40151392.0
2012-04-19,133.35,134.37,132.0,131.49,4815720.0,37864476.0
2012-04-18,130.99,135.04,133.35,130.31,6211336.0,48868184.0
2012-04-17,132.34,134.03,130.65,130.31,4655855.0,36254588.0
2012-04-16,134.37,134.87,132.17,131.83,9469963.0,74586840.0
2012-04-13,138.08,139.27,137.75,136.22,6492070.0,52989276.0
2012-04-12,133.86,136.9,136.56,133.52,6582506.0,52815432.0
2012-04-11,132.51,134.7,133.69,130.31,4051110.0,31927820.0
2012-04-10,130.48,134.03,133.86,127.44,5042896.0,39053576.0
2012-04-09,133.86,134.53,131.49,131.49,3276038.0,25771976.0
2012-04-06,134.03,136.56,133.86,132.51,5251680.0,41819060.0
2012-04-05,128.45,134.2,133.86,127.94,5207335.0,40591664.0
2012-03-30,128.45,131.15,127.77,125.41,5657033.0,43168028.0
2012-03-29,126.76,131.15,129.29,124.9,7390986.0,56194520.0
2012-03-28,135.55,135.72,127.94,127.61,10926116.0,84098784.0
2012-03-27,140.45,142.82,136.56,135.21,8452625.0,69372896.0
2012-03-26,139.44,141.63,139.6,136.9,6815791.0,56398096.0
2012-03-23,144.34,145.69,139.44,138.93,9023680.0,75823080.0
2012-03-22,148.06,148.06,144.34,143.16,8426331.0,72452080.0
2012-03-21,150.76,154.65,148.39,142.48,15384747.0,135161456.0
2012-03-20,153.13,153.13,148.9,147.38,12433201.0,110064888.0
2012-03-19,148.73,154.99,153.63,147.21,20606012.0,185072880.0
2012-03-16,140.28,149.41,148.06,138.93,22162200.0,190525040.0
2012-03-15,146.2,146.2,139.94,136.56,18664244.0,155430032.0
2012-03-14,142.99,153.8,144.84,141.63,39011588.0,340058016.0
2012-03-13,141.63,143.16,142.48,139.6,9614967.0,80275232.0
2012-03-12,143.32,145.52,142.14,141.13,13057904.0,110566512.0
2012-03-09,138.25,144.51,144.34,138.08,16842810.0,140744832.0
2012-03-08,138.93,142.65,139.77,137.75,16617780.0,137671488.0
2012-03-07,141.63,146.53,138.42,137.24,19699788.0,165625168.0
2012-03-06,140.28,145.86,144.17,138.76,19703224.0,166712416.0
2012-03-05,136.56,144.51,141.8,135.72,18646888.0,154873872.0
2012-03-02,134.7,137.58,136.56,132.84,12483044.0,99911608.0
2012-03-01,135.21,138.76,135.89,133.52,13073762.0,105657280.0
2012-02-29,135.04,139.1,135.38,133.18,17193532.0,138246608.0
2012-02-28,130.65,135.89,135.72,128.96,17609924.0,138188304.0
2012-02-27,126.93,134.2,130.65,126.93,21011708.0,162991744.0
2012-02-24,125.75,126.59,126.59,123.38,8835933.0,65407808.0
2012-02-23,125.07,129.29,126.08,125.07,10643432.0,80034576.0
2012-02-22,123.89,125.92,125.41,123.38,9685393.0,71514312.0
2012-02-21,119.49,125.07,124.9,119.49,14600580.0,106744152.0
2012-02-20,122.03,122.87,120.0,119.83,6955405.0,49768780.0
2012-02-17,122.37,123.04,120.0,118.99,5656620.0,40348440.0
2012-02-16,122.53,124.56,122.37,120.84,8316105.0,60395152.0
2012-02-15,118.65,124.06,123.38,118.65,11124484.0,80491816.0
2012-02-14,119.83,121.86,119.32,118.65,9401893.0,66725644.0
2012-02-13,114.59,123.89,120.34,113.07,12415828.0,87461648.0
2012-02-10,115.1,117.3,115.77,113.24,6840951.0,46672972.0
2012-02-09,114.08,116.28,115.1,112.9,7275952.0,49470460.0
2012-02-08,110.37,114.08,114.08,109.69,5143199.0,34205944.0
2012-02-07,113.58,113.58,110.2,109.69,3532753.0,23235746.0
2012-02-06,113.41,114.59,113.75,112.73,3885096.0,26113388.0
2012-02-03,110.7,114.76,114.08,110.2,5706271.0,38118612.0
2012-02-02,109.52,111.55,111.38,108.68,2286989.0,14907961.0
2012-02-01,110.03,111.72,109.35,109.35,2016153.0,13188441.0
2012-01-31,109.86,112.22,111.21,109.01,2540522.0,16665775.0
2012-01-30,111.89,113.07,109.86,109.69,3950192.0,26021734.0
2012-01-20,110.2,112.56,111.55,108.17,4337570.0,28390354.0
2012-01-19,107.83,111.04,109.35,107.83,3135635.0,20344178.0
2012-01-18,109.86,115.77,109.01,108.17,5983300.0,39697672.0
2012-01-17,103.27,110.2,109.86,103.1,3638188.0,23173258.0
2012-01-16,106.48,106.99,103.1,103.1,3305999.0,20493954.0
2012-01-13,111.04,113.24,108.34,106.48,5597341.0,36213000.0
2012-01-12,106.65,113.92,111.38,106.48,7302400.0,47657064.0
2012-01-11,107.49,109.35,107.49,106.31,4345493.0,27772660.0
2012-01-10,103.27,108.0,106.99,103.27,4882616.0,30744852.0
2012-01-09,99.04,103.44,103.27,97.69,3626811.0,21711140.0
2012-01-06,97.86,99.21,99.04,96.84,3416258.0,19758260.0
2012-01-05,103.27,103.27,99.04,96.34,2927844.0,17326460.0
2012-01-04,108.17,108.84,103.44,103.27,3154061.0,19866436.0
