date,open,high,close,low,volume,amount
2015-07-03,200.42,212.28,204.46,192.22,26171572.0,408162592.0
2015-07-02,240.17,243.46,213.54,213.54,21776380.0,382309312.0
2015-07-01,254.94,269.71,237.27,236.01,18130338.0,366604864.0
2015-06-30,250.65,266.05,262.26,228.56,19794900.0,388779200.0
2015-06-29,268.82,271.35,252.42,230.96,30221532.0,606552832.0
2015-06-26,273.75,281.82,255.7,255.7,24806124.0,531697216.0
2015-06-25,285.11,302.9,284.1,276.14,25581524.0,596737152.0
2015-06-24,285.86,290.28,285.23,273.87,12479899.0,279393632.0
2015-06-23,269.45,285.86,285.86,262.51,19169216.0,419766752.0
2015-06-19,290.28,296.59,267.69,267.56,18155942.0,398662464.0
2015-06-18,302.9,309.21,297.35,296.59,15171073.0,366468192.0
2015-06-17,301.48,306.75,301.11,286.44,16690649.0,398180064.0
2015-06-16,302.24,302.49,301.11,284.06,21167320.0,492821792.0
2015-06-15,310.89,313.14,302.11,301.11,16942104.0,411975232.0
2015-06-12,311.89,315.77,309.76,306.62,21290684.0,528146336.0
2015-06-11,311.76,315.27,308.25,300.86,23209104.0,566753792.0
2015-06-10,319.66,319.66,311.14,305.87,23153444.0,576172800.0
2015-06-09,329.44,331.07,319.79,313.39,17849740.0,457425408.0
2015-06-08,303.36,335.33,329.69,303.36,30629078.0,779408640.0
2015-06-05,306.5,311.26,308.38,297.72,28662420.0,698553472.0
2015-06-04,314.14,316.53,304.99,283.06,22233638.0,527618016.0
2015-06-03,303.87,317.15,314.14,300.23,20042208.0,493153632.0
2015-06-02,305.87,307.12,303.87,293.08,17437636.0,414712352.0
2015-06-01,295.22,306.25,303.24,289.07,20300612.0,482166048.0
2015-05-29,301.99,315.77,292.33,275.79,22284524.0,519410432.0
2015-05-28,341.97,346.74,304.49,304.49,30069036.0,778975872.0
2015-05-27,350.75,353.38,338.34,336.33,14896079.0,405605408.0
2015-05-26,344.11,351.0,349.5,336.08,18808288.0,514721056.0
2015-05-25,332.82,357.52,342.35,327.93,23783960.0,650861056.0
2015-05-22,315.65,345.99,342.1,312.14,24305636.0,634751104.0
2015-05-21,312.39,317.03,314.52,309.26,10968621.0,273418528.0
2015-05-20,325.8,327.93,313.77,309.63,18199260.0,458784480.0
2015-05-19,304.74,327.81,324.68,302.99,16341227.0,411078720.0
2015-05-18,319.41,322.29,306.5,300.86,14158514.0,349528128.0
2015-05-15,325.68,332.2,319.54,314.9,17086962.0,441341696.0
2015-05-14,313.39,325.8,322.29,309.63,18901164.0,480749504.0
2015-05-13,313.39,315.9,314.9,302.61,23745712.0,583801728.0
2015-05-12,323.92,323.92,315.27,308.13,21187724.0,530747744.0
2015-05-11,332.45,336.58,325.93,314.65,20107072.0,517532032.0
2015-05-08,314.27,333.45,328.19,311.14,12118318.0,315489952.0
2015-05-07,295.97,325.55,314.27,295.97,15781838.0,394517216.0
2015-05-06,292.83,306.62,295.97,290.83,9447920.0,226467920.0
2015-05-05,312.89,312.89,294.09,285.81,16247454.0,383629088.0
2015-05-04,325.8,327.18,313.02,305.87,13992270.0,350316864.0
2015-04-30,311.64,327.68,324.55,306.5,18080548.0,456543360.0
2015-04-29,266.89,297.85,297.85,263.0,20140574.0,453190944.0
2015-04-28,280.17,292.08,270.77,266.01,23867536.0,527858048.0
2015-04-27,304.37,304.37,280.05,277.67,28066728.0,650730496.0
2015-04-24,276.66,276.66,276.66,276.66,589769.0,13016202.0
2015-03-25,250.71,262.75,251.47,246.45,16335092.0,331025888.0
2015-03-24,223.26,244.82,244.82,223.26,20509216.0,384311776.0
2015-03-23,223.01,230.28,222.51,220.63,12201360.0,218986288.0
2015-03-20,220.25,223.64,219.25,217.5,11971847.0,209987056.0
2015-03-19,212.1,218.0,218.0,210.1,11691795.0,200235760.0
2015-03-18,210.6,213.11,210.1,209.6,11817311.0,198997968.0
2015-03-17,213.11,214.99,211.23,208.59,6660910.0,112335632.0
2015-03-16,206.21,212.86,212.1,206.21,6153694.0,103107456.0
2015-03-13,210.6,211.1,205.96,205.46,6492541.0,107070952.0
2015-03-12,214.11,215.36,209.35,208.09,6845243.0,115182912.0
2015-03-11,205.46,215.11,214.11,201.82,11583450.0,194736128.0
2015-03-10,204.96,209.47,205.46,203.96,8387298.0,138074464.0
2015-03-09,202.08,208.34,204.58,199.07,6393413.0,104376272.0
2015-03-06,202.7,205.96,203.58,201.95,7751718.0,126398408.0
2015-03-05,202.7,204.71,204.33,198.06,11616413.0,186459616.0
2015-03-04,201.32,205.09,202.45,200.57,7992472.0,128981088.0
2015-03-03,209.35,209.35,203.08,200.57,10588604.0,171816944.0
2015-03-02,215.61,218.0,209.85,207.34,11093715.0,187278640.0
2015-02-27,214.99,216.87,212.35,208.59,5080010.0,86186992.0
2015-02-26,213.86,218.62,215.11,210.22,4309484.0,73843832.0
2015-02-25,214.36,217.5,213.86,209.1,5061674.0,86358120.0
2015-02-17,208.09,220.5,213.61,207.09,6791519.0,116279656.0
2015-02-16,206.46,210.35,205.96,201.32,7976218.0,130699760.0
2015-02-13,191.04,206.21,205.84,188.54,14699116.0,235547520.0
2015-02-12,191.17,193.8,189.79,186.78,7694202.0,116450184.0
2015-02-11,188.29,195.56,191.8,186.16,5971378.0,91223752.0
2015-02-10,176.13,187.66,187.66,175.88,6875671.0,101003032.0
2015-02-09,182.27,183.52,178.01,174.25,8581030.0,121411456.0
2015-02-06,186.91,191.55,182.27,181.14,5382566.0,79879200.0
2015-02-05,204.83,209.35,190.42,189.67,12922040.0,206679136.0
2015-02-04,188.04,195.06,194.43,184.4,10850602.0,164437088.0
2015-02-03,190.29,193.68,190.04,181.89,10142153.0,152778336.0
2015-02-02,188.04,200.2,190.04,175.5,17825884.0,270065088.0
2015-01-30,181.39,196.56,190.04,181.39,17050840.0,259008608.0
2015-01-29,175.5,185.91,183.15,174.25,11224564.0,162683504.0
2015-01-28,172.99,181.14,179.89,170.24,14317855.0,204340976.0
2015-01-27,175.75,180.14,173.87,171.11,10594465.0,148969168.0
2015-01-26,170.74,175.5,174.75,168.1,10325996.0,142788160.0
2015-01-23,169.23,171.36,170.61,166.73,8812334.0,119011600.0
2015-01-22,166.98,171.24,169.48,165.35,8337245.0,112315728.0
2015-01-21,155.82,169.48,166.6,154.82,12134676.0,158729568.0
2015-01-20,150.81,157.95,156.07,150.43,10162526.0,125477592.0
2015-01-19,159.2,161.46,150.05,150.05,14759899.0,183798640.0
2015-01-16,170.49,170.49,166.73,164.47,9777821.0,130054320.0
2015-01-15,164.47,171.24,168.98,164.47,8145467.0,108743096.0
2015-01-14,162.09,168.1,165.22,159.71,8528706.0,111949808.0
2015-01-13,159.83,163.47,160.83,159.46,4501389.0,57903504.0
2015-01-12,166.22,166.85,160.21,157.95,11139055.0,142767248.0
2015-01-09,166.72,171.74,167.48,166.35,9804563.0,132023040.0
2015-01-08,165.97,168.73,166.22,164.34,10444176.0,138261840.0
2015-01-07,170.74,174.0,165.85,163.34,14710452.0,196554192.0
2015-01-06,175.5,176.38,171.74,169.86,12836875.0,177040112.0
2015-01-05,177.0,187.91,179.14,177.0,29372532.0,428800736.0
2014-12-31,166.35,175.75,173.87,160.58,19997476.0,271078688.0
2014-12-30,170.36,175.5,166.22,164.47,13970943.0,189609264.0
2014-12-29,165.47,175.0,170.61,162.97,23765924.0,322137184.0
2014-12-26,156.2,166.85,163.22,156.2,18676298.0,243666192.0
2014-12-25,151.31,157.32,155.94,149.43,10574859.0,129373328.0
2014-12-24,144.79,151.68,151.31,142.03,17997068.0,210424576.0
2014-12-23,152.18,153.31,143.91,143.53,18271514.0,215352608.0
2014-12-22,159.83,159.83,152.06,151.06,14965840.0,185325664.0
2014-12-19,166.47,166.47,159.83,156.19,12393559.0,157810816.0
2014-12-18,171.11,171.74,166.47,166.22,13566252.0,183079600.0
2014-12-17,164.97,170.86,170.11,162.71,17458216.0,232563120.0
2014-12-16,163.22,164.97,164.97,161.21,12806174.0,166624640.0
2014-12-15,164.47,167.73,163.47,158.83,21217352.0,275252576.0
2014-12-12,173.37,174.25,166.73,165.22,15929879.0,213661872.0
2014-12-11,169.23,175.5,173.5,167.85,10939493.0,150714272.0
2014-12-10,170.61,172.74,169.11,162.21,16077151.0,213842672.0
2014-12-09,184.03,184.03,171.99,170.49,31297256.0,443829216.0
2014-12-08,183.65,187.41,185.15,178.13,24123924.0,352910400.0
2014-12-05,185.78,185.91,183.15,172.99,20729196.0,296198912.0
2014-12-04,184.4,187.53,186.03,180.51,17188964.0,251923280.0
2014-12-03,175.88,191.8,183.9,175.38,26326228.0,385241888.0
2014-12-02,177.26,177.38,176.75,171.36,15283108.0,211858080.0
2014-12-01,175.75,180.26,175.38,171.11,22901344.0,319748224.0
2014-11-28,170.86,178.51,176.25,165.97,23007092.0,316219872.0
2014-11-27,167.98,172.74,169.99,167.35,11547953.0,156225360.0
2014-11-26,172.24,174.37,168.23,167.1,16906708.0,229178912.0
2014-11-25,177.13,177.76,172.74,170.86,16716397.0,230773792.0
2014-11-24,171.74,177.26,176.25,169.23,40109192.0,559917440.0
2014-11-21,160.58,164.47,161.09,159.58,6839812.0,88364328.0
2014-11-20,161.09,162.71,160.33,159.08,4763763.0,61020260.0
2014-11-19,160.58,163.59,161.09,159.46,4529461.0,58071628.0
2014-11-18,160.21,165.47,161.84,159.2,8964590.0,115831112.0
2014-11-17,161.09,163.59,160.83,156.7,9465996.0,121311496.0
2014-11-14,149.43,161.46,160.33,148.68,14980779.0,186869424.0
2014-11-13,157.32,157.45,149.55,149.18,8652399.0,104813336.0
2014-11-12,155.94,158.58,157.83,154.06,4735627.0,59144688.0
2014-11-11,159.21,159.83,156.82,153.69,5176462.0,65095856.0
2014-11-10,159.21,159.83,158.45,155.82,4339608.0,54652788.0
2014-11-07,158.08,162.84,159.21,156.7,8203353.0,104434992.0
2014-11-06,160.08,161.09,158.33,156.7,5752332.0,72775112.0
2014-11-05,165.22,165.22,159.58,157.45,8068858.0,103266216.0
2014-11-04,167.1,167.73,165.1,163.22,6399622.0,84197824.0
2014-11-03,167.1,171.74,164.59,164.09,12650717.0,168528864.0
2014-10-31,163.22,165.97,163.84,160.71,8691577.0,113248992.0
2014-10-30,164.22,167.6,162.97,159.08,10369039.0,134800544.0
2014-10-29,154.69,164.97,162.84,153.69,14775277.0,188046064.0
2014-10-28,149.8,154.32,153.56,149.8,5508302.0,67071688.0
2014-10-27,149.18,151.81,150.18,148.55,3431673.0,41189372.0
2014-10-24,149.93,151.81,150.3,147.29,3770714.0,44969716.0
2014-10-23,155.82,156.7,150.43,144.91,15638673.0,186759024.0
2014-10-22,161.21,162.34,156.7,155.19,7467590.0,94371488.0
2014-10-21,164.22,164.22,162.34,159.71,7764907.0,100469496.0
2014-10-20,165.6,171.74,164.47,161.09,9348342.0,123164368.0
2014-10-17,159.83,162.84,162.71,157.45,4575304.0,58768004.0
2014-10-16,160.46,162.21,160.46,158.08,4393162.0,56221772.0
2014-10-15,165.6,166.1,160.83,159.58,7767573.0,100473208.0
2014-10-14,156.95,164.22,164.22,156.45,19237140.0,247857696.0
2014-10-13,154.57,157.32,156.07,154.06,9762557.0,121289264.0
2014-10-10,157.07,157.07,154.69,154.19,8755218.0,108329040.0
2014-10-09,158.95,160.58,157.32,155.19,5838010.0,72992888.0
2014-10-08,162.34,163.59,159.2,158.58,6882262.0,88320080.0
2014-09-30,160.33,161.46,157.95,154.94,6997119.0,87723856.0
2014-09-29,160.46,165.47,159.96,159.2,6777096.0,87510840.0
2014-09-26,159.33,163.22,161.71,158.7,6013479.0,77828608.0
2014-09-25,160.21,162.09,161.21,158.2,3710803.0,47329456.0
2014-09-24,161.71,162.46,160.96,157.2,6793927.0,86297816.0
2014-09-23,160.58,164.34,162.59,160.58,4310175.0,55979348.0
2014-09-22,161.46,163.59,160.71,156.95,5497853.0,70669408.0
2014-09-19,159.2,163.72,162.71,156.2,6300009.0,80774496.0
2014-09-18,160.46,161.21,158.2,156.45,3208603.0,40429092.0
2014-09-17,159.71,162.09,160.33,154.19,5278948.0,67152488.0
2014-09-16,162.97,164.09,159.71,156.32,6264668.0,80116808.0
2014-09-15,163.59,164.84,162.34,157.45,8133793.0,104446368.0
2014-09-12,153.44,163.72,161.71,151.56,10193903.0,129559456.0
2014-09-11,153.69,156.07,152.94,152.31,5065287.0,62061852.0
2014-09-10,157.82,157.82,153.69,153.06,5266304.0,64948172.0
2014-09-09,159.71,160.96,158.45,155.57,2854211.0,35827064.0
2014-09-05,157.95,161.21,159.46,157.2,4251353.0,54076564.0
2014-09-04,160.96,165.47,159.08,157.2,10646518.0,136831472.0
2014-09-03,153.06,157.7,157.7,152.94,8699682.0,108370288.0
2014-09-02,151.56,154.82,154.44,149.43,6918784.0,83752880.0
2014-09-01,154.19,154.19,150.93,149.93,8014784.0,96486736.0
2014-08-29,151.18,153.69,153.44,148.55,5209462.0,62766932.0
2014-08-28,147.42,153.69,151.18,147.42,6444166.0,77760592.0
2014-08-27,148.55,151.81,148.05,147.92,5983721.0,71539768.0
2014-08-26,149.8,155.82,150.3,146.54,11120263.0,133717856.0
2014-08-25,143.78,151.68,150.81,142.53,15952739.0,187619968.0
2014-08-22,139.65,144.79,143.78,138.9,11049409.0,126171784.0
2014-08-21,138.52,139.9,139.4,135.39,9469319.0,104813696.0
2014-08-20,137.89,140.15,138.52,137.64,4656350.0,51633008.0
2014-08-19,140.28,140.28,138.65,136.89,5672895.0,62559468.0
2014-08-18,142.91,142.91,139.77,137.64,4305588.0,47785968.0
2014-08-15,137.27,141.03,139.77,136.39,4948320.0,54710996.0
2014-08-14,141.4,141.65,137.27,135.39,7767516.0,85435144.0
2014-08-13,139.52,141.4,141.15,136.64,3592008.0,40106964.0
2014-08-12,139.9,140.78,140.28,137.89,3412399.0,38103648.0
2014-08-11,137.64,139.9,139.15,136.64,4594807.0,50949416.0
2014-08-08,137.89,138.27,136.89,135.51,4798068.0,52313244.0
2014-08-07,137.77,138.65,137.14,136.01,4023011.0,44173092.0
2014-08-06,139.15,139.15,136.89,135.39,7257093.0,79363416.0
2014-08-05,140.15,141.4,140.28,137.27,4395281.0,48840856.0
2014-08-04,137.77,141.03,139.9,134.76,7140006.0,78945096.0
2014-08-01,142.03,142.03,138.14,137.14,8373786.0,92621912.0
2014-07-31,140.4,142.91,142.28,136.76,8419921.0,93771864.0
2014-07-30,144.16,144.79,141.65,134.51,9190134.0,101952752.0
2014-07-29,145.41,146.54,144.16,142.66,5759377.0,66149576.0
2014-07-28,145.54,146.67,145.41,141.78,6424987.0,73711056.0
2014-07-25,146.42,146.92,145.79,142.41,10638176.0,122646848.0
2014-07-24,134.76,146.42,146.42,134.76,16407061.0,187205536.0
2014-07-23,136.26,139.27,134.38,133.63,6142895.0,66787748.0
2014-07-22,139.4,141.91,137.02,135.39,14083948.0,156143248.0
2014-07-21,137.77,143.28,139.65,135.13,7767474.0,87119688.0
2014-07-18,133.51,141.91,138.52,131.62,9424318.0,105076824.0
2014-07-17,133.51,137.39,134.13,131.88,5585252.0,60333452.0
2014-07-16,129.24,133.88,133.51,129.12,7048533.0,74476560.0
2014-07-15,131.62,133.51,130.25,129.49,4613433.0,48227112.0
2014-07-14,127.61,135.89,132.38,126.61,8268702.0,87476936.0
2014-07-11,124.1,128.49,127.74,123.23,8583045.0,86797664.0
2014-07-10,125.98,125.98,124.1,121.97,4011184.0,39657112.0
2014-07-09,126.61,127.61,125.98,123.73,5021071.0,50215280.0
2014-07-08,126.99,128.24,125.48,124.23,5892378.0,59231872.0
2014-07-07,124.73,131.38,127.86,123.48,13849042.0,143176672.0
2014-07-04,118.96,126.49,125.23,118.96,15674809.0,154021824.0
2014-07-03,115.08,121.22,118.71,114.83,11811842.0,111923192.0
2014-07-02,107.18,115.33,113.45,107.18,12015879.0,108034800.0
2014-07-01,109.44,110.94,107.81,105.43,5768440.0,49735204.0
2014-06-30,111.19,111.32,110.19,109.06,3357459.0,29417132.0
2014-06-27,109.56,111.19,111.19,109.19,3353570.0,29606808.0
2014-06-26,108.06,110.82,109.81,108.06,5360106.0,47113616.0
2014-06-25,107.93,109.81,108.81,107.43,4956540.0,42959092.0
2014-06-24,103.92,108.06,107.93,103.92,5007854.0,42672508.0
2014-06-23,104.05,105.93,104.8,103.92,3143136.0,26213064.0
2014-06-20,106.55,107.56,102.92,102.29,6034276.0,49958348.0
2014-06-19,107.93,110.44,106.93,105.68,7744274.0,67074000.0
2014-06-18,110.69,110.69,107.56,100.29,8013703.0,68541440.0
2014-06-17,111.17,111.17,111.04,107.18,6924103.0,60429760.0
2014-06-16,114.65,114.65,111.17,109.8,11699455.0,104624192.0
2014-06-13,113.91,115.9,114.65,113.91,3623007.0,33441150.0
2014-06-12,115.77,117.64,114.28,113.41,3518484.0,32387290.0
2014-06-11,115.03,118.26,116.89,114.53,5902586.0,55297920.0
2014-06-10,116.39,117.14,115.77,111.29,9435766.0,86585272.0
2014-06-09,109.42,121.25,116.27,108.3,12043780.0,113944840.0
2014-06-06,111.91,112.91,110.17,109.67,2039148.0,18170742.0
2014-06-05,109.55,113.03,112.54,108.3,5809532.0,51650876.0
2014-06-04,111.54,112.66,109.92,108.43,6896851.0,60897020.0
2014-06-03,108.93,115.15,112.66,108.3,9615361.0,86638184.0
2014-05-30,113.16,114.53,110.3,109.92,7092576.0,63272288.0
2014-05-29,114.78,116.89,114.28,113.28,11535277.0,106872248.0
2014-05-28,110.79,116.27,114.53,110.79,10557994.0,97009984.0
2014-05-27,108.3,113.91,111.91,105.19,13377169.0,118434368.0
2014-05-26,109.3,111.91,109.42,106.31,6971425.0,61562752.0
2014-05-23,103.08,110.54,109.42,102.7,15453858.0,132962160.0
2014-05-22,99.59,102.83,102.45,98.97,6848864.0,55976776.0
2014-05-21,99.59,100.34,99.59,97.47,4543480.0,36214652.0
2014-05-20,100.83,102.33,100.21,98.59,6038667.0,48659812.0
2014-05-19,105.44,105.56,101.58,100.58,7725803.0,63322084.0
2014-05-16,104.94,108.43,105.44,103.32,9656990.0,82585600.0
2014-05-15,104.07,107.31,105.19,102.45,11800111.0,100310888.0
2014-05-14,102.7,108.06,105.32,102.7,18525578.0,156656944.0
2014-05-13,98.34,101.58,99.84,97.6,17497656.0,139584256.0
2014-05-12,101.71,102.08,97.6,95.86,18277312.0,143173184.0
2014-05-09,104.57,105.56,101.33,98.22,8400317.0,67990392.0
2014-05-08,107.68,110.05,106.69,105.69,3093366.0,26924432.0
2014-05-07,109.17,109.92,107.43,106.31,3745165.0,32522932.0
2014-05-06,102.7,110.3,109.3,102.7,5719737.0,49179540.0
2014-05-05,104.19,105.19,103.95,101.71,2986391.0,24781690.0
2014-04-30,102.33,104.94,104.57,101.83,3827043.0,31807296.0
2014-04-29,99.71,104.57,102.7,96.73,11810439.0,95529624.0
2014-04-28,110.79,112.29,101.21,101.21,13231527.0,112211872.0
2014-04-25,113.41,116.89,112.41,111.79,8522228.0,78182864.0
2014-04-24,109.55,115.52,114.4,108.43,12772317.0,116989832.0
2014-04-23,110.05,112.54,110.92,109.17,4221260.0,37694664.0
2014-04-22,108.68,111.17,110.67,108.68,4679028.0,41363088.0
2014-04-21,111.42,112.16,109.05,108.3,7254498.0,64104780.0
2014-04-18,111.67,112.91,112.78,110.42,8723268.0,78344680.0
2014-04-17,115.52,116.27,112.78,112.29,7712840.0,70666680.0
2014-04-16,112.16,116.52,114.53,111.54,10043949.0,92272384.0
2014-04-15,115.03,115.15,112.66,111.54,12174128.0,110311960.0
2014-04-14,115.4,118.39,116.89,113.78,11644114.0,108768744.0
2014-04-11,118.26,122.87,114.53,111.91,20578630.0,188935392.0
2014-04-10,124.61,126.11,119.51,113.53,23585532.0,226787408.0
2014-04-09,124.61,126.48,125.11,123.24,8479094.0,85061472.0
2014-04-08,127.1,129.34,125.36,122.99,13209971.0,132918464.0
2014-04-04,128.1,130.09,127.47,125.36,9454042.0,97100648.0
2014-04-03,127.6,135.69,129.72,124.36,23516084.0,242686528.0
2014-04-02,123.37,133.7,129.47,122.99,25551652.0,266548032.0
2014-04-01,117.76,124.98,123.37,117.76,18644720.0,183639616.0
2014-03-31,114.15,118.89,117.64,113.53,11976231.0,113122784.0
2014-03-28,116.77,118.39,115.77,112.16,17181036.0,159521408.0
2014-03-27,115.03,118.26,117.64,113.28,17933590.0,167789520.0
2014-03-26,112.66,116.27,115.52,112.41,9189794.0,84466752.0
2014-03-25,118.89,119.88,114.4,113.28,21449452.0,199971984.0
2014-03-24,113.03,121.38,118.64,111.91,32123060.0,301150848.0
2014-03-21,108.3,118.01,115.28,103.57,41532692.0,374704512.0
2014-03-20,103.08,113.28,111.79,103.08,54169452.0,483488672.0
2014-03-19,99.59,103.32,102.95,95.73,21888572.0,174742976.0
2014-03-18,100.71,103.08,99.84,98.84,20388836.0,164483728.0
2014-03-17,99.59,103.7,102.33,95.98,37463952.0,303186912.0
2014-03-14,94.36,94.36,94.36,94.36,2795596.0,21190618.0
2014-03-05,89.01,89.01,85.77,85.65,8384437.0,58308752.0
2014-03-04,90.38,90.88,88.01,86.77,10990346.0,77970032.0
2014-03-03,90.88,90.88,88.39,87.27,10042565.0,71272048.0
2014-02-28,87.14,90.88,90.88,86.02,7264866.0,51352792.0
2014-02-27,90.25,90.88,86.77,86.52,8700652.0,61779472.0
2014-02-26,87.27,91.0,90.13,85.9,14018681.0,100540736.0
2014-02-25,90.13,90.63,87.51,85.77,21053286.0,148181232.0
2014-02-24,100.21,100.21,90.63,90.5,23101040.0,169635824.0
2014-02-21,101.08,102.08,100.58,99.84,4673492.0,37886300.0
2014-02-20,103.82,104.07,101.33,101.21,6867160.0,56684904.0
2014-02-19,102.58,105.44,103.57,102.2,8381882.0,69929248.0
2014-02-18,104.44,106.06,103.32,102.58,12061945.0,101422520.0
2014-02-17,106.06,106.44,104.2,103.82,9584537.0,80392968.0
2014-02-14,104.57,106.56,106.06,102.08,8763722.0,73631088.0
2014-02-13,108.55,108.55,104.82,104.82,11196476.0,95731384.0
2014-02-12,108.8,109.17,108.93,107.06,8933139.0,77609992.0
2014-02-11,112.04,117.02,108.93,108.3,20064668.0,180633344.0
2014-02-10,110.79,112.78,112.04,110.3,11432948.0,102556072.0
2014-02-07,109.3,111.54,110.79,108.93,6064644.0,53673824.0
2014-01-30,110.55,112.66,112.54,109.05,8313790.0,74267960.0
2014-01-29,111.54,112.29,110.05,108.68,8034129.0,70844504.0
2014-01-28,113.91,113.91,111.54,109.67,7777955.0,69928664.0
2014-01-27,113.53,115.77,114.9,112.04,12840287.0,117346344.0
2014-01-24,112.66,118.89,116.89,111.04,24088112.0,223864560.0
2014-01-23,114.28,115.52,115.15,107.06,18281180.0,164035536.0
2014-01-22,103.57,114.03,110.3,103.08,17339212.0,153528512.0
2014-01-21,98.1,104.57,104.32,97.97,6485941.0,52212940.0
2014-01-20,101.58,102.2,97.97,96.48,4499976.0,35683076.0
2014-01-17,101.58,103.2,101.46,101.08,2879261.0,23598124.0
2014-01-16,101.71,102.33,101.71,100.83,2727952.0,22291090.0
2014-01-15,103.2,103.2,101.71,100.46,3098722.0,25252086.0
2014-01-14,102.7,104.94,103.08,102.08,3786517.0,31420710.0
2014-01-13,103.57,105.07,102.7,102.2,4276307.0,35473448.0
2014-01-10,104.82,105.44,104.57,100.46,7055292.0,58562044.0
2014-01-09,106.44,106.93,105.32,104.69,9915922.0,84306376.0
2014-01-08,110.55,111.42,105.19,104.69,8619596.0,74114680.0
2014-01-07,109.92,111.79,110.55,109.67,1573425.0,13984480.0
2014-01-06,114.65,114.65,110.55,110.3,4230474.0,37875576.0
2014-01-03,112.66,116.39,114.4,111.67,7663157.0,70360216.0
2014-01-02,115.03,116.15,112.66,111.91,8064020.0,73684920.0
2013-12-31,111.91,116.39,115.65,110.67,5433878.0,49736876.0
2013-12-30,115.15,115.4,112.66,111.91,4902027.0,44498652.0
2013-12-27,115.4,115.77,114.78,112.29,5971246.0,54951364.0
2013-12-26,119.88,119.88,115.28,114.65,3574269.0,33424830.0
2013-12-25,117.64,120.25,119.26,116.89,4912220.0,46617832.0
2013-12-24,118.14,120.88,118.89,116.39,5907073.0,56387128.0
2013-12-23,117.89,120.63,118.89,115.4,3485242.0,32719634.0
2013-12-20,119.88,120.38,118.01,114.9,6492876.0,61182656.0
2013-12-19,120.63,121.0,120.5,119.01,3768556.0,36370360.0
2013-12-18,121.0,121.87,120.5,120.25,2308133.0,22403938.0
2013-12-17,123.37,124.49,120.75,119.76,4673640.0,45654404.0
2013-12-16,126.73,127.72,124.11,122.12,3982825.0,39731040.0
2013-12-13,125.61,127.85,126.23,125.11,3151762.0,32107894.0
2013-12-12,124.49,127.85,125.73,124.49,3128010.0,31603216.0
2013-12-11,126.48,126.48,124.49,124.11,3468277.0,34846344.0
2013-12-10,124.49,126.73,126.6,124.24,4542964.0,45749668.0
2013-12-09,127.97,129.22,125.86,125.86,2566710.0,26149208.0
2013-12-06,128.72,129.59,128.22,126.85,3976755.0,40922512.0
2013-12-05,126.73,130.09,128.72,126.35,6315809.0,65319512.0
2013-12-04,126.85,130.46,127.72,124.49,10014062.0,102612456.0
2013-12-03,122.25,127.23,126.85,122.0,4014227.0,40064696.0
2013-12-02,124.86,125.73,122.12,122.0,5542888.0,55056612.0
2013-11-29,129.22,129.72,126.23,125.48,6787622.0,69339312.0
2013-11-28,125.61,130.34,129.34,124.74,13001883.0,133267512.0
2013-11-27,125.11,126.98,125.36,124.86,6052567.0,61000572.0
2013-11-26,125.36,125.98,125.61,124.49,3997934.0,40210256.0
2013-11-25,127.47,127.47,125.23,123.74,7675678.0,76933368.0
2013-11-22,128.84,129.47,128.22,127.97,2698089.0,27846208.0
2013-11-21,131.33,131.33,128.97,127.97,3706010.0,38481660.0
2013-11-20,132.83,133.82,132.08,130.96,3266163.0,34618808.0
2013-11-19,131.96,133.08,132.45,130.34,4478347.0,47407908.0
2013-11-18,126.98,132.95,132.21,126.48,7398626.0,77528144.0
2013-11-15,125.86,131.83,126.98,123.62,10591003.0,108885072.0
2013-11-14,128.22,129.09,125.73,123.24,3616311.0,36488244.0
2013-11-13,128.1,129.34,127.6,125.86,3269646.0,33456484.0
2013-11-12,125.61,129.97,127.97,125.48,2417621.0,24915352.0
2013-11-11,128.84,129.97,126.85,123.62,3754773.0,37908140.0
2013-11-08,130.84,133.82,128.84,128.84,2315851.0,24447468.0
2013-11-07,129.47,133.95,131.46,129.47,3134035.0,33188406.0
2013-11-06,136.31,139.68,134.07,133.82,5973782.0,65763384.0
2013-11-05,135.69,138.18,137.56,134.45,3729642.0,40961104.0
2013-11-04,134.82,137.68,137.56,131.96,8074255.0,87353752.0
2013-11-01,140.67,141.17,135.82,134.32,11072733.0,122264896.0
2013-10-31,128.84,135.94,135.94,128.22,8052411.0,87500720.0
2013-10-30,119.01,126.36,123.62,119.01,8428797.0,83930208.0
2013-10-29,127.6,127.85,118.89,118.26,6672999.0,65166112.0
2013-10-28,132.7,132.95,127.6,123.12,8817771.0,89403840.0
2013-10-25,136.81,137.31,131.96,130.71,4471939.0,47677564.0
2013-10-24,138.31,139.8,135.82,135.44,3570733.0,39460080.0
2013-10-23,138.8,141.04,138.43,138.18,4338570.0,48546200.0
2013-10-22,139.92,139.92,138.8,137.68,5158580.0,57409000.0
2013-10-21,139.8,140.67,140.42,136.69,8100336.0,89871568.0
2013-10-18,140.92,143.16,140.92,137.93,6378340.0,72326696.0
2013-10-17,134.82,141.42,140.3,134.82,13239069.0,147135440.0
2013-10-16,137.43,138.55,132.33,130.59,6910333.0,74569008.0
2013-10-15,138.93,140.67,137.56,136.94,6840373.0,75685936.0
2013-10-14,143.16,145.03,139.68,138.8,6482220.0,73301968.0
2013-10-11,140.67,142.79,142.41,139.18,6513768.0,73787168.0
2013-10-10,143.41,143.91,141.17,140.55,4575925.0,52226592.0
2013-10-09,144.41,144.41,143.16,140.55,5817359.0,66620712.0
2013-10-08,138.18,145.53,145.53,136.81,7587467.0,86135168.0
2013-09-30,139.3,141.29,140.05,137.81,3549499.0,39668508.0
2013-09-27,143.16,144.28,138.56,136.81,8294434.0,93232544.0
2013-09-26,146.9,148.64,143.78,141.04,9799415.0,113476552.0
2013-09-25,146.9,149.51,146.4,146.02,5110726.0,60553172.0
2013-09-24,151.63,151.75,146.27,145.65,9943705.0,117877384.0
2013-09-23,151.0,151.75,151.63,148.26,6207409.0,74663736.0
2013-09-18,149.63,151.5,150.38,148.14,3863146.0,46468908.0
2013-09-17,155.61,155.61,150.13,149.14,8529596.0,103438200.0
2013-09-16,160.59,161.83,155.98,150.88,8849538.0,111147512.0
2013-09-11,160.34,163.58,157.23,155.61,9466124.0,120428608.0
2013-09-10,156.85,160.09,160.09,156.48,8665465.0,109982448.0
2013-09-09,150.88,164.32,159.84,148.26,18654072.0,236316896.0
2013-09-06,154.12,154.99,149.88,147.52,13023758.0,156574192.0
2013-09-05,153.99,156.98,154.61,153.99,5063056.0,63054748.0
2013-09-04,158.72,162.33,155.61,154.37,8530851.0,107827856.0
2013-09-03,157.48,159.97,158.1,155.36,8868746.0,112111512.0
2013-09-02,154.99,161.59,154.37,151.75,4900214.0,61202012.0
2013-08-30,156.23,161.21,151.75,150.38,6110136.0,76662448.0
2013-08-29,159.47,160.84,157.23,156.6,5055108.0,64383312.0
2013-08-28,164.07,165.19,160.47,158.22,7405182.0,96124408.0
2013-08-27,157.73,164.82,164.57,157.48,8216124.0,106938920.0
2013-08-26,154.74,159.34,158.6,154.12,8270371.0,104463928.0
2013-08-23,158.22,159.34,156.36,152.87,4067009.0,50956156.0
2013-08-22,156.23,160.47,157.48,156.11,4531876.0,57612196.0
2013-08-21,158.1,159.34,156.11,154.74,7007764.0,87941344.0
2013-08-20,161.96,163.08,159.34,155.36,8500355.0,108639232.0
2013-08-19,161.83,163.45,162.58,158.85,8209957.0,106075424.0
2013-08-16,162.71,172.54,164.45,162.71,7494420.0,100379584.0
2013-08-15,170.3,173.78,164.57,164.32,6246077.0,84303456.0
2013-08-14,170.55,175.65,171.54,168.56,8162499.0,112786368.0
2013-08-13,163.33,170.55,170.55,163.33,11221301.0,151516160.0
2013-08-12,159.22,165.94,163.08,159.22,6993835.0,91802168.0
2013-08-09,158.22,164.07,159.47,158.1,4365110.0,56379220.0
2013-08-08,162.71,162.71,158.35,157.73,5823382.0,74652056.0
2013-08-07,162.46,172.79,163.08,161.71,15611410.0,209249312.0
2013-08-06,157.6,163.2,159.59,153.74,11743988.0,150114016.0
2013-08-05,154.24,162.46,160.34,153.24,8142152.0,103666568.0
2013-08-02,150.63,158.72,156.6,150.51,17157746.0,215499904.0
2013-08-01,143.16,149.38,147.39,141.67,8801992.0,104125784.0
2013-07-31,149.63,154.61,143.78,143.66,17338270.0,207756640.0
2013-07-30,140.3,145.65,140.55,139.18,9518454.0,108695880.0
2013-07-29,145.03,145.03,140.05,136.94,10301190.0,115538840.0
2013-07-26,147.52,149.63,145.9,144.53,4078330.0,48151008.0
2013-07-25,148.76,150.38,148.76,145.65,7804988.0,93100720.0
2013-07-24,154.12,154.12,149.76,143.16,14719787.0,175470816.0
2013-07-23,150.88,156.48,155.49,150.63,8278643.0,102710168.0
2013-07-22,150.38,154.37,150.63,144.41,7826633.0,93950464.0
2013-07-19,159.34,161.09,151.75,151.63,8332031.0,103910384.0
2013-07-18,165.44,167.69,159.84,159.09,11949023.0,157096512.0
2013-07-17,158.97,169.93,168.18,157.48,17245692.0,230470096.0
2013-07-16,161.83,163.95,161.83,156.36,14462013.0,185815456.0
2013-07-15,166.56,170.42,164.07,162.71,14248312.0,189027280.0
2013-07-12,169.3,172.17,167.69,164.95,6360455.0,85791232.0
2013-07-11,164.32,174.28,169.55,161.09,15600333.0,212132640.0
2013-07-10,152.25,164.07,160.96,149.51,8278999.0,104696040.0
2013-07-09,155.61,159.22,153.24,147.89,6588610.0,80281864.0
2013-07-08,155.61,163.08,155.61,153.37,6566134.0,83942296.0
2013-07-05,152.62,165.32,157.97,152.62,15904354.0,207056400.0
2013-07-04,143.28,158.1,154.74,143.16,11268209.0,139405568.0
2013-07-03,148.26,148.64,145.65,142.04,5122005.0,59677180.0
2013-07-02,145.65,150.01,148.89,145.4,5191883.0,61773936.0
2013-07-01,144.53,150.26,148.26,140.67,9626835.0,113050976.0
2013-06-28,143.16,150.88,147.52,141.29,17854280.0,210892592.0
2013-06-27,135.94,141.92,137.19,135.19,6709724.0,74520280.0
2013-06-26,130.71,136.44,134.69,129.09,8358652.0,89662592.0
2013-06-25,126.98,133.45,128.97,120.01,12776486.0,128850056.0
2013-06-24,146.27,146.27,133.33,133.33,12180051.0,133677952.0
2013-06-21,143.16,152.87,148.14,138.55,7363492.0,87495640.0
2013-06-20,153.74,161.71,149.14,148.76,8568184.0,106143224.0
2013-06-19,157.35,157.48,155.24,150.75,9597715.0,118989224.0
2013-06-18,144.41,158.85,158.85,143.53,9972714.0,120912288.0
2013-06-17,146.9,149.01,144.41,141.29,7275305.0,84723648.0
2013-06-14,142.04,151.38,145.65,142.04,6990282.0,82496256.0
2013-06-13,149.26,149.26,141.79,135.19,5451999.0,62144996.0
2013-06-07,153.0,156.11,150.01,148.89,5147945.0,62773052.0
2013-06-06,155.61,158.47,153.12,150.75,6252909.0,77578360.0
2013-06-05,153.74,158.6,156.85,153.74,5017411.0,62996268.0
2013-06-04,166.07,166.56,156.11,154.99,9388385.0,120013272.0
2013-06-03,163.95,169.93,163.45,161.83,10776326.0,144150144.0
2013-05-31,168.06,168.93,162.83,161.83,8711179.0,114995736.0
2013-05-30,166.94,170.92,169.3,161.83,13156326.0,175385328.0
2013-05-29,171.79,176.52,168.56,167.19,22805748.0,313197536.0
2013-05-28,151.13,166.94,166.94,150.63,24667892.0,314933376.0
2013-05-27,155.86,156.23,151.75,148.76,14299240.0,173486432.0
2013-05-24,151.88,156.11,154.99,150.63,8142905.0,100651376.0
2013-05-23,154.86,160.59,154.12,151.63,11967086.0,150123264.0
2013-05-22,158.1,160.96,156.48,154.61,13034909.0,164937120.0
2013-05-21,159.47,161.83,161.09,155.36,19103456.0,241991472.0
2013-05-20,158.1,165.07,162.33,154.99,29572928.0,379621568.0
2013-05-17,140.42,150.01,150.01,139.68,12553880.0,147711616.0
2013-05-16,124.11,136.31,136.31,121.0,12233035.0,129772072.0
2013-05-15,124.74,128.47,123.86,122.0,6852006.0,68440160.0
2013-05-14,128.47,128.47,125.11,123.99,3856900.0,39090484.0
2013-05-13,130.08,133.59,127.42,123.58,3891884.0,76911784.0
2013-05-10,128.91,131.32,130.02,127.55,2112016.0,41994992.0
2013-05-09,131.25,131.25,128.91,126.9,3262667.0,64606264.0
2013-05-08,135.93,138.99,131.97,130.99,3144552.0,64830780.0
2013-05-07,131.84,134.24,134.18,130.02,3727133.0,76006400.0
2013-05-06,131.19,135.22,132.03,127.42,4484157.0,90953312.0
2013-05-03,128.98,136.0,130.99,128.65,3631102.0,74058184.0
2013-05-02,123.71,129.24,128.65,122.28,2880160.0,56045456.0
2013-04-26,117.6,125.4,123.71,117.6,3505880.0,66539604.0
2013-04-25,119.81,120.98,119.62,117.15,2203775.0,40323628.0
2013-04-24,117.02,123.32,121.11,115.26,3650889.0,67945592.0
2013-04-23,126.77,127.68,117.02,116.24,6753117.0,124843712.0
2013-04-22,128.39,130.8,126.9,124.17,4304729.0,84336624.0
2013-04-19,129.89,131.64,129.5,128.2,5296029.0,105574840.0
2013-04-18,129.43,130.67,129.56,127.74,3255349.0,64926412.0
2013-04-17,128.46,132.29,129.63,125.99,4664751.0,92579448.0
2013-04-16,120.27,129.76,129.24,120.27,4827921.0,94180816.0
2013-04-15,122.22,124.17,122.87,118.32,3479380.0,65288824.0
2013-04-12,119.62,122.15,120.66,119.03,1708774.0,31729184.0
2013-04-11,120.07,121.24,119.49,118.38,2927148.0,54155604.0
2013-04-10,118.64,120.66,120.27,117.41,3301860.0,60566484.0
2013-04-09,110.64,118.32,118.32,110.39,5647103.0,100086728.0
2013-04-08,114.48,114.48,110.19,109.54,4803677.0,82668824.0
2013-04-03,115.91,118.64,117.21,113.77,3253009.0,58292752.0
2013-04-02,109.86,116.95,116.89,108.76,6681980.0,118192968.0
2013-04-01,107.27,115.13,109.93,107.27,4390894.0,74935560.0
2013-03-29,106.61,107.59,106.61,104.01,2168360.0,35157876.0
2013-03-28,106.36,108.44,106.61,103.75,1668736.0,27277328.0
2013-03-27,103.36,108.44,108.24,102.06,3497997.0,57402088.0
2013-03-26,103.1,107.78,103.36,102.45,3271843.0,53230060.0
2013-03-25,103.82,104.6,103.1,102.0,1295092.0,20507740.0
2013-03-22,104.86,105.25,103.82,103.1,1710571.0,27301258.0
2013-03-21,106.09,108.31,104.34,102.84,3074504.0,49403364.0
2013-03-20,101.8,106.36,106.09,101.09,3369184.0,54482484.0
2013-03-19,95.95,102.71,101.74,95.95,2632982.0,40439732.0
2013-03-18,95.56,98.81,96.28,94.39,1778628.0,26590662.0
2013-03-15,100.57,102.19,97.38,95.82,5052672.0,76114392.0
2013-03-14,100.11,103.04,101.54,99.85,1802696.0,28335778.0
2013-03-13,102.58,103.95,101.35,98.49,2848235.0,44015688.0
2013-03-12,102.71,107.14,103.17,102.39,1980651.0,31851292.0
2013-03-11,103.36,106.29,104.53,99.92,2476163.0,39438104.0
2013-03-08,104.73,105.64,104.01,100.89,3682014.0,58526108.0
2013-03-07,105.25,107.85,105.97,102.06,4113613.0,66277912.0
2013-03-06,108.56,108.95,106.29,104.66,4257060.0,70181936.0
2013-03-05,101.48,109.02,107.59,101.48,6263534.0,101023640.0
2013-03-04,113.12,113.12,108.44,108.44,2694629.0,45112676.0
2013-03-01,118.38,121.5,120.46,117.08,4493075.0,82398560.0
2013-02-28,116.24,120.92,118.32,115.2,6534390.0,119222928.0
2013-02-27,109.41,116.04,115.07,109.22,6430712.0,112411136.0
2013-02-26,106.55,110.32,109.41,105.12,4092749.0,68679056.0
2013-02-25,107.59,108.89,107.14,105.31,3007378.0,49591780.0
2013-02-22,107.07,110.06,108.24,104.73,2858190.0,47438708.0
2013-02-21,108.56,110.64,108.11,104.99,6312504.0,105495216.0
2013-02-20,102.97,107.59,107.27,102.91,3963133.0,64410736.0
2013-02-19,108.5,108.56,104.6,100.76,8244201.0,131501792.0
2013-02-18,113.64,115.0,108.76,108.37,6590063.0,111510176.0
2013-02-08,111.36,114.68,113.31,109.93,5108104.0,87813640.0
2013-02-07,111.81,111.81,110.84,107.98,4675877.0,78970352.0
2013-02-06,113.64,114.68,112.01,111.03,6260368.0,108023168.0
2013-02-05,107.39,115.39,115.33,107.39,7488544.0,128589376.0
2013-02-04,116.04,116.04,110.39,106.55,12901513.0,217920608.0
2013-02-01,115.65,118.64,116.69,112.73,6576238.0,116919328.0
2013-01-31,124.1,125.08,115.2,114.42,8999271.0,164461328.0
2013-01-30,124.49,126.12,124.23,122.41,4746309.0,90489912.0
2013-01-29,124.95,127.42,125.14,123.19,5221401.0,100260248.0
2013-01-28,118.84,126.64,125.79,118.45,5840178.0,109704904.0
2013-01-25,116.76,119.49,118.84,114.55,4276100.0,77434192.0
2013-01-24,114.03,118.25,117.02,113.44,4531306.0,80855056.0
2013-01-23,117.34,118.97,114.09,112.99,4281919.0,76064712.0
2013-01-22,116.63,119.49,117.6,114.94,4253620.0,76572544.0
2013-01-21,118.58,123.39,116.89,116.69,6910509.0,127449720.0
2013-01-18,108.89,117.8,116.89,108.89,5281433.0,92744872.0
2013-01-17,109.08,111.23,108.76,107.27,3288275.0,55472192.0
2013-01-16,109.8,111.36,109.61,107.27,3478509.0,58459456.0
2013-01-15,107.46,111.49,110.52,105.97,4655595.0,78561096.0
2013-01-14,107.27,110.32,107.92,103.04,6983744.0,115339408.0
2013-01-11,107.27,109.8,105.19,104.47,6134375.0,100858832.0
2013-01-10,98.1,106.61,106.36,98.03,7276406.0,115358488.0
2013-01-09,99.46,100.31,98.03,97.64,3493421.0,53161296.0
2013-01-08,101.22,101.67,100.37,97.19,4335602.0,66242888.0
2013-01-07,101.09,101.93,101.28,98.81,3315269.0,51033756.0
2013-01-04,101.41,105.25,101.41,98.49,4814224.0,75507024.0
2012-12-31,100.24,102.91,100.76,98.49,4905779.0,76436400.0
2012-12-28,99.07,100.57,100.11,96.86,4905244.0,74723392.0
2012-12-27,100.18,100.76,99.07,96.93,4295530.0,64997392.0
2012-12-26,99.07,101.54,100.18,98.49,4958990.0,76331632.0
2012-12-25,96.86,100.37,99.07,95.89,8634243.0,130608416.0
2012-12-24,91.34,96.67,96.67,91.34,4958502.0,72118904.0
2012-12-21,94.26,97.51,92.25,92.18,7289095.0,106530952.0
2012-12-20,89.32,94.33,94.13,88.15,8283217.0,117012456.0
2012-12-19,86.92,90.04,89.71,83.86,8051125.0,107557984.0
2012-12-18,88.74,93.29,86.98,86.53,7657218.0,104388688.0
2012-12-17,93.74,96.73,89.97,89.97,9894617.0,141074192.0
2012-12-14,90.75,94.0,93.74,89.78,8620759.0,123411344.0
2012-12-13,90.88,93.29,90.75,89.19,5436574.0,76702048.0
2012-12-12,91.47,91.92,91.01,89.39,4948064.0,68927336.0
2012-12-11,86.98,92.05,91.99,85.23,7286166.0,99966672.0
2012-12-10,86.2,88.61,87.44,84.06,5513042.0,73097264.0
2012-12-07,86.27,88.74,86.2,83.41,4888363.0,64191448.0
2012-12-06,87.11,88.41,86.4,84.58,2784785.0,37135272.0
2012-12-05,82.5,89.58,87.05,81.98,5445478.0,72732544.0
2012-12-04,82.11,83.54,83.54,79.05,4022200.0,50690892.0
2012-12-03,79.96,86.2,83.08,79.96,6434073.0,83062920.0
2012-11-30,74.95,81.72,80.29,74.95,4555561.0,55772448.0
2012-11-29,76.39,77.3,76.71,75.47,4909951.0,57778644.0
2012-11-28,76.91,77.56,75.41,73.14,5513044.0,64042556.0
2012-11-27,76.91,78.99,78.08,74.83,4529298.0,53534688.0
2012-11-26,79.83,81.78,78.01,76.39,6818683.0,82357432.0
2012-11-23,80.29,83.47,80.94,80.29,4009118.0,50359776.0
2012-11-22,83.21,83.86,80.94,80.29,5001426.0,63226716.0
2012-11-21,82.56,84.38,83.86,80.74,6619503.0,84305608.0
2012-11-20,78.53,84.06,83.21,77.82,8314244.0,104379112.0
2012-11-19,75.73,79.12,78.53,73.98,4324644.0,50676100.0
2012-11-16,75.61,77.56,75.73,74.11,4127161.0,48009588.0
2012-11-15,76.65,79.64,76.78,75.41,4356450.0,52093084.0
2012-11-14,76.39,78.53,76.71,74.83,2739011.0,32315432.0
2012-11-13,80.55,80.55,77.17,77.17,6820984.0,82706376.0
2012-11-12,78.01,81.07,81.0,76.91,7609319.0,92824104.0
2012-11-09,75.41,80.29,77.69,75.15,5890384.0,70317096.0
2012-11-08,74.69,81.13,76.13,74.11,7325649.0,87986384.0
2012-11-07,75.41,76.0,75.34,73.33,4755969.0,54810520.0
2012-11-06,74.76,76.58,75.87,73.2,5832223.0,67082872.0
2012-11-05,76.84,77.69,76.58,72.29,7591625.0,87937872.0
2012-11-02,77.36,79.83,77.69,75.86,6540503.0,77983408.0
2012-11-01,70.53,77.82,77.23,70.53,9632587.0,111796216.0
2012-10-31,70.21,72.48,71.51,69.23,3050659.0,33419986.0
2012-10-30,67.02,73.66,70.21,66.57,5525730.0,60527772.0
2012-10-29,65.59,67.02,66.96,64.68,853380.0,8662026.0
2012-10-26,65.98,67.41,66.11,64.36,1902105.0,19223056.0
2012-10-25,68.13,68.52,65.98,65.79,1265949.0,13065571.0
2012-10-24,68.78,69.75,68.06,66.96,2296657.0,24157568.0
2012-10-23,68.19,70.73,69.56,67.28,5825008.0,62386020.0
2012-10-22,66.24,69.69,68.97,64.03,9167111.0,94863304.0
2012-10-19,65.59,69.23,67.09,65.59,4804710.0,50069816.0
2012-10-18,63.71,66.63,65.98,63.71,2646693.0,26711202.0
2012-10-17,64.81,64.81,63.45,63.45,462720.0,4551751.0
2012-10-16,63.71,65.33,64.36,62.8,1979052.0,19552820.0
2012-10-15,64.55,66.05,64.36,64.23,2621245.0,26237660.0
2012-10-12,62.86,64.55,63.71,62.86,1511999.0,14880053.0
2012-10-11,63.38,63.71,62.54,62.02,433970.0,4179655.0
2012-10-10,63.45,63.71,63.38,62.73,458576.0,4441557.0
2012-10-09,62.34,64.03,63.45,62.28,2196662.0,21423890.0
2012-10-08,63.06,63.58,61.82,61.76,850625.0,8141226.0
2012-09-28,61.63,63.71,63.45,59.87,2586537.0,24948490.0
2012-09-27,58.83,61.76,61.56,58.64,2553366.0,23568592.0
2012-09-26,59.03,60.39,59.16,59.03,1519049.0,13971941.0
2012-09-25,59.81,60.13,59.16,58.18,616021.0,5593204.0
2012-09-24,59.48,59.81,59.81,58.7,291024.0,2665327.0
2012-09-21,59.48,60.78,59.48,58.7,588422.0,5407886.0
2012-09-20,62.41,62.41,60.07,59.68,462077.0,4297809.0
2012-09-19,60.26,61.37,60.52,60.2,631237.0,5890736.0
2012-09-18,59.22,60.78,60.26,58.7,1862457.0,17238662.0
2012-09-17,61.89,61.89,59.29,58.96,4755536.0,43459372.0
2012-09-14,63.64,64.1,61.89,61.11,4009178.0,38136412.0
2012-09-13,63.38,64.88,63.77,63.06,3245035.0,31990520.0
2012-09-12,62.93,64.68,63.06,62.93,2055028.0,20114778.0
2012-09-11,62.47,63.64,62.93,61.82,1740770.0,16813028.0
2012-09-10,60.72,63.71,62.41,60.65,4912574.0,47360968.0
2012-09-07,59.94,61.95,60.98,59.94,2531952.0,23713600.0
2012-09-06,59.87,60.78,59.94,59.87,751623.0,6981902.0
2012-09-05,59.55,60.98,59.81,58.51,2036676.0,18898592.0
2012-09-04,59.68,60.65,59.61,58.51,2645656.0,24388906.0
2012-09-03,57.73,59.74,59.48,57.08,2022672.0,18414034.0
2012-08-31,55.91,57.79,57.21,55.91,1084581.0,9520986.0
2012-08-30,54.93,57.21,55.65,54.93,1471438.0,12698635.0
2012-08-29,53.7,55.39,54.74,53.7,1024778.0,8631868.0
2012-08-28,55.45,56.17,53.89,52.72,3693773.0,30680094.0
2012-08-27,57.08,57.08,55.84,55.32,2737477.0,23663668.0
2012-08-24,57.47,58.31,57.08,57.08,1003390.0,8897015.0
2012-08-23,55.91,57.86,57.86,55.91,844782.0,7440077.0
2012-08-22,57.4,58.38,56.36,56.3,1673090.0,14763303.0
2012-08-21,56.75,57.79,56.88,56.69,2505275.0,22005554.0
2012-08-20,57.92,58.51,56.75,56.43,6333395.0,55694804.0
2012-08-17,58.7,58.9,58.9,57.73,552237.0,4968002.0
2012-08-16,58.57,59.48,58.77,58.05,644497.0,5814948.0
2012-08-15,59.68,60.13,59.22,58.7,758028.0,6927420.0
2012-08-14,59.48,60.59,60.59,56.88,3987727.0,36009924.0
2012-08-13,63.25,63.25,59.48,58.51,4954678.0,45645020.0
2012-08-10,64.75,65.72,63.38,61.89,3579560.0,34753688.0
2012-08-09,64.68,66.24,65.79,64.68,2618865.0,26404970.0
2012-08-08,63.06,65.53,65.46,62.67,4030441.0,40161924.0
2012-08-07,63.9,64.36,63.12,62.73,1406810.0,13753863.0
2012-08-06,61.24,64.55,63.97,61.24,4011528.0,39133220.0
2012-08-03,59.16,62.99,62.34,59.16,3744993.0,35517292.0
2012-08-02,62.8,64.1,59.61,58.57,4832493.0,46135804.0
2012-08-01,59.81,62.73,62.54,58.51,3913702.0,37316448.0
2012-07-31,59.55,60.59,58.9,58.51,688501.0,6286645.0
2012-07-30,59.09,59.81,59.42,58.18,873983.0,7904356.0
2012-07-27,60.13,60.78,59.09,58.44,1684264.0,15311851.0
2012-07-26,56.88,61.5,60.13,56.88,4138151.0,38291640.0
2012-07-25,56.04,58.18,57.4,56.04,1606101.0,14223005.0
2012-07-24,56.56,59.16,57.99,55.26,5803939.0,51485828.0
2012-07-23,54.28,55.71,54.93,50.9,2903797.0,24191462.0
2012-07-20,52.66,54.74,54.41,52.4,2155174.0,17989466.0
2012-07-19,52.72,53.83,53.57,52.33,2316385.0,18891080.0
2012-07-18,54.93,55.65,52.66,52.27,7252119.0,59549708.0
2012-07-17,54.8,56.69,55.58,53.57,1904675.0,16195466.0
2012-07-16,57.92,58.44,55.39,54.74,2077431.0,17977270.0
2012-07-13,58.38,58.51,58.38,57.53,926102.0,8301005.0
2012-07-12,56.75,58.51,58.38,56.75,1834589.0,16342033.0
2012-07-11,57.27,58.64,57.4,56.88,2266042.0,20204518.0
2012-07-10,59.87,60.98,57.4,57.4,5089503.0,45858860.0
2012-07-09,61.39,61.84,60.81,59.45,3031114.0,28642560.0
2012-07-06,62.23,62.23,61.71,60.48,1682103.0,15966912.0
2012-07-05,61.58,61.58,60.61,60.16,1011631.0,9475463.0
2012-07-04,62.43,62.43,61.58,60.81,804164.0,7647516.0
2012-07-03,59.38,62.75,62.23,58.86,4404258.0,41515444.0
2012-07-02,60.29,60.55,60.22,58.21,2696834.0,24901176.0
2012-06-28,60.29,60.87,58.86,58.02,1797553.0,16443387.0
2012-06-27,57.7,60.03,59.9,57.7,2004345.0,18321786.0
2012-06-26,57.56,59.06,58.41,57.24,4164416.0,37599480.0
2012-06-25,61.0,61.0,57.95,57.63,5195032.0,47041336.0
2012-06-21,60.29,61.97,61.26,59.19,2949557.0,27883000.0
2012-06-20,61.45,61.45,60.48,59.83,1021510.0,9531888.0
2012-06-19,59.38,61.91,60.61,59.38,3542446.0,33308738.0
2012-06-18,59.64,60.81,59.7,59.31,1160823.0,10713110.0
2012-06-15,60.22,61.13,59.38,58.34,2727306.0,25183090.0
2012-06-14,60.94,61.2,59.96,59.7,1553151.0,14529498.0
2012-06-13,60.55,61.58,60.87,60.03,1610855.0,15139450.0
2012-06-12,60.29,61.58,60.55,59.31,2266585.0,21252668.0
2012-06-11,58.21,60.81,60.48,56.79,2340365.0,21483492.0
2012-06-08,59.96,60.55,58.21,57.95,2670878.0,24331898.0
2012-06-07,57.82,60.81,58.54,57.24,2891101.0,26406254.0
2012-06-06,57.24,57.82,57.18,56.4,2898082.0,25582994.0
2012-06-05,58.8,59.31,57.05,56.07,5033772.0,44366040.0
2012-06-04,60.94,60.94,58.86,58.15,1825835.0,16817668.0
2012-06-01,62.1,62.56,61.26,61.06,1328747.0,12606707.0
2012-05-31,61.91,63.01,62.04,60.68,2935539.0,28046618.0
2012-05-30,59.64,62.69,62.23,59.64,5293379.0,50422440.0
2012-05-29,59.77,60.61,59.7,59.12,3588791.0,33232168.0
2012-05-28,58.99,59.96,59.83,57.44,2428043.0,22121600.0
2012-05-25,57.05,59.57,58.99,56.85,5668198.0,51534424.0
2012-05-24,58.34,58.99,57.11,57.05,1420067.0,12686830.0
2012-05-23,57.5,59.12,58.34,57.05,2060218.0,18521204.0
2012-05-22,54.78,58.02,57.5,54.78,1723744.0,15260872.0
2012-05-21,56.07,56.4,55.1,54.13,677289.0,5763231.0
2012-05-18,56.85,56.85,56.07,55.49,904689.0,7841601.0
2012-05-17,56.92,57.05,56.72,56.2,906620.0,7919476.0
2012-05-16,56.46,57.5,56.46,55.75,1668568.0,14567464.0
2012-05-15,56.4,57.7,57.05,55.17,2840025.0,24801158.0
2012-05-14,55.17,57.05,56.59,54.19,8293960.0,71957368.0
2012-05-10,55.55,56.01,53.8,53.8,1638583.0,13826658.0
2012-05-09,57.05,57.05,55.55,55.55,2500042.0,21570844.0
2012-05-08,58.67,58.67,57.56,56.72,2872276.0,25452332.0
2012-05-07,56.72,58.47,58.34,56.4,2549687.0,22666640.0
2012-05-04,56.53,57.05,56.98,56.01,2958883.0,25821510.0
2012-05-03,56.72,57.5,56.98,56.4,2045832.0,17915990.0
2012-05-02,58.34,58.99,57.7,56.85,3496074.0,31212674.0
2012-04-27,59.06,59.31,58.08,57.7,2961308.0,26542190.0
2012-04-26,58.67,59.83,58.93,58.08,5101997.0,46554804.0
2012-04-25,55.55,58.8,58.6,55.55,7329661.0,65345704.0
2012-04-24,56.4,57.63,55.55,54.78,2262147.0,19479576.0
2012-04-23,58.34,58.34,56.72,56.2,4176351.0,36532208.0
2012-04-20,56.66,58.8,58.54,55.75,5311520.0,46952924.0
2012-04-19,58.41,58.8,57.7,57.56,2301131.0,20604786.0
2012-04-18,56.33,58.99,58.67,56.01,3686533.0,33102664.0
2012-04-17,57.7,57.95,56.4,55.81,1967595.0,17149630.0
2012-04-16,57.11,57.95,57.7,56.4,2336462.0,20677212.0
2012-04-13,58.41,58.86,57.7,57.56,2484350.0,22189544.0
2012-04-12,56.33,58.6,58.41,56.33,6073622.0,54264648.0
2012-04-11,54.65,58.99,57.05,54.39,8920074.0,78924296.0
2012-04-10,53.48,54.65,54.65,52.51,3473742.0,28658308.0
2012-04-09,53.16,53.55,53.16,52.31,1526626.0,12508546.0
2012-04-06,53.03,54.32,53.22,52.83,2219074.0,18328416.0
2012-04-05,52.7,53.61,53.61,52.25,3352174.0,27410710.0
2012-03-30,52.7,53.03,52.38,51.41,2507610.0,20202392.0
2012-03-29,50.69,53.22,52.44,49.33,6627982.0,53375172.0
2012-03-28,49.53,51.28,50.69,49.53,2497299.0,19430142.0
2012-03-27,50.24,51.21,49.92,49.72,976889.0,7610954.0
2012-03-26,49.72,50.5,50.05,49.72,1236430.0,9526520.0
2012-03-23,50.05,50.69,50.56,49.66,1478082.0,11436721.0
2012-03-22,50.17,51.08,50.56,49.59,1332922.0,10377306.0
2012-03-21,50.89,51.34,50.37,48.62,1502537.0,11687473.0
2012-03-20,51.34,51.54,50.5,50.3,2088810.0,16456894.0
2012-03-19,49.92,51.21,50.76,49.27,2307929.0,18019842.0
2012-03-16,47.91,50.95,49.2,47.91,2951242.0,22524164.0
2012-03-15,49.91,50.24,47.91,47.06,3079294.0,22950854.0
2012-03-14,52.44,53.48,50.24,49.66,3620186.0,29107384.0
2012-03-13,51.73,53.03,52.05,51.73,1892254.0,15248461.0
2012-03-12,53.03,53.87,51.67,51.47,3045976.0,24575394.0
2012-03-09,53.87,53.94,53.16,52.96,1737713.0,14253903.0
2012-03-08,52.38,54.45,53.55,52.38,2833909.0,23485020.0
2012-03-07,52.64,53.03,51.92,51.86,2049948.0,16586311.0
2012-03-06,53.74,54.13,53.29,52.44,2370173.0,19437494.0
2012-03-05,53.16,55.1,54.13,53.16,5105970.0,42560956.0
2012-03-02,50.56,54.19,52.9,50.17,10225334.0,83443040.0
2012-03-01,49.4,51.21,50.89,49.07,3404414.0,26436494.0
2012-02-29,50.3,50.82,49.46,48.81,3990498.0,30630564.0
2012-02-28,50.63,51.6,50.69,49.27,2652871.0,20628472.0
2012-02-27,50.95,51.99,50.76,50.5,3900444.0,30869626.0
2012-02-24,50.3,52.44,51.34,49.46,5054148.0,39935816.0
2012-02-23,50.69,51.08,50.24,48.94,3094168.0,23900900.0
2012-02-22,47.26,52.51,50.76,47.26,8364269.0,65316100.0
2012-02-21,45.64,48.42,47.97,45.38,5086801.0,36931956.0
2012-02-20,46.35,47.0,46.87,45.38,5588136.0,39843400.0
2012-02-17,44.08,45.38,45.25,43.69,4439887.0,30685356.0
2012-02-16,44.08,44.53,43.89,43.37,1985873.0,13475388.0
2012-02-15,42.78,44.66,44.53,42.46,4787439.0,32317674.0
2012-02-14,43.11,43.37,42.91,42.01,1585952.0,10447397.0
2012-02-13,41.88,43.11,43.11,40.65,3115305.0,20214516.0
2012-02-10,43.24,45.64,42.85,42.14,5453674.0,36830312.0
2012-02-09,41.55,43.69,42.91,41.29,4034943.0,26626824.0
2012-02-08,41.29,41.68,41.55,40.65,1615161.0,10258138.0
2012-02-07,41.36,41.49,40.97,40.65,1000976.0,6330658.0
2012-02-06,41.94,42.01,41.75,41.36,1392616.0,8952052.0
2012-02-03,41.49,41.81,41.81,41.16,1252874.0,8029290.0
2012-02-02,41.36,41.81,41.55,40.84,1406366.0,8969188.0
2012-02-01,41.88,42.27,41.36,40.91,894785.0,5751612.0
2012-01-31,40.58,42.4,42.14,40.39,1722111.0,11008387.0
2012-01-30,41.94,42.66,40.52,40.26,1664968.0,10547295.0
2012-01-20,41.81,42.66,41.94,41.23,2232041.0,14447680.0
2012-01-19,39.93,41.88,41.81,39.67,2565448.0,16267668.0
2012-01-18,40.19,40.52,39.8,39.54,1040767.0,6436526.0
2012-01-17,38.25,40.52,40.19,37.6,1682633.0,10090968.0
2012-01-16,39.61,40.71,38.25,37.66,1514629.0,9193968.0
2012-01-13,40.84,42.01,40.19,39.67,902306.0,5632198.0
2012-01-12,41.03,43.04,41.36,40.45,1602207.0,10334924.0
2012-01-11,41.42,41.68,41.23,40.65,851425.0,5397764.0
2012-01-10,39.67,41.49,41.29,39.02,1102462.0,6921706.0
2012-01-09,38.64,39.74,39.67,37.92,890785.0,5350893.0
2012-01-06,39.35,39.35,38.25,36.95,1319581.0,7688155.0
2012-01-05,39.54,40.13,38.96,38.57,1073515.0,6518613.0
2012-01-04,41.1,41.62,39.74,39.54,1391995.0,8764158.0
