date,open,high,close,low,volume,amount
2015-07-07,302.7,302.7,279.9,279.9,38743876.0,855637440.0
2015-07-06,363.3,363.3,311.03,297.2,54096640.0,1373515264.0
2015-07-03,345.87,372.26,330.25,330.25,40472520.0,1079592704.0
2015-07-02,420.05,422.74,366.88,365.73,39772276.0,1227587584.0
2015-07-01,436.83,454.76,405.7,404.67,35985232.0,1227456896.0
2015-06-30,412.1,451.3,449.64,374.31,43087452.0,1400729856.0
2015-06-29,471.29,473.98,415.69,410.95,43658148.0,1509815936.0
2015-06-26,493.19,506.13,456.55,456.55,37584720.0,1398096256.0
2015-06-25,518.81,531.37,507.28,498.06,36324012.0,1461884288.0
2015-06-24,525.86,544.05,528.29,508.69,60929736.0,2503305728.0
2015-06-23,490.63,501.0,501.0,471.41,40838380.0,1577438080.0
2015-06-19,468.98,493.06,455.4,454.76,22863082.0,849393344.0
2015-06-18,512.41,514.97,485.5,481.15,24647492.0,960314816.0
2015-06-17,522.53,528.55,515.1,486.79,32197942.0,1275283968.0
2015-06-16,540.97,556.22,522.65,514.71,27013602.0,1134722688.0
2015-06-15,562.37,568.77,547.89,544.43,34061392.0,1476592512.0
2015-06-12,554.04,563.26,557.24,549.3,38551816.0,1671780608.0
2015-06-11,549.3,559.55,549.55,545.71,48877420.0,2101199488.0
2015-06-10,572.61,574.28,562.49,543.92,95586288.0,4157442048.0
2015-06-09,634.1,634.36,604.38,599.77,34159336.0,1641843072.0
2015-06-08,613.35,640.51,637.56,602.97,50876124.0,2488865536.0
2015-06-05,616.17,637.95,613.09,595.54,45318564.0,2188925184.0
2015-06-04,584.01,608.48,601.44,548.4,39649344.0,1826644992.0
2015-06-03,579.91,601.95,584.01,578.51,41204416.0,1888179712.0
2015-06-02,566.21,577.74,577.48,554.42,37320376.0,1648236800.0
2015-06-01,550.84,584.91,575.05,542.89,39922648.0,1743802752.0
2015-05-29,571.59,583.5,548.02,529.06,29109528.0,1265579136.0
2015-05-28,630.39,630.64,567.23,566.98,40940400.0,1932038016.0
2015-05-27,640.51,647.94,630.0,621.55,33267132.0,1650817152.0
2015-05-26,617.71,652.04,642.17,599.26,55257160.0,2695244544.0
2015-05-25,611.94,636.79,615.91,606.05,42693692.0,2070884480.0
2015-05-22,583.89,615.14,601.82,583.89,42667956.0,2005010688.0
2015-05-21,577.61,586.83,580.94,572.1,21599190.0,973396864.0
2015-05-20,583.76,595.54,579.02,576.71,36104400.0,1646069888.0
2015-05-19,559.55,612.2,594.77,557.11,46581652.0,2137186176.0
2015-05-18,550.84,569.54,557.11,541.87,27591852.0,1197368704.0
2015-05-15,574.15,576.2,558.65,556.6,22777854.0,1000931328.0
2015-05-14,600.28,602.72,580.3,576.46,29701896.0,1352305280.0
2015-05-13,613.48,614.89,593.24,592.34,32009528.0,1499270656.0
2015-05-12,604.51,641.79,617.83,593.75,41563436.0,2012179712.0
2015-05-11,595.67,613.22,609.76,585.42,29278148.0,1371727232.0
2015-05-08,585.42,589.27,585.42,563.65,23078596.0,1035520448.0
2015-05-07,562.37,579.66,572.61,562.37,19012220.0,847374080.0
2015-05-06,573.38,595.67,562.49,558.78,24995604.0,1125695360.0
2015-05-05,588.12,607.84,567.49,561.73,25380462.0,1166889984.0
2015-05-04,602.08,602.08,589.52,577.87,17635336.0,811966016.0
2015-04-30,611.04,618.48,603.36,602.08,19409010.0,924732096.0
2015-04-29,602.85,617.19,608.74,597.85,20692760.0,977569152.0
2015-04-28,618.99,633.85,611.04,608.74,30440004.0,1473611520.0
2015-04-27,620.4,633.98,620.4,605.92,32271586.0,1555703936.0
2015-04-24,630.26,639.23,619.88,614.89,31463434.0,1531338880.0
2015-04-23,666.26,681.88,647.94,643.97,39149528.0,2017250048.0
2015-04-22,636.66,678.94,663.18,627.7,48397464.0,2456394496.0
2015-04-21,612.33,653.19,637.05,605.92,30668932.0,1524261376.0
2015-04-20,657.16,657.16,607.2,602.08,33906760.0,1659520128.0
2015-04-17,625.13,655.24,647.42,620.01,38525912.0,1933775616.0
2015-04-16,609.51,640.0,623.86,609.25,26487164.0,1292260096.0
2015-04-15,627.7,650.63,602.08,602.08,31550772.0,1552868352.0
2015-04-14,640.51,678.81,654.98,621.55,49881688.0,2513491712.0
2015-04-13,685.34,706.74,668.69,650.12,66183100.0,3501267456.0
2015-04-10,645.89,664.59,648.71,633.46,54726836.0,2771182592.0
2015-04-09,666.13,682.01,663.44,626.93,94767288.0,4925290496.0
2015-04-08,599.51,620.01,620.01,580.56,55070808.0,2622510592.0
2015-04-07,529.06,563.65,563.65,520.09,58515712.0,2500442112.0
2015-04-03,502.8,519.96,512.41,499.6,27440896.0,1096289280.0
2015-04-02,516.63,521.12,505.75,498.31,27252848.0,1081014400.0
2015-04-01,507.28,526.24,515.74,499.98,27247382.0,1088982528.0
2015-03-31,514.97,542.25,507.03,505.75,34090144.0,1390764288.0
2015-03-30,503.44,520.22,511.12,493.19,27450100.0,1090677632.0
2015-03-27,490.63,512.53,502.8,490.63,24471548.0,965147584.0
2015-03-26,493.19,514.33,495.75,482.94,26657340.0,1038581504.0
2015-03-25,506.26,538.67,504.72,504.08,33924872.0,1365814272.0
2015-03-24,524.83,524.83,504.72,490.63,41162084.0,1630979072.0
2015-03-23,487.81,521.12,521.12,487.81,53301232.0,2118409472.0
2015-03-20,462.57,504.08,483.07,457.32,58329408.0,2188498944.0
2015-03-19,467.57,470.13,458.35,454.89,29935574.0,1077296384.0
2015-03-18,466.8,476.54,465.39,461.17,38096964.0,1386618368.0
2015-03-17,461.42,472.44,466.93,455.02,43540544.0,1576060416.0
2015-03-16,447.07,454.76,450.92,435.55,29974804.0,1045929792.0
2015-03-13,445.15,461.04,439.64,434.9,28166736.0,981355648.0
2015-03-12,434.26,445.15,437.85,428.12,27450304.0,936464384.0
2015-03-11,424.01,439.13,432.98,423.5,23135032.0,781986496.0
2015-03-10,419.4,434.65,425.17,413.89,25060798.0,827402432.0
2015-03-09,420.94,425.55,421.58,397.63,31864268.0,1029129856.0
2015-03-06,449.38,456.68,434.65,434.13,22415568.0,776139648.0
2015-03-05,444.0,463.73,450.92,435.55,29407554.0,1037012928.0
2015-03-04,448.36,453.48,448.1,438.24,25196292.0,878724352.0
2015-03-03,462.32,462.32,445.67,441.95,38136360.0,1339169408.0
2015-03-02,471.29,477.31,466.16,458.6,37327260.0,1364174080.0
2015-02-27,457.32,475.64,458.48,455.14,32088984.0,1165738624.0
2015-02-26,437.47,469.62,460.14,437.47,37658728.0,1340967424.0
2015-02-25,474.36,474.36,436.83,434.26,36495664.0,1279552000.0
2015-02-17,462.19,496.91,470.64,462.06,41899156.0,1564533376.0
2015-02-16,459.76,468.47,459.88,450.92,46613908.0,1672266496.0
2015-02-13,424.02,460.52,453.99,416.33,71003648.0,2483697152.0
2015-02-12,418.0,426.45,418.64,408.77,27857682.0,911289152.0
2015-02-11,395.83,426.19,419.66,394.3,35341432.0,1136639872.0
2015-02-10,391.09,405.57,395.71,386.87,22652704.0,701811456.0
2015-02-09,383.02,400.83,391.99,379.05,28029288.0,858263168.0
2015-02-06,387.12,402.24,383.02,378.54,25422820.0,770754048.0
2015-02-05,414.54,415.05,396.99,391.35,31672144.0,1000892992.0
2015-02-04,415.05,420.17,399.42,396.99,25825824.0,822561856.0
2015-02-03,404.8,417.87,415.05,391.99,30871236.0,980595328.0
2015-02-02,384.43,416.2,403.01,381.87,23077200.0,716433280.0
2015-01-30,425.55,430.42,406.08,405.44,37464824.0,1213239936.0
2015-01-29,422.74,449.12,431.32,419.92,43458320.0,1478417920.0
2015-01-28,412.49,450.28,437.08,410.57,61593456.0,2077931904.0
2015-01-27,427.86,429.27,409.8,397.88,37516644.0,1213066752.0
2015-01-26,425.04,438.37,429.14,413.0,32286436.0,1077021952.0
2015-01-23,432.98,445.79,422.74,416.33,44254620.0,1485252480.0
2015-01-22,420.17,439.13,425.68,412.87,48498208.0,1617872512.0
2015-01-21,390.07,429.14,419.92,380.46,70815152.0,2232249088.0
2015-01-20,356.12,404.55,390.45,348.31,87308248.0,2550052864.0
2015-01-19,386.23,386.23,386.23,386.23,8357200.0,251969584.0
2015-01-16,443.36,452.33,429.14,424.27,57025504.0,1943399168.0
2015-01-15,407.36,439.13,436.83,403.52,43032080.0,1415354880.0
2015-01-14,418.38,430.93,404.8,392.5,38975016.0,1256299264.0
2015-01-13,419.92,439.39,417.48,405.57,44643472.0,1465041152.0
2015-01-12,397.12,431.06,424.27,394.55,72165432.0,2350503424.0
2015-01-09,367.65,406.08,396.48,367.65,67823312.0,2093678592.0
2015-01-08,369.06,385.07,369.19,363.94,33557296.0,982230016.0
2015-01-07,358.04,385.84,368.93,354.84,43112756.0,1260099328.0
2015-01-06,336.39,361.89,360.22,333.06,44910004.0,1233873024.0
2015-01-05,349.72,352.02,337.8,328.07,31312588.0,827029056.0
2014-12-31,349.59,365.47,348.44,342.67,32408934.0,898824192.0
2014-12-30,356.51,365.73,352.79,339.6,30091836.0,829682304.0
2014-12-29,367.78,380.46,356.51,351.25,36883832.0,1052170496.0
2014-12-26,328.96,361.76,360.09,325.51,40238500.0,1100128896.0
2014-12-25,318.97,335.11,328.84,315.13,21478792.0,546621824.0
2014-12-24,339.47,345.23,317.18,308.73,25627244.0,642141504.0
2014-12-23,343.31,352.28,337.29,336.91,15381311.0,414807904.0
2014-12-22,357.28,357.28,344.34,326.66,23834266.0,638378944.0
2014-12-19,358.69,374.95,353.56,341.13,29986292.0,841455872.0
2014-12-18,373.55,373.93,356.89,353.56,30221564.0,854367232.0
2014-12-17,394.55,406.08,382.9,372.52,57276344.0,1750832384.0
2014-12-16,354.33,389.81,389.81,349.46,65366336.0,1891625344.0
2014-12-15,349.08,356.63,354.33,340.49,25958126.0,704745728.0
2014-12-12,336.91,363.17,349.2,336.27,35001416.0,957393984.0
2014-12-11,343.31,362.53,341.77,337.55,37315152.0,1015796928.0
2014-12-10,358.43,378.54,355.35,334.35,61562256.0,1667118080.0
2014-12-09,395.83,438.62,371.5,371.5,80006912.0,2564894464.0
2014-12-08,383.66,430.42,412.74,361.38,74504416.0,2333619200.0
2014-12-05,395.83,420.05,392.12,365.09,75802616.0,2375980288.0
2014-12-04,347.16,390.2,390.2,343.82,60753216.0,1762023296.0
2014-12-03,361.89,384.56,354.71,343.95,55018980.0,1567546880.0
2014-12-02,335.88,372.65,363.81,335.11,42029744.0,1172972928.0
2014-12-01,347.8,356.76,342.03,335.75,28029548.0,758245632.0
2014-11-28,349.08,355.1,346.51,337.55,33192864.0,898980032.0
2014-11-27,347.8,363.17,356.76,333.06,45235680.0,1228348672.0
2014-11-26,342.93,366.37,348.05,338.32,33868276.0,924696128.0
2014-11-25,342.03,343.95,340.75,334.47,26837460.0,711009920.0
2014-11-24,324.35,340.88,340.88,324.35,47800052.0,1259243264.0
2014-11-21,282.85,309.88,309.88,280.67,26863638.0,623923968.0
2014-11-20,278.24,290.79,281.7,276.57,17865752.0,399143712.0
2014-11-19,266.96,284.64,276.96,264.66,20078604.0,433444960.0
2014-11-18,272.22,273.37,267.35,263.25,17099236.0,356655904.0
2014-11-17,285.03,285.03,273.37,267.73,20485276.0,443607616.0
2014-11-14,293.23,294.63,283.11,274.39,22686778.0,503487136.0
2014-11-13,290.54,307.19,297.32,287.84,29761640.0,695791808.0
2014-11-12,277.72,294.12,293.23,270.94,28295048.0,626299968.0
2014-11-11,282.85,300.78,280.54,270.04,31925160.0,720706240.0
2014-11-10,284.64,288.87,284.39,271.96,30308488.0,663344320.0
2014-11-07,258.77,287.85,277.98,252.49,50848560.0,1084792704.0
2014-11-06,261.71,261.71,261.71,252.36,53633776.0,1090034432.0
2014-10-22,248.26,250.57,237.88,235.19,18229912.0,346791552.0
2014-10-21,244.68,256.97,248.65,242.37,20252388.0,396386976.0
2014-10-20,241.47,244.93,242.24,236.99,8764052.0,165434096.0
2014-10-17,246.21,248.52,241.22,230.33,12812021.0,240953712.0
2014-10-16,243.65,250.95,246.98,240.06,16871220.0,325136512.0
2014-10-15,239.81,246.34,243.65,232.89,17537668.0,330265696.0
2014-10-14,237.63,239.68,236.6,233.79,11858056.0,219774704.0
2014-10-13,226.87,237.88,237.76,224.82,27750488.0,504328416.0
2014-10-10,222.64,229.17,227.12,219.95,16034063.0,281440288.0
2014-10-09,221.62,224.31,224.31,217.13,14215241.0,245088384.0
2014-10-08,228.15,228.15,220.98,220.34,15024081.0,260949776.0
2014-09-30,228.66,229.05,226.61,224.56,7096821.0,125416120.0
2014-09-29,224.95,231.74,228.66,224.95,12546262.0,224409936.0
2014-09-26,220.85,225.59,224.44,220.34,7533691.0,131420712.0
2014-09-25,229.43,232.25,222.51,221.62,14175829.0,251571296.0
2014-09-24,216.88,232.63,228.02,216.88,18380316.0,322704480.0
2014-09-23,211.75,217.52,216.24,211.37,4974078.0,83176808.0
2014-09-22,217.26,219.44,211.5,211.37,5272901.0,88228280.0
2014-09-19,215.72,216.88,216.62,212.14,4441975.0,74449616.0
2014-09-18,212.78,216.36,215.21,208.29,5818816.0,96680528.0
2014-09-17,210.09,214.44,212.65,206.12,4978529.0,82170976.0
2014-09-16,219.57,221.49,210.09,209.96,10702416.0,180152592.0
2014-09-15,225.33,226.74,219.69,216.49,14769407.0,253070912.0
2014-09-12,224.95,226.48,225.33,223.03,4391531.0,76989096.0
2014-09-11,227.38,231.86,224.95,224.05,7536109.0,133742680.0
2014-09-10,227.12,228.92,227.51,223.54,6125466.0,108046200.0
2014-09-09,228.92,233.02,227.25,225.84,9415093.0,167757568.0
2014-09-05,222.9,233.4,229.56,222.9,12870354.0,230009920.0
2014-09-04,216.36,223.79,222.9,213.55,13587498.0,234107024.0
2014-09-03,215.21,218.41,216.36,214.06,10007796.0,169252736.0
2014-09-02,213.93,214.96,213.93,210.98,7717805.0,128211440.0
2014-09-01,207.91,214.19,213.55,206.88,7759535.0,128177824.0
2014-08-29,207.14,207.78,207.78,204.32,4340256.0,69922976.0
2014-08-28,204.96,208.29,205.73,203.81,4724930.0,75903744.0
2014-08-27,203.68,207.91,205.6,203.55,5687754.0,91426504.0
2014-08-26,215.08,215.34,204.84,199.84,12596819.0,204625424.0
2014-08-25,220.34,220.98,215.85,213.67,9142495.0,154620960.0
2014-08-22,215.34,218.29,217.9,212.39,6279519.0,105875464.0
2014-08-21,216.24,218.93,216.11,212.39,9850722.0,165400672.0
2014-08-20,212.65,221.49,216.11,211.37,13211185.0,223340000.0
2014-08-19,215.21,215.6,212.91,210.34,5982951.0,99536856.0
2014-08-18,212.01,215.98,215.08,211.75,9581792.0,160066816.0
2014-08-15,206.88,214.44,211.88,206.5,8035513.0,132633800.0
2014-08-14,211.75,212.26,206.88,206.24,5678096.0,93111072.0
2014-08-13,211.37,213.8,211.88,206.24,7317599.0,119930952.0
2014-08-12,211.37,213.67,211.5,210.22,5922759.0,97808000.0
2014-08-11,205.73,216.88,212.65,205.09,16717258.0,275733632.0
2014-08-08,206.63,208.93,205.47,201.25,8171352.0,130977576.0
2014-08-07,207.53,213.67,205.09,204.96,12410062.0,202092992.0
2014-08-06,202.78,211.75,208.42,199.97,13576749.0,218839920.0
2014-08-05,202.27,203.68,202.78,199.84,15536826.0,244598528.0
2014-08-04,192.41,203.17,201.63,192.03,18134104.0,279890720.0
2014-08-01,192.15,193.95,192.92,188.69,8921411.0,133155072.0
2014-07-31,194.33,195.35,194.59,191.0,5224737.0,78868488.0
2014-07-30,193.95,195.74,194.33,189.97,9037286.0,136080304.0
2014-07-29,194.59,197.28,192.79,191.77,11291831.0,170677488.0
2014-07-28,195.61,202.4,197.28,192.15,17843554.0,275671968.0
2014-07-25,190.87,194.07,193.18,189.97,6482789.0,97740584.0
2014-07-24,184.47,195.48,190.87,184.08,12106312.0,182362864.0
2014-07-23,183.19,186.0,185.62,181.26,5213123.0,75220816.0
2014-07-22,178.06,184.72,183.57,174.99,6459958.0,90927216.0
2014-07-21,182.8,184.21,178.7,178.06,2728251.0,38358648.0
2014-07-18,178.57,183.31,182.54,176.78,4188468.0,59377784.0
2014-07-17,179.34,180.5,179.09,174.22,3681157.0,50948108.0
2014-07-16,178.32,184.47,179.34,177.42,6435482.0,90752416.0
2014-07-15,176.78,181.91,178.19,174.99,5296954.0,73971152.0
2014-07-14,180.5,180.5,177.42,171.78,10883957.0,148877488.0
2014-07-11,181.14,182.42,180.24,176.78,5700182.0,80158928.0
2014-07-10,184.85,187.67,181.26,179.22,8781350.0,125435024.0
2014-07-09,192.28,192.28,185.36,185.11,5710223.0,83734440.0
2014-07-08,193.56,195.48,192.79,188.69,5733231.0,85620712.0
2014-07-07,196.0,198.56,194.59,193.05,4122094.0,62809488.0
2014-07-04,198.56,198.56,196.0,194.84,4228154.0,64807036.0
2014-07-03,193.56,197.92,197.41,193.56,5868589.0,89747344.0
2014-07-02,192.79,195.74,193.95,191.13,3471827.0,52451312.0
2014-07-01,191.26,194.97,194.2,188.44,7751771.0,115699592.0
2014-06-30,191.0,194.33,191.26,189.59,9204018.0,137743808.0
2014-06-27,188.18,190.49,188.44,186.26,3711207.0,54742680.0
2014-06-26,191.51,191.51,188.31,182.42,10394164.0,150966752.0
2014-06-25,192.92,193.18,189.59,186.39,5520768.0,81096856.0
2014-06-24,193.43,196.25,193.18,191.64,5006760.0,75617928.0
2014-06-23,193.43,194.59,193.95,189.46,5654501.0,84466552.0
2014-06-20,191.26,193.43,191.9,187.8,4951614.0,74036280.0
2014-06-19,196.38,196.51,192.15,188.05,7639187.0,113630024.0
2014-06-18,190.49,197.79,195.36,189.34,6276104.0,94907664.0
2014-06-17,196.25,196.25,189.59,187.54,6413209.0,96237616.0
2014-06-16,194.72,199.58,196.38,194.07,10122305.0,155471120.0
2014-06-13,188.18,197.15,195.74,187.8,12400694.0,188164416.0
2014-06-12,189.72,191.51,188.18,186.0,7347087.0,108452176.0
2014-06-11,192.15,194.72,191.0,187.8,6153879.0,92125264.0
2014-06-10,182.55,192.03,190.74,182.55,8168507.0,120169856.0
2014-06-09,178.83,185.75,182.42,177.55,7172974.0,102371768.0
2014-06-06,172.43,182.93,178.83,171.15,9514206.0,132464072.0
2014-06-05,168.07,172.3,171.15,166.92,3617312.0,48082120.0
2014-06-04,172.43,172.43,168.07,166.53,3601780.0,47862304.0
2014-06-03,172.81,174.09,171.02,170.76,5029612.0,67704840.0
2014-05-30,166.28,173.45,172.81,165.51,6587196.0,88180456.0
2014-05-29,166.02,172.94,166.28,164.48,9233391.0,121307680.0
2014-05-28,164.23,168.46,166.66,162.43,7782212.0,100662120.0
2014-05-27,165.38,166.41,164.87,162.82,3568520.0,45948904.0
2014-05-26,166.53,169.74,164.35,162.43,6983088.0,91189632.0
2014-05-23,166.28,168.2,166.53,160.51,5212668.0,66757536.0
2014-05-22,159.86,165.83,164.88,159.35,3297518.0,84170640.0
2014-05-21,158.27,159.73,159.22,155.73,1580749.0,39366044.0
2014-05-20,158.91,162.91,158.91,157.95,5117527.0,128901128.0
2014-05-19,158.21,160.81,159.54,150.07,8139811.0,199988096.0
2014-05-16,165.83,169.01,157.0,155.73,5302066.0,134032576.0
2014-05-15,165.39,167.74,165.83,163.67,3870802.0,100951336.0
2014-05-14,153.88,171.62,170.54,153.88,8999649.0,231309360.0
2014-03-28,185.6,185.92,170.28,170.28,6654390.0,185161104.0
2014-03-27,195.01,200.86,189.22,182.11,10656903.0,319436480.0
2014-03-26,189.73,197.04,196.09,188.53,6858907.0,208884000.0
2014-03-25,187.76,190.69,188.14,184.46,3101965.0,91598752.0
2014-03-24,181.47,194.69,187.76,176.13,6681407.0,193196176.0
2014-03-21,176.7,181.47,181.47,167.8,8403842.0,230111680.0
2014-03-20,179.63,184.33,176.07,170.54,3028048.0,83874904.0
2014-03-19,186.24,188.78,182.68,182.3,2278264.0,66034292.0
2014-03-18,189.54,192.4,188.78,184.9,3221323.0,95662544.0
2014-03-17,188.21,191.58,189.54,184.84,1894312.0,56337952.0
2014-03-14,184.33,193.23,187.76,184.33,2465193.0,72981368.0
2014-03-13,182.36,194.18,189.8,178.67,3268722.0,96638280.0
2014-03-12,189.99,194.37,181.34,176.7,4863014.0,140411216.0
2014-03-11,202.89,210.39,189.92,184.33,5014828.0,154122672.0
2014-03-10,215.03,215.16,200.98,200.22,5241616.0,171769280.0
2014-03-07,204.67,212.81,209.75,202.44,5265665.0,172298656.0
2014-03-06,199.9,206.77,204.29,194.94,6213355.0,197582896.0
2014-03-05,200.54,200.86,199.9,191.0,5047754.0,156114496.0
2014-03-04,199.59,206.26,200.54,197.74,2629809.0,83274688.0
2014-03-03,194.5,207.59,200.28,194.37,5251306.0,167380528.0
2014-02-28,196.47,209.12,197.04,189.54,8100044.0,253711520.0
2014-02-27,191.96,211.03,195.77,191.32,10889393.0,345540000.0
2014-02-26,178.8,193.8,193.8,177.34,6617215.0,191737568.0
2014-02-25,192.59,202.76,178.04,177.34,17104520.0,523218432.0
2014-02-24,178.55,190.62,189.92,173.52,6393087.0,184377472.0
2014-02-21,177.85,180.96,178.55,174.16,3306751.0,92601424.0
2014-02-20,175.37,184.33,177.91,172.76,5538070.0,154651424.0
2014-02-19,191.26,191.26,177.97,175.37,7552312.0,213733616.0
2014-02-18,198.19,200.22,191.96,190.69,4308185.0,131121080.0
2014-02-17,187.7,201.49,198.19,186.24,9468521.0,291368704.0
2014-02-14,184.46,188.02,187.83,177.66,5244194.0,150213440.0
2014-02-13,184.33,190.88,187.89,181.22,8098448.0,239355792.0
2014-02-12,190.05,200.22,186.62,185.66,8172889.0,244555088.0
2014-02-11,191.51,198.31,190.94,181.22,8418092.0,251280960.0
2014-02-10,184.39,199.27,191.45,184.2,10499702.0,315180256.0
2014-02-07,171.62,183.88,181.15,169.9,5587468.0,155493024.0
2014-01-30,170.92,176.96,170.98,169.71,5424405.0,147779568.0
2014-01-29,162.78,173.65,171.62,160.81,9076236.0,240373280.0
2014-01-28,157.51,168.44,161.19,157.51,3937663.0,100403616.0
2014-01-27,157.95,161.13,158.01,156.04,3806293.0,95112160.0
2014-01-24,150.51,160.88,158.01,148.29,7765559.0,192650368.0
2014-01-23,143.14,153.82,150.83,142.51,5055688.0,118590904.0
2014-01-22,140.47,144.67,143.14,138.56,2441397.0,54945940.0
2014-01-21,144.16,144.16,140.73,140.41,1041427.0,23260324.0
2014-01-20,141.93,146.19,141.62,140.03,1400455.0,31535664.0
2014-01-17,143.01,145.05,141.93,141.11,1895192.0,42797184.0
2014-01-16,135.39,145.24,143.52,135.39,4561579.0,102041664.0
2014-01-15,136.28,137.68,134.75,133.61,658406.0,13998173.0
2014-01-14,134.12,137.8,136.59,132.27,873133.0,18662114.0
2014-01-13,131.89,134.75,134.75,131.0,1039455.0,21851656.0
2014-01-10,134.18,134.18,131.89,129.03,1593576.0,32900542.0
2014-01-09,134.56,135.71,134.12,131.0,1162068.0,24437142.0
2014-01-08,133.42,137.61,134.12,132.53,1555208.0,33172150.0
2014-01-07,133.48,134.75,133.99,127.25,2997412.0,61675764.0
2014-01-06,139.71,139.71,134.05,133.48,2754651.0,58898248.0
2014-01-03,144.86,144.86,140.28,138.25,1760308.0,39057400.0
2014-01-02,145.88,145.88,144.92,143.14,2063644.0,46808220.0
2013-12-31,139.71,146.57,145.88,139.71,3951551.0,89866888.0
2013-12-30,140.54,141.11,139.96,137.93,1685708.0,36949608.0
2013-12-27,138.37,142.44,140.03,138.37,2046637.0,45413324.0
2013-12-26,139.84,140.28,138.88,138.63,698000.0,15276074.0
2013-12-25,138.06,141.17,140.85,136.15,2320633.0,51028444.0
2013-12-24,140.22,141.17,139.14,135.39,3991424.0,86674824.0
2013-12-23,139.9,141.62,140.98,136.47,1750086.0,38348412.0
2013-12-20,139.96,141.04,140.98,138.25,913081.0,20072252.0
2013-12-19,139.58,141.93,140.34,138.76,1108796.0,24506862.0
2013-12-18,139.2,141.04,139.46,137.68,1373028.0,30152696.0
2013-12-17,140.6,140.73,139.2,137.29,2163794.0,47172508.0
2013-12-16,146.83,146.96,140.47,139.26,2810009.0,62730096.0
2013-12-13,143.97,146.07,145.43,143.08,1054632.0,23981400.0
2013-12-12,143.01,145.18,144.67,140.98,2175148.0,49091812.0
2013-12-11,145.49,145.49,143.84,141.81,2304811.0,51982976.0
2013-12-10,148.99,150.51,147.46,139.52,6818559.0,155059696.0
2013-12-09,148.54,151.66,149.24,148.1,2106231.0,49727504.0
2013-12-06,150.51,154.33,148.54,147.59,3302850.0,78264920.0
2013-12-05,151.28,157.82,151.79,150.13,6903883.0,167733040.0
2013-12-04,143.71,153.63,152.55,143.01,11398406.0,267159760.0
2013-12-03,146.0,149.31,145.43,141.74,8469190.0,192642480.0
2013-12-02,131.32,139.77,139.2,131.32,7587484.0,163922144.0
2013-11-29,135.07,135.07,131.76,131.57,1415517.0,29503828.0
2013-11-28,132.91,134.94,133.86,130.87,3026908.0,63439828.0
2013-11-27,132.72,135.26,132.84,132.21,1599406.0,33673068.0
2013-11-26,135.9,136.02,132.84,132.08,1505542.0,31485410.0
2013-11-25,136.53,136.53,135.9,132.46,1659135.0,35118444.0
2013-11-22,137.61,138.88,136.53,134.56,1876335.0,40146436.0
2013-11-21,139.84,139.84,137.55,137.04,1510974.0,32800308.0
2013-11-20,139.84,139.84,139.07,137.42,872092.0,18969446.0
2013-11-19,140.47,142.63,138.82,136.72,2071516.0,45518452.0
2013-11-18,135.32,143.52,140.73,133.61,3077626.0,67400816.0
2013-11-15,131.25,137.1,134.75,131.0,2416862.0,51448072.0
2013-11-14,132.53,132.53,131.26,130.49,390675.0,8062481.0
2013-11-13,132.59,132.72,131.45,130.62,400976.0,8294036.0
2013-11-12,133.48,135.9,132.46,132.21,598024.0,12534471.0
2013-11-11,131.7,133.61,133.16,130.43,1224783.0,25541210.0
2013-11-08,133.8,134.12,132.72,131.0,1197549.0,24888722.0
2013-11-07,132.84,136.98,133.8,131.57,1813180.0,38499468.0
2013-11-06,133.48,140.47,134.18,130.94,1656782.0,35439752.0
2013-11-05,135.32,135.32,133.8,131.96,446839.0,9339598.0
2013-11-04,132.27,135.71,133.48,132.27,990597.0,20782428.0
2013-11-01,134.31,134.43,133.54,131.0,916070.0,19150152.0
2013-10-31,136.53,136.53,132.84,130.94,1838797.0,38557372.0
2013-10-30,136.85,137.55,136.21,134.81,1386217.0,29762644.0
2013-10-29,132.91,137.93,136.66,129.86,1756349.0,37132228.0
2013-10-28,135.07,138.31,134.75,133.16,2118521.0,44908432.0
2013-10-25,137.93,138.57,135.39,134.75,2702533.0,58226264.0
2013-10-24,139.84,142.89,137.93,136.66,2280084.0,50036404.0
2013-10-23,139.26,146.51,141.43,138.88,5931637.0,133906504.0
2013-10-22,137.93,142.06,140.34,136.02,4797754.0,105588080.0
2013-10-21,136.34,139.2,137.36,134.62,3859979.0,83435312.0
2013-10-18,136.09,137.17,136.34,132.72,2888147.0,61375568.0
2013-10-17,132.84,137.04,136.02,129.67,4455148.0,95042280.0
2013-10-16,129.73,133.61,131.57,128.33,2581336.0,53727700.0
2013-10-15,126.62,130.56,129.73,125.6,3595696.0,73122400.0
2013-10-14,130.81,132.08,126.17,125.09,5577041.0,111008968.0
2013-10-11,131.89,132.72,130.43,130.3,2177035.0,44951744.0
2013-10-10,134.5,136.28,131.51,131.26,2118584.0,44309928.0
2013-10-09,131.7,136.21,135.39,131.7,2550406.0,54126224.0
2013-10-08,132.4,135.26,133.42,129.54,2856995.0,59750832.0
2013-09-30,133.8,134.62,132.46,130.94,1481334.0,30819888.0
2013-09-27,134.18,135.26,133.48,131.96,1469907.0,30899730.0
2013-09-26,133.48,138.38,133.99,133.16,4161882.0,88293680.0
2013-09-25,138.38,140.41,133.42,132.15,7333887.0,155892752.0
2013-09-24,137.36,139.71,138.38,136.02,2912973.0,63269220.0
2013-09-23,136.34,140.41,137.1,132.84,4487182.0,96754240.0
2013-09-18,135.71,137.55,133.16,129.16,6968156.0,143993632.0
2013-09-17,143.97,150.51,135.71,135.71,6184611.0,138809760.0
2013-09-16,136.98,143.01,140.28,136.47,4771647.0,104657760.0
2013-09-13,138.25,141.11,137.87,136.98,4637615.0,101108328.0
2013-09-12,137.36,138.82,137.1,135.9,3294539.0,71118912.0
2013-09-11,140.98,141.55,137.8,137.74,1742916.0,38193840.0
2013-09-10,143.4,143.4,140.92,139.07,2465949.0,54414372.0
2013-09-09,137.93,143.65,141.36,136.98,7252604.0,161212080.0
2013-09-06,138.5,138.5,137.42,136.85,1333456.0,28856308.0
2013-09-05,136.21,138.82,137.87,136.21,3091522.0,67196952.0
2013-09-04,135.39,138.31,137.04,134.12,2360294.0,50816152.0
2013-09-03,135.26,136.02,135.39,133.99,1517275.0,32297826.0
2013-09-02,131.06,134.69,133.8,130.87,2027818.0,42513344.0
2013-08-30,132.53,134.62,132.15,129.16,1991057.0,41374076.0
2013-08-29,132.97,135.83,132.34,130.68,1218791.0,25450220.0
2013-08-28,136.53,136.53,131.96,131.89,2153211.0,45342952.0
2013-08-27,136.79,137.87,136.53,136.34,2227270.0,47968428.0
2013-08-26,132.21,137.29,136.79,130.81,3397491.0,72111504.0
2013-08-23,132.21,132.72,130.81,128.52,2271992.0,46563752.0
2013-08-22,131.45,133.48,131.57,130.37,1777272.0,36732924.0
2013-08-21,130.94,134.62,131.45,127.82,3932643.0,81191640.0
2013-08-20,134.69,137.04,130.94,130.75,3758979.0,78463928.0
2013-08-19,130.37,137.68,134.75,130.3,4548033.0,96425992.0
2013-08-16,136.98,150.64,135.96,134.5,8307968.0,184061936.0
2013-08-15,137.93,139.01,137.42,136.15,1825365.0,39537316.0
2013-08-14,137.23,138.57,138.06,135.07,1890557.0,40679780.0
2013-08-13,138.63,141.43,137.29,135.58,2766388.0,60071292.0
2013-08-12,136.02,139.07,138.63,135.39,5581420.0,121291744.0
2013-08-09,138.31,139.84,136.59,133.74,3863372.0,83234864.0
2013-08-08,139.77,140.92,137.29,136.15,3613119.0,78255064.0
2013-08-07,139.2,142.38,139.77,137.04,7205470.0,159111312.0
2013-08-06,132.15,141.24,139.2,131.19,10907549.0,236389056.0
2013-08-05,128.33,132.65,132.15,126.81,5603760.0,115258664.0
2013-08-02,127.76,129.6,128.33,126.49,5148648.0,103887288.0
2013-08-01,120.89,127.51,127.12,120.77,7834475.0,155004432.0
2013-07-31,120.32,125.6,122.04,120.32,4219553.0,81795632.0
2013-07-30,119.88,121.85,119.5,117.08,1811297.0,34233084.0
2013-07-29,121.98,121.98,120.51,118.42,3153856.0,59371840.0
2013-07-26,120.83,122.55,122.55,116.89,2093985.0,39786464.0
2013-07-25,123.69,123.76,120.83,118.86,3321843.0,63213812.0
2013-07-24,122.67,124.33,122.93,120.83,2985715.0,57578868.0
2013-07-23,119.96,124.89,123.94,118.63,7641115.0,147949584.0
2013-07-22,117.43,119.07,118.63,115.09,1647419.0,30701868.0
2013-07-19,117.81,119.7,117.68,116.86,2747030.0,51305796.0
2013-07-18,118.88,119.7,117.93,116.48,3961679.0,73709096.0
2013-07-17,123.75,123.75,119.7,119.2,2681469.0,51444896.0
2013-07-16,123.37,123.69,123.44,121.28,3401846.0,65829344.0
2013-07-15,122.04,125.21,123.5,120.15,7720577.0,150337232.0
2013-07-12,120.15,125.21,120.15,119.39,5874033.0,113772944.0
2013-07-11,114.46,122.93,120.59,113.82,8392945.0,158695888.0
2013-07-10,108.95,114.39,113.89,108.01,2822234.0,49623576.0
2013-07-09,109.59,112.94,109.4,108.89,1462835.0,25605368.0
2013-07-08,113.95,115.72,111.04,110.72,1654260.0,29403494.0
2013-07-05,113.82,116.54,115.09,113.82,1920237.0,34955260.0
2013-07-04,115.09,116.92,113.82,109.4,2494036.0,45137872.0
2013-07-03,117.68,118.82,115.97,112.88,2262550.0,41359568.0
2013-07-02,115.09,119.26,117.62,115.09,2070723.0,38515888.0
2013-07-01,110.34,116.16,116.16,109.84,2391147.0,43095820.0
2013-06-28,107.5,115.03,111.23,104.47,4101576.0,72581352.0
2013-06-27,106.8,110.85,106.55,106.49,3727819.0,64305012.0
2013-06-26,100.48,107.88,107.44,98.84,6041939.0,99270144.0
2013-06-25,100.86,103.07,101.05,94.03,6718003.0,103543776.0
2013-06-24,115.09,115.09,104.47,103.71,4826039.0,81353000.0
2013-06-21,107.94,115.72,114.2,107.94,2926563.0,52337296.0
2013-06-20,115.09,117.43,113.13,113.13,2690491.0,48855724.0
2013-06-19,123.31,123.31,115.09,114.01,7661966.0,141842656.0
2013-06-18,123.94,124.38,124.0,121.09,2590963.0,50444244.0
2013-06-17,118.82,124.64,123.5,116.98,4475584.0,85917400.0
2013-06-14,116.98,118.76,117.68,114.64,3314280.0,61177432.0
2013-06-13,118.88,120.15,113.95,113.57,8078178.0,147803920.0
2013-06-07,126.03,127.86,121.73,118.69,4447627.0,86669128.0
2013-06-06,130.01,130.83,126.53,125.27,3279040.0,65740892.0
2013-06-05,127.86,131.78,129.57,126.66,4787542.0,97704152.0
2013-06-04,126.09,128.37,127.86,123.81,4406196.0,87997424.0
2013-06-03,120.4,131.84,126.72,120.34,7697905.0,153787728.0
2013-05-31,131.84,133.55,125.08,125.08,8173945.0,167745952.0
2013-05-30,126.47,134.19,131.91,126.41,10098988.0,209737952.0
2013-05-29,126.47,127.92,125.9,123.88,6649349.0,132632928.0
2013-05-28,122.36,127.73,125.9,118.88,9472311.0,185155072.0
2013-05-27,115.4,123.5,122.36,115.09,10242694.0,195860544.0
2013-05-24,110.66,113.89,113.06,110.66,3906709.0,69778984.0
2013-05-23,111.93,113.95,110.66,110.03,5734188.0,101508088.0
2013-05-22,113.95,115.66,113.32,110.6,7285777.0,130289496.0
2013-05-21,113.25,114.58,113.82,111.93,5372666.0,96354400.0
2013-05-20,109.02,115.72,113.25,108.64,11749015.0,209609136.0
2013-05-17,103.39,112.69,108.89,102.19,10629540.0,178914032.0
2013-05-16,99.97,102.95,102.82,98.65,5771953.0,92165432.0
2013-05-15,97.38,100.23,99.97,96.94,3944161.0,62024324.0
2013-05-14,96.24,99.34,98.01,95.99,5653951.0,87774240.0
2013-05-13,96.12,97.07,95.8,94.16,4048186.0,61178152.0
2013-05-10,95.17,96.31,95.74,93.78,4402616.0,66442116.0
2013-05-09,99.41,100.1,95.17,94.85,8644621.0,131974000.0
2013-05-08,103.52,104.02,100.16,99.28,5937921.0,94564312.0
2013-05-07,101.37,103.7,102.19,100.48,6571532.0,105755464.0
2013-05-06,96.24,102.12,101.81,96.24,8993946.0,143052032.0
2013-05-03,94.66,98.96,96.81,94.22,5322884.0,81769304.0
2013-05-02,93.78,96.12,94.79,92.58,1883868.0,28081902.0
2013-04-26,93.27,94.85,93.9,92.32,3085293.0,45939720.0
2013-04-25,94.03,95.3,92.7,92.32,2226896.0,32924722.0
2013-04-24,91.88,95.36,94.22,91.88,2043110.0,30343178.0
2013-04-23,94.85,96.24,91.88,91.75,3860774.0,56926132.0
2013-04-22,95.04,97.7,95.8,94.6,4105844.0,62582024.0
2013-04-19,92.51,96.81,96.24,91.88,6551323.0,98151512.0
2013-04-18,90.74,93.08,92.51,89.16,3123627.0,45210100.0
2013-04-17,91.06,91.69,91.06,89.48,1891400.0,27131200.0
2013-04-16,88.84,91.82,91.38,87.96,2706341.0,38451972.0
2013-04-15,88.59,90.05,89.1,88.4,1389837.0,19632996.0
2013-04-12,90.55,91.69,89.16,88.53,2589851.0,36916760.0
2013-04-11,91.75,93.9,91.5,91.38,3502456.0,51227232.0
2013-04-10,91.63,94.85,92.32,91.37,4870219.0,71827864.0
2013-04-09,91.5,91.5,90.93,89.54,3163296.0,45165944.0
2013-04-08,88.53,90.74,90.62,86.0,2716786.0,38286116.0
2013-04-03,90.93,91.37,89.79,88.66,2751308.0,39001208.0
2013-04-02,90.11,92.95,91.25,89.22,5887591.0,84673848.0
2013-04-01,87.14,91.56,89.54,87.08,6635577.0,94628464.0
2013-03-29,88.66,89.48,88.02,87.83,5229528.0,73443880.0
2013-03-28,90.74,90.81,88.78,86.63,5697216.0,79855576.0
2013-03-27,91.75,92.51,92.13,90.11,7245388.0,104712344.0
2013-03-26,94.28,94.28,91.5,90.49,9433163.0,137263424.0
2013-03-25,95.8,99.85,95.48,95.42,10002489.0,153923408.0
2013-03-22,96.75,100.54,96.56,96.12,11312351.0,174729424.0
2013-03-21,93.4,101.05,97.07,92.51,16045417.0,245415008.0
2013-03-20,93.4,93.4,93.4,87.33,20447338.0,296003264.0
2013-03-19,84.92,84.92,84.92,84.92,561367.0,7539159.0
2013-03-18,77.21,77.21,77.21,77.21,103329.0,1261647.0
2012-12-07,70.06,70.82,70.19,69.43,1430347.0,15922211.0
2012-12-06,69.56,70.63,70.19,68.8,1351329.0,14905020.0
2012-12-05,68.55,71.01,70.0,67.53,2044755.0,22609566.0
2012-12-04,67.53,68.93,68.67,66.84,1911615.0,20547026.0
2012-12-03,64.88,68.29,67.53,64.5,1417163.0,14972027.0
2012-11-30,64.75,65.07,64.82,63.61,349157.0,3554448.0
2012-11-29,64.56,65.95,64.5,63.87,569967.0,5863992.0
2012-11-28,65.39,65.39,64.44,62.98,630718.0,6373329.0
2012-11-27,67.03,67.6,65.45,65.32,693746.0,7230642.0
2012-11-26,68.23,68.23,67.53,66.71,883718.0,9402357.0
2012-11-23,65.13,68.23,67.6,64.88,1483230.0,15676677.0
2012-11-22,64.82,65.76,65.13,64.56,500083.0,5167305.0
2012-11-21,63.23,65.32,65.32,63.23,853214.0,8725139.0
2012-11-20,63.23,64.18,64.12,63.11,333323.0,3352397.0
2012-11-19,63.05,63.61,63.11,62.35,419834.0,4190007.0
2012-11-16,62.6,64.5,63.17,62.6,405281.0,4060422.0
2012-11-15,63.11,66.9,64.18,57.29,1517994.0,15465052.0
2012-11-14,62.98,63.42,63.23,61.97,774359.0,7723939.0
2012-11-13,63.99,63.99,62.92,62.6,1331202.0,13312224.0
2012-11-12,63.74,64.31,63.8,63.49,825704.0,8349522.0
2012-11-09,63.11,64.12,63.74,62.6,804998.0,8043876.0
2012-11-08,64.94,65.13,63.23,63.17,778792.0,7870588.0
2012-11-07,65.95,65.95,65.13,64.94,437749.0,4523485.0
2012-11-06,66.65,66.65,66.4,65.01,544902.0,5659913.0
2012-11-05,66.46,67.03,66.4,65.89,753194.0,7902286.0
2012-11-02,67.91,67.98,66.71,66.59,900259.0,9569327.0
2012-11-01,66.65,68.61,67.6,66.65,742936.0,7934381.0
2012-10-31,66.14,67.03,66.65,64.82,502394.0,5259845.0
2012-10-30,66.08,66.9,66.14,65.95,321200.0,3367463.0
2012-10-29,68.17,68.29,66.08,65.89,698328.0,7353001.0
2012-10-26,69.62,69.75,68.1,66.52,1038811.0,11175943.0
2012-10-25,70.32,70.44,69.62,68.74,1534265.0,16892156.0
2012-10-24,68.67,70.63,70.32,68.1,2730298.0,30059052.0
2012-10-23,68.8,69.24,68.8,68.1,1322237.0,14369691.0
2012-10-22,68.61,69.24,68.93,67.79,993610.0,10786185.0
2012-10-19,69.05,69.37,68.93,67.6,829319.0,8997337.0
2012-10-18,68.8,69.75,69.43,68.8,1043236.0,11394704.0
2012-10-17,69.5,69.62,68.93,68.55,1062555.0,11585964.0
2012-10-16,68.29,70.19,69.43,68.29,930532.0,10188850.0
2012-10-15,69.43,69.5,68.86,68.1,680803.0,7369196.0
2012-10-12,70.38,70.51,68.86,68.8,481443.0,5289949.0
2012-10-11,69.75,70.95,69.94,69.75,715059.0,7940303.0
2012-10-10,70.44,71.27,70.7,69.62,842002.0,9371923.0
2012-10-09,68.99,71.08,70.44,68.48,968860.0,10754606.0
2012-10-08,69.56,70.38,68.8,68.23,386744.0,4218588.0
2012-09-28,66.9,70.06,69.56,66.4,1197364.0,12964943.0
2012-09-27,64.37,69.5,67.66,64.06,1370300.0,14578284.0
2012-09-26,67.03,67.98,64.37,63.99,825193.0,8542579.0
2012-09-25,68.93,69.24,67.79,66.52,606780.0,6523956.0
2012-09-24,68.99,69.75,69.31,67.79,809156.0,8798136.0
2012-09-21,70.57,70.82,69.88,68.29,731975.0,8069102.0
2012-09-20,74.93,74.93,70.82,70.25,1220298.0,13880317.0
2012-09-19,75.06,75.69,75.12,74.11,667469.0,7888828.0
2012-09-18,75.44,75.44,75.06,73.29,1058829.0,12510947.0
2012-09-17,77.02,77.78,75.94,75.25,1469682.0,17801020.0
2012-09-14,76.2,77.34,77.02,76.2,1544190.0,18761622.0
2012-09-13,77.53,77.59,75.88,75.88,2219321.0,26854230.0
2012-09-12,78.73,79.61,77.91,76.33,3277172.0,40197192.0
2012-09-11,80.18,81.95,78.85,78.28,3465109.0,43829036.0
2012-09-10,85.68,85.68,81.83,77.78,6054770.0,77827800.0
2012-08-03,82.2,85.05,85.05,82.2,910070.0,12075825.0
2012-08-02,83.47,84.73,82.84,82.27,723557.0,9541819.0
2012-08-01,83.85,85.37,83.91,82.96,745512.0,9923744.0
2012-07-31,81.57,84.1,83.85,75.88,1577751.0,20458924.0
2012-07-30,86.0,86.57,82.14,81.13,1668456.0,22215082.0
2012-07-27,85.24,88.53,86.57,84.1,2491581.0,34236084.0
2012-07-26,83.79,91.69,85.37,83.79,3456433.0,47614180.0
2012-07-25,83.98,84.1,83.53,82.78,1321309.0,17446548.0
2012-07-24,81.7,83.98,83.79,81.7,908056.0,11927417.0
2012-07-23,82.33,82.39,81.57,80.94,503934.0,6507063.0
2012-07-20,84.1,85.18,82.9,82.9,693400.0,9193553.0
2012-07-19,82.39,85.75,84.67,82.39,1893338.0,25398196.0
2012-07-18,82.65,83.6,83.6,80.94,799326.0,10392585.0
2012-07-17,81.7,83.98,82.9,80.31,1959828.0,25576436.0
2012-07-16,83.79,83.98,80.81,80.69,1141046.0,14754862.0
2012-07-13,82.58,84.1,83.03,82.58,799867.0,10581460.0
2012-07-12,83.28,84.04,83.6,82.2,1561964.0,20576764.0
2012-07-11,81.26,83.09,82.9,79.68,1217495.0,15760941.0
2012-07-10,83.22,84.73,81.76,81.26,1186720.0,15491549.0
2012-07-09,82.84,84.1,82.9,82.2,1116193.0,14725006.0
2012-07-06,82.52,84.1,83.09,81.32,838976.0,10955646.0
2012-07-05,82.52,82.52,81.7,80.69,886452.0,11412257.0
2012-07-04,83.6,83.66,81.7,81.26,682799.0,8926405.0
2012-07-03,82.39,82.9,82.58,80.31,868248.0,11261905.0
2012-07-02,82.2,84.42,82.39,81.57,1601609.0,21104062.0
2012-06-29,78.47,83.41,83.22,77.02,1871666.0,23668368.0
2012-06-28,83.47,88.53,81.89,80.81,2747465.0,36251816.0
2012-06-27,77.46,80.75,80.5,76.89,2112095.0,26340632.0
2012-06-26,78.66,79.11,77.46,76.45,1719610.0,21094966.0
2012-06-21,79.68,79.93,79.74,78.16,928502.0,11583688.0
2012-06-20,79.87,80.75,79.99,79.42,629265.0,7938259.0
2012-06-19,79.87,79.99,79.93,79.11,603592.0,7589375.0
2012-06-18,79.42,79.93,79.87,78.73,714691.0,8965170.0
2012-06-15,78.79,79.68,79.3,77.78,952156.0,11853591.0
2012-06-14,78.47,78.73,78.41,76.07,896863.0,11085980.0
2012-06-13,76.51,78.85,78.47,76.51,1292806.0,15967460.0
2012-06-12,76.45,76.89,76.39,75.88,626134.0,7565211.0
2012-06-11,75.82,76.89,76.45,74.87,580398.0,6974099.0
2012-06-08,76.51,77.08,75.12,74.49,569538.0,6822083.0
2012-06-07,76.77,76.89,74.87,73.98,1092982.0,13119614.0
2012-06-06,75.75,76.83,75.38,75.25,1037185.0,12497883.0
2012-06-05,75.88,76.89,75.57,75.31,1902364.0,22923658.0
2012-06-04,80.56,80.56,75.75,75.25,2047221.0,25258806.0
2012-06-01,81.13,82.96,81.57,81.0,997675.0,12938684.0
2012-05-31,80.81,82.08,81.19,79.99,1242143.0,15883138.0
2012-05-30,81.95,82.52,81.57,81.13,723875.0,9338434.0
2012-05-29,80.18,82.65,81.95,79.23,1401441.0,18094324.0
2012-05-28,81.64,81.64,79.87,77.72,1504147.0,18813116.0
2012-05-25,82.84,83.98,81.32,81.26,730290.0,9492111.0
2012-05-24,84.55,85.56,82.9,82.84,1141015.0,15129929.0
2012-05-23,83.47,85.3,84.86,83.47,1617053.0,21610988.0
2012-05-22,82.46,84.1,84.04,81.76,1525119.0,20088880.0
2012-05-21,82.96,83.72,82.14,81.45,1052601.0,13690050.0
2012-05-18,84.29,85.05,83.15,83.15,1659628.0,22032110.0
2012-05-17,81.76,86.19,84.99,80.69,2335880.0,30961146.0
2012-05-16,83.15,83.41,81.76,81.45,835340.0,10877875.0
2012-05-15,82.84,82.84,82.71,80.31,824259.0,10615389.0
2012-05-14,82.9,84.61,83.15,82.9,1783164.0,23680042.0
2012-05-11,83.34,84.36,82.77,82.52,1143272.0,15055332.0
2012-05-10,82.71,84.55,83.91,82.33,1180958.0,15630986.0
2012-05-09,83.15,84.42,83.03,82.33,1838133.0,24180330.0
2012-05-08,84.48,84.99,82.84,82.84,2236936.0,29573382.0
2012-05-07,84.29,85.18,84.99,83.09,1711416.0,22755680.0
2012-05-04,88.28,88.28,84.42,83.15,3413915.0,45751412.0
2012-05-03,84.8,88.02,87.58,84.8,2157494.0,29526078.0
2012-05-02,88.21,89.92,85.81,85.68,2906520.0,40076704.0
2012-04-27,86.19,87.39,85.68,85.43,1725643.0,23572150.0
2012-04-26,87.77,88.78,86.76,85.87,3803833.0,52198872.0
2012-04-25,88.02,89.1,88.28,86.95,4022139.0,55947708.0
2012-04-24,86.19,88.21,87.26,82.71,4111920.0,56049196.0
2012-04-23,91.0,91.69,87.77,86.38,4343105.0,60951516.0
2012-04-20,87.01,91.5,88.15,85.56,5175739.0,72678768.0
2012-04-19,84.1,87.9,87.01,83.34,5644099.0,76858864.0
2012-04-18,80.69,83.6,83.28,80.69,3310075.0,43351200.0
2012-04-17,80.31,82.2,80.94,80.31,1483789.0,19112358.0
2012-04-16,81.51,82.2,80.94,79.99,1758034.0,22614856.0
2012-04-13,83.15,84.67,82.71,82.58,3713286.0,48936892.0
2012-04-12,82.2,83.34,82.96,81.19,2757645.0,36043796.0
2012-04-11,82.39,83.15,82.2,80.94,1588149.0,20622668.0
2012-04-10,79.93,83.34,82.58,78.35,2668113.0,34203896.0
2012-04-09,82.27,82.27,79.93,79.36,2219538.0,28424274.0
2012-04-05,77.15,84.73,83.09,77.15,3961075.0,51616172.0
2012-03-30,74.24,77.15,77.02,73.48,1303720.0,15596901.0
2012-03-29,73.98,74.49,74.24,72.4,1559093.0,18142486.0
2012-03-28,78.16,78.16,73.98,73.48,1444021.0,17172326.0
2012-03-27,77.46,78.73,78.03,76.7,946926.0,11692853.0
2012-03-26,77.84,78.54,77.4,76.58,997544.0,12215606.0
2012-03-23,77.78,78.41,77.84,76.64,1742066.0,21382058.0
2012-03-22,79.55,79.55,77.59,76.83,1966581.0,24202564.0
2012-03-21,81.57,82.08,79.68,79.17,1940167.0,24523966.0
2012-03-20,82.84,83.34,80.75,80.37,1933562.0,24934170.0
2012-03-19,82.33,84.04,82.84,81.45,2501954.0,32752408.0
2012-03-16,79.99,82.58,82.33,79.23,3188714.0,41176380.0
2012-03-15,77.78,80.81,80.06,77.78,4455303.0,55859920.0
2012-03-14,83.09,85.43,78.03,77.15,5040677.0,65592108.0
2012-03-13,80.31,82.84,82.84,80.31,3587856.0,46396604.0
2012-03-12,79.11,82.33,80.88,79.11,3535828.0,45234300.0
2012-03-09,78.79,79.49,79.11,78.35,2251402.0,28077780.0
2012-03-08,76.07,79.86,78.85,76.07,3517155.0,43584540.0
2012-03-07,76.96,77.65,76.51,75.94,1616112.0,19672026.0
2012-03-06,77.97,78.92,77.21,77.08,2750921.0,33859548.0
2012-03-05,77.27,79.23,78.16,77.27,3322131.0,41184572.0
2012-03-02,75.75,77.97,77.21,75.75,2544634.0,30993098.0
2012-03-01,74.05,76.45,75.44,73.73,2403922.0,28576404.0
2012-02-29,75.31,75.82,74.55,73.86,2533281.0,29829796.0
2012-02-28,76.58,77.21,75.82,75.0,3458191.0,41511884.0
2012-02-27,78.92,79.99,77.53,77.21,5267762.0,65574156.0
2012-02-24,78.09,79.36,78.98,77.08,6075391.0,75395744.0
2012-02-23,76.96,79.99,78.79,75.69,11992699.0,146193984.0
2012-02-22,75.06,77.15,76.2,74.93,4548940.0,54655736.0
2012-02-21,74.05,76.07,75.12,74.05,3795592.0,44955432.0
2012-02-20,76.7,80.81,75.25,74.36,10873347.0,131168304.0
2012-02-17,72.4,73.8,73.8,70.57,4955778.0,57615456.0
2012-02-13,66.21,67.66,67.09,65.39,1700725.0,17940470.0
2012-02-10,66.33,67.6,66.52,65.89,1578560.0,16644625.0
2012-02-09,65.7,67.41,66.4,65.45,1836248.0,19313252.0
2012-02-08,63.36,66.27,65.83,63.36,1186702.0,12275509.0
2012-02-07,65.57,65.57,64.25,63.61,866582.0,8832083.0
2012-02-06,65.64,66.4,65.13,64.94,1370629.0,14219953.0
2012-02-03,64.06,65.64,64.94,63.49,1155293.0,11755635.0
2012-02-02,63.23,63.74,63.36,62.6,930193.0,9292172.0
2012-02-01,63.93,64.5,62.98,62.92,557827.0,5609783.0
2012-01-31,64.56,64.82,63.87,63.55,424421.0,4302332.0
2012-01-30,66.4,66.52,64.82,64.82,657092.0,6817102.0
2012-01-20,63.93,66.33,66.02,63.93,1145443.0,11880343.0
2012-01-19,66.46,67.03,65.13,63.99,1798194.0,18654804.0
2012-01-18,69.05,70.82,66.46,66.27,2122305.0,22886098.0
2012-01-17,64.63,69.31,69.05,63.74,2711459.0,28870434.0
2012-01-16,63.87,67.53,65.83,62.92,2755935.0,28640674.0
2012-01-13,64.25,65.57,64.5,61.72,2075013.0,20902498.0
2012-01-12,63.74,64.37,64.37,62.41,1551533.0,15561083.0
2012-01-11,64.18,64.18,63.36,62.6,1568119.0,15735508.0
2012-01-10,61.15,65.0,63.87,61.15,1627498.0,16239586.0
2012-01-09,59.31,61.53,61.09,57.86,901560.0,8561132.0
2012-01-06,60.7,60.96,59.31,56.97,768438.0,7149356.0
2012-01-05,62.73,62.73,61.02,60.07,749840.0,7267229.0
2012-01-04,64.12,64.63,63.17,62.79,859921.0,8608275.0
