date,open,high,close,low,volume,amount
2015-07-10,65.16,69.37,69.37,63.38,80627624.0,683198208.0
2015-07-09,57.31,63.06,63.06,57.31,57002552.0,430174272.0
2015-07-08,56.1,60.71,57.31,56.1,124535632.0,889204928.0
2015-07-07,63.62,65.0,62.33,59.5,86599008.0,660728512.0
2015-07-06,70.26,70.26,66.13,57.8,79497008.0,637152000.0
2015-07-03,68.0,71.23,63.87,61.92,65360940.0,532270848.0
2015-07-02,76.01,78.44,68.81,68.48,79631320.0,721239360.0
2015-07-01,83.38,85.0,76.09,75.77,54135784.0,546054656.0
2015-06-30,78.44,85.64,84.19,73.02,60306592.0,595485824.0
2015-06-29,89.04,89.12,78.52,76.74,71031496.0,718797760.0
2015-06-26,91.71,93.41,85.24,85.16,70985856.0,777222272.0
2015-06-25,100.78,100.78,94.63,93.49,61036768.0,736554816.0
2015-06-24,97.38,99.97,99.89,95.68,68808840.0,831567552.0
2015-06-23,90.08,96.51,96.51,85.49,51840996.0,590129920.0
2015-06-19,93.38,97.16,90.56,89.19,52356788.0,609454528.0
2015-06-18,96.51,99.73,95.22,94.9,58390264.0,710185280.0
2015-06-17,96.51,97.96,96.51,92.33,57489016.0,678997376.0
2015-06-16,101.9,101.98,97.32,96.43,51497208.0,632570112.0
2015-06-15,101.58,106.64,102.46,101.58,91795984.0,1185325696.0
2015-06-12,100.53,101.9,101.42,98.76,79749120.0,995812928.0
2015-06-11,98.36,99.73,99.25,97.96,51928944.0,638689088.0
2015-06-10,97.07,100.29,98.84,95.71,64897804.0,795214336.0
2015-06-09,99.73,100.69,97.72,96.67,64801608.0,791927104.0
2015-06-08,102.78,103.35,100.53,98.6,80444240.0,1002224064.0
2015-06-05,101.74,104.55,102.78,99.17,91232400.0,1155790592.0
2015-06-04,102.14,103.19,101.34,93.13,79980992.0,982989312.0
2015-06-03,99.08,103.35,101.98,97.48,101051296.0,1265751680.0
2015-06-02,95.55,99.97,98.92,93.38,95716080.0,1146421248.0
2015-06-01,90.48,95.87,95.31,90.0,66690516.0,776938880.0
2015-05-29,87.5,91.04,90.56,83.72,63027436.0,696030272.0
2015-05-28,94.5,97.72,87.5,87.34,84051712.0,985015232.0
2015-05-27,97.16,97.72,95.55,94.18,69494360.0,823930688.0
2015-05-26,94.1,97.72,97.16,92.81,84418736.0,1002834560.0
2015-05-25,91.28,95.31,93.78,90.96,69997336.0,813971520.0
2015-05-22,91.44,92.97,91.93,90.16,69408824.0,789513792.0
2015-05-21,90.8,92.89,90.96,89.35,53360888.0,602858112.0
2015-05-20,87.91,93.94,90.96,87.26,82344648.0,916956032.0
2015-05-19,87.42,88.79,87.99,86.14,54051072.0,588054144.0
2015-05-18,84.13,87.99,87.42,83.16,70317960.0,754731136.0
2015-05-15,85.25,86.78,84.21,83.48,50022696.0,528570752.0
2015-05-14,81.71,85.81,84.37,81.71,70753472.0,740312640.0
2015-05-13,81.07,81.95,81.55,80.1,51443772.0,519859424.0
2015-05-12,81.23,81.55,81.07,79.7,49763768.0,499590208.0
2015-05-11,80.43,81.39,81.31,78.98,52290208.0,520940672.0
2015-05-08,79.46,80.35,80.1,78.5,34907232.0,344113440.0
2015-05-07,81.95,81.95,78.42,77.85,57706776.0,569887168.0
2015-05-06,87.02,89.03,83.08,82.76,87629144.0,944709440.0
2015-05-05,85.65,87.42,87.18,84.29,82027552.0,876523712.0
2015-05-04,85.09,85.81,85.09,84.13,45834152.0,482360448.0
2015-04-30,84.21,85.81,84.77,83.88,45429856.0,478926336.0
2015-04-29,82.44,84.37,84.05,82.19,34552060.0,360054048.0
2015-04-28,85.65,85.73,82.76,82.36,55706512.0,580539200.0
2015-04-27,86.06,86.78,85.98,85.09,60350800.0,642907456.0
2015-04-24,85.01,86.86,85.89,84.29,42141188.0,448786144.0
2015-04-23,87.1,87.26,85.98,84.85,57499412.0,614167808.0
2015-04-22,87.5,88.23,87.1,86.22,55938932.0,606188992.0
2015-04-21,84.45,87.18,86.78,84.21,41818176.0,446458176.0
2015-04-20,88.39,88.39,84.77,83.72,63340732.0,675552704.0
2015-04-17,90.08,92.17,88.79,88.55,67092820.0,747251840.0
2015-04-16,84.69,92.01,90.16,82.84,60847720.0,668814848.0
2015-04-15,83.48,88.15,85.97,82.19,65917096.0,697407552.0
2015-04-14,82.84,86.86,83.64,81.95,53990680.0,566825984.0
2015-04-13,80.75,83.64,82.84,80.02,68091200.0,692316160.0
2015-04-10,79.22,81.79,80.75,78.9,58254400.0,580936576.0
2015-04-09,77.05,80.83,80.59,75.84,81167576.0,791386432.0
2015-04-08,77.37,78.01,76.81,75.6,46891312.0,447299552.0
2015-04-07,74.8,77.61,77.37,74.31,62639964.0,590921088.0
2015-04-03,74.15,74.88,74.64,73.35,36980816.0,340793024.0
2015-04-02,75.52,75.52,74.39,73.59,37578520.0,348050432.0
2015-04-01,73.67,74.8,74.64,73.51,31550016.0,291004352.0
2015-03-31,75.28,76.24,73.83,73.19,42885436.0,399908672.0
2015-03-30,73.75,75.44,75.2,73.43,41277312.0,382195136.0
2015-03-27,73.99,74.8,73.91,73.19,22926922.0,210822656.0
2015-03-26,73.03,74.8,73.99,72.46,33130528.0,303503584.0
2015-03-25,73.59,74.72,73.35,72.62,26359156.0,240633008.0
2015-03-24,73.27,75.36,73.51,71.9,42890668.0,393152576.0
2015-03-23,71.98,73.27,73.19,71.98,26305124.0,237790336.0
2015-03-20,72.38,73.27,71.82,71.26,28609628.0,256115184.0
2015-03-19,72.06,73.59,72.7,71.82,36151712.0,327432576.0
2015-03-18,71.74,72.87,72.46,71.02,31992908.0,286957472.0
2015-03-17,71.42,73.99,71.9,70.94,41345648.0,372312832.0
2015-03-16,69.49,71.98,71.42,68.84,31816092.0,279645760.0
2015-03-13,68.2,69.49,69.25,67.72,25438244.0,216950480.0
2015-03-12,68.6,68.68,68.28,67.64,16980740.0,144041392.0
2015-03-11,66.83,68.68,68.52,66.51,29935288.0,251430368.0
2015-03-10,66.83,67.16,66.75,66.59,17547954.0,145755872.0
2015-03-09,65.95,67.0,66.83,65.63,15380901.0,126796952.0
2015-03-06,66.27,66.67,66.59,65.79,13522346.0,111293264.0
2015-03-05,66.83,67.4,66.27,65.23,22824796.0,187689248.0
2015-03-04,67.56,67.56,67.24,66.75,24570408.0,205125424.0
2015-03-03,68.2,68.68,67.16,66.67,20436406.0,172008208.0
2015-03-02,68.2,68.84,68.84,67.56,15064840.0,127365688.0
2015-02-27,68.12,68.76,67.8,67.56,11015305.0,93208160.0
2015-02-26,67.0,68.2,68.12,66.59,15156525.0,127658288.0
2015-02-25,67.16,67.48,67.16,66.35,15961269.0,132644840.0
2015-02-17,67.16,67.88,66.92,66.59,12630162.0,105529488.0
2015-02-16,67.24,67.48,67.16,65.95,16665322.0,138474352.0
2015-02-13,67.48,68.6,67.16,66.59,14924676.0,125210704.0
2015-02-12,66.51,67.4,67.24,66.11,13236676.0,110136248.0
2015-02-11,65.06,67.0,66.59,64.82,21292932.0,175073472.0
2015-02-10,63.94,68.52,65.71,63.94,31111848.0,257454000.0
2015-02-09,61.77,63.78,63.78,61.77,9605327.0,75011800.0
2015-02-06,64.34,64.98,62.73,62.33,12376258.0,97681448.0
2015-02-05,66.35,66.59,64.26,64.02,10998104.0,89741072.0
2015-02-04,66.59,67.08,65.71,65.55,10298343.0,85015416.0
2015-02-03,66.35,66.67,66.67,65.31,14922036.0,122286840.0
2015-02-02,64.82,66.67,65.55,64.42,10944111.0,89475520.0
2015-01-30,66.03,66.43,65.79,64.74,12547893.0,102409048.0
2015-01-29,67.4,67.48,65.95,65.55,14178273.0,116751440.0
2015-01-28,68.04,68.36,67.64,67.08,13957698.0,117474168.0
2015-01-27,67.08,68.84,68.52,66.67,26114288.0,220228160.0
2015-01-26,65.87,67.4,67.16,65.22,15274602.0,126130432.0
2015-01-23,66.35,67.24,65.63,65.22,18540026.0,152593728.0
2015-01-22,66.43,66.51,66.35,65.55,18108728.0,149100336.0
2015-01-21,65.39,66.59,66.27,65.14,19618328.0,160692080.0
2015-01-20,64.74,66.03,65.14,64.5,19826318.0,161122112.0
2015-01-19,67.0,68.12,64.26,63.22,23222016.0,190602096.0
2015-01-16,68.84,69.33,68.44,67.88,23856212.0,203274032.0
2015-01-15,69.73,70.86,69.25,68.12,18890790.0,162227744.0
2015-01-14,68.28,70.29,69.57,67.88,21771912.0,187116768.0
2015-01-13,69.33,70.61,68.52,68.36,21858260.0,189205776.0
2015-01-12,67.16,70.61,69.89,66.67,32340724.0,278186496.0
2015-01-09,66.03,69.57,66.91,65.71,35506148.0,301071840.0
2015-01-08,65.79,67.08,66.03,65.47,19616186.0,161727872.0
2015-01-07,67.48,68.2,65.71,65.55,26675800.0,221033632.0
2015-01-06,66.59,69.09,67.56,65.63,28586176.0,239238752.0
2015-01-05,64.82,67.8,67.08,64.34,39231548.0,323719488.0
2014-12-31,63.94,64.58,64.26,63.22,15034264.0,119735664.0
2014-12-30,64.42,64.9,63.7,62.97,21572004.0,171532256.0
2014-12-29,61.77,65.47,64.74,61.61,39498572.0,312000896.0
2014-12-26,61.37,62.57,62.33,61.04,24717020.0,189855984.0
2014-12-25,62.01,63.38,62.33,60.32,52362592.0,399974560.0
2014-12-24,62.89,63.13,61.93,60.8,18924904.0,145608496.0
2014-12-23,62.89,64.26,62.81,62.33,13593142.0,107441120.0
2014-12-22,64.1,64.74,63.46,62.41,23506500.0,186450928.0
2014-12-19,63.78,64.42,64.34,63.05,16018553.0,127529120.0
2014-12-18,63.78,64.34,64.1,63.46,12130423.0,96411768.0
2014-12-17,65.63,65.71,64.1,63.46,24688440.0,197123984.0
2014-12-16,65.55,66.35,65.63,64.58,21649324.0,175606288.0
2014-12-15,63.22,65.95,65.95,62.97,29433156.0,235951040.0
2014-12-12,63.05,63.86,63.86,61.69,23655730.0,184472192.0
2014-12-11,62.49,64.18,63.05,61.77,24912100.0,195717232.0
2014-12-10,59.68,62.81,62.57,59.68,23964048.0,183135216.0
2014-12-09,61.85,63.86,59.52,58.95,34435788.0,267022400.0
2014-12-08,60.8,62.33,61.77,60.0,26286350.0,200800928.0
2014-12-05,62.01,63.94,60.88,59.6,28882662.0,221649184.0
2014-12-04,61.69,62.65,62.17,61.12,29167042.0,224602288.0
2014-12-03,60.48,62.25,61.77,60.32,32152326.0,244147424.0
2014-12-02,60.0,60.64,60.56,58.63,28189164.0,210080976.0
2014-12-01,60.4,61.12,60.24,59.35,23963072.0,178965744.0
2014-11-28,60.32,60.96,60.32,59.52,30105308.0,225393872.0
2014-11-27,58.07,61.2,60.24,57.99,57132576.0,425984576.0
2014-11-26,57.34,58.63,57.91,57.1,38231504.0,274439968.0
2014-11-25,56.54,57.51,57.34,56.38,26218290.0,186258240.0
2014-11-24,56.46,57.02,56.46,55.98,28366100.0,199576368.0
2014-11-21,55.82,56.22,56.22,55.49,13327861.0,92575072.0
2014-11-20,55.73,56.06,55.82,55.57,7450253.0,51663016.0
2014-11-19,55.66,56.14,55.98,55.49,13286232.0,92183304.0
2014-11-18,56.3,56.46,55.66,55.57,16288786.0,113457448.0
2014-11-17,57.66,57.99,56.54,56.3,20266868.0,143591936.0
2014-11-14,56.46,57.66,57.42,56.22,28173266.0,200038944.0
2014-11-13,56.7,56.94,56.86,55.9,27065360.0,189602368.0
2014-11-12,55.01,57.26,56.78,54.77,44833256.0,313694528.0
2014-11-11,55.17,55.9,55.01,54.53,35782016.0,246093248.0
2014-11-10,54.53,55.25,55.17,54.05,18205456.0,123956184.0
2014-11-07,55.49,55.57,54.37,54.29,18654288.0,127683488.0
2014-11-06,55.25,55.66,55.41,55.01,15347505.0,105524080.0
2014-11-05,55.01,55.41,55.17,54.77,14100024.0,96564552.0
2014-11-04,54.85,55.17,55.09,54.61,20450740.0,139562064.0
2014-11-03,55.41,55.57,55.09,54.77,24694072.0,169137024.0
2014-10-31,55.01,55.66,55.41,54.69,23328420.0,159915344.0
2014-10-30,54.93,55.25,54.77,54.61,14286985.0,97480600.0
2014-10-29,54.45,54.93,54.85,54.13,13703154.0,92921672.0
2014-10-28,53.8,54.37,54.37,53.64,9469628.0,63714316.0
2014-10-27,53.4,53.88,53.8,53.16,7577486.0,50494708.0
2014-10-24,53.64,53.88,53.56,53.24,8299294.0,55296956.0
2014-10-23,54.61,54.69,53.64,53.4,14398158.0,96732552.0
2014-10-22,55.17,55.33,54.53,54.29,15671742.0,106701376.0
2014-10-21,55.9,55.9,55.25,54.93,17901320.0,123303776.0
2014-10-20,55.17,56.22,55.73,55.17,30863814.0,214158640.0
2014-10-17,54.29,55.17,55.09,54.05,26062544.0,177091888.0
2014-10-16,54.37,54.85,54.29,54.05,12586021.0,85325824.0
2014-10-15,54.13,54.69,54.53,53.72,17139844.0,115617336.0
2014-10-14,55.01,55.17,54.13,53.88,28517144.0,193193232.0
2014-10-13,55.25,55.57,55.17,54.69,17279658.0,118156656.0
2014-10-10,55.66,55.9,55.41,55.17,16696568.0,115209960.0
2014-10-09,55.9,56.14,55.82,55.33,20607048.0,142723872.0
2014-10-08,54.85,56.46,55.98,54.53,33944656.0,234699728.0
2014-09-30,55.01,55.17,54.69,54.61,17024822.0,116098568.0
2014-09-29,54.85,55.17,54.93,54.53,20976824.0,143020688.0
2014-09-26,54.69,55.25,54.77,54.29,15915373.0,108392440.0
2014-09-25,55.49,55.82,54.85,54.77,18914270.0,130150456.0
2014-09-24,55.01,55.49,55.49,54.45,18611542.0,127467224.0
2014-09-23,54.61,55.09,55.01,54.29,10798627.0,73560856.0
2014-09-22,55.09,55.49,54.69,54.45,14973072.0,102350824.0
2014-09-19,55.09,55.33,55.09,54.45,15334797.0,104929608.0
2014-09-18,53.72,55.57,55.09,53.48,34669636.0,236536368.0
2014-09-17,53.72,54.05,53.8,53.48,14913820.0,99726120.0
2014-09-16,54.37,55.09,53.64,53.56,32652744.0,221411792.0
2014-09-15,54.13,54.45,54.29,53.8,18586176.0,125051768.0
2014-09-12,54.37,54.53,54.29,53.56,21648650.0,145243360.0
2014-09-11,53.73,54.61,54.53,53.48,22875988.0,153904112.0
2014-09-10,53.72,53.8,53.8,53.16,11490383.0,76530696.0
2014-09-09,54.45,54.53,53.97,53.8,12003577.0,80596120.0
2014-09-05,54.05,54.45,54.37,53.72,21554228.0,145208624.0
2014-09-04,53.32,54.13,53.97,53.08,20814828.0,138944672.0
2014-09-03,53.48,53.73,53.32,52.92,23539146.0,156094320.0
2014-09-02,52.68,53.4,53.32,52.52,18382540.0,121486616.0
2014-09-01,52.44,52.76,52.68,51.79,17193612.0,111862864.0
2014-08-29,52.28,52.44,52.28,51.63,7694467.0,49872580.0
2014-08-28,51.55,52.52,52.12,51.39,14762977.0,95464032.0
2014-08-27,51.23,51.71,51.39,51.23,10175218.0,65121940.0
2014-08-26,52.68,53.0,51.15,50.51,19982776.0,128777912.0
2014-08-25,53.16,53.24,52.84,52.68,11937669.0,78474152.0
2014-08-22,53.08,53.4,53.24,52.76,15013077.0,99150288.0
2014-08-21,53.4,53.64,53.0,52.76,17217308.0,113575704.0
2014-08-20,53.56,53.97,53.48,53.4,20654544.0,137888608.0
2014-08-19,53.97,53.97,53.56,53.32,17666376.0,117735176.0
2014-08-18,53.56,54.05,53.88,53.32,21619388.0,144285408.0
2014-08-15,53.32,53.64,53.48,53.24,14493671.0,96302192.0
2014-08-14,53.88,53.88,53.24,53.08,13534622.0,89883904.0
2014-08-13,54.53,54.61,53.8,53.24,14478185.0,96821544.0
2014-08-12,54.21,54.45,54.37,53.72,13014021.0,87540696.0
2014-08-11,53.32,54.21,54.21,53.08,13760246.0,92193784.0
2014-08-08,53.08,53.16,53.08,52.68,8033351.0,52859580.0
2014-08-07,53.88,54.29,52.84,52.68,14461414.0,95936024.0
2014-08-06,53.88,54.45,53.88,53.56,15244234.0,102506088.0
2014-08-05,54.29,54.61,54.13,53.64,8528665.0,57204776.0
2014-08-04,53.88,54.77,54.29,53.8,18197928.0,122940512.0
2014-08-01,52.76,55.01,53.73,52.68,47011280.0,316677824.0
2014-07-31,52.6,53.24,52.92,52.44,13425107.0,88370136.0
2014-07-30,52.12,52.92,52.6,52.04,21417018.0,139718880.0
2014-07-29,52.36,52.36,52.12,51.95,26274818.0,170449760.0
2014-07-28,51.88,52.84,52.52,51.47,46646084.0,302317024.0
2014-07-25,51.07,51.63,51.63,50.91,20017428.0,127821688.0
2014-07-24,50.67,51.07,50.99,50.43,14861272.0,93818784.0
2014-07-23,50.75,50.91,50.51,50.51,12735112.0,80275952.0
2014-07-22,50.67,50.99,50.91,50.35,11885320.0,74929120.0
2014-07-21,50.67,50.83,50.75,50.51,8765128.0,55240028.0
2014-07-18,50.51,50.99,50.67,50.35,10951426.0,69060696.0
2014-07-17,50.75,50.99,50.59,50.43,8496136.0,53497112.0
2014-07-16,51.07,51.23,50.75,50.59,13454551.0,85097592.0
2014-07-15,50.75,51.31,51.15,50.51,18450276.0,116797208.0
2014-07-14,50.59,50.83,50.75,50.1,11049235.0,69320696.0
2014-07-11,50.83,51.39,50.51,50.19,13995029.0,88205304.0
2014-07-10,50.51,51.23,50.67,50.51,6454492.0,40757868.0
2014-07-09,51.39,51.55,50.59,50.59,5524972.0,35117756.0
2014-07-08,51.55,51.63,51.55,51.15,4678153.0,29894404.0
2014-07-07,51.39,51.79,51.55,51.23,4599689.0,29481662.0
2014-07-04,52.04,52.12,51.47,51.47,5936240.0,38133912.0
2014-07-03,51.88,52.12,52.04,51.63,6238297.0,40233540.0
2014-07-02,52.12,52.44,51.71,51.63,8557732.0,55301028.0
2014-07-01,52.12,52.28,52.12,51.79,5923514.0,38293496.0
2014-06-30,51.47,52.68,52.28,51.31,14215283.0,91472024.0
2014-06-27,51.39,51.55,51.39,51.15,6311043.0,40271044.0
2014-06-26,51.23,51.63,51.39,51.15,5556109.0,35528380.0
2014-06-25,51.79,51.79,51.39,51.07,3529018.0,22529888.0
2014-06-24,51.55,51.88,51.63,51.39,3290593.0,21136842.0
2014-06-23,51.79,51.95,51.55,51.39,3512095.0,22551574.0
2014-06-20,51.39,51.88,51.63,51.07,4359847.0,27952230.0
2014-06-19,52.92,52.92,51.47,50.67,7339603.0,47191520.0
2014-06-18,52.68,52.84,52.36,51.71,10604889.0,68917488.0
2014-06-17,53.88,54.05,52.84,52.76,13756375.0,91075160.0
2014-06-16,54.21,54.93,54.21,53.88,10915608.0,73652656.0
2014-06-13,53.89,54.37,54.05,53.8,11816993.0,79363792.0
2014-06-12,54.69,54.69,54.13,53.97,11160916.0,75268856.0
2014-06-11,54.45,55.01,55.01,53.97,10459657.0,70818712.0
2014-06-10,55.09,55.25,54.85,54.05,15143389.0,102642168.0
2014-06-09,54.37,55.98,55.01,54.13,19895764.0,136548288.0
2014-06-06,54.53,55.01,54.05,53.48,11096968.0,74856784.0
2014-06-05,53.88,54.61,54.53,53.56,9615848.0,64914440.0
2014-06-04,54.37,55.01,54.05,53.48,10414357.0,69750096.0
2014-06-03,55.41,56.22,54.69,54.53,19023772.0,130902360.0
2014-05-30,53.88,55.01,54.93,53.56,18546400.0,125380280.0
2014-05-29,54.05,54.21,53.64,53.32,8327801.0,55648200.0
2014-05-28,54.05,54.61,54.13,53.32,18894844.0,126644648.0
2014-05-27,53.88,54.85,54.05,53.8,12292608.0,82896288.0
2014-05-26,54.77,55.57,54.05,53.8,13266494.0,90156360.0
2014-05-23,53.97,54.69,54.69,53.73,8442033.0,56968872.0
2014-05-22,54.45,54.61,53.81,53.81,10054087.0,68613568.0
2014-05-21,53.02,54.53,54.45,53.02,17483852.0,118731504.0
2014-05-20,53.18,53.9,53.18,52.94,9331352.0,62578360.0
2014-05-19,52.3,53.58,53.26,51.75,11943380.0,79605312.0
2014-05-16,51.99,52.78,52.62,51.83,6382344.0,42137176.0
2014-05-15,52.86,53.1,51.99,51.67,8931799.0,59015556.0
2014-05-14,52.15,53.81,53.02,52.07,14742768.0,98650488.0
2014-05-13,51.75,51.91,51.67,51.35,4985231.0,32355612.0
2014-05-12,50.56,51.91,51.83,50.56,9734741.0,62921544.0
2014-05-09,50.4,50.64,50.4,49.92,4960756.0,31439212.0
2014-05-08,50.16,50.8,50.64,50.0,10322289.0,65377440.0
2014-05-07,50.16,50.72,50.08,50.08,4455391.0,28208878.0
2014-05-06,50.56,50.95,50.24,50.16,6269998.0,39910524.0
2014-05-05,50.72,50.95,50.56,49.76,8010829.0,50550212.0
2014-04-30,49.68,51.43,50.8,49.2,8296902.0,52100700.0
2014-04-29,49.36,49.84,49.68,49.12,6528784.0,40660236.0
2014-04-28,50.87,50.95,49.2,49.13,10071251.0,63027636.0
2014-04-25,51.99,51.99,50.95,50.8,8312430.0,53593756.0
2014-04-24,51.99,52.23,51.83,51.51,5731424.0,37385512.0
2014-04-23,53.02,53.34,52.15,51.75,11708892.0,77389048.0
2014-04-22,53.5,53.74,53.42,52.3,7212923.0,48038804.0
2014-04-21,54.37,54.69,53.66,53.66,6809674.0,46409088.0
2014-04-18,54.05,55.25,54.69,53.74,8073412.0,55467552.0
2014-04-17,54.37,54.77,54.37,53.97,5295220.0,36194532.0
2014-04-16,54.45,54.93,54.21,53.9,8219766.0,56266176.0
2014-04-15,55.09,55.41,54.53,54.53,7709919.0,53236028.0
2014-04-14,55.41,55.72,55.48,54.69,7577422.0,52601712.0
2014-04-11,55.48,56.44,55.41,54.45,11967628.0,83493448.0
2014-04-10,55.17,56.52,55.8,54.29,14990484.0,104371576.0
2014-04-09,54.93,55.25,54.93,54.53,8852464.0,61163048.0
2014-04-08,53.9,55.25,54.85,53.58,11869462.0,81287008.0
2014-04-04,53.9,54.13,54.05,53.66,5017399.0,34038072.0
2014-04-03,54.93,55.01,53.9,53.58,6986573.0,47675200.0
2014-04-02,53.81,55.01,54.69,53.81,9728499.0,66724992.0
2014-04-01,53.81,54.29,54.05,53.42,7382156.0,50172688.0
2014-03-31,53.58,54.61,53.66,53.26,10071122.0,68337944.0
2014-03-28,52.3,53.9,53.66,52.15,14441764.0,96118896.0
2014-03-27,53.42,53.81,53.1,53.1,5996319.0,40309000.0
2014-03-26,53.42,53.66,53.42,53.18,5144140.0,34530004.0
2014-03-25,53.02,53.97,53.34,52.78,13199005.0,88888856.0
2014-03-24,52.7,53.74,52.94,52.46,14227896.0,95129896.0
2014-03-21,51.51,53.66,53.26,49.92,21182668.0,136499072.0
2014-03-20,52.23,52.38,51.51,51.51,9885047.0,64626876.0
2014-03-19,52.54,52.86,52.15,51.67,9501683.0,62316728.0
2014-03-18,53.5,53.97,52.7,52.54,14100851.0,94634840.0
2014-03-17,53.5,53.74,53.42,52.94,7090006.0,47537056.0
2014-03-14,54.05,54.29,53.9,52.46,11206404.0,74952176.0
2014-03-13,53.74,54.61,54.45,53.58,15095044.0,102650840.0
2014-03-12,54.45,54.69,53.74,52.94,9290123.0,62749608.0
2014-03-11,52.86,55.09,54.69,52.54,15725154.0,107702968.0
2014-03-10,53.5,53.97,53.18,52.46,12246111.0,81796248.0
2014-03-07,52.07,54.45,53.58,51.91,15796805.0,105487320.0
2014-03-06,52.07,52.78,51.99,51.67,13946702.0,91566736.0
2014-03-05,53.26,53.42,52.15,52.07,11335827.0,75193728.0
2014-03-04,53.81,53.81,53.34,52.62,9168400.0,61193820.0
2014-03-03,53.1,54.21,53.97,52.7,10660785.0,72020432.0
2014-02-28,51.51,53.74,53.42,51.35,11823384.0,77877400.0
2014-02-27,52.94,52.94,51.67,51.59,12276255.0,80589472.0
2014-02-26,52.62,53.42,52.7,52.23,11825671.0,78340992.0
2014-02-25,55.01,55.09,53.66,52.15,17856088.0,121293416.0
2014-02-24,56.6,56.6,55.25,54.13,12711326.0,88070272.0
2014-02-21,57.71,57.95,56.76,56.44,15713558.0,112438368.0
2014-02-20,55.25,58.03,57.23,55.25,40308648.0,289156608.0
2014-02-19,54.45,55.09,54.93,54.29,17733428.0,122053728.0
2014-02-18,54.85,54.93,54.69,54.05,15903661.0,108789704.0
2014-02-17,55.96,56.12,55.09,54.53,22646460.0,156567008.0
2014-02-14,56.44,56.76,55.64,55.25,14617951.0,102486584.0
2014-02-13,56.99,57.08,56.36,56.2,9967979.0,70975008.0
2014-02-12,57.31,57.55,56.92,56.44,13534167.0,96904520.0
2014-02-11,56.99,57.79,57.23,56.68,12363713.0,89043152.0
2014-02-10,55.96,57.23,57.15,55.41,16988828.0,120833840.0
2014-02-07,55.72,55.88,55.72,54.05,9455336.0,65524320.0
2014-01-30,56.76,57.08,56.36,55.56,5232672.0,37036656.0
2014-01-29,55.33,56.91,56.84,55.33,8372531.0,59475356.0
2014-01-28,56.04,56.84,55.33,55.25,11287745.0,79383568.0
2014-01-27,57.71,57.71,56.28,55.41,17145248.0,120937448.0
2014-01-24,58.35,58.9,57.87,57.79,14874717.0,108805760.0
2014-01-23,60.49,60.65,58.59,57.71,21477268.0,158863584.0
2014-01-22,59.7,60.89,60.89,59.3,9719762.0,73440448.0
2014-01-21,59.54,60.02,60.02,58.03,12841647.0,94996568.0
2014-01-20,61.53,61.92,59.54,58.03,7610110.0,57115520.0
2014-01-17,63.27,63.99,61.84,61.84,4343699.0,34315712.0
2014-01-16,63.2,64.63,63.59,62.64,5768114.0,46182188.0
2014-01-15,62.56,63.51,63.27,62.0,4061539.0,32047588.0
2014-01-14,62.16,62.88,62.56,60.41,6958285.0,53930572.0
2014-01-13,60.97,62.24,62.08,60.97,4674902.0,36375256.0
2014-01-10,61.05,62.24,60.97,59.54,5924969.0,45303248.0
2014-01-09,63.35,63.99,60.89,60.41,10341738.0,80710840.0
2014-01-08,61.29,65.1,63.35,60.57,9282490.0,73563928.0
2014-01-07,60.81,62.4,61.29,60.41,9411953.0,72511832.0
2014-01-06,64.78,64.78,61.13,60.97,13234815.0,104122008.0
2014-01-03,64.63,65.42,65.02,64.07,9343163.0,76258200.0
2014-01-02,64.23,65.82,65.1,61.84,14306581.0,114366328.0
2013-12-31,63.59,64.71,64.39,63.59,7782456.0,62933996.0
2013-12-30,64.15,65.02,64.23,63.51,7301697.0,59078736.0
2013-12-27,62.32,65.5,63.59,62.32,12648716.0,102248896.0
2013-12-26,60.25,64.07,62.4,60.25,15456921.0,122626272.0
2013-12-25,59.78,60.81,60.57,58.98,10613004.0,80352896.0
2013-12-24,58.66,61.76,59.78,58.27,8084636.0,61113396.0
2013-12-23,59.38,59.78,58.74,57.23,11969947.0,87879224.0
2013-12-20,60.97,61.77,59.3,58.03,10117665.0,75785064.0
2013-12-19,61.69,61.84,60.97,59.7,6537064.0,49836108.0
2013-12-18,63.04,63.51,61.29,60.81,6241156.0,48428004.0
2013-12-17,62.8,65.42,63.12,61.6,26549314.0,215239840.0
2013-12-16,62.0,65.82,62.8,62.0,28813180.0,232556176.0
2013-12-13,59.22,62.48,61.84,59.14,23702336.0,184121328.0
2013-12-12,59.54,60.49,59.94,59.54,6946606.0,52430372.0
2013-12-11,60.09,60.97,59.62,59.14,14162950.0,106786744.0
2013-12-10,58.35,60.49,59.78,58.03,12891412.0,96537792.0
2013-12-09,58.66,58.74,58.35,57.79,5142864.0,37640668.0
2013-12-06,58.03,58.59,58.27,57.87,6142156.0,45026336.0
2013-12-05,58.11,58.98,58.27,57.39,11065108.0,81095032.0
2013-12-04,56.6,59.62,58.43,56.52,13378121.0,97504904.0
2013-12-03,55.8,57.39,56.84,55.25,11898557.0,83951944.0
2013-12-02,57.87,58.59,55.8,55.8,9838943.0,70645576.0
2013-11-29,58.35,58.66,58.51,58.03,5835608.0,42913124.0
2013-11-28,58.43,59.38,58.27,58.19,8343703.0,61714896.0
2013-11-27,57.87,58.66,58.27,57.08,6945598.0,50859576.0
2013-11-26,57.39,58.19,57.71,57.15,4531126.0,32901130.0
2013-11-25,56.44,58.43,57.55,56.28,6746512.0,49036252.0
2013-11-22,57.63,57.63,56.99,56.6,5395251.0,38743328.0
2013-11-21,57.39,58.51,57.47,57.23,6036368.0,43873344.0
2013-11-20,58.66,58.74,57.71,57.31,8115393.0,59119392.0
2013-11-19,58.74,58.74,58.19,57.39,6753215.0,49052716.0
2013-11-18,54.77,60.02,58.74,54.77,26133234.0,192560784.0
2013-11-15,53.1,55.64,54.53,52.86,9950606.0,68238200.0
2013-11-14,52.38,53.5,52.7,51.59,8158477.0,53879080.0
2013-11-13,53.34,53.81,51.83,51.35,8474441.0,55939216.0
2013-11-12,52.86,54.85,53.82,52.46,9005546.0,60698236.0
2013-11-11,52.7,53.26,52.94,52.3,4659110.0,30900284.0
2013-11-08,53.74,54.37,53.18,51.67,8082177.0,53660772.0
2013-11-07,53.02,54.53,54.05,52.78,7469946.0,50561548.0
2013-11-06,54.05,54.45,53.1,52.46,9884898.0,66559796.0
2013-11-05,55.48,55.48,54.53,52.94,10916853.0,74083848.0
2013-11-04,56.6,56.76,55.88,55.72,4073871.0,28760090.0
2013-11-01,55.96,57.08,55.88,55.64,7825890.0,55361036.0
2013-10-31,55.8,56.28,55.33,55.25,7243975.0,50733240.0
2013-10-30,54.53,56.52,56.36,54.29,11642383.0,82062032.0
2013-10-29,56.36,57.15,55.01,53.34,10991748.0,76548384.0
2013-10-28,55.88,58.19,56.44,54.45,9624039.0,68293480.0
2013-10-25,56.28,56.68,55.8,55.25,7356013.0,51740472.0
2013-10-24,56.04,56.99,56.44,55.64,9489454.0,67243000.0
2013-10-23,59.22,59.46,57.15,55.25,28519818.0,204408496.0
2013-10-22,61.84,61.84,59.7,58.19,28371876.0,212791984.0
2013-10-21,61.84,62.8,61.92,60.73,28887444.0,223768576.0
2013-10-18,60.25,62.8,62.24,58.74,27888994.0,215157776.0
2013-10-17,60.25,61.13,60.33,59.38,17157864.0,129764776.0
2013-10-16,59.94,62.08,60.25,58.03,29313376.0,221877440.0
2013-10-15,59.54,63.43,60.41,58.03,45687220.0,347770784.0
2013-10-14,53.74,58.82,58.82,53.26,27509336.0,200318512.0
2013-10-11,51.35,54.53,53.5,51.35,23802224.0,159822800.0
2013-10-10,51.83,52.23,51.27,51.03,6800621.0,44088672.0
2013-10-09,51.75,52.94,51.75,51.59,11456948.0,75460384.0
2013-10-08,50.87,52.46,52.07,50.72,9941544.0,64269896.0
2013-09-30,51.11,51.51,51.11,50.48,6811111.0,43790124.0
2013-09-27,49.52,51.35,51.11,49.44,13520685.0,86088080.0
2013-09-26,49.44,50.24,49.76,49.2,8107474.0,50714448.0
2013-09-25,49.84,50.16,49.84,49.36,5296790.0,33217762.0
2013-09-24,49.76,50.08,50.0,49.2,7150293.0,44678140.0
2013-09-23,50.0,50.48,50.0,49.68,5583054.0,35139756.0
2013-09-18,50.08,50.16,50.0,49.52,4344800.0,27254614.0
2013-09-17,50.24,50.64,50.24,49.44,7635152.0,48216140.0
2013-09-16,51.03,51.35,50.4,50.32,10490274.0,66927616.0
2013-09-13,50.64,51.27,50.87,50.4,8366585.0,53541720.0
2013-09-12,50.8,51.11,50.72,49.84,11146087.0,70784408.0
2013-09-11,50.0,51.03,50.8,49.68,15075500.0,95738856.0
2013-09-10,49.84,50.24,49.92,49.44,9920964.0,62209568.0
2013-09-09,49.52,50.0,49.92,48.57,10202794.0,63396668.0
2013-09-06,49.2,49.76,49.52,49.13,4363454.0,27115258.0
2013-09-05,49.36,49.68,49.52,48.89,5422258.0,33527238.0
2013-09-04,49.84,50.32,49.6,48.97,6462556.0,40267028.0
2013-09-03,49.92,50.16,50.0,49.36,9424898.0,59113580.0
2013-09-02,48.97,50.08,49.92,48.65,14065955.0,87908576.0
2013-08-30,48.57,49.76,48.89,47.62,15736945.0,96327592.0
2013-08-29,48.89,49.28,48.57,47.54,8238945.0,50412132.0
2013-08-28,48.73,49.2,48.49,48.33,9575328.0,58720080.0
2013-08-27,48.65,48.81,48.41,48.17,3888992.0,23695826.0
2013-08-26,47.93,48.81,48.73,47.54,4653487.0,28313420.0
2013-08-23,48.65,48.81,48.09,47.06,5027420.0,30295466.0
2013-08-22,49.28,49.44,48.41,48.33,7249740.0,44485028.0
2013-08-21,49.6,49.76,49.2,49.05,5124045.0,31864482.0
2013-08-20,49.28,50.4,49.2,48.89,6376968.0,39866236.0
2013-08-19,48.73,49.76,49.52,48.57,6225682.0,38643112.0
2013-08-16,49.2,50.08,48.89,48.57,9729262.0,60296404.0
2013-08-15,49.68,50.08,49.36,49.2,6152128.0,38435216.0
2013-08-14,49.76,50.4,49.6,49.44,6925628.0,43475484.0
2013-08-13,50.0,50.08,49.76,49.28,5849673.0,36516448.0
2013-08-12,49.28,50.56,50.0,49.13,12154286.0,76285232.0
2013-08-09,48.49,49.68,48.97,48.33,16204408.0,100112312.0
2013-08-08,48.49,48.65,48.41,47.85,9103015.0,55262684.0
2013-08-07,48.41,49.13,48.49,48.01,11010921.0,67252728.0
2013-08-06,48.57,48.97,48.65,47.85,11299195.0,69032888.0
2013-08-05,48.17,48.65,48.65,48.09,6314383.0,38486680.0
2013-08-02,48.33,48.57,48.17,47.7,5463747.0,33015706.0
2013-08-01,47.7,48.41,48.09,47.38,5139878.0,30935168.0
2013-07-31,47.38,47.7,47.38,47.14,3430076.0,20449814.0
2013-07-30,46.98,47.62,47.3,46.1,7849867.0,46436480.0
2013-07-29,48.25,48.25,46.98,46.5,8112371.0,48043432.0
2013-07-26,49.28,49.44,48.49,47.3,12333950.0,74892664.0
2013-07-25,48.89,51.43,49.68,48.17,25544504.0,159737232.0
2013-07-24,48.73,49.28,48.81,48.01,7938562.0,48618836.0
2013-07-23,46.5,49.6,48.73,46.18,15427032.0,93787464.0
2013-07-22,45.87,46.58,46.58,45.55,5315323.0,30856664.0
2013-07-19,46.98,46.98,46.19,45.15,14183191.0,82250504.0
2013-07-18,46.9,47.46,46.82,46.1,15207872.0,89408200.0
2013-07-17,48.57,48.57,47.06,46.98,10682911.0,64255416.0
2013-07-16,48.33,48.81,48.49,47.7,9999579.0,60669520.0
2013-07-15,48.41,49.13,48.57,48.17,8953490.0,54748872.0
2013-07-12,48.09,48.89,48.41,47.54,14638750.0,88789672.0
2013-07-11,47.7,48.89,48.41,47.38,14343005.0,87147584.0
2013-07-10,46.66,47.85,47.54,46.58,11152220.0,66293100.0
2013-07-09,47.14,47.77,47.06,46.1,7813925.0,46191192.0
2013-07-08,47.06,48.81,47.46,46.19,13692249.0,82103080.0
2013-07-05,47.54,47.85,47.3,47.14,7843345.0,46913876.0
2013-07-04,46.9,47.62,47.62,46.34,8430983.0,50109336.0
2013-07-03,46.1,47.14,47.14,45.47,6436679.0,37387080.0
2013-07-02,45.79,46.66,46.34,45.63,5006402.0,29115656.0
2013-07-01,45.39,45.87,45.87,44.91,8591518.0,49262244.0
2013-06-28,44.67,45.71,45.39,44.52,7571943.0,43045776.0
2013-06-27,45.63,46.02,44.91,44.59,8661772.0,49425112.0
2013-06-26,44.75,46.02,45.71,43.8,12375125.0,70939096.0
2013-06-25,44.67,45.47,45.07,41.97,15277910.0,85279984.0
2013-06-24,46.74,47.38,45.39,45.31,16961384.0,99268072.0
2013-06-21,46.9,47.54,46.9,46.02,16157615.0,95686488.0
2013-06-20,47.77,48.17,47.46,46.9,19803860.0,118581256.0
2013-06-19,47.38,48.01,48.01,46.98,17099732.0,102047744.0
2013-06-18,46.9,47.54,47.46,46.82,12399096.0,73599112.0
2013-06-17,47.46,47.46,46.98,46.42,12595321.0,74273488.0
2013-06-14,46.74,47.62,47.14,46.19,19485098.0,115269096.0
2013-06-13,47.14,47.14,46.74,45.71,21311606.0,124147168.0
2013-06-07,47.54,47.85,47.46,46.58,18902636.0,112034488.0
2013-06-06,46.9,48.25,47.77,45.95,26605730.0,158668944.0
2013-06-05,48.09,48.41,47.93,47.54,15600992.0,94096792.0
2013-06-04,48.41,48.81,48.41,47.7,12022988.0,73045040.0
2013-06-03,48.81,49.28,48.49,48.33,11247364.0,68934688.0
2013-05-31,49.76,49.92,48.97,48.49,11162231.0,68951760.0
2013-05-30,48.73,49.84,49.6,48.33,24442068.0,151627440.0
2013-05-29,46.82,49.28,48.73,46.74,33484904.0,203475216.0
2013-05-23,47.06,47.46,47.3,46.58,17038016.0,100660720.0
2013-05-22,48.33,48.49,47.46,46.9,21658424.0,128995032.0
2013-05-21,48.01,48.81,48.33,47.93,17549200.0,106838896.0
2013-05-20,47.22,48.25,47.93,46.58,21644088.0,130011240.0
2013-05-17,46.26,47.38,47.22,45.79,14031502.0,82408360.0
2013-05-16,45.5,46.28,46.05,45.11,7976685.0,46830760.0
2013-05-15,45.34,45.73,45.58,44.95,5598535.0,32599192.0
2013-05-14,45.89,46.2,45.42,44.8,6485948.0,37708512.0
2013-05-13,47.22,47.61,46.05,45.89,10163878.0,60251532.0
2013-05-10,46.05,47.22,46.98,45.97,10910913.0,65183868.0
2013-05-09,46.44,46.59,46.44,45.42,9732648.0,57265776.0
2013-05-08,46.12,46.83,46.52,45.66,11271076.0,66980604.0
2013-05-07,45.03,45.97,45.81,44.64,10887323.0,63461924.0
2013-05-06,44.56,45.03,44.95,44.33,6150751.0,35304500.0
2013-05-03,43.71,44.56,44.56,43.47,10609775.0,60080952.0
2013-05-02,44.17,44.17,43.47,43.39,7366531.0,41236000.0
2013-04-26,44.1,45.03,44.1,43.55,10279361.0,58294040.0
2013-04-25,43.86,44.17,43.71,43.24,8455289.0,47376228.0
2013-04-24,43.94,44.25,43.86,43.08,11720801.0,65504776.0
2013-04-23,45.58,45.58,43.94,43.63,12278538.0,69739128.0
2013-04-22,45.89,46.36,45.66,45.42,8194462.0,48217140.0
2013-04-19,45.27,46.28,46.12,45.27,10998011.0,64405832.0
2013-04-18,44.95,45.81,45.27,44.64,7143339.0,41470360.0
2013-04-17,44.88,45.42,45.34,44.17,8602098.0,49307192.0
2013-04-16,44.49,45.11,44.88,44.1,7017188.0,40211044.0
2013-04-15,45.19,45.42,44.64,44.49,5950360.0,34207352.0
2013-04-12,45.27,45.58,45.11,44.88,6030084.0,34923680.0
2013-04-11,46.98,46.98,45.27,45.19,9117907.0,53674772.0
2013-04-10,46.44,47.14,46.59,45.81,8001058.0,47691016.0
2013-04-09,46.83,47.06,46.12,45.5,9548866.0,56686232.0
2013-04-08,45.27,47.22,46.52,44.64,11925592.0,70415920.0
2013-04-03,45.27,45.89,45.66,44.72,9279860.0,54093100.0
2013-04-02,46.83,47.37,45.34,44.64,23466512.0,137882112.0
2013-04-01,47.61,48.39,47.53,46.44,11778513.0,71465272.0
2013-03-29,48.23,48.7,48.0,47.69,5985171.0,36896068.0
2013-03-28,48.08,49.33,48.23,47.53,18423100.0,114592448.0
2013-03-27,48.7,48.86,48.39,47.61,10441995.0,64573828.0
2013-03-26,49.17,49.25,48.86,47.76,11389036.0,70636200.0
2013-03-25,48.08,49.48,49.25,48.0,18413744.0,115321168.0
2013-03-22,47.76,48.55,48.0,47.53,12803067.0,78564024.0
2013-03-21,47.22,48.47,47.76,46.98,14523317.0,89211896.0
2013-03-20,46.05,47.3,47.14,45.73,14099296.0,84371952.0
2013-03-19,46.59,47.06,46.12,45.34,16350815.0,96442888.0
2013-03-18,48.47,48.78,46.75,46.59,20335312.0,124002248.0
2013-03-15,48.62,49.56,48.62,47.69,13597655.0,84829984.0
2013-03-14,48.47,49.25,48.47,48.15,10767421.0,67232848.0
2013-03-13,49.72,50.1,49.01,48.08,15288344.0,96162456.0
2013-03-12,51.04,51.43,49.72,48.7,30056184.0,193193088.0
2013-03-11,51.12,51.51,51.04,50.1,15779143.0,102782736.0
2013-03-08,50.5,51.82,51.12,49.95,28093082.0,183802096.0
2013-03-07,49.17,52.68,50.26,49.09,64628988.0,419440672.0
2013-03-06,49.01,50.34,48.86,48.39,36902000.0,233627072.0
2013-03-05,46.67,49.79,49.25,46.67,55653032.0,343383648.0
2013-03-04,46.05,46.67,45.81,45.11,19691274.0,116323960.0
2013-03-01,46.36,46.67,46.12,45.5,9836917.0,58122424.0
2013-02-28,45.27,46.44,46.28,45.11,12491631.0,73572104.0
2013-02-27,45.34,45.97,45.27,44.72,12998267.0,75479352.0
2013-02-26,46.28,47.53,45.34,45.27,22198796.0,132458312.0
2013-02-25,45.73,46.59,46.2,45.73,11679170.0,69189704.0
2013-02-22,45.66,46.91,45.89,45.58,16146193.0,95771728.0
2013-02-21,46.91,47.45,45.97,45.89,24534774.0,146359488.0
2013-02-20,47.14,47.45,47.37,46.28,20448524.0,122804832.0
2013-02-19,46.2,48.0,47.06,46.05,35996284.0,217616528.0
2013-02-18,46.67,46.91,46.28,45.97,18685344.0,111074616.0
2013-02-08,45.66,46.98,46.44,45.34,29541696.0,175367232.0
2013-02-07,45.19,45.73,45.66,44.56,26173184.0,151439392.0
2013-02-06,45.27,45.42,44.8,44.49,18622756.0,107083240.0
2013-02-05,43.71,45.58,45.27,43.71,32898028.0,188554528.0
2013-02-04,43.78,44.17,43.94,43.39,21264048.0,119416248.0
2013-02-01,43.78,43.86,43.71,43.47,16047112.0,89682104.0
2013-01-31,43.86,44.1,43.78,43.55,13297998.0,74665064.0
2013-01-30,43.78,43.86,43.86,43.16,23058492.0,128431032.0
2013-01-29,44.1,44.17,43.78,43.55,18179366.0,102081096.0
2013-01-28,43.94,44.25,44.1,43.86,16661476.0,94032688.0
2013-01-25,43.78,44.1,43.78,43.63,9981515.0,56053548.0
2013-01-24,44.56,44.95,43.86,43.55,19277188.0,109495984.0
2013-01-23,45.27,45.27,44.64,44.1,16019960.0,91568576.0
2013-01-22,45.34,45.73,45.11,44.88,17988426.0,104298056.0
2013-01-21,44.72,46.59,45.66,44.49,30848096.0,180820992.0
2013-01-18,44.02,44.8,44.72,43.55,19607424.0,111201320.0
2013-01-17,44.33,44.64,43.86,43.63,15175652.0,85578848.0
2013-01-16,44.41,44.88,44.33,43.94,23536544.0,133937000.0
2013-01-15,43.78,44.8,44.41,43.71,23285804.0,132154624.0
2013-01-14,42.92,44.1,43.86,42.85,16379796.0,91302592.0
2013-01-11,43.94,44.1,43.0,42.85,14975639.0,83429160.0
2013-01-10,44.1,44.33,43.94,43.71,18382876.0,103747264.0
2013-01-09,43.63,44.33,44.02,43.47,19587280.0,110523296.0
2013-01-08,43.71,44.02,43.78,42.92,18380976.0,102552280.0
2013-01-07,44.17,44.33,43.71,43.63,15874825.0,89428888.0
2013-01-04,44.33,44.49,44.1,43.63,13147154.0,74224696.0
2012-12-31,44.49,44.56,44.02,43.94,20692148.0,117254712.0
2012-12-28,43.31,44.72,44.25,43.16,25756148.0,145600800.0
2012-12-27,43.63,43.94,43.39,42.92,11671454.0,64865240.0
2012-12-26,43.24,43.71,43.55,42.92,11606904.0,64551032.0
2012-12-25,42.38,43.63,43.47,41.99,17076728.0,94336808.0
2012-12-24,41.91,42.77,42.3,41.6,10553313.0,57205248.0
2012-12-21,41.99,42.38,41.91,41.6,9870178.0,53089512.0
2012-12-20,42.3,42.3,41.99,41.44,9293083.0,49848308.0
2012-12-19,42.53,42.92,42.46,42.22,8512302.0,46304324.0
2012-12-18,42.61,43.55,42.85,42.15,16616684.0,90813184.0
2012-12-17,42.46,43.32,42.77,42.15,12642223.0,69094472.0
2012-12-14,40.82,42.53,42.46,40.82,19297758.0,103758896.0
2012-12-13,40.74,42.38,41.05,40.66,8167467.0,43301376.0
2012-12-12,41.29,41.44,41.05,40.74,6560181.0,34481864.0
2012-12-11,41.36,41.76,41.21,41.13,6680852.0,35422116.0
2012-12-10,40.97,41.76,41.52,40.66,12597539.0,66645980.0
2012-12-07,40.35,41.13,41.05,40.19,16801704.0,87524552.0
2012-12-06,40.27,40.9,40.51,40.04,7421961.0,38419708.0
2012-12-05,39.02,40.82,40.43,38.87,11763218.0,60523400.0
2012-12-04,38.79,39.49,39.34,38.63,6550616.0,32770178.0
2012-12-03,39.65,39.8,39.02,37.93,6545198.0,32654124.0
2012-11-30,39.49,40.12,39.65,39.02,9856822.0,49978408.0
2012-11-29,39.1,39.73,39.41,39.1,4816473.0,24345308.0
2012-11-28,39.65,39.8,39.18,38.71,5107140.0,25658184.0
2012-11-27,39.96,40.19,39.88,39.73,4194092.0,21417198.0
2012-11-26,40.27,40.51,40.19,39.88,5025429.0,25886592.0
2012-11-23,40.43,40.97,40.51,40.19,7271266.0,37805744.0
2012-11-22,40.58,40.58,40.12,40.12,3056555.0,15776082.0
2012-11-21,40.35,40.9,40.66,39.73,4605247.0,23792736.0
2012-11-20,40.74,40.9,40.43,39.8,8021823.0,41450644.0
2012-11-19,41.36,41.36,40.82,39.73,6095866.0,31553984.0
2012-11-16,41.83,41.83,41.44,40.66,4404061.0,23163756.0
2012-11-15,42.46,42.69,41.83,41.83,3365947.0,18158750.0
2012-11-14,42.46,42.85,42.77,41.99,3072028.0,16639701.0
2012-11-13,44.02,44.02,42.38,42.3,4770288.0,26148804.0
2012-11-12,44.1,44.33,44.25,43.47,4335766.0,24385852.0
2012-11-09,43.94,44.72,44.33,43.16,6060705.0,33981508.0
2012-11-08,45.34,45.34,44.1,43.94,7510871.0,42820968.0
2012-11-07,46.12,46.52,45.5,45.34,4234149.0,24889578.0
2012-11-06,47.45,47.61,46.2,46.05,5798472.0,34537492.0
2012-11-05,46.67,47.76,47.45,46.67,11544716.0,70063912.0
2012-11-02,45.89,46.67,46.59,45.81,7116970.0,42170120.0
2012-11-01,45.03,46.05,46.05,45.03,6842750.0,40035192.0
2012-10-31,45.19,45.66,45.27,44.95,4463079.0,25887288.0
2012-10-30,45.03,45.5,45.34,44.64,6096959.0,35178700.0
2012-10-29,44.72,45.34,45.27,44.17,6970208.0,40144384.0
2012-10-26,44.88,45.5,44.88,44.1,7312432.0,41835980.0
2012-10-25,45.89,46.2,45.03,44.8,11931936.0,69449032.0
2012-10-24,46.36,47.22,45.97,45.89,10233213.0,60872724.0
2012-10-23,46.98,47.06,46.67,45.97,12885893.0,76725400.0
2012-10-22,46.59,47.22,47.06,45.97,12838682.0,76729136.0
2012-10-19,47.06,47.06,46.83,46.05,7167523.0,42734636.0
2012-10-18,46.2,47.3,47.14,45.89,15132693.0,90657904.0
2012-10-17,46.05,46.44,46.2,45.58,9701215.0,57215476.0
2012-10-16,45.19,46.59,46.36,44.56,20898868.0,121888392.0
2012-10-15,45.97,46.2,45.27,44.72,14805264.0,86040136.0
2012-10-12,45.73,46.44,46.05,44.95,20236732.0,118665888.0
2012-10-11,43.24,46.52,45.73,42.61,56096540.0,325119424.0
2012-10-10,42.38,43.63,43.32,42.15,19470508.0,107726928.0
2012-10-09,40.66,43.08,42.38,40.58,27048912.0,145964736.0
2012-10-08,41.13,41.29,40.43,40.27,6421761.0,33490648.0
2012-09-28,40.35,41.21,41.13,40.12,9805019.0,51226016.0
2012-09-27,39.49,41.13,40.51,39.18,12079096.0,62215936.0
2012-09-26,40.19,40.35,39.57,39.57,6888846.0,35228332.0
2012-09-25,40.27,40.43,40.19,39.96,6096458.0,31385102.0
2012-09-24,40.82,40.82,40.58,39.73,12047088.0,61976204.0
2012-09-21,41.44,41.6,41.13,40.58,8165885.0,43074968.0
2012-09-20,42.3,43.16,41.36,41.21,15820213.0,85161712.0
2012-09-19,41.99,42.69,42.53,40.9,15734152.0,84213912.0
2012-09-18,44.17,44.17,42.3,40.97,13810618.0,75262464.0
2012-09-17,45.27,45.42,44.33,43.86,5923522.0,33915688.0
2012-09-14,45.19,45.89,45.19,44.88,9306124.0,54138584.0
2012-09-13,46.28,46.28,45.11,45.11,7552628.0,44187296.0
2012-09-12,46.36,46.98,46.28,45.81,11112807.0,65924052.0
2012-09-11,46.28,46.75,46.52,45.66,8347775.0,49434168.0
2012-09-10,46.67,46.91,46.52,46.28,7882084.0,47028808.0
2012-09-07,44.56,47.3,46.52,44.49,20898076.0,123051200.0
2012-09-06,44.33,44.64,44.33,44.02,6956564.0,39431324.0
2012-09-05,44.56,44.56,44.25,43.63,9130747.0,51595468.0
2012-09-04,46.67,46.75,44.64,44.49,15884308.0,92602688.0
2012-09-03,46.75,46.91,46.75,45.97,14513143.0,86343784.0
2012-08-31,47.76,47.92,47.06,46.52,6954120.0,41970692.0
2012-08-30,48.78,48.94,48.39,46.98,4640742.0,28503270.0
2012-08-29,48.94,49.09,48.55,48.55,2559175.0,15995835.0
2012-08-28,48.78,49.17,48.94,48.54,3939990.0,24685054.0
2012-08-27,49.17,49.4,48.78,48.47,5158847.0,32211900.0
2012-08-24,50.42,50.5,49.4,49.01,5366109.0,34071540.0
2012-08-23,50.57,51.12,50.42,50.18,4872361.0,31468746.0
2012-08-22,51.43,51.51,50.96,50.5,4494173.0,29335948.0
2012-08-21,51.04,51.74,51.43,50.89,5219378.0,34348724.0
2012-08-20,50.96,51.43,51.04,50.73,3012801.0,19648616.0
2012-08-17,50.96,51.35,51.35,50.89,3895892.0,25518228.0
2012-08-16,50.96,51.59,51.04,50.96,4836031.0,31780708.0
2012-08-15,52.45,52.52,51.43,51.43,6649024.0,44140008.0
2012-08-14,52.13,52.76,52.76,51.12,8064354.0,53777940.0
2012-08-13,52.52,52.68,52.29,52.06,7004600.0,47068388.0
2012-08-10,52.37,53.62,52.52,52.13,19202930.0,130220560.0
2012-08-09,51.82,52.29,52.21,51.59,5750964.0,38340176.0
2012-08-08,52.21,52.29,51.9,51.59,4053236.0,26918912.0
2012-08-07,51.67,52.21,52.21,51.43,5711882.0,38011988.0
2012-08-06,51.2,51.9,51.67,50.73,6417021.0,42249436.0
2012-08-03,51.2,51.35,51.35,50.65,4404305.0,28821562.0
2012-08-02,50.96,51.35,51.2,50.73,3302216.0,21622896.0
2012-08-01,50.57,51.67,51.35,50.5,5827449.0,38300376.0
2012-07-31,52.21,52.21,50.73,50.18,7926003.0,52078312.0
2012-07-30,52.91,53.3,52.13,52.13,4522625.0,30497640.0
2012-07-27,52.68,53.07,52.76,52.37,4492302.0,30370630.0
2012-07-26,52.37,52.91,52.68,52.06,5252203.0,35418288.0
2012-07-25,51.9,52.91,52.37,51.9,4195568.0,28225964.0
2012-07-24,51.74,52.45,52.21,51.51,5023705.0,33505642.0
2012-07-23,52.37,52.37,51.9,51.28,6184035.0,40937292.0
2012-07-20,52.99,53.38,52.68,52.21,8539462.0,57636868.0
2012-07-19,52.76,53.46,53.38,52.13,13142471.0,89119112.0
2012-07-18,52.6,52.99,52.91,52.13,7201573.0,48455832.0
2012-07-17,53.07,53.15,52.6,52.06,9353749.0,62909752.0
2012-07-16,53.15,53.3,52.52,52.13,10814398.0,72852192.0
2012-07-13,52.99,53.62,53.38,52.37,11691012.0,79428424.0
2012-07-12,51.98,53.77,53.3,51.74,21007824.0,141856000.0
2012-07-11,53.38,53.46,52.13,51.12,19815212.0,132219688.0
2012-07-10,54.24,54.48,53.7,52.76,9891757.0,67692232.0
2012-07-09,55.34,56.12,54.24,54.16,12715293.0,89732104.0
2012-07-06,54.48,55.8,55.49,53.85,11933839.0,83418352.0
2012-07-05,55.88,56.04,54.16,53.77,9738286.0,68064104.0
2012-07-04,56.58,57.05,55.96,55.57,6922736.0,49761632.0
2012-07-03,57.13,57.44,56.58,56.35,10316230.0,75187960.0
2012-07-02,57.29,58.14,57.21,56.43,12423215.0,91481320.0
2012-06-29,55.73,57.75,56.97,55.33,14750984.0,107756784.0
2012-06-28,55.57,56.12,55.41,55.41,6254532.0,44680980.0
2012-06-27,55.65,56.43,55.34,55.26,6821062.0,48771376.0
2012-06-26,55.8,56.35,55.41,55.18,5466651.0,38905580.0
2012-06-25,56.66,57.29,56.04,55.96,6267363.0,45528360.0
2012-06-21,57.68,57.68,56.66,56.43,6410329.0,46718860.0
2012-06-20,57.21,57.75,57.44,57.13,7263027.0,53497576.0
2012-06-19,58.69,58.85,57.21,57.13,14389088.0,106235424.0
2012-06-18,60.02,60.17,58.53,58.53,16478578.0,125065904.0
2012-06-15,60.09,60.41,59.7,58.85,9308316.0,70963888.0
2012-06-14,59.31,60.41,59.7,58.92,14641724.0,112336688.0
2012-06-13,58.14,59.86,59.78,57.36,17659788.0,133374656.0
2012-06-12,57.91,58.53,57.99,57.29,11462984.0,84915616.0
2012-06-11,58.92,59.0,58.38,56.58,13401978.0,99362560.0
2012-06-08,60.88,61.27,58.46,57.99,16306338.0,123313936.0
2012-06-07,61.73,61.97,60.72,60.56,13062985.0,102384520.0
2012-06-06,61.99,61.99,61.22,60.95,7864016.0,125601056.0
2012-06-05,62.3,62.61,61.91,61.18,7186409.0,115676264.0
2012-06-04,62.18,62.84,61.91,61.6,6693668.0,108116544.0
2012-06-01,63.03,63.61,63.03,62.18,9588268.0,156263952.0
2012-05-31,61.6,63.34,62.65,61.45,15193902.0,247063248.0
2012-05-30,61.88,61.88,61.49,60.91,6609665.0,105260560.0
2012-05-29,61.22,61.99,61.49,60.87,9867731.0,157765328.0
2012-05-28,59.87,61.26,61.26,59.53,4562020.0,71793608.0
2012-05-25,60.68,61.07,60.18,59.56,4096017.0,64122676.0
2012-05-24,61.64,61.64,60.91,60.57,6686288.0,106133072.0
2012-05-23,61.22,62.11,61.84,60.64,9657178.0,153844640.0
2012-05-22,60.22,61.68,61.6,59.91,12789348.0,202475904.0
2012-05-21,59.49,61.03,60.06,59.45,3980570.0,62273788.0
2012-05-18,59.95,60.26,59.87,58.83,4331973.0,66880920.0
2012-05-17,59.6,60.76,60.41,59.49,4414166.0,69033192.0
2012-05-16,60.22,60.41,59.87,59.14,3659268.0,56814896.0
2012-05-15,59.99,60.6,60.1,59.49,5000826.0,77910520.0
2012-05-14,61.26,61.76,60.64,60.06,7156882.0,113385400.0
2012-05-11,60.95,61.3,61.1,60.41,4640272.0,73488328.0
2012-05-10,61.22,61.45,60.95,60.68,5068176.0,80389152.0
2012-05-09,61.22,62.34,61.03,60.53,5751865.0,91831376.0
2012-05-08,62.65,62.76,61.88,60.53,10817356.0,173411648.0
2012-05-07,60.45,62.57,62.57,60.26,16948802.0,272575904.0
2012-05-04,60.8,62.14,61.03,59.68,11445749.0,180224256.0
2012-05-02,58.72,60.57,60.49,58.56,11776329.0,183075552.0
2012-04-27,57.99,58.83,58.22,57.91,6337367.0,96211248.0
2012-04-26,58.79,58.79,57.95,57.83,4076114.0,61544760.0
2012-04-25,58.14,58.76,58.52,57.79,4398005.0,66521280.0
2012-04-24,58.33,59.02,58.41,57.1,6490761.0,97926856.0
2012-04-23,59.3,59.56,58.49,58.37,5460912.0,83278920.0
2012-04-20,59.22,59.41,59.41,58.64,5332375.0,81781712.0
2012-04-19,59.68,59.99,59.37,58.45,10073278.0,154819120.0
2012-04-18,58.79,59.87,59.64,58.52,7759755.0,119776104.0
2012-04-17,60.34,60.49,58.87,58.14,8763940.0,134590096.0
2012-04-16,59.68,60.95,60.49,59.22,10504838.0,164831008.0
2012-04-13,61.53,61.53,59.83,59.22,15912708.0,249378480.0
2012-04-12,60.37,61.53,61.49,59.68,9968023.0,157762912.0
2012-04-11,60.34,60.91,60.18,59.3,7374313.0,115258784.0
2012-04-10,58.68,60.41,60.37,58.18,7252242.0,111720144.0
2012-04-09,58.52,59.26,58.76,57.76,7251749.0,110504800.0
2012-04-06,58.14,59.1,58.76,58.06,7053579.0,107335264.0
2012-04-05,57.14,58.76,58.64,56.64,6758692.0,101770904.0
2012-03-30,57.14,57.64,56.91,56.14,3443163.0,50777936.0
2012-03-29,56.98,57.83,57.29,56.02,3561855.0,52792108.0
2012-03-28,58.29,59.49,57.33,57.33,7604598.0,114534736.0
2012-03-26,58.41,58.83,58.83,57.29,4252747.0,63810476.0
2012-03-22,58.56,59.22,58.26,58.22,4234082.0,64436112.0
2012-03-21,59.33,59.8,58.56,57.91,6884354.0,105164408.0
2012-03-20,61.14,61.34,58.87,58.76,5874305.0,91141920.0
2012-03-19,62.14,62.38,61.45,60.91,6274465.0,100192280.0
2012-03-16,60.06,62.68,62.38,59.72,11071616.0,177036560.0
2012-03-15,59.3,60.49,59.76,59.02,5148203.0,80111800.0
2012-03-14,61.57,62.03,59.1,58.06,6826106.0,106532056.0
2012-03-13,61.3,61.53,61.3,60.68,2406954.0,38214356.0
2012-03-12,61.18,61.68,61.45,60.3,3870495.0,61176608.0
2012-03-09,59.87,61.53,61.3,59.68,6214136.0,98188400.0
2012-03-08,59.87,60.68,59.76,59.33,6873303.0,106899976.0
2012-03-07,58.1,60.37,59.41,57.87,9949266.0,153727616.0
2012-03-06,59.33,59.64,58.52,57.87,5781603.0,88114992.0
2012-03-05,58.18,59.95,59.37,58.18,6560631.0,100861944.0
2012-03-02,57.99,58.45,57.99,57.37,4313629.0,64882628.0
2012-03-01,57.76,58.18,57.91,57.37,4386498.0,65871080.0
2012-02-29,57.37,58.83,57.91,57.06,6534150.0,98654424.0
2012-02-28,57.18,58.76,57.33,57.18,9851296.0,148241568.0
2012-02-27,55.6,58.26,57.29,55.56,11909618.0,177362032.0
2012-02-24,55.25,55.95,55.83,55.14,6531208.0,94274520.0
2012-02-23,54.87,55.71,55.41,54.75,8488264.0,121966648.0
2012-02-22,54.33,55.41,55.25,53.87,6554262.0,92803880.0
2012-02-21,54.29,54.56,54.37,53.56,4458155.0,62540616.0
2012-02-20,55.45,55.48,54.21,54.21,3919929.0,55571448.0
2012-02-17,55.06,55.25,54.67,54.29,3879658.0,55141340.0
2012-02-16,54.29,55.25,54.67,54.1,9927944.0,141082272.0
2012-02-15,53.48,54.64,54.44,53.25,9105466.0,128154848.0
2012-02-14,53.52,54.1,53.56,53.1,7758415.0,107892240.0
2012-02-13,52.75,53.79,53.75,52.44,10807704.0,149018368.0
2012-02-10,52.48,53.13,53.13,52.13,10408090.0,142049360.0
2012-02-09,51.98,52.83,52.33,51.79,10034378.0,136021344.0
2012-02-08,51.13,51.86,51.86,50.44,8684346.0,115484944.0
2012-02-07,52.09,52.09,50.9,50.86,4944339.0,65911988.0
2012-02-06,52.36,52.44,52.21,51.94,4534416.0,61483244.0
2012-02-03,51.79,52.33,52.13,51.36,3959592.0,53312412.0
2012-02-02,50.82,51.63,51.59,50.82,2652269.0,35350912.0
2012-02-01,50.9,51.44,51.02,50.82,2802536.0,37218220.0
2012-01-31,51.13,51.36,50.98,50.75,2915530.0,38657384.0
2012-01-30,52.06,52.06,51.13,50.98,4934940.0,65882688.0
2012-01-20,51.05,51.9,51.79,50.63,6277391.0,83701088.0
2012-01-19,50.48,51.48,50.98,50.28,4684442.0,61857912.0
2012-01-18,51.59,52.25,50.55,50.48,4786045.0,63690864.0
2012-01-17,50.17,52.21,51.59,50.13,5280911.0,70423016.0
2012-01-16,51.79,51.79,50.05,50.02,4391290.0,57592840.0
2012-01-13,54.75,54.98,51.63,50.82,7683373.0,104738488.0
2012-01-12,54.17,55.83,54.98,53.6,5772558.0,81584056.0
2012-01-11,53.98,54.37,54.21,53.52,7628148.0,106788576.0
2012-01-10,51.59,54.29,53.9,51.21,8509262.0,117144192.0
2012-01-09,50.82,52.17,51.98,49.67,6740403.0,88994824.0
2012-01-06,50.82,53.44,51.13,49.48,4863508.0,64374384.0
2012-01-05,51.9,52.25,50.75,50.4,2890421.0,38504072.0
2012-01-04,51.83,52.52,51.9,51.29,3157794.0,42666440.0
