date,open,high,close,low,volume,amount
2015-07-10,63.85,70.18,70.18,62.78,269548096.0,3491940096.0
2015-07-09,57.99,63.79,63.79,52.19,252868352.0,2819107072.0
2015-07-08,57.99,58.47,57.99,57.99,148354960.0,1617882624.0
2015-07-07,69.33,71.14,64.43,63.74,231143184.0,2871692544.0
2015-07-06,73.32,73.32,70.82,66.88,205675296.0,2722126080.0
2015-07-03,70.76,73.42,66.67,63.85,164330160.0,2138720000.0
2015-07-02,74.49,75.28,70.82,66.51,181934432.0,2480166912.0
2015-07-01,74.22,76.19,70.92,70.28,164458352.0,2298652416.0
2015-06-30,67.78,74.22,74.22,62.25,192627296.0,2509420544.0
2015-06-29,76.61,76.61,67.46,66.35,187943296.0,2514166272.0
2015-06-26,79.91,83.11,73.74,73.74,170733472.0,2495176448.0
2015-06-25,84.54,85.77,81.94,81.35,113771536.0,1796446976.0
2015-06-24,84.49,84.54,84.12,81.88,111625240.0,1750336512.0
2015-06-23,80.77,84.33,83.69,78.11,122404848.0,1885828608.0
2015-06-19,84.6,87.73,80.66,79.86,112995616.0,1802766592.0
2015-06-18,90.13,90.93,86.3,86.19,101238816.0,1690685824.0
2015-06-17,89.57,90.94,90.57,87.19,109819688.0,1859163520.0
2015-06-16,91.1,93.2,89.46,88.46,133853680.0,2307506944.0
2015-06-15,94.89,95.68,91.15,90.94,164982816.0,2911798784.0
2015-06-12,94.15,95.42,94.21,93.89,125506608.0,2249059840.0
2015-06-11,95.26,95.52,93.84,93.2,146634800.0,2619763968.0
2015-06-10,95.84,97.0,95.37,94.42,160720112.0,2916574464.0
2015-06-09,99.42,100.0,96.89,95.52,211517936.0,3914134784.0
2015-06-08,95.26,99.69,99.11,93.57,315128576.0,5796041216.0
2015-06-05,97.79,98.84,95.26,93.63,235690752.0,4292236288.0
2015-06-04,94.26,97.37,96.31,89.72,221189712.0,3969889792.0
2015-06-03,95.0,96.89,94.15,93.31,162393392.0,2921549568.0
2015-06-02,94.89,95.89,94.84,93.05,182711488.0,3268983040.0
2015-06-01,90.89,96.79,95.42,89.72,202921968.0,3604593152.0
2015-05-29,91.68,94.79,90.94,87.51,201863440.0,3505517568.0
2015-05-28,99.9,101.01,91.83,91.78,302314592.0,5581745664.0
2015-05-27,98.48,105.8,101.48,98.48,367161472.0,7158763520.0
2015-05-26,96.74,99.9,98.21,94.1,322030368.0,5903758848.0
2015-05-25,94.42,98.48,96.26,94.42,289957856.0,5318970368.0
2015-05-22,93.15,97.42,94.05,92.26,265884288.0,4781244928.0
2015-05-21,91.83,92.73,91.83,89.72,149632560.0,2588315136.0
2015-05-20,94.1,94.15,92.15,91.78,252211408.0,4442297856.0
2015-05-19,85.72,94.0,94.0,85.72,338770016.0,5917242368.0
2015-05-18,88.04,88.83,85.45,85.35,182979920.0,3012427520.0
2015-05-15,94.89,94.89,89.88,89.09,225528080.0,3902551296.0
2015-05-14,94.89,101.17,95.95,92.52,368247360.0,6819300864.0
2015-04-30,96.26,96.31,92.47,92.26,247986272.0,4439449088.0
2015-04-29,97.53,98.95,96.21,91.2,452292736.0,8132589568.0
2015-04-21,90.41,99.74,99.74,88.83,618870656.0,11356009472.0
2015-04-20,88.14,92.78,90.67,86.98,417360352.0,7159286272.0
2015-04-17,87.93,89.62,87.72,86.98,200263696.0,3354137856.0
2015-04-16,86.19,89.51,87.35,85.19,149932848.0,2476623616.0
2015-04-15,90.57,90.94,87.51,87.51,145352544.0,2465594880.0
2015-04-14,90.46,91.68,90.62,87.46,214242624.0,3641121280.0
2015-04-13,92.2,92.73,90.67,89.04,209398336.0,3581801472.0
2015-04-10,90.67,92.26,91.57,89.09,220890528.0,3807304704.0
2015-04-09,93.47,98.48,92.05,90.78,393500160.0,7068723200.0
2015-04-08,88.04,92.68,91.68,86.83,402451840.0,6875707392.0
2015-04-07,88.62,89.09,87.67,86.25,233742496.0,3874036992.0
2015-04-03,83.66,87.14,87.09,83.4,266393856.0,4343652864.0
2015-04-02,86.46,87.25,84.51,83.29,170737856.0,2751442688.0
2015-04-01,84.08,86.14,85.56,83.03,209463520.0,3374199808.0
2015-03-31,84.4,89.09,83.72,83.29,271318464.0,4433877504.0
2015-03-30,82.13,84.3,83.5,80.76,189762608.0,2981715968.0
2015-03-27,83.03,83.77,82.03,81.98,107772064.0,1691220736.0
2015-03-26,82.03,84.08,82.13,80.71,123141000.0,1925979648.0
2015-03-25,83.14,85.3,82.92,82.08,160057200.0,2542515456.0
2015-03-24,84.24,85.77,83.29,81.4,215331776.0,3420160256.0
2015-03-23,83.87,84.93,84.08,82.34,212987664.0,3381271040.0
2015-03-20,79.08,86.72,83.4,78.13,317336384.0,4939706368.0
2015-03-19,80.13,80.13,79.02,78.55,133935544.0,2013494656.0
2015-03-18,79.44,80.61,79.92,78.97,180421056.0,2729820416.0
2015-03-17,78.02,79.29,78.97,77.18,204189424.0,3031753472.0
2015-03-16,76.33,77.76,77.18,75.12,117999336.0,1715388544.0
2015-03-13,75.65,77.55,75.75,75.07,102213944.0,1477128192.0
2015-03-12,73.91,75.81,75.23,73.07,101638104.0,1440178304.0
2015-03-11,73.38,75.02,73.33,73.07,66832888.0,938189056.0
2015-03-10,73.8,75.33,73.38,72.49,93458192.0,1304856064.0
2015-03-09,73.54,74.44,73.75,71.17,124590840.0,1710258176.0
2015-03-06,76.18,77.76,75.81,75.49,86779384.0,1259900160.0
2015-03-05,75.12,76.86,75.75,74.38,93511872.0,1342299264.0
2015-03-04,75.28,76.28,75.54,74.54,81849168.0,1169729920.0
2015-03-03,78.55,78.55,75.17,74.75,134194160.0,1947340800.0
2015-03-02,79.08,81.24,78.71,78.08,159318976.0,2402916864.0
2015-02-27,78.02,78.97,77.34,77.07,111855384.0,1654934784.0
2015-02-26,74.28,79.02,78.23,73.28,168988768.0,2455600896.0
2015-02-25,75.81,76.02,74.28,74.12,67847248.0,962830272.0
2015-02-17,74.7,76.97,75.7,74.7,104368352.0,1506788608.0
2015-02-16,74.86,75.28,74.65,74.07,85919504.0,1216564736.0
2015-02-13,75.65,76.44,74.96,74.59,125383208.0,1794797696.0
2015-02-12,75.23,75.75,75.17,74.02,81246232.0,1157316864.0
2015-02-11,75.44,75.75,75.23,74.17,84664248.0,1203683328.0
2015-02-10,73.91,76.23,75.44,73.44,157378416.0,2242068480.0
2015-02-09,69.53,75.7,74.28,69.06,207838352.0,2873148672.0
2015-02-06,68.9,71.06,69.06,68.32,78332184.0,1034031232.0
2015-02-05,72.75,72.75,69.38,69.32,125551848.0,1691601408.0
2015-02-04,70.91,72.64,69.53,69.38,113872792.0,1538202624.0
2015-02-03,69.48,70.91,70.85,68.43,105678128.0,1394112128.0
2015-02-02,68.22,69.53,68.01,67.48,95576672.0,1237593728.0
2015-01-30,72.22,72.91,70.22,70.17,70413728.0,955161280.0
2015-01-29,72.49,73.22,71.48,71.06,99054240.0,1354106624.0
2015-01-28,73.8,75.86,74.28,73.17,113639080.0,1609139584.0
2015-01-27,74.65,75.6,74.23,72.33,114568800.0,1610524672.0
2015-01-26,75.6,75.91,74.65,73.54,95407568.0,1349579648.0
2015-01-23,75.39,78.92,75.6,74.59,159863712.0,2331159040.0
2015-01-22,73.91,75.07,74.44,72.91,128368752.0,1802193792.0
2015-01-21,69.8,74.7,73.81,69.75,211486256.0,2885236480.0
2015-01-20,67.48,71.7,68.38,66.69,212984672.0,2777148672.0
2015-01-19,71.7,73.75,71.7,71.7,217339632.0,2961514240.0
2015-01-16,80.92,81.92,79.66,79.18,130765792.0,1992132224.0
2015-01-15,77.71,81.45,80.87,76.76,149731664.0,2241915904.0
2015-01-14,77.13,78.55,77.6,76.55,109206176.0,1605228800.0
2015-01-13,79.08,80.13,77.02,76.44,164197392.0,2415683584.0
2015-01-12,82.19,83.5,79.81,78.55,158364640.0,2431328768.0
2015-01-09,82.77,85.82,81.92,81.82,186475296.0,2962909952.0
2015-01-08,87.41,87.46,83.4,82.98,164169424.0,2626239744.0
2015-01-07,84.72,90.04,86.72,84.56,217549712.0,3615055872.0
2015-01-06,86.46,87.99,84.61,82.24,228298384.0,3691790336.0
2015-01-05,89.09,89.36,87.09,84.51,208060720.0,3439207168.0
2014-12-31,87.78,92.57,88.67,86.46,248448656.0,4230480128.0
2014-12-30,86.67,91.2,88.14,83.77,263338704.0,4409302016.0
2014-12-29,93.68,93.78,87.51,85.19,348420640.0,5930418688.0
2014-12-26,81.98,90.46,90.46,81.19,363629280.0,6019562496.0
2014-12-25,78.55,83.66,82.24,76.6,277711104.0,4232016128.0
2014-12-24,87.51,88.41,78.34,77.5,302758592.0,4652445184.0
2014-12-23,86.83,90.15,86.09,85.4,191912416.0,3204691456.0
2014-12-22,89.62,92.2,86.88,85.24,282558144.0,4759748608.0
2014-12-19,91.47,95.31,92.2,86.93,377711136.0,6602642944.0
2014-12-18,94.15,96.31,91.47,90.73,414162016.0,7363963904.0
2014-12-17,93.31,97.47,97.47,88.04,567249280.0,10050796544.0
2014-12-16,81.71,88.62,88.62,80.5,488631936.0,7946863104.0
2014-12-15,77.18,81.03,80.55,75.97,288154240.0,4291559424.0
2014-12-12,72.75,81.61,77.39,72.22,399262656.0,5889255424.0
2014-12-11,75.81,83.29,76.07,74.75,497561888.0,7540058624.0
2014-12-10,73.7,79.08,78.65,68.58,501902400.0,7016908800.0
2014-12-09,78.81,87.51,74.91,71.59,595057792.0,9417699328.0
2014-12-08,71.7,79.55,79.55,67.43,436838624.0,6327651328.0
2014-12-05,68.32,72.33,72.33,65.63,557464192.0,7410066432.0
2014-12-04,58.83,65.74,65.74,58.04,400323968.0,4777908736.0
2014-12-03,57.99,62.47,59.78,56.14,442330304.0,5019894784.0
2014-12-02,51.08,57.04,57.04,50.71,382644864.0,3966637056.0
2014-12-01,52.09,54.19,51.87,50.61,287289184.0,2856827136.0
2014-11-28,52.66,54.3,52.14,50.66,375317504.0,3737084672.0
2014-11-27,49.55,52.66,52.66,48.03,363419776.0,3464669440.0
2014-11-26,47.71,51.14,49.19,47.71,259343040.0,2414783488.0
2014-11-25,47.76,48.18,47.18,46.92,203204272.0,1831212032.0
2014-11-24,46.02,48.87,47.71,44.97,370242848.0,3328087552.0
2014-11-21,41.38,44.7,44.44,41.23,312735072.0,2574219776.0
2014-11-20,40.38,41.8,41.44,40.22,135115392.0,1058208896.0
2014-11-19,40.12,41.33,40.43,39.96,131585808.0,1018457344.0
2014-11-18,40.38,40.86,40.12,40.01,112068808.0,857774144.0
2014-11-17,41.86,42.07,40.65,40.43,150286336.0,1172778752.0
2014-11-14,41.59,41.91,41.23,40.59,162008416.0,1265533440.0
2014-11-13,43.7,44.12,42.23,41.96,261695744.0,2145136640.0
2014-11-12,41.12,43.65,43.6,40.86,232697664.0,1861703680.0
2014-11-11,42.7,44.55,42.02,40.28,416203488.0,3382551040.0
2014-11-10,41.65,42.7,42.07,40.06,360336640.0,2831047168.0
2014-11-07,39.12,42.7,40.17,38.54,420327104.0,3220667904.0
2014-11-06,36.85,39.43,39.01,36.53,313917888.0,2256623104.0
2014-11-05,36.27,37.69,36.9,35.8,219064624.0,1535751040.0
2014-11-04,36.16,36.74,36.22,35.85,108598912.0,747521088.0
2014-11-03,36.95,37.75,36.38,36.16,197083008.0,1381129088.0
2014-10-31,36.27,37.43,36.8,36.01,222549936.0,1550932992.0
2014-10-30,35.74,36.43,36.01,35.48,131850832.0,898663616.0
2014-10-29,34.85,36.69,35.85,34.53,179936864.0,1216050048.0
2014-10-28,33.42,34.85,34.69,33.42,110683536.0,716378048.0
2014-10-27,33.74,34.0,33.21,33.16,108166240.0,688544960.0
2014-10-24,35.22,35.48,34.74,34.53,75033136.0,498382528.0
2014-10-23,35.43,36.06,34.95,34.9,112605008.0,755371776.0
2014-10-22,36.69,37.06,35.8,35.64,143612048.0,990391680.0
2014-10-21,36.43,37.53,36.59,36.16,164547872.0,1150494848.0
2014-10-20,36.38,37.06,36.43,35.95,124329216.0,861975168.0
2014-10-17,35.8,36.85,36.38,35.16,173014400.0,1188045696.0
2014-10-16,36.43,37.53,36.01,36.01,197085168.0,1370936960.0
2014-10-15,35.32,37.9,36.69,35.27,229320672.0,1593962496.0
2014-10-14,35.06,36.06,35.27,34.95,121036688.0,817392832.0
2014-10-13,35.06,35.43,35.22,34.63,93189368.0,618657280.0
2014-10-10,35.22,36.48,35.58,34.79,167186880.0,1131275264.0
2014-10-09,35.85,36.16,35.37,34.95,127631328.0,859129408.0
2014-10-08,36.27,36.27,35.9,35.22,112029864.0,758986112.0
2014-09-30,36.43,36.64,36.01,35.58,118162512.0,806287744.0
2014-09-29,36.16,37.17,36.27,35.8,190149168.0,1317063936.0
2014-09-26,35.32,36.69,35.95,34.9,221619616.0,1504497024.0
2014-09-25,36.38,37.85,36.01,35.74,475266848.0,3318168320.0
2014-09-24,32.26,35.69,35.69,32.1,371974688.0,2416841728.0
2014-09-23,31.74,32.69,32.42,31.74,150860096.0,923569600.0
2014-09-22,31.89,32.42,31.79,31.68,113490168.0,689503936.0
2014-09-19,31.79,32.32,31.95,31.52,135728320.0,821024320.0
2014-09-18,30.58,32.74,32.0,30.36,249647168.0,1512236672.0
2014-09-17,30.63,30.89,30.68,30.31,74451248.0,432628192.0
2014-09-16,31.89,31.95,30.58,30.58,145521984.0,864602304.0
2014-09-15,31.79,31.89,31.84,31.47,84687624.0,509261856.0
2014-09-12,31.58,31.84,31.74,31.37,77791512.0,466161632.0
2014-09-11,31.68,32.42,31.74,31.52,140581984.0,851828352.0
2014-09-10,31.79,31.89,31.74,31.58,78561496.0,472756064.0
2014-09-09,32.47,32.47,31.95,31.89,112323208.0,682684544.0
2014-09-05,32.42,33.11,32.47,32.26,186056064.0,1150859520.0
2014-09-04,31.84,32.32,32.26,31.84,164231712.0,999886720.0
2014-09-03,32.05,32.32,31.84,31.58,164123040.0,996132736.0
2014-09-02,30.47,32.05,32.05,30.15,237457424.0,1412873344.0
2014-09-01,30.21,30.47,30.42,30.1,61565052.0,354477504.0
2014-08-29,29.79,30.26,30.21,29.63,53552680.0,303953280.0
2014-08-28,30.0,30.26,29.79,29.63,55700256.0,316086368.0
2014-08-27,29.94,30.47,29.94,29.79,72043408.0,410561280.0
2014-08-26,30.47,30.63,30.0,29.57,109614776.0,625254976.0
2014-08-25,31.68,31.84,30.58,30.58,142912288.0,842009728.0
2014-08-22,31.42,31.89,31.58,31.37,87393208.0,524144640.0
2014-08-21,32.42,32.47,31.58,31.26,154421952.0,929928384.0
2014-08-20,31.58,32.21,32.21,31.42,205066144.0,1242019072.0
2014-08-19,31.95,32.0,31.58,31.31,150160496.0,899269568.0
2014-08-18,32.16,32.53,32.0,31.79,157441392.0,957996736.0
2014-08-15,31.26,32.26,32.0,31.16,195932880.0,1182600192.0
2014-08-14,31.74,32.1,31.26,31.16,158005568.0,948129088.0
2014-08-13,32.0,32.53,32.0,31.47,201843312.0,1224104192.0
2014-08-12,31.74,32.26,32.0,31.31,164200704.0,990258240.0
2014-08-11,31.26,32.21,31.95,31.16,194414720.0,1169930880.0
2014-08-08,31.89,32.05,31.16,30.84,227152096.0,1352477568.0
2014-08-07,33.11,33.37,31.74,31.63,274362112.0,1690488704.0
2014-08-06,32.47,33.63,33.37,32.05,263592528.0,1644248192.0
2014-08-05,32.16,33.11,33.05,31.74,267445344.0,1648901376.0
2014-08-04,31.89,32.42,32.16,31.52,243561568.0,1479434624.0
2014-08-01,32.16,32.53,31.52,31.26,268546944.0,1619829504.0
2014-07-31,31.58,32.63,32.58,31.31,314544960.0,1904363008.0
2014-07-30,32.16,32.47,31.74,31.42,329477984.0,1993258752.0
2014-07-29,31.0,32.16,32.16,30.58,467984640.0,2778399744.0
2014-07-28,28.73,31.21,31.1,28.41,461916288.0,2646828544.0
2014-07-25,26.99,28.36,28.36,26.36,410195840.0,2114213888.0
2014-07-24,24.14,26.52,26.52,24.14,354497696.0,1747936000.0
2014-07-23,24.04,24.41,24.09,23.88,59063060.0,270574432.0
2014-07-22,23.67,24.09,23.99,23.62,47393708.0,215068352.0
2014-07-21,23.99,24.04,23.67,23.67,33345620.0,150540976.0
2014-07-18,23.78,24.41,24.04,23.78,48695052.0,222300976.0
2014-07-17,23.99,23.99,23.88,23.72,29009468.0,131388640.0
2014-07-16,23.99,24.2,23.99,23.88,33376114.0,152191232.0
2014-07-15,24.14,24.25,24.04,23.88,45864808.0,209279680.0
2014-07-14,23.99,24.3,24.25,23.83,48479152.0,220977552.0
2014-07-11,23.78,24.09,23.99,23.78,33468526.0,151972448.0
2014-07-10,24.2,24.25,23.83,23.72,55640468.0,252729440.0
2014-07-09,24.88,24.93,24.2,24.2,63252288.0,294632448.0
2014-07-08,24.89,24.94,24.76,24.5,34206788.0,329171456.0
2014-07-07,24.94,25.04,24.92,24.81,21052224.0,204392976.0
2014-07-04,24.99,25.25,24.92,24.79,28505964.0,277126112.0
2014-07-03,24.97,25.15,24.97,24.86,27314488.0,265877488.0
2014-07-02,24.56,25.04,25.04,24.53,33285800.0,322005216.0
2014-07-01,24.86,24.92,24.66,24.53,29578896.0,284271680.0
2014-06-30,24.66,24.81,24.63,24.56,28092838.0,270147232.0
2014-06-27,24.33,24.76,24.66,24.27,29104100.0,278736704.0
2014-06-26,24.02,24.56,24.4,23.97,27881652.0,264461280.0
2014-06-25,23.94,23.99,23.94,23.76,11037476.0,102700328.0
2014-06-24,23.97,24.02,23.99,23.81,12916950.0,120391176.0
2014-06-23,23.91,24.09,23.89,23.84,14610843.0,136374240.0
2014-06-20,23.68,23.86,23.84,23.63,16430567.0,152200208.0
2014-06-19,24.4,24.5,23.71,23.56,29916952.0,279578784.0
2014-06-18,24.48,24.61,24.4,24.3,18454092.0,175695440.0
2014-06-17,24.84,24.84,24.48,24.4,26385966.0,252470256.0
2014-06-16,24.71,25.04,24.92,24.71,29927652.0,290329728.0
2014-06-13,24.3,25.04,24.76,24.3,42401308.0,408949216.0
2014-06-12,24.25,24.48,24.33,24.25,16088425.0,152755648.0
2014-06-11,24.33,24.45,24.38,24.15,23198436.0,219735040.0
2014-06-10,23.81,24.63,24.53,23.81,43892120.0,415283968.0
2014-06-09,23.73,24.04,23.73,23.63,14084744.0,130816592.0
2014-06-06,23.99,24.04,23.84,23.61,16239494.0,150840432.0
2014-06-05,23.71,24.09,24.04,23.71,15865952.0,147620656.0
2014-06-04,24.02,24.04,23.76,23.71,22745336.0,211274704.0
2014-06-03,24.22,24.43,23.99,23.97,18601256.0,175423216.0
2014-05-30,23.97,24.43,24.22,23.94,25620598.0,241493984.0
2014-05-29,24.53,24.58,23.94,23.94,29912384.0,283004064.0
2014-05-28,24.07,24.81,24.61,24.04,36537960.0,348018848.0
2014-05-27,24.22,24.48,24.17,24.15,18874824.0,178781168.0
2014-05-26,24.22,24.35,24.33,24.09,19249792.0,181556592.0
2014-05-23,23.94,24.2,24.17,23.84,19428280.0,181958720.0
2014-05-22,24.07,24.5,23.94,23.91,29869436.0,282104192.0
2014-05-21,23.86,24.22,24.15,23.63,33104554.0,308507328.0
2014-05-20,24.22,24.35,23.97,23.94,22059376.0,207286976.0
2014-05-19,24.3,24.33,23.94,23.81,24881160.0,232840992.0
2014-05-16,24.71,24.81,24.48,24.25,29291378.0,279887360.0
2014-05-15,25.38,25.58,24.56,24.53,44642020.0,435591680.0
2014-05-14,25.38,25.69,25.38,25.33,33150462.0,329457120.0
2014-05-13,25.22,25.63,25.27,25.12,38656840.0,382269792.0
2014-05-12,25.4,25.84,25.48,24.84,74904720.0,741520704.0
2014-05-09,24.35,24.97,24.86,24.09,48205264.0,461403936.0
2014-05-08,24.2,25.02,24.38,24.12,51505288.0,493692416.0
2014-05-07,24.15,24.58,24.27,24.04,32679602.0,310236736.0
2014-05-06,24.4,24.63,24.25,24.15,33690324.0,320200736.0
2014-05-05,23.99,24.61,24.58,23.89,36995072.0,349871264.0
2014-04-30,24.25,24.27,24.07,23.97,30768600.0,288860256.0
2014-04-29,23.81,24.48,24.43,23.68,38953000.0,365420928.0
2014-04-28,23.86,24.22,23.91,23.63,36452368.0,340485184.0
2014-04-25,24.07,24.58,23.89,23.81,54298684.0,511460032.0
2014-04-23,24.4,24.76,24.27,23.99,51795288.0,491788800.0
2014-04-22,23.56,24.74,24.68,23.48,99762024.0,935301440.0
2014-04-21,24.33,24.33,23.4,23.17,97387896.0,901764544.0
2014-04-17,22.2,22.43,22.43,21.96,12374181.0,107112680.0
2014-04-16,21.81,22.43,22.02,21.81,14231790.0,122578912.0
2014-04-15,22.3,22.3,21.89,21.86,16560051.0,142372480.0
2014-04-14,22.45,22.58,22.38,22.2,14792375.0,128819976.0
2014-04-11,22.58,22.89,22.45,22.43,25528032.0,224677584.0
2014-04-10,22.12,23.04,22.73,21.99,49618404.0,436845280.0
2014-04-09,22.25,22.27,22.09,21.94,16089258.0,138417088.0
2014-04-08,21.63,22.38,22.22,21.61,32756384.0,281509056.0
2014-04-04,21.38,21.76,21.76,21.35,13264728.0,111704160.0
2014-04-03,21.45,21.86,21.45,21.35,20300352.0,171136400.0
2014-04-02,21.32,21.48,21.35,21.25,11476417.0,95487872.0
2014-04-01,20.99,21.38,21.27,20.94,11565381.0,95733488.0
2014-03-31,21.04,21.25,21.02,20.91,11656712.0,95783312.0
2014-03-28,21.12,21.4,20.96,20.86,18924772.0,155875776.0
2014-03-27,21.5,21.73,21.2,21.14,19561462.0,163315856.0
2014-03-26,22.07,22.14,21.48,21.45,19014356.0,160850352.0
2014-03-25,21.76,22.07,21.73,21.66,21197268.0,180329152.0
2014-03-24,21.53,22.17,21.84,21.32,32307428.0,273753952.0
2014-03-21,20.63,21.66,21.58,20.58,26621570.0,220383520.0
2014-03-20,21.07,21.32,20.73,20.73,12759735.0,104571840.0
2014-03-19,21.2,21.25,21.09,20.94,9467341.0,77590328.0
2014-03-18,21.3,21.48,21.3,21.2,10424458.0,86647928.0
2014-03-17,21.09,21.3,21.3,20.94,10325961.0,85088848.0
2014-03-14,21.17,21.43,21.04,20.94,12642942.0,104172968.0
2014-03-13,21.12,21.66,21.27,21.04,14958017.0,124516456.0
2014-03-12,20.91,21.25,21.02,20.71,17954484.0,146938320.0
2014-03-11,20.91,21.25,20.96,20.76,12823029.0,104782512.0
2014-03-10,21.66,21.73,20.99,20.96,19008360.0,158353904.0
2014-03-07,22.09,22.43,21.94,21.86,11987887.0,103377336.0
2014-03-06,21.94,22.4,22.27,21.58,19575234.0,168338992.0
2014-03-05,22.53,22.61,22.02,21.96,16465241.0,142914672.0
2014-03-04,22.73,22.84,22.45,22.27,18656348.0,163696096.0
2014-03-03,22.58,22.76,22.63,22.27,22259220.0,195462432.0
2014-02-28,21.84,22.99,22.81,21.68,32499460.0,284407744.0
2014-02-27,21.94,22.14,21.81,21.79,21232536.0,181612144.0
2014-02-26,21.73,21.96,21.81,21.45,19306192.0,163591728.0
2014-02-25,22.61,22.73,21.79,21.71,25537860.0,221631184.0
2014-02-24,22.45,22.53,22.53,22.02,27031136.0,234223856.0
2014-02-21,23.48,23.53,22.66,22.48,50630432.0,451450240.0
2014-02-20,24.15,24.43,23.61,23.61,28102736.0,262550304.0
2014-02-19,24.07,24.43,24.25,23.79,35494116.0,333038304.0
2014-02-18,25.09,25.09,24.09,24.07,55806656.0,531663744.0
2014-02-17,25.22,25.27,25.15,25.04,28952896.0,283695168.0
2014-02-14,24.84,25.07,25.07,24.74,17187904.0,166886224.0
2014-02-13,25.07,25.3,24.89,24.84,31255038.0,304844672.0
2014-02-12,25.22,25.4,25.07,24.89,27280548.0,266944048.0
2014-02-11,24.86,25.48,24.97,24.71,31383916.0,306587264.0
2014-02-10,24.25,25.02,24.89,24.22,31299014.0,302290784.0
2014-02-07,23.73,24.33,24.22,23.63,19928246.0,186043808.0
2014-01-30,24.5,24.58,23.91,23.86,18035294.0,170723744.0
2014-01-29,24.5,24.74,24.58,24.45,17652150.0,169186608.0
2014-01-28,24.56,24.74,24.4,24.25,14563427.0,138769504.0
2014-01-27,24.76,24.94,24.35,24.33,22522952.0,215382192.0
2014-01-24,24.63,25.27,25.07,24.5,31059664.0,302407552.0
2014-01-23,24.79,24.94,24.61,24.56,24513864.0,236065408.0
2014-01-22,24.38,24.97,24.84,24.22,32523892.0,312495040.0
2014-01-21,23.94,24.5,24.33,23.91,20953358.0,198151040.0
2014-01-20,23.76,24.17,23.81,23.63,15509277.0,144299360.0
2014-01-17,23.94,24.17,23.76,23.58,20591768.0,191114160.0
2014-01-16,23.99,24.38,24.09,23.81,24798506.0,233173824.0
2014-01-15,24.09,24.17,24.04,23.66,18939220.0,176223984.0
2014-01-14,23.86,24.35,24.2,23.79,19925148.0,187022688.0
2014-01-13,23.79,24.02,23.97,23.58,18606740.0,172343536.0
2014-01-10,24.38,24.5,23.81,23.71,22347548.0,208934240.0
2014-01-09,24.97,25.3,24.38,24.22,27803660.0,269662784.0
2014-01-08,24.81,25.43,25.07,24.76,27563852.0,269582368.0
2014-01-07,24.86,25.22,24.66,24.63,26478636.0,257168736.0
2014-01-06,25.35,25.58,25.15,24.92,33746584.0,331589152.0
2014-01-03,26.2,26.22,25.35,25.3,44272036.0,440951264.0
2014-01-02,26.74,26.74,26.35,26.17,27367384.0,280880768.0
2013-12-31,26.17,26.92,26.69,26.1,41196676.0,427965024.0
2013-12-30,26.48,26.58,26.4,25.97,35218736.0,361239136.0
2013-12-27,25.38,26.38,26.23,25.38,42641928.0,434220896.0
2013-12-26,25.38,25.94,25.38,25.3,34059808.0,340230656.0
2013-12-25,25.15,25.53,25.48,24.89,22156284.0,218878768.0
2013-12-24,25.02,25.43,24.97,24.76,18517150.0,181227968.0
2013-12-23,25.58,25.61,24.92,24.74,29125772.0,285028416.0
2013-12-20,26.02,26.1,25.48,25.4,26817256.0,268972768.0
2013-12-19,26.22,26.4,25.94,25.71,30116408.0,306447008.0
2013-12-18,25.51,26.1,25.97,25.51,23772308.0,239648832.0
2013-12-17,25.69,26.05,25.53,25.45,22574664.0,226393552.0
2013-12-16,26.51,26.69,25.76,25.38,40440256.0,410129152.0
2013-12-13,25.3,26.28,26.07,25.2,33353114.0,336470400.0
2013-12-12,25.17,25.69,25.4,25.17,22170374.0,219626768.0
2013-12-11,25.97,26.17,25.3,25.12,36806320.0,365709920.0
2013-12-10,26.1,26.45,26.17,25.94,28414656.0,289886176.0
2013-12-09,26.48,27.02,26.1,26.05,36452460.0,376021472.0
2013-12-06,26.79,27.17,26.4,26.33,36989928.0,384616384.0
2013-12-05,26.43,27.07,26.64,26.38,39238992.0,409034560.0
2013-12-04,26.69,27.25,26.69,26.48,49745160.0,522279360.0
2013-12-03,26.4,26.82,26.61,26.12,42360524.0,437090976.0
2013-12-02,26.43,27.64,26.84,25.99,110400120.0,1153901312.0
2013-11-29,25.97,26.12,25.71,25.58,40577636.0,408045600.0
2013-11-28,26.43,26.66,25.84,25.79,62062168.0,635837184.0
2013-11-27,25.79,26.48,26.25,25.69,70884992.0,723483392.0
2013-11-26,25.35,26.51,25.63,25.2,64295292.0,649412544.0
2013-11-25,24.84,26.1,25.3,24.53,57527112.0,570559744.0
2013-11-22,25.12,25.38,25.07,24.71,47316272.0,463267456.0
2013-11-21,25.04,25.33,25.09,24.38,57812144.0,559687296.0
2013-11-20,25.4,25.84,25.22,24.94,43991300.0,432771008.0
2013-11-19,25.09,25.12,24.84,24.66,38011824.0,368280608.0
2013-11-18,24.22,25.38,25.3,23.86,81839416.0,785751104.0
2013-11-15,22.58,24.76,23.84,22.55,72061776.0,670523008.0
2013-11-14,22.55,22.58,22.53,22.07,26449558.0,230456576.0
2013-11-13,23.32,23.38,22.4,22.4,34632248.0,307265024.0
2013-11-12,23.27,23.71,23.56,23.27,24078192.0,220669056.0
2013-11-11,23.22,23.66,23.25,22.94,25199104.0,229407408.0
2013-11-08,23.79,24.07,23.22,23.12,35324420.0,323334080.0
2013-11-07,24.17,24.48,24.07,23.73,32870832.0,308215136.0
2013-11-06,24.43,24.97,24.25,24.15,34376484.0,329347360.0
2013-11-05,24.66,24.79,24.66,24.12,46241060.0,441246816.0
2013-11-04,25.66,25.86,24.84,24.76,45758640.0,447614976.0
2013-11-01,25.4,26.02,25.61,25.2,41901068.0,419034240.0
2013-10-31,26.4,26.66,25.53,25.48,65970296.0,666608448.0
2013-10-30,25.43,26.33,26.33,25.04,91920480.0,921712640.0
2013-10-29,24.53,25.56,25.43,24.17,86418992.0,842742400.0
2013-10-28,24.38,24.89,24.4,23.86,33783596.0,320585696.0
2013-10-25,24.27,25.43,24.45,24.25,58375064.0,562796416.0
2013-10-24,24.81,24.97,24.22,24.2,41933352.0,401045280.0
2013-10-23,25.09,25.61,25.02,24.66,69509424.0,680365952.0
2013-10-22,24.76,25.56,24.94,24.5,67048448.0,654624256.0
2013-10-21,24.48,25.09,24.97,23.79,93128208.0,886005888.0
2013-10-18,23.43,25.69,24.74,23.38,87226680.0,838114048.0
2013-10-17,22.97,24.3,23.56,22.71,49594576.0,454496928.0
2013-10-16,23.25,23.48,22.79,22.48,25698656.0,230031392.0
2013-10-15,23.07,23.32,23.17,22.91,19660820.0,177248288.0
2013-10-14,23.35,23.4,23.04,22.84,29395682.0,263625584.0
2013-10-11,23.4,23.61,23.35,23.12,38052952.0,346309568.0
2013-10-10,24.15,24.22,23.22,23.02,41674432.0,380166272.0
2013-10-09,23.99,24.2,24.09,23.86,23248480.0,217668992.0
2013-10-08,23.3,24.15,24.09,23.12,36740992.0,339725600.0
2013-09-30,23.68,23.79,23.4,23.3,26434484.0,242402848.0
2013-09-27,22.79,23.86,23.71,22.79,39384952.0,361219904.0
2013-09-26,22.61,23.25,23.09,22.2,34646432.0,307732032.0
2013-09-25,22.66,22.99,22.71,22.58,20927146.0,185657392.0
2013-09-24,23.22,23.25,22.79,22.63,22505568.0,200900800.0
2013-09-23,22.97,23.35,23.3,22.81,19151688.0,172366784.0
2013-09-18,22.89,23.02,22.94,22.48,19796068.0,176136656.0
2013-09-17,23.38,23.56,22.91,22.89,24889652.0,225280176.0
2013-09-16,23.63,23.63,23.22,23.04,24543626.0,222905440.0
2013-09-13,23.61,23.84,23.43,23.35,27948490.0,256552976.0
2013-09-12,23.12,24.17,23.73,23.12,48334132.0,446234240.0
2013-09-11,23.61,23.84,23.22,23.2,44371036.0,406067200.0
2013-09-10,22.81,23.35,23.35,22.58,44697248.0,399832736.0
2013-09-09,21.81,23.12,22.79,21.73,63951576.0,561938880.0
2013-09-06,21.61,21.86,21.76,21.5,17857632.0,151092848.0
2013-09-05,21.76,21.81,21.5,21.45,13784346.0,115952400.0
2013-09-04,21.86,21.99,21.71,21.61,21582576.0,182926320.0
2013-09-03,21.94,22.07,21.99,21.68,24561360.0,209164784.0
2013-09-02,21.76,22.12,21.91,21.55,24004886.0,204537232.0
2013-08-30,21.45,22.12,21.76,21.3,38619688.0,327776832.0
2013-08-29,21.76,21.89,21.5,21.4,23286712.0,196392128.0
2013-08-28,21.48,21.68,21.45,21.25,22538264.0,188404336.0
2013-08-27,21.63,21.76,21.73,21.43,21156684.0,178221296.0
2013-08-26,21.3,21.79,21.76,21.02,36389736.0,304144608.0
2013-08-23,21.02,21.07,20.79,20.43,18546472.0,150168688.0
2013-08-22,20.91,21.17,20.86,20.81,15321072.0,125237120.0
2013-08-21,21.09,21.14,21.02,20.81,12100450.0,98913240.0
2013-08-20,21.02,21.32,20.89,20.78,20944140.0,171979024.0
2013-08-19,20.91,21.32,21.02,20.68,38869364.0,317645600.0
2013-08-16,21.14,23.22,21.55,21.14,54035108.0,463217952.0
2013-08-15,21.61,21.91,21.35,21.27,20940236.0,176138256.0
2013-08-14,21.84,22.14,21.71,21.55,32986804.0,281667296.0
2013-08-13,21.86,21.96,21.79,21.63,19857868.0,168501200.0
2013-08-12,21.27,21.89,21.84,21.12,38389900.0,323243968.0
2013-08-09,21.04,21.25,21.14,20.76,15791304.0,129431264.0
2013-08-08,20.99,21.25,20.91,20.84,15509326.0,126855520.0
2013-08-07,21.43,21.79,21.09,21.04,32007256.0,267015568.0
2013-08-06,21.45,21.63,21.48,21.17,20540540.0,171136576.0
2013-08-05,21.25,21.5,21.5,21.14,13493359.0,112310984.0
2013-08-02,21.48,21.63,21.25,21.17,18564606.0,154701296.0
2013-08-01,20.78,21.4,21.32,20.73,21223128.0,175119264.0
2013-07-31,20.78,21.17,20.66,20.53,15548357.0,126316656.0
2013-07-30,20.19,21.02,20.55,20.14,20084800.0,161162432.0
2013-07-29,20.89,20.89,20.09,20.02,18124574.0,144654224.0
2013-07-26,21.04,21.3,20.99,20.94,12432150.0,102168424.0
2013-07-25,21.35,21.79,21.22,21.14,21917356.0,183052336.0
2013-07-24,21.22,21.5,21.25,20.76,22204920.0,183042016.0
2013-07-23,20.63,21.71,21.45,20.55,27084918.0,225116096.0
2013-07-22,20.22,20.66,20.61,19.94,15781221.0,125432152.0
2013-07-19,20.95,21.36,20.25,20.25,24424308.0,203695376.0
2013-07-18,21.13,21.51,20.88,20.86,22465412.0,189510960.0
2013-07-17,21.53,21.86,21.26,21.18,26248632.0,225104576.0
2013-07-16,21.28,21.63,21.63,21.18,23143944.0,198230144.0
2013-07-15,21.03,22.13,21.48,20.73,50532208.0,433916032.0
2013-07-12,21.18,21.53,20.63,20.61,40847928.0,343756768.0
2013-07-11,19.88,21.73,21.43,19.78,65689128.0,548804544.0
2013-07-10,19.0,19.93,19.88,18.93,29669402.0,231262864.0
2013-07-09,19.03,19.3,19.18,18.93,12936473.0,98833528.0
2013-07-08,19.35,19.63,18.95,18.95,19165316.0,147567328.0
2013-07-05,19.75,20.08,19.7,19.68,21951604.0,174195184.0
2013-07-04,19.13,20.03,19.7,19.03,25336580.0,198656592.0
2013-07-03,19.68,19.68,19.48,19.1,20850744.0,161592464.0
2013-07-02,19.73,20.03,19.83,19.4,22814248.0,179461584.0
2013-07-01,19.53,19.8,19.73,19.23,18034592.0,140737776.0
2013-06-28,18.93,20.28,19.8,18.83,30029728.0,236615056.0
2013-06-27,19.7,19.98,19.18,19.13,26468090.0,207401616.0
2013-06-26,19.65,19.88,19.63,18.8,30105372.0,234168560.0
2013-06-25,19.75,20.05,19.58,18.0,35902112.0,275157312.0
2013-06-24,21.83,21.83,19.95,19.95,27312080.0,226570720.0
2013-06-21,21.31,22.11,21.83,21.03,18582748.0,160887680.0
2013-06-20,22.03,22.41,21.71,21.66,16929146.0,149169824.0
2013-06-19,22.43,22.43,22.26,21.51,23906922.0,210169440.0
2013-06-18,22.61,22.81,22.58,22.21,17444586.0,157214048.0
2013-06-17,22.83,22.88,22.48,22.38,18732324.0,169007984.0
2013-06-14,22.91,22.96,22.76,22.43,18734840.0,170085920.0
2013-06-13,23.78,23.86,22.71,22.58,32368858.0,299170272.0
2013-06-07,24.74,25.21,24.41,24.23,44263432.0,438117056.0
2013-06-06,24.43,24.81,24.43,24.41,13608938.0,133773992.0
2013-06-05,24.61,24.81,24.66,24.29,16542878.0,162767648.0
2013-06-04,24.94,24.99,24.51,24.39,21864560.0,215364352.0
2013-06-03,25.24,25.49,25.01,24.91,23899984.0,240333984.0
2013-05-31,25.79,25.86,25.14,25.09,27165764.0,276008864.0
2013-05-30,25.29,25.94,25.59,25.26,31735280.0,325749088.0
2013-05-29,25.76,25.91,25.46,25.44,38930736.0,398388512.0
2013-05-28,25.26,25.84,25.76,25.06,50712668.0,516629696.0
2013-05-27,24.66,25.36,25.16,24.56,37430020.0,375456128.0
2013-05-24,24.54,24.81,24.69,24.36,22464352.0,220797520.0
2013-05-23,24.79,25.19,24.36,24.34,32806108.0,324362496.0
2013-05-22,25.11,25.44,24.96,24.84,30361362.0,304975904.0
2013-05-21,24.91,25.01,25.01,24.59,27878132.0,276486144.0
2013-05-20,24.89,25.34,24.99,24.71,43467900.0,435088576.0
2013-05-17,24.54,24.91,24.79,24.34,42073652.0,414309984.0
2013-05-16,23.78,24.66,24.54,23.48,40599736.0,393721376.0
2013-05-15,23.84,24.04,23.84,23.61,21217496.0,201709312.0
2013-05-14,24.04,24.21,23.71,23.68,27912568.0,266543424.0
2013-05-13,24.54,24.71,24.04,23.89,30616928.0,295228640.0
2013-05-10,24.54,25.14,24.59,24.46,30443376.0,300475872.0
2013-05-09,24.26,24.91,24.89,23.93,39007824.0,380105856.0
2013-05-08,24.66,24.96,24.23,24.04,39754764.0,387297696.0
2013-05-07,25.04,25.04,24.69,24.43,42178108.0,415649760.0
2013-05-06,25.21,25.59,25.41,24.91,47371608.0,477410912.0
2013-05-03,24.94,25.66,25.09,24.79,68832336.0,694611200.0
2013-05-02,24.61,25.16,24.59,24.36,50455080.0,497719136.0
2013-04-26,24.86,25.14,24.76,24.54,43802264.0,434578144.0
2013-04-25,23.78,26.16,24.84,23.68,73470424.0,727013440.0
2013-04-24,22.83,24.21,24.06,22.63,46354376.0,435822624.0
2013-04-23,23.81,23.86,22.68,22.68,31421024.0,290167808.0
2013-04-22,23.66,24.14,23.91,23.56,27845820.0,265061616.0
2013-04-19,23.01,23.96,23.78,23.01,41117996.0,387385376.0
2013-04-18,22.61,23.18,23.01,22.48,22815966.0,209191600.0
2013-04-17,22.66,22.86,22.76,22.33,21280062.0,192357168.0
2013-04-16,21.63,22.73,22.63,21.58,24186790.0,215192496.0
2013-04-15,21.76,22.18,21.91,21.61,13740718.0,120041584.0
2013-04-12,22.26,22.58,21.88,21.83,16794034.0,148791696.0
2013-04-11,22.68,22.78,22.33,22.21,17891504.0,161044592.0
2013-04-10,22.28,22.56,22.43,22.01,19027380.0,169384816.0
2013-04-09,21.88,22.38,22.11,21.88,16235816.0,143724768.0
2013-04-08,21.58,21.81,21.78,21.28,16015293.0,137811920.0
2013-04-03,22.28,22.43,22.06,21.98,12766603.0,113079080.0
2013-04-02,22.06,22.43,22.23,21.91,18340744.0,162539664.0
2013-04-01,21.83,22.21,21.96,21.81,13327012.0,117027360.0
2013-03-29,22.01,22.16,21.78,21.73,14643922.0,128583904.0
2013-03-28,23.03,23.03,21.96,21.93,37585516.0,334816800.0
2013-03-27,23.38,23.83,23.43,23.11,19987766.0,187183744.0
2013-03-26,24.04,24.09,23.43,23.23,23400088.0,219862864.0
2013-03-25,24.71,24.89,24.11,24.04,23438238.0,228336896.0
2013-03-22,24.74,24.79,24.59,24.43,21587100.0,212180688.0
2013-03-21,24.76,24.91,24.76,24.54,25555432.0,252568304.0
2013-03-20,23.68,24.86,24.79,23.56,45035332.0,437691648.0
2013-03-19,23.26,23.68,23.61,22.96,24068772.0,224916480.0
2013-03-18,23.16,23.56,23.16,23.01,17354752.0,161121792.0
2013-03-15,23.46,24.21,23.36,22.78,35172660.0,330875072.0
2013-03-14,23.31,23.76,23.38,23.23,13712140.0,128914952.0
2013-03-13,24.09,24.18,23.46,23.13,23197828.0,218659344.0
2013-03-12,24.34,24.96,24.09,23.71,28414544.0,275792608.0
2013-03-11,24.36,24.81,24.39,23.86,18270000.0,177719568.0
2013-03-08,25.11,25.21,24.43,24.39,21635626.0,214225280.0
2013-03-07,25.41,25.86,25.01,24.66,41522816.0,419717984.0
2013-03-06,25.46,25.64,25.21,25.04,29998260.0,303330304.0
2013-03-05,24.31,25.34,25.19,24.14,32971372.0,326650528.0
2013-03-04,25.64,25.64,24.18,23.81,48320848.0,477888000.0
2013-03-01,26.09,26.39,26.04,25.51,36891664.0,382893728.0
2013-02-28,25.44,26.36,26.21,25.09,56944264.0,586376384.0
2013-02-27,24.81,25.49,25.24,24.81,33446440.0,336208800.0
2013-02-26,24.71,25.46,24.66,24.26,35210208.0,351209696.0
2013-02-25,24.99,25.39,24.96,24.76,21375340.0,213732032.0
2013-02-22,24.91,25.19,24.74,24.64,21312364.0,212334640.0
2013-02-21,25.69,25.74,24.89,24.69,37189680.0,373258176.0
2013-02-20,25.84,26.26,26.14,25.41,26852364.0,277328192.0
2013-02-19,26.44,26.49,25.84,25.61,31051976.0,321847904.0
2013-02-18,27.66,27.77,26.44,26.44,36652964.0,396832096.0
2013-02-08,27.54,27.91,27.52,27.09,28900260.0,318360192.0
2013-02-07,27.66,28.09,27.64,26.56,53650316.0,588931712.0
2013-02-06,27.66,28.29,27.34,27.26,53545856.0,593608704.0
2013-02-05,27.04,27.89,27.49,26.91,41425032.0,453665536.0
2013-02-04,27.86,28.59,27.34,27.21,77228880.0,860105216.0
2013-02-01,25.49,27.52,27.26,25.31,59729984.0,632788800.0
2013-01-31,25.36,26.49,25.71,25.21,40551424.0,417870080.0
2013-01-30,25.39,26.06,25.36,24.91,42974240.0,437260928.0
2013-01-29,24.74,25.66,25.34,24.56,72277328.0,728985088.0
2013-01-28,23.66,24.89,24.79,23.66,40904636.0,400059872.0
2013-01-25,23.91,23.98,23.58,23.41,26099304.0,246725920.0
2013-01-24,24.41,25.39,23.98,23.58,77503432.0,761027520.0
2013-01-23,23.46,24.59,24.56,23.28,58736176.0,566165184.0
2013-01-22,23.38,24.41,23.66,23.11,53280484.0,504613952.0
2013-01-21,23.38,23.58,23.41,23.03,25357212.0,236370960.0
2013-01-18,23.31,23.66,23.26,22.96,34349688.0,319693632.0
2013-01-17,22.83,23.58,23.11,22.58,33901748.0,311744320.0
2013-01-16,23.28,23.43,22.91,22.58,25442348.0,233524208.0
2013-01-15,23.18,23.43,23.28,23.08,27331476.0,253933856.0
2013-01-14,22.06,23.33,23.18,22.06,40761008.0,372265408.0
2013-01-11,22.88,23.23,22.16,21.96,45446872.0,411951168.0
2013-01-10,22.58,23.08,22.63,22.41,21891924.0,198933072.0
2013-01-09,22.71,22.96,22.53,22.48,23555108.0,213479552.0
2013-01-08,23.16,23.33,22.76,22.58,25578600.0,233551952.0
2013-01-07,23.13,23.41,23.16,22.91,18041156.0,166927840.0
2013-01-04,23.81,23.91,23.28,22.91,26978720.0,251835376.0
2012-12-31,23.73,23.78,23.53,23.26,24279736.0,228272080.0
2012-12-28,22.83,23.71,23.46,22.73,32730740.0,303353184.0
2012-12-27,23.08,23.26,22.61,22.61,23957892.0,218882704.0
2012-12-26,23.23,23.28,23.01,22.78,19622380.0,180377216.0
2012-12-25,22.36,23.56,23.28,22.13,32104978.0,296460448.0
2012-12-24,22.23,23.06,22.56,22.18,16588640.0,150669904.0
2012-12-21,22.33,22.96,22.28,22.16,21731534.0,194921024.0
2012-12-20,21.78,22.63,22.33,21.51,17045888.0,150281504.0
2012-12-19,22.06,22.21,21.93,21.86,17296632.0,152254944.0
2012-12-18,22.03,22.81,22.16,21.86,20570000.0,183688848.0
2012-12-17,21.78,22.73,22.08,21.63,24724430.0,218079728.0
2012-12-14,20.18,21.78,21.76,20.18,26256732.0,222679024.0
2012-12-13,20.3,20.38,20.18,20.1,10181861.0,82378504.0
2012-12-12,20.38,20.63,20.5,20.05,12692894.0,103118296.0
2012-12-11,20.45,20.66,20.4,20.3,7222142.0,59097156.0
2012-12-10,20.43,20.8,20.55,20.4,14122490.0,116293536.0
2012-12-07,19.8,20.43,20.38,19.73,18726216.0,150958768.0
2012-12-06,19.95,20.05,19.7,19.63,9585248.0,75965512.0
2012-12-05,18.75,20.43,19.95,18.65,23218732.0,183541904.0
2012-12-04,18.33,18.9,18.8,18.25,10354224.0,76856376.0
2012-12-03,18.6,19.0,18.35,18.28,10915833.0,81410512.0
2012-11-30,18.53,18.7,18.6,17.8,20828674.0,153554784.0
2012-11-29,20.33,20.45,18.53,18.25,20772444.0,159965152.0
2012-11-28,20.48,20.68,20.28,20.28,7850433.0,64268616.0
2012-11-27,20.7,20.88,20.53,20.5,10276030.0,84744448.0
2012-11-26,21.0,21.13,20.83,20.8,5873730.0,49225136.0
2012-11-23,21.23,21.33,21.11,21.03,7876553.0,66714092.0
2012-11-22,21.08,21.23,21.08,20.93,9309699.0,78479344.0
2012-11-21,20.55,21.31,21.18,20.53,16078726.0,134699120.0
2012-11-20,20.88,20.93,20.55,20.48,10011017.0,82788352.0
2012-11-19,20.35,20.91,20.78,20.13,14449498.0,118963528.0
2012-11-16,20.25,20.43,20.3,19.95,12071654.0,97455400.0
2012-11-15,20.35,20.68,20.3,20.25,7411562.0,60470976.0
2012-11-14,20.33,20.73,20.63,20.15,9459066.0,77253976.0
2012-11-13,21.08,21.11,20.33,20.15,14188436.0,116057664.0
2012-11-12,21.21,21.31,21.08,20.66,11742041.0,98692616.0
2012-11-09,21.16,21.38,20.98,20.86,11199920.0,94055848.0
2012-11-08,22.06,22.18,21.28,21.28,14009015.0,122098088.0
2012-11-07,22.81,22.93,22.43,22.33,10332929.0,93208808.0
2012-11-06,22.81,23.16,22.96,22.23,14649574.0,132423376.0
2012-11-05,23.03,23.21,22.63,22.56,12221521.0,110946472.0
2012-11-02,23.01,23.21,23.01,22.81,11879712.0,109223784.0
2012-11-01,22.68,23.33,23.08,22.66,19591224.0,179921632.0
2012-10-31,22.23,22.61,22.56,22.03,9831060.0,87562408.0
2012-10-30,21.98,22.31,22.23,21.81,12623944.0,111416712.0
2012-10-29,21.81,22.18,21.86,21.66,11390286.0,99555808.0
2012-10-26,22.16,22.28,21.88,21.71,10815187.0,94890368.0
2012-10-25,22.46,22.63,22.13,22.03,15207873.0,135351440.0
2012-10-24,22.96,23.18,22.43,22.33,17462404.0,159089104.0
2012-10-23,23.91,24.09,23.11,23.06,13172876.0,123915872.0
2012-10-22,23.78,24.14,23.98,23.58,12720606.0,121482632.0
2012-10-19,24.04,24.39,23.88,23.78,22071314.0,211812976.0
2012-10-18,23.43,23.81,23.81,23.21,18043226.0,169703536.0
2012-10-17,23.46,23.58,23.31,22.93,12740965.0,118697720.0
2012-10-16,23.48,23.58,23.23,23.18,12200561.0,114187880.0
2012-10-15,23.41,23.76,23.48,23.13,12486742.0,117019336.0
2012-10-12,22.96,23.46,23.31,22.96,14509225.0,134892240.0
2012-10-11,23.28,23.48,22.93,22.86,10244362.0,94784232.0
2012-10-10,23.38,23.61,23.36,23.23,11029108.0,103042000.0
2012-10-09,22.98,23.91,23.53,22.98,18748432.0,176563248.0
2012-10-08,23.03,23.26,22.78,22.61,16889152.0,154651472.0
2012-09-28,22.26,23.16,23.11,22.16,21351306.0,193795936.0
2012-09-27,21.46,23.03,22.68,21.46,25946240.0,231234144.0
2012-09-26,21.46,21.88,21.38,21.18,11096535.0,95185840.0
2012-09-25,21.61,22.16,21.36,21.28,14317203.0,124548408.0
2012-09-24,20.91,21.91,21.66,20.75,15679904.0,134273120.0
2012-09-21,20.78,21.41,21.16,20.66,11202342.0,94471800.0
2012-09-20,21.18,21.33,20.91,20.75,14117793.0,118555712.0
2012-09-19,20.93,21.36,21.31,20.86,12128097.0,102597632.0
2012-09-18,20.91,21.13,20.83,20.83,7483208.0,62683344.0
2012-09-17,21.46,21.63,20.93,20.88,12675489.0,107494704.0
2012-09-14,21.53,21.83,21.53,21.23,17136498.0,147555984.0
2012-09-13,21.53,21.68,21.18,21.16,11123200.0,95202560.0
2012-09-12,21.83,22.01,21.53,21.11,13999239.0,120055240.0
2012-09-11,21.51,21.63,21.58,21.18,17369502.0,148184656.0
2012-09-10,21.38,22.11,21.73,21.36,24630904.0,214282336.0
2012-09-07,20.03,21.66,21.36,19.98,32926904.0,276590112.0
2012-09-06,19.53,19.83,19.78,19.53,8390242.0,66144260.0
2012-09-05,19.5,19.83,19.48,19.35,8978265.0,70319856.0
2012-09-04,19.9,20.0,19.48,19.43,9322263.0,73365224.0
2012-09-03,19.55,20.05,19.93,19.45,11784102.0,93454392.0
2012-08-31,19.6,19.8,19.58,19.53,6696615.0,52567908.0
2012-08-30,19.23,20.0,19.73,19.18,13315586.0,104250952.0
2012-08-29,19.28,19.45,19.23,19.13,4843323.0,37278404.0
2012-08-28,19.1,19.7,19.43,19.1,8386434.0,64964384.0
2012-08-27,20.2,20.28,19.15,19.03,14450956.0,112507592.0
2012-08-24,20.7,20.73,20.28,20.23,9212474.0,75077352.0
2012-08-23,20.75,20.95,20.68,20.58,8088110.0,66995828.0
2012-08-22,21.0,21.11,20.58,20.53,8791591.0,72905744.0
2012-08-21,20.8,21.13,20.95,20.75,8846207.0,74144104.0
2012-08-20,20.53,20.98,20.8,20.38,5898915.0,48627660.0
2012-08-17,20.83,20.88,20.8,20.5,7056249.0,58273356.0
2012-08-16,20.8,21.08,20.83,20.73,7496567.0,62632640.0
2012-08-15,20.73,20.98,20.83,20.66,7724998.0,64320692.0
2012-08-14,20.78,20.98,20.95,20.25,14495317.0,119464024.0
2012-08-13,22.36,22.41,20.8,20.53,20515430.0,175079456.0
2012-08-10,22.58,22.66,22.41,22.26,8102987.0,72559832.0
2012-08-09,22.61,22.71,22.63,22.03,11298706.0,101021352.0
2012-08-08,22.71,23.01,22.56,22.51,12992670.0,117868456.0
2012-08-07,22.58,22.76,22.61,22.46,14012216.0,126580968.0
2012-08-06,22.26,23.16,22.71,22.23,25046876.0,227800736.0
2012-08-03,21.83,22.08,22.08,21.68,10505937.0,91870480.0
2012-08-02,21.93,21.93,21.58,21.53,13110647.0,113663464.0
2012-08-01,21.76,22.48,21.93,21.68,15930228.0,140294848.0
2012-07-31,21.66,21.91,21.76,21.51,7255300.0,62931884.0
2012-07-30,22.08,22.28,21.63,21.51,7383461.0,64278440.0
2012-07-27,22.48,22.63,21.98,21.76,13842249.0,121923088.0
2012-07-26,22.73,22.93,22.41,22.36,13512344.0,122333680.0
2012-07-25,22.81,23.08,22.68,22.58,10050286.0,91704664.0
2012-07-24,22.11,23.18,22.93,22.08,17689996.0,161600816.0
2012-07-23,22.21,22.78,22.41,21.93,12371030.0,110734320.0
2012-07-20,22.71,22.88,22.46,22.13,16166259.0,144983536.0
2012-07-19,22.33,23.33,22.81,22.28,21660640.0,197771920.0
2012-07-18,21.91,22.51,22.41,21.76,12084860.0,106958016.0
2012-07-17,21.23,22.56,22.01,21.16,14574876.0,127808808.0
2012-07-16,21.64,21.66,21.34,21.26,11276670.0,97684488.0
2012-07-13,20.99,21.71,21.66,20.92,21956852.0,190094992.0
2012-07-12,20.3,21.36,21.19,19.88,27497552.0,230121552.0
2012-07-11,20.55,20.79,20.4,20.25,18624274.0,153828864.0
2012-07-10,20.55,20.74,20.57,20.42,7264246.0,60410408.0
2012-07-09,21.24,21.24,20.55,20.47,13935045.0,117143120.0
2012-07-06,20.74,21.54,21.29,20.3,22702232.0,190671920.0
2012-07-05,21.78,21.78,20.55,20.27,17522356.0,148332208.0
2012-07-04,21.91,22.03,21.83,21.71,5957418.0,52587420.0
2012-07-03,22.25,22.48,21.83,21.68,13478884.0,120130760.0
2012-07-02,22.65,22.7,22.23,21.91,14625192.0,132499592.0
2012-06-29,21.98,22.65,22.53,21.93,18749982.0,168921824.0
2012-06-28,22.5,22.75,22.08,22.03,9293806.0,83841528.0
2012-06-27,22.43,22.82,22.28,22.28,9337764.0,85047592.0
2012-06-26,22.5,22.87,22.3,22.3,10999933.0,100722952.0
2012-06-25,23.44,23.47,22.65,22.25,14950036.0,136825088.0
2012-06-21,24.26,24.28,23.52,23.07,13087598.0,124470336.0
2012-06-20,24.61,24.63,24.26,24.11,10485435.0,102950856.0
2012-06-19,24.95,24.98,24.48,24.43,8612490.0,85962832.0
2012-06-18,25.05,25.23,25.03,24.85,8054561.0,81523920.0
2012-06-15,24.93,25.25,24.85,24.38,13346414.0,134095504.0
2012-06-14,25.13,25.2,24.73,24.7,8544953.0,86241280.0
2012-06-13,24.75,25.45,25.18,24.48,17101892.0,173391920.0
2012-06-12,24.85,24.98,24.53,24.51,7695251.0,76713736.0
2012-06-11,24.75,25.2,25.03,24.48,13087419.0,131519384.0
2012-06-08,24.7,25.2,24.56,24.33,18746504.0,187866592.0
2012-06-07,24.66,24.85,24.33,24.06,9466947.0,93656328.0
2012-06-06,24.58,24.85,24.31,24.23,9295757.0,92121480.0
2012-06-05,24.83,24.98,24.58,24.33,12292948.0,122129704.0
2012-06-04,25.25,25.75,24.75,24.68,20956814.0,213201056.0
2012-06-01,25.62,26.24,25.7,25.42,23634832.0,247392160.0
2012-05-31,25.27,25.99,25.79,25.18,24783136.0,257558656.0
2012-05-30,25.23,25.79,25.42,25.05,25791888.0,265896064.0
2012-05-29,24.41,25.75,25.2,24.33,42695624.0,433823008.0
2012-05-28,24.06,24.63,24.46,23.62,25652260.0,249237920.0
2012-05-24,25.15,25.5,24.68,24.58,21897656.0,221100848.0
2012-05-23,24.51,25.42,25.3,24.46,37126304.0,375308416.0
2012-05-22,24.28,25.13,24.7,24.28,23022832.0,229479024.0
2012-05-21,24.06,24.7,24.18,23.84,14433758.0,141458880.0
2012-05-18,24.21,24.8,24.43,24.16,23717764.0,234687152.0
2012-05-17,23.22,24.66,24.56,23.22,26336518.0,256379824.0
2012-05-16,23.52,23.94,23.07,23.0,11285721.0,107210488.0
2012-05-15,23.32,23.76,23.64,23.14,11330401.0,107192856.0
2012-05-14,24.01,24.28,23.54,23.34,21240842.0,205009280.0
2012-05-11,24.04,24.28,23.79,23.76,6604058.0,64066032.0
2012-05-10,23.84,24.23,24.16,23.76,12654842.0,122695440.0
2012-05-09,23.96,24.11,23.79,23.57,13528153.0,130304224.0
2012-05-08,24.61,24.73,24.28,24.01,14516719.0,142441872.0
2012-05-07,24.46,24.93,24.68,24.41,17302986.0,172209856.0
2012-05-04,24.88,25.03,24.68,24.21,24110276.0,239398752.0
2012-05-03,24.36,25.37,24.9,24.26,32447356.0,325388928.0
2012-05-02,24.31,24.7,24.51,23.94,38204608.0,375594688.0
2012-04-27,24.14,24.51,23.66,23.52,24245400.0,234284624.0
2012-04-26,24.38,24.63,24.43,23.52,29497716.0,287404640.0
2012-04-25,24.14,24.75,24.14,23.96,22761764.0,224507696.0
2012-04-24,24.06,24.9,24.26,23.2,27261358.0,265919040.0
2012-04-23,24.75,25.13,24.31,24.26,37347816.0,371987296.0
2012-04-20,23.86,25.18,24.88,23.81,38167068.0,380270848.0
2012-04-19,23.96,24.48,23.96,23.74,21899492.0,213613280.0
2012-04-18,23.17,24.31,24.11,23.02,21294180.0,204266048.0
2012-04-17,24.36,24.41,23.02,22.87,19955028.0,188684352.0
2012-04-16,23.54,24.31,24.11,23.52,13431152.0,130475880.0
2012-04-13,23.89,24.66,23.74,23.64,18470028.0,179974032.0
2012-04-12,23.05,23.94,23.91,22.73,20555224.0,195310480.0
2012-04-11,22.87,23.64,23.05,22.77,10042879.0,94159512.0
2012-04-10,22.55,23.29,23.24,22.11,11689441.0,107335920.0
2012-04-09,22.73,23.05,22.5,22.43,7975547.0,73142312.0
2012-04-06,22.13,22.82,22.77,22.08,17459000.0,159027856.0
2012-04-05,21.39,23.0,22.28,21.24,18581680.0,166899664.0
2012-03-30,21.16,21.64,21.39,21.09,8124155.0,70129656.0
2012-03-29,21.19,21.56,21.04,20.79,9300035.0,79726144.0
2012-03-28,21.83,22.16,21.29,21.14,11671669.0,102066288.0
2012-03-27,22.18,22.25,21.86,21.71,6278989.0,55849200.0
2012-03-26,22.08,22.38,21.96,21.76,6292469.0,56029744.0
2012-03-23,22.45,22.73,22.13,22.06,9586772.0,86716248.0
2012-03-22,22.48,22.82,22.58,22.28,8268911.0,75331312.0
2012-03-21,23.02,23.1,22.45,22.23,18128516.0,164900112.0
2012-03-20,23.52,23.69,22.77,22.65,13611408.0,126331208.0
2012-03-19,23.1,23.89,23.57,23.1,17032188.0,162147280.0
2012-03-16,23.0,23.47,23.34,22.85,13344706.0,124888216.0
2012-03-15,22.7,23.22,22.82,22.68,17071748.0,158379360.0
2012-03-14,23.81,24.21,22.68,22.53,24717620.0,235821264.0
2012-03-13,23.24,23.86,23.66,23.17,12890710.0,122724816.0
2012-03-12,23.47,23.57,23.24,22.87,12879726.0,120770640.0
2012-03-09,23.34,23.86,23.52,23.22,23535032.0,223996032.0
2012-03-08,22.77,23.71,23.22,22.73,25289352.0,238134944.0
2012-03-07,22.25,22.92,22.53,22.2,17779140.0,162209536.0
2012-03-06,23.12,23.34,22.6,22.53,16108635.0,148777040.0
2012-03-05,23.32,23.81,23.17,23.12,24461454.0,232174352.0
2012-03-02,22.43,23.47,23.34,22.33,24037224.0,224241360.0
2012-03-01,21.93,22.68,22.38,21.88,15470506.0,139766592.0
2012-02-29,22.4,22.4,21.96,21.93,10898575.0,97474248.0
2012-02-28,22.28,23.02,22.45,22.23,23534868.0,215053584.0
2012-02-27,21.66,22.8,22.38,21.66,33067040.0,300431008.0
2012-02-24,20.79,22.16,21.73,20.74,28716946.0,249639536.0
2012-02-23,20.82,21.04,20.72,20.67,11853203.0,99695472.0
2012-02-22,19.98,21.09,20.92,19.9,36657760.0,306144096.0
2012-02-21,19.93,19.98,19.98,19.58,9440796.0,75498848.0
2012-02-20,20.0,20.1,19.83,19.8,13003742.0,104946376.0
2012-02-17,19.8,19.9,19.7,19.53,7230922.0,57639912.0
2012-02-16,19.83,19.95,19.68,19.48,9365066.0,74615984.0
2012-02-15,19.53,20.15,19.88,19.36,13507319.0,108096096.0
2012-02-14,19.75,19.85,19.58,19.46,8102585.0,64265544.0
2012-02-13,19.21,19.95,19.7,19.11,16137918.0,128337440.0
2012-02-10,19.23,20.03,19.48,19.23,20992068.0,166682416.0
2012-02-09,19.31,19.53,19.36,19.09,11939081.0,93332440.0
2012-02-08,18.71,19.53,19.31,18.66,11212718.0,86804424.0
2012-02-07,19.28,19.28,18.71,18.61,11882177.0,90516568.0
2012-02-06,19.41,19.61,19.38,19.23,9413647.0,73867736.0
2012-02-03,19.33,19.53,19.36,19.18,8848972.0,69208256.0
2012-02-02,19.09,19.41,19.38,18.91,7484727.0,58021348.0
2012-02-01,19.36,19.48,18.99,18.89,6476832.0,50118656.0
2012-01-31,19.28,19.48,19.43,19.11,8923977.0,69668576.0
2012-01-30,19.53,19.61,19.23,19.09,9448902.0,73810920.0
2012-01-20,19.41,19.75,19.56,18.94,17241012.0,135089328.0
2012-01-19,18.86,19.75,19.26,18.84,20920172.0,163799616.0
2012-01-18,18.76,20.05,18.81,18.69,30022132.0,234568832.0
2012-01-17,17.9,18.86,18.84,17.7,13713026.0,101858248.0
2012-01-16,17.85,18.2,17.72,17.72,6108509.0,44278628.0
2012-01-13,18.64,18.74,17.95,17.77,12780303.0,93975336.0
2012-01-12,18.76,18.96,18.57,18.49,10425511.0,78768984.0
2012-01-11,18.94,19.06,18.81,18.66,11848438.0,90292240.0
2012-01-10,18.39,19.11,18.99,18.29,20181630.0,152742672.0
2012-01-09,17.77,18.57,18.54,17.58,17901744.0,131355512.0
2012-01-06,17.23,17.92,17.92,17.16,9940484.0,70355064.0
2012-01-05,17.38,17.7,17.23,17.2,7882764.0,55590584.0
2012-01-04,17.87,18.07,17.5,17.5,7285064.0,52363300.0
