date,open,high,close,low,volume,amount
2015-07-10,100.87,109.87,109.87,99.43,195368048.0,4238827264.0
2015-07-09,90.79,99.88,99.88,81.94,188019728.0,3556243712.0
2015-07-08,90.79,92.87,90.79,90.79,261474608.0,4785408000.0
2015-07-07,101.07,104.85,100.87,94.26,164837184.0,3280793856.0
2015-07-06,108.67,108.67,104.75,96.6,133459824.0,2780700928.0
2015-07-03,103.86,107.48,98.79,96.2,102042904.0,2104259456.0
2015-07-02,108.58,109.82,104.6,101.27,114942392.0,2457373952.0
2015-07-01,111.81,114.44,105.05,104.0,91277304.0,2039880704.0
2015-06-30,102.91,113.89,112.55,99.48,127240736.0,2768409344.0
2015-06-29,115.73,116.28,104.35,101.17,158319472.0,3463568896.0
2015-06-26,122.94,127.21,112.4,112.4,128150040.0,3082390016.0
2015-06-25,129.2,131.43,124.87,122.74,74066856.0,1917447168.0
2015-06-24,129.0,129.15,128.55,126.22,67851432.0,1744148352.0
2015-06-23,124.08,128.6,127.91,120.45,75486520.0,1903794432.0
2015-06-19,127.36,131.48,123.58,123.58,75628584.0,1950661888.0
2015-06-18,133.67,134.12,128.8,127.16,64331556.0,1706738688.0
2015-06-17,133.97,135.61,134.51,130.39,62778672.0,1678229504.0
2015-06-16,133.67,137.3,133.17,132.08,71586848.0,1939722496.0
2015-06-15,141.57,142.27,134.71,134.17,100694000.0,2799292160.0
2015-06-12,139.24,141.87,138.94,138.14,83012848.0,2335935744.0
2015-06-11,140.63,141.52,138.89,138.04,81126016.0,2272532992.0
2015-06-10,141.77,143.71,141.32,140.43,92116536.0,2630537984.0
2015-06-09,147.93,149.57,143.51,142.12,132368888.0,3866696192.0
2015-06-08,139.88,148.78,147.78,139.28,209267520.0,6062532608.0
2015-06-05,140.63,142.02,139.58,135.91,149119216.0,4182408960.0
2015-06-04,134.91,137.45,135.91,126.71,103373240.0,2779027456.0
2015-06-03,136.35,137.4,134.12,132.53,79191776.0,2147091072.0
2015-06-02,135.56,136.45,135.26,133.17,78998832.0,2139239680.0
2015-06-01,130.69,137.65,135.66,128.2,103977136.0,2779598336.0
2015-05-29,131.19,132.18,128.35,125.97,108624000.0,2830535424.0
2015-05-28,143.01,143.11,129.15,128.95,147209536.0,4082929664.0
2015-05-27,145.15,146.09,143.26,143.11,115587360.0,3356670976.0
2015-05-26,145.2,146.59,145.05,141.37,157112128.0,4555534336.0
2015-05-25,140.53,147.04,144.55,140.53,148028528.0,4313326080.0
2015-05-22,137.69,142.27,140.38,137.64,122377456.0,3460810496.0
2015-05-21,136.15,137.54,136.2,134.26,62374552.0,1701669376.0
2015-05-20,138.44,138.59,136.05,135.16,91883512.0,2525444864.0
2015-05-19,129.05,141.62,137.99,129.05,137132064.0,3763916800.0
2015-05-18,130.09,131.68,129.05,128.9,64334544.0,1682402048.0
2015-05-15,136.15,136.6,131.68,131.18,84759232.0,2273212416.0
2015-05-14,138.54,139.88,137.1,136.0,58658616.0,1625664128.0
2015-05-13,141.02,141.02,138.49,136.65,82992968.0,2312473344.0
2015-05-12,139.88,144.95,141.22,137.25,126219720.0,3600380928.0
2015-05-11,135.36,140.08,139.83,135.31,98120256.0,2715691264.0
2015-05-08,136.65,138.04,135.21,132.82,75850704.0,2065238144.0
2015-05-07,132.94,135.75,134.72,132.2,68684736.0,1874118272.0
2015-05-06,133.88,137.92,132.94,131.61,76771960.0,2096536832.0
2015-05-05,137.87,141.13,132.79,131.26,92360136.0,2566225664.0
2015-05-04,138.91,140.09,137.58,136.64,67210464.0,1875152640.0
2015-04-30,140.93,142.07,139.16,139.11,76977104.0,2192748544.0
2015-04-29,140.59,142.46,140.83,138.17,80454960.0,2288456960.0
2015-04-28,142.91,144.43,141.08,140.44,107680048.0,3107714304.0
2015-04-27,142.07,145.77,142.66,140.98,102621976.0,2970065920.0
2015-04-24,144.53,145.52,141.57,139.35,127708576.0,3687458560.0
2015-04-23,151.19,154.15,147.49,145.81,178709184.0,5419474432.0
2015-04-22,143.79,152.82,150.55,142.07,195236512.0,5794865664.0
2015-04-21,136.15,143.55,142.31,136.15,120745352.0,3442610688.0
2015-04-20,143.05,143.55,135.9,135.6,139981232.0,3965009408.0
2015-04-17,143.79,146.01,142.91,141.57,123343072.0,3596265216.0
2015-04-16,139.4,144.19,142.41,138.22,91140496.0,2609547264.0
2015-04-15,145.52,145.57,140.29,139.6,114276544.0,3323997440.0
2015-04-14,147.0,149.22,147.1,143.0,141160240.0,4168793600.0
2015-04-13,151.0,151.83,147.94,145.62,170343888.0,5098800640.0
2015-04-10,151.73,152.18,151.0,147.84,164574000.0,4992326656.0
2015-04-09,156.81,162.19,152.33,150.21,228242368.0,7218115584.0
2015-04-08,146.75,153.36,150.5,143.99,213589776.0,6471561728.0
2015-04-07,146.06,147.0,145.91,142.76,138914000.0,4069333504.0
2015-04-03,138.07,143.94,143.45,137.92,154418768.0,4443785728.0
2015-04-02,143.1,143.99,139.6,137.28,130746456.0,3710626816.0
2015-04-01,138.76,142.95,141.33,136.54,142044320.0,4030423552.0
2015-03-31,138.32,148.87,137.63,136.64,212191808.0,6119833600.0
2015-03-30,131.61,137.53,136.0,129.78,181602608.0,4934259712.0
2015-03-27,127.56,135.21,131.61,127.47,155102032.0,4160187904.0
2015-03-26,126.28,130.18,127.27,124.46,102854544.0,2656053504.0
2015-03-25,130.47,133.43,127.61,127.37,134250576.0,3536164608.0
2015-03-24,132.2,134.52,130.18,127.42,144116944.0,3823496448.0
2015-03-23,131.41,133.09,132.1,129.49,148758448.0,3961499136.0
2015-03-20,123.77,134.81,129.49,121.45,208312592.0,5413708288.0
2015-03-19,125.29,126.28,123.27,122.48,113773544.0,2864617472.0
2015-03-18,121.55,125.49,124.55,121.55,169677472.0,4260314880.0
2015-03-17,118.93,120.86,119.82,117.35,163785808.0,3962569728.0
2015-03-16,113.55,117.2,115.82,111.93,103980072.0,2423174656.0
2015-03-13,112.86,115.72,112.47,111.83,82111792.0,1889279360.0
2015-03-12,110.05,112.77,111.83,109.02,88338600.0,1993229056.0
2015-03-11,110.0,111.88,109.41,109.11,58415352.0,1307489536.0
2015-03-10,110.25,112.03,109.71,108.28,77932528.0,1735715072.0
2015-03-09,109.51,111.38,110.55,107.14,112204696.0,2471910144.0
2015-03-06,114.54,117.3,113.85,113.46,88920704.0,2079223168.0
2015-03-05,112.91,115.18,113.16,111.38,69190800.0,1587758592.0
2015-03-04,114.44,115.43,113.6,112.72,63467544.0,1462171520.0
2015-03-03,118.83,118.88,114.44,114.2,104718696.0,2461294848.0
2015-03-02,119.08,122.14,119.82,117.2,120785784.0,2938009344.0
2015-02-27,117.6,118.88,116.61,116.17,74855800.0,1784855040.0
2015-02-26,112.52,118.14,117.6,110.35,110570696.0,2584381184.0
2015-02-25,115.43,115.48,112.57,112.47,59612956.0,1371906048.0
2015-02-17,115.43,117.85,115.28,114.74,75096512.0,1768976768.0
2015-02-16,115.33,116.37,115.03,114.0,92166112.0,2147233920.0
2015-02-13,115.28,119.72,116.71,115.28,116082144.0,2770243072.0
2015-02-12,116.22,116.27,114.79,113.01,56497240.0,1311313152.0
2015-02-11,115.33,116.76,115.43,113.65,67609256.0,1578339968.0
2015-02-10,113.45,116.91,114.84,112.86,97795520.0,2278087424.0
2015-02-09,108.57,115.23,113.26,108.52,121256624.0,2769961216.0
2015-02-06,108.52,112.22,109.56,106.65,71586704.0,1594587392.0
2015-02-05,114.39,114.69,110.1,110.0,129494600.0,2950490368.0
2015-02-04,110.4,114.25,109.21,109.06,109865080.0,2494558720.0
2015-02-03,106.8,110.59,110.0,105.32,86740792.0,1892767104.0
2015-02-02,104.63,107.58,104.82,102.75,84263776.0,1790254848.0
2015-01-30,111.28,111.83,108.03,108.03,63811428.0,1417187968.0
2015-01-29,110.4,111.78,110.05,108.57,86477720.0,1927584640.0
2015-01-28,113.45,117.16,113.45,112.37,86134888.0,1998575232.0
2015-01-27,115.33,116.81,114.19,111.68,94514960.0,2188436736.0
2015-01-26,117.89,118.29,115.92,114.0,96833536.0,2272555520.0
2015-01-23,117.75,123.17,118.24,117.06,111720672.0,2712701696.0
2015-01-22,114.24,118.39,116.42,113.45,109292144.0,2569989376.0
2015-01-21,108.62,116.17,114.25,108.08,164579552.0,3719140096.0
2015-01-20,105.56,110.74,106.6,104.13,230360912.0,5003960832.0
2015-01-19,115.18,115.18,115.18,115.18,24519000.0,572518656.0
2015-01-16,129.73,130.57,127.96,126.67,111055336.0,2891835904.0
2015-01-15,125.25,130.18,129.59,122.09,139799712.0,3584642816.0
2015-01-14,124.55,127.81,125.34,122.83,111744896.0,2834361856.0
2015-01-13,128.5,129.73,124.26,123.42,115024432.0,2939296768.0
2015-01-12,130.18,133.19,129.63,126.77,157890016.0,4170890240.0
2015-01-09,128.99,135.46,127.76,126.77,162816192.0,4307552768.0
2015-01-08,135.65,137.58,129.39,127.66,154778592.0,4112974336.0
2015-01-07,132.79,141.52,135.65,131.95,221449424.0,6167899648.0
2015-01-06,126.77,137.53,132.74,125.54,210707008.0,5614209536.0
2015-01-05,129.09,130.72,128.55,124.31,149733680.0,3880722432.0
2014-12-31,127.27,132.99,128.01,124.85,162559520.0,4265911808.0
2014-12-30,125.34,130.82,126.97,120.36,166941520.0,4295275008.0
2014-12-29,133.33,133.68,125.29,123.32,206388960.0,5362587648.0
2014-12-26,117.4,129.19,129.19,116.91,233018656.0,5890194432.0
2014-12-25,113.85,119.62,117.45,111.48,141919872.0,3331586304.0
2014-12-24,124.36,125.69,113.6,111.68,175062048.0,4156433408.0
2014-12-23,121.1,125.0,121.84,119.87,131076680.0,3275116288.0
2014-12-22,120.26,125.98,120.9,114.34,165754208.0,4067125248.0
2014-12-19,127.27,129.49,122.33,117.01,216034864.0,5413603328.0
2014-12-18,134.52,136.69,127.46,125.69,206339696.0,5506603008.0
2014-12-17,141.47,145.12,139.6,130.13,364656384.0,10292031488.0
2014-12-16,123.57,135.65,135.65,122.68,288193536.0,7628944896.0
2014-12-15,118.34,124.75,123.32,116.22,154235024.0,3763054336.0
2014-12-12,113.45,124.75,117.94,113.45,211824240.0,5119294464.0
2014-12-11,119.42,126.28,115.92,115.03,224843488.0,5495066112.0
2014-12-10,125.05,129.29,124.41,111.48,347703680.0,8504187392.0
2014-12-09,130.72,143.79,123.17,117.65,359710912.0,9982532608.0
2014-12-08,116.46,130.72,130.72,111.97,270432864.0,6868457984.0
2014-12-05,113.21,118.83,118.83,109.11,334313952.0,7824683008.0
2014-12-04,97.92,108.03,108.03,96.29,277392928.0,5832537088.0
2014-12-03,99.1,105.02,98.21,94.12,291177504.0,5943925248.0
2014-12-02,88.79,98.9,97.47,88.1,254929024.0,4859121152.0
2014-12-01,90.12,94.22,90.47,86.72,209667360.0,3851596800.0
2014-11-28,88.79,91.5,88.35,86.82,221829664.0,3994462720.0
2014-11-27,83.02,90.52,90.52,81.0,265971552.0,4598910976.0
2014-11-26,78.23,83.22,82.33,77.64,218420448.0,3575060480.0
2014-11-25,76.41,79.71,77.4,75.47,221962800.0,3478353920.0
2014-11-24,73.11,73.11,73.11,73.11,28016524.0,415204864.0
2014-11-14,65.26,67.28,66.44,64.13,88769352.0,1183355776.0
2014-11-13,66.64,68.37,65.9,65.31,130129296.0,1774991488.0
2014-11-12,63.14,66.64,66.5,62.65,100570280.0,1324798080.0
2014-11-11,64.77,67.33,63.93,62.25,172506640.0,2286117376.0
2014-11-10,63.98,64.62,64.37,62.01,147039936.0,1888056576.0
2014-11-07,59.64,64.52,61.51,59.59,163570272.0,2055241728.0
2014-11-06,59.0,60.03,59.29,58.01,73463272.0,878970304.0
2014-11-05,58.01,60.48,58.95,57.42,119301744.0,1432846848.0
2014-11-04,57.47,58.8,57.66,57.17,70790480.0,831072448.0
2014-11-03,58.06,59.64,57.76,57.47,116511608.0,1381901824.0
2014-10-31,55.94,58.01,57.32,55.49,114845528.0,1322305152.0
2014-10-30,55.35,56.09,55.49,54.85,62869184.0,706124224.0
2014-10-29,54.26,56.38,55.3,53.97,89876400.0,1006070592.0
2014-10-28,52.73,54.16,54.11,52.68,45577136.0,492995488.0
2014-10-27,53.52,53.57,52.48,52.39,52475760.0,562299136.0
2014-10-24,54.75,55.1,54.36,54.16,28538548.0,316016608.0
2014-10-23,54.51,55.3,54.61,54.36,42024584.0,466595072.0
2014-10-22,55.94,56.09,54.75,54.66,47157916.0,528623040.0
2014-10-21,56.14,57.17,55.74,55.69,65838820.0,752069696.0
2014-10-20,56.43,56.92,56.14,55.84,68334480.0,781018688.0
2014-10-17,55.4,56.53,56.23,54.41,91055400.0,1027545728.0
2014-10-16,54.85,56.43,55.1,54.7,80501128.0,905355968.0
2014-10-15,53.47,56.04,55.35,53.27,94409264.0,1048562432.0
2014-10-14,52.88,53.97,53.13,52.83,48164720.0,520675616.0
2014-10-13,53.37,53.52,53.03,52.63,43794256.0,469953472.0
2014-10-10,53.52,54.41,53.67,53.37,43472220.0,474141184.0
2014-10-09,54.31,54.61,53.92,53.47,43986288.0,481547040.0
2014-10-08,54.26,54.51,54.31,53.67,49740124.0,545831552.0
2014-09-30,54.06,54.26,54.02,53.77,35168984.0,385147392.0
2014-09-29,54.02,54.51,53.97,53.77,67940600.0,745702528.0
2014-09-26,53.32,53.77,53.52,53.03,53210720.0,575737664.0
2014-09-25,54.31,54.61,53.47,53.13,77499728.0,849097088.0
2014-09-24,51.7,54.56,54.02,51.7,93588592.0,1013139648.0
2014-09-23,51.1,52.04,51.94,51.1,29187100.0,305625536.0
2014-09-22,51.8,52.09,51.15,50.91,32951650.0,343814656.0
2014-09-19,51.55,52.09,51.89,51.35,25203382.0,264428224.0
2014-09-18,51.25,52.24,51.55,50.96,35598988.0,371505760.0
2014-09-17,51.4,51.65,51.35,50.86,31478846.0,327062144.0
2014-09-16,52.44,52.63,51.01,50.91,49633220.0,523170368.0
2014-09-15,52.53,52.63,52.44,51.99,38994944.0,413467744.0
2014-09-12,52.24,52.83,52.68,52.04,28792022.0,305732160.0
2014-09-11,52.34,53.57,52.48,52.24,48616388.0,520796960.0
2014-09-10,52.78,52.83,52.34,52.24,33318588.0,354473952.0
2014-09-09,53.47,53.67,53.08,52.93,37158708.0,400848992.0
2014-09-05,53.08,53.97,53.23,52.78,62868260.0,679565568.0
2014-09-04,52.14,52.68,52.58,51.84,48803308.0,517630336.0
2014-09-03,51.8,52.19,51.89,51.7,41339056.0,435242688.0
2014-09-02,50.91,51.84,51.74,50.66,39810420.0,413713120.0
2014-09-01,50.41,50.91,50.91,50.31,23129680.0,237235648.0
2014-08-29,50.12,50.51,50.46,49.77,17606624.0,178993632.0
2014-08-28,50.31,50.71,49.97,49.77,29209520.0,297324864.0
2014-08-27,50.27,50.66,50.31,50.22,16757352.0,171261024.0
2014-08-26,50.81,51.1,50.27,50.07,26187932.0,268509600.0
2014-08-25,51.99,51.99,50.86,50.81,28951016.0,300357152.0
2014-08-22,51.5,51.89,51.84,51.25,26700082.0,279374816.0
2014-08-21,52.44,52.48,51.5,51.1,38995184.0,407826912.0
2014-08-20,52.34,52.63,52.34,52.09,30272488.0,321683072.0
2014-08-19,52.73,52.78,52.39,51.94,35617996.0,377710784.0
2014-08-18,52.48,52.98,52.63,52.24,37725328.0,402199648.0
2014-08-15,51.8,52.68,52.39,51.6,53208488.0,563477824.0
2014-08-14,52.19,52.58,51.65,51.65,33317268.0,351915296.0
2014-08-13,52.14,52.88,52.39,51.8,41539528.0,439786912.0
2014-08-12,52.53,52.78,52.19,51.94,26009404.0,275552288.0
2014-08-11,52.04,52.88,52.58,51.94,31452268.0,335056992.0
2014-08-08,51.7,52.09,51.8,51.35,24370208.0,255919232.0
2014-08-07,52.83,53.03,51.7,51.6,39781100.0,421760416.0
2014-08-06,52.58,53.18,52.78,51.89,42250136.0,450212096.0
2014-08-05,53.27,53.57,52.78,52.39,45085744.0,483180288.0
2014-08-04,51.84,53.42,53.23,51.6,73650656.0,787412544.0
2014-08-01,52.09,52.63,51.45,51.45,51347304.0,542235200.0
2014-07-31,51.94,52.39,52.34,51.55,44801208.0,472269152.0
2014-07-30,51.7,52.98,51.89,51.6,61334344.0,649790016.0
2014-07-29,51.8,52.14,51.89,51.3,55209112.0,578627712.0
2014-07-28,50.22,53.13,51.89,50.22,113865736.0,1191467904.0
2014-07-25,49.33,49.82,49.77,48.98,43578508.0,436207680.0
2014-07-24,47.8,49.62,49.28,47.75,76054656.0,755424320.0
2014-07-23,47.45,48.29,47.8,47.35,43386240.0,421070528.0
2014-07-22,46.86,47.65,47.45,46.86,29543134.0,283400352.0
2014-07-21,47.41,47.45,46.96,46.86,21264868.0,202924800.0
2014-07-18,47.11,47.8,47.5,46.96,19130428.0,183875968.0
2014-07-17,47.6,47.6,47.21,47.06,17927272.0,171884416.0
2014-07-16,47.7,48.09,47.65,47.55,17707868.0,171466384.0
2014-07-15,47.8,47.9,47.7,47.5,16551274.0,159957216.0
2014-07-14,47.31,47.8,47.8,47.11,20907110.0,201194912.0
2014-07-11,46.96,47.5,47.26,46.86,12029402.0,115239912.0
2014-07-10,46.91,47.16,46.96,46.86,13589925.0,129407584.0
2014-07-09,47.95,47.95,46.91,46.86,20628260.0,198512384.0
2014-07-08,47.64,47.73,47.49,47.25,12753272.0,125223808.0
2014-07-07,47.73,47.93,47.59,47.44,10573884.0,104306536.0
2014-07-04,47.73,48.02,47.73,47.64,13563470.0,134161608.0
2014-07-03,47.54,47.97,47.78,47.44,18877538.0,186615584.0
2014-07-02,47.44,47.68,47.59,47.25,16153554.0,158733264.0
2014-07-01,47.39,47.49,47.35,47.25,12958217.0,126963184.0
2014-06-30,47.44,47.64,47.35,47.2,19406822.0,190515168.0
2014-06-27,47.06,47.39,47.2,46.77,18322982.0,178700896.0
2014-06-26,46.91,47.68,47.15,46.86,19659536.0,192464080.0
2014-06-25,46.77,47.06,46.86,46.57,11274349.0,109184248.0
2014-06-24,46.57,46.96,46.77,46.52,15672238.0,151538576.0
2014-06-23,46.81,47.3,46.52,46.33,22791574.0,220713632.0
2014-06-20,47.15,47.39,46.72,46.52,25511420.0,247389472.0
2014-06-19,48.36,48.51,47.1,46.86,24398172.0,241126864.0
2014-06-18,48.7,48.84,48.36,48.36,13972425.0,140407008.0
2014-06-17,49.13,49.18,48.7,48.65,15077273.0,152275920.0
2014-06-16,48.99,49.28,49.13,48.89,28274568.0,287397984.0
2014-06-13,48.41,49.23,48.94,48.26,23191782.0,234545536.0
2014-06-12,48.6,48.89,48.41,48.31,16237315.0,163129056.0
2014-06-11,48.8,48.99,48.8,48.65,12332737.0,124554528.0
2014-06-10,48.55,49.18,48.94,48.22,27951058.0,282512576.0
2014-06-09,47.97,48.94,48.17,47.78,18818856.0,188994432.0
2014-06-06,48.65,48.65,48.12,47.73,16246151.0,161903088.0
2014-06-05,48.26,48.7,48.65,48.22,14664077.0,147053568.0
2014-06-04,48.7,48.84,48.26,48.07,16480346.0,164912800.0
2014-06-03,48.94,49.38,48.7,48.65,16196642.0,164227408.0
2014-05-30,48.46,49.28,48.89,48.41,20683976.0,209144480.0
2014-05-29,49.95,50.1,48.46,48.31,40316160.0,409292768.0
2014-05-28,48.94,50.29,49.95,48.84,26657812.0,273304896.0
2014-05-27,48.94,49.23,48.89,48.84,13445806.0,136424944.0
2014-05-26,49.52,49.52,48.99,48.84,18640606.0,189390752.0
2014-05-23,48.84,49.23,49.13,48.75,19430488.0,197052208.0
2014-05-22,49.23,49.86,48.94,48.89,23341760.0,238739440.0
2014-05-21,48.84,49.38,49.28,48.46,21025938.0,213179120.0
2014-05-20,49.52,49.76,49.13,48.84,14234134.0,144941744.0
2014-05-19,49.91,50.05,49.18,48.8,17772552.0,181183296.0
2014-05-16,50.53,50.87,50.39,49.57,18304270.0,190376768.0
2014-05-15,51.98,51.98,50.53,50.2,26644212.0,281295520.0
2014-05-14,51.5,52.37,51.98,51.5,24349768.0,262299392.0
2014-05-13,51.89,52.42,51.45,51.31,23622002.0,253070432.0
2014-05-12,51.31,52.13,51.84,50.58,39855888.0,424935136.0
2014-05-09,50.05,50.68,50.34,49.47,19376836.0,201052512.0
2014-05-08,49.52,51.11,50.05,49.38,25679024.0,267638432.0
2014-05-07,49.33,50.2,49.62,49.18,19776756.0,203826160.0
2014-05-06,49.04,50.1,49.52,47.83,19719764.0,202485344.0
2014-04-30,49.28,49.42,49.09,48.84,12091122.0,122848064.0
2014-04-29,48.75,49.57,49.42,48.07,15390645.0,155593584.0
2014-04-28,49.38,49.57,48.51,48.36,18053034.0,182683760.0
2014-04-25,49.57,50.29,49.33,49.18,19926944.0,204709424.0
2014-04-24,49.33,49.95,49.38,49.13,14334825.0,147004288.0
2014-04-23,49.52,49.86,49.38,49.18,17489884.0,178958496.0
2014-04-22,49.28,49.76,49.66,48.6,17591376.0,179547648.0
2014-04-21,50.58,51.26,49.47,49.33,21093072.0,220547152.0
2014-04-18,50.2,51.11,50.83,49.95,15344782.0,160711344.0
2014-04-17,50.78,51.21,50.53,50.15,17392734.0,182689312.0
2014-04-16,50.1,51.21,50.53,50.0,17913224.0,187763408.0
2014-04-15,51.16,51.26,50.2,49.95,22166778.0,231927808.0
2014-04-14,51.69,52.03,51.4,50.87,19502200.0,207160688.0
2014-04-11,52.13,52.76,51.65,51.5,35162372.0,378508768.0
2014-04-10,50.83,53.43,52.23,50.34,70479872.0,758113280.0
2014-04-09,50.97,51.45,50.49,50.29,20863628.0,218607840.0
2014-04-08,49.71,51.45,50.92,49.52,39968852.0,419097408.0
2014-04-04,48.99,49.86,49.76,48.7,19612206.0,200843040.0
2014-04-03,48.99,50.05,49.13,48.89,30861804.0,316539456.0
2014-04-02,48.36,48.94,48.65,48.17,15932652.0,160142848.0
2014-04-01,47.73,48.65,48.26,47.64,16832810.0,168100256.0
2014-03-31,48.51,48.8,47.73,47.39,19794472.0,197194528.0
2014-03-28,48.22,48.75,48.31,48.12,18623820.0,186446736.0
2014-03-27,49.09,49.57,48.31,48.17,27119924.0,273538496.0
2014-03-26,50.0,50.29,49.13,48.8,17665076.0,180857328.0
2014-03-25,49.28,50.2,49.33,49.09,27128930.0,278574560.0
2014-03-24,48.26,50.39,49.62,47.97,45744720.0,464776416.0
2014-03-21,46.38,48.84,48.55,46.33,40684412.0,402031424.0
2014-03-20,47.1,47.68,46.57,46.52,16423674.0,160324240.0
2014-03-19,47.49,47.64,47.1,46.91,16063787.0,156866320.0
2014-03-18,48.07,48.17,47.64,47.54,15123107.0,149733824.0
2014-03-17,47.83,48.07,48.02,47.25,16594257.0,164098672.0
2014-03-14,47.68,48.26,47.54,47.1,19400972.0,191304304.0
2014-03-13,47.93,48.89,48.07,47.64,25837156.0,258030544.0
2014-03-12,47.39,48.02,47.68,46.57,25467050.0,250022640.0
2014-03-11,48.12,48.31,47.93,46.81,44840520.0,442511424.0
2014-03-10,48.84,49.23,48.17,48.12,28730316.0,289258944.0
2014-03-07,50.0,50.58,49.52,49.28,23157684.0,239551216.0
2014-03-06,49.86,50.49,50.24,48.75,34708168.0,357309920.0
2014-03-05,50.53,50.78,49.86,49.71,30514350.0,316675840.0
2014-03-04,50.53,51.07,50.39,49.71,34763788.0,361348640.0
2014-03-03,51.21,51.5,50.53,50.05,40541684.0,426783392.0
2014-02-28,49.91,52.18,51.94,49.42,43727320.0,461303264.0
2014-02-27,50.87,51.45,49.95,49.62,28470792.0,296250112.0
2014-02-26,50.39,51.4,50.58,49.57,21770968.0,227408432.0
2014-02-25,51.98,52.32,50.78,50.73,27289640.0,291417504.0
2014-02-24,53.38,53.38,52.03,51.21,43187328.0,464436224.0
2014-02-21,54.64,55.03,53.72,53.38,29965028.0,335686880.0
2014-02-20,56.09,56.48,54.98,54.88,29746750.0,341520320.0
2014-02-19,55.61,56.52,56.04,54.83,31418876.0,362105152.0
2014-02-18,57.69,57.69,55.66,55.46,36797880.0,428612096.0
2014-02-17,57.98,58.22,57.59,57.35,30436980.0,363169216.0
2014-02-14,57.15,57.83,57.54,57.1,14648491.0,174013168.0
2014-02-13,57.54,58.27,57.3,56.96,27211634.0,324299936.0
2014-02-12,58.02,58.46,57.93,57.35,28502224.0,340968064.0
2014-02-11,57.25,58.7,57.59,57.06,35616492.0,426353504.0
2014-02-10,56.28,57.64,57.44,56.28,25450768.0,301650624.0
2014-02-07,55.08,56.33,56.19,54.83,17508234.0,201122480.0
2014-01-30,56.48,56.67,55.51,55.46,19775408.0,228587424.0
2014-01-29,57.2,57.2,56.72,56.52,20215058.0,237783168.0
2014-01-28,56.77,57.2,56.77,56.48,13399076.0,157524720.0
2014-01-27,57.1,57.25,56.43,56.38,22424166.0,263084176.0
2014-01-24,57.2,58.41,57.73,57.2,21320638.0,255532576.0
2014-01-23,58.07,58.36,57.49,57.35,21778880.0,260185920.0
2014-01-22,56.23,58.27,58.17,55.85,33844964.0,401782176.0
2014-01-21,55.32,56.91,56.14,55.22,20093542.0,233780224.0
2014-01-20,54.88,55.46,55.12,54.74,14742629.0,168114816.0
2014-01-17,55.41,55.66,55.08,54.98,22712256.0,259472352.0
2014-01-16,55.41,56.33,55.75,54.93,21434696.0,247330912.0
2014-01-15,55.56,55.61,55.32,54.79,18051080.0,205981216.0
2014-01-14,55.03,56.04,55.7,54.59,17525864.0,200488976.0
2014-01-13,55.56,56.09,55.08,54.64,14310164.0,163692800.0
2014-01-10,56.48,56.81,55.41,55.17,24177276.0,279458624.0
2014-01-09,57.64,58.26,56.72,56.52,21336912.0,253837296.0
2014-01-08,57.88,58.75,57.88,57.3,27022712.0,324525056.0
2014-01-07,57.01,57.93,57.44,56.77,15728524.0,187020960.0
2014-01-06,58.46,58.46,57.73,57.01,33564728.0,399630272.0
2014-01-03,59.33,59.71,58.46,58.02,28194870.0,341658688.0
2014-01-02,59.95,60.29,59.86,59.38,22673940.0,280408928.0
2013-12-31,58.89,60.39,60.29,58.7,33706680.0,417834336.0
2013-12-30,59.81,59.81,58.84,58.75,26139260.0,320024800.0
2013-12-27,57.98,59.67,59.28,57.78,31655314.0,386933888.0
2013-12-26,59.23,59.23,57.93,57.73,27818944.0,335441504.0
2013-12-25,58.31,59.38,59.18,57.83,27057658.0,329370592.0
2013-12-24,59.33,59.81,58.22,57.44,44691840.0,541914624.0
2013-12-23,59.47,60.34,59.62,58.75,22120328.0,272458208.0
2013-12-20,61.79,61.94,58.84,58.84,26919072.0,337924896.0
2013-12-19,62.32,62.76,61.45,61.12,24509796.0,314426368.0
2013-12-18,61.12,62.47,61.79,60.92,20243256.0,259010848.0
2013-12-17,60.97,61.79,60.87,60.53,19065128.0,241371280.0
2013-12-16,62.9,63.14,60.83,60.68,23267952.0,296332416.0
2013-12-13,60.63,62.32,62.08,60.53,20750104.0,265246944.0
2013-12-12,61.55,62.32,61.45,60.97,19231622.0,245451984.0
2013-12-11,64.16,64.21,61.79,61.21,48085928.0,618392640.0
2013-12-10,64.64,65.46,64.64,64.16,25985928.0,348326208.0
2013-12-09,64.79,66.62,64.74,64.11,36161720.0,487839040.0
2013-12-06,65.7,66.09,64.74,64.16,33653352.0,452333888.0
2013-12-05,64.69,67.15,65.66,64.4,54911480.0,749181056.0
2013-12-04,65.46,66.57,64.79,64.55,51754136.0,701815168.0
2013-12-03,65.42,66.14,65.46,64.11,52936592.0,715169664.0
2013-12-02,63.77,66.96,65.08,62.47,113541024.0,1524430848.0
2013-11-29,61.45,61.7,61.07,60.44,28182198.0,355881440.0
2013-11-28,60.05,63.53,61.31,59.81,61028760.0,780776960.0
2013-11-27,58.46,60.53,59.96,58.12,36676032.0,454032736.0
2013-11-26,58.27,59.52,58.36,58.22,19390060.0,236336672.0
2013-11-25,58.02,59.62,58.36,57.98,21195080.0,257928384.0
2013-11-22,59.42,59.91,58.75,58.51,26057744.0,319444448.0
2013-11-21,58.94,59.67,59.04,57.49,33966312.0,412627072.0
2013-11-20,60.2,60.63,59.76,58.84,22453034.0,276664992.0
2013-11-19,59.91,60.15,59.33,58.94,26211100.0,321834016.0
2013-11-18,57.59,60.39,60.39,57.01,62015456.0,757395968.0
2013-11-15,54.59,58.8,56.96,54.5,43367848.0,513918656.0
2013-11-14,54.55,54.69,54.3,54.01,7897252.0,88846968.0
2013-11-13,54.93,55.32,54.16,54.11,13116345.0,148151360.0
2013-11-12,54.06,55.9,55.56,54.01,19006368.0,217479760.0
2013-11-11,54.06,54.5,53.97,53.09,13834170.0,153884160.0
2013-11-08,55.32,55.8,54.01,53.77,14300480.0,161919152.0
2013-11-07,55.61,56.14,55.7,55.27,9995076.0,115326040.0
2013-11-06,56.38,56.62,55.7,55.66,10330034.0,120020992.0
2013-11-05,55.61,56.72,56.57,55.27,18659866.0,216475696.0
2013-11-04,57.01,57.15,56.04,55.95,10996168.0,128442000.0
2013-11-01,56.38,56.77,56.62,55.95,14977407.0,175018016.0
2013-10-31,56.67,56.67,55.8,55.7,10586262.0,122971056.0
2013-10-30,56.09,56.52,56.43,55.7,15571874.0,181135168.0
2013-10-29,55.56,56.96,56.19,54.54,24627718.0,284765952.0
2013-10-28,55.66,55.99,55.37,55.08,8438070.0,96979824.0
2013-10-25,56.09,57.01,55.66,55.27,16774063.0,194422112.0
2013-10-24,56.81,56.81,56.04,55.99,14404348.0,167942288.0
2013-10-23,57.49,58.31,57.01,56.81,19049808.0,226696640.0
2013-10-22,58.02,58.07,57.2,57.06,18257520.0,216930448.0
2013-10-21,57.2,58.26,58.07,56.81,24147484.0,288408160.0
2013-10-18,56.14,58.22,57.2,56.14,25109588.0,297957760.0
2013-10-17,56.48,57.35,56.57,56.09,19101952.0,223920112.0
2013-10-16,57.49,57.69,56.04,55.56,23413030.0,273563840.0
2013-10-15,57.59,58.02,57.73,57.25,17319950.0,206709696.0
2013-10-14,57.78,58.17,57.3,57.01,20016868.0,237365040.0
2013-10-11,57.1,58.12,57.78,56.96,20431102.0,243818832.0
2013-10-10,58.36,58.41,56.72,56.52,23139156.0,273915936.0
2013-10-09,57.64,58.84,58.26,57.2,18273240.0,220028096.0
2013-10-08,56.96,58.26,57.93,56.57,16135490.0,192327248.0
2013-09-30,58.22,58.36,57.25,57.01,13243020.0,157347872.0
2013-09-27,56.43,58.02,57.78,56.28,21718980.0,256675280.0
2013-09-26,58.36,58.7,56.38,56.04,28636092.0,339621440.0
2013-09-25,58.94,59.91,58.46,58.36,16738643.0,204322816.0
2013-09-24,60.39,60.44,59.09,58.7,24826888.0,304584224.0
2013-09-23,60.15,60.83,60.63,59.52,19208168.0,239413568.0
2013-09-18,59.67,60.53,59.95,59.18,17865532.0,222109760.0
2013-09-17,60.78,61.55,59.62,59.57,24966140.0,312958048.0
2013-09-16,62.37,62.76,60.58,60.44,28612168.0,365426240.0
2013-09-13,62.08,62.66,61.6,61.31,25066652.0,320883584.0
2013-09-12,60.92,63.53,62.42,60.87,55578996.0,717977664.0
2013-09-11,62.32,63.39,60.92,60.87,60112032.0,773312576.0
2013-09-10,59.42,61.55,61.45,59.09,63913256.0,795878336.0
2013-09-09,56.96,60.05,59.13,56.52,65484204.0,796591744.0
2013-09-06,56.19,57.3,56.52,56.19,18775212.0,220392320.0
2013-09-05,57.1,57.59,56.57,56.52,16469949.0,193955152.0
2013-09-04,57.49,58.12,57.15,57.06,23568628.0,280993760.0
2013-09-03,57.69,57.98,57.78,56.86,25202428.0,299876352.0
2013-09-02,57.4,57.98,57.3,56.67,23085738.0,274151776.0
2013-08-30,57.01,58.22,57.15,56.04,34010088.0,403936672.0
2013-08-29,57.69,58.12,56.96,56.86,19785996.0,235071552.0
2013-08-28,56.77,57.54,56.77,56.28,20585968.0,241986688.0
2013-08-27,57.49,57.83,57.44,56.81,19969112.0,236705392.0
2013-08-26,56.62,57.88,57.54,56.28,34911136.0,413238368.0
2013-08-23,56.48,56.67,55.03,54.21,20317690.0,233518672.0
2013-08-22,56.28,56.81,55.95,55.61,14858677.0,173156224.0
2013-08-21,56.62,56.81,56.38,55.8,16715750.0,194817344.0
2013-08-20,57.2,57.93,56.28,55.99,26362056.0,310619776.0
2013-08-19,56.91,57.93,57.25,55.99,48714328.0,572139968.0
2013-08-16,58.36,64.16,58.7,58.36,67552696.0,844660480.0
2013-08-15,60.2,61.02,58.89,58.65,23259116.0,287188864.0
2013-08-14,61.36,62.08,60.39,60.15,25804576.0,326229344.0
2013-08-13,61.07,61.5,61.26,60.58,24885348.0,314043040.0
2013-08-12,59.33,61.65,61.36,59.13,42444748.0,532586272.0
2013-08-09,59.13,59.38,59.04,58.07,20899616.0,254522992.0
2013-08-08,58.89,59.47,58.65,57.93,21937118.0,265582800.0
2013-08-07,59.71,61.07,58.99,58.7,26347430.0,326560128.0
2013-08-06,59.09,60.0,59.81,58.51,28707388.0,352650848.0
2013-08-05,58.22,59.91,59.38,58.12,27091660.0,331582464.0
2013-08-02,59.42,59.81,58.12,57.83,21763746.0,265120592.0
2013-08-01,58.12,59.42,58.8,57.4,27172628.0,329584960.0
2013-07-31,57.01,58.6,57.2,56.77,23008844.0,275553536.0
2013-07-30,56.28,58.31,56.43,55.61,23289870.0,274288864.0
2013-07-29,56.09,56.77,55.51,55.27,20251864.0,234415312.0
2013-07-26,57.54,57.83,56.96,56.28,15541695.0,183445840.0
2013-07-25,58.46,59.76,57.88,57.54,26101048.0,316504832.0
2013-07-24,57.98,58.27,57.78,56.23,28967652.0,343869344.0
2013-07-23,56.81,59.67,58.6,56.43,38701824.0,469171712.0
2013-07-22,55.12,56.86,56.77,54.69,22398294.0,260132784.0
2013-07-19,58.36,59.57,55.7,55.7,38823632.0,464308512.0
2013-07-18,58.94,60.24,58.12,57.73,33422152.0,406818176.0
2013-07-17,61.36,62.08,59.38,59.04,36520056.0,457999424.0
2013-07-16,60.87,61.98,61.65,60.49,51789436.0,656465472.0
2013-07-15,58.07,62.52,61.36,58.07,91459584.0,1161209216.0
2013-07-12,58.75,59.76,56.81,56.57,33313654.0,401338912.0
2013-07-11,55.61,60.05,59.13,55.17,48398496.0,582053568.0
2013-07-10,52.79,55.51,55.08,52.5,23214480.0,263698000.0
2013-07-09,52.6,53.17,52.55,52.02,12821570.0,141399232.0
2013-07-08,53.02,54.22,52.55,52.12,19909172.0,221431344.0
2013-07-05,52.41,55.22,54.08,52.26,37223284.0,417784352.0
2013-07-04,51.02,52.88,52.12,49.88,25076984.0,271773088.0
2013-07-03,52.93,52.98,51.5,50.97,24107932.0,261346160.0
2013-07-02,53.17,53.69,53.12,51.93,24543162.0,271814240.0
2013-07-01,52.45,53.5,53.02,52.02,20862670.0,230935584.0
2013-06-28,51.5,54.27,52.88,50.97,31256644.0,346478688.0
2013-06-27,53.36,54.27,51.78,51.78,24487048.0,272170496.0
2013-06-26,52.98,53.41,53.02,50.88,31706708.0,348840896.0
2013-06-25,53.02,54.36,52.88,48.44,41681032.0,449801632.0
2013-06-24,57.27,57.37,53.55,52.88,24524956.0,283924640.0
2013-06-21,54.93,57.99,57.85,54.31,27923028.0,331917856.0
2013-06-20,57.37,57.84,56.37,56.17,17224436.0,205682960.0
2013-06-19,57.8,58.27,58.13,56.17,22886416.0,274814592.0
2013-06-18,58.23,58.7,58.23,57.7,15415539.0,188367568.0
2013-06-17,58.8,59.09,57.85,57.61,18243500.0,221920688.0
2013-06-14,58.94,59.33,58.61,58.04,22884906.0,281034432.0
2013-06-13,61.33,61.33,58.51,58.04,32079956.0,397051808.0
2013-06-07,64.29,65.58,62.24,61.95,42871376.0,570765056.0
2013-06-06,65.48,65.82,64.0,63.81,24380320.0,331276864.0
2013-06-05,65.67,66.1,65.96,65.29,19445824.0,267972016.0
2013-06-04,66.91,67.11,65.34,64.91,25250188.0,347664096.0
2013-06-03,67.49,68.25,66.91,66.67,22744150.0,321021408.0
2013-05-31,68.34,69.01,67.49,67.44,21587216.0,308614208.0
2013-05-30,67.53,69.2,68.06,67.49,30318696.0,434442048.0
2013-05-29,68.73,69.01,67.44,67.39,32283876.0,460959744.0
2013-05-28,65.82,68.25,68.25,65.43,49348488.0,693136640.0
2013-05-27,64.86,66.34,65.67,64.62,26515232.0,365219648.0
2013-05-24,65.34,65.86,65.1,64.53,15767172.0,214950000.0
2013-05-23,65.29,66.29,64.86,64.67,26821700.0,367184224.0
2013-05-22,65.62,66.58,65.67,65.15,21929978.0,302808352.0
2013-05-21,65.82,65.96,65.53,64.77,24960960.0,341259648.0
2013-05-20,65.43,67.01,65.82,65.43,37354896.0,519508000.0
2013-05-17,64.86,65.72,65.43,64.34,31639936.0,431875648.0
2013-05-16,63.14,65.34,64.77,62.33,31057586.0,418549856.0
2013-05-15,62.48,63.14,63.05,62.38,17132402.0,225303888.0
2013-05-14,63.09,63.19,62.24,61.95,19832480.0,259026144.0
2013-05-13,64.62,64.81,63.29,63.0,21065596.0,280958048.0
2013-05-10,63.86,65.15,64.58,63.57,18402400.0,248855200.0
2013-05-09,64.91,64.91,64.19,63.05,25555210.0,341900608.0
2013-05-08,65.19,65.96,64.91,64.43,23925632.0,326036736.0
2013-05-07,65.82,65.82,65.1,64.48,20740292.0,282861792.0
2013-05-06,65.39,66.48,66.01,64.91,32872404.0,453083456.0
2013-05-03,63.91,66.15,65.0,63.72,32853056.0,449031456.0
2013-05-02,62.57,63.91,63.14,62.09,17223096.0,227988256.0
2013-04-26,63.95,64.38,62.76,62.57,14805509.0,197111008.0
2013-04-25,63.72,65.29,63.38,62.57,23079086.0,309071104.0
2013-04-24,62.14,64.72,63.95,62.05,24907648.0,330986016.0
2013-04-23,65.39,65.48,62.0,61.9,26850342.0,355721312.0
2013-04-22,65.15,65.72,65.48,64.91,24078696.0,329470432.0
2013-04-19,63.76,66.05,65.53,63.52,44667424.0,609651904.0
2013-04-18,62.24,64.1,63.38,62.09,22959896.0,304869120.0
2013-04-17,62.95,63.29,62.91,62.24,23441982.0,308479616.0
2013-04-16,60.18,63.19,62.91,60.04,32176996.0,415580704.0
2013-04-15,61.19,62.19,60.9,60.04,18137024.0,231921520.0
2013-04-12,62.76,63.24,61.19,60.9,18683196.0,242880928.0
2013-04-11,63.91,64.43,62.67,62.57,13242615.0,175979600.0
2013-04-10,63.95,64.24,63.0,62.52,17301660.0,229350176.0
2013-04-09,62.86,64.58,63.81,62.86,26028818.0,348728448.0
2013-04-08,61.47,63.14,62.57,61.09,21314942.0,277658848.0
2013-04-03,64.24,65.15,63.72,63.43,21551784.0,289621568.0
2013-04-02,62.76,64.58,63.91,62.52,27033828.0,360240352.0
2013-04-01,62.43,63.29,62.67,62.33,17990472.0,236615488.0
2013-03-29,63.48,63.81,62.28,62.19,22283466.0,293151840.0
2013-03-28,66.34,66.39,62.95,62.81,45684428.0,613008320.0
2013-03-27,67.3,68.63,67.58,66.77,22118522.0,313454496.0
2013-03-26,68.25,68.3,67.44,66.63,27611382.0,389563136.0
2013-03-25,70.25,70.68,68.73,68.73,24257252.0,352470272.0
2013-03-22,70.83,71.16,70.02,69.68,28108210.0,414198080.0
2013-03-21,71.4,71.69,70.88,70.4,33524936.0,499087200.0
2013-03-20,68.78,71.54,71.4,68.78,59284800.0,875455424.0
2013-03-19,68.01,69.3,68.63,66.58,31312520.0,447324384.0
2013-03-18,68.73,68.97,67.87,67.34,29923340.0,426759808.0
2013-03-15,68.73,70.78,69.54,66.39,54301404.0,784613440.0
2013-03-14,67.87,69.39,68.3,67.82,27293324.0,392489376.0
2013-03-13,68.44,68.97,67.77,67.53,33197164.0,474490016.0
2013-03-12,69.35,70.88,68.49,67.34,48729872.0,703344192.0
2013-03-11,71.21,71.35,69.35,68.78,63528776.0,926176704.0
2013-03-08,73.17,73.45,71.16,70.68,48222012.0,724471232.0
2013-03-07,74.93,75.65,72.97,72.31,52469156.0,817082752.0
2013-03-06,75.17,75.46,74.31,73.64,42849068.0,670507008.0
2013-03-05,71.83,75.08,74.55,71.83,50237480.0,774834624.0
2013-03-04,75.17,75.41,71.83,70.92,64417788.0,991626496.0
2013-03-01,76.41,77.7,76.89,74.93,53674352.0,858899776.0
2013-02-28,74.45,77.6,76.94,73.36,76274128.0,1212143104.0
2013-02-27,72.07,74.41,73.55,71.88,46180972.0,709756096.0
2013-02-26,71.4,73.55,71.31,69.92,48414624.0,731453248.0
2013-02-25,72.02,73.83,72.16,71.97,31693090.0,482257376.0
2013-02-22,71.11,72.36,71.11,70.78,26570408.0,398292352.0
2013-02-21,72.83,73.07,70.92,70.16,54382740.0,814197056.0
2013-02-20,74.69,75.03,73.59,72.64,64971912.0,1000866176.0
2013-02-19,76.84,77.22,75.17,74.55,48531240.0,767547968.0
2013-02-18,80.13,80.56,76.84,76.6,57366348.0,935663680.0
2013-02-08,80.18,81.71,79.99,79.04,68562952.0,1156605952.0
2013-02-07,78.89,81.04,80.56,76.79,99655328.0,1659898496.0
2013-02-06,75.17,82.09,79.18,74.93,107135616.0,1774874752.0
2013-02-05,74.07,76.22,75.17,73.26,53593916.0,837986304.0
2013-02-04,77.94,79.13,75.31,75.03,120319496.0,1943010816.0
2013-02-01,72.93,77.08,76.84,72.35,140280688.0,2222178816.0
2013-01-31,73.98,74.26,73.17,71.88,64355304.0,985198080.0
2013-01-30,74.45,77.08,73.55,73.07,110028720.0,1730342784.0
2013-01-29,71.26,74.84,74.26,70.73,136984992.0,2102101632.0
2013-01-28,68.25,71.4,71.31,68.25,60803476.0,898172800.0
2013-01-25,69.97,70.16,68.2,68.06,36225144.0,523452288.0
2013-01-24,70.44,73.17,70.11,69.44,83607456.0,1256696704.0
2013-01-23,70.49,71.26,70.44,69.2,36311708.0,532906752.0
2013-01-22,71.69,72.64,71.02,70.06,46045160.0,689219200.0
2013-01-21,71.64,72.31,71.73,70.64,33175752.0,497438272.0
2013-01-18,71.59,72.93,71.78,70.4,46664148.0,702909184.0
2013-01-17,70.54,72.55,71.45,69.78,43563564.0,650479616.0
2013-01-16,72.5,72.55,70.97,69.44,57614900.0,854214208.0
2013-01-15,73.45,73.74,72.59,71.88,62053528.0,946466240.0
2013-01-14,68.82,73.93,73.31,68.63,72758416.0,1095026816.0
2013-01-11,72.12,72.5,69.2,68.16,44634416.0,653948864.0
2013-01-10,70.78,73.88,72.16,70.78,48651288.0,739159104.0
2013-01-09,70.49,72.78,71.69,70.16,43539212.0,652643904.0
2013-01-08,71.54,72.55,70.78,69.83,45881388.0,683109632.0
2013-01-07,72.31,72.88,71.64,70.54,53882352.0,807122624.0
2013-01-04,74.45,76.56,72.97,72.31,68323536.0,1062006720.0
2012-12-31,73.74,73.98,73.6,71.78,72782896.0,1114212864.0
2012-12-28,70.92,73.45,72.45,69.2,86700016.0,1295052800.0
2012-12-27,67.77,72.21,69.92,67.77,98882952.0,1453192448.0
2012-12-26,65.91,67.92,67.68,65.34,72481040.0,1010619392.0
2012-12-25,65.39,68.54,66.2,63.72,100186672.0,1401264512.0
2012-12-24,65.67,68.11,65.77,65.24,57165600.0,796699584.0
2012-12-21,66.87,67.68,65.96,65.2,62804496.0,871473728.0
2012-12-20,65.91,68.58,66.87,64.77,79237568.0,1109773312.0
2012-12-19,65.86,67.68,66.58,65.39,38335104.0,534985056.0
2012-12-18,65.82,67.92,66.53,65.05,70261672.0,984130880.0
2012-12-17,65.58,68.01,66.44,65.15,86641176.0,1205585536.0
2012-12-14,59.95,65.39,65.39,59.66,71707072.0,957760896.0
2012-12-13,60.28,60.95,59.42,59.18,16098052.0,202409136.0
2012-12-12,60.61,61.19,60.85,59.42,20061364.0,254051696.0
2012-12-11,60.14,61.52,60.71,59.61,24382024.0,309531552.0
2012-12-10,60.66,62.67,60.71,60.38,39502808.0,507176992.0
2012-12-07,57.75,61.47,60.66,57.75,46877532.0,586905536.0
2012-12-06,57.75,58.61,57.89,57.27,30982304.0,375802080.0
2012-12-05,53.41,58.75,58.27,52.98,57487432.0,693414848.0
2012-12-04,52.02,53.79,53.41,51.55,19834740.0,218913024.0
2012-12-03,52.98,54.17,52.02,51.31,15651665.0,173785504.0
2012-11-30,53.07,53.55,53.07,50.78,19013634.0,209750688.0
2012-11-29,57.18,57.7,52.98,52.41,28188236.0,323192160.0
2012-11-28,56.41,57.46,57.23,56.32,15000569.0,178685840.0
2012-11-27,57.94,58.51,56.84,56.8,16346338.0,197459024.0
2012-11-26,59.09,59.42,58.08,57.99,10064917.0,123384416.0
2012-11-23,59.61,60.23,59.23,58.94,14920415.0,186161936.0
2012-11-22,59.09,59.95,59.18,58.9,14012209.0,174419872.0
2012-11-21,57.66,59.99,59.8,57.56,28589616.0,354194784.0
2012-11-20,59.28,59.42,57.85,57.27,14273627.0,174950800.0
2012-11-19,57.89,59.37,58.94,57.85,20161036.0,247832304.0
2012-11-16,57.37,58.37,57.99,56.8,15029085.0,181822960.0
2012-11-15,57.61,58.85,57.66,57.13,15565405.0,189557728.0
2012-11-14,57.61,59.04,58.42,57.03,16059990.0,194892720.0
2012-11-13,59.56,59.56,57.61,57.61,16620633.0,202661216.0
2012-11-12,58.66,59.85,59.71,57.99,20903368.0,258865584.0
2012-11-09,59.23,59.66,58.61,58.23,16627856.0,205050672.0
2012-11-08,61.09,61.47,59.33,59.18,24987708.0,316416992.0
2012-11-07,62.57,63.1,62.0,61.23,21026380.0,273985248.0
2012-11-06,62.71,63.91,63.29,60.18,36640164.0,476445056.0
2012-11-05,63.52,63.95,62.86,62.24,17692904.0,233296496.0
2012-11-02,63.33,63.76,63.57,62.81,24673716.0,327705568.0
2012-11-01,61.47,63.95,63.33,61.28,39180704.0,516589312.0
2012-10-31,61.0,61.81,61.47,60.28,20163166.0,258290608.0
2012-10-30,60.66,62.52,61.0,60.61,28140400.0,361940864.0
2012-10-29,60.66,61.33,60.28,59.66,16553003.0,209813120.0
2012-10-26,61.57,62.09,60.76,59.9,26673948.0,340899296.0
2012-10-25,63.0,63.43,61.57,61.04,31750004.0,413031680.0
2012-10-24,64.1,64.91,62.95,62.14,37144596.0,494338496.0
2012-10-23,67.34,67.53,64.62,64.05,41312856.0,569253440.0
2012-10-22,65.1,67.72,67.25,64.77,46553920.0,650257152.0
2012-10-19,65.82,66.1,65.53,65.15,26080572.0,359042560.0
2012-10-18,65.29,66.1,65.86,64.91,37630936.0,517475552.0
2012-10-17,65.15,66.01,65.05,63.48,39197552.0,533306912.0
2012-10-16,64.48,65.67,64.38,63.91,32677380.0,444132288.0
2012-10-15,64.34,65.24,63.95,62.91,30643840.0,411312480.0
2012-10-12,65.15,66.2,64.34,63.38,34760288.0,470096768.0
2012-10-11,65.72,66.67,64.96,64.67,38115096.0,523868032.0
2012-10-10,65.34,66.34,65.72,64.48,36424152.0,499245536.0
2012-10-09,63.52,67.06,66.01,63.48,71902552.0,992308160.0
2012-10-08,64.67,65.29,63.29,62.57,44303736.0,594371328.0
2012-09-28,62.57,66.1,64.91,62.43,77823248.0,1044479872.0
2012-09-27,60.18,65.34,63.95,59.66,99163720.0,1301729024.0
2012-09-26,59.37,60.85,60.14,58.61,47158384.0,589875776.0
2012-09-25,59.28,61.42,59.23,59.04,49999928.0,630030208.0
2012-09-24,56.8,61.81,59.71,56.37,59515464.0,740378880.0
2012-09-21,57.56,59.47,58.32,56.7,46688600.0,572345728.0
2012-09-20,58.66,59.56,57.75,57.08,60042544.0,734377472.0
2012-09-19,58.51,59.66,58.75,57.84,62999496.0,777770624.0
2012-09-18,57.23,58.61,57.51,57.03,39421516.0,476991296.0
2012-09-17,59.52,59.76,57.27,57.08,54287352.0,661503488.0
2012-09-14,60.14,62.43,60.28,58.75,70815784.0,896592192.0
2012-09-13,60.09,60.57,58.61,58.61,38758136.0,482799968.0
2012-09-12,60.61,61.23,60.38,58.47,74499496.0,934214784.0
2012-09-11,57.51,60.61,60.61,56.56,91000240.0,1111795200.0
2012-09-10,56.56,59.66,57.94,56.17,107150944.0,1297187328.0
2012-09-07,50.92,55.03,55.03,50.78,66547028.0,748606336.0
2012-09-06,49.68,50.3,50.02,49.4,16556816.0,173190624.0
2012-09-05,48.92,50.26,49.68,48.73,19699164.0,205246656.0
2012-09-04,50.3,50.78,49.3,49.21,27569716.0,288767808.0
2012-09-03,49.35,50.97,49.97,48.92,52049288.0,546924032.0
2012-08-31,49.45,50.5,49.4,48.83,25444282.0,264530672.0
2012-08-30,48.73,50.78,49.64,48.68,52115444.0,543229184.0
2012-08-29,49.68,49.73,48.87,48.35,40369844.0,414846464.0
2012-08-28,50.54,51.93,50.3,48.87,82669296.0,865554368.0
2012-08-27,57.23,57.23,52.69,52.69,27274740.0,301956480.0
2012-08-24,60.23,60.23,58.56,58.51,11352509.0,140876416.0
2012-08-23,61.04,61.52,60.28,59.66,11613229.0,147105872.0
2012-08-22,61.09,61.62,60.42,60.28,7505537.0,95806464.0
2012-08-21,60.71,62.19,61.04,60.14,11077077.0,142451248.0
2012-08-20,59.8,61.47,60.76,59.42,8068988.0,101660448.0
2012-08-17,61.0,61.38,61.04,59.71,8520076.0,107751072.0
2012-08-16,60.95,61.81,61.09,60.71,11419802.0,146604288.0
2012-08-15,60.47,61.76,60.85,59.95,12835025.0,164140896.0
2012-08-14,60.9,61.52,61.09,57.75,25986444.0,323195296.0
2012-08-13,65.91,65.91,61.19,60.33,36585480.0,482132800.0
2012-08-10,67.72,67.72,66.2,66.1,12279369.0,171327312.0
2012-08-09,67.06,68.01,67.72,65.58,16683113.0,233539552.0
2012-08-08,67.06,68.87,67.49,66.96,21890282.0,310785760.0
2012-08-07,66.82,67.15,66.39,66.15,13992451.0,195187280.0
2012-08-06,64.81,67.15,67.06,64.43,21459224.0,296315200.0
2012-08-03,64.67,65.24,65.2,63.38,15467834.0,208292944.0
2012-08-02,65.86,65.86,63.72,63.09,14915369.0,200140352.0
2012-08-01,64.67,67.15,65.77,64.48,19058912.0,263334096.0
2012-07-31,65.2,65.91,65.0,62.91,15719086.0,212907264.0
2012-07-30,70.3,70.73,64.91,64.19,29091096.0,405662208.0
2012-07-27,71.64,72.26,70.25,69.68,14322257.0,212924352.0
2012-07-26,71.69,73.45,71.5,71.07,17156582.0,259202752.0
2012-07-25,73.02,74.36,72.4,72.12,13207803.0,202560768.0
2012-07-24,71.5,74.41,73.64,71.21,16030495.0,245396880.0
2012-07-23,71.59,73.64,72.55,69.49,18729888.0,282466848.0
2012-07-20,74.45,75.36,72.26,72.16,22111878.0,340409600.0
2012-07-19,74.45,78.03,74.84,74.12,37691084.0,600980992.0
2012-07-18,73.5,76.89,75.31,72.21,31947114.0,497554912.0
2012-07-17,70.16,75.89,73.74,70.16,35770968.0,549554048.0
2012-07-16,71.97,72.4,70.49,69.73,20180916.0,299463968.0
2012-07-13,70.49,73.31,71.78,69.44,28603184.0,432398368.0
2012-07-12,66.29,72.55,70.54,65.82,23793508.0,344364608.0
2012-07-11,64.43,66.87,66.53,64.24,10146668.0,140565296.0
2012-07-10,64.19,66.29,64.81,64.15,10607283.0,145362816.0
2012-07-09,66.82,67.77,64.34,63.24,17442256.0,240474768.0
2012-07-06,67.3,68.58,68.06,64.96,17376648.0,243757872.0
2012-07-05,68.63,68.63,66.01,65.62,10308336.0,144875056.0
2012-07-04,71.21,71.23,69.8,69.57,5927687.0,176969296.0
2012-07-03,70.16,71.38,70.84,70.04,5781657.0,174566096.0
2012-07-02,70.48,70.69,70.13,69.41,6400046.0,191104208.0
2012-06-29,67.34,69.99,69.92,67.23,7268324.0,213679424.0
2012-06-28,67.74,68.42,67.27,67.04,4942841.0,143107968.0
2012-06-27,67.98,68.52,67.16,66.97,4192416.0,121234992.0
2012-06-26,66.1,68.52,68.0,65.63,6102435.0,175637536.0
2012-06-25,70.16,70.16,66.69,66.29,9045342.0,260718944.0
2012-06-21,73.79,74.07,70.32,70.08,13560688.0,410936160.0
2012-06-20,74.7,75.29,73.79,73.74,5701425.0,181163568.0
2012-06-19,74.75,75.41,74.66,74.33,3916370.0,125019312.0
2012-06-18,75.01,75.64,74.96,74.66,5320075.0,170535280.0
2012-06-15,74.52,75.59,74.14,72.97,7257779.0,229754208.0
2012-06-14,75.36,76.16,74.19,74.02,6349084.0,203275232.0
2012-06-13,74.26,76.58,75.78,73.72,10176177.0,327406336.0
2012-06-12,73.81,74.94,73.72,73.39,5072676.0,160150512.0
2012-06-11,72.8,74.87,74.4,72.36,6590797.0,207508304.0
2012-06-07,73.95,74.77,72.5,71.7,7615544.0,238417408.0
2012-06-06,72.92,73.32,72.31,71.61,5324025.0,164196128.0
2012-06-05,74.96,75.24,72.17,71.98,9264543.0,288278048.0
2012-06-04,75.83,77.98,74.19,74.19,11023831.0,356732544.0
2012-06-01,76.56,78.2,77.42,76.46,13584796.0,449381280.0
2012-05-31,74.89,77.45,76.41,74.49,11723194.0,382233792.0
2012-05-30,74.89,75.97,75.31,74.56,6260741.0,201626976.0
2012-05-29,73.39,76.27,75.27,73.39,10203029.0,328199872.0
2012-05-28,72.9,73.79,73.69,71.14,7350179.0,227047616.0
2012-05-25,73.84,75.19,73.09,73.02,7270683.0,229392992.0
2012-05-24,75.43,75.83,74.23,73.95,6299993.0,201223472.0
2012-05-23,73.13,75.88,75.48,72.43,10656454.0,339561440.0
2012-05-22,72.19,74.07,73.56,72.12,6913951.0,216197168.0
2012-05-21,74.09,74.52,71.49,70.48,12067944.0,371760320.0
2012-05-18,76.18,76.88,74.56,73.79,17893148.0,575532352.0
2012-05-17,73.32,78.01,77.59,72.92,21183900.0,690528704.0
2012-05-16,75.19,76.3,73.3,73.3,10770062.0,344580512.0
2012-05-15,73.84,75.94,75.5,73.37,8682249.0,275164672.0
2012-05-14,75.38,77.16,74.89,74.59,14002438.0,454081664.0
2012-05-11,74.56,75.95,74.59,73.84,7824469.0,250508336.0
2012-05-10,74.89,75.88,74.94,73.69,9663506.0,307823936.0
2012-05-09,74.54,75.92,74.87,73.72,11077395.0,354646816.0
2012-05-08,77.0,77.23,75.52,74.31,15741310.0,510561728.0
2012-05-04,77.12,77.59,77.0,75.48,13868413.0,451723424.0
2012-05-03,74.19,77.66,77.28,73.37,19979908.0,650201472.0
2012-05-02,72.83,76.77,74.19,72.19,19794828.0,627012928.0
2012-04-27,72.17,72.66,70.44,70.27,7916469.0,239850400.0
2012-04-26,72.19,73.37,72.66,70.72,9141991.0,282519584.0
2012-04-25,72.66,74.91,72.15,71.49,11570646.0,360735296.0
2012-04-24,72.76,74.21,72.69,69.88,14072152.0,432696352.0
2012-04-23,73.84,76.18,73.81,73.37,22938870.0,728284608.0
2012-04-20,72.19,76.18,74.56,71.8,28076742.0,891812288.0
2012-04-19,73.37,73.98,72.19,72.08,16324889.0,506589536.0
2012-04-18,71.14,74.8,73.84,69.85,18082134.0,563608256.0
2012-04-17,73.37,74.96,70.55,70.13,14903152.0,456294400.0
2012-04-16,71.4,73.95,72.78,70.67,10249595.0,319235648.0
2012-04-13,72.38,74.77,71.8,71.3,15039986.0,468427040.0
2012-04-12,70.09,73.84,72.29,68.56,13873975.0,422554304.0
2012-04-11,68.44,71.68,69.59,68.4,6952864.0,207559200.0
2012-04-10,69.8,70.74,70.62,66.83,10007497.0,295493152.0
2012-04-09,69.83,71.0,69.62,69.03,7757380.0,231090368.0
2012-04-06,68.12,70.51,70.23,68.12,12875318.0,381898720.0
2012-04-05,63.76,70.08,69.38,63.31,22011512.0,643570112.0
2012-03-30,61.41,64.44,63.71,61.41,9599713.0,259565776.0
2012-03-29,60.48,63.01,61.53,59.89,8098482.0,212568640.0
2012-03-28,62.54,63.73,61.88,61.25,9365676.0,250905568.0
2012-03-27,63.76,63.97,62.82,62.56,3061007.0,82691672.0
2012-03-26,64.91,65.02,63.1,61.84,6900552.0,185222288.0
2012-03-23,64.55,66.5,65.16,64.16,7651336.0,213377072.0
2012-03-22,64.95,66.33,65.09,64.18,8265162.0,229642656.0
2012-03-21,67.46,67.88,65.28,64.58,11356657.0,318898368.0
2012-03-20,68.91,69.27,67.04,66.99,6053179.0,174899216.0
2012-03-19,68.16,69.62,69.62,67.77,5638013.0,165086144.0
2012-03-16,67.91,69.15,69.05,67.51,6232468.0,182492160.0
2012-03-15,66.01,68.33,67.44,66.01,8676781.0,249431072.0
2012-03-14,71.49,72.19,67.3,66.64,14482472.0,432211328.0
2012-03-13,71.26,72.31,70.93,70.55,6511005.0,197928768.0
2012-03-12,70.67,71.38,70.84,70.04,8891136.0,267783632.0
2012-03-09,71.96,72.45,71.61,70.6,8406392.0,256848480.0
2012-03-08,70.39,73.79,71.73,69.1,15557127.0,476047392.0
2012-03-07,67.98,71.44,69.92,67.53,10321144.0,307816640.0
2012-03-06,68.26,70.18,69.15,66.64,12011047.0,350955136.0
2012-03-05,68.44,70.53,68.16,67.77,17760612.0,527088992.0
2012-03-02,63.08,68.4,68.0,63.08,17428260.0,492732448.0
2012-03-01,61.79,63.9,62.96,61.79,4764537.0,128266520.0
2012-02-29,63.85,63.9,62.23,62.14,6848198.0,183483056.0
2012-02-28,63.76,65.61,64.18,63.59,10625152.0,291875936.0
2012-02-27,62.66,66.8,63.94,62.37,20051994.0,548281472.0
2012-02-24,60.01,61.86,61.76,59.51,14692222.0,381478432.0
2012-02-23,59.05,60.83,59.68,58.65,12203029.0,311838272.0
2012-02-22,56.84,59.91,59.19,56.84,15871496.0,398128064.0
2012-02-21,57.48,57.66,57.43,56.07,4960829.0,120508296.0
2012-02-20,58.6,59.77,57.19,57.19,7384953.0,183469904.0
2012-02-17,57.48,57.78,57.48,56.61,6445801.0,157637760.0
2012-02-16,57.24,57.64,56.68,56.14,5730049.0,138998928.0
2012-02-15,56.35,58.46,57.62,55.74,10251115.0,250611984.0
2012-02-14,57.33,57.66,56.94,56.26,4990152.0,121285032.0
2012-02-13,56.02,58.01,57.36,55.32,7192742.0,174554784.0
2012-02-10,55.83,58.18,56.89,55.83,8257150.0,201309632.0
2012-02-09,57.03,57.78,56.42,56.3,4879574.0,118638472.0
2012-02-08,54.15,58.6,57.45,53.77,8384948.0,201612640.0
2012-02-07,56.23,56.23,54.62,53.47,8525811.0,199472880.0
2012-02-06,58.01,59.16,57.59,57.45,6821071.0,169413840.0
2012-02-03,57.73,58.65,58.01,57.03,4560582.0,112632000.0
2012-02-02,56.73,58.25,58.13,55.98,5787456.0,141345040.0
2012-02-01,58.08,58.18,56.54,56.14,4918844.0,119622696.0
2012-01-31,58.6,58.91,57.9,57.24,3345506.0,82594712.0
2012-01-30,59.23,59.23,58.37,57.45,4892157.0,121664880.0
2012-01-20,59.3,59.77,59.26,58.08,8432640.0,211754800.0
2012-01-19,55.6,61.46,59.35,55.6,15534252.0,396442592.0
2012-01-18,55.44,60.83,55.88,54.92,9260067.0,227385728.0
2012-01-17,51.31,56.23,55.32,50.98,6255595.0,143379568.0
2012-01-16,50.4,51.9,51.33,50.19,4475010.0,97945736.0
2012-01-13,52.2,52.41,50.94,49.34,5537203.0,120441296.0
2012-01-12,51.83,53.12,51.85,51.66,4312940.0,96013776.0
2012-01-11,52.48,53.23,52.27,51.8,6513914.0,145837600.0
2012-01-10,50.04,53.56,52.97,49.86,10928769.0,241672112.0
2012-01-09,47.58,50.75,50.3,47.11,6519827.0,137453552.0
2012-01-06,47.58,48.33,48.05,45.99,4000432.0,81084224.0
2012-01-05,47.35,48.76,47.21,47.0,3547554.0,72444656.0
2012-01-04,49.81,50.12,47.84,47.84,3675852.0,77283232.0
