date,open,high,close,low,volume,amount
2015-06-12,154.6,161.98,161.98,150.98,222438784.0,2792011264.0
2015-06-11,131.48,147.23,147.23,129.98,274471968.0,3065299200.0
2015-06-10,127.48,137.11,133.86,125.11,365759104.0,3847051264.0
2015-06-09,128.73,137.23,134.11,119.98,614278336.0,6282272768.0
2015-06-08,121.11,125.86,125.86,118.73,262545264.0,2609900544.0
2015-06-05,106.24,114.36,114.36,106.24,346673728.0,3119066624.0
2015-06-04,104.86,105.61,103.99,95.99,191538000.0,1558465792.0
2015-06-03,102.99,104.99,104.86,100.99,201194784.0,1658193280.0
2015-06-02,100.49,103.24,102.99,99.61,170429312.0,1386822912.0
2015-06-01,95.24,100.49,100.36,94.49,147205856.0,1159120512.0
2015-05-29,95.74,98.74,94.99,89.86,153056864.0,1163870336.0
2015-05-28,102.24,106.99,96.99,95.36,236585408.0,1944058624.0
2015-05-27,104.61,105.24,102.24,100.11,189496144.0,1548670464.0
2015-05-26,99.49,105.86,103.49,99.11,220927616.0,1816917376.0
2015-05-25,96.74,100.99,99.49,96.11,180126048.0,1424324096.0
2015-05-22,96.74,97.99,96.86,94.99,169617360.0,1307969280.0
2015-05-21,90.36,97.11,95.99,89.74,172236416.0,1281242368.0
2015-05-20,90.11,92.49,90.36,89.74,129694848.0,944041792.0
2015-05-19,87.99,90.36,90.11,87.86,100788760.0,721274752.0
2015-05-18,86.61,88.61,87.74,85.74,87224696.0,607824768.0
2015-05-15,89.36,89.49,86.99,86.74,83122968.0,583281152.0
2015-05-14,88.74,90.49,89.86,87.49,101921600.0,722518656.0
2015-05-13,91.24,91.24,88.99,88.49,116861056.0,839510528.0
2015-05-12,90.99,92.49,91.49,90.11,108818720.0,795012608.0
2015-05-11,88.11,91.24,90.86,87.61,109143672.0,783193472.0
2015-05-08,84.74,87.99,87.24,84.61,96967728.0,669123520.0
2015-05-07,89.11,89.11,83.99,83.74,115667928.0,796816000.0
2015-05-06,96.11,98.11,89.61,88.36,141501664.0,1060659520.0
2015-05-05,101.24,102.49,95.99,94.99,124581864.0,983024384.0
2015-05-04,99.86,104.74,101.11,98.74,165572576.0,1351622912.0
2015-04-30,98.61,99.74,96.99,96.99,86528056.0,678772480.0
2015-04-29,96.24,99.86,98.61,94.86,104848504.0,822004160.0
2015-04-28,101.24,101.74,96.86,95.49,176798016.0,1396822528.0
2015-04-27,101.36,104.74,101.99,100.86,194174368.0,1590894848.0
2015-04-24,101.99,103.74,100.86,99.86,196101040.0,1592652800.0
2015-04-23,103.74,107.24,104.49,101.86,259895696.0,2170701312.0
2015-04-22,99.99,107.36,104.11,98.86,331102688.0,2739965440.0
2015-04-21,97.99,104.11,100.86,95.86,371249184.0,2985292800.0
2015-04-20,88.49,97.99,97.99,85.99,429569664.0,3222787328.0
2015-04-17,87.61,90.99,89.11,86.99,177237888.0,1261584896.0
2015-04-16,84.36,87.36,86.74,83.49,127631016.0,872379584.0
2015-04-15,89.49,89.61,85.49,83.74,204916256.0,1429635840.0
2015-04-14,91.24,93.36,91.36,90.24,159660624.0,1174072576.0
2015-04-13,88.74,92.11,91.24,88.49,183299296.0,1327898112.0
2015-04-10,88.11,91.74,90.11,86.49,193930016.0,1393513472.0
2015-04-09,85.24,89.74,88.24,81.86,244812336.0,1692040448.0
2015-04-08,84.49,85.74,84.11,82.61,150620608.0,1013468992.0
2015-04-07,85.24,85.99,84.24,82.86,149657840.0,1007436672.0
2015-04-03,81.49,85.11,83.74,80.24,188872208.0,1257236352.0
2015-04-02,79.36,81.11,81.11,78.86,140203344.0,899707584.0
2015-04-01,78.24,79.49,79.11,77.74,98143168.0,618474112.0
2015-03-31,80.24,81.24,78.49,78.24,117822960.0,749892928.0
2015-03-30,78.36,80.61,79.86,78.36,114723584.0,732195008.0
2015-03-27,77.61,78.99,78.11,77.36,69981208.0,438566112.0
2015-03-26,78.49,79.24,77.74,76.86,96783568.0,604102528.0
2015-03-25,79.99,80.11,78.49,77.86,117826176.0,741707328.0
2015-03-24,78.74,82.74,80.49,77.99,209322848.0,1342631680.0
2015-03-23,76.11,81.24,79.11,75.99,181031888.0,1136141952.0
2015-03-20,75.49,75.99,75.74,74.99,97055856.0,586259072.0
2015-03-19,76.24,76.24,75.49,74.86,119338864.0,719372928.0
2015-03-18,73.61,76.74,76.24,73.61,157053296.0,950440832.0
2015-03-17,72.74,73.74,73.36,72.36,119767904.0,700618368.0
2015-03-16,71.24,72.49,72.36,70.87,92175936.0,530974336.0
2015-03-13,70.49,71.11,70.87,70.24,57267664.0,323998880.0
2015-03-12,70.12,70.99,70.49,69.99,51697316.0,291128000.0
2015-03-11,71.24,71.86,70.12,69.99,60118976.0,340467808.0
2015-03-10,70.62,71.86,71.49,70.37,67882872.0,386452768.0
2015-03-09,69.87,70.74,70.62,69.12,45026352.0,251982336.0
2015-03-06,70.62,71.11,69.99,69.49,48619948.0,273087840.0
2015-03-05,71.24,72.24,70.49,70.12,57305928.0,326006848.0
2015-03-04,71.24,72.49,71.49,69.99,71149752.0,406247904.0
2015-03-03,70.99,73.74,71.61,69.62,131311368.0,752052416.0
2015-03-02,70.74,71.74,71.11,69.99,75410384.0,427976480.0
2015-02-27,70.74,70.86,70.12,69.74,57048200.0,320595200.0
2015-02-26,69.24,70.74,70.62,68.74,68034488.0,380339936.0
2015-02-25,68.49,70.49,69.12,67.87,63005016.0,348467744.0
2015-02-17,67.49,68.24,68.12,67.49,39871720.0,216829568.0
2015-02-16,67.37,67.62,67.49,66.99,40355444.0,217174880.0
2015-02-13,65.62,68.12,67.24,65.62,68337968.0,366677312.0
2015-02-12,65.49,65.62,65.24,64.24,36704496.0,190787520.0
2015-02-11,65.62,65.87,65.49,64.99,30453760.0,159202848.0
2015-02-10,65.24,65.62,65.62,64.62,33375170.0,174138512.0
2015-02-09,65.37,66.12,64.99,64.62,30238204.0,157808128.0
2015-02-06,65.62,65.99,64.62,63.87,52594504.0,272955136.0
2015-02-05,68.12,68.62,65.74,65.62,49260264.0,263022960.0
2015-02-04,67.12,68.74,67.24,66.87,49930840.0,271216032.0
2015-02-03,66.87,67.24,67.12,65.99,32692052.0,174153456.0
2015-02-02,66.99,67.12,66.12,65.62,49111796.0,260522576.0
2015-01-30,68.49,69.24,67.87,67.74,38097836.0,208793760.0
2015-01-29,69.12,69.99,68.49,68.12,61240632.0,337551168.0
2015-01-28,69.62,71.37,69.99,68.99,66956764.0,376602176.0
2015-01-27,71.12,71.37,70.12,68.74,66901628.0,374020704.0
2015-01-26,68.99,71.12,70.99,68.62,72181200.0,404600416.0
2015-01-23,69.37,70.49,68.74,68.49,65685060.0,365381408.0
2015-01-22,68.99,70.49,69.37,68.49,66823208.0,372240224.0
2015-01-21,66.74,69.37,68.99,66.24,88726496.0,482625888.0
2015-01-20,65.74,67.74,66.74,65.49,70640368.0,375889952.0
2015-01-19,68.74,70.24,64.99,64.99,106333024.0,573754944.0
2015-01-16,71.99,72.49,72.24,70.74,62053960.0,355835168.0
2015-01-15,70.37,72.11,71.87,68.62,63402140.0,356401632.0
2015-01-14,69.74,70.99,70.37,69.49,45246852.0,253922608.0
2015-01-13,69.74,70.62,69.74,69.24,45409424.0,253980336.0
2015-01-12,71.62,72.11,69.74,68.87,94458304.0,532477536.0
2015-01-09,73.49,76.36,72.86,72.49,95908168.0,574517888.0
2015-01-08,75.36,75.61,73.61,72.86,99576880.0,590065536.0
2015-01-07,75.36,76.74,75.61,74.99,84314784.0,510724384.0
2015-01-06,77.24,78.61,76.49,75.11,126390480.0,775120576.0
2015-01-05,77.49,81.86,77.99,76.86,181598160.0,1151926656.0
2014-12-31,74.86,77.99,77.24,74.24,134033168.0,817902976.0
2014-12-30,75.74,76.86,74.86,73.99,103002640.0,620528320.0
2014-12-29,71.37,77.99,75.74,71.37,182360192.0,1092414080.0
2014-12-26,69.49,71.12,70.87,68.99,87249688.0,492172960.0
2014-12-25,67.99,70.12,69.99,67.62,91310312.0,504067168.0
2014-12-24,69.49,70.12,67.49,65.74,111552440.0,606991808.0
2014-12-23,73.36,73.36,69.24,68.87,104205008.0,587999360.0
2014-12-22,75.61,79.49,73.36,72.49,184812560.0,1120925696.0
2014-12-19,71.99,75.86,75.11,71.24,196656672.0,1158703104.0
2014-12-18,70.62,72.49,71.74,70.37,106769312.0,612635584.0
2014-12-17,73.11,73.36,70.99,69.62,133928816.0,763427584.0
2014-12-16,71.74,73.99,72.99,70.87,119204336.0,691087808.0
2014-12-15,71.24,72.74,72.12,70.12,123270840.0,701033984.0
2014-12-12,74.74,75.86,72.49,71.87,142675264.0,837220032.0
2014-12-11,72.49,74.74,73.74,69.99,227490240.0,1323939712.0
2014-12-10,69.37,72.99,72.61,67.62,255599120.0,1445817856.0
2014-12-09,66.12,72.74,68.37,65.12,362556256.0,2036349440.0
2014-12-08,64.12,66.24,66.12,63.24,189183968.0,981316864.0
2014-12-05,64.49,66.12,62.37,60.74,157673376.0,797389696.0
2014-12-04,63.87,65.37,64.99,63.49,153772400.0,791753920.0
2014-12-03,63.87,66.37,64.12,63.24,219443936.0,1135417984.0
2014-12-02,63.12,64.49,63.62,62.24,141410480.0,715658688.0
2014-12-01,61.99,63.74,63.37,61.24,150396176.0,754504832.0
2014-11-28,63.12,63.37,61.87,60.49,112937048.0,558487936.0
2014-11-27,62.24,63.37,62.99,61.49,115235856.0,574153792.0
2014-11-26,62.74,63.12,61.87,61.24,110740680.0,547973120.0
2014-11-25,59.49,63.49,62.49,59.49,190161856.0,941293888.0
2014-11-24,59.24,60.87,59.74,58.37,184801120.0,883871104.0
2014-11-21,57.12,58.87,58.62,56.99,87742736.0,409042976.0
2014-11-20,57.87,57.87,57.12,56.87,55922960.0,256240832.0
2014-11-19,59.37,59.49,58.12,57.74,84188328.0,393384928.0
2014-11-18,58.62,59.62,59.12,58.24,132733520.0,626789312.0
2014-11-17,57.37,59.74,58.49,56.62,170927296.0,798867776.0
2014-11-14,57.49,58.37,57.12,56.62,90154280.0,413090016.0
2014-11-13,57.12,58.37,57.87,55.87,98185872.0,447757600.0
2014-11-12,56.87,57.87,57.49,55.99,91923528.0,419145248.0
2014-11-11,59.49,60.99,57.12,56.37,194944592.0,905874560.0
2014-11-10,56.62,59.62,59.24,55.99,147619488.0,686310336.0
2014-11-07,58.24,58.62,56.24,55.62,99512776.0,456618400.0
2014-11-06,58.37,59.24,57.49,57.12,125228840.0,577190848.0
2014-11-05,58.12,60.12,58.37,56.87,153136752.0,715328960.0
2014-11-04,56.24,58.62,58.24,56.12,148083088.0,682827584.0
2014-11-03,55.74,56.62,56.24,55.37,69483416.0,312165760.0
2014-10-31,54.99,56.87,55.74,54.99,81779152.0,365527104.0
2014-10-30,54.74,55.37,54.99,54.49,46994992.0,206422464.0
2014-10-29,54.49,55.24,54.74,53.99,53674440.0,234686752.0
2014-10-28,53.24,54.49,54.49,53.12,33011036.0,142769344.0
2014-10-27,52.74,53.62,53.49,52.12,20510428.0,86788264.0
2014-10-24,52.87,53.37,52.87,52.62,20678004.0,87658272.0
2014-10-23,53.62,54.24,52.99,52.87,31080636.0,133142440.0
2014-10-22,54.49,54.99,53.74,53.62,31996568.0,139068704.0
2014-10-21,55.12,55.24,54.24,54.24,35988120.0,157560800.0
2014-10-20,55.37,55.87,55.24,54.87,47976736.0,211550848.0
2014-10-17,56.24,56.74,55.12,54.37,77927688.0,345795680.0
2014-10-16,57.99,58.62,56.62,56.62,97837440.0,452409024.0
2014-10-15,57.12,59.24,58.74,56.12,138519600.0,638869440.0
2014-10-14,56.12,58.74,57.49,55.74,106233144.0,490398464.0
2014-10-13,56.87,56.99,56.24,55.62,41719096.0,187524336.0
2014-10-10,57.49,58.37,57.24,56.87,52115156.0,239784560.0
2014-10-09,57.62,58.62,57.62,56.99,74860904.0,345891520.0
2014-10-08,56.37,57.87,57.62,56.12,65477532.0,299131584.0
2014-09-30,56.49,56.87,56.37,55.99,36448072.0,164260528.0
2014-09-29,55.87,57.49,56.49,55.87,54035596.0,244474512.0
2014-09-26,55.87,56.24,55.62,55.37,29910196.0,133453400.0
2014-09-25,56.37,57.49,55.87,55.74,45069340.0,204174128.0
2014-09-24,55.62,56.87,56.49,55.62,40124876.0,180715632.0
2014-09-23,55.37,56.24,55.99,55.24,28021682.0,125269736.0
2014-09-22,56.99,56.99,55.49,54.99,41253376.0,184074288.0
2014-09-19,56.37,57.74,56.87,56.12,63675868.0,290514848.0
2014-09-18,54.74,56.74,56.49,54.49,61936272.0,278147232.0
2014-09-17,54.49,55.24,54.87,53.87,43078616.0,188288912.0
2014-09-16,56.12,57.12,54.24,54.24,74109768.0,332028512.0
2014-09-15,56.37,57.87,56.12,55.87,67025240.0,303747936.0
2014-09-12,54.37,55.99,55.87,53.99,58731792.0,258425232.0
2014-09-11,55.62,55.87,54.24,53.87,60124308.0,264209808.0
2014-09-10,54.37,56.37,55.74,53.99,70885016.0,314820864.0
2014-09-09,53.99,55.24,54.62,53.49,51232680.0,223265504.0
2014-09-05,53.99,54.37,53.99,53.49,41548612.0,179089808.0
2014-09-04,53.24,54.24,53.99,53.12,45933116.0,197309952.0
2014-09-03,52.62,53.49,53.24,52.62,35722004.0,151957008.0
2014-09-02,52.24,52.74,52.62,51.87,27676560.0,115934656.0
2014-09-01,51.74,52.24,52.12,51.37,19503440.0,81105344.0
2014-08-29,51.24,51.74,51.62,50.62,17361602.0,70988312.0
2014-08-28,52.12,52.24,50.99,50.99,28804614.0,118589688.0
2014-08-27,52.62,52.87,52.12,51.99,24751028.0,103688264.0
2014-08-26,52.62,53.62,52.62,52.37,28910696.0,122427776.0
2014-08-25,53.49,53.62,52.87,52.49,25790868.0,109220296.0
2014-08-22,53.99,54.12,53.49,52.87,37912904.0,161849792.0
2014-08-21,54.37,54.87,53.99,53.24,48621228.0,209792688.0
2014-08-20,53.24,55.99,55.12,52.99,85006560.0,373800288.0
2014-08-19,52.62,53.37,53.37,52.24,58540488.0,248038368.0
2014-08-18,52.24,52.74,52.49,52.12,33684056.0,141452544.0
2014-08-15,51.87,52.37,52.24,51.62,25383044.0,105824072.0
2014-08-14,52.24,52.87,51.87,51.87,34734924.0,145519472.0
2014-08-13,52.99,52.99,52.37,51.87,32817724.0,137289888.0
2014-08-12,52.74,53.37,52.99,52.49,35297952.0,149265696.0
2014-08-11,52.24,53.49,52.74,51.87,36844620.0,155091632.0
2014-08-08,52.24,52.49,51.99,51.62,20673140.0,86004336.0
2014-08-07,52.99,53.12,52.12,51.99,35644312.0,149851184.0
2014-08-06,52.49,53.49,53.12,51.62,50626368.0,213276352.0
2014-08-05,52.37,52.74,52.49,51.87,31129964.0,130459072.0
2014-08-04,51.37,52.37,52.37,51.24,38525632.0,160022688.0
2014-08-01,52.12,52.49,51.62,51.37,40897428.0,169890352.0
2014-07-31,51.87,52.37,52.24,51.49,33997520.0,141374880.0
2014-07-30,52.99,52.99,51.99,51.74,48836360.0,203929856.0
2014-07-29,52.37,53.49,52.99,51.99,66605240.0,281668224.0
2014-07-28,51.49,53.12,52.37,51.49,72014112.0,301204768.0
2014-07-25,51.49,51.99,51.74,50.87,42712396.0,175677504.0
2014-07-24,51.24,52.99,51.62,50.99,46766216.0,193766368.0
2014-07-23,50.99,53.99,51.74,50.74,64895868.0,271632864.0
2014-07-22,51.49,52.37,51.37,50.62,65128864.0,267414080.0
2014-07-21,51.37,53.74,52.12,51.12,85244448.0,356413152.0
2014-07-18,49.99,55.99,52.74,49.62,147642256.0,629132480.0
2014-07-17,52.24,53.99,51.24,49.74,135044640.0,556280896.0
2014-07-16,49.37,51.87,51.87,49.37,121353048.0,495013984.0
2014-07-15,45.99,47.74,47.12,45.74,45997736.0,172449312.0
2014-07-14,45.87,45.99,45.99,45.37,17066586.0,62391024.0
2014-07-11,45.37,46.12,45.99,45.12,23713096.0,86508392.0
2014-07-10,44.99,45.49,45.37,44.99,7754638.0,28071256.0
2014-07-09,45.62,45.74,44.99,44.87,11340977.0,41138108.0
2014-07-08,45.74,45.99,45.74,45.49,9093481.0,33239842.0
2014-07-07,46.12,46.24,45.74,45.37,11298108.0,41318504.0
2014-07-04,46.37,46.49,45.99,45.87,9514695.0,35057876.0
2014-07-03,45.99,46.74,46.37,45.62,17196404.0,63507356.0
2014-07-02,46.12,46.12,45.99,45.49,12432760.0,45583184.0
2014-07-01,46.49,46.74,46.12,45.62,13704377.0,50467964.0
2014-06-30,46.37,46.87,46.37,46.12,14459920.0,53809900.0
2014-06-27,45.62,47.12,46.49,45.24,25769080.0,95666840.0
2014-06-26,45.49,45.87,45.62,45.37,10108311.0,36830648.0
2014-06-25,45.24,45.87,45.49,44.99,11774198.0,42807364.0
2014-06-24,45.12,45.37,45.12,44.74,11966569.0,43026236.0
2014-06-23,46.37,46.37,45.49,44.62,14948484.0,54172904.0
2014-06-20,45.66,46.07,45.58,45.49,9955182.0,55651756.0
2014-06-19,46.31,46.48,45.58,45.17,10656529.0,59676540.0
2014-06-18,46.48,46.48,46.23,45.82,10446956.0,58877420.0
2014-06-17,46.23,46.72,46.56,46.15,16646928.0,94426800.0
2014-06-16,46.31,47.7,46.39,45.9,31682708.0,180862448.0
2014-06-13,45.25,45.66,45.66,45.17,7053566.0,39202508.0
2014-06-12,45.17,45.33,45.25,44.92,4031161.0,22246302.0
2014-06-11,45.09,45.25,45.17,44.92,4408284.0,24292432.0
2014-06-10,45.0,45.33,45.25,44.59,4610950.0,25383680.0
2014-06-09,44.76,45.33,44.68,44.68,3463167.0,19048708.0
2014-06-06,45.17,45.33,44.92,44.67,4960508.0,27290850.0
2014-06-05,44.43,45.17,45.09,44.27,4308488.0,23608174.0
2014-06-04,45.09,45.09,44.43,44.27,5278001.0,28685938.0
2014-06-03,44.92,45.33,45.09,44.84,5077314.0,27988050.0
2014-05-30,44.76,45.41,44.92,44.76,6500872.0,35780712.0
2014-05-29,45.66,45.74,44.76,44.67,9326928.0,51555960.0
2014-05-28,45.66,45.74,45.66,45.25,8844499.0,49140004.0
2014-05-27,45.58,45.98,45.58,45.49,7759620.0,43378740.0
2014-05-26,45.82,46.07,45.74,45.49,6964576.0,38896644.0
2014-05-23,45.41,45.74,45.66,45.09,7405886.0,41141116.0
2014-05-22,46.31,46.88,45.58,45.49,19079870.0,107636920.0
2014-05-21,45.0,45.49,45.25,44.51,5283475.0,29162276.0
2014-05-20,45.17,45.98,45.17,45.0,8724070.0,48480748.0
2014-05-19,45.0,45.17,45.17,44.35,4022556.0,22002968.0
2014-05-16,44.35,45.25,45.09,44.19,6373495.0,34821332.0
2014-05-15,45.41,45.41,44.68,44.59,5129051.0,28212976.0
2014-05-14,45.25,45.58,45.33,45.09,5371869.0,29779686.0
2014-05-13,45.66,45.82,45.25,45.0,7499460.0,41619656.0
2014-05-12,44.92,45.82,45.58,44.43,13018019.0,72243984.0
2014-05-09,44.19,44.51,44.51,43.86,6029777.0,32583154.0
2014-05-08,43.86,44.59,44.02,43.61,5652343.0,30520158.0
2014-05-07,44.1,44.1,43.86,43.61,4763465.0,25537230.0
2014-05-06,44.35,44.67,44.19,44.1,6549905.0,35564472.0
2014-05-05,44.19,44.59,44.35,43.69,4365779.0,23509238.0
2014-04-30,44.19,44.67,44.43,43.94,4906522.0,26591504.0
2014-04-29,43.69,44.19,44.1,43.45,5389679.0,28883800.0
2014-04-28,43.86,44.35,43.45,43.37,7891962.0,42171956.0
2014-04-25,44.51,44.59,43.86,43.61,8545538.0,46222732.0
2014-04-24,44.43,44.59,44.19,43.77,9864904.0,53293708.0
2014-04-23,45.66,46.15,44.43,44.19,20035822.0,109871992.0
2014-04-22,46.31,46.8,45.9,45.49,9769145.0,54964464.0
2014-04-21,46.56,47.21,46.23,46.15,11166015.0,63670992.0
2014-04-18,46.64,47.21,46.97,46.23,10988832.0,62615380.0
2014-04-17,46.97,47.87,46.8,46.72,20391708.0,118007824.0
2014-04-16,45.74,47.46,47.13,45.66,22628364.0,129200944.0
2014-04-15,46.56,46.64,45.74,45.66,13622749.0,76645624.0
2014-04-14,46.64,46.88,46.64,46.07,13671530.0,77637616.0
2014-04-11,45.9,46.8,46.56,45.82,18015500.0,102224688.0
2014-04-10,45.98,46.39,46.07,45.66,18636650.0,104903304.0
2014-04-09,45.9,45.98,45.74,45.41,16990812.0,94923528.0
2014-04-08,44.76,45.98,45.58,44.76,23909992.0,132566304.0
2014-04-04,44.18,44.84,44.67,44.02,11092155.0,60340192.0
2014-04-03,45.33,45.98,44.35,44.02,23697044.0,129857904.0
2014-04-02,44.67,46.31,45.49,44.35,15061233.0,83571552.0
2014-04-01,44.59,44.76,44.67,43.69,11631033.0,62909652.0
2014-03-31,45.0,45.66,44.59,44.18,11606878.0,63813728.0
2014-03-28,45.9,46.39,45.09,44.92,20431852.0,113747216.0
2014-03-27,46.56,47.78,45.98,45.82,27388304.0,156915136.0
2014-03-26,46.72,47.05,46.07,45.82,16706265.0,94485224.0
2014-03-25,47.05,48.11,46.64,46.23,59894872.0,345235488.0
2014-03-24,44.02,48.11,48.11,43.86,88703776.0,503308256.0
2014-03-21,43.53,44.27,44.02,42.63,29623572.0,157809104.0
2014-03-20,44.18,45.33,43.53,43.28,31185592.0,169306224.0
2014-03-19,43.37,44.51,44.27,43.2,29659012.0,159368096.0
2014-03-18,43.86,43.94,43.37,42.96,13221130.0,70182472.0
2014-03-17,43.37,43.94,43.69,43.37,8646445.0,46213392.0
2014-03-14,44.18,44.27,43.77,43.45,9218881.0,49469196.0
2014-03-13,44.43,44.59,44.35,43.61,12512752.0,67454472.0
2014-03-12,46.07,47.87,44.43,43.94,45239180.0,254713248.0
2014-03-11,44.67,46.15,45.74,44.02,23360108.0,129731872.0
2014-03-10,45.0,45.66,44.76,43.86,11584326.0,63183808.0
2014-03-07,45.66,46.39,45.74,45.0,16463534.0,92097136.0
2014-03-06,43.45,45.9,45.82,43.12,34967520.0,192155936.0
2014-03-05,43.86,43.94,43.69,43.37,6071112.0,32363060.0
2014-03-04,44.02,44.02,43.69,43.12,7477161.0,39746280.0
2014-03-03,43.86,44.51,44.02,43.61,8716508.0,46909588.0
2014-02-28,44.1,44.59,44.27,43.53,5679930.0,30555548.0
2014-02-27,44.27,45.25,44.27,43.86,14925011.0,81464208.0
2014-02-26,43.77,44.27,44.27,42.96,7461427.0,39908692.0
2014-02-25,45.82,46.07,44.02,42.63,16457811.0,89811176.0
2014-02-24,46.39,46.48,45.82,45.25,12352021.0,69018448.0
2014-02-21,47.05,47.38,46.64,46.23,11581616.0,65986648.0
2014-02-20,46.8,47.05,46.88,46.23,15661624.0,89285448.0
2014-02-19,46.56,47.38,46.8,46.31,19810494.0,113273752.0
2014-02-18,45.82,47.29,46.8,45.25,30138170.0,171195392.0
2014-02-17,44.76,46.48,46.07,44.76,30185900.0,168260032.0
2014-02-14,44.51,44.76,44.59,44.35,13640728.0,74255592.0
2014-02-13,45.08,45.41,44.51,44.35,13273230.0,72519936.0
2014-02-12,43.86,45.08,45.0,43.77,18286976.0,99798680.0
2014-02-11,43.69,44.1,43.86,43.37,15676111.0,83759232.0
2014-02-10,42.96,43.86,43.69,42.79,12496503.0,66258920.0
2014-02-07,42.55,43.12,42.96,41.65,10979605.0,56725840.0
2014-01-30,43.94,43.94,42.96,42.06,10478728.0,54620308.0
2014-01-29,44.43,44.51,43.86,43.61,6483191.0,34834432.0
2014-01-28,44.43,44.67,44.18,44.02,6133464.0,33140536.0
2014-01-27,44.92,45.0,44.18,43.94,6723309.0,36407164.0
2014-01-24,45.82,45.82,44.92,44.84,8273398.0,45728944.0
2014-01-23,44.51,45.58,45.17,44.43,9453983.0,52071812.0
2014-01-22,44.27,44.84,44.43,43.94,14678958.0,79870144.0
2014-01-21,45.58,46.07,44.35,43.86,15582411.0,85002184.0
2014-01-20,46.07,46.64,45.82,45.17,8672833.0,48496584.0
2014-01-17,46.31,46.31,45.82,44.59,9074941.0,50225124.0
2014-01-16,46.97,47.46,46.23,45.74,7800134.0,44038176.0
2014-01-15,47.29,47.29,46.97,45.82,6124732.0,34710024.0
2014-01-14,47.46,47.7,47.29,45.9,3954031.0,22555088.0
2014-01-13,48.69,49.01,47.46,46.48,7273667.0,42250280.0
2014-01-10,49.01,49.26,48.77,48.36,4652593.0,27681044.0
2014-01-09,49.34,49.83,48.77,48.44,3283448.0,19703034.0
2014-01-08,49.5,49.99,49.34,49.18,3927902.0,23742194.0
2014-01-07,49.67,50.24,49.42,49.09,3396698.0,20599804.0
2014-01-06,50.16,50.73,50.4,48.19,13487936.0,81136656.0
2014-01-03,51.22,52.2,50.32,49.67,7936831.0,49069780.0
2014-01-02,52.04,52.37,51.47,51.22,5294801.0,33557144.0
2013-12-31,50.81,52.45,52.12,50.73,13963284.0,88320136.0
2013-12-30,51.14,51.71,51.38,50.24,12642873.0,78784056.0
2013-12-27,51.71,51.79,51.06,50.32,13823258.0,86068584.0
2013-12-26,56.05,56.13,52.12,51.79,29345992.0,190806656.0
2013-12-23,50.98,53.43,52.61,49.99,24407556.0,155386816.0
2013-12-20,50.4,51.14,51.06,49.42,25758652.0,159362896.0
2013-12-19,50.08,50.73,49.91,49.18,10981200.0,67383640.0
2013-12-18,50.48,50.73,49.75,49.59,8463800.0,51917032.0
2013-12-17,50.16,51.06,50.48,49.83,13185875.0,81663184.0
2013-12-16,49.09,50.4,50.32,49.01,19129512.0,116989616.0
2013-12-13,49.09,49.42,49.18,48.93,4370958.0,26260476.0
2013-12-12,49.75,49.83,49.42,49.09,4156125.0,25047170.0
2013-12-11,49.91,50.24,49.75,49.18,6900161.0,41805248.0
2013-12-10,50.57,50.65,49.99,49.75,6184359.0,37890112.0
2013-12-09,49.67,50.81,50.48,49.09,12752045.0,78035624.0
2013-12-06,50.32,50.32,49.5,48.85,9824204.0,59347656.0
2013-12-05,49.99,50.73,50.08,49.75,7719249.0,47337968.0
2013-12-04,49.75,50.4,49.99,49.42,10685394.0,65243232.0
2013-12-03,49.26,49.99,49.75,49.01,8565871.0,51918012.0
2013-12-02,49.75,49.75,49.34,48.11,20154094.0,120498112.0
2013-11-29,50.89,50.89,50.24,49.91,14273557.0,87847320.0
2013-11-28,50.4,51.71,51.06,50.32,49030576.0,305499968.0
2013-11-27,48.28,50.73,50.08,48.28,26424064.0,159605296.0
2013-11-26,49.42,49.42,48.28,47.54,19491700.0,114912768.0
2013-11-20,48.52,49.42,49.18,47.78,49213816.0,292119200.0
2013-11-19,48.28,49.5,48.52,47.54,60077432.0,355240000.0
2013-11-18,45.17,46.72,46.56,45.17,25854372.0,145457616.0
2013-11-15,44.67,45.66,44.92,44.51,14160042.0,78186904.0
2013-11-14,44.67,44.76,44.67,44.18,9180102.0,49793472.0
2013-11-13,44.59,44.76,44.59,43.94,8578706.0,46413016.0
2013-11-12,44.76,45.0,44.84,44.1,6310323.0,34429912.0
2013-11-11,45.0,45.49,44.84,44.02,8692173.0,47575336.0
2013-11-08,44.92,45.08,44.92,44.43,6239751.0,34150860.0
2013-11-07,44.92,45.17,44.76,44.18,7444420.0,40564928.0
2013-11-06,45.17,45.66,44.76,44.43,11117551.0,61258220.0
2013-11-05,45.41,45.41,45.33,44.1,9573565.0,52355624.0
2013-11-04,45.41,45.74,45.41,45.17,5939909.0,32976626.0
2013-11-01,46.8,47.05,45.08,44.84,15717667.0,87864800.0
2013-10-31,46.64,47.13,46.8,45.98,11285218.0,63979188.0
2013-10-30,46.48,47.38,46.64,45.74,24763476.0,139836128.0
2013-10-29,49.99,50.16,46.23,45.9,34619136.0,201861872.0
2013-10-28,49.99,52.2,49.99,49.09,34601068.0,211988992.0
2013-10-25,49.01,49.26,49.17,48.19,22439422.0,133668792.0
2013-10-24,49.26,49.59,48.77,48.27,16379181.0,97552968.0
2013-10-23,49.09,50.16,48.69,47.95,25028218.0,149667568.0
2013-10-22,49.5,49.5,49.26,48.27,35474572.0,212446416.0
2013-10-21,47.21,49.5,49.5,47.21,41522848.0,246788320.0
2013-10-18,46.31,47.29,47.05,46.31,19086904.0,109367304.0
2013-10-17,45.49,47.05,46.31,45.49,24310968.0,137608640.0
2013-10-16,45.74,46.31,45.41,44.92,27984948.0,155586864.0
2013-10-15,45.41,45.66,45.66,44.43,20317428.0,111962024.0
2013-10-14,43.37,45.41,44.92,43.37,32224404.0,175842560.0
2013-10-11,42.63,43.37,43.37,42.38,17248434.0,90675768.0
2013-10-10,42.96,43.12,42.38,42.22,11732532.0,61153408.0
2013-10-09,42.47,43.37,42.96,42.14,15692975.0,82087392.0
2013-10-08,42.14,42.71,42.55,41.73,9980616.0,51545424.0
2013-09-30,41.4,42.55,42.3,41.4,7211877.0,37162808.0
2013-09-27,41.32,41.81,41.48,41.24,6905787.0,35019604.0
2013-09-26,41.89,42.06,41.4,41.24,9871225.0,50187820.0
2013-09-25,42.47,43.04,42.14,42.06,14260798.0,74280544.0
2013-09-24,42.14,42.55,42.47,41.98,14294224.0,73933152.0
2013-09-23,41.65,42.06,41.89,41.4,12004679.0,61203024.0
2013-09-18,41.65,42.06,41.65,41.24,10601010.0,53885412.0
2013-09-17,42.71,43.04,41.73,41.65,12477745.0,64544488.0
2013-09-16,42.88,43.12,42.38,41.81,12730041.0,65834052.0
2013-09-13,42.63,43.77,42.96,42.55,12803762.0,67360680.0
2013-09-12,42.79,42.88,42.79,42.22,16836940.0,87542760.0
2013-09-11,41.89,43.86,42.96,41.89,30537132.0,160533632.0
2013-09-10,41.48,42.38,41.89,41.4,18659972.0,95738856.0
2013-09-09,40.42,41.89,41.48,40.42,28112534.0,142116496.0
2013-09-06,40.17,40.67,40.34,40.09,8641865.0,42619152.0
2013-09-05,41.16,41.16,40.42,40.34,15204472.0,75415840.0
2013-09-04,40.17,41.48,41.16,39.93,31979096.0,159522224.0
2013-09-03,39.52,40.09,40.09,39.36,15464506.0,75205848.0
2013-09-02,39.44,39.6,39.52,39.11,8655461.0,41651292.0
2013-08-30,39.27,39.6,39.36,39.11,13110101.0,63018880.0
2013-08-29,39.68,39.68,39.36,39.11,8623381.0,41484172.0
2013-08-28,39.36,39.85,39.52,39.27,11703933.0,56565588.0
2013-08-27,40.01,40.09,39.77,39.27,17720928.0,85706112.0
2013-08-26,39.52,40.34,40.34,39.52,7994233.0,39118820.0
2013-08-23,40.67,40.99,39.44,38.46,15164968.0,73771304.0
2013-08-22,40.91,41.4,40.58,40.58,8702248.0,43526492.0
2013-08-21,40.75,41.48,40.99,40.67,10090379.0,50658772.0
2013-08-20,40.67,41.16,40.75,40.34,6496571.0,32336008.0
2013-08-19,40.75,41.08,40.83,40.09,8175016.0,40628776.0
2013-08-16,41.16,42.06,40.75,40.67,13698341.0,69031008.0
2013-08-15,40.91,41.89,41.16,40.75,13508983.0,68292528.0
2013-08-14,41.65,41.89,40.99,40.75,12931243.0,65369988.0
2013-08-13,40.83,42.14,41.57,40.58,19600140.0,99418536.0
2013-08-12,39.77,40.83,40.83,39.77,17674008.0,87187528.0
2013-08-09,39.44,39.52,39.52,38.95,7007908.0,33671124.0
2013-08-08,39.36,39.68,39.19,38.95,6695265.0,32143136.0
2013-08-07,39.27,40.26,39.44,39.11,13096612.0,63504620.0
2013-08-06,38.78,39.27,39.19,38.62,11200849.0,53456640.0
2013-08-05,38.62,38.87,38.78,38.38,8951790.0,42299336.0
2013-08-02,38.95,39.19,38.62,38.54,10337981.0,49104332.0
2013-08-01,38.78,39.77,39.03,38.54,18665540.0,88951304.0
2013-07-31,38.13,38.13,37.88,37.64,7738949.0,35825712.0
2013-07-30,36.82,38.13,37.72,36.74,11877639.0,54571044.0
2013-07-29,38.05,38.13,36.74,36.49,11752180.0,53302364.0
2013-07-26,38.46,38.78,38.46,38.13,7480625.0,35066652.0
2013-07-25,38.7,39.03,38.54,38.46,10839487.0,51302788.0
2013-07-24,39.11,39.11,38.7,37.88,11203393.0,52700432.0
2013-07-23,38.29,39.27,39.19,38.21,11228213.0,53386716.0
2013-07-22,38.29,38.38,38.38,37.48,9162891.0,42510168.0
2013-07-19,39.36,39.44,38.38,38.29,9733645.0,46277336.0
2013-07-18,40.34,40.42,39.19,39.03,8927510.0,43055936.0
2013-07-17,40.5,40.67,40.09,40.09,8447105.0,41658332.0
2013-07-16,40.5,40.67,40.58,40.01,7962833.0,39263436.0
2013-07-15,40.42,40.91,40.67,40.26,7129594.0,35364592.0
2013-07-12,40.58,41.16,40.34,40.26,9227415.0,45888164.0
2013-07-11,39.77,41.4,40.83,39.44,15218263.0,75609968.0
2013-07-10,38.62,39.77,39.68,38.29,8511064.0,40547388.0
2013-07-09,39.19,39.27,38.87,38.62,3392039.0,16111415.0
2013-07-08,40.09,40.09,39.27,38.62,7281493.0,34922932.0
2013-07-05,40.17,40.83,40.42,40.17,6598059.0,32629788.0
2013-07-04,39.77,40.58,40.17,39.36,8285305.0,40577968.0
2013-07-03,39.93,39.93,39.85,39.52,6818405.0,33067906.0
2013-07-02,40.01,40.09,39.93,39.52,5405263.0,26294274.0
2013-07-01,40.01,40.17,40.09,39.27,6375800.0,30987238.0
2013-06-28,39.77,40.5,40.17,39.11,6780530.0,33162800.0
2013-06-27,39.52,40.26,39.85,39.36,9048423.0,44054580.0
2013-06-26,39.6,39.77,39.44,38.46,8917916.0,42601724.0
2013-06-25,40.67,40.67,39.6,36.98,12562716.0,60341108.0
2013-06-24,43.45,43.53,40.99,40.75,10353220.0,53237812.0
2013-06-21,44.1,44.35,43.37,43.04,10003986.0,53270176.0
2013-06-20,45.17,45.66,44.35,44.27,5635617.0,30941670.0
2013-06-19,46.07,46.07,45.41,44.43,7787482.0,42938968.0
2013-06-18,46.07,46.31,46.15,45.9,4244499.0,23893008.0
2013-06-17,45.98,46.39,46.07,45.82,4050317.0,22818796.0
2013-06-14,46.23,46.39,46.15,45.82,6024559.0,33969372.0
2013-06-13,47.38,47.38,46.15,45.58,7983927.0,45158088.0
2013-06-07,48.77,48.77,47.54,47.46,9099628.0,53313060.0
2013-06-06,48.91,48.91,48.34,48.18,9714723.0,58687968.0
2013-06-05,48.1,49.47,49.15,47.78,16724439.0,101521968.0
2013-06-04,48.75,48.91,48.1,47.94,7569085.0,45420632.0
2013-06-03,48.26,49.31,48.66,48.26,11674065.0,70941464.0
2013-05-31,48.66,48.91,48.18,48.1,8655151.0,52232944.0
2013-05-30,48.91,48.99,48.5,48.34,11712347.0,70679400.0
2013-05-29,49.47,49.47,48.99,48.83,11257101.0,68718208.0
2013-05-28,49.07,49.23,49.23,48.5,10394122.0,63220604.0
2013-05-27,48.91,49.23,49.07,48.59,9865504.0,59897292.0
2013-05-24,48.91,49.55,48.91,48.83,11910701.0,72665800.0
2013-05-23,47.94,49.31,49.07,47.86,23827030.0,144790464.0
2013-05-22,48.34,48.42,48.02,47.86,7941350.0,47498084.0
2013-05-21,48.02,48.34,48.34,47.86,10512560.0,62987512.0
2013-05-20,47.86,48.34,48.1,47.7,10686969.0,63816380.0
2013-05-17,47.14,47.86,47.86,46.98,8681856.0,51227476.0
2013-05-16,46.65,47.22,47.06,46.41,8962222.0,52185152.0
2013-05-15,46.57,47.06,46.65,46.57,3735655.0,21696338.0
2013-05-14,47.06,47.14,46.57,46.49,5966110.0,34623788.0
2013-05-13,47.38,47.46,47.14,46.9,6505992.0,38073636.0
2013-05-10,47.3,47.46,47.38,46.98,4462033.0,26195360.0
2013-05-09,47.7,47.78,47.14,46.9,6409186.0,37709604.0
2013-05-08,47.94,48.18,47.86,47.78,6134526.0,36577104.0
2013-05-07,47.62,47.94,47.78,47.54,5619202.0,33320698.0
2013-05-06,47.7,48.02,47.86,47.54,7963639.0,47272812.0
2013-05-03,47.46,47.94,47.7,47.3,7426320.0,44022976.0
2013-05-02,46.73,47.7,47.38,46.25,7305403.0,42625736.0
2013-04-26,47.14,47.54,46.81,46.73,5099990.0,29887472.0
2013-04-25,47.54,47.78,47.06,46.98,8356133.0,49152468.0
2013-04-24,47.14,47.86,47.54,47.14,7363668.0,43441364.0
2013-04-23,48.34,48.34,47.14,47.06,7998570.0,47106040.0
2013-04-22,48.26,48.42,48.18,48.02,6045216.0,36254204.0
2013-04-19,47.46,48.34,48.34,47.46,8063267.0,48113880.0
2013-04-18,47.14,47.86,47.3,47.14,5070296.0,29931350.0
2013-04-17,47.94,48.02,47.54,47.22,5185992.0,30694754.0
2013-04-16,47.46,48.1,47.86,47.3,4801054.0,28479736.0
2013-04-15,48.42,48.66,47.46,47.38,4475670.0,26650436.0
2013-04-12,48.5,48.99,48.42,48.18,4028199.0,24349176.0
2013-04-11,49.31,49.39,48.59,48.59,6136512.0,37406252.0
2013-04-10,48.99,49.23,49.07,48.5,6883695.0,41880612.0
2013-04-09,48.42,48.91,48.83,48.26,7146900.0,43276636.0
2013-04-08,48.34,48.34,48.02,47.3,9073292.0,53876052.0
2013-04-03,49.23,49.47,48.74,48.66,6931737.0,42241420.0
2013-04-02,48.99,50.03,49.23,48.99,15116146.0,92976728.0
2013-04-01,48.1,48.42,48.26,47.7,6291764.0,37632608.0
2013-03-29,47.94,48.66,48.02,47.78,5592241.0,33492676.0
2013-03-28,49.07,49.07,47.94,47.86,12110877.0,72713520.0
2013-03-27,49.15,49.79,48.99,48.74,9079429.0,55599144.0
2013-03-26,50.27,50.35,49.15,49.07,13029691.0,80122248.0
2013-03-25,50.68,50.92,50.19,49.95,14702248.0,92029616.0
2013-03-22,50.52,51.16,50.59,49.87,25065402.0,157680480.0
2013-03-21,49.23,50.84,50.44,49.23,38521592.0,240638544.0
2013-03-20,47.7,48.42,48.34,47.38,11319137.0,67646240.0
2013-03-19,46.9,48.02,47.62,46.81,7681017.0,45190396.0
2013-03-18,46.9,47.7,47.3,46.9,6797946.0,40104140.0
2013-03-15,46.9,47.78,47.14,46.49,9419071.0,55246068.0
2013-03-14,46.9,47.54,46.65,46.57,8502156.0,49600364.0
2013-03-13,48.18,48.26,47.06,46.9,9314062.0,54889248.0
2013-03-12,48.83,49.15,48.02,47.62,10083028.0,60676392.0
2013-03-11,49.15,49.15,48.83,48.66,7513828.0,45629484.0
2013-03-08,49.15,49.31,49.07,48.91,9028204.0,55113952.0
2013-03-07,49.39,49.79,49.07,48.91,21432824.0,131210248.0
2013-03-06,48.5,48.74,48.74,48.18,15718249.0,94798352.0
2013-03-05,48.42,48.83,48.5,48.26,14240310.0,85927136.0
2013-03-04,49.71,50.35,48.42,48.26,18848694.0,115067112.0
2013-03-01,50.03,50.76,50.27,49.87,13096777.0,81898672.0
2013-02-28,50.03,50.35,50.19,49.31,16968320.0,105209216.0
2013-02-27,49.95,50.35,49.79,49.47,10797770.0,66828020.0
2013-02-26,51.0,51.64,49.79,49.55,26993620.0,169796208.0
2013-02-25,49.63,49.79,49.39,49.31,6772976.0,41665264.0
2013-02-22,49.71,49.79,49.39,49.31,7631940.0,47025980.0
2013-02-21,50.44,50.44,49.55,49.31,14442636.0,89286952.0
2013-02-20,50.59,50.84,50.76,50.44,9545383.0,60067856.0
2013-02-19,51.8,51.96,50.44,50.27,14830155.0,93950984.0
2013-02-18,52.37,52.61,51.88,51.48,15034866.0,97119560.0
2013-02-08,51.48,52.28,52.2,51.4,19632474.0,126351104.0
2013-02-07,51.88,52.12,51.4,51.0,15245866.0,97531272.0
2013-02-06,52.61,53.01,51.96,51.56,13995916.0,90612800.0
2013-02-05,51.88,53.01,52.61,51.4,28324116.0,183923776.0
2013-02-04,50.27,52.37,52.12,50.11,35882144.0,229106160.0
2013-02-01,50.27,50.43,50.11,49.87,12192989.0,76089096.0
2013-01-31,50.59,50.68,50.27,49.95,10348077.0,64615368.0
2013-01-30,49.87,50.59,50.52,49.63,15268786.0,95109584.0
2013-01-29,50.11,50.11,49.79,49.71,15885112.0,98472376.0
2013-01-28,49.55,50.11,50.11,49.39,14996933.0,92829800.0
2013-01-25,50.03,50.27,49.47,49.23,10732332.0,66053872.0
2013-01-24,50.52,51.08,50.11,49.95,18539972.0,116543552.0
2013-01-23,50.19,51.0,50.35,49.95,12002337.0,75185392.0
2013-01-22,50.84,50.84,50.35,50.11,12113056.0,75942816.0
2013-01-21,50.76,50.92,50.84,50.27,12849471.0,80963080.0
2013-01-18,50.84,51.0,50.68,49.95,15517578.0,97496816.0
2013-01-17,50.92,51.24,50.52,50.27,9695642.0,60973636.0
2013-01-16,51.72,51.88,50.84,50.11,17190500.0,109142560.0
2013-01-15,51.24,52.12,51.88,51.0,17104492.0,109853408.0
2013-01-14,49.15,51.08,51.0,49.15,17631302.0,110476784.0
2013-01-11,51.0,51.4,49.39,49.15,16209548.0,101322904.0
2013-01-10,51.16,51.72,51.16,50.92,11606367.0,74033928.0
2013-01-09,51.64,51.8,51.24,51.0,13869154.0,88481704.0
2013-01-08,52.28,52.77,51.64,51.32,14528378.0,93517672.0
2013-01-07,51.72,52.45,52.12,51.56,10404286.0,67309128.0
2013-01-04,52.45,53.33,51.8,51.32,17240436.0,111930216.0
2012-12-31,51.96,52.45,51.96,51.72,13336876.0,86356632.0
2012-12-28,51.48,51.88,51.72,51.32,11515574.0,73879800.0
2012-12-27,51.64,52.45,51.8,51.08,21478420.0,138481168.0
2012-12-26,51.08,52.28,51.64,50.84,15704685.0,100559680.0
2012-12-25,50.11,51.24,51.0,49.31,22804030.0,142944192.0
2012-12-24,50.27,50.92,50.03,49.95,7179758.0,44953588.0
2012-12-21,49.95,51.56,50.35,49.95,12629724.0,79645624.0
2012-12-20,50.11,50.43,50.27,49.39,10606396.0,65812408.0
2012-12-19,50.52,50.84,50.11,49.79,7823686.0,48764212.0
2012-12-18,50.27,51.16,50.19,49.71,13688419.0,86067992.0
2012-12-17,49.23,51.8,50.11,49.07,29671340.0,186980688.0
2012-12-14,46.41,49.39,49.07,46.41,17664020.0,106693256.0
2012-12-13,47.54,47.86,46.57,46.57,7529955.0,44154272.0
2012-12-12,47.86,48.66,47.86,47.38,8132179.0,48540888.0
2012-12-11,48.1,48.59,47.94,47.62,10415812.0,62388880.0
2012-12-10,47.62,48.5,48.18,46.9,15009700.0,89436792.0
2012-12-07,45.13,47.62,47.3,44.72,20171562.0,117439920.0
2012-12-06,45.13,45.77,45.05,44.8,10025032.0,56477252.0
2012-12-05,43.28,45.21,44.88,43.28,10734268.0,59424284.0
2012-12-04,42.71,43.28,43.03,42.47,3775782.0,20089868.0
2012-12-03,43.6,43.76,42.63,42.63,3105584.0,16728103.0
2012-11-30,43.44,43.84,43.68,43.36,3344256.0,18134308.0
2012-11-29,43.12,43.44,43.36,43.03,2910503.0,15660310.0
2012-11-28,43.44,43.84,43.12,43.03,3537987.0,19013338.0
2012-11-27,44.72,44.88,43.84,43.76,5054040.0,27786208.0
2012-11-26,44.88,45.05,44.72,44.72,2181360.0,12164392.0
2012-11-23,44.88,45.05,44.72,44.64,2694364.0,15026863.0
2012-11-22,45.13,45.13,44.64,44.64,3075470.0,17139654.0
2012-11-21,44.72,45.37,45.37,44.4,3313324.0,18511488.0
2012-11-20,45.05,45.29,44.72,44.72,2673688.0,14960262.0
2012-11-19,45.05,45.13,44.88,44.64,3237337.0,18039598.0
2012-11-16,45.45,45.53,45.21,44.72,3907353.0,21862944.0
2012-11-15,46.25,46.49,45.45,45.21,3082368.0,17623286.0
2012-11-14,46.17,46.57,46.41,45.93,3145927.0,18096402.0
2012-11-13,46.9,46.98,46.09,46.01,3896818.0,22505582.0
2012-11-12,46.73,47.22,46.9,46.73,2572396.0,15029465.0
2012-11-09,46.73,46.98,46.73,46.57,2912388.0,16941176.0
2012-11-08,47.3,47.3,46.81,46.73,4235820.0,24723196.0
2012-11-07,47.3,47.62,47.46,47.14,3137315.0,18462296.0
2012-11-06,47.86,47.86,47.22,46.81,6321516.0,37093276.0
2012-11-05,47.7,48.1,47.86,47.62,4176385.0,24839426.0
2012-11-02,47.86,48.18,47.7,47.54,5470582.0,32513206.0
2012-11-01,47.06,48.1,47.7,46.9,7095111.0,42036176.0
2012-10-31,47.3,47.3,47.06,46.65,6034130.0,35167392.0
2012-10-30,46.98,47.62,47.22,46.9,3142664.0,18446424.0
2012-10-29,47.46,47.54,46.98,46.81,5968641.0,34962320.0
2012-10-26,49.07,49.23,47.54,47.54,10327985.0,61804736.0
2012-10-25,49.15,50.59,49.31,48.99,14292298.0,88673800.0
2012-10-24,49.31,49.95,49.23,49.07,8161221.0,50083480.0
2012-10-23,49.95,50.52,49.87,49.79,5974443.0,37228856.0
2012-10-22,49.87,50.03,50.03,49.55,3748236.0,23207406.0
2012-10-19,49.47,50.43,50.03,49.31,10095053.0,62881788.0
2012-10-18,49.31,49.71,49.47,49.07,7260635.0,44604324.0
2012-10-17,48.91,49.39,49.07,48.5,7586335.0,46139068.0
2012-10-16,48.66,48.99,48.5,48.34,3537713.0,21412390.0
2012-10-15,48.83,48.99,48.58,48.26,3039663.0,18349842.0
2012-10-12,48.99,49.31,48.83,48.34,3985435.0,24185088.0
2012-10-11,49.47,49.47,48.74,48.66,5308698.0,32346682.0
2012-10-10,49.15,49.95,49.55,48.99,6671163.0,41035352.0
2012-10-09,48.66,49.55,49.31,48.26,8156814.0,49839368.0
2012-10-08,49.07,49.07,48.18,47.94,4046061.0,24367106.0
2012-09-28,47.7,49.15,48.99,47.54,6584705.0,39628120.0
2012-09-27,47.3,48.42,48.18,46.9,6036429.0,35893908.0
2012-09-26,46.81,47.3,46.73,46.57,4030650.0,23550178.0
2012-09-25,47.22,47.3,46.98,46.73,2376022.0,13889791.0
2012-09-24,46.73,47.7,47.38,46.25,4856408.0,28323016.0
2012-09-21,46.98,47.78,47.06,46.65,4524797.0,26506894.0
2012-09-20,48.26,48.26,47.06,46.98,5490659.0,32457454.0
2012-09-19,48.42,48.58,48.34,47.94,4065241.0,24375512.0
2012-09-18,48.91,49.47,48.18,48.02,4797751.0,28910058.0
2012-09-17,50.35,50.52,48.99,48.91,6053881.0,37478368.0
2012-09-14,50.92,51.24,50.35,49.79,8260601.0,51779128.0
2012-09-13,50.92,51.64,50.52,50.52,8494867.0,53942760.0
2012-09-12,50.27,51.8,51.0,50.19,12496734.0,79173648.0
2012-09-11,50.03,50.03,49.95,49.55,5200821.0,32186154.0
2012-09-10,49.95,50.92,50.35,49.87,11940931.0,74778200.0
2012-09-07,47.54,50.35,49.95,47.54,16893550.0,103878088.0
2012-09-06,46.98,47.46,47.38,46.81,3447857.0,20237420.0
2012-09-05,47.3,47.54,46.81,46.49,6521672.0,38083808.0
2012-09-04,48.18,48.34,47.46,47.22,4256656.0,25270316.0
2012-09-03,47.86,48.34,48.1,47.7,4923322.0,29438024.0
2012-08-31,48.26,48.5,47.86,47.7,5097206.0,30379120.0
2012-08-30,48.66,48.83,48.34,47.94,4974743.0,29940636.0
2012-08-29,48.58,48.91,48.5,48.34,3672508.0,22180470.0
2012-08-28,48.83,49.47,48.91,48.74,5408225.0,32934760.0
2012-08-27,49.87,49.87,48.58,48.5,5543571.0,33837312.0
2012-08-24,50.52,50.52,49.95,49.79,3741556.0,23280572.0
2012-08-23,50.27,50.76,50.59,50.19,4109078.0,25792002.0
2012-08-22,50.43,50.43,50.19,49.95,3733628.0,23291360.0
2012-08-21,50.11,50.76,50.43,49.95,5553546.0,34826236.0
2012-08-20,50.19,50.19,49.71,49.39,5649000.0,34880884.0
2012-08-17,50.43,50.68,50.35,50.03,5838465.0,36495628.0
2012-08-16,50.68,51.08,50.52,50.43,5917634.0,37399404.0
2012-08-15,50.92,51.24,50.76,50.68,5420342.0,34347596.0
2012-08-14,50.52,51.32,51.32,50.03,7133153.0,44963064.0
2012-08-13,51.48,51.48,50.59,50.59,6318518.0,40017124.0
2012-08-10,51.64,51.96,51.64,51.32,9108034.0,58426864.0
2012-08-09,51.4,51.56,51.56,50.92,9822066.0,62525404.0
2012-08-08,52.04,52.12,51.4,51.08,9190499.0,58759876.0
2012-08-07,51.88,52.37,51.96,51.64,8629390.0,55703844.0
2012-08-06,51.4,52.28,51.8,51.16,7276158.0,46898160.0
2012-08-03,51.32,51.56,51.48,50.92,3222268.0,20564210.0
2012-08-02,50.92,52.28,51.16,50.92,8378375.0,53726800.0
2012-08-01,50.03,51.4,51.16,50.03,8058154.0,51044272.0
2012-07-31,50.35,50.68,50.35,49.95,5709507.0,35680004.0
2012-07-30,52.12,52.2,50.19,50.19,13746545.0,87351480.0
2012-07-27,52.69,52.93,52.45,52.12,5523117.0,36002440.0
2012-07-26,53.49,53.89,52.53,52.37,9020706.0,59347232.0
2012-07-25,54.7,55.18,53.73,53.49,9322399.0,63001960.0
2012-07-24,53.81,54.94,54.54,53.81,9884376.0,66966112.0
2012-07-23,53.49,54.3,54.3,53.41,9548346.0,64012520.0
2012-07-20,54.05,54.22,53.17,52.85,6628069.0,43907420.0
2012-07-19,54.05,54.46,54.22,53.57,7773345.0,52285304.0
2012-07-18,53.57,54.54,54.05,53.25,5327757.0,35724972.0
2012-07-17,52.93,53.65,53.49,52.93,2862774.0,18987032.0
2012-07-16,54.54,54.62,52.85,52.77,5154231.0,34362564.0
2012-07-13,54.05,54.94,54.3,54.05,6336768.0,42944340.0
2012-07-12,53.17,54.22,53.73,53.09,7021090.0,46864936.0
2012-07-11,52.45,53.65,53.49,52.45,5001060.0,33103610.0
2012-07-10,52.28,53.17,52.45,51.88,3502339.0,22924756.0
2012-07-09,53.65,53.97,52.37,52.28,5495299.0,36274100.0
2012-07-06,53.73,54.22,54.13,52.28,6913453.0,45807104.0
2012-07-05,54.13,54.22,53.49,52.77,6220526.0,41142656.0
2012-07-04,54.3,54.62,54.3,53.73,4617002.0,31134090.0
2012-07-03,54.13,54.7,54.3,53.89,4128765.0,27882438.0
2012-07-02,54.38,54.78,54.13,53.73,6706695.0,45227144.0
2012-06-29,53.41,53.89,53.81,52.77,5806071.0,38497564.0
2012-06-28,53.89,54.05,53.81,53.09,4846709.0,32227986.0
2012-06-27,53.89,54.13,53.89,53.25,5552609.0,37170408.0
2012-06-26,53.89,54.13,53.73,52.93,6106841.0,40725456.0
2012-06-25,56.31,56.31,53.73,53.73,10217276.0,69621400.0
2012-06-21,56.71,57.11,56.39,56.31,6910374.0,48684152.0
2012-06-20,56.95,57.19,56.71,56.63,5371143.0,38008228.0
2012-06-19,57.43,57.43,56.87,56.79,5328163.0,37821204.0
2012-06-18,57.43,57.67,57.59,57.03,7366641.0,52599092.0
2012-06-15,57.19,57.35,57.03,56.47,7889291.0,55794316.0
2012-06-14,57.35,57.75,56.87,56.87,7361897.0,52356896.0
2012-06-13,56.63,57.84,57.35,56.63,9527061.0,67882584.0
2012-06-12,57.27,57.27,56.47,56.47,8300973.0,58676492.0
2012-06-11,57.84,58.16,57.59,56.39,11189869.0,79833568.0
2012-06-08,60.41,60.41,57.91,57.91,19861616.0,145427200.0
2012-06-07,60.17,61.68,60.7,59.87,26055416.0,209886544.0
2012-06-05,59.04,59.57,59.49,58.82,9286560.0,73191944.0
2012-06-04,59.12,59.72,58.74,58.52,13282729.0,104372920.0
2012-06-01,59.87,60.32,59.87,59.42,10656665.0,84952072.0
2012-05-31,59.19,60.7,60.02,59.12,21040168.0,168038144.0
2012-05-30,58.89,59.12,59.12,58.44,11549646.0,90343912.0
2012-05-29,58.67,59.72,58.89,58.07,21573462.0,169514000.0
2012-05-28,56.19,58.89,58.52,55.66,23070240.0,177202896.0
2012-05-25,57.54,57.77,56.26,55.96,13445456.0,101516064.0
2012-05-24,57.69,58.14,57.54,57.39,9482330.0,72798112.0
2012-05-23,58.67,58.67,57.69,57.16,16845532.0,129468736.0
2012-05-22,58.29,58.97,58.52,58.07,16413944.0,127699256.0
2012-05-21,57.09,59.04,58.44,57.09,22780178.0,176721888.0
2012-05-18,58.29,58.37,57.16,56.56,27044148.0,207005200.0
2012-05-17,62.43,62.43,59.27,58.44,69634368.0,553320448.0
2012-05-16,63.71,64.61,63.33,63.26,17720948.0,150282960.0
2012-05-15,62.88,65.06,63.93,62.65,31084736.0,264541648.0
2012-05-14,62.28,64.68,63.71,61.75,36505808.0,307070720.0
2012-05-11,62.28,62.5,61.75,61.68,11408929.0,94081744.0
2012-05-10,61.83,62.43,62.2,61.6,11235832.0,92654608.0
2012-05-09,62.35,62.35,61.83,61.45,17795584.0,146195904.0
2012-05-08,63.56,63.78,62.65,62.28,22826076.0,190455136.0
2012-05-07,61.6,63.56,63.56,61.38,27679716.0,230733088.0
2012-05-04,61.07,61.9,61.83,61.07,16729576.0,136771904.0
2012-05-03,61.38,61.6,61.15,60.85,15547239.0,126415496.0
2012-05-02,60.02,61.9,61.3,59.87,24560940.0,198860576.0
2012-04-27,59.65,59.95,59.19,59.04,13966214.0,110212256.0
2012-04-26,60.47,60.55,59.65,59.34,14186435.0,112793704.0
2012-04-25,60.25,60.77,60.4,59.65,14119455.0,112901112.0
2012-04-24,60.85,61.38,60.47,58.89,17422852.0,139213200.0
2012-04-23,60.4,61.38,61.07,60.25,16341418.0,132201384.0
2012-04-20,60.62,60.85,60.62,59.72,21391012.0,171429200.0
2012-04-19,61.3,61.3,60.62,60.32,11875231.0,95859960.0
2012-04-18,59.8,61.15,61.07,59.49,22525836.0,181283600.0
2012-04-16,59.42,60.32,60.02,58.89,12787714.0,101401152.0
2012-04-13,59.87,60.55,59.65,59.12,20214364.0,160789856.0
2012-04-12,58.44,59.87,59.65,58.29,19603780.0,154265152.0
2012-04-11,58.07,59.04,58.52,57.61,14684112.0,113783624.0
2012-04-10,58.67,59.04,58.97,56.64,17405746.0,133507240.0
2012-04-09,58.59,59.72,58.89,57.91,16421724.0,128911880.0
2012-04-06,57.84,58.97,58.59,57.54,13438226.0,104242792.0
2012-04-05,56.19,57.91,57.84,55.58,14847151.0,112437472.0
2012-03-30,57.91,58.07,56.19,55.81,14506614.0,110035512.0
2012-03-29,57.31,58.37,57.84,56.79,14126030.0,108356704.0
2012-03-28,58.74,59.27,57.84,57.16,19412710.0,150264240.0
2012-03-27,58.74,60.02,59.19,58.74,14988179.0,118341768.0
2012-03-26,59.42,59.87,58.74,58.37,15023381.0,117575928.0
2012-03-23,58.89,60.77,59.42,58.52,30707604.0,244012800.0
2012-03-22,58.67,59.19,59.19,57.91,23280888.0,181178384.0
2012-03-21,58.74,59.19,58.37,57.24,25942676.0,201678960.0
2012-03-20,57.84,59.27,58.59,57.54,54660384.0,423665760.0
2012-03-19,56.49,57.01,57.01,56.11,13765851.0,103845224.0
2012-03-16,55.21,56.34,56.34,55.06,11744321.0,87157488.0
2012-03-15,56.71,56.94,55.28,54.91,18077108.0,133945792.0
2012-03-14,58.14,58.97,56.41,55.88,34860160.0,265911664.0
2012-03-13,57.84,57.99,57.84,57.09,11600398.0,88870720.0
2012-03-12,57.54,58.37,57.61,57.16,20504796.0,157362384.0
2012-03-09,55.66,57.31,57.16,55.58,21671610.0,163187392.0
2012-03-08,55.51,55.88,55.58,54.91,13172832.0,97017144.0
2012-03-07,54.23,55.73,54.68,53.85,12620081.0,91988032.0
2012-03-06,55.88,56.19,54.83,54.38,15685454.0,114669736.0
2012-03-05,56.86,57.16,55.96,55.96,18165140.0,136269776.0
2012-03-02,55.43,56.71,56.64,55.43,14301588.0,107049960.0
2012-03-01,54.98,55.66,55.28,54.91,9286958.0,68290664.0
2012-02-29,56.79,56.86,55.21,54.91,18906736.0,140442496.0
2012-02-28,55.73,57.39,56.79,55.36,22971302.0,171419936.0
2012-02-27,55.73,57.46,56.03,55.51,28824112.0,216337072.0
2012-02-24,55.06,55.81,55.73,54.38,23815568.0,174565088.0
2012-02-23,54.3,55.36,55.13,54.23,29833784.0,218210592.0
2012-02-22,53.33,54.08,54.08,53.1,14901923.0,106400160.0
2012-02-21,53.18,53.4,53.33,52.5,13825010.0,97308688.0
2012-02-20,54.0,54.15,53.25,53.18,11277196.0,80428680.0
2012-02-17,53.85,53.93,53.4,52.95,6784684.0,48184540.0
2012-02-16,53.85,54.23,53.48,52.95,13910332.0,99128000.0
2012-02-15,53.03,54.38,54.08,52.8,18352698.0,131079096.0
2012-02-14,53.4,53.48,53.1,52.8,7838531.0,55337376.0
2012-02-13,53.1,53.93,53.33,52.58,18328044.0,129433088.0
2012-02-10,53.48,54.91,53.7,53.25,19025874.0,136836784.0
2012-02-09,52.12,54.0,53.48,51.9,23085232.0,163892352.0
2012-02-08,50.54,52.35,52.35,50.39,12506847.0,85995368.0
2012-02-07,51.52,51.6,50.54,50.39,6063782.0,40997092.0
2012-02-06,51.75,52.2,51.75,51.37,7174058.0,49309684.0
2012-02-03,50.84,51.97,51.67,50.62,11817530.0,80598776.0
2012-02-02,50.24,50.92,50.92,50.24,8990294.0,60411304.0
2012-02-01,50.84,51.15,50.17,50.02,10080326.0,67652400.0
2012-01-31,52.12,52.42,50.99,50.32,13452577.0,90974056.0
2012-01-30,53.1,53.18,52.2,52.12,9325350.0,65101520.0
2012-01-20,52.8,53.18,52.95,51.82,14287024.0,99785408.0
2012-01-19,51.82,52.95,52.42,51.45,12329759.0,85521072.0
2012-01-18,52.58,53.33,51.45,51.15,12140080.0,84432472.0
2012-01-17,49.64,52.95,52.58,49.49,13596566.0,93324352.0
2012-01-16,49.49,50.77,49.49,49.34,6849185.0,45570668.0
2012-01-13,51.52,51.97,49.87,49.49,8733796.0,58678332.0
2012-01-12,51.75,52.35,51.52,51.22,8604533.0,59126152.0
2012-01-11,52.12,52.88,51.97,51.22,14762790.0,102388448.0
2012-01-10,48.97,53.1,52.12,48.66,23677992.0,160733536.0
2012-01-09,47.23,49.04,48.97,46.71,13586156.0,87080248.0
2012-01-06,46.56,47.16,47.16,46.18,5087376.0,31532512.0
2012-01-05,47.01,47.54,46.56,46.48,5472026.0,34184748.0
2012-01-04,48.59,48.81,47.23,47.16,5753072.0,36637412.0
