date,open,high,close,low,volume,amount
2015-04-09,180.97,196.41,193.47,174.74,22949128.0,831058176.0
2015-04-08,187.35,188.28,181.69,179.12,18123724.0,647857472.0
2015-04-07,177.57,186.58,186.42,173.45,22387266.0,785496640.0
2015-04-03,165.58,175.2,175.0,163.52,25386300.0,839533248.0
2015-04-02,165.99,166.87,166.4,163.67,14445109.0,463241472.0
2015-04-01,163.42,165.73,164.96,161.15,13403411.0,425146400.0
2015-03-31,170.11,171.55,163.42,162.75,16617445.0,533924256.0
2015-03-30,164.14,168.82,166.87,164.03,12749269.0,412983840.0
2015-03-27,164.7,165.27,163.52,161.46,7959550.0,252423632.0
2015-03-26,164.09,172.22,165.27,161.62,17925936.0,582065024.0
2015-03-25,164.09,165.01,163.83,159.66,14349878.0,451633248.0
2015-03-24,166.66,166.66,163.67,158.94,17375770.0,550212864.0
2015-03-23,157.75,169.8,166.25,154.92,19970616.0,621075584.0
2015-03-20,159.56,163.21,155.18,153.95,26501694.0,811957248.0
2015-03-19,151.48,156.73,152.87,149.78,11567188.0,345050944.0
2015-03-18,152.35,152.97,151.99,148.59,10007017.0,292888576.0
2015-03-17,147.15,155.13,153.9,145.61,18929952.0,551661824.0
2015-03-16,132.02,146.64,146.64,129.96,25277560.0,694381312.0
2015-03-13,133.56,135.88,133.31,132.17,6209729.0,161319296.0
2015-03-12,133.05,134.65,133.31,131.76,5883264.0,151966368.0
2015-03-11,134.34,135.88,133.05,132.33,7551242.0,196274976.0
2015-03-10,132.69,136.34,134.49,130.43,15313788.0,399243520.0
2015-03-09,126.1,133.82,132.84,125.79,17614724.0,447385984.0
2015-03-06,127.54,128.93,125.48,124.61,7684718.0,188865216.0
2015-03-05,131.15,131.15,127.54,126.87,9720969.0,241815104.0
2015-03-04,128.21,132.28,131.5,128.21,13488105.0,341678112.0
2015-03-03,124.45,129.96,128.21,123.58,16770371.0,416140800.0
2015-03-02,124.35,125.33,124.56,123.32,9780181.0,235802368.0
2015-02-27,124.04,124.81,123.63,122.6,6874161.0,165371648.0
2015-02-26,125.53,125.59,124.3,122.29,8245930.0,197782992.0
2015-02-25,120.44,125.28,125.23,120.18,12070579.0,288760992.0
2015-02-17,119.67,121.78,119.36,119.1,10564603.0,246515632.0
2015-02-16,126.0,126.05,120.95,117.25,21856828.0,514373824.0
2015-02-13,130.78,133.62,129.96,129.65,7175532.0,182116432.0
2015-02-12,130.53,132.02,131.35,127.13,6357969.0,159677712.0
2015-02-11,131.5,133.77,131.5,130.22,6465250.0,165274112.0
2015-02-10,128.42,131.4,130.63,123.58,9742937.0,241933440.0
2015-02-09,143.65,143.65,130.58,123.53,20051632.0,524941728.0
2015-02-06,123.78,135.0,130.58,123.78,8441802.0,213889440.0
2015-02-05,127.8,129.7,125.07,125.07,2924607.0,72307432.0
2015-02-04,129.09,129.09,126.1,125.48,3037519.0,75155176.0
2015-02-03,127.8,129.81,129.09,126.67,3360115.0,83665096.0
2015-02-02,126.62,129.03,127.13,126.62,3207270.0,79419624.0
2015-01-30,130.12,131.71,129.24,129.19,3547680.0,89901840.0
2015-01-29,132.38,133.82,130.06,129.7,4930025.0,125489264.0
2015-01-28,135.62,136.45,133.46,132.28,4597339.0,120166064.0
2015-01-27,136.19,137.48,137.37,132.07,7054131.0,184729984.0
2015-01-26,129.19,135.16,135.16,128.21,6054555.0,156245952.0
2015-01-23,131.15,131.76,130.12,128.67,3936234.0,99568216.0
2015-01-22,129.19,132.9,131.3,129.19,4938423.0,126211920.0
2015-01-21,125.17,131.45,130.99,124.45,10826067.0,272699872.0
2015-01-20,119.72,126.2,125.38,117.35,10147361.0,242868992.0
2015-01-19,123.42,125.89,116.32,112.77,10444107.0,242750080.0
2015-01-16,126.56,128.62,125.23,123.53,4645663.0,114000280.0
2015-01-15,124.09,128.11,126.36,122.24,6030479.0,145700256.0
2015-01-14,126.62,127.59,125.07,123.58,3588939.0,87754592.0
2015-01-13,124.56,127.08,125.84,123.78,4108288.0,100107344.0
2015-01-12,128.73,129.29,125.33,121.98,7335028.0,177727632.0
2015-01-09,130.01,133.51,129.45,129.19,4514824.0,115786616.0
2015-01-08,133.2,134.34,130.68,130.22,4212337.0,108444880.0
2015-01-07,136.91,136.91,134.23,132.28,6394744.0,166422960.0
2015-01-06,134.8,137.12,137.12,133.82,6868717.0,180479408.0
2015-01-05,130.12,139.48,136.81,127.39,13310547.0,350558432.0
2014-12-31,126.72,131.04,130.12,123.53,8785990.0,219092176.0
2014-12-30,128.93,129.09,127.64,126.46,4978055.0,123653352.0
2014-12-29,131.25,131.25,129.19,124.92,5348139.0,133048488.0
2014-12-26,128.16,131.25,129.86,127.28,5206510.0,130296952.0
2014-12-25,122.39,129.09,128.62,122.39,6926577.0,170382928.0
2014-12-24,122.5,124.81,123.12,120.95,3646493.0,86936608.0
2014-12-23,123.01,129.7,122.91,118.53,6910858.0,166938096.0
2014-12-22,127.44,132.12,124.5,124.5,10489234.0,262269920.0
2014-12-19,125.28,128.06,126.77,121.47,7063337.0,171842592.0
2014-12-18,125.33,128.93,125.43,123.78,6482620.0,159271408.0
2014-12-17,128.52,129.19,125.59,123.01,6964750.0,170102896.0
2014-12-16,128.93,131.25,128.37,126.72,6682403.0,166929520.0
2014-12-15,130.78,130.78,128.93,126.1,8127291.0,203082336.0
2014-12-12,133.41,133.56,131.61,126.1,11085893.0,278872224.0
2014-12-11,123.01,133.41,133.41,123.01,17815600.0,446808256.0
2014-12-10,113.28,121.62,121.62,112.41,14224802.0,325521056.0
2014-12-09,108.09,118.89,113.23,108.03,23992232.0,535495392.0
2014-12-08,109.63,110.25,108.09,106.18,9058558.0,189683680.0
2014-12-05,114.06,114.16,110.4,105.51,9607626.0,202900032.0
2014-12-04,112.98,113.95,113.08,111.02,6110719.0,133194336.0
2014-12-03,113.28,118.28,112.62,111.69,7840696.0,173702944.0
2014-12-02,108.34,116.27,114.26,107.11,7168785.0,155168816.0
2014-12-01,108.19,112.2,109.53,106.64,7244080.0,152904144.0
2014-11-28,110.66,113.59,112.26,110.25,7534275.0,163618752.0
2014-11-27,111.84,112.1,110.4,108.86,5559824.0,118577152.0
2014-11-26,107.57,112.1,111.33,106.54,10973587.0,236289216.0
2014-11-25,107.78,109.17,107.83,105.87,7066269.0,147363856.0
2014-11-24,104.23,107.88,107.88,102.42,12861469.0,264262224.0
2014-11-21,102.32,103.2,102.48,101.24,4747611.0,94246968.0
2014-11-20,105.51,106.9,102.48,100.88,8082963.0,160672256.0
2014-11-19,106.44,108.81,105.51,105.41,4628913.0,96422504.0
2014-11-18,104.02,106.49,106.28,103.56,3753995.0,77275976.0
2014-11-17,105.2,107.37,105.56,104.74,4201104.0,86479120.0
2014-11-14,107.78,108.34,106.03,104.48,6448726.0,132573312.0
2014-11-13,109.12,110.87,108.6,105.62,10504284.0,222462640.0
2014-11-12,104.48,109.01,108.55,102.32,9183737.0,189981040.0
2014-11-11,106.95,106.95,104.79,102.17,8951087.0,181123808.0
2014-11-10,100.93,108.09,106.03,100.93,11882737.0,243247792.0
2014-11-07,98.92,102.94,100.88,98.92,14849343.0,291824544.0
2014-11-06,98.67,99.28,98.92,96.76,4887001.0,93351200.0
2014-11-05,99.34,99.34,98.67,97.28,4170433.0,79577616.0
2014-11-04,97.28,100.31,98.72,96.76,8356495.0,160835184.0
2014-11-03,97.17,97.74,97.23,96.61,4026773.0,75898616.0
2014-10-31,98.2,99.08,97.38,96.51,5056420.0,95525168.0
2014-10-30,97.12,99.95,98.1,97.02,9080000.0,174481904.0
2014-10-29,96.76,97.84,97.17,95.73,5570813.0,104971232.0
2014-10-28,93.67,96.56,96.51,92.85,4617882.0,85458816.0
2014-10-27,92.7,94.09,93.42,91.1,2196626.0,39695588.0
2014-10-24,93.42,94.19,93.06,92.23,2878284.0,52075084.0
2014-10-23,95.63,96.25,93.37,93.26,3366698.0,61775292.0
2014-10-22,97.02,97.23,96.15,95.48,2482715.0,46483672.0
2014-10-21,97.07,97.74,96.25,94.91,3279523.0,61361776.0
2014-10-20,97.07,97.74,97.07,96.4,3535831.0,66723816.0
2014-10-17,94.09,98.05,97.07,92.8,8879225.0,164304672.0
2014-10-16,96.2,97.02,94.6,94.5,4538388.0,84521672.0
2014-10-15,96.3,97.95,96.87,96.2,4678330.0,88384912.0
2014-10-14,95.63,97.02,96.45,95.22,6133082.0,114537536.0
2014-10-13,96.4,96.56,95.27,94.76,4672499.0,86613240.0
2014-10-10,96.76,97.69,96.71,95.48,6689197.0,125078312.0
2014-10-09,98.72,99.65,97.64,96.61,7274420.0,138137712.0
2014-10-08,98.56,99.54,98.92,98.1,5900966.0,113150160.0
2014-09-30,97.74,99.54,98.31,97.33,7630468.0,145965632.0
2014-09-29,98.56,98.72,97.69,96.04,9125673.0,171932048.0
2014-09-26,96.97,98.82,97.74,96.3,6074503.0,115260016.0
2014-09-25,96.81,98.51,97.59,96.09,10075769.0,190634064.0
2014-09-24,95.58,97.54,96.87,95.22,10517988.0,197324832.0
2014-09-23,91.1,96.81,96.51,90.95,17170944.0,315164672.0
2014-09-22,92.08,92.08,91.36,90.12,9976876.0,176755488.0
2014-09-19,92.9,92.95,92.13,90.48,10511587.0,187551728.0
2014-09-18,89.81,91.41,91.36,88.94,8932654.0,156794464.0
2014-09-17,88.94,90.59,90.02,88.01,8730642.0,151517600.0
2014-09-16,91.92,93.42,88.89,88.63,15584118.0,274426944.0
2014-09-15,92.65,94.45,92.03,90.84,13410787.0,240004080.0
2014-09-12,90.28,92.39,92.18,89.45,7228838.0,127862192.0
2014-09-11,92.54,93.16,90.9,88.94,11214192.0,198046576.0
2014-09-10,92.9,93.16,92.44,91.15,6870370.0,122681968.0
2014-09-09,90.28,93.31,92.95,90.28,10675287.0,191164080.0
2014-09-05,89.56,90.64,90.07,88.68,6936290.0,120957456.0
2014-09-04,86.73,90.07,89.51,86.06,11090461.0,191646928.0
2014-09-03,88.53,88.53,86.73,85.95,7680535.0,129591568.0
2014-09-02,86.01,87.76,87.24,85.34,11307807.0,190473968.0
2014-09-01,83.79,86.21,85.95,82.97,9198497.0,152207056.0
2014-08-29,82.87,83.43,83.43,81.37,4153935.0,66725992.0
2014-08-28,83.84,84.15,82.3,82.15,4864380.0,78189528.0
2014-08-27,83.43,84.36,83.74,82.35,7703627.0,124907472.0
2014-08-26,84.51,85.18,83.64,82.61,10407068.0,170190496.0
2014-08-25,82.76,85.18,84.82,82.51,16134413.0,263786784.0
2014-08-22,80.76,83.12,82.92,79.88,11500354.0,182784096.0
2014-08-21,80.81,81.37,81.06,79.16,12135996.0,189250768.0
2014-08-20,82.2,82.56,81.63,81.12,10526670.0,167368992.0
2014-08-19,80.19,81.84,81.43,79.88,10068181.0,158569696.0
2014-08-18,79.31,79.98,79.88,79.06,7712525.0,119125928.0
2014-08-15,79.26,79.47,79.21,78.18,6302865.0,96501384.0
2014-08-14,80.29,80.34,79.01,78.8,7137441.0,110163312.0
2014-08-13,81.32,81.32,80.34,79.73,3994098.0,62323120.0
2014-08-12,80.45,82.15,81.12,80.34,6743085.0,106576312.0
2014-08-11,79.62,81.01,80.4,79.31,4748327.0,74060264.0
2014-08-08,79.37,80.19,79.26,79.06,3973431.0,61445716.0
2014-08-07,80.29,80.55,78.85,78.75,6440729.0,99641088.0
2014-08-06,80.4,80.76,80.45,79.57,5632601.0,87580360.0
2014-08-05,80.24,80.91,80.5,79.26,7295068.0,113476176.0
2014-08-04,77.56,80.24,80.14,77.56,8665169.0,133343408.0
2014-08-01,77.98,79.06,77.51,77.41,6185298.0,93733032.0
2014-07-31,77.72,78.49,78.13,77.1,5433272.0,81997696.0
2014-07-30,79.62,80.14,77.82,76.95,9664945.0,147036608.0
2014-07-29,79.06,80.6,79.57,78.75,6367864.0,98542432.0
2014-07-28,79.06,79.78,79.16,78.13,9570960.0,146863808.0
2014-07-25,79.26,79.62,78.95,78.13,5792645.0,88594320.0
2014-07-24,77.72,79.93,79.42,77.31,9640006.0,147489616.0
2014-07-23,77.62,78.95,77.72,76.69,6068138.0,91637936.0
2014-07-22,76.69,78.34,77.62,76.69,6205118.0,93415952.0
2014-07-21,77.2,79.06,77.36,75.56,7580829.0,114033480.0
2014-07-18,76.17,80.29,78.03,75.92,10800557.0,165342240.0
2014-07-17,80.29,80.29,76.74,76.28,10627103.0,159904576.0
2014-07-16,81.84,86.26,80.55,79.83,30312076.0,489888224.0
2014-07-15,77.15,80.65,79.83,75.66,10833448.0,164391936.0
2014-07-14,74.53,79.26,78.18,73.91,9941038.0,148553248.0
2014-07-11,72.78,74.37,73.86,72.78,4921466.0,70707912.0
2014-07-10,71.34,73.76,73.09,71.18,5446589.0,76831880.0
2014-07-09,72.26,72.62,71.34,71.23,3336817.0,46648660.0
2014-07-08,71.85,72.68,72.47,71.44,3644388.0,51029012.0
2014-07-07,70.67,72.01,71.9,70.56,4835744.0,66963156.0
2014-07-04,71.08,71.29,70.62,70.51,3020539.0,41537312.0
2014-07-03,71.08,71.54,71.08,70.77,3102632.0,42929700.0
2014-07-02,70.51,71.18,71.13,70.2,3644168.0,50176964.0
2014-07-01,70.77,70.98,70.46,69.95,2931823.0,40120552.0
2014-06-30,70.56,71.13,70.62,70.1,3656307.0,50158032.0
2014-06-27,70.05,70.46,70.36,69.59,2902342.0,39535056.0
2014-06-26,69.23,70.15,70.05,69.23,2193442.0,29729980.0
2014-06-25,69.64,69.64,69.33,69.07,1452954.0,19539752.0
2014-06-24,69.64,69.9,69.64,69.07,1959492.0,26450902.0
2014-06-23,70.0,70.2,69.48,69.38,1859594.0,25186050.0
2014-06-20,69.48,70.0,69.59,69.18,1303563.0,17615528.0
2014-06-19,70.56,71.44,69.38,69.02,2275328.0,31005630.0
2014-06-18,71.85,72.52,70.72,70.51,3458051.0,47845840.0
2014-06-17,73.24,73.5,72.11,71.95,2448552.0,34513076.0
2014-06-16,71.8,73.7,73.24,71.8,4448516.0,63088552.0
2014-06-13,71.75,72.62,71.9,71.18,3457965.0,48399984.0
2014-06-12,72.57,72.57,71.49,71.34,2765374.0,38495344.0
2014-06-11,72.14,72.69,72.54,71.79,3689544.0,53428104.0
2014-06-10,71.34,71.99,71.94,70.89,2458488.0,35225856.0
2014-06-09,70.79,71.64,71.09,70.74,2523315.0,35980948.0
2014-06-06,71.04,71.29,70.64,70.39,2818212.0,39958952.0
2014-06-05,70.84,71.59,71.34,70.59,2089065.0,29694588.0
2014-06-04,71.89,71.99,70.54,70.29,3149923.0,44803500.0
2014-06-03,72.14,72.64,71.89,71.89,1778841.0,25726758.0
2014-05-30,71.99,72.44,72.14,71.84,1583885.0,22892566.0
2014-05-29,73.29,73.34,72.09,71.89,2857369.0,41540664.0
2014-05-28,72.24,73.04,73.04,71.79,3293416.0,47839632.0
2014-05-27,73.54,73.59,72.24,72.14,2818359.0,41088656.0
2014-05-26,73.89,73.99,73.44,72.79,2275912.0,33345216.0
2014-05-23,72.74,73.39,73.34,72.64,1278562.0,18676246.0
2014-05-22,73.24,73.79,72.74,72.54,2270836.0,33239300.0
2014-05-21,71.64,73.04,73.04,71.29,1982590.0,28716392.0
2014-05-20,72.49,72.89,71.64,71.39,2110589.0,30415692.0
2014-05-19,72.19,72.39,71.89,71.39,1775017.0,25514670.0
2014-05-16,72.89,72.99,72.49,71.69,1897280.0,27445134.0
2014-05-15,74.04,74.64,72.79,72.39,3003611.0,44038064.0
2014-05-14,74.84,75.14,74.54,74.34,1223857.0,18300466.0
2014-05-13,75.29,75.58,74.59,74.14,1966409.0,29443154.0
2014-05-12,74.89,75.49,75.34,74.49,2458199.0,37007136.0
2014-05-09,73.54,74.59,74.34,72.54,2593281.0,38322532.0
2014-05-08,72.04,74.19,73.54,72.04,3331828.0,49016228.0
2014-05-07,74.39,74.74,72.04,71.54,4145716.0,60578992.0
2014-05-06,75.29,75.44,74.79,74.59,2362796.0,35569760.0
2014-05-05,74.54,75.24,75.24,73.89,2466785.0,36848400.0
2014-04-30,74.89,75.29,74.79,74.49,2316762.0,34730996.0
2014-04-29,73.89,74.74,74.69,73.64,2123543.0,31577484.0
2014-04-28,73.94,74.49,74.04,72.64,2909271.0,43016240.0
2014-04-25,76.93,77.18,73.84,73.64,4402078.0,66211824.0
2014-04-24,76.88,77.78,76.83,76.58,3225740.0,49954060.0
2014-04-23,76.88,77.13,76.63,76.23,2220629.0,34064896.0
2014-04-22,77.48,77.98,76.78,75.44,4817864.0,73943304.0
2014-04-21,79.83,79.83,77.48,77.33,5346499.0,84299352.0
2014-04-18,79.93,80.88,80.48,79.53,2219270.0,35711076.0
2014-04-17,81.33,81.43,79.88,79.58,3896741.0,62660448.0
2014-04-16,80.43,81.53,80.73,79.88,2843518.0,45922088.0
2014-04-15,82.58,83.02,80.98,80.78,4990212.0,82027520.0
2014-04-14,81.53,82.87,82.58,81.28,5322059.0,87592488.0
2014-04-11,82.38,82.53,81.88,80.98,5268784.0,86280008.0
2014-04-10,83.37,83.72,82.62,82.13,8006783.0,132541744.0
2014-04-09,82.78,84.32,83.22,81.93,7865175.0,130889072.0
2014-04-08,81.88,83.12,82.22,81.13,8011391.0,131912176.0
2014-04-04,79.38,83.42,82.42,79.13,15094709.0,247750352.0
2014-04-03,79.38,81.78,79.58,79.23,13998404.0,225736624.0
2014-04-02,76.58,79.13,78.53,76.53,8006937.0,125556488.0
2014-04-01,75.89,77.28,76.93,75.24,5810627.0,88665936.0
2014-03-31,78.38,79.23,76.23,75.94,6313445.0,98375448.0
2014-03-28,78.63,80.08,78.18,76.98,8266540.0,130068144.0
2014-03-27,78.13,80.13,78.43,77.98,10610955.0,168589808.0
2014-03-26,78.93,79.33,78.13,77.38,5607272.0,87530040.0
2014-03-25,79.23,79.88,78.48,77.88,10290489.0,162290560.0
2014-03-24,75.73,80.63,79.98,75.59,17585350.0,276393600.0
2014-03-21,72.89,75.59,75.29,72.59,9293453.0,138304352.0
2014-03-20,74.29,76.78,74.09,73.89,11540640.0,174051984.0
2014-03-19,75.39,75.39,73.64,72.79,8068349.0,119116864.0
2014-03-18,74.59,76.63,75.89,74.59,7988652.0,121566728.0
2014-03-17,75.89,76.03,74.49,73.89,10974711.0,164328768.0
2014-03-06,73.44,73.59,73.29,71.89,1816718.0,26485906.0
2014-03-05,75.29,75.39,73.44,73.34,4507971.0,66853428.0
2014-03-04,73.39,75.34,75.09,73.09,5714718.0,85436256.0
2014-03-03,73.29,74.64,73.69,72.59,4522998.0,66695384.0
2014-02-28,72.79,73.49,73.24,71.59,5434422.0,78841016.0
2014-02-27,72.79,73.39,71.99,71.54,5806634.0,84209808.0
2014-02-26,72.84,74.14,72.19,71.34,9438789.0,136957408.0
2014-02-25,77.78,78.03,72.89,71.99,9687716.0,145526848.0
2014-02-24,80.78,80.88,77.73,76.83,8910317.0,139259744.0
2014-02-21,81.78,82.87,81.43,80.58,5238018.0,85716848.0
2014-02-20,83.77,84.77,81.78,81.78,8360064.0,138491200.0
2014-02-19,83.12,85.67,84.07,82.92,12533847.0,212390784.0
2014-02-18,81.98,83.22,83.22,81.58,11659226.0,192918800.0
2014-02-17,81.48,82.62,81.88,80.73,14657625.0,239602256.0
2014-02-14,76.63,78.28,77.63,76.38,5572019.0,86491096.0
2014-02-13,79.38,80.78,76.63,76.38,11983574.0,188411296.0
2014-02-12,79.13,79.53,78.88,78.13,6022120.0,95038912.0
2014-02-11,78.38,79.68,78.98,77.63,7544005.0,118978568.0
2014-02-10,76.83,78.68,78.38,76.78,5421846.0,84651544.0
2014-02-07,74.49,76.63,76.63,74.29,4056319.0,61469344.0
2014-01-30,76.33,76.38,74.54,74.04,4989499.0,74638176.0
2014-01-29,76.78,77.58,76.19,75.83,3888258.0,59666400.0
2014-01-28,76.98,77.88,76.28,76.23,4706448.0,72491216.0
2014-01-27,78.73,79.13,76.73,76.43,4043067.0,63129144.0
2014-01-24,77.43,79.53,79.38,77.43,5134405.0,81222480.0
2014-01-23,78.18,78.18,77.83,77.23,2509130.0,39060800.0
2014-01-22,74.89,77.78,77.78,74.84,4893081.0,75209008.0
2014-01-21,74.89,75.78,75.14,74.39,2546690.0,38338220.0
2014-01-20,77.13,77.13,74.39,74.14,4561685.0,68781632.0
2014-01-17,79.33,79.33,77.38,77.28,2247511.0,35112328.0
2014-01-16,80.13,80.48,79.33,79.28,1965310.0,31383286.0
2014-01-15,78.88,80.23,80.08,78.88,3402585.0,54316948.0
2014-01-14,78.18,78.83,78.83,77.68,3121337.0,48915920.0
2014-01-13,78.48,79.33,78.08,77.73,1720896.0,27014912.0
2014-01-10,80.68,80.88,78.53,78.23,3146053.0,49875112.0
2014-01-09,81.33,82.13,80.68,80.63,2530898.0,41232052.0
2014-01-08,83.02,83.57,81.23,80.73,4444093.0,72734800.0
2014-01-07,82.03,83.27,82.97,82.03,2397477.0,39734564.0
2014-01-06,85.02,85.12,81.93,81.63,4845866.0,80343824.0
2014-01-03,87.22,87.67,84.82,84.72,4808516.0,82299248.0
2014-01-02,87.32,87.37,87.02,86.32,1671143.0,29070142.0
2013-12-31,87.17,87.52,87.37,85.82,2623756.0,45703480.0
2013-12-30,88.57,88.77,87.42,87.37,2268482.0,39918356.0
2013-12-27,87.47,88.77,88.42,86.87,2474111.0,43529416.0
2013-12-26,90.36,90.51,87.47,87.12,2698835.0,47700868.0
2013-12-25,89.11,89.96,89.86,88.62,2413791.0,43189472.0
2013-12-24,88.82,89.36,89.11,88.17,2174314.0,38677512.0
2013-12-23,87.87,88.82,88.47,87.52,1472654.0,26010726.0
2013-12-20,88.62,89.61,88.37,87.42,2658673.0,46863656.0
2013-12-19,90.36,91.06,88.67,88.57,2506747.0,44944852.0
2013-12-18,90.36,91.01,90.01,89.76,2349841.0,42456236.0
2013-12-17,92.11,92.36,89.96,89.81,3358442.0,61031988.0
2013-12-16,95.61,96.2,92.06,91.91,4858554.0,91236960.0
2013-12-13,91.91,93.81,93.56,91.61,3652689.0,68091832.0
2013-12-12,92.61,93.66,92.56,91.51,2365435.0,43799776.0
2013-12-11,94.76,94.76,92.81,91.81,5463729.0,101367552.0
2013-12-10,93.81,95.26,94.86,92.91,7153503.0,135547552.0
2013-12-09,91.56,93.86,93.31,91.21,3975446.0,73749008.0
2013-12-06,93.11,94.11,91.06,90.66,5387636.0,99192192.0
2013-12-05,93.01,94.86,93.16,92.86,6227412.0,117150312.0
2013-12-04,91.11,95.36,93.21,90.91,11487729.0,216390400.0
2013-12-03,86.82,91.76,91.36,86.62,9785955.0,175936992.0
2013-12-02,86.77,88.37,86.82,85.22,4200171.0,73052120.0
2013-11-29,88.47,88.77,88.57,87.92,3433112.0,60767920.0
2013-11-28,86.62,88.67,88.67,86.42,6830649.0,120191096.0
2013-11-27,86.07,86.82,86.62,85.67,3259178.0,56375420.0
2013-11-26,86.07,86.32,85.92,85.32,2927312.0,50341644.0
2013-11-25,85.52,86.27,86.02,85.17,3112879.0,53449472.0
2013-11-22,85.32,86.02,85.67,85.02,3473277.0,59485072.0
2013-11-21,85.62,85.87,85.02,84.37,2571559.0,43797648.0
2013-11-20,85.72,86.32,85.87,85.42,2573231.0,44205244.0
2013-11-19,86.37,86.82,85.72,85.62,2917427.0,50254908.0
2013-11-18,84.62,86.37,86.37,84.27,5192771.0,88901432.0
2013-11-15,83.37,85.12,84.22,83.17,3957461.0,66959140.0
2013-11-14,81.98,83.57,83.27,81.93,3413407.0,56680812.0
2013-11-13,84.37,84.37,81.83,81.63,4189922.0,69544120.0
2013-11-12,83.92,84.97,84.42,83.87,1944444.0,32872108.0
2013-11-11,83.17,84.67,84.17,83.17,1699148.0,28614450.0
2013-11-08,83.22,84.12,83.17,82.83,1651538.0,27596892.0
2013-11-07,83.92,84.57,83.17,82.67,3272454.0,54800432.0
2013-11-06,85.77,85.77,84.27,84.12,4910836.0,83160048.0
2013-11-05,86.92,86.92,85.77,84.72,5621364.0,96316520.0
2013-11-04,86.87,87.82,87.17,86.37,2936726.0,51247728.0
2013-11-01,87.17,87.32,86.72,86.12,2372209.0,41187804.0
2013-10-31,87.62,88.57,87.22,86.12,6866293.0,120570096.0
2013-10-30,85.32,87.27,87.07,85.27,3863777.0,66884620.0
2013-10-29,85.77,87.37,85.27,83.62,3768097.0,64526752.0
2013-10-28,84.47,86.32,85.77,84.37,2071814.0,35362352.0
2013-10-25,86.12,86.62,84.77,83.87,3084329.0,52747512.0
2013-10-24,85.97,86.67,86.12,85.17,1970634.0,33934696.0
2013-10-23,87.12,88.97,85.87,85.77,3362507.0,58821716.0
2013-10-22,86.82,87.57,86.97,86.22,3592190.0,62551748.0
2013-10-21,85.02,86.62,86.52,84.77,3343927.0,57550240.0
2013-10-18,85.02,86.87,84.87,84.42,2736131.0,46585996.0
2013-10-17,85.02,87.17,84.92,84.62,4556554.0,78383376.0
2013-10-16,86.62,86.87,84.92,84.27,6665727.0,113840392.0
2013-10-15,88.47,88.87,86.92,86.27,5610207.0,97765880.0
2013-10-14,86.97,88.72,88.47,86.37,6044430.0,106126232.0
2013-10-11,86.27,87.32,86.77,85.82,4607462.0,79789568.0
2013-10-10,85.77,87.07,86.12,85.62,3919931.0,67726480.0
2013-10-09,86.77,86.82,85.87,85.52,3988173.0,68700224.0
2013-10-08,83.62,86.77,86.77,83.47,5183215.0,89026648.0
2013-09-30,83.27,84.52,83.07,82.92,3302168.0,55249356.0
2013-09-27,82.42,84.72,82.92,82.42,2576931.0,43058212.0
2013-09-26,84.77,85.37,82.47,82.47,5802816.0,97405536.0
2013-09-25,85.57,85.77,84.82,84.72,3126806.0,53239092.0
2013-09-24,87.87,87.87,85.32,84.97,5080061.0,87247232.0
2013-09-23,86.82,88.02,87.82,86.82,3872550.0,67828984.0
2013-09-18,85.42,87.32,86.77,85.42,2708907.0,46976756.0
2013-09-17,86.52,87.62,85.32,85.27,4436098.0,76748312.0
2013-09-16,89.06,89.27,87.12,86.87,4466052.0,78589256.0
2013-09-13,89.06,90.26,88.77,87.82,3489212.0,62041196.0
2013-09-12,92.31,92.31,89.06,88.57,6337505.0,113930360.0
2013-09-11,91.31,93.11,91.76,90.61,5957212.0,109644808.0
2013-09-10,90.26,91.01,90.76,89.42,3857070.0,69747672.0
2013-09-09,89.06,90.91,89.96,88.47,6071713.0,109662936.0
2013-09-06,88.77,89.76,88.37,87.67,2864061.0,50602164.0
2013-09-05,88.77,90.31,88.77,88.77,2850275.0,51095960.0
2013-09-04,88.72,90.01,88.77,88.27,2789939.0,49841868.0
2013-09-03,86.67,89.02,88.72,86.27,3076926.0,54242696.0
2013-09-02,88.27,88.77,86.87,85.82,4639510.0,80791528.0
2013-08-30,89.27,90.76,87.87,87.62,2324752.0,41516708.0
2013-08-29,89.36,90.31,88.92,88.87,1584474.0,28346930.0
2013-08-28,89.61,90.51,89.27,88.92,2620164.0,47023116.0
2013-08-27,89.36,90.86,90.46,89.11,4701277.0,84956104.0
2013-08-26,86.87,89.17,88.87,86.57,3398431.0,59823632.0
2013-08-23,88.47,88.67,86.52,85.82,4391620.0,76636968.0
2013-08-22,87.62,89.11,87.97,87.42,3245607.0,57432096.0
2013-08-21,88.17,88.67,87.52,87.02,4152475.0,72906952.0
2013-08-20,91.11,91.71,88.52,86.92,4510637.0,80656192.0
2013-08-19,89.86,92.06,89.71,88.62,5178368.0,93114896.0
2013-08-16,89.86,92.36,90.21,89.36,1996876.0,36264552.0
2013-08-15,92.36,92.36,89.96,89.81,3018809.0,54883548.0
2013-08-14,94.81,96.6,93.01,92.46,3929210.0,74616408.0
2013-08-13,92.41,95.21,94.81,92.41,6652388.0,125456584.0
2013-08-12,92.21,94.11,93.11,91.81,3695519.0,69021904.0
2013-08-09,90.36,91.91,91.76,90.26,3189159.0,58264952.0
2013-08-08,89.86,91.16,90.61,89.36,3004807.0,54336644.0
2013-08-07,88.37,91.86,90.51,88.37,7073661.0,128427432.0
2013-08-06,87.27,89.22,88.37,87.12,2900311.0,51165624.0
2013-08-05,86.07,87.87,87.87,85.52,2612246.0,45670004.0
2013-08-02,87.77,88.86,86.12,86.12,3045965.0,53489692.0
2013-08-01,84.42,87.97,87.12,84.42,4456320.0,77551288.0
2013-07-31,83.22,86.62,84.27,83.22,3710964.0,63382540.0
2013-07-30,83.27,83.87,82.18,81.68,2185978.0,36157084.0
2013-07-29,85.12,85.12,82.13,82.13,2853794.0,47414460.0
2013-07-26,86.07,86.87,85.12,84.92,2082252.0,35787220.0
2013-07-25,84.87,87.57,86.47,84.12,4741540.0,81733768.0
2013-07-24,86.47,86.47,84.87,83.97,4133291.0,70316760.0
2013-07-23,83.62,86.67,86.52,83.62,5385128.0,92598840.0
2013-07-22,84.37,85.02,83.62,82.38,4688575.0,78632880.0
2013-07-19,86.87,87.12,84.92,84.27,4552784.0,78243648.0
2013-07-18,89.76,90.76,87.17,85.02,6060632.0,106346936.0
2013-07-17,91.66,92.21,89.81,89.76,3285715.0,59940764.0
2013-07-16,93.01,94.11,91.86,90.26,5365742.0,98311872.0
2013-07-15,92.81,94.76,93.11,91.81,4404979.0,82489912.0
2013-07-12,95.31,97.3,92.51,92.21,5268914.0,99600088.0
2013-07-11,90.36,95.5,94.96,89.86,7857217.0,147580640.0
2013-07-10,89.51,91.21,90.26,86.97,4282240.0,76485368.0
2013-07-09,88.97,91.21,89.36,88.97,1783491.0,32081618.0
2013-07-08,89.36,91.71,89.71,86.47,3646733.0,65399368.0
2013-07-05,92.06,94.11,90.86,90.86,3148671.0,58314968.0
2013-07-04,89.86,93.11,91.96,88.92,4379912.0,80352168.0
2013-07-03,90.61,90.86,90.06,88.62,3107661.0,55756728.0
2013-07-02,90.01,91.36,91.26,89.36,3541664.0,64218524.0
2013-07-01,87.87,90.56,90.26,86.92,3780169.0,67772464.0
2013-06-28,86.12,90.21,87.97,84.87,5062949.0,89865976.0
2013-06-27,87.12,90.36,86.17,85.92,5063833.0,89417656.0
2013-06-26,84.62,86.72,85.87,84.37,4100483.0,70202592.0
2013-06-25,85.77,86.12,84.37,77.63,5755079.0,95684096.0
2013-06-24,89.81,89.86,85.87,83.87,3765842.0,66094696.0
2013-06-21,87.42,91.11,90.46,86.37,5124508.0,90901000.0
2013-06-20,91.76,91.76,88.87,88.02,6024525.0,107941304.0
2013-06-19,95.91,95.91,92.46,90.91,5490894.0,101675992.0
2013-06-18,95.11,96.55,96.11,94.46,3549049.0,68046976.0
2013-06-17,93.91,95.31,94.91,92.86,4726459.0,89282664.0
2013-06-14,92.86,94.71,94.41,91.46,4939158.0,91710328.0
2013-06-13,94.52,94.52,91.33,90.74,5454627.0,102181496.0
2013-06-07,96.73,97.71,95.01,94.08,3766471.0,73457600.0
2013-06-06,96.92,97.76,96.73,96.48,3399972.0,67264440.0
2013-06-05,96.97,97.76,96.78,95.79,4568518.0,89942736.0
2013-06-04,99.23,99.48,97.07,95.99,5757520.0,114250856.0
2013-06-03,101.14,102.13,98.35,97.86,6578939.0,133370576.0
2013-05-31,105.56,106.3,101.29,100.8,7680884.0,161295808.0
2013-05-30,106.84,107.87,106.06,105.56,5118210.0,111138048.0
2013-05-29,104.53,107.14,105.12,103.94,7011059.0,150678976.0
2013-05-28,101.93,104.44,104.44,100.11,5007929.0,104413000.0
2013-05-27,102.62,105.81,101.98,101.14,6405791.0,135093920.0
2013-05-24,100.7,103.11,102.77,98.25,6027310.0,123069072.0
2013-05-23,100.65,103.31,100.61,99.72,7408508.0,153519472.0
2013-05-22,101.73,103.6,100.31,100.26,6609325.0,136954896.0
2013-05-21,100.61,103.99,102.47,100.41,5299700.0,110809000.0
2013-05-20,100.75,103.01,100.61,100.11,9470822.0,196004864.0
2013-05-17,95.3,103.85,100.65,95.3,16977142.0,344598144.0
2013-05-16,93.29,96.48,95.55,92.65,9426572.0,182899456.0
2013-05-15,90.49,94.12,93.14,90.34,9366855.0,176962272.0
2013-05-14,89.51,90.64,90.34,88.08,5036839.0,91760536.0
2013-05-13,90.2,90.49,88.87,88.62,2467358.0,44866980.0
2013-05-10,88.48,90.2,90.05,87.94,3773889.0,68890904.0
2013-05-09,89.9,89.9,88.58,87.35,3916449.0,70595408.0
2013-05-08,90.29,90.69,90.15,88.92,4696517.0,85927224.0
2013-05-07,89.26,89.8,89.61,88.43,3684471.0,67011828.0
2013-05-06,88.38,90.25,89.02,88.18,4307640.0,78324648.0
2013-05-03,83.96,89.07,88.53,83.96,7631494.0,135861888.0
2013-05-02,83.72,85.04,83.81,82.54,3197594.0,54544164.0
2013-04-26,86.46,87.2,84.4,83.91,4542037.0,79161328.0
2013-04-25,88.77,88.87,86.22,86.22,5507484.0,98370480.0
2013-04-24,87.5,89.61,89.36,87.05,5850964.0,105319536.0
2013-04-23,90.34,90.34,87.0,86.95,6150397.0,110513528.0
2013-04-22,90.05,90.83,90.83,88.04,8282510.0,151097568.0
2013-04-19,86.17,89.12,89.12,85.88,8225705.0,147344384.0
2013-04-18,85.43,86.27,85.33,84.01,3507310.0,60929180.0
2013-04-17,88.28,88.28,85.73,84.6,5819375.0,101815624.0
2013-04-16,84.99,87.64,87.55,83.42,6016344.0,104387760.0
2013-04-15,85.92,85.97,85.09,84.55,3371294.0,58416056.0
2013-04-12,88.38,88.58,85.92,85.83,4681773.0,82982824.0
2013-04-11,90.1,91.33,87.99,87.4,4680532.0,84629984.0
2013-04-10,89.8,90.69,89.75,87.99,6564982.0,119668528.0
2013-04-09,85.43,91.28,90.54,85.43,12485314.0,227210480.0
2013-04-08,82.98,85.63,85.43,82.58,3892912.0,67166576.0
2013-04-03,86.37,86.71,85.78,83.86,4143631.0,72043896.0
2013-04-02,82.83,86.37,86.37,82.49,9620010.0,167246096.0
2013-04-01,80.97,83.27,82.78,80.52,4110004.0,68939216.0
2013-03-29,82.24,82.83,80.52,80.38,4135406.0,68324440.0
2013-03-28,83.47,83.57,82.09,81.9,4628763.0,77874048.0
2013-03-27,84.45,85.88,84.84,83.47,4627715.0,80221320.0
2013-03-26,86.42,86.42,84.45,83.22,4233102.0,72817688.0
2013-03-25,86.81,87.25,86.86,85.73,3608843.0,63528696.0
2013-03-22,85.53,87.64,86.91,85.04,6229210.0,110087752.0
2013-03-21,86.95,87.2,85.68,84.99,6178403.0,108209456.0
2013-03-20,83.86,86.91,86.91,83.47,11193044.0,194821024.0
2013-03-19,80.18,83.27,83.22,80.18,4957402.0,82680952.0
2013-03-18,81.5,82.49,80.18,79.84,3598220.0,59360768.0
2013-03-15,82.14,83.96,82.14,81.75,7236810.0,122318464.0
2013-03-14,82.34,83.27,82.0,80.52,6233913.0,104023800.0
2013-03-13,79.93,82.0,81.9,79.34,4839986.0,79501472.0
2013-03-12,81.5,82.0,79.59,78.31,7307097.0,118873120.0
2013-03-11,82.78,82.78,81.01,80.77,6334636.0,105144272.0
2013-03-08,84.01,84.89,82.98,82.54,4813536.0,81768584.0
2013-03-07,83.52,84.21,83.42,81.65,9523429.0,160830112.0
2013-03-06,86.17,86.95,83.42,82.73,10620690.0,183105168.0
2013-03-05,83.52,85.88,85.73,83.47,5162976.0,89323272.0
2013-03-04,90.59,90.59,84.75,84.25,13750112.0,241979712.0
2013-03-01,91.42,93.68,93.63,90.98,8730067.0,164348784.0
2013-02-28,86.76,91.28,91.28,86.56,8872122.0,161633024.0
2013-02-27,85.92,87.64,86.46,85.53,4114570.0,72501072.0
2013-02-26,85.92,87.35,85.68,84.94,4456674.0,78312624.0
2013-02-25,85.68,87.3,86.81,85.68,4389093.0,77414928.0
2013-02-22,87.35,88.13,85.24,84.94,7088061.0,124141248.0
2013-02-21,90.88,91.72,87.0,86.86,8746082.0,157595952.0
2013-02-20,89.85,92.55,92.01,89.41,6088702.0,112946320.0
2013-02-19,95.16,95.84,90.2,89.9,11037257.0,207303280.0
2013-02-18,93.29,96.28,95.55,92.45,12600416.0,244264016.0
2013-02-08,91.47,93.48,92.41,91.03,4955908.0,93267888.0
2013-02-07,90.2,92.21,91.57,87.4,8441052.0,154085392.0
2013-02-06,92.01,93.29,90.29,90.2,4838950.0,89491704.0
2013-02-05,89.12,92.36,91.42,88.53,4624686.0,85653080.0
2013-02-04,93.29,95.16,89.61,89.02,8875177.0,164586384.0
2013-02-01,91.77,93.29,92.36,90.39,5668722.0,106105088.0
2013-01-31,94.32,94.47,92.01,90.74,7002985.0,131153776.0
2013-01-30,93.44,93.98,93.98,91.62,6328620.0,119373240.0
2013-01-29,93.78,94.76,93.68,92.36,11476065.0,218827040.0
2013-01-28,85.92,93.63,93.63,85.48,13676862.0,252563920.0
2013-01-25,85.53,87.64,85.14,84.45,4372726.0,76379696.0
2013-01-24,89.7,90.69,85.68,84.8,9834193.0,175930672.0
2013-01-23,86.37,92.01,89.66,86.17,10176826.0,185656800.0
2013-01-22,88.92,90.83,87.25,86.71,8280885.0,149554144.0
2013-01-21,85.58,89.17,88.87,84.8,9053377.0,161902000.0
2013-01-18,83.08,87.25,85.68,81.9,13948770.0,240774896.0
2013-01-17,85.73,85.83,82.83,82.73,7564819.0,129108464.0
2013-01-16,86.71,87.4,85.88,84.01,6130044.0,106619960.0
2013-01-15,88.13,88.77,86.71,85.83,9002866.0,159275312.0
2013-01-14,81.5,87.89,87.89,81.31,11560444.0,200806912.0
2013-01-11,86.95,87.64,83.03,82.73,9506188.0,164053152.0
2013-01-10,86.76,89.02,87.2,85.83,5174651.0,92031768.0
2013-01-09,88.38,88.48,87.0,85.53,5275708.0,93646224.0
2013-01-08,88.43,90.25,88.08,86.42,10060880.0,181062720.0
2013-01-07,83.47,89.26,88.13,83.47,12639498.0,224790016.0
2013-01-04,85.97,86.32,83.42,82.49,10585306.0,180228592.0
2012-12-31,84.45,85.88,85.88,83.62,6131226.0,106115752.0
2012-12-28,83.67,84.89,84.7,83.37,3824900.0,65640668.0
2012-12-27,84.55,85.68,83.62,82.73,5350815.0,91180256.0
2012-12-26,85.29,85.68,84.89,84.11,6333217.0,109503784.0
2012-12-25,78.27,85.33,85.24,78.27,10135480.0,171751184.0
2012-12-24,78.07,79.64,78.71,77.72,3911603.0,62624688.0
2012-12-21,79.49,81.01,78.76,78.46,6077201.0,98658000.0
2012-12-20,77.43,79.54,79.49,76.4,8471195.0,134870608.0
2012-12-19,77.09,79.0,78.22,76.25,8027578.0,127641840.0
2012-12-18,76.64,78.07,76.74,75.96,4317085.0,67704216.0
2012-12-17,76.1,78.46,77.09,75.61,7168945.0,112499592.0
2012-12-14,72.57,76.79,75.76,72.57,8425760.0,128994536.0
2012-12-13,73.45,73.89,72.57,72.28,2941311.0,43737964.0
2012-12-12,73.36,74.34,73.8,72.52,4300703.0,64313852.0
2012-12-11,74.63,74.68,73.06,72.91,3784608.0,56902464.0
2012-12-10,74.04,75.17,75.02,73.4,4941483.0,75103168.0
2012-12-07,73.89,74.88,73.7,73.01,6910223.0,104420968.0
2012-12-06,72.67,74.44,73.26,72.18,5055215.0,75746680.0
2012-12-05,69.62,74.63,72.81,69.13,8970904.0,132790544.0
2012-12-04,68.74,70.36,70.16,67.76,2781552.0,39223828.0
2012-12-03,68.74,71.34,68.74,68.64,3463106.0,49503516.0
2012-11-30,67.02,69.13,68.74,66.33,2022083.0,28246268.0
2012-11-29,66.19,67.56,67.27,66.04,1635491.0,22302556.0
2012-11-28,66.04,66.63,66.19,65.16,1915803.0,25706098.0
2012-11-27,69.77,70.16,66.28,65.84,4465883.0,60926360.0
2012-11-26,70.11,70.75,70.21,69.53,1688772.0,24156316.0
2012-11-23,70.36,71.05,70.06,69.72,2586127.0,37142404.0
2012-11-22,69.82,71.19,70.11,69.23,2004838.0,28718720.0
2012-11-21,68.49,70.65,70.56,68.35,2309067.0,32745512.0
2012-11-20,68.0,69.48,68.64,67.56,3586345.0,49909116.0
2012-11-19,67.66,68.44,67.27,66.87,2004688.0,27550400.0
2012-11-16,67.81,68.25,67.66,66.73,1716203.0,23615228.0
2012-11-15,68.25,70.11,68.69,66.73,2200245.0,30687366.0
2012-11-14,67.95,68.89,68.84,67.41,1254620.0,17416230.0
2012-11-13,69.33,69.48,68.25,67.66,2264661.0,31511796.0
2012-11-12,70.16,70.65,69.28,69.18,3539439.0,50238404.0
2012-11-09,69.48,70.61,70.16,69.18,2458369.0,35066364.0
2012-11-08,71.14,71.44,70.21,69.87,2285588.0,32842564.0
2012-11-07,68.49,71.19,71.14,68.49,5433933.0,77788656.0
2012-11-06,69.23,70.7,68.98,67.56,4003791.0,56013376.0
2012-11-05,70.46,70.46,69.48,68.74,3540230.0,49874596.0
2012-11-02,68.35,71.29,70.11,68.35,7996685.0,114171880.0
2012-11-01,67.07,68.74,68.25,66.53,3693705.0,51029532.0
2012-10-31,66.14,67.32,66.97,65.79,3699003.0,50259240.0
2012-10-30,65.6,66.78,66.28,65.01,3235354.0,43573968.0
2012-10-29,63.98,66.53,65.25,63.98,4200632.0,55859252.0
2012-10-26,65.6,65.6,63.63,62.6,2624554.0,34029084.0
2012-10-25,66.14,67.12,65.11,64.86,1935561.0,25990912.0
2012-10-24,65.74,67.02,66.19,65.35,2907754.0,39212224.0
2012-10-23,66.04,67.07,66.14,65.4,3591565.0,48434844.0
2012-10-22,65.01,66.19,65.55,65.01,3619766.0,48426552.0
2012-10-19,65.79,66.28,65.89,65.55,4382381.0,58892508.0
2012-10-18,63.83,66.33,65.79,63.78,5667891.0,75544192.0
2012-10-17,63.73,64.32,63.83,62.6,5080411.0,65790476.0
2012-10-16,63.09,64.42,63.58,62.99,5564321.0,72395912.0
2012-10-15,61.87,63.04,63.04,61.42,2735302.0,34752720.0
2012-10-12,61.77,62.5,61.67,60.88,3243520.0,40760204.0
2012-10-11,62.99,63.19,61.72,61.13,4660584.0,59026728.0
2012-10-10,62.99,63.24,63.19,62.16,2225149.0,28426544.0
2012-10-09,62.45,63.24,62.95,62.06,5734188.0,73265680.0
2012-10-08,62.6,63.09,62.06,61.91,1156973.0,14746832.0
2012-09-28,61.77,63.04,62.75,61.77,2308170.0,29409550.0
2012-09-27,61.33,63.24,62.45,61.33,5490167.0,69635680.0
2012-09-26,62.41,62.41,61.62,60.49,1812422.0,22630250.0
2012-09-25,60.98,62.55,62.55,60.88,3972884.0,50017472.0
2012-09-24,58.18,62.11,61.57,58.18,2762142.0,34247356.0
2012-09-21,58.87,59.21,59.21,57.84,1234560.0,14800862.0
2012-09-20,59.9,60.24,59.02,59.02,1606560.0,19498434.0
2012-09-19,60.24,60.24,59.41,58.92,808738.0,9815428.0
2012-09-18,58.53,59.7,59.56,58.28,1087192.0,13139351.0
2012-09-17,60.59,60.59,58.62,58.43,1414817.0,17096714.0
2012-09-14,60.83,61.13,60.29,59.02,3517260.0,43079740.0
2012-09-13,62.31,62.36,60.49,59.51,3988055.0,49375624.0
2012-09-12,62.45,62.5,62.01,60.64,2705417.0,34034372.0
2012-09-11,62.85,62.85,62.11,61.52,1930817.0,24381960.0
2012-09-10,63.19,63.63,62.99,62.26,4028330.0,51711588.0
2012-09-07,60.2,63.09,62.36,60.2,3708456.0,47010964.0
2012-09-06,59.8,60.34,59.66,59.26,876209.0,10630935.0
2012-09-05,59.66,60.15,59.85,59.46,1133636.0,13806189.0
2012-09-04,60.39,60.78,59.7,59.46,815586.0,10011470.0
2012-09-03,59.12,60.39,60.39,58.53,2254210.0,27385994.0
2012-08-31,58.58,59.66,59.16,57.94,1983270.0,23833154.0
2012-08-30,57.3,59.07,58.92,55.38,4371738.0,50948552.0
2012-08-29,57.99,58.58,57.45,57.35,2840446.0,33517178.0
2012-08-28,58.09,59.16,58.43,57.84,1423496.0,16947044.0
2012-08-27,59.36,59.36,58.38,57.69,2484510.0,29413598.0
2012-08-24,60.93,61.03,59.61,58.58,2892993.0,35211444.0
2012-08-23,60.69,61.23,61.08,60.0,2060719.0,25409642.0
2012-08-22,63.09,63.09,61.18,59.9,4447449.0,55429208.0
2012-08-21,62.99,63.98,63.04,62.6,1360260.0,17507806.0
2012-08-20,62.6,63.09,62.85,61.96,1362206.0,17383192.0
2012-08-17,62.65,63.14,62.99,61.87,1472815.0,18708618.0
2012-08-16,62.85,63.44,62.26,62.01,613507.0,7827192.0
2012-08-15,63.73,63.73,63.34,62.31,1430508.0,18276012.0
2012-08-14,64.12,64.47,64.08,61.87,2900497.0,37088796.0
2012-08-13,65.16,65.55,64.57,64.42,1439766.0,19031646.0
2012-08-10,65.69,65.94,65.69,64.71,2056069.0,27244298.0
2012-08-09,64.86,66.04,65.65,64.61,2933534.0,39132276.0
2012-08-08,65.79,65.79,65.5,64.42,2225098.0,29431616.0
2012-08-07,66.92,66.92,66.04,64.61,2605461.0,34764364.0
2012-08-06,66.87,67.27,66.48,65.55,4358152.0,58674100.0
2012-08-03,64.96,66.28,66.28,64.22,1436719.0,18993826.0
2012-08-02,65.45,65.84,64.76,64.76,1151114.0,15268540.0
2012-08-01,64.91,66.53,65.79,64.61,2091989.0,28147062.0
2012-07-31,64.17,64.86,64.81,63.58,1005038.0,13149393.0
2012-07-30,64.03,64.27,64.12,63.29,900983.0,11696521.0
2012-07-27,62.16,64.08,64.03,61.87,3063503.0,39228332.0
2012-07-26,62.36,62.8,62.11,61.62,1260785.0,15971840.0
2012-07-25,62.99,63.19,62.6,61.03,2457395.0,31000066.0
2012-07-24,63.58,64.12,63.19,62.65,1110106.0,14273698.0
2012-07-23,64.91,64.91,63.73,63.68,648984.0,8456935.0
2012-07-20,64.57,65.25,64.91,64.52,778160.0,10265863.0
2012-07-19,63.93,65.35,64.81,63.93,1256816.0,16614855.0
2012-07-18,63.34,63.93,63.93,62.75,1205224.0,15570927.0
2012-07-17,63.63,64.08,63.34,62.75,1779752.0,22973690.0
2012-07-16,65.01,65.2,63.73,62.36,2516860.0,32537568.0
2012-07-13,66.38,67.22,65.01,64.42,2661856.0,35737344.0
2012-07-12,66.38,67.17,66.78,66.19,3778274.0,51301444.0
2012-07-11,65.2,66.63,66.33,65.2,2594003.0,34940144.0
2012-07-10,64.22,65.5,65.2,64.22,1088699.0,14377423.0
2012-07-09,64.22,65.94,64.81,63.68,3053943.0,40474152.0
2012-07-06,62.85,64.96,64.57,62.85,6542609.0,85458904.0
2012-07-05,63.49,64.91,63.78,62.85,3118791.0,40647652.0
2012-07-04,65.2,66.23,64.12,63.09,2559631.0,33616948.0
2012-07-03,64.81,68.05,66.23,64.66,3994426.0,54293912.0
2012-07-02,63.83,66.73,65.11,63.83,4610777.0,61682832.0
2012-06-29,63.39,64.47,63.53,62.36,3186788.0,41082868.0
2012-06-28,65.06,65.74,62.75,62.7,3468209.0,44869560.0
2012-06-27,65.06,66.19,64.96,64.76,4439292.0,59120868.0
2012-06-26,66.33,66.63,65.06,63.83,4599495.0,60432240.0
2012-06-25,69.28,69.67,67.27,63.83,5866157.0,80154416.0
2012-06-21,69.53,70.36,69.72,68.25,1660912.0,23366590.0
2012-06-20,70.61,71.24,69.92,69.48,2939848.0,42018764.0
2012-06-19,70.65,71.44,70.61,69.87,2418792.0,34902740.0
2012-06-18,69.87,71.1,70.36,69.23,2006472.0,28759232.0
2012-06-15,70.16,70.21,69.48,68.74,937289.0,13243280.0
2012-06-14,69.62,70.26,69.72,68.74,3846265.0,54593616.0
2012-06-13,68.74,69.28,69.28,67.17,1934862.0,27013328.0
2012-06-12,67.66,68.89,68.25,67.41,2401339.0,33424876.0
2012-06-11,65.7,68.06,67.43,65.65,4995967.0,69607096.0
2012-06-08,68.3,68.83,65.89,65.6,2642814.0,36915084.0
2012-06-07,67.05,68.44,67.33,67.05,2225280.0,31325382.0
2012-06-06,66.42,67.19,66.66,65.89,1872146.0,25971712.0
2012-06-05,67.43,67.77,65.8,65.65,1388447.0,19215110.0
2012-06-04,68.2,68.87,67.29,67.09,1977802.0,27919082.0
2012-06-01,69.88,70.08,69.4,69.02,1681472.0,24264522.0
2012-05-31,69.16,70.56,69.4,68.92,2704214.0,39201604.0
2012-05-30,69.59,69.64,68.87,68.49,1228224.0,17623512.0
2012-05-29,68.2,69.74,69.26,68.2,3417735.0,49139532.0
2012-05-28,65.65,68.1,68.06,65.41,1439619.0,19978816.0
2012-05-25,68.06,68.78,66.61,66.61,2164539.0,30411520.0
2012-05-24,68.54,69.59,68.39,68.3,1973340.0,28376196.0
2012-05-23,68.39,68.97,68.83,67.67,2059746.0,29328810.0
2012-05-22,67.09,68.49,68.3,66.95,1897013.0,26858044.0
2012-05-21,67.0,68.68,67.09,66.47,3335196.0,46982300.0
2012-05-18,66.61,67.62,66.13,65.89,1032214.0,14331221.0
2012-05-17,66.52,67.38,66.71,66.04,1519236.0,21120844.0
2012-05-16,67.24,67.67,66.56,66.47,1648815.0,23017244.0
2012-05-15,65.65,67.38,67.33,65.41,1470679.0,20392278.0
2012-05-14,67.58,67.77,66.04,65.89,1653893.0,22831938.0
2012-05-11,68.2,68.49,66.47,66.47,1878631.0,26372398.0
2012-05-10,68.3,68.78,68.06,67.33,2067859.0,29250566.0
2012-05-09,68.3,69.4,68.39,67.82,2614078.0,37306900.0
2012-05-08,69.59,70.7,68.78,68.39,2364164.0,34176348.0
2012-05-07,68.63,69.93,69.59,68.3,2033176.0,29239676.0
2012-05-04,68.3,69.26,68.25,67.67,2001599.0,28486686.0
2012-05-03,68.2,68.78,68.3,67.82,2893224.0,41029288.0
2012-05-02,66.71,69.55,68.54,66.42,6966727.0,98837784.0
2012-04-27,64.69,66.52,66.28,64.21,2293827.0,31274822.0
2012-04-26,66.71,67.05,65.07,64.16,4891309.0,66344604.0
2012-04-25,65.89,67.33,66.66,65.12,2031226.0,27857346.0
2012-04-24,66.37,67.72,66.28,64.93,3465419.0,47778700.0
2012-04-23,68.1,68.1,66.37,66.18,3013345.0,41869304.0
2012-04-20,67.96,68.49,68.2,67.09,1702541.0,24024616.0
2012-04-19,66.9,68.83,67.96,66.85,3592511.0,50658164.0
2012-04-18,66.08,67.82,67.33,64.11,6345825.0,87708920.0
2012-04-17,66.66,68.2,65.46,64.93,5349921.0,73979008.0
2012-04-13,66.37,66.52,65.65,65.31,2821295.0,38655584.0
2012-04-12,63.1,66.37,66.18,63.1,6751022.0,91253376.0
2012-04-11,62.19,63.87,63.05,61.76,2218141.0,29098340.0
2012-04-10,61.52,62.86,62.81,60.46,2170773.0,27627302.0
2012-04-09,62.91,63.44,61.71,61.71,2324472.0,30310088.0
2012-04-06,62.14,63.63,62.57,62.14,2661651.0,34765820.0
2012-04-05,61.32,63.1,62.52,61.18,3434009.0,44518852.0
2012-03-30,59.4,61.76,61.18,59.16,3250154.0,41270152.0
2012-03-29,59.01,60.65,60.12,57.96,1635828.0,20123454.0
2012-03-28,61.08,61.08,59.11,58.82,2322751.0,29009418.0
2012-03-27,62.48,63.2,61.61,61.27,2479728.0,32103278.0
2012-03-26,61.03,61.47,61.32,60.26,981336.0,12458912.0
2012-03-23,62.14,62.48,61.03,60.65,1876145.0,23861974.0
2012-03-22,63.97,63.97,62.52,61.9,2170656.0,28286654.0
2012-03-21,63.25,63.87,63.39,61.85,2152262.0,28086716.0
2012-03-20,64.26,64.59,63.2,63.01,6424864.0,85051568.0
2012-03-19,61.52,63.87,63.05,61.52,2278924.0,29660904.0
2012-03-16,61.85,62.81,62.0,61.13,1731574.0,22247168.0
2012-03-15,62.0,63.01,61.56,60.17,2470075.0,31591218.0
2012-03-14,64.69,65.31,62.0,61.56,3138130.0,41489024.0
2012-03-13,63.97,65.27,64.69,63.58,1591699.0,21328698.0
2012-03-12,64.69,64.79,64.02,63.3,2445741.0,32454230.0
2012-03-09,63.97,65.17,64.64,63.49,5427862.0,72741392.0
2012-03-08,60.75,64.64,64.21,60.22,8927674.0,117364832.0
2012-03-07,60.36,61.03,60.51,59.83,1582037.0,19881346.0
2012-03-06,60.36,61.47,60.7,59.01,3275599.0,40944496.0
2012-03-05,61.95,62.14,60.99,60.12,2193455.0,27848866.0
2012-03-02,59.01,61.61,61.18,59.01,3833662.0,48443232.0
2012-03-01,59.06,59.98,58.92,58.58,2149079.0,26399616.0
2012-02-29,60.6,60.6,59.01,58.87,2430572.0,30050714.0
2012-02-28,61.56,61.95,60.89,59.98,2066253.0,26078924.0
2012-02-27,61.52,63.1,61.61,61.13,4595265.0,59468032.0
2012-02-24,59.16,62.67,61.66,59.11,6918812.0,88417640.0
2012-02-23,60.84,61.8,59.16,59.16,5406933.0,67932944.0
2012-02-22,58.05,61.76,60.84,58.0,9695122.0,121020408.0
2012-02-21,57.43,58.48,58.39,57.14,4862800.0,58509756.0
2012-02-20,57.48,58.0,57.48,56.71,3133596.0,37340188.0
2012-02-17,56.66,57.67,56.56,55.84,1325463.0,15541299.0
2012-02-16,57.43,57.96,57.04,56.56,2417068.0,28799672.0
2012-02-15,57.43,57.62,57.48,56.27,5530419.0,65666708.0
2012-02-14,57.72,58.0,57.48,56.18,3506564.0,41741492.0
2012-02-13,56.03,57.81,57.62,55.55,6358610.0,74495024.0
2012-02-10,53.87,57.52,56.47,53.53,11786539.0,137021888.0
2012-02-09,53.05,54.49,53.87,52.57,5542700.0,61965296.0
2012-02-08,51.46,53.05,53.05,51.46,2685789.0,29249162.0
2012-02-07,52.23,52.23,51.75,51.37,2027869.0,21788702.0
2012-02-06,51.32,53.68,52.67,51.03,5521403.0,60249568.0
2012-02-03,50.69,51.61,51.37,50.07,3397654.0,36001956.0
2012-02-02,50.65,51.41,50.93,49.63,3661091.0,38426580.0
2012-02-01,51.08,51.7,50.65,50.02,2782326.0,29497070.0
2012-01-31,51.61,51.94,50.89,49.97,1813853.0,19096712.0
2012-01-30,52.57,52.76,51.61,51.46,1597570.0,17231238.0
2012-01-20,51.03,52.91,52.57,50.89,4111906.0,44351916.0
2012-01-19,49.54,51.51,50.98,49.11,2646821.0,27943856.0
2012-01-18,51.46,53.67,50.5,50.26,5100002.0,54999052.0
2012-01-17,48.14,51.75,51.7,48.14,3256797.0,34000820.0
2012-01-16,50.69,52.62,48.62,48.1,4417791.0,46444180.0
2012-01-13,52.23,53.15,51.94,49.35,5760340.0,61230060.0
2012-01-12,50.5,51.99,51.7,50.12,4351460.0,46256672.0
2012-01-11,50.45,50.98,50.79,49.88,4341454.0,45472092.0
2012-01-10,48.38,50.6,50.6,48.1,3627805.0,37400324.0
2012-01-09,47.09,48.62,48.53,46.27,2059600.0,20447576.0
2012-01-06,47.18,47.66,47.09,44.97,2614931.0,25037666.0
2012-01-05,50.16,50.5,47.28,46.8,2439068.0,24816094.0
2012-01-04,52.62,52.91,50.93,49.83,2402237.0,25494944.0
