date,open,high,close,low,volume,amount
2015-07-08,34.48,40.38,35.82,34.48,69419008.0,1415867136.0
2015-07-07,38.31,38.31,38.31,38.31,2911100.0,64859308.0
2015-07-06,42.61,49.66,42.56,42.56,32567946.0,831909696.0
2015-07-03,47.25,47.25,47.25,47.25,1725300.0,47790808.0
2015-07-02,52.5,52.5,52.5,52.5,668700.0,20582586.0
2015-06-24,54.92,58.34,58.34,54.92,17262728.0,573559232.0
2015-06-23,53.66,54.87,54.62,49.28,12440984.0,380842272.0
2015-06-19,56.12,57.99,54.16,53.73,9185208.0,298057728.0
2015-06-18,59.21,61.0,56.72,55.44,10612404.0,364632704.0
2015-06-17,57.28,59.68,59.22,55.1,13748490.0,461553216.0
2015-06-16,59.97,62.43,56.78,55.44,15185235.0,527230464.0
2015-06-15,62.43,64.48,60.74,59.7,17948664.0,658981120.0
2015-06-12,62.94,63.16,61.54,61.24,14564207.0,529311360.0
2015-06-11,64.44,65.81,62.94,62.5,23417904.0,873991360.0
2015-06-10,57.88,64.36,64.36,57.14,31594018.0,1162109696.0
2015-06-09,58.17,58.75,58.51,56.26,17459128.0,593656192.0
2015-06-08,55.61,58.98,57.91,54.58,23748000.0,797868672.0
2015-06-05,53.87,56.8,54.91,52.31,21170738.0,685290752.0
2015-06-04,54.24,54.4,53.22,50.63,13799238.0,423589120.0
2015-06-03,56.7,56.85,54.41,52.21,15436764.0,496236672.0
2015-06-02,55.27,56.85,56.8,54.98,13579649.0,445141600.0
2015-06-01,52.13,55.18,54.76,51.87,12866710.0,406839712.0
2015-05-29,53.1,54.4,51.6,49.43,18388224.0,554611328.0
2015-05-28,59.36,60.55,53.42,53.42,21172872.0,700086784.0
2015-05-27,62.05,62.09,59.36,59.02,16446032.0,577230336.0
2015-05-26,61.75,62.43,61.82,59.96,19771680.0,707698368.0
2015-05-25,61.29,61.9,61.41,59.65,21876100.0,781334016.0
2015-05-22,59.63,62.94,61.9,57.67,23695568.0,837361216.0
2015-05-21,56.26,59.34,58.68,56.12,14403892.0,490214272.0
2015-05-20,57.99,61.41,56.22,55.95,19143438.0,655798912.0
2015-05-19,52.01,57.19,57.19,52.01,22520396.0,726299072.0
2015-05-18,50.8,53.39,51.99,50.76,14840835.0,452182368.0
2015-05-15,51.85,51.99,50.81,49.3,11244983.0,331947520.0
2015-05-14,52.2,54.23,52.11,51.43,13034332.0,405524448.0
2015-05-13,50.47,52.67,52.2,49.99,12630865.0,379629664.0
2015-05-12,50.34,50.83,50.47,49.35,12048305.0,353113536.0
2015-05-11,51.09,52.88,50.34,49.16,17160484.0,505375040.0
2015-05-08,49.18,49.98,49.28,46.92,10272173.0,291909280.0
2015-05-07,52.4,53.15,48.72,47.44,11961473.0,346394464.0
2015-05-06,53.71,54.89,52.35,51.77,8735145.0,275086816.0
2015-05-05,55.44,55.74,53.88,52.96,13154150.0,417624480.0
2015-05-04,58.93,59.02,55.01,54.31,12981757.0,423515936.0
2015-04-30,54.02,58.3,57.93,54.02,22614150.0,751177216.0
2015-04-29,53.9,54.75,53.39,51.89,12851566.0,400230976.0
2015-04-28,55.23,57.14,53.71,53.13,11905744.0,383372064.0
2015-04-27,56.12,56.87,56.14,52.54,20735944.0,663213056.0
2015-04-24,57.65,59.14,56.2,54.58,12955365.0,429838336.0
2015-04-23,63.03,63.03,59.14,58.3,22908544.0,802243712.0
2015-04-22,58.83,63.64,61.49,58.12,19391012.0,691934080.0
2015-04-21,53.22,57.86,57.86,52.69,16272000.0,531692384.0
2015-04-20,53.8,56.19,52.6,52.16,17368060.0,549129792.0
2015-04-17,54.45,56.24,53.59,51.85,14980408.0,473241792.0
2015-04-16,55.08,56.77,54.74,51.68,11048487.0,352000896.0
2015-04-15,58.47,59.62,55.18,55.18,11276563.0,377850400.0
2015-04-14,59.7,61.07,59.96,57.28,14210906.0,491725152.0
2015-04-13,57.62,62.26,59.7,56.94,24284504.0,849360576.0
2015-04-10,51.43,56.68,56.68,50.42,28211172.0,888388864.0
2015-04-09,52.23,52.86,51.53,48.1,21240244.0,630756096.0
2015-04-08,48.02,52.86,52.21,46.82,32781212.0,956058944.0
2015-04-07,46.24,49.09,48.6,44.54,30096280.0,828956928.0
2015-04-03,42.49,45.82,45.56,42.18,26586940.0,694325952.0
2015-04-02,44.18,44.18,43.02,41.88,26297814.0,656730240.0
2015-04-01,44.01,44.69,43.92,42.3,15407439.0,389324288.0
2015-03-31,46.84,47.74,44.09,43.33,20892884.0,555580416.0
2015-03-30,42.64,45.2,44.55,42.64,23431972.0,608567552.0
2015-03-27,38.98,42.47,41.88,38.98,14785070.0,350742976.0
2015-03-26,39.57,39.81,38.67,38.4,11137386.0,253323904.0
2015-03-25,39.66,40.89,39.56,39.2,12018565.0,282055360.0
2015-03-24,41.04,41.28,39.23,38.02,18386412.0,424751296.0
2015-03-23,41.96,42.64,40.94,40.82,19003572.0,463884096.0
2015-03-20,41.45,41.93,40.94,40.22,13646924.0,328949856.0
2015-03-19,40.09,42.3,40.9,40.09,18223078.0,438643872.0
2015-03-18,37.7,40.34,39.54,37.66,18563802.0,428429216.0
2015-03-17,37.13,38.07,37.51,36.95,10660378.0,233636432.0
2015-03-16,37.19,37.22,37.1,36.57,8636323.0,187068320.0
2015-03-13,38.33,38.36,36.88,36.67,10866873.0,237205680.0
2015-03-12,38.02,38.72,38.38,37.36,9806325.0,218369296.0
2015-03-11,36.33,38.28,38.26,36.33,14638828.0,321241376.0
2015-03-10,36.08,36.64,36.2,36.01,7372472.0,156748736.0
2015-03-09,36.38,37.24,36.57,33.83,11995135.0,249667888.0
2015-03-06,36.57,36.9,36.49,36.06,7725306.0,164812048.0
2015-03-05,37.73,37.73,36.38,36.09,11124989.0,237952192.0
2015-03-04,37.58,38.12,37.75,36.84,7309909.0,160014736.0
2015-03-03,39.22,39.22,37.56,37.29,11970968.0,266852688.0
2015-03-02,40.03,40.24,39.56,38.91,13942501.0,324311424.0
2015-02-27,39.06,39.74,39.01,38.21,10469442.0,240925648.0
2015-02-26,39.56,40.36,39.06,37.36,14433779.0,327343680.0
2015-02-25,41.93,42.22,39.25,38.89,10392900.0,243176800.0
2015-02-17,42.75,43.24,41.93,41.53,6704184.0,166011264.0
2015-02-16,39.91,44.35,42.75,39.9,13449808.0,331725216.0
2015-02-13,37.29,40.56,40.53,37.27,16728873.0,388035904.0
2015-02-12,37.02,37.51,36.88,36.21,5353661.0,115993632.0
2015-02-11,36.64,37.95,37.34,35.84,7893015.0,172601536.0
2015-02-10,35.53,38.38,36.64,35.24,11702204.0,255870400.0
2015-02-09,37.53,38.38,36.16,35.22,12192752.0,263261904.0
2015-02-06,39.51,40.58,39.1,36.23,19321708.0,427604704.0
2015-02-05,39.57,41.74,40.26,38.55,19127152.0,451165152.0
2015-02-04,38.21,39.23,38.29,37.03,16509012.0,369470880.0
2015-02-03,39.03,40.07,38.34,37.19,22396656.0,503478592.0
2015-02-02,35.48,40.07,38.7,35.1,29054200.0,637543360.0
2015-01-30,33.24,36.42,36.42,32.99,28244596.0,584595008.0
2015-01-29,33.3,33.89,33.11,32.92,14211898.0,277358880.0
2015-01-28,33.76,34.97,33.91,32.8,13926401.0,276691936.0
2015-01-27,34.46,36.26,33.47,33.26,23864434.0,483720640.0
2015-01-26,32.41,35.12,34.49,31.05,25683408.0,494352096.0
2015-01-23,30.7,32.72,31.93,30.7,26807536.0,499209344.0
2015-01-22,29.8,29.8,29.8,29.66,12683287.0,221546320.0
2015-01-09,27.48,28.38,27.09,26.78,6832918.0,110456536.0
2015-01-08,29.0,29.29,27.7,27.29,8399299.0,137395792.0
2015-01-07,28.93,29.49,29.15,28.26,5295830.0,89966528.0
2015-01-06,29.08,30.11,28.96,28.2,10621663.0,179994720.0
2015-01-05,28.96,30.45,29.71,28.62,22251556.0,387432192.0
2014-12-31,25.62,28.62,28.06,25.5,13363650.0,210813664.0
2014-12-30,25.43,27.24,26.06,25.3,21117648.0,325146496.0
2014-12-29,25.21,26.22,25.38,24.73,19431916.0,289712608.0
2014-12-26,23.5,24.72,24.65,23.21,7379504.0,104537984.0
2014-12-25,22.53,23.78,23.44,22.5,10493247.0,144240848.0
2014-12-24,24.36,24.53,22.94,21.77,15327414.0,203085632.0
2014-12-23,24.65,25.21,24.19,23.88,7496140.0,107888728.0
2014-12-22,25.57,25.6,24.73,24.36,12056983.0,176280720.0
2014-12-19,26.1,26.18,25.14,24.92,14374566.0,214593760.0
2014-12-18,27.29,27.63,26.49,26.46,20449234.0,322651744.0
2014-12-17,25.57,26.1,25.25,24.92,11075037.0,165322032.0
2014-12-16,25.35,25.76,25.4,25.07,6807494.0,100968008.0
2014-12-15,26.51,26.51,25.42,24.82,13292482.0,197358400.0
2014-12-12,26.59,27.29,26.51,25.88,6827095.0,105666760.0
2014-12-11,25.67,27.8,26.75,25.33,13897111.0,216960096.0
2014-12-10,24.7,26.44,26.03,23.62,18478828.0,268219456.0
2014-12-09,26.3,28.49,24.73,24.27,28440768.0,432686656.0
2014-12-08,24.65,27.17,26.87,24.03,28224134.0,425440960.0
2014-12-05,24.19,25.19,24.7,23.34,26241564.0,375711040.0
2014-12-04,22.52,24.77,24.1,22.38,29421268.0,406030336.0
2014-12-03,22.34,24.31,23.06,22.33,40779872.0,573359744.0
2014-12-02,21.66,22.33,22.09,21.39,19822240.0,253633552.0
2014-12-01,21.75,22.64,22.0,21.07,24497168.0,316573824.0
2014-11-28,21.53,22.7,22.19,20.52,26980932.0,341488224.0
2014-11-27,20.57,22.18,21.25,20.33,13470482.0,169644208.0
2014-11-26,20.55,21.22,20.78,20.14,11704218.0,142226880.0
2014-11-25,20.95,21.24,20.66,20.62,22887080.0,280192416.0
2014-11-24,20.03,20.03,20.03,20.03,5306931.0,62303368.0
2014-11-21,17.76,18.25,18.2,17.55,4917394.0,51894360.0
2014-11-20,18.17,18.17,17.82,17.54,5722512.0,59541768.0
2014-11-19,18.15,18.42,18.15,17.98,3511988.0,37300984.0
2014-11-18,18.64,18.87,18.13,18.06,4048447.0,43620220.0
2014-11-17,18.87,19.02,18.63,18.59,1956127.0,21423412.0
2014-11-14,18.85,19.0,18.87,18.44,2228579.0,24395812.0
2014-11-13,18.71,19.27,18.9,18.7,3712422.0,41306136.0
2014-11-12,18.93,19.05,18.7,18.59,2460832.0,27065152.0
2014-11-11,19.27,19.38,18.85,18.54,3136966.0,34896260.0
2014-11-10,19.22,19.45,19.21,18.85,3166330.0,35690984.0
2014-11-07,19.34,19.53,19.22,18.95,5312965.0,60139700.0
2014-11-06,19.12,19.55,19.33,19.04,2872282.0,32560066.0
2014-11-05,19.1,19.36,19.12,18.66,5322712.0,59081968.0
2014-11-04,20.13,20.13,19.26,19.1,6898590.0,78685528.0
2014-11-03,20.47,20.98,20.18,19.96,5725400.0,68584808.0
2014-10-31,19.91,20.32,20.13,19.53,3907452.0,45659768.0
2014-10-30,19.92,20.38,19.84,19.68,4871260.0,57325228.0
2014-10-29,19.97,20.16,19.92,19.48,7513083.0,87587392.0
2014-10-28,19.14,19.96,19.87,19.04,4596972.0,52970648.0
2014-10-27,18.93,19.24,19.12,18.76,1847971.0,20589096.0
2014-10-24,18.71,19.31,18.98,18.64,5332369.0,59308316.0
2014-10-23,19.5,19.75,18.85,18.68,4073302.0,45512536.0
2014-10-22,19.7,19.87,19.6,19.24,3159807.0,36151320.0
2014-10-21,19.94,20.18,19.68,19.51,3108510.0,36031672.0
2014-10-20,19.41,20.2,19.96,19.1,5086358.0,58905568.0
2014-10-17,19.33,19.62,19.22,18.52,6801483.0,76047048.0
2014-10-16,20.13,20.5,19.27,19.27,5551624.0,64814008.0
2014-10-15,20.2,20.4,20.28,19.96,4483837.0,53019456.0
2014-10-14,20.57,21.03,20.2,19.99,6664503.0,80289000.0
2014-10-13,19.96,20.79,20.57,19.7,12836833.0,152346000.0
2014-10-10,18.41,20.37,20.3,18.25,20136840.0,232961904.0
2014-10-09,18.22,18.56,18.51,17.95,6811435.0,72740512.0
2014-10-08,18.35,18.63,18.23,17.94,10274073.0,109708600.0
2014-09-30,17.74,18.06,17.77,17.71,4932568.0,51451336.0
2014-09-29,17.98,18.18,17.91,17.57,9781304.0,102454408.0
2014-09-26,17.84,18.05,18.0,17.57,4439277.0,46259380.0
2014-09-25,18.15,18.34,17.76,17.67,5911342.0,62102808.0
2014-09-24,18.18,18.3,18.13,17.96,4903854.0,52072656.0
2014-09-23,17.96,18.42,18.18,17.69,7206097.0,75978712.0
2014-09-22,17.81,18.27,17.77,17.69,7666647.0,80815728.0
2014-09-19,17.76,18.05,17.66,17.59,4618963.0,48157876.0
2014-09-18,18.15,18.17,17.93,17.74,4297186.0,45255548.0
2014-09-17,17.71,18.25,18.15,17.6,6643586.0,69972920.0
2014-09-16,18.32,18.39,17.72,17.65,8181742.0,86327544.0
2014-09-15,17.88,18.42,18.32,17.77,9186424.0,97677752.0
2014-09-12,17.89,18.01,17.88,17.65,7340613.0,76777840.0
2014-09-11,17.69,18.08,17.96,17.57,8219010.0,85940184.0
2014-09-10,17.66,17.82,17.66,17.47,6539067.0,67626872.0
2014-09-09,17.36,17.81,17.69,17.16,7676148.0,78729064.0
2014-09-05,17.45,17.45,17.26,17.13,5150459.0,52001388.0
2014-09-04,17.43,17.69,17.45,17.36,7712674.0,79173160.0
2014-09-03,17.3,17.33,17.31,17.07,4753650.0,48046820.0
2014-09-02,17.57,17.57,17.36,17.02,8768479.0,88712496.0
2014-09-01,17.55,17.69,17.57,17.33,7392676.0,75938688.0
2014-08-29,17.31,17.65,17.59,17.31,8467240.0,87105584.0
2014-08-28,17.26,17.45,17.38,16.92,3799058.0,38204036.0
2014-08-27,16.89,17.42,17.25,16.89,3670687.0,36853812.0
2014-08-26,17.47,17.47,16.89,16.84,3856915.0,38658260.0
2014-08-25,17.36,17.76,17.47,17.16,10486312.0,107185992.0
2014-08-22,17.3,17.88,17.71,17.11,14050816.0,143906592.0
2014-08-21,16.89,17.3,17.23,16.8,8713974.0,87206432.0
2014-08-20,16.34,16.92,16.89,16.26,7495654.0,73426096.0
2014-08-19,16.43,16.44,16.34,16.19,2743573.0,26223950.0
2014-08-18,16.22,16.48,16.44,16.15,4007150.0,38240308.0
2014-08-15,16.14,16.32,16.22,16.07,2555970.0,24268920.0
2014-08-14,16.55,16.55,16.2,16.09,4688675.0,44562452.0
2014-08-13,16.8,16.89,16.61,16.36,2334962.0,22765362.0
2014-08-12,16.9,16.9,16.79,16.73,2140166.0,21104696.0
2014-08-11,16.85,16.92,16.84,16.73,2285035.0,22560440.0
2014-08-08,16.6,16.79,16.77,16.55,2273108.0,22227646.0
2014-08-07,16.58,16.78,16.58,16.53,2905204.0,28353080.0
2014-08-06,16.72,16.87,16.66,16.51,4312609.0,42123028.0
2014-08-05,17.02,17.06,16.73,16.53,4969650.0,48820632.0
2014-08-04,16.63,17.06,16.94,16.5,5558971.0,54855352.0
2014-08-01,17.13,17.23,16.73,16.66,3005089.0,29819492.0
2014-07-31,17.23,17.23,17.19,16.82,4530771.0,45134036.0
2014-07-30,17.88,17.88,17.18,17.02,5561261.0,56096780.0
2014-07-29,17.71,18.0,17.76,17.71,2652293.0,27651372.0
2014-07-28,17.64,18.25,17.71,17.6,3021128.0,31476112.0
2014-07-25,18.22,18.34,17.86,17.71,6259893.0,65767200.0
2014-07-24,16.72,18.37,18.25,16.05,14243873.0,146829568.0
2014-07-23,16.55,17.31,16.7,16.5,10359244.0,102430752.0
2014-07-22,15.32,16.87,16.39,15.32,8765792.0,83767200.0
2014-07-21,15.1,15.4,15.34,15.08,3319740.0,29716488.0
2014-07-18,14.87,15.32,15.15,14.82,4368952.0,38859624.0
2014-07-17,15.01,15.13,14.98,14.79,2343230.0,20528524.0
2014-07-16,14.84,15.11,15.11,14.74,4495099.0,39513068.0
2014-07-15,14.94,14.99,14.81,14.69,3331394.0,28966376.0
2014-07-14,14.93,15.03,14.94,14.81,3252903.0,28435578.0
2014-07-11,14.76,15.15,14.96,14.72,1815676.0,15891500.0
2014-07-10,14.89,14.91,14.76,14.67,1322135.0,11467090.0
2014-07-09,15.18,15.18,14.89,14.74,1753080.0,15317925.0
2014-07-08,15.18,15.27,15.18,14.96,1853296.0,16411181.0
2014-07-07,14.84,15.23,15.18,14.82,4383556.0,38555220.0
2014-07-04,14.63,14.86,14.82,14.55,2813617.0,24255528.0
2014-07-03,14.46,14.6,14.6,14.45,2667805.0,22754136.0
2014-07-02,14.5,14.62,14.53,14.43,1312469.0,11168207.0
2014-07-01,14.53,14.53,14.53,14.43,1049342.0,8911030.0
2014-06-30,14.53,14.57,14.57,14.36,1821199.0,15440875.0
2014-06-27,14.79,14.79,14.57,14.48,2773952.0,23677372.0
2014-06-26,14.52,15.15,14.77,14.43,3482696.0,30023394.0
2014-06-25,14.6,14.63,14.5,14.43,968051.0,8231389.0
2014-06-24,14.52,14.63,14.58,14.41,1316341.0,11218688.0
2014-06-23,14.48,14.57,14.52,14.35,487150.0,4135164.0
2014-06-20,14.58,14.65,14.5,14.36,1411445.0,11961693.0
2014-06-19,14.74,14.76,14.67,14.21,1543231.0,13139341.0
2014-06-18,14.74,14.98,14.74,14.52,1207223.0,10423380.0
2014-06-17,14.87,14.99,14.74,14.74,1056602.0,9213772.0
2014-06-16,14.81,14.91,14.87,14.63,1365705.0,11805310.0
2014-06-13,14.65,14.77,14.77,14.53,995852.0,8562750.0
2014-06-12,14.89,14.89,14.67,14.46,1225021.0,10513019.0
2014-06-11,14.82,14.99,14.89,14.65,1294012.0,11255547.0
2014-06-10,14.82,14.99,14.89,14.5,2121087.0,18358334.0
2014-06-09,14.41,14.99,14.91,14.36,2926103.0,25311620.0
2014-06-06,14.6,14.72,14.55,14.31,1495882.0,12751010.0
2014-06-05,14.57,14.62,14.6,14.4,1273497.0,10841228.0
2014-06-04,15.1,15.21,14.62,14.33,3752638.0,32117628.0
2014-06-03,15.3,15.3,15.1,14.7,1864320.0,16451346.0
2014-05-30,15.35,15.49,15.23,14.98,1654830.0,14686714.0
2014-05-29,15.3,15.64,15.34,15.15,1952273.0,17688868.0
2014-05-28,15.25,15.44,15.35,15.1,1446448.0,13006512.0
2014-05-27,15.49,15.51,15.25,15.15,1736151.0,15597245.0
2014-05-26,15.18,15.49,15.35,14.96,3333390.0,29886854.0
2014-05-23,14.62,15.23,15.16,14.4,2598021.0,22750392.0
2014-05-22,14.41,14.72,14.58,14.35,1133712.0,9692064.0
2014-05-21,14.53,14.62,14.58,14.35,1016698.0,8656402.0
2014-05-20,14.58,14.62,14.46,14.36,1068024.0,9046962.0
2014-05-19,14.46,14.62,14.57,14.31,1320787.0,11159850.0
2014-05-16,14.84,14.93,14.63,14.33,2357896.0,20278366.0
2014-05-15,15.03,15.1,14.84,14.5,3064299.0,26480044.0
2014-05-14,15.01,15.3,15.01,14.84,3895882.0,34364712.0
2014-05-13,14.89,15.27,14.86,14.67,2657654.0,23158536.0
2014-05-12,14.57,15.16,14.93,14.5,3562341.0,30982104.0
2014-05-09,14.76,14.76,14.46,14.05,2365892.0,19872768.0
2014-05-08,15.01,15.15,14.76,14.62,2266334.0,19773808.0
2014-05-07,14.93,15.13,14.96,14.86,2154083.0,18898960.0
2014-05-06,14.77,14.96,14.91,14.69,1584465.0,13792724.0
2014-05-05,14.76,14.89,14.79,14.55,977471.0,8458597.0
2014-04-30,14.63,14.87,14.76,14.45,2058042.0,17695092.0
2014-04-29,14.62,14.79,14.76,14.04,3341526.0,28031578.0
2014-04-28,15.35,15.35,14.45,14.45,3382698.0,29131596.0
2014-04-25,16.09,16.39,15.52,15.51,1971005.0,18309344.0
2014-04-24,15.97,16.31,16.09,15.59,2242194.0,20909268.0
2014-04-23,16.2,16.44,16.14,16.09,1932235.0,18420772.0
2014-04-22,16.41,16.55,16.07,15.57,3983977.0,37102132.0
2014-04-21,16.55,16.94,16.5,16.26,1520990.0,14732237.0
2014-04-18,16.55,16.72,16.55,16.2,2077340.0,20110242.0
2014-04-17,16.99,17.09,16.51,16.39,3239876.0,31554354.0
2014-04-16,17.06,17.54,16.97,16.56,2953066.0,29625510.0
2014-04-15,17.01,17.26,17.16,16.63,4324532.0,42806824.0
2014-04-14,17.36,17.54,17.19,16.92,2514735.0,25302106.0
2014-04-11,17.19,17.42,17.19,16.73,3041127.0,30610440.0
2014-04-10,17.81,17.81,17.16,16.97,4769635.0,48370864.0
2014-04-09,18.08,18.17,17.76,17.48,3214928.0,33459402.0
2014-04-08,18.15,18.76,18.13,17.65,4479920.0,47808108.0
2014-04-04,17.23,18.61,18.2,17.07,4783349.0,50766988.0
2014-04-03,17.69,17.74,17.4,17.23,2800496.0,28674144.0
2014-04-02,17.13,18.05,17.69,16.95,7260392.0,75593632.0
2014-04-01,16.97,17.47,16.97,16.72,3584592.0,35727900.0
2014-03-31,16.46,17.14,16.97,16.2,7853966.0,77437824.0
2014-03-28,16.55,16.58,16.34,15.91,9499019.0,90122480.0
2014-03-27,16.89,17.28,16.72,16.72,7911318.0,79057080.0
2014-03-26,17.94,17.94,16.97,16.87,6651353.0,66901852.0
2014-03-25,17.57,18.61,17.57,17.19,14537876.0,151735184.0
2014-03-24,16.0,17.18,17.18,16.0,14388256.0,142869360.0
2014-03-21,14.19,15.85,15.61,13.68,10412302.0,93102320.0
2014-03-20,14.19,14.63,14.41,14.07,3691823.0,31202676.0
2014-03-19,15.06,15.13,14.18,14.0,6689014.0,56194584.0
2014-03-18,15.51,15.64,15.2,15.15,1136726.0,10217561.0
2014-03-17,15.39,15.68,15.45,15.13,1506174.0,13639682.0
2014-03-14,15.16,15.37,15.34,15.04,1710971.0,15258582.0
2014-03-13,15.01,15.34,15.13,14.96,1450713.0,12855504.0
2014-03-12,14.94,15.3,15.23,14.76,2029376.0,17952162.0
2014-03-11,14.63,15.04,14.98,14.53,1949555.0,16912590.0
2014-03-10,14.98,14.98,14.65,14.33,1707132.0,14655228.0
2014-03-07,15.32,15.66,15.06,15.06,1555536.0,14014452.0
2014-03-06,14.87,15.71,15.37,14.5,3630833.0,32058494.0
2014-03-05,14.84,15.16,14.84,14.7,1657550.0,14522043.0
2014-03-04,14.99,14.99,14.87,14.69,1702251.0,14797718.0
2014-03-03,14.94,15.01,14.81,14.76,1817169.0,15836360.0
2014-02-28,14.89,15.04,14.91,14.67,1501571.0,13098300.0
2014-02-27,14.86,15.16,14.89,14.58,2293326.0,20022644.0
2014-02-26,14.69,14.87,14.84,14.43,2607145.0,22410384.0
2014-02-25,15.35,15.39,14.79,14.57,5363401.0,46350352.0
2014-02-24,16.89,17.21,15.39,15.35,5508368.0,51020612.0
2014-02-21,17.14,17.4,17.06,16.73,2182770.0,21727560.0
2014-02-20,17.5,17.54,17.16,16.84,3995597.0,39915580.0
2014-02-19,16.77,17.43,17.42,16.66,5211532.0,52328136.0
2014-02-18,16.43,16.85,16.84,16.43,4018810.0,39361556.0
2014-02-17,16.55,16.72,16.39,16.14,3071200.0,29484182.0
2014-02-14,16.46,16.55,16.38,16.05,1928012.0,18333186.0
2014-02-13,16.89,16.95,16.29,16.29,1573775.0,15379136.0
2014-02-12,16.82,17.04,16.89,16.72,1458482.0,14383477.0
2014-02-11,16.89,17.38,16.89,16.75,1871855.0,18619018.0
2014-02-10,16.53,16.92,16.92,16.38,2660174.0,26110016.0
2014-02-07,16.63,16.63,16.53,16.12,1064150.0,10238820.0
2014-01-30,16.19,16.72,16.63,16.09,1435449.0,13870164.0
2014-01-29,16.27,16.27,16.19,16.0,1350148.0,12749955.0
2014-01-28,16.72,16.79,16.29,16.03,2594323.0,24723228.0
2014-01-27,16.89,17.01,16.7,16.2,3346092.0,32704358.0
2014-01-24,16.36,17.04,16.89,16.2,2640510.0,25945882.0
2014-01-23,16.51,16.63,16.34,16.0,2021746.0,19296060.0
2014-01-22,15.61,16.48,16.34,15.37,4396614.0,41569196.0
2014-01-21,15.21,15.57,15.52,15.03,2724510.0,24499418.0
2014-01-20,14.48,15.15,15.15,14.35,4077098.0,35487244.0
2014-01-17,14.46,14.65,14.5,14.28,1547691.0,13112197.0
2014-01-16,14.55,14.6,14.57,14.38,2122937.0,18022164.0
2014-01-15,14.65,14.79,14.58,14.28,3428106.0,28969222.0
2014-01-14,14.55,14.65,14.62,14.36,1135462.0,9673917.0
2014-01-13,14.48,14.63,14.55,14.26,1627208.0,13784561.0
2014-01-10,14.79,14.79,14.48,14.36,973794.0,8260151.0
2014-01-09,14.58,14.93,14.81,14.29,2205055.0,18955912.0
2014-01-08,15.25,15.32,14.58,14.35,3318791.0,28636748.0
2014-01-07,15.35,15.52,15.25,15.1,1322401.0,11834628.0
2014-01-06,15.57,15.78,15.34,15.18,1809636.0,16392301.0
2014-01-03,15.66,15.66,15.54,15.37,1068641.0,9685850.0
2014-01-02,15.76,15.85,15.57,15.49,2388444.0,21868444.0
2013-12-31,15.44,15.86,15.76,15.27,3152041.0,28601850.0
2013-12-30,15.45,15.62,15.39,15.13,2067881.0,18581456.0
2013-12-27,15.32,15.52,15.44,15.06,2109550.0,19001148.0
2013-12-26,15.78,15.86,15.35,14.91,2823060.0,25345296.0
2013-12-25,16.17,16.2,15.76,15.44,2007824.0,18554100.0
2013-12-24,15.86,16.12,16.02,15.79,962413.0,9027754.0
2013-12-23,16.22,16.22,15.95,15.35,1922144.0,17868988.0
2013-12-20,16.24,16.38,16.27,15.78,2495189.0,23530776.0
2013-12-19,16.8,16.87,16.17,15.35,3631808.0,34515204.0
2013-12-18,16.85,17.04,16.7,16.53,1646904.0,16140109.0
2013-12-17,17.14,17.3,16.72,16.55,2394362.0,23747958.0
2013-12-16,17.31,17.31,16.97,16.75,1952144.0,19396392.0
2013-12-13,17.07,17.36,17.14,16.99,1446912.0,14522405.0
2013-12-12,17.06,17.55,17.14,16.92,2008603.0,20193992.0
2013-12-11,17.36,17.47,17.23,16.89,3116839.0,31376410.0
2013-12-10,17.36,17.52,17.3,16.97,2124487.0,21489304.0
2013-12-09,17.07,17.57,17.21,17.01,2206655.0,22308288.0
2013-12-06,16.89,17.35,17.21,16.8,4324477.0,43578948.0
2013-12-05,16.82,16.99,16.8,16.6,4069294.0,39903004.0
2013-12-04,16.53,17.01,16.97,16.38,4146096.0,40513916.0
2013-12-03,16.12,16.7,16.53,16.05,1724090.0,16489176.0
2013-12-02,16.75,17.04,16.14,16.05,2329179.0,22651162.0
2013-11-29,17.23,17.33,17.14,17.07,1697099.0,17099506.0
2013-11-28,16.99,17.31,17.23,16.95,2766760.0,27808140.0
2013-11-27,17.02,17.18,16.92,16.68,4447666.0,44144640.0
2013-11-26,17.47,17.47,17.02,16.85,2796469.0,28067362.0
2013-11-25,17.64,17.88,17.4,17.25,3569268.0,36431536.0
2013-11-22,17.91,18.17,18.06,17.81,1169630.0,12304543.0
2013-11-21,18.25,18.25,18.06,17.84,914299.0,9655786.0
2013-11-20,18.37,18.41,18.25,18.15,966850.0,10332318.0
2013-11-19,18.27,18.39,18.25,18.0,1487401.0,15837669.0
2013-11-18,17.74,18.37,18.25,17.74,2143320.0,22910206.0
2013-11-15,17.67,18.42,17.89,17.62,2514295.0,26670976.0
2013-11-14,17.07,17.52,17.5,17.07,1290791.0,13166763.0
2013-11-13,17.48,17.55,17.33,17.16,748781.0,7597546.0
2013-11-12,17.28,17.43,17.33,16.97,1610248.0,16264128.0
2013-11-11,17.25,17.57,17.43,16.7,2039071.0,20511016.0
2013-11-08,17.26,17.42,17.21,16.85,2750779.0,27653546.0
2013-11-07,18.34,18.39,17.25,17.04,4008938.0,41329652.0
2013-11-06,18.83,18.97,18.58,18.41,1599368.0,17431518.0
2013-11-05,18.87,18.93,18.83,18.63,1317459.0,14503171.0
2013-11-04,19.19,19.29,18.98,18.85,1985428.0,22145048.0
2013-11-01,19.39,19.39,19.29,18.92,1800163.0,20332386.0
2013-10-31,18.35,19.5,19.39,18.27,5978206.0,67499720.0
2013-10-30,18.06,18.51,18.25,18.05,1761389.0,18882632.0
2013-10-29,18.59,19.19,18.0,17.86,2503753.0,27031140.0
2013-10-28,18.42,18.68,18.63,18.22,1522754.0,16436608.0
2013-10-25,19.67,19.67,18.73,18.22,4919074.0,53894160.0
2013-10-24,19.63,20.13,19.43,19.24,5496132.0,63190240.0
2013-10-23,19.82,20.11,20.11,19.27,6215851.0,71577200.0
2013-10-22,19.97,20.13,20.13,19.17,8994033.0,103571472.0
2013-10-21,20.3,20.38,19.97,19.55,5279790.0,61806316.0
2013-10-18,20.32,20.57,20.32,20.06,3546296.0,42100896.0
2013-10-17,20.3,20.52,20.47,20.11,3316538.0,39570364.0
2013-10-16,20.21,20.67,20.26,20.18,3056202.0,36392432.0
2013-10-15,20.64,20.76,20.55,19.79,4886659.0,58162632.0
2013-10-14,21.08,21.32,20.35,20.25,6114758.0,73723592.0
2013-10-11,20.76,22.07,21.02,20.64,10296203.0,128777000.0
2013-10-10,20.64,21.15,20.71,20.59,4279104.0,52195980.0
2013-10-09,20.57,21.37,20.71,20.47,8791895.0,107430552.0
2013-10-08,20.43,21.65,20.47,19.97,5625104.0,68707256.0
2013-09-30,20.57,21.13,20.21,20.08,1893743.0,22770186.0
2013-09-27,20.5,20.86,20.52,20.33,1538414.0,18619156.0
2013-09-26,21.08,21.36,20.5,20.13,5918623.0,71880616.0
2013-09-25,21.3,21.41,21.36,20.89,2453583.0,30328418.0
2013-09-24,22.18,22.26,21.34,20.98,6347446.0,80090400.0
2013-09-23,22.21,22.7,22.29,21.89,2723981.0,35391776.0
2013-09-18,22.26,22.64,22.29,21.83,2164370.0,28159276.0
2013-09-17,23.54,23.81,22.34,22.34,3108298.0,41654900.0
2013-09-16,22.7,23.9,23.54,22.53,2867098.0,39265976.0
2013-09-13,23.45,23.45,22.87,22.48,2215681.0,29636276.0
2013-09-12,22.82,23.64,23.39,22.77,3164882.0,43203336.0
2013-09-11,23.21,23.85,23.44,22.55,3786215.0,51643524.0
2013-09-10,22.26,23.23,23.21,22.18,5168851.0,68982704.0
2013-09-09,22.72,23.62,22.04,21.32,5583834.0,74480312.0
2013-09-06,21.89,22.99,22.72,21.87,4841429.0,64208520.0
2013-09-05,20.91,21.99,21.99,20.91,10587249.0,134201544.0
2013-09-04,20.81,21.13,20.89,20.37,2433581.0,29722528.0
2013-09-03,19.96,20.79,20.78,19.96,3682180.0,44311876.0
2013-09-02,20.76,20.81,19.96,19.96,2825171.0,33554218.0
2013-08-30,21.08,21.22,20.76,20.33,3198026.0,38887856.0
2013-08-29,21.49,21.77,21.02,20.64,3341197.0,41273956.0
2013-08-28,21.53,21.94,21.71,21.18,2265136.0,28624490.0
2013-08-27,21.8,21.97,21.75,21.3,5265915.0,66641556.0
2013-08-26,22.34,23.34,21.97,21.92,7198392.0,96095264.0
2013-08-23,22.09,22.5,22.31,21.66,6968708.0,90437976.0
2013-08-22,22.19,22.26,21.97,21.77,2946285.0,38121128.0
2013-08-21,20.57,22.26,22.18,20.57,5824336.0,73918272.0
2013-08-20,20.91,21.3,20.74,20.43,4280765.0,52567480.0
2013-08-19,20.57,20.96,20.93,20.3,4807115.0,58444112.0
2013-08-16,19.27,20.69,20.52,19.27,9363106.0,111745320.0
2013-08-15,19.55,19.84,19.75,19.55,4471795.0,51816596.0
2013-08-14,20.47,20.84,19.79,19.53,3597771.0,42054028.0
2013-08-13,19.87,20.43,20.14,19.67,3704484.0,43532844.0
2013-08-12,19.21,20.67,20.09,19.02,6774996.0,79930912.0
2013-08-09,19.07,19.36,19.21,18.68,5979163.0,66724144.0
2013-08-08,19.0,19.63,19.07,19.0,4341994.0,49252972.0
2013-08-07,18.42,19.91,19.27,18.41,10364597.0,118617896.0
2013-08-06,17.84,18.23,18.1,17.54,4681191.0,49204748.0
2013-08-05,16.72,18.01,17.91,16.55,5585965.0,57379156.0
2013-08-02,16.46,16.84,16.72,16.46,2768518.0,27151280.0
2013-08-01,15.78,16.48,16.43,15.78,2929316.0,27835690.0
2013-07-31,15.86,16.2,15.98,15.79,2610726.0,24491632.0
2013-07-30,15.39,15.78,15.56,15.39,1805284.0,16557794.0
2013-07-29,15.54,15.9,15.54,15.34,1574602.0,14315684.0
2013-07-26,15.52,15.93,15.76,15.52,1278221.0,11817347.0
2013-07-25,15.68,15.83,15.57,15.51,1428359.0,13086416.0
2013-07-24,16.0,16.0,15.83,15.61,2308517.0,21313456.0
2013-07-23,15.52,16.09,16.0,15.52,2574819.0,23988898.0
2013-07-22,15.79,16.2,15.76,14.87,4123256.0,37719172.0
2013-07-19,16.0,16.32,16.02,15.97,2725753.0,25818942.0
2013-07-18,16.27,16.38,16.09,16.0,1337994.0,12675148.0
2013-07-17,16.48,16.7,16.32,16.27,2221561.0,21454856.0
2013-07-16,17.04,17.11,16.72,16.38,3865503.0,37660908.0
2013-07-15,17.21,17.21,16.92,16.84,2988417.0,29704960.0
2013-07-12,17.11,17.14,17.06,16.77,3703835.0,36896400.0
2013-07-11,16.73,17.31,17.11,16.58,7032227.0,70059896.0
2013-07-10,16.36,16.66,16.63,15.97,5044607.0,48197280.0
2013-07-09,16.89,16.89,16.44,16.03,5610236.0,54449040.0
2013-07-08,15.86,16.03,15.83,15.54,2308456.0,21428346.0
2013-07-05,15.66,16.24,16.0,15.37,3227918.0,30159062.0
2013-07-04,14.89,15.78,15.61,14.89,2796609.0,25365424.0
2013-07-03,15.62,15.78,15.11,15.06,1826011.0,16421266.0
2013-07-02,15.69,15.86,15.62,15.44,2252450.0,20587224.0
2013-07-01,15.45,15.73,15.56,15.34,2263362.0,20581554.0
2013-06-28,15.03,15.86,15.4,14.7,2744956.0,24916456.0
2013-06-27,14.93,15.56,15.15,14.48,2899118.0,25602978.0
2013-06-26,14.89,15.3,15.01,14.28,1825334.0,16046161.0
2013-06-25,15.35,15.64,14.93,14.04,4288076.0,36563200.0
2013-06-24,16.36,16.36,15.59,14.84,2749617.0,25269462.0
2013-06-21,16.22,16.65,16.29,16.07,1476552.0,14065238.0
2013-06-20,16.14,16.79,16.48,16.0,1928418.0,18544834.0
2013-06-19,16.26,16.26,16.14,15.83,1117813.0,10513307.0
2013-06-18,16.26,16.29,16.27,16.07,1050591.0,9976651.0
2013-06-17,16.29,16.48,16.24,16.0,1665250.0,15780366.0
2013-06-14,16.0,16.38,16.36,15.61,1917209.0,18055048.0
2013-06-13,16.55,16.55,16.0,15.49,1495534.0,13835493.0
2013-06-07,17.4,17.4,16.68,16.53,2620149.0,25870178.0
2013-06-06,17.06,17.06,16.24,16.22,2928321.0,28327264.0
2013-06-05,17.54,17.65,16.89,16.89,3131020.0,31384758.0
2013-06-04,17.74,17.89,17.54,17.45,1647071.0,17020526.0
2013-06-03,17.95,18.13,17.79,17.62,1825649.0,19186064.0
2013-05-31,18.34,18.41,17.98,17.81,2556639.0,27067002.0
2013-05-30,18.22,18.68,18.15,18.15,2417081.0,26019434.0
2013-05-29,18.1,18.9,18.35,18.1,3944685.0,42814312.0
2013-05-28,17.4,18.11,18.1,17.13,4007171.0,41706300.0
2013-05-27,17.38,17.54,17.38,17.11,1879778.0,19130320.0
2013-05-24,17.26,17.47,17.42,17.04,2303724.0,23237298.0
2013-05-23,17.42,17.62,17.25,17.02,2390242.0,24264630.0
2013-05-22,17.65,17.77,17.48,17.4,2873741.0,29585332.0
2013-05-21,17.64,17.84,17.67,17.59,2029611.0,21059164.0
2013-05-20,18.03,18.1,17.66,17.62,4016112.0,41993528.0
2013-05-17,17.28,17.96,17.91,17.02,4109076.0,42247528.0
2013-05-16,17.02,17.35,17.21,16.95,4025622.0,40501724.0
2013-05-15,16.66,17.06,17.02,16.66,3656429.0,36234036.0
2013-05-14,17.26,17.36,16.68,16.29,5998109.0,58757244.0
2013-05-13,18.23,18.23,17.16,17.06,4179214.0,42637228.0
2013-05-10,18.34,18.59,18.23,17.95,1326951.0,14170725.0
2013-05-09,19.05,19.21,18.51,18.34,1580590.0,17184266.0
2013-05-08,18.51,20.21,18.85,18.51,1949669.0,21665056.0
2013-05-07,18.63,18.92,18.56,18.25,1915739.0,20843042.0
2013-05-06,18.63,19.19,18.68,18.34,2181653.0,23721824.0
2013-05-03,18.42,19.0,18.66,18.42,2197079.0,24101926.0
2013-05-02,18.03,18.52,18.42,17.82,1990250.0,21318234.0
2013-04-26,17.91,18.25,17.96,17.74,1444583.0,15231297.0
2013-04-25,18.46,18.46,17.93,17.82,3346117.0,35581196.0
2013-04-24,18.08,18.66,18.51,18.08,3192809.0,34416640.0
2013-04-23,18.56,18.59,18.13,17.95,4225437.0,44981448.0
2013-04-22,18.98,19.19,18.56,18.35,5063924.0,55404944.0
2013-04-19,19.07,19.26,19.19,18.87,3254256.0,36425748.0
2013-04-18,19.1,19.22,19.07,18.85,3592549.0,40027212.0
2013-04-17,18.95,19.62,19.24,18.85,6419857.0,72361488.0
2013-04-16,18.7,18.9,18.9,18.47,4038924.0,44182792.0
2013-04-15,18.85,18.93,18.7,18.41,2751198.0,30114890.0
2013-04-12,18.76,19.1,18.83,18.46,2912416.0,32088644.0
2013-04-11,18.61,18.98,18.76,18.27,4534727.0,49524472.0
2013-04-10,19.43,19.45,18.82,18.46,5703204.0,63134432.0
2013-04-09,18.32,19.31,18.97,18.17,6763304.0,75241176.0
2013-04-08,17.59,18.37,18.32,17.25,3545183.0,37298184.0
2013-04-03,17.77,18.05,17.86,17.69,2218329.0,23284042.0
2013-04-02,17.82,18.18,17.76,17.57,2566020.0,26800116.0
2013-04-01,16.6,18.08,17.82,16.51,5474351.0,56439000.0
2013-03-29,16.55,16.82,16.66,16.43,2740444.0,26721460.0
2013-03-28,16.72,16.79,16.55,16.26,4201115.0,40595712.0
2013-03-27,16.72,16.97,16.75,16.48,3116214.0,30602980.0
2013-03-26,16.43,16.99,16.73,16.2,4672919.0,45391316.0
2013-03-25,16.85,17.21,16.61,16.2,5543643.0,53998384.0
2013-03-22,16.9,17.4,16.87,16.75,6996855.0,70055952.0
2013-03-21,16.63,17.11,16.87,16.38,5522558.0,54399732.0
2013-03-20,16.12,16.65,16.61,16.02,5250292.0,50465424.0
2013-03-19,15.52,16.31,16.2,15.52,5154501.0,48311432.0
2013-03-18,15.4,15.85,15.62,15.35,2151451.0,19774654.0
2013-03-15,15.57,15.79,15.52,15.34,3739532.0,34180392.0
2013-03-14,15.4,15.81,15.57,15.34,4122602.0,37670728.0
2013-03-13,15.61,15.66,15.47,15.3,3884462.0,35251840.0
2013-03-12,15.61,16.09,15.66,15.2,7601894.0,70080392.0
2013-03-11,15.15,15.69,15.61,15.06,6294609.0,57201744.0
2013-03-08,14.53,15.73,15.23,14.53,11029203.0,97327376.0
2013-03-07,14.67,14.76,14.5,14.29,4537492.0,38606256.0
2013-03-06,14.63,14.91,14.69,14.46,5414073.0,46504080.0
2013-03-05,13.32,14.67,14.67,13.32,6975480.0,58617256.0
2013-03-04,14.19,14.41,13.34,13.13,5150094.0,41569956.0
2013-03-01,14.41,14.5,14.5,14.19,4529234.0,38085496.0
2013-02-28,14.12,14.45,14.41,14.02,2843107.0,23789938.0
2013-02-27,13.9,14.09,14.09,13.82,2064080.0,16894170.0
2013-02-26,14.11,14.18,13.92,13.85,1907300.0,15696052.0
2013-02-25,14.16,14.31,14.11,14.02,2019641.0,16755044.0
2013-02-22,13.75,14.33,14.12,13.75,2428972.0,20073804.0
2013-02-21,14.0,14.21,13.99,13.73,2283481.0,18616954.0
2013-02-20,13.94,14.46,14.04,13.66,3828357.0,31389056.0
2013-02-19,14.41,14.58,13.95,13.87,2223900.0,18336362.0
2013-02-18,14.46,14.81,14.41,14.36,1507056.0,12846155.0
2013-02-08,14.18,14.45,14.45,14.16,1795889.0,15108460.0
2013-02-07,14.33,14.4,14.16,14.02,1032258.0,8593627.0
2013-02-06,14.43,14.5,14.33,14.09,1663139.0,13942418.0
2013-02-05,14.14,14.62,14.41,14.0,3298309.0,27797344.0
2013-02-04,13.82,14.35,14.23,13.66,4232839.0,34772196.0
2013-02-01,13.61,13.94,13.92,13.41,2285287.0,18411154.0
2013-01-31,14.29,14.29,13.61,13.56,4075254.0,32906534.0
2013-01-30,13.82,14.31,14.16,13.75,6323277.0,52146468.0
2013-01-29,13.92,14.21,13.85,13.75,3923805.0,32138556.0
2013-01-28,13.71,13.95,13.94,13.65,3779273.0,30654770.0
2013-01-25,13.44,13.92,13.78,13.24,4956545.0,39698704.0
2013-01-24,13.36,13.54,13.39,13.12,5842894.0,45777340.0
2013-01-23,13.39,13.65,13.41,13.1,5804449.0,45304388.0
2013-01-22,13.68,13.88,13.61,13.17,5342843.0,42436412.0
2013-01-21,13.65,14.11,13.77,13.65,2415941.0,19615826.0
2013-01-18,13.7,13.97,13.82,13.41,3878567.0,31281054.0
2013-01-17,14.46,14.46,13.71,13.6,4572436.0,37142380.0
2013-01-16,14.84,14.84,14.4,14.19,2653438.0,22357944.0
2013-01-15,14.67,14.93,14.67,14.35,5296123.0,45310328.0
2013-01-14,13.9,14.43,14.4,13.85,3130593.0,25991816.0
2013-01-11,14.24,14.29,13.9,13.83,3394504.0,27810788.0
2013-01-10,14.09,14.43,14.12,13.82,3263770.0,27001842.0
2013-01-09,14.16,14.35,14.14,13.99,3836099.0,31994294.0
2013-01-08,13.71,14.43,14.23,13.65,6812511.0,55884404.0
2013-01-07,13.77,13.97,13.75,13.6,4150693.0,33439358.0
2013-01-04,13.68,13.97,13.82,13.36,5758903.0,46104004.0
2012-12-31,13.3,13.8,13.56,13.13,4367744.0,34513644.0
2012-12-28,12.55,13.19,13.05,12.55,4209749.0,31611162.0
2012-12-27,12.84,12.96,12.59,12.4,4792000.0,35529696.0
2012-12-26,12.61,12.88,12.79,12.49,4153518.0,30875340.0
2012-12-25,11.97,12.88,12.61,11.86,5453249.0,40265752.0
2012-12-24,11.7,12.04,11.97,11.67,2244987.0,15565329.0
2012-12-21,12.18,12.18,11.82,11.75,2428562.0,16958734.0
2012-12-20,11.82,12.14,12.11,11.74,3253616.0,22771596.0
2012-12-19,11.84,12.06,11.94,11.67,2829501.0,19727318.0
2012-12-18,12.11,12.37,12.01,11.86,7918459.0,56209240.0
2012-12-17,10.97,12.2,12.2,10.97,10785609.0,75005072.0
2012-12-14,10.85,11.48,11.09,10.85,5219898.0,33928608.0
2012-12-13,10.64,10.71,10.7,10.51,1224828.0,7626312.0
2012-12-12,10.66,10.68,10.58,10.51,265784.0,1650221.0
2012-12-11,10.73,10.8,10.58,10.42,1047834.0,6565695.0
2012-12-10,10.78,10.78,10.73,10.63,989320.0,6204067.0
2012-12-07,10.44,10.64,10.64,10.42,914190.0,5672536.0
2012-12-06,10.68,10.76,10.54,10.4,629976.0,3911051.0
2012-12-05,10.35,10.8,10.71,10.35,1764315.0,11041064.0
2012-12-04,10.54,10.54,10.49,10.23,530506.0,3219124.0
2012-12-03,10.37,10.56,10.42,10.34,301424.0,1844246.0
2012-11-30,10.27,10.66,10.56,10.18,976300.0,5952590.0
2012-11-29,10.32,10.66,10.34,10.25,442531.0,2715330.0
2012-11-28,10.66,10.66,10.37,9.96,968670.0,5827466.0
2012-11-27,10.81,10.81,10.68,10.58,601947.0,3764022.0
2012-11-26,10.92,10.93,10.81,10.73,270027.0,1718614.0
2012-11-23,10.81,11.0,10.92,10.81,406514.0,2600511.0
2012-11-22,11.07,11.07,10.93,10.88,356636.0,2291513.0
2012-11-21,10.92,11.05,11.05,10.85,832162.0,5363180.0
2012-11-20,10.97,10.98,10.92,10.8,511801.0,3271458.0
2012-11-19,10.68,10.88,10.83,10.68,487110.0,3088563.0
2012-11-16,10.78,10.78,10.75,10.64,468189.0,2937324.0
2012-11-15,10.7,10.9,10.8,10.58,973433.0,6163548.0
2012-11-14,10.73,10.87,10.8,10.64,768452.0,4837133.0
2012-11-13,10.83,10.88,10.78,10.54,889144.0,5574710.0
2012-11-12,10.92,10.97,10.85,10.81,652752.0,4153797.0
2012-11-09,10.83,10.98,10.92,10.81,1034231.0,6605015.0
2012-11-08,10.9,11.09,10.92,10.8,1749572.0,11226091.0
2012-11-07,10.71,10.95,10.95,10.61,846022.0,5348961.0
2012-11-06,10.92,10.92,10.75,10.68,703804.0,4434892.0
2012-11-05,11.09,11.09,10.93,10.8,1362104.0,8707801.0
2012-11-02,10.88,11.14,11.07,10.85,2256450.0,14552450.0
2012-11-01,10.78,11.04,10.87,10.59,1891676.0,12006292.0
2012-10-31,10.81,10.81,10.64,10.4,2139300.0,13298650.0
2012-10-30,10.9,10.9,10.85,10.73,734558.0,4660451.0
2012-10-29,10.76,10.93,10.9,10.76,1289340.0,8227696.0
2012-10-26,10.68,10.78,10.75,10.58,674994.0,4220219.0
2012-10-25,11.09,11.09,10.7,10.61,1122730.0,7132579.0
2012-10-24,10.85,11.02,10.92,10.85,1074584.0,6879327.0
2012-10-23,11.05,11.19,10.97,10.92,1747943.0,11292585.0
2012-10-22,11.24,11.24,11.16,11.07,1428907.0,9307393.0
2012-10-19,11.22,11.26,11.24,11.16,416411.0,2734673.0
2012-10-18,11.02,11.26,11.26,11.02,1245312.0,8149607.0
2012-10-17,11.04,11.31,11.09,11.0,1044001.0,6845887.0
2012-10-16,11.17,11.17,11.05,10.97,472708.0,3061422.0
2012-10-15,11.02,11.14,11.14,10.81,672490.0,4328316.0
2012-10-12,11.04,11.17,11.04,10.58,1926097.0,12314274.0
2012-10-11,11.36,11.36,11.04,11.02,1091486.0,7163257.0
2012-10-10,10.88,11.1,11.02,10.88,1105801.0,7154785.0
2012-10-09,10.92,11.04,11.02,10.83,604000.0,3888631.0
2012-10-08,10.8,10.9,10.87,10.75,465584.0,2948852.0
2012-09-28,10.53,10.92,10.81,10.42,1041476.0,6550918.0
2012-09-27,10.52,10.71,10.47,10.4,1137950.0,7009407.0
2012-09-26,10.78,10.95,10.49,10.37,1115574.0,6881709.0
2012-09-25,10.87,11.12,10.83,10.83,453950.0,2909716.0
2012-09-24,10.83,11.16,11.07,10.64,1029415.0,6568150.0
2012-09-21,11.22,11.48,11.07,10.97,1909342.0,12512770.0
2012-09-20,11.19,11.19,10.98,10.8,610867.0,3930719.0
2012-09-19,11.31,11.31,11.22,11.1,424761.0,2786014.0
2012-09-18,11.14,11.28,11.24,11.09,629793.0,4128493.0
2012-09-17,11.39,11.39,11.21,11.12,635904.0,4180900.0
2012-09-14,11.48,11.51,11.39,11.26,807827.0,5386789.0
2012-09-13,11.46,11.74,11.48,11.46,1360096.0,9244515.0
2012-09-12,11.62,11.67,11.55,11.41,1161546.0,7821767.0
2012-09-11,11.67,11.67,11.62,11.48,1031189.0,6993992.0
2012-09-10,11.63,11.86,11.67,11.56,1770577.0,12113890.0
2012-09-07,11.26,11.77,11.63,11.26,3615718.0,24444604.0
2012-09-06,11.17,11.26,11.24,11.02,1317200.0,8618375.0
2012-09-05,11.28,11.28,11.22,11.09,350693.0,2300548.0
2012-09-04,11.36,11.43,11.21,11.16,686000.0,4530390.0
2012-09-03,11.17,11.41,11.36,11.12,1297386.0,8606968.0
2012-08-31,11.21,11.36,11.21,10.93,1314860.0,8599212.0
2012-08-30,11.26,11.39,11.14,10.92,1387894.0,9053369.0
2012-08-29,11.43,11.55,11.41,11.17,1566858.0,10452713.0
2012-08-28,11.28,11.53,11.45,11.26,1444805.0,9670830.0
2012-08-27,11.39,11.55,11.33,11.21,1436830.0,9568668.0
2012-08-24,11.48,11.63,11.48,11.36,1227867.0,8261763.0
2012-08-23,11.48,11.68,11.55,11.46,1491515.0,10098455.0
2012-08-22,11.96,11.96,11.5,11.45,1784138.0,12146713.0
2012-08-21,11.92,12.08,11.94,11.84,1030407.0,7223175.0
2012-08-20,11.75,11.87,11.87,11.65,343788.0,2372404.0
2012-08-17,11.77,11.87,11.87,11.7,480234.0,3316198.0
2012-08-16,11.7,11.91,11.77,11.63,1730261.0,11921388.0
2012-08-15,11.86,11.91,11.77,11.68,1462357.0,10101492.0
2012-08-14,12.03,12.16,11.86,11.68,2638930.0,18346350.0
2012-08-13,12.44,12.44,12.11,11.92,3221710.0,22978154.0
2012-08-10,12.16,12.54,12.25,12.16,1823890.0,13190093.0
2012-08-09,12.18,12.4,12.28,12.09,2585126.0,18557814.0
2012-08-08,12.26,12.44,12.28,12.11,2156580.0,15496640.0
2012-08-07,11.79,12.4,12.35,11.65,4336773.0,30990324.0
2012-08-06,11.07,11.77,11.74,11.07,1927929.0,12915388.0
2012-08-03,11.41,11.43,11.17,11.07,1883624.0,12393932.0
2012-08-02,11.51,11.51,11.31,11.19,1418200.0,9371915.0
2012-08-01,11.41,11.45,11.43,11.31,861434.0,5761424.0
2012-07-31,11.39,11.39,11.33,11.14,1322386.0,8735567.0
2012-07-30,11.56,11.6,11.28,11.09,1005951.0,6682431.0
2012-07-27,11.91,11.91,11.56,11.46,1710548.0,11686192.0
2012-07-26,11.84,11.99,11.84,11.68,1603961.0,11148131.0
2012-07-25,11.97,12.11,11.86,11.74,1898453.0,13239276.0
2012-07-24,12.03,12.11,11.97,11.8,1454079.0,10205726.0
2012-07-23,11.82,12.16,11.97,11.74,1144651.0,8027551.0
2012-07-20,12.16,12.16,11.94,11.45,1489000.0,10386257.0
2012-07-19,12.25,12.33,12.14,11.99,2005770.0,14317526.0
2012-07-18,12.2,12.54,12.11,11.91,4445953.0,31768772.0
2012-07-17,11.77,12.37,12.32,11.67,3402106.0,24050244.0
2012-07-16,11.74,11.82,11.74,11.63,1341730.0,9210422.0
2012-07-13,11.87,11.87,11.82,11.56,2078393.0,14278162.0
2012-07-12,11.77,11.91,11.8,11.6,1993290.0,13763479.0
2012-07-11,11.72,11.75,11.7,11.45,972886.0,6625129.0
2012-07-10,11.68,11.75,11.68,11.43,1411369.0,9570867.0
2012-07-09,11.79,11.84,11.68,11.45,1675511.0,11430517.0
2012-07-06,11.68,11.87,11.8,11.36,1946933.0,13243150.0
2012-07-04,11.51,11.53,11.48,11.31,835900.0,5598164.0
2012-07-03,11.34,11.51,11.41,11.22,721528.0,4800892.0
2012-07-02,11.07,11.31,11.26,11.07,785746.0,5169371.0
2012-06-29,11.02,11.05,11.0,10.87,1198820.0,7707061.0
2012-06-28,11.09,11.21,10.97,10.85,1228416.0,7932475.0
2012-06-27,11.17,11.26,11.16,11.09,1026820.0,6705854.0
2012-06-26,11.26,11.34,11.17,10.95,1226544.0,7999839.0
2012-06-25,11.68,11.68,11.39,11.28,1501192.0,10058073.0
2012-06-21,11.68,11.7,11.67,11.6,797289.0,5435183.0
2012-06-20,11.65,11.7,11.7,11.56,1022948.0,6969389.0
2012-06-18,11.58,11.7,11.6,11.55,1150863.0,7843424.0
2012-06-15,11.72,11.84,11.58,11.43,2595691.0,17662078.0
2012-06-14,12.09,12.11,11.74,11.74,1713288.0,11961972.0
2012-06-13,12.03,12.13,12.03,11.77,2689905.0,18918720.0
2012-06-12,12.16,12.2,11.99,11.87,1926961.0,13552089.0
2012-06-11,11.91,12.23,12.14,11.82,2566983.0,18140478.0
2012-06-08,11.86,11.86,11.82,11.63,1656842.0,11443554.0
2012-06-07,11.87,11.89,11.68,11.55,1881810.0,12974685.0
2012-06-06,11.43,11.75,11.72,11.36,2216525.0,15076198.0
2012-06-05,11.58,11.63,11.43,11.29,1737673.0,11633482.0
2012-06-04,11.96,11.96,11.51,11.43,3748550.0,25634518.0
2012-06-01,12.06,12.3,12.14,11.99,2245953.0,15991328.0
2012-05-31,11.96,12.06,12.06,11.82,1804768.0,12668668.0
2012-05-30,12.2,12.3,12.08,11.97,2511169.0,17810252.0
2012-05-29,12.04,12.3,12.18,11.99,4678833.0,33426838.0
2012-05-28,11.68,12.08,12.08,11.55,2258247.0,15615690.0
2012-05-25,11.77,11.86,11.75,11.55,2131546.0,14560866.0
2012-05-24,11.89,12.16,11.75,11.6,2737485.0,19161994.0
2012-05-23,11.89,12.2,12.01,11.68,2948169.0,20704512.0
2012-05-22,11.97,12.2,11.87,11.86,2682759.0,18839972.0
2012-05-21,11.6,12.11,11.92,11.6,2834614.0,19738432.0
2012-05-18,11.92,12.04,11.67,11.43,3244521.0,22351368.0
2012-05-17,11.96,12.06,12.06,11.72,4020138.0,28086802.0
2012-05-16,11.6,12.42,12.03,11.56,9046366.0,63710948.0
2012-05-15,11.29,11.7,11.63,11.17,5285789.0,35771828.0
2012-05-14,11.24,11.38,11.28,11.02,3212808.0,21192740.0
2012-05-11,11.07,11.1,11.05,10.88,1361204.0,8761718.0
2012-05-10,10.9,11.09,10.98,10.88,1407289.0,9040654.0
2012-05-09,11.22,11.24,10.92,10.9,1825916.0,11875978.0
2012-05-08,11.19,11.33,11.26,11.14,1215022.0,8002535.0
2012-05-07,11.05,11.24,11.17,11.04,2080630.0,13564278.0
2012-05-04,11.46,11.48,11.19,11.09,2945203.0,19426560.0
2012-05-03,11.29,11.48,11.46,11.22,1910679.0,12736431.0
2012-05-02,11.41,11.51,11.36,11.05,3009032.0,19858784.0
2012-04-27,11.34,11.36,11.26,10.95,3058514.0,19923332.0
2012-04-26,11.74,11.77,11.34,11.21,4802306.0,32104906.0
2012-04-25,11.19,11.91,11.72,11.19,6097732.0,41423052.0
2012-04-24,11.38,11.56,11.29,11.0,4841294.0,31975842.0
2012-04-23,11.14,11.5,11.43,11.09,7251565.0,48105428.0
2012-04-20,10.83,11.51,11.22,10.75,7780535.0,51115228.0
2012-04-19,10.63,10.87,10.83,10.47,3439575.0,21561882.0
2012-04-18,10.4,10.75,10.64,10.32,3118781.0,19323742.0
2012-04-17,10.85,10.85,10.4,10.35,2816961.0,17475964.0
2012-04-16,10.81,10.95,10.71,10.58,2643839.0,16665351.0
2012-04-13,10.71,11.19,10.81,10.66,4622726.0,29579818.0
2012-04-12,10.73,10.8,10.7,10.51,3357824.0,21029010.0
2012-04-11,10.37,10.83,10.68,10.27,3655557.0,22751864.0
2012-04-10,10.12,10.4,10.4,10.0,2233520.0,13348235.0
2012-04-09,10.23,10.32,10.23,10.12,1318960.0,7911324.0
2012-04-06,10.18,10.37,10.29,10.13,2027921.0,12225038.0
2012-04-05,9.96,10.25,10.18,9.84,1706396.0,10083924.0
2012-03-30,9.77,9.89,9.82,9.72,1672495.0,9609336.0
2012-03-29,9.54,9.96,9.77,9.43,3105000.0,17775330.0
2012-03-28,10.03,10.18,9.67,9.65,2835650.0,16488054.0
2012-03-27,10.3,10.35,10.2,10.1,1617440.0,9705480.0
2012-03-26,10.18,10.3,10.25,10.12,1702533.0,10186095.0
2012-03-23,10.7,10.7,10.23,10.2,4382795.0,26632040.0
2012-03-22,11.0,11.1,10.71,10.71,5299095.0,33866624.0
2012-03-21,10.71,11.16,11.05,10.54,7252652.0,46213936.0
2012-03-20,10.54,10.8,10.7,10.32,5407211.0,33480626.0
2012-03-19,10.58,11.14,10.64,10.56,7533590.0,47910192.0
2012-03-16,10.15,10.63,10.54,10.12,5221312.0,31847956.0
2012-03-15,10.23,10.4,10.0,9.82,3323020.0,19665252.0
2012-03-14,10.88,10.98,10.35,10.08,7190093.0,44544400.0
2012-03-13,10.54,11.12,10.85,10.37,9322659.0,59233896.0
2012-03-12,10.12,10.66,10.54,10.12,7422495.0,45634692.0
2012-03-09,9.91,10.37,10.18,9.91,4733709.0,28249956.0
2012-03-08,9.82,10.0,9.95,9.82,2457755.0,14305545.0
2012-03-07,9.82,9.96,9.81,9.72,1878855.0,10833746.0
2012-03-06,10.06,10.12,9.86,9.81,3020208.0,17530244.0
2012-03-05,10.17,10.27,10.12,10.12,2292565.0,13682121.0
2012-03-02,9.82,10.22,10.17,9.82,3195739.0,18940484.0
2012-03-01,9.81,10.03,9.88,9.76,1987366.0,11565194.0
2012-02-29,10.25,10.25,9.89,9.86,3842690.0,22532532.0
2012-02-28,10.23,10.35,10.25,10.12,3395352.0,20381630.0
2012-02-27,10.34,10.49,10.23,10.22,5967749.0,36236356.0
2012-02-24,10.1,10.64,10.37,9.91,9491960.0,57374212.0
2012-02-23,10.22,10.8,10.06,10.03,7967488.0,47793824.0
2012-02-22,9.69,10.01,9.95,9.65,5198626.0,30176420.0
2012-02-21,9.67,9.82,9.69,9.45,4211192.0,23780426.0
2012-02-20,9.71,9.81,9.69,9.55,4400668.0,24887528.0
2012-02-17,9.71,9.81,9.55,9.43,3472656.0,19478330.0
2012-02-16,9.64,9.86,9.71,9.55,3638718.0,20680514.0
2012-02-15,9.42,9.69,9.64,9.3,4060883.0,22676238.0
2012-02-14,9.33,9.67,9.52,9.23,4946893.0,27493360.0
2012-02-13,9.33,9.38,9.35,9.16,3776278.0,20546610.0
2012-02-10,9.13,9.47,9.4,9.13,4544965.0,24932782.0
2012-02-09,9.13,9.3,9.21,9.13,2863924.0,15482899.0
2012-02-08,8.96,9.16,9.11,8.8,1551101.0,8222421.0
2012-02-07,9.09,9.18,8.96,8.9,1525951.0,8062450.0
2012-02-06,9.07,9.31,9.21,9.07,3666473.0,19748488.0
2012-02-02,8.72,8.97,8.96,8.72,1030417.0,5359627.0
2012-02-01,8.94,8.97,8.82,8.61,1307889.0,6761043.0
2012-01-31,8.97,9.04,8.94,8.79,1086976.0,5649558.0
2012-01-30,9.01,9.18,8.97,8.84,988851.0,5229482.0
2012-01-20,9.01,9.06,9.01,8.92,932500.0,4919149.0
2012-01-19,8.89,9.01,8.96,8.8,1486416.0,7774093.0
2012-01-18,9.06,9.3,8.89,8.82,1635566.0,8636362.0
2012-01-17,8.65,9.16,9.14,8.56,1936457.0,10140950.0
2012-01-16,8.73,8.94,8.65,8.61,1004240.0,5145939.0
2012-01-13,9.35,9.42,8.89,8.7,2671639.0,14022860.0
2012-01-12,9.13,9.94,9.24,9.04,3274088.0,18097064.0
2012-01-11,9.26,9.28,9.18,9.04,2865414.0,15359036.0
2012-01-10,9.04,9.35,9.26,8.96,3458473.0,18655986.0
2012-01-09,8.77,9.04,9.04,8.6,1852076.0,9663223.0
2012-01-06,8.55,8.75,8.66,8.29,1515983.0,7542419.0
2012-01-05,8.79,8.79,8.58,8.41,2009649.0,10122267.0
2012-01-04,8.79,9.04,8.8,8.72,3193667.0,16651410.0
