date,open,high,close,low,volume,amount
2015-07-08,56.48,57.51,56.48,56.48,43118900.0,586617024.0
2015-07-07,63.53,64.36,62.74,62.74,52916476.0,801361280.0
2015-07-06,84.71,84.71,69.72,69.72,63618432.0,1146496256.0
2015-07-03,79.31,85.13,77.44,77.44,46197344.0,879165824.0
2015-07-02,94.59,97.54,86.04,86.04,50055756.0,1073091200.0
2015-07-01,104.69,106.31,95.59,95.59,42379072.0,1041496256.0
2015-06-30,101.03,107.63,106.22,91.02,58469760.0,1387959040.0
2015-06-29,116.06,116.06,101.11,101.11,54913020.0,1402428544.0
2015-06-26,120.42,124.83,112.33,112.33,52129000.0,1446094336.0
2015-06-25,132.72,135.37,124.78,120.42,44854048.0,1403154560.0
2015-06-24,131.14,134.17,132.51,129.02,36397628.0,1155955072.0
2015-06-23,130.31,131.84,130.76,118.35,38242936.0,1166572672.0
2015-06-19,141.23,144.51,130.31,130.31,40823880.0,1345553792.0
2015-06-18,154.89,155.85,144.8,143.51,33980784.0,1242009600.0
2015-06-17,151.9,156.01,154.72,148.62,33347844.0,1225936256.0
2015-06-16,149.16,154.89,152.86,148.66,47246060.0,1727296384.0
2015-06-15,158.96,159.71,152.4,152.19,42643016.0,1601047808.0
2015-06-12,159.79,161.49,158.0,155.8,49661588.0,1898443392.0
2015-06-11,159.25,164.03,159.87,158.05,49945416.0,1935023360.0
2015-06-10,161.95,163.61,159.21,158.25,57264520.0,2219403520.0
2015-06-09,163.4,168.34,165.02,160.75,88747336.0,3519529728.0
2015-06-08,164.44,167.14,163.36,159.04,69726496.0,2736333312.0
2015-06-05,158.63,168.18,164.23,156.55,120590784.0,4746094592.0
2015-06-04,161.16,161.16,157.55,145.84,68093656.0,2569490176.0
2015-06-03,155.39,161.95,158.75,150.32,66517616.0,2508137216.0
2015-06-02,152.52,156.55,155.47,150.99,64994296.0,2410659328.0
2015-06-01,148.7,154.48,152.36,146.88,48591828.0,1764270848.0
2015-05-29,147.66,149.45,146.88,138.41,46827908.0,1636491648.0
2015-05-28,159.87,161.53,146.92,145.13,77975520.0,2890748160.0
2015-05-27,156.55,163.32,161.25,155.39,72645296.0,2793727744.0
2015-05-26,156.76,157.96,156.93,153.27,59292608.0,2226162944.0
2015-05-25,151.57,157.76,155.56,149.41,59109920.0,2211900672.0
2015-05-22,148.7,154.48,152.81,147.42,62198912.0,2273472512.0
2015-05-21,146.59,148.62,147.83,146.17,38631296.0,1369301632.0
2015-05-20,147.62,151.36,147.71,145.75,49147968.0,1755893376.0
2015-05-19,145.75,149.45,147.54,144.51,40378440.0,1430918144.0
2015-05-18,151.44,151.44,145.75,144.14,56816200.0,2024960896.0
2015-05-15,166.1,170.25,155.31,154.19,130222432.0,5145032704.0
2015-05-14,142.76,158.46,158.46,141.27,93813568.0,3398944256.0
2015-05-13,141.64,148.66,144.05,137.53,59078080.0,2029592320.0
2015-05-12,144.68,144.68,142.39,140.69,36265824.0,1240925312.0
2015-05-11,139.73,143.06,142.85,139.53,37214756.0,1266500352.0
2015-05-08,137.03,139.11,138.94,135.04,32333308.0,1068050240.0
2015-05-07,140.27,143.18,135.79,135.75,31541484.0,1051858432.0
2015-05-06,146.92,149.91,141.81,137.03,37718496.0,1327937280.0
2015-05-05,149.95,155.1,146.84,146.09,38541792.0,1400670336.0
2015-05-04,150.95,150.95,149.91,145.38,30075812.0,1076757248.0
2015-04-30,154.89,156.14,151.07,150.99,41406960.0,1522693888.0
2015-04-29,156.97,159.87,156.55,152.86,58473092.0,2219537152.0
2015-04-28,156.51,160.12,152.19,150.24,48636816.0,1817513600.0
2015-04-27,160.46,161.49,156.72,155.76,58565276.0,2226478080.0
2015-04-24,161.45,165.06,160.46,157.09,78893440.0,3059937024.0
2015-04-23,159.33,173.41,165.69,155.72,120897408.0,4773144576.0
2015-04-22,159.09,168.18,160.71,156.51,97794816.0,3809642496.0
2015-04-21,157.38,159.09,157.67,152.44,86260944.0,3239132160.0
2015-04-20,143.76,157.59,157.59,141.19,153676992.0,5707328512.0
2015-04-17,137.87,144.51,143.26,136.7,73689408.0,2508231168.0
2015-04-16,134.54,138.41,136.5,133.3,28238632.0,923556224.0
2015-04-15,139.57,140.36,135.37,135.37,35689064.0,1183215616.0
2015-04-14,142.02,144.93,139.57,137.87,58672644.0,1995044992.0
2015-04-13,142.77,144.01,140.77,140.07,72426040.0,2467047168.0
2015-04-10,134.13,143.26,142.77,133.5,76130728.0,2575779328.0
2015-04-09,139.57,141.15,135.54,133.34,33209156.0,1090935296.0
2015-04-08,143.89,144.55,139.53,137.95,48659528.0,1654897408.0
2015-04-07,140.27,143.72,143.47,139.32,57010100.0,1950309760.0
2015-04-03,141.19,141.81,140.36,139.19,41838684.0,1415304576.0
2015-04-02,140.86,142.39,142.1,139.03,47596960.0,1614698752.0
2015-04-01,137.45,141.77,140.61,137.45,43115744.0,1451912832.0
2015-03-31,135.87,139.24,137.41,135.29,43161784.0,1428328960.0
2015-03-30,135.42,136.33,135.87,132.59,37128480.0,1204909056.0
2015-03-27,134.79,137.45,135.37,134.79,21221266.0,694397376.0
2015-03-26,135.29,137.03,134.79,133.3,27235912.0,887739712.0
2015-03-25,138.9,138.9,135.29,133.59,51396788.0,1676792064.0
2015-03-24,144.09,144.14,139.73,138.16,47360536.0,1604169216.0
2015-03-23,143.6,146.38,143.97,142.39,47196240.0,1638204928.0
2015-03-20,144.3,146.75,143.6,143.01,35751064.0,1244024704.0
2015-03-19,142.85,145.26,145.22,141.48,46563884.0,1612291072.0
2015-03-18,140.77,144.51,142.81,139.65,41371384.0,1416904192.0
2015-03-17,139.32,145.13,140.94,137.62,58366064.0,1976558592.0
2015-03-16,137.2,138.9,138.74,134.96,39930456.0,1322443008.0
2015-03-13,137.66,139.03,137.2,135.62,22952184.0,759002624.0
2015-03-12,136.45,137.45,137.45,134.54,18679168.0,613458304.0
2015-03-11,137.41,137.99,136.54,134.75,20015550.0,655644480.0
2015-03-10,139.53,141.73,138.28,137.03,24771022.0,829007552.0
2015-03-09,136.29,139.78,139.73,132.97,27485648.0,912038208.0
2015-03-06,135.37,139.11,136.54,132.92,29194652.0,957927872.0
2015-03-05,133.71,134.54,133.75,130.85,26122064.0,833163136.0
2015-03-04,137.78,139.32,135.54,135.17,20856546.0,687086912.0
2015-03-03,132.88,138.2,138.2,130.68,33581652.0,1088720896.0
2015-03-02,141.6,142.02,137.16,136.83,37079348.0,1231911680.0
2015-02-27,139.44,143.01,140.23,138.7,27860180.0,944287936.0
2015-02-26,132.88,140.19,139.4,131.8,30182544.0,987700736.0
2015-02-25,136.0,136.0,132.18,129.48,30846120.0,983417920.0
2015-02-17,145.3,145.3,136.16,134.5,37208624.0,1247088896.0
2015-02-16,148.66,149.82,147.83,147.0,14152401.0,504622464.0
2015-02-13,147.83,151.78,149.62,147.83,19526540.0,704489600.0
2015-02-12,150.12,152.94,148.62,146.38,19479120.0,702867840.0
2015-02-11,148.12,153.15,150.12,146.09,20190798.0,733593792.0
2015-02-10,144.47,147.29,146.09,144.47,9494877.0,333874176.0
2015-02-09,141.98,148.46,145.8,139.94,17138030.0,597494080.0
2015-02-06,148.66,149.74,143.26,137.03,23142024.0,789425024.0
2015-02-05,154.48,154.68,148.25,148.25,16075408.0,584491392.0
2015-02-04,151.61,154.27,152.11,147.54,21115760.0,767103808.0
2015-02-03,155.31,159.38,151.07,150.57,25346628.0,942898688.0
2015-02-02,146.09,155.72,153.4,144.59,30871206.0,1135376512.0
2015-01-30,149.49,155.68,149.49,148.25,31640616.0,1154236032.0
2015-01-29,147.33,152.4,147.0,144.09,30145706.0,1070211520.0
2015-01-28,147.21,152.77,144.43,144.3,26742534.0,954352384.0
2015-01-27,150.07,152.19,147.13,142.68,31129144.0,1102079104.0
2015-01-26,139.44,151.57,150.12,139.36,39702364.0,1414566656.0
2015-01-23,138.49,140.48,138.61,134.21,31123904.0,1032925760.0
2015-01-22,132.01,139.94,136.5,131.84,45340896.0,1486973952.0
2015-01-21,118.14,129.27,129.27,117.6,34720544.0,1055985600.0
2015-01-20,114.2,118.35,117.52,113.49,14670562.0,411027392.0
2015-01-19,116.27,121.34,112.33,111.91,17762860.0,496893152.0
2015-01-16,122.92,124.58,121.34,121.01,13402976.0,395696512.0
2015-01-15,119.18,120.51,120.42,114.61,19808888.0,562975040.0
2015-01-14,125.61,126.49,119.39,116.31,23654812.0,688660224.0
2015-01-13,124.66,127.53,125.7,124.45,15467006.0,467274752.0
2015-01-12,131.55,133.71,126.45,124.58,18809608.0,580067776.0
2015-01-09,132.09,135.79,131.55,130.6,20979488.0,674573952.0
2015-01-08,134.96,136.58,132.47,130.6,23056304.0,735390144.0
2015-01-07,129.15,137.45,134.54,128.73,38957436.0,1261692032.0
2015-01-06,133.59,134.17,129.15,127.86,31595690.0,992190400.0
2015-01-05,123.75,134.13,133.55,122.71,50292636.0,1583740032.0
2014-12-31,126.57,127.78,124.54,120.09,26580856.0,789021760.0
2014-12-30,130.39,134.04,126.65,124.99,28885628.0,895405376.0
2014-12-29,128.27,134.17,129.56,125.61,41850880.0,1305485696.0
2014-12-26,127.44,135.33,128.23,126.86,41430144.0,1298356352.0
2014-12-25,128.98,130.18,128.23,122.33,34641840.0,1055100992.0
2014-12-24,127.48,132.8,129.56,125.41,38220064.0,1183220864.0
2014-12-23,123.08,134.0,126.82,120.3,52276936.0,1610468736.0
2014-12-22,123.87,131.93,122.25,119.47,62942648.0,1916063232.0
2014-12-19,117.1,123.83,119.93,114.78,74791936.0,2148102400.0
2014-12-18,104.6,114.78,114.78,104.44,85453768.0,2329331712.0
2014-12-17,108.59,108.63,104.35,102.57,24445060.0,619675648.0
2014-12-16,107.14,109.21,108.63,106.31,17039048.0,442259232.0
2014-12-15,108.17,108.17,107.43,105.6,15468281.0,397418720.0
2014-12-12,111.21,114.03,109.3,109.17,22404760.0,600840192.0
2014-12-11,107.55,112.04,107.88,105.89,26152380.0,683003456.0
2014-12-10,107.51,111.5,109.34,105.68,22443408.0,589508672.0
2014-12-09,110.79,116.27,107.55,106.93,35988268.0,965945152.0
2014-12-08,112.91,116.4,113.16,109.67,35476252.0,969100096.0
2014-12-05,115.86,118.68,112.12,106.31,44772184.0,1215096704.0
2014-12-04,114.15,119.76,115.44,112.99,50468176.0,1409512960.0
2014-12-03,101.95,111.91,110.67,100.45,51608192.0,1340990208.0
2014-12-02,100.82,102.53,101.9,99.58,17468596.0,425463392.0
2014-12-01,100.53,102.32,100.74,98.83,16036919.0,388131584.0
2014-11-28,101.86,102.07,100.91,98.46,17267480.0,416847136.0
2014-11-27,103.11,104.23,102.36,101.28,20656960.0,511630496.0
2014-11-26,103.61,104.19,103.19,101.41,15254417.0,376561408.0
2014-11-25,101.78,104.19,103.73,101.78,18921752.0,470388768.0
2014-11-24,100.91,103.56,101.78,99.75,16836624.0,413094144.0
2014-11-21,97.54,100.41,99.91,97.54,10861850.0,259679616.0
2014-11-20,98.25,98.37,97.42,95.59,7503605.0,176442112.0
2014-11-19,99.91,100.45,98.67,98.0,8419747.0,200686272.0
2014-11-18,100.41,101.11,100.2,99.62,7801620.0,188581760.0
2014-11-17,101.41,102.28,100.28,100.08,5494100.0,133256656.0
2014-11-14,102.94,103.69,101.32,99.87,12406996.0,305231936.0
2014-11-13,101.45,104.77,104.31,99.58,30586424.0,759014080.0
2014-11-12,99.25,101.82,101.49,99.16,14676896.0,356484640.0
2014-11-11,100.91,102.69,100.28,98.42,13094584.0,317636928.0
2014-11-10,101.16,101.7,101.32,99.66,10298543.0,249954720.0
2014-11-07,100.49,101.24,100.62,98.87,13453769.0,325176992.0
2014-11-06,99.66,101.57,100.91,99.37,8217953.0,198825920.0
2014-11-05,101.74,103.81,101.32,100.08,11441795.0,281338048.0
2014-11-04,102.24,103.23,102.98,101.07,13113275.0,322400864.0
2014-11-03,102.4,104.56,103.36,100.99,20914920.0,517708192.0
2014-10-31,97.88,104.35,102.19,97.17,25825262.0,629228608.0
2014-10-30,98.37,99.5,98.42,97.09,10598323.0,250296960.0
2014-10-29,96.42,99.37,98.37,96.42,11856530.0,279873056.0
2014-10-28,94.59,96.88,96.59,94.59,7308134.0,168110272.0
2014-10-27,95.51,95.8,93.77,93.43,8041429.0,182814608.0
2014-10-24,96.34,98.33,96.67,96.34,10062540.0,235759616.0
2014-10-23,94.26,96.3,96.01,91.77,8038227.0,182123280.0
2014-10-22,94.93,95.84,94.6,94.31,8829502.0,202344768.0
2014-10-21,97.38,97.75,94.89,94.89,11156456.0,258561504.0
2014-10-20,98.62,98.91,97.79,97.38,6325511.0,149397968.0
2014-10-17,97.38,100.82,98.83,95.34,11375010.0,267851984.0
2014-10-16,99.16,100.16,97.92,95.51,10931607.0,259777408.0
2014-10-15,100.24,100.91,99.41,99.12,7906235.0,189834688.0
2014-10-14,101.24,102.98,100.2,99.41,12873610.0,313830848.0
2014-10-13,101.32,102.94,101.99,100.95,15091055.0,370866304.0
2014-10-10,101.2,101.28,99.91,99.04,12899336.0,310910016.0
2014-10-09,99.37,102.07,101.66,99.04,16953636.0,410131968.0
2014-10-08,99.25,100.37,99.66,98.87,10616708.0,254588528.0
2014-09-30,99.04,100.28,99.0,98.67,9116888.0,218402704.0
2014-09-29,98.46,99.7,98.33,97.88,11583980.0,275131392.0
2014-09-26,98.83,99.95,98.79,98.21,9002071.0,214738448.0
2014-09-25,97.46,99.5,99.45,97.42,18290836.0,433022048.0
2014-09-24,92.19,97.3,97.3,91.69,19441668.0,446051808.0
2014-09-23,92.6,93.31,92.89,91.69,11878427.0,264627568.0
2014-09-22,95.76,95.76,92.39,91.98,11642594.0,261793872.0
2014-09-19,95.63,96.13,95.88,95.14,6314993.0,145595152.0
2014-09-18,97.59,97.59,95.63,95.47,8169277.0,189647024.0
2014-09-17,95.51,96.42,96.34,94.26,7876680.0,180742240.0
2014-09-16,98.83,99.45,97.17,93.43,22387780.0,521433024.0
2014-09-15,99.16,100.41,99.37,98.12,13505542.0,322183296.0
2014-09-12,99.87,100.28,99.7,97.83,13919368.0,331294336.0
2014-09-11,102.78,102.82,99.87,99.66,16231614.0,396782368.0
2014-09-10,101.74,103.32,102.4,101.53,11687972.0,288245376.0
2014-09-09,104.52,105.06,101.41,101.24,18657608.0,461324704.0
2014-09-05,100.74,102.36,101.41,100.66,13016846.0,318287072.0
2014-09-04,100.91,102.9,100.66,99.66,13290294.0,322173696.0
2014-09-03,101.07,102.94,101.11,100.82,15227613.0,373231712.0
2014-09-02,99.66,100.99,100.7,98.83,13265556.0,320171968.0
2014-09-01,98.21,100.91,99.62,97.17,9999042.0,237983776.0
2014-08-29,99.66,99.66,98.42,96.46,11021596.0,260272640.0
2014-08-28,101.32,101.7,99.66,98.71,11233802.0,270112384.0
2014-08-27,102.11,102.94,101.16,100.08,8526996.0,208395984.0
2014-08-26,102.15,103.94,101.66,99.7,15535995.0,381723968.0
2014-08-25,100.74,103.77,102.44,98.79,20208416.0,495187936.0
2014-08-22,100.03,101.28,100.2,99.45,9458232.0,228329616.0
2014-08-21,102.73,103.52,100.87,99.99,12369928.0,302384608.0
2014-08-20,100.7,103.56,102.53,99.91,19998574.0,492171136.0
2014-08-19,100.45,101.11,100.82,99.58,11557406.0,278976288.0
2014-08-18,100.41,101.74,100.91,99.04,18951982.0,457452288.0
2014-08-15,99.62,101.24,100.04,99.25,11924608.0,287491552.0
2014-08-14,100.16,102.28,99.66,99.25,18966476.0,459376672.0
2014-08-13,102.82,104.06,100.74,98.67,26965610.0,654756928.0
2014-08-12,104.73,105.02,102.82,102.03,23044260.0,572218176.0
2014-08-11,104.98,106.68,105.6,103.81,14771618.0,374597824.0
2014-08-08,105.6,106.93,106.76,103.86,15306582.0,387354336.0
2014-08-07,109.67,109.84,106.72,106.51,17238520.0,447873600.0
2014-08-06,106.93,109.55,108.59,105.97,19848524.0,517167584.0
2014-08-05,108.71,112.87,107.51,106.56,34899664.0,917075584.0
2014-08-04,106.72,109.55,108.76,102.36,36460872.0,930025280.0
2014-08-01,107.97,108.22,106.06,105.39,20866884.0,535239616.0
2014-07-31,103.81,109.63,107.76,103.81,30698236.0,793953856.0
2014-07-30,103.81,107.14,105.02,103.23,21469992.0,543771840.0
2014-07-29,103.94,106.72,104.19,102.9,21181696.0,533508768.0
2014-07-28,102.98,108.34,105.02,102.19,39509832.0,1002649856.0
2014-07-25,101.32,107.8,103.81,100.41,47080520.0,1178086784.0
2014-07-24,93.02,101.41,100.2,92.89,37875108.0,893504192.0
2014-07-23,92.39,94.68,92.23,91.61,20626526.0,460977248.0
2014-07-22,85.38,93.43,92.19,85.38,35165108.0,766941056.0
2014-07-21,85.79,86.5,85.29,85.13,5027103.0,103654752.0
2014-07-18,86.87,87.33,85.54,85.17,10122104.0,210375840.0
2014-07-17,89.16,89.65,87.33,86.17,15587961.0,328171968.0
2014-07-16,88.16,89.41,89.16,87.2,16226627.0,345203968.0
2014-07-15,89.11,90.73,88.08,87.7,21714690.0,464241984.0
2014-07-14,89.7,91.86,90.32,88.58,25973056.0,565102272.0
2014-07-11,87.12,92.06,89.61,87.08,33028532.0,710687040.0
2014-07-10,85.63,88.82,86.79,85.5,23435180.0,493880448.0
2014-07-09,84.67,88.03,86.25,84.5,23009710.0,478951424.0
2014-07-08,84.26,84.71,84.59,83.22,6295785.0,127570824.0
2014-07-07,83.22,84.59,83.38,83.09,5867558.0,118418936.0
2014-07-04,84.42,84.84,83.22,83.09,10569683.0,212957632.0
2014-07-03,85.88,86.04,84.59,84.34,12962202.0,266089696.0
2014-07-02,85.75,85.88,85.21,84.38,10298142.0,211179568.0
2014-07-01,86.58,87.95,85.92,85.46,15048750.0,313570976.0
2014-06-30,84.71,87.12,87.12,84.26,19464308.0,401646880.0
2014-06-27,85.42,85.75,85.05,84.17,10805544.0,221457472.0
2014-06-26,85.05,85.79,85.42,83.88,13421130.0,274358400.0
2014-06-25,86.58,87.41,85.17,85.13,18501240.0,383874368.0
2014-06-24,83.88,90.53,88.86,83.88,23632456.0,502444736.0
2014-06-23,83.47,85.63,84.13,82.89,5314984.0,107573952.0
2014-06-20,82.43,84.26,83.3,81.89,4419841.0,88409304.0
2014-06-19,84.01,84.67,82.35,81.89,7200120.0,144492512.0
2014-06-18,84.13,85.63,84.75,83.26,5665574.0,115283960.0
2014-06-17,85.5,85.83,83.97,83.67,7130881.0,145161072.0
2014-06-16,86.42,87.04,85.67,85.17,6595685.0,136162304.0
2014-06-13,86.12,88.37,86.71,86.0,5060492.0,106043400.0
2014-06-12,87.62,88.41,86.79,85.96,9172147.0,191473504.0
2014-06-11,87.58,88.7,88.45,87.04,6865665.0,145883424.0
2014-06-10,86.79,87.99,87.74,85.96,9442220.0,198261792.0
2014-06-09,86.04,89.86,87.58,85.34,14026419.0,297648800.0
2014-06-06,84.55,86.17,85.92,83.67,8749604.0,179492512.0
2014-06-05,83.88,87.04,84.96,83.8,10068209.0,207898448.0
2014-06-04,83.67,84.13,83.63,82.22,5864793.0,117412176.0
2014-06-03,84.71,86.12,84.01,83.92,5928351.0,121348568.0
2014-05-30,82.01,87.99,85.88,81.22,10953726.0,223465104.0
2014-05-29,83.51,83.72,82.22,81.93,5144521.0,102574288.0
2014-05-28,83.09,84.21,82.76,82.22,4784132.0,95525088.0
2014-05-27,84.09,84.8,83.3,83.26,4970032.0,100512816.0
2014-05-26,85.38,85.38,84.17,83.3,7359333.0,148966416.0
2014-05-23,82.84,84.55,84.13,82.55,4809601.0,96835944.0
2014-05-22,85.46,86.25,83.05,83.05,5382760.0,110066992.0
2014-05-21,82.43,85.54,85.38,82.22,4826984.0,98298256.0
2014-05-20,87.2,87.62,83.67,83.47,4830375.0,99431064.0
2014-05-19,84.26,85.79,85.71,83.09,6018639.0,122945288.0
2014-05-16,83.01,84.92,83.92,81.39,7327447.0,147815872.0
2014-05-15,85.92,86.17,82.64,82.47,7518817.0,151584512.0
2014-05-14,86.37,87.12,85.83,85.38,6444528.0,133754072.0
2014-05-13,88.03,88.03,86.37,85.13,11211832.0,232886480.0
2014-05-12,84.59,90.44,88.28,82.84,23088988.0,486538624.0
2014-05-09,77.24,82.89,82.8,76.86,14918745.0,290383904.0
2014-05-08,74.75,78.4,76.82,74.7,6189043.0,114299760.0
2014-05-07,74.75,75.87,74.7,74.25,4103049.0,74166864.0
2014-05-06,75.16,76.99,75.78,74.75,6338429.0,116064416.0
2014-05-05,74.54,75.91,75.16,73.54,3758763.0,67530288.0
2014-04-30,76.12,76.41,75.83,74.79,2969031.0,54016300.0
2014-04-29,72.34,76.61,76.12,72.3,4910051.0,88511976.0
2014-04-28,77.16,77.65,73.17,72.34,6216020.0,111572056.0
2014-04-25,77.11,77.86,75.78,75.58,5095254.0,93803864.0
2014-04-24,77.94,79.02,77.07,76.82,4205860.0,78917024.0
2014-04-23,78.28,79.56,78.4,77.45,4924012.0,93297320.0
2014-04-22,80.52,81.27,78.28,76.2,9272551.0,174555936.0
2014-04-21,83.14,84.01,81.39,81.39,5299417.0,105270280.0
2014-04-18,82.64,84.3,83.72,81.68,4779251.0,96142400.0
2014-04-17,83.51,84.71,83.47,83.05,5023928.0,101311896.0
2014-04-16,84.63,85.67,83.34,82.43,6691487.0,135416464.0
2014-04-15,85.88,87.83,85.71,84.63,9964492.0,206572752.0
2014-04-14,80.14,88.2,86.79,79.31,20494958.0,416271008.0
2014-04-11,83.01,83.3,81.85,81.1,9260512.0,182757712.0
2014-04-10,84.13,84.67,83.3,82.22,11177706.0,224031952.0
2014-04-09,84.5,85.67,84.67,82.64,13727492.0,278293472.0
2014-04-08,80.14,85.75,84.09,80.02,24755374.0,497366560.0
2014-04-04,74.5,81.35,81.35,73.87,27277812.0,519836704.0
2014-04-03,73.17,75.0,73.96,72.88,9678845.0,172603120.0
2014-04-02,72.59,73.58,72.75,72.05,7070807.0,123987688.0
2014-04-01,70.43,72.84,72.59,69.68,7120760.0,122938032.0
2014-03-31,72.88,73.79,70.59,70.14,4658959.0,80420240.0
2014-03-28,73.96,74.54,72.92,72.09,5214640.0,92071424.0
2014-03-27,75.58,76.08,73.92,73.67,8425971.0,151597376.0
2014-03-26,74.37,78.07,76.41,72.3,13198182.0,237549680.0
2014-03-25,73.08,75.41,74.33,73.08,7519665.0,134885728.0
2014-03-24,73.87,74.79,73.79,73.13,7824929.0,139609024.0
2014-03-21,71.01,74.62,74.08,69.72,11262542.0,194695056.0
2014-03-20,72.55,73.67,71.42,71.22,5900752.0,103046128.0
2014-03-19,74.17,74.17,72.84,72.46,6805577.0,119842232.0
2014-03-18,74.5,75.58,74.46,73.21,6173619.0,110725064.0
2014-03-17,74.25,74.66,74.5,72.92,8282614.0,147434016.0
2014-03-14,76.82,76.86,74.37,73.92,13702501.0,247723136.0
2014-03-13,78.82,79.19,77.57,77.16,5959295.0,112007944.0
2014-03-12,77.61,78.61,78.61,76.74,4020640.0,75160664.0
2014-03-11,78.9,79.61,78.48,76.32,11049346.0,207065504.0
2014-03-10,82.35,82.55,79.52,78.44,6873381.0,132046672.0
2014-03-07,83.47,86.17,84.13,83.09,5202608.0,105862592.0
2014-03-06,83.84,84.17,83.42,82.64,4010872.0,80440376.0
2014-03-05,84.96,85.34,84.3,83.47,4836024.0,97753400.0
2014-03-04,83.88,85.75,84.92,82.22,8075616.0,163044864.0
2014-03-03,83.05,84.38,83.8,82.8,4372282.0,88257352.0
2014-02-28,82.55,84.3,83.51,81.81,4036850.0,80743240.0
2014-02-27,85.79,86.0,83.34,83.18,5563135.0,113230944.0
2014-02-26,84.84,86.08,85.79,83.05,6392179.0,130225712.0
2014-02-25,85.25,86.95,84.05,81.81,7462690.0,151153648.0
2014-02-24,88.37,88.41,85.54,85.25,5975362.0,124026040.0
2014-02-21,90.94,92.31,89.65,88.86,6086680.0,132844816.0
2014-02-20,90.24,93.52,92.06,88.86,11033392.0,242842464.0
2014-02-19,89.78,90.86,90.19,88.28,7032466.0,151846384.0
2014-02-18,90.32,90.36,89.49,88.24,7421130.0,159320688.0
2014-02-17,90.86,91.61,90.32,89.07,9490692.0,206381568.0
2014-02-14,85.71,90.86,90.11,85.71,15905207.0,339704448.0
2014-02-13,84.63,87.08,85.79,84.46,8948717.0,185889792.0
2014-02-12,85.13,85.96,85.29,84.34,4495094.0,92175904.0
2014-02-11,84.46,86.37,85.58,83.51,8285355.0,169469536.0
2014-02-10,81.85,86.95,85.58,81.81,11346894.0,233256848.0
2014-02-07,79.27,81.81,81.81,79.27,6009735.0,116661656.0
2014-01-30,83.3,83.55,82.35,82.14,5555337.0,110664192.0
2014-01-29,83.18,83.63,83.38,82.59,5474458.0,109460176.0
2014-01-28,83.05,84.05,83.67,82.35,5331735.0,106440752.0
2014-01-27,83.3,83.47,83.47,81.6,8514186.0,169049328.0
2014-01-24,83.67,85.29,84.38,83.3,7447136.0,151278352.0
2014-01-23,84.63,84.92,83.63,83.14,7124948.0,143399088.0
2014-01-22,83.09,85.63,85.05,82.97,6779202.0,138036672.0
2014-01-21,83.67,84.26,83.59,83.05,4455266.0,89647128.0
2014-01-20,84.46,84.67,83.67,81.85,4985851.0,99844680.0
2014-01-17,85.67,86.21,84.63,84.09,4874084.0,99858448.0
2014-01-16,83.47,87.04,86.91,82.51,10355298.0,211966016.0
2014-01-15,84.67,85.09,83.42,81.64,5893294.0,117445264.0
2014-01-14,85.96,86.17,84.96,83.26,3563046.0,72374152.0
2014-01-13,85.54,88.82,86.37,85.13,3959549.0,82666448.0
2014-01-10,88.03,89.07,87.0,83.14,7373768.0,152915280.0
2014-01-09,89.7,91.31,88.7,88.58,5204558.0,112634120.0
2014-01-08,90.07,91.23,89.74,88.45,5217870.0,113359096.0
2014-01-07,91.23,92.94,90.48,89.7,4033188.0,88493264.0
2014-01-06,93.23,94.18,92.23,91.56,9127469.0,204126208.0
2014-01-03,91.77,93.02,92.02,90.4,9655040.0,212872864.0
2014-01-02,90.53,91.15,89.2,89.07,6113467.0,132216048.0
2013-12-31,88.37,93.39,91.56,86.75,8571318.0,187727424.0
2013-12-30,88.95,90.07,88.37,88.03,5329323.0,114345816.0
2013-12-27,88.33,90.11,89.03,86.87,5306723.0,113653120.0
2013-12-26,92.64,93.35,88.33,86.37,13060704.0,279068448.0
2013-12-25,92.6,93.68,92.64,91.81,5483803.0,122051792.0
2013-12-24,93.02,95.01,91.98,90.03,7090628.0,158465792.0
2013-12-23,96.84,96.84,93.31,91.36,5770588.0,130171840.0
2013-12-20,97.34,99.58,95.3,93.56,6190465.0,144046416.0
2013-12-19,97.05,100.37,98.46,97.05,7352415.0,175941008.0
2013-12-18,97.59,97.83,96.96,96.42,4662195.0,109126224.0
2013-12-17,97.5,98.21,96.63,95.43,8402038.0,195455552.0
2013-12-16,98.38,100.45,97.5,97.17,8285800.0,196949584.0
2013-12-13,98.42,99.66,98.71,97.17,8134090.0,192896720.0
2013-12-12,100.2,101.61,98.83,98.83,8918067.0,216327776.0
2013-12-11,99.7,105.43,101.07,99.0,15339972.0,377078688.0
2013-12-10,98.08,100.04,100.0,98.0,8054277.0,192119776.0
2013-12-09,98.04,99.16,98.25,97.5,9765960.0,231237136.0
2013-12-06,97.59,99.45,98.21,96.42,6736874.0,158754128.0
2013-12-05,100.49,101.12,99.5,99.37,7358599.0,177797696.0
2013-12-04,100.7,101.91,100.58,100.0,10828476.0,263341328.0
2013-12-03,100.0,101.74,100.7,98.5,8853089.0,213637920.0
2013-12-02,97.09,103.65,99.91,96.55,14409772.0,351536512.0
2013-11-29,101.74,103.15,101.66,100.08,11175944.0,273235808.0
2013-11-28,97.5,106.72,103.48,96.96,20620724.0,510544832.0
2013-11-27,96.76,97.55,97.55,95.84,9147012.0,213665728.0
2013-11-26,95.51,97.79,96.76,95.09,7119783.0,165586272.0
2013-11-25,96.34,97.21,96.76,94.47,4891492.0,112752040.0
2013-11-22,98.0,99.16,97.25,97.09,5070869.0,119363032.0
2013-11-21,98.83,99.37,98.25,97.17,8436868.0,199045232.0
2013-11-20,99.45,100.78,99.45,97.92,8913840.0,213337968.0
2013-11-19,97.59,100.87,99.45,96.8,17882994.0,426480736.0
2013-11-18,95.09,98.38,98.0,94.47,12869052.0,300884128.0
2013-11-15,92.44,97.13,95.09,91.36,10643255.0,244039984.0
2013-11-14,90.9,94.06,93.43,90.9,9874759.0,219823328.0
2013-11-13,91.98,93.72,90.86,89.7,7434812.0,164640896.0
2013-11-12,91.9,93.43,92.23,91.19,5526895.0,123007328.0
2013-11-11,97.0,97.38,91.61,89.7,8148417.0,181450640.0
2013-11-08,99.7,101.82,96.88,96.38,8134009.0,192388096.0
2013-11-07,105.48,108.09,101.86,100.37,19117630.0,479681760.0
2013-10-30,99.45,100.16,99.5,98.0,6106137.0,145586176.0
2013-10-29,97.71,101.78,99.75,93.43,14350487.0,342197760.0
2013-10-28,96.34,99.04,96.71,96.34,4434750.0,104124776.0
2013-10-25,98.58,100.08,97.5,96.59,6671069.0,156832672.0
2013-10-24,102.15,103.77,99.91,99.41,11675675.0,285301824.0
2013-10-23,95.92,103.81,100.83,95.92,18095056.0,440374048.0
2013-10-22,98.42,98.42,96.34,96.17,6990814.0,163195936.0
2013-10-21,98.42,98.83,98.75,95.59,9314208.0,217899136.0
2013-10-18,98.92,100.24,99.45,98.46,7137181.0,170880960.0
2013-10-17,98.0,100.28,98.83,96.42,12718574.0,302440256.0
2013-10-16,105.06,105.19,97.09,95.55,19399312.0,467518976.0
2013-10-15,107.51,108.76,105.89,105.48,10930655.0,282233600.0
2013-10-14,109.3,109.3,105.68,104.52,19098290.0,487345920.0
2013-10-11,109.84,112.04,109.96,109.25,10335280.0,274802656.0
2013-10-10,112.12,112.12,109.84,108.59,16079453.0,427217824.0
2013-10-09,108.3,112.12,112.08,107.18,18024020.0,477025984.0
2013-10-08,107.14,109.88,108.01,105.1,8430866.0,218804880.0
2013-09-30,106.47,108.92,107.93,105.19,9127048.0,235584128.0
2013-09-27,106.14,109.96,106.51,105.48,8828361.0,229613792.0
2013-09-26,105.6,111.0,107.09,103.4,17306328.0,450583648.0
2013-09-25,107.93,108.88,105.48,105.27,10295444.0,264881184.0
2013-09-24,110.46,111.62,108.88,107.64,10312280.0,272458176.0
2013-09-23,107.14,109.59,109.13,106.56,9999357.0,260496928.0
2013-09-18,104.27,106.68,106.22,103.44,7360659.0,185561728.0
2013-09-17,108.55,109.21,104.27,104.23,12912659.0,329129824.0
2013-09-16,110.87,112.12,108.51,108.13,10982380.0,288667392.0
2013-09-13,110.87,115.03,110.96,107.59,13862529.0,372137376.0
2013-09-12,112.53,114.86,109.42,109.21,14214299.0,379234624.0
2013-09-11,111.79,117.31,112.33,111.7,25536634.0,703491328.0
2013-09-10,110.58,112.95,111.21,108.63,17548596.0,466645248.0
2013-09-09,106.72,110.67,108.96,105.48,17510806.0,459430528.0
2013-09-06,104.85,108.05,105.64,104.44,9857166.0,251795952.0
2013-09-05,106.56,107.09,104.94,104.23,12723413.0,323396064.0
2013-09-04,107.97,111.95,108.13,103.61,21088276.0,547959552.0
2013-09-03,107.93,108.67,107.34,106.22,10267280.0,265097456.0
2013-09-02,107.55,109.17,107.88,104.64,15658854.0,405040704.0
2013-08-30,119.59,119.59,108.34,107.18,33305582.0,898149184.0
2013-08-29,116.48,120.22,117.68,115.07,22738556.0,644705152.0
2013-08-28,113.37,119.8,117.52,111.7,35273784.0,987253248.0
2013-08-27,108.38,118.14,114.44,108.38,28900568.0,794987264.0
2013-08-26,108.01,109.55,108.38,106.8,12345247.0,321717984.0
2013-08-23,107.34,108.8,107.09,101.78,18670356.0,475740800.0
2013-08-22,110.38,111.29,106.35,106.22,19240734.0,500354304.0
2013-08-21,110.71,113.57,111.25,110.54,18344184.0,494980192.0
2013-08-20,112.12,113.78,111.62,110.67,20304884.0,548369664.0
2013-08-19,105.89,114.2,112.66,103.81,31143944.0,820918912.0
2013-08-16,113.45,115.9,106.72,106.22,32906944.0,876429696.0
2013-08-15,115.86,119.1,114.49,113.36,25266908.0,705690048.0
2013-08-14,114.65,117.1,116.4,112.66,28786812.0,798106368.0
2013-08-13,112.16,119.51,116.15,111.87,37570224.0,1046470784.0
2013-08-12,108.63,119.72,114.2,106.51,56684016.0,1534293760.0
2013-08-09,99.91,109.59,108.84,98.54,56825028.0,1455209472.0
2013-08-08,101.95,103.98,99.62,98.46,23468926.0,570547456.0
2013-08-07,97.92,101.74,98.04,97.3,22575220.0,540729472.0
2013-08-06,96.67,101.99,100.04,93.85,29759344.0,704363840.0
2013-08-05,95.92,97.5,96.38,94.72,14549504.0,337005088.0
2013-08-02,97.88,99.0,96.26,95.34,17591380.0,409742208.0
2013-08-01,94.06,97.09,96.3,93.47,17909730.0,412330144.0
2013-07-31,95.51,99.04,94.26,93.43,20421588.0,471714752.0
2013-07-30,95.92,101.74,97.0,95.67,34147080.0,813477248.0
2013-07-29,93.72,95.43,93.27,91.4,18661772.0,420004320.0
2013-07-26,94.06,99.33,96.51,91.23,32182530.0,738527808.0
2013-07-25,98.42,102.57,95.67,95.34,45910872.0,1094711040.0
2013-07-24,97.58,101.74,100.87,94.18,57362192.0,1348591872.0
2013-07-23,85.75,94.6,94.6,85.33,29137656.0,641761472.0
2013-07-22,81.31,86.75,86.0,80.77,32622136.0,656482432.0
2013-07-19,92.81,93.02,83.72,83.72,37583560.0,799187200.0
2013-07-18,92.02,93.77,93.02,90.98,28576044.0,636459904.0
2013-07-17,94.26,95.63,92.6,89.61,37191352.0,820891136.0
2013-07-16,91.36,98.12,94.8,90.57,51185664.0,1169042944.0
2013-07-15,89.86,95.47,92.77,88.99,45627888.0,1013582848.0
2013-07-12,95.09,96.59,92.85,89.82,76144496.0,1711082112.0
2013-07-11,90.03,91.44,91.44,88.86,21625190.0,472930560.0
2013-07-10,75.45,83.13,83.13,75.45,28834588.0,561377088.0
2013-07-09,75.16,79.73,75.58,74.46,20524140.0,380669856.0
2013-07-08,74.83,80.06,76.28,71.84,32442508.0,593571072.0
2013-07-05,70.09,74.87,74.87,69.27,28606938.0,499443776.0
2013-07-04,61.08,68.06,68.06,60.01,21261216.0,336583072.0
2013-07-03,61.87,62.41,61.87,59.76,7553637.0,110707576.0
2013-07-02,63.08,63.37,62.37,61.46,8743237.0,131306848.0
2013-07-01,61.75,64.24,63.33,60.25,11352651.0,171612384.0
2013-06-28,59.59,64.45,61.79,58.34,10398618.0,154337920.0
2013-06-27,63.33,64.16,60.25,59.84,11862444.0,177628448.0
2013-06-26,61.54,64.45,63.28,61.54,13198481.0,200517264.0
2013-06-25,60.5,62.74,61.75,57.02,17607172.0,253318176.0
2013-06-24,70.05,70.59,63.37,63.37,13561532.0,212561568.0
2013-06-21,71.01,71.67,70.39,68.85,6767323.0,114359632.0
2013-06-20,76.82,77.2,72.88,72.88,7956797.0,142918048.0
2013-06-19,74.04,77.24,76.37,73.46,7968089.0,145480352.0
2013-06-18,74.33,75.66,74.66,73.79,8505364.0,153183744.0
2013-06-17,75.08,76.2,73.5,73.29,8359074.0,149477504.0
2013-06-14,75.66,76.28,75.74,74.7,7396835.0,134760688.0
2013-06-13,80.77,80.77,75.49,75.0,7860695.0,145269488.0
2013-06-07,83.88,85.83,82.43,81.47,7136241.0,144606608.0
2013-06-06,84.3,85.96,84.09,83.26,9227085.0,188407264.0
2013-06-05,81.27,86.04,84.88,80.68,13199488.0,267050480.0
2013-06-04,82.39,82.39,81.43,77.86,9281537.0,179872736.0
2013-06-03,81.81,82.8,82.39,81.47,5740892.0,113517088.0
2013-05-31,83.88,84.88,82.14,81.47,11109409.0,221774944.0
2013-05-30,86.29,86.33,84.09,83.72,8632048.0,175465216.0
2013-05-29,85.13,87.2,86.29,84.01,9274480.0,191904384.0
2013-05-28,83.72,86.17,85.75,83.72,9927884.0,203619344.0
2013-05-27,85.54,86.37,83.97,83.72,12434300.0,253523424.0
2013-05-24,87.91,88.82,86.58,85.21,9475962.0,197633056.0
2013-05-23,90.32,90.69,87.91,87.25,12256695.0,261358688.0
2013-05-22,90.11,91.77,90.94,89.9,9609056.0,209856096.0
2013-05-21,91.07,91.15,90.11,89.07,10545993.0,228415488.0
2013-05-20,90.94,92.64,91.36,89.78,11339480.0,248440864.0
2013-05-17,90.73,91.4,90.65,88.37,10668966.0,231045232.0
2013-05-16,88.86,92.1,91.02,88.12,11818492.0,258024304.0
2013-05-15,88.7,89.65,88.7,87.41,6615338.0,140847568.0
2013-05-14,89.7,90.61,88.66,88.41,8564933.0,184065808.0
2013-05-13,86.21,90.69,89.82,84.42,12596704.0,267244016.0
2013-05-10,85.54,87.04,85.83,84.26,8869798.0,181981504.0
2013-05-09,88.03,89.94,86.33,85.63,10992423.0,232323552.0
2013-05-08,87.2,88.78,87.33,84.71,14289973.0,298494432.0
2013-05-07,87.2,92.81,88.49,86.91,16842852.0,363878848.0
2013-05-06,83.51,88.66,87.2,83.51,12945579.0,268222288.0
2013-05-03,82.22,84.05,82.43,82.22,10232957.0,204421408.0
2013-05-02,87.2,87.66,81.64,81.39,17387748.0,350637152.0
2013-04-26,95.63,97.92,88.78,88.7,15952012.0,358324160.0
2013-04-25,96.75,99.04,95.51,95.09,18932272.0,441671904.0
2013-04-24,91.81,100.08,97.58,91.81,24000488.0,564075456.0
2013-04-23,97.17,101.24,93.22,93.06,30245368.0,712071936.0
2013-04-19,91.4,95.09,94.1,91.4,9797489.0,221038864.0
2013-04-18,90.78,92.35,90.82,89.94,8627426.0,189035088.0
2013-04-17,90.32,93.35,92.06,86.29,15466909.0,332864416.0
2013-04-16,92.69,92.93,90.4,90.36,14359556.0,313759680.0
2013-04-15,95.55,97.42,95.09,94.72,9676900.0,222916992.0
2013-04-12,100.08,101.61,97.79,97.71,11462938.0,273603936.0
2013-04-11,103.36,104.48,102.57,102.48,6993581.0,174067984.0
2013-04-10,104.64,105.72,103.4,102.57,10325346.0,258716896.0
2013-04-09,102.4,106.97,105.27,101.78,14517049.0,366725440.0
2013-04-08,99.62,103.81,102.24,98.12,11539408.0,280324640.0
2013-04-03,96.17,101.99,101.95,95.63,12247509.0,290128672.0
2013-04-02,98.96,100.49,97.13,96.17,9909374.0,233869392.0
2013-04-01,96.75,100.87,98.91,95.59,10214454.0,242822384.0
2013-03-29,103.15,104.6,98.42,97.75,14611910.0,354464064.0
2013-03-28,106.02,107.8,102.32,102.07,16101332.0,407089312.0
2013-03-27,102.86,105.64,104.15,102.57,11381004.0,285169568.0
2013-03-26,106.68,107.92,104.4,104.4,23079154.0,583372928.0
2013-03-25,111.29,111.58,109.88,107.59,30838392.0,819381824.0
2013-03-22,101.2,106.26,106.26,101.2,13837335.0,347629248.0
2013-03-21,100.91,102.15,101.2,98.62,13800269.0,334237760.0
2013-03-20,95.97,101.28,100.28,95.97,12524222.0,298481920.0
2013-03-19,98.83,100.37,96.59,94.97,14452835.0,337434624.0
2013-03-18,101.11,104.27,99.37,98.33,14585951.0,353694784.0
2013-03-15,100.99,103.69,101.28,99.79,16678555.0,409728896.0
2013-03-14,94.68,101.74,100.41,94.26,19306156.0,462351040.0
2013-03-13,98.83,101.57,96.88,96.42,17877554.0,425273984.0
2013-03-12,97.17,101.07,99.87,96.26,22935824.0,551548672.0
2013-03-11,97.09,98.46,96.26,94.59,19911864.0,462062944.0
2013-03-08,102.36,103.32,98.46,98.42,18096752.0,439444192.0
2013-03-07,100.49,104.06,101.57,97.58,27151432.0,658041728.0
2013-03-06,102.98,105.35,100.78,100.53,29046544.0,717961920.0
2013-03-05,102.36,105.72,104.94,95.97,40373344.0,1001931264.0
2013-03-04,103.11,103.11,100.7,98.0,63110872.0,1550283904.0
2013-03-01,98.21,98.21,98.21,98.21,742287.0,17555088.0
2013-02-28,93.52,93.52,93.52,93.52,603028.0,13580191.0
2013-02-27,89.07,89.07,89.07,89.07,1101171.0,23620118.0
2013-02-26,82.64,84.84,84.84,81.93,10469753.0,211626224.0
2013-02-25,76.03,80.81,80.81,75.91,24567548.0,468070624.0
2013-02-22,75.04,78.44,76.95,74.21,23410634.0,431939968.0
2013-02-21,74.29,76.61,74.7,72.75,21492372.0,388571968.0
2013-02-20,76.61,77.74,74.95,74.95,34489800.0,631226112.0
2013-02-19,73.83,81.39,78.9,73.83,68609200.0,1258607872.0
2013-02-18,77.74,77.74,77.74,77.74,4112000.0,76976640.0
2013-02-08,116.27,116.27,81.81,81.81,24114340.0,563340800.0
