date,open,high,close,low,volume,amount
2015-07-10,28.97,29.21,29.21,27.87,53939172.0,324225888.0
2015-07-09,24.5,26.57,26.57,24.5,135866800.0,735003712.0
2015-07-08,24.26,26.42,24.17,24.07,266645520.0,1371317888.0
2015-07-07,27.77,28.64,26.76,26.52,194233248.0,1085740416.0
2015-07-06,33.63,33.63,29.45,28.11,167697056.0,1068742208.0
2015-07-03,31.71,34.88,30.56,30.56,142440048.0,936225280.0
2015-07-02,36.75,38.24,33.97,33.97,140540912.0,1032748160.0
2015-07-01,40.84,43.24,37.72,37.72,156255248.0,1324106752.0
2015-06-30,38.53,42.18,41.9,36.08,179829568.0,1445733120.0
2015-06-29,45.64,46.6,40.07,40.07,156201728.0,1353345024.0
2015-06-26,47.8,48.77,44.54,44.54,102961696.0,987216768.0
2015-06-25,51.55,53.57,49.49,48.04,143048480.0,1527503616.0
2015-06-24,49.58,52.7,51.17,49.25,138946544.0,1471636352.0
2015-06-23,50.93,51.46,49.2,46.27,137441280.0,1378487296.0
2015-06-19,55.2,56.12,51.41,51.41,112176256.0,1241057792.0
2015-06-18,60.44,60.44,57.12,56.12,131229232.0,1597429248.0
2015-06-17,62.99,63.9,60.63,57.65,187243504.0,2325074688.0
2015-06-16,63.05,65.78,62.81,62.29,242886272.0,3260841984.0
2015-06-15,61.38,66.11,63.63,60.8,263297712.0,3478789120.0
2015-06-12,60.76,62.62,61.38,59.37,168698400.0,2147254144.0
2015-06-11,61.91,62.48,60.37,59.8,135521088.0,1720918400.0
2015-06-10,62.19,63.05,61.91,61.23,157014240.0,2039276416.0
2015-06-09,61.47,64.87,64.06,60.33,215269136.0,2803428352.0
2015-06-08,62.81,64.44,61.47,60.95,197383040.0,2578094336.0
2015-06-05,60.04,62.91,62.19,57.41,223706208.0,2833357056.0
2015-06-04,60.23,60.23,58.46,54.39,153233552.0,1841851648.0
2015-06-03,63.05,63.05,60.37,58.46,223071728.0,2813645824.0
2015-06-02,65.06,65.06,63.15,60.76,223609552.0,2935099904.0
2015-06-01,63.91,65.16,64.63,62.19,255792240.0,3408422912.0
2015-05-29,58.8,64.34,62.34,54.3,298622912.0,3758272512.0
2015-05-28,66.98,70.75,59.03,58.75,371229056.0,5110447104.0
2015-05-27,61.23,65.21,65.21,60.8,345652448.0,4600588288.0
2015-05-26,54.06,59.27,59.27,52.62,274050368.0,3213927936.0
2015-05-25,53.2,54.39,53.87,51.67,240270000.0,2673747200.0
2015-05-22,53.05,54.68,53.1,51.67,246892944.0,2750051840.0
2015-05-21,51.19,53.53,52.77,50.76,168629200.0,1840671232.0
2015-05-20,52.15,56.16,52.15,50.95,260833696.0,2910940928.0
2015-05-19,54.3,54.3,52.19,50.71,314816000.0,3455769600.0
2015-05-18,50.23,54.54,54.54,49.75,498415552.0,5623657984.0
2015-05-15,49.56,49.56,49.56,47.89,149743184.0,1550611712.0
2015-05-14,45.06,45.06,45.06,45.06,765522.0,7211217.0
2015-05-13,40.95,40.95,40.95,40.95,937840.0,8027911.0
2015-05-12,37.22,37.22,37.22,37.22,1603090.0,12472040.0
2015-05-11,33.82,33.82,33.82,33.82,823368.0,5821212.0
2014-11-17,29.28,31.96,30.76,29.28,179055664.0,1151991936.0
2014-11-14,28.85,29.33,29.04,27.94,68597464.0,411110496.0
2014-11-13,30.71,30.76,28.94,28.42,112541440.0,692712320.0
2014-11-12,31.1,31.1,30.76,29.9,59404664.0,379061824.0
2014-11-11,30.66,31.86,30.43,29.9,122912368.0,791630464.0
2014-11-10,31.77,31.81,30.66,29.66,133427256.0,853245248.0
2014-11-07,32.72,32.72,31.57,30.86,190449792.0,1273657728.0
2014-11-06,29.8,32.39,32.15,29.57,191116400.0,1246896512.0
2014-11-05,28.08,30.47,29.95,27.75,147139248.0,903076032.0
2014-11-04,27.03,28.66,28.13,26.7,132358760.0,761906112.0
2014-11-03,26.89,27.51,27.03,26.5,132327296.0,744564160.0
2014-10-31,25.16,27.03,27.03,25.12,189694448.0,1032695296.0
2014-10-30,24.78,25.12,24.59,24.06,84811648.0,434700288.0
2014-10-29,23.54,24.45,24.3,23.44,90505848.0,456334208.0
2014-10-28,23.06,23.54,23.49,22.96,34322172.0,166981328.0
2014-10-27,22.96,23.25,23.01,22.68,29704226.0,142397488.0
2014-10-24,22.87,23.25,23.01,22.01,53637380.0,254374288.0
2014-10-23,23.82,23.97,22.96,22.15,90442472.0,435082624.0
2014-10-22,23.82,24.16,23.82,23.73,63268644.0,316131712.0
2014-10-21,23.78,24.25,23.87,23.68,60835332.0,304397120.0
2014-10-20,23.73,23.87,23.73,23.59,48298296.0,239588384.0
2014-10-17,23.2,23.92,23.73,22.58,91105744.0,446092864.0
2014-10-16,23.82,23.82,23.2,23.16,70207688.0,343155264.0
2014-10-15,23.92,23.97,23.68,23.49,70420568.0,348649824.0
2014-10-14,23.54,24.4,23.92,23.54,119859960.0,599716928.0
2014-10-13,22.01,23.63,23.39,21.91,152825952.0,740071296.0
2014-10-10,21.91,22.2,22.01,21.62,80338232.0,367605920.0
2014-10-09,21.96,22.01,21.91,21.62,53190444.0,242606160.0
2014-10-08,22.05,22.2,21.96,21.43,62560788.0,285560416.0
2014-09-30,21.86,22.2,22.05,21.62,73771336.0,338032032.0
2014-09-29,22.01,22.1,21.96,21.43,113624648.0,514079520.0
2014-09-26,23.01,23.06,22.01,21.43,196009344.0,902506752.0
2014-09-25,21.58,23.2,23.01,21.34,199684800.0,941457408.0
2014-09-24,19.14,21.14,21.14,19.04,135551104.0,589843328.0
2014-09-23,19.23,19.42,19.23,18.85,51046512.0,203386208.0
2014-09-22,19.23,19.28,19.23,18.66,78384504.0,312576096.0
2014-09-19,18.59,19.3,19.14,18.59,36936184.0,294144928.0
2014-09-18,18.2,18.78,18.61,18.18,29830508.0,231079776.0
2014-09-17,17.82,18.2,18.18,17.41,23044512.0,172477360.0
2014-09-16,18.51,18.68,17.94,17.63,53805936.0,410248384.0
2014-09-15,18.37,18.54,18.37,17.94,43612520.0,331616512.0
2014-09-12,18.3,18.59,18.25,17.46,44530088.0,338735200.0
2014-09-11,18.11,18.66,18.25,17.73,29264720.0,223957616.0
2014-09-10,17.87,18.08,17.94,17.61,27157520.0,203487488.0
2014-09-09,17.22,17.89,17.84,16.93,45474184.0,333383296.0
2014-09-05,17.46,17.46,17.15,16.91,36940204.0,264580544.0
2014-09-04,16.41,17.13,17.01,16.27,43467972.0,305519680.0
2014-09-03,16.03,16.55,16.24,15.88,30713148.0,208534432.0
2014-09-02,15.93,16.22,15.93,15.86,24750012.0,165777984.0
2014-09-01,15.71,15.98,15.76,15.55,13540466.0,89311144.0
2014-08-29,15.55,15.88,15.64,15.36,21164244.0,138507136.0
2014-08-28,16.17,16.7,15.38,15.31,47518540.0,316084544.0
2014-08-27,16.46,16.79,16.79,16.43,27030844.0,188226272.0
2014-08-26,16.72,16.79,16.46,16.22,26811572.0,185587776.0
2014-08-25,16.31,16.89,16.72,16.29,61375072.0,427121344.0
2014-08-22,15.52,16.98,16.22,15.5,49463632.0,336275520.0
2014-08-21,15.4,15.57,15.52,15.19,25756312.0,165647264.0
2014-08-20,15.36,15.57,15.45,15.21,22969268.0,148106592.0
2014-08-19,15.67,15.86,15.33,15.31,22320312.0,144427600.0
2014-08-18,15.64,15.88,15.64,15.43,20272264.0,132136176.0
2014-08-15,15.5,15.62,15.52,15.24,20409442.0,131856392.0
2014-08-14,15.21,15.67,15.48,15.14,29690524.0,192177936.0
2014-08-13,14.83,15.6,15.21,14.64,33241320.0,209586304.0
2014-08-12,14.78,14.97,14.78,14.71,15151689.0,93821456.0
2014-08-11,14.62,15.07,14.88,14.57,29797748.0,184948928.0
2014-08-08,14.52,14.66,14.52,14.42,19315130.0,117244640.0
2014-08-07,14.47,14.78,14.5,14.12,34128580.0,209423104.0
2014-08-06,14.75,14.78,14.5,14.33,28505880.0,175843472.0
2014-08-05,13.91,14.94,14.85,13.91,46585528.0,284814048.0
2014-08-04,13.86,14.1,13.98,13.7,26528552.0,156916640.0
2014-08-01,13.39,14.1,13.84,13.35,42854264.0,252027920.0
2014-07-31,13.04,13.6,13.49,13.02,30977092.0,177027072.0
2014-07-30,13.02,13.06,13.02,12.92,11146524.0,61686664.0
2014-07-29,13.16,13.16,13.04,12.97,12334585.0,68523640.0
2014-07-28,12.62,13.25,13.06,12.62,29279088.0,162516544.0
2014-07-25,12.52,12.64,12.59,12.5,11015869.0,58968644.0
2014-07-24,12.36,12.57,12.5,12.29,8974407.0,47539340.0
2014-07-23,12.43,12.5,12.31,12.24,9521502.0,50065516.0
2014-07-22,12.34,12.5,12.43,12.34,5853569.0,30959876.0
2014-07-21,12.43,12.52,12.38,12.34,4019723.0,21218350.0
2014-07-18,12.38,12.47,12.43,12.36,4745011.0,25096992.0
2014-07-17,12.62,12.62,12.43,12.43,5490715.0,29216448.0
2014-07-16,12.59,12.71,12.62,12.48,7301464.0,39180592.0
2014-07-15,12.66,12.69,12.62,12.43,8439394.0,45065772.0
2014-07-14,12.64,12.73,12.66,12.55,7921270.0,42603360.0
2014-07-11,12.64,12.71,12.64,12.5,11485835.0,61669888.0
2014-07-10,12.36,12.73,12.62,12.31,11126334.0,59465196.0
2014-07-09,12.47,12.47,12.38,12.24,8005136.0,42133468.0
2014-07-08,12.45,12.52,12.48,12.36,6637516.0,35167616.0
2014-07-07,12.38,12.57,12.45,12.31,9868411.0,52277996.0
2014-07-04,12.38,12.4,12.38,12.29,6288081.0,33062276.0
2014-07-03,12.45,12.45,12.36,12.26,8914865.0,46903188.0
2014-07-02,12.34,12.47,12.45,12.29,7993145.0,42166596.0
2014-07-01,12.34,12.47,12.38,12.24,8671034.0,45555920.0
2014-06-30,12.5,12.55,12.38,12.34,10320229.0,54556392.0
2014-06-27,12.5,12.59,12.48,12.4,6668019.0,35436816.0
2014-06-26,12.48,12.57,12.52,12.36,7824775.0,41568448.0
2014-06-25,12.55,12.57,12.48,12.31,4792182.0,25354318.0
2014-06-24,12.69,12.69,12.5,12.36,8272329.0,43922172.0
2014-06-23,12.83,12.9,12.69,12.62,9420640.0,51066144.0
2014-06-20,12.4,12.8,12.71,12.38,12472625.0,67193496.0
2014-06-19,12.59,12.73,12.38,12.31,10276767.0,54536432.0
2014-06-18,12.22,12.8,12.62,12.22,19194008.0,102606024.0
2014-06-17,12.12,12.38,12.19,12.05,11669532.0,60801576.0
2014-06-16,11.84,12.29,12.22,11.82,20087640.0,103539760.0
2014-06-13,11.77,11.87,11.84,11.7,10923305.0,54842896.0
2014-06-12,11.82,11.82,11.77,11.72,5100618.0,25530042.0
2014-06-11,11.87,11.87,11.82,11.75,5460386.0,27425094.0
2014-06-10,11.79,11.89,11.87,11.7,6292869.0,31630920.0
2014-06-09,11.79,11.84,11.75,11.72,6476698.0,32467150.0
2014-06-06,11.89,11.91,11.79,11.75,4950929.0,24899668.0
2014-06-05,11.7,11.91,11.89,11.7,7589418.0,38284468.0
2014-06-04,11.65,11.84,11.77,11.61,10026819.0,49991156.0
2014-06-03,11.61,11.7,11.61,11.58,7837190.0,38825816.0
2014-05-30,11.65,11.75,11.63,11.58,9386830.0,46565528.0
2014-05-29,11.87,11.89,11.65,11.63,9004998.0,45023400.0
2014-05-28,11.84,11.87,11.87,11.77,8424280.0,42369320.0
2014-05-27,11.84,11.87,11.82,11.77,6422697.0,32267060.0
2014-05-26,11.79,11.91,11.84,11.77,7635701.0,38428540.0
2014-05-23,11.77,11.82,11.79,11.72,6223864.0,31159522.0
2014-05-22,11.82,12.01,11.77,11.72,11046968.0,55760040.0
2014-05-21,11.77,11.84,11.82,11.68,9124169.0,45661912.0
2014-05-20,11.96,12.05,11.79,11.75,6942417.0,35139676.0
2014-05-19,12.05,12.08,11.91,11.87,5453690.0,27687402.0
2014-05-16,11.98,12.1,12.05,11.91,5018366.0,25660412.0
2014-05-15,12.19,12.22,12.03,12.01,4786841.0,24692760.0
2014-05-14,12.31,12.36,12.22,12.12,8851774.0,46092808.0
2014-05-13,12.57,12.64,12.31,12.29,9885684.0,52316964.0
2014-05-12,12.29,12.71,12.57,12.22,13451688.0,71466192.0
2014-05-09,12.36,12.45,12.31,12.08,5439012.0,28395946.0
2014-05-08,12.24,12.45,12.36,12.22,5778086.0,30382820.0
2014-05-07,12.36,12.45,12.29,12.22,6406883.0,33556876.0
2014-05-06,12.59,12.76,12.4,12.29,9843011.0,52379736.0
2014-05-05,12.34,12.64,12.5,12.34,8128297.0,43221348.0
2014-04-30,12.08,12.5,12.43,11.77,8183330.0,42310536.0
2014-04-29,12.03,12.12,12.08,11.7,5866556.0,29778020.0
2014-04-28,12.26,12.36,12.05,11.89,5902641.0,30283760.0
2014-04-25,12.47,12.55,12.4,12.17,8415274.0,44336296.0
2014-04-24,12.57,12.69,12.59,12.55,4733500.0,25424904.0
2014-04-23,12.69,12.73,12.57,12.5,6591555.0,35405488.0
2014-04-22,12.59,12.73,12.71,12.55,5066387.0,27289808.0
2014-04-21,12.8,12.83,12.59,12.57,9879093.0,53499788.0
2014-04-18,13.2,13.23,12.92,12.88,21106684.0,117006312.0
2014-04-17,12.57,13.23,13.2,12.45,19660332.0,107971000.0
2014-04-16,12.5,12.59,12.55,12.45,4294723.0,22918160.0
2014-04-15,12.73,12.73,12.52,12.48,11778149.0,62983084.0
2014-04-14,12.95,12.95,12.88,12.78,10968252.0,60120396.0
2014-04-11,12.71,12.92,12.9,12.71,12588394.0,68755896.0
2014-04-10,12.73,12.78,12.78,12.64,9022629.0,48864856.0
2014-04-09,12.76,12.8,12.73,12.69,8374838.0,45426116.0
2014-04-08,12.55,12.78,12.76,12.48,7871842.0,42454052.0
2014-04-04,12.45,12.55,12.55,12.4,3266807.0,17378844.0
2014-04-03,12.5,12.57,12.45,12.36,5719389.0,30362634.0
2014-04-02,12.57,12.59,12.5,12.45,5427161.0,28908780.0
2014-04-01,12.4,12.62,12.57,12.29,6857485.0,36451888.0
2014-03-31,12.45,12.45,12.4,12.34,6855158.0,36132272.0
2014-03-28,12.62,12.66,12.45,12.38,10251818.0,54473484.0
2014-03-27,12.88,12.92,12.62,12.55,9349767.0,50477152.0
2014-03-26,13.09,13.11,12.9,12.8,7493677.0,41164308.0
2014-03-25,12.85,13.25,12.99,12.78,11902235.0,66031724.0
2014-03-24,12.8,12.97,12.9,12.64,11939223.0,65138568.0
2014-03-21,12.5,12.78,12.71,12.36,8826019.0,47275920.0
2014-03-20,12.78,12.8,12.57,12.55,5899497.0,31787954.0
2014-03-19,12.85,12.88,12.71,12.59,9655057.0,52275020.0
2014-03-18,12.69,13.04,12.9,12.59,11126572.0,60723012.0
2014-03-17,12.48,12.71,12.66,12.43,6925472.0,37188164.0
2014-03-14,12.52,12.52,12.4,12.34,6071412.0,32122188.0
2014-03-13,12.36,12.62,12.55,12.36,8045572.0,42810368.0
2014-03-12,12.52,12.55,12.31,12.17,8577429.0,45148032.0
2014-03-11,12.59,12.62,12.5,12.31,7435837.0,39459204.0
2014-03-10,13.11,13.11,12.43,12.29,16995320.0,91986280.0
2014-03-07,13.06,13.32,13.09,12.99,13932368.0,78005320.0
2014-03-06,13.09,13.13,12.99,12.9,10647362.0,58810472.0
2014-03-05,13.11,13.18,13.06,12.95,8975443.0,49957288.0
2014-03-04,13.23,13.32,13.04,12.85,14302433.0,79418688.0
2014-03-03,13.3,13.49,13.35,12.92,14906302.0,84024376.0
2014-02-28,13.39,13.6,13.39,13.13,12204937.0,69203032.0
2014-02-27,13.23,14.05,13.39,12.99,27631248.0,157255120.0
2014-02-26,14.12,14.12,13.25,13.09,23835952.0,138187040.0
2014-02-25,13.86,14.12,13.72,13.44,26656994.0,157063408.0
2014-02-24,13.77,14.14,13.86,13.67,20945044.0,124096392.0
2014-02-21,14.12,14.21,13.86,13.81,15269988.0,90843168.0
2014-02-20,14.1,14.43,14.05,13.91,26091420.0,157561152.0
2014-02-19,14.17,14.33,14.12,13.74,38240848.0,227729696.0
2014-02-18,13.74,14.36,14.14,13.7,36194440.0,216177184.0
2014-02-17,13.72,13.81,13.74,13.53,22071708.0,128554888.0
2014-02-14,13.53,13.67,13.58,13.32,11908574.0,68545152.0
2014-02-13,13.74,13.81,13.58,13.49,16848528.0,97871224.0
2014-02-12,13.86,13.91,13.67,13.6,20204582.0,117741072.0
2014-02-11,13.53,13.96,13.86,13.49,20691816.0,121049520.0
2014-02-10,13.04,13.74,13.53,12.99,20259396.0,115326880.0
2014-02-07,12.73,13.2,13.04,12.69,15924133.0,88484624.0
2014-01-30,12.66,12.83,12.76,12.66,5386660.0,29244238.0
2014-01-29,12.97,12.99,12.66,12.64,23089202.0,125770664.0
2014-01-28,13.39,13.49,12.92,12.9,19843560.0,110637792.0
2014-01-27,13.53,13.74,13.39,13.11,18032716.0,102702576.0
2014-01-24,13.27,13.7,13.6,13.27,9054861.0,52228512.0
2014-01-23,13.44,13.6,13.37,13.13,11474447.0,65497712.0
2014-01-22,12.85,13.51,13.51,12.83,10591485.0,59575416.0
2014-01-21,12.83,13.06,12.88,12.8,9308601.0,51157560.0
2014-01-20,13.37,13.53,12.83,12.8,11783466.0,65983788.0
2014-01-17,13.46,13.63,13.37,13.23,9188601.0,52466352.0
2014-01-16,13.56,13.88,13.6,13.39,11887468.0,68983960.0
2014-01-15,13.98,14.1,13.51,13.35,23719238.0,137487568.0
2014-01-14,13.16,14.17,14.0,13.16,20605608.0,121592920.0
2014-01-13,13.63,13.84,13.41,13.37,11285501.0,65231932.0
2014-01-10,13.63,14.03,13.63,13.44,14098088.0,82018424.0
2014-01-09,14.24,14.43,13.56,13.51,23402032.0,139271856.0
2014-01-08,14.61,14.75,14.29,14.26,23372112.0,143496720.0
2014-01-07,14.36,14.82,14.61,14.21,39366128.0,243297744.0
2014-01-06,14.78,14.92,14.33,14.03,24420788.0,150849472.0
2014-01-03,14.97,15.06,14.76,14.47,13092279.0,82409920.0
2014-01-02,14.92,15.25,14.99,14.78,14101160.0,89911320.0
2013-12-31,14.73,15.37,15.01,14.73,16911986.0,107685808.0
2013-12-30,15.13,15.51,14.73,14.59,28126896.0,178815520.0
2013-12-27,15.29,15.72,15.29,15.08,48032184.0,314763968.0
2013-12-26,16.16,16.28,15.2,14.99,31168496.0,205943520.0
2013-12-25,16.33,16.89,16.4,15.98,45535632.0,316804992.0
2013-12-24,16.77,17.46,16.92,16.45,41776420.0,302117312.0
2013-12-23,15.74,17.01,16.8,15.69,30891030.0,216090832.0
2013-12-20,16.63,16.92,15.62,15.46,24490898.0,167801248.0
2013-12-19,16.28,17.15,16.7,16.21,25630186.0,181823696.0
2013-12-18,16.89,17.1,16.33,16.14,27577356.0,194551456.0
2013-12-17,15.79,17.55,17.08,15.72,38470168.0,273520192.0
2013-12-16,15.48,15.95,15.95,15.32,26314548.0,174430288.0
2013-12-13,15.08,15.69,15.48,14.78,35985112.0,234853248.0
2013-12-12,14.38,15.27,15.22,14.38,35248232.0,225009104.0
2013-12-11,13.98,14.85,14.45,13.81,36158296.0,222118128.0
2013-12-10,13.72,14.03,14.03,13.7,19604908.0,115610504.0
2013-12-09,13.72,13.86,13.72,13.67,8288003.0,48472372.0
2013-12-06,13.6,13.79,13.65,13.6,7912253.0,46121260.0
2013-12-05,13.63,13.81,13.6,13.56,10005170.0,58305632.0
2013-12-04,13.51,13.74,13.6,13.39,10214839.0,59314848.0
2013-12-03,13.25,13.56,13.51,12.95,7816783.0,44382632.0
2013-12-02,13.39,13.56,13.35,13.11,9822936.0,55794360.0
2013-11-29,13.51,13.56,13.51,13.44,8432633.0,48433112.0
2013-11-28,13.7,13.74,13.46,13.44,16354596.0,95926632.0
2013-11-27,13.65,13.76,13.67,13.46,9962900.0,58680484.0
2013-11-26,13.49,13.67,13.67,13.35,8882126.0,51742892.0
2013-11-25,13.76,13.88,13.51,13.46,8635156.0,50803820.0
2013-11-22,13.35,13.97,13.76,13.21,13302611.0,77932256.0
2013-11-21,13.51,13.51,13.28,13.19,7839081.0,44898192.0
2013-11-20,13.58,13.7,13.51,13.46,7022632.0,41014748.0
2013-11-19,13.65,13.65,13.58,13.35,9623213.0,56045520.0
2013-11-18,13.35,13.72,13.65,13.25,8765549.0,51436136.0
2013-11-15,13.14,13.49,13.35,13.02,6681289.0,38332832.0
2013-11-14,12.98,13.14,13.09,12.74,4705519.0,26332322.0
2013-11-13,13.19,13.19,12.98,12.68,8294900.0,46136084.0
2013-11-12,13.21,13.37,13.25,13.09,6705141.0,38201736.0
2013-11-11,13.51,13.62,13.21,13.07,8178346.0,46829888.0
2013-11-08,13.65,14.0,13.65,13.46,14741699.0,87111808.0
2013-11-07,13.23,13.74,13.58,13.16,16526955.0,96940568.0
2013-11-06,13.14,13.62,13.37,13.07,15519187.0,89680448.0
2013-11-05,12.79,13.3,13.19,12.7,10674758.0,60222788.0
2013-11-04,12.81,13.07,12.98,12.65,8072782.0,45011616.0
2013-11-01,12.51,12.88,12.77,12.49,12516826.0,68823424.0
2013-10-31,12.61,12.86,12.49,12.44,11603858.0,63300856.0
2013-10-30,11.89,13.09,12.74,11.84,19156856.0,103819824.0
2013-10-29,12.49,12.51,11.93,11.38,13330265.0,69130648.0
2013-10-28,12.98,13.02,12.28,12.26,16026598.0,86439424.0
2013-10-25,13.56,13.58,13.05,12.81,13361473.0,76175184.0
2013-10-24,13.42,13.74,13.46,13.23,21088748.0,122877352.0
2013-10-23,13.16,13.6,13.49,13.09,27812694.0,160550176.0
2013-10-22,13.23,13.28,13.14,13.05,13542847.0,76831296.0
2013-10-21,12.93,13.56,13.37,12.49,17815336.0,100368928.0
2013-10-18,13.37,13.37,12.95,12.81,12357426.0,69074416.0
2013-10-17,13.46,13.76,13.37,13.37,6314995.0,36934836.0
2013-10-16,13.72,13.76,13.44,13.3,9203535.0,53635856.0
2013-10-15,13.46,13.9,13.81,13.3,16211735.0,95494904.0
2013-10-14,12.79,13.9,13.56,12.72,18830004.0,108002320.0
2013-10-11,12.68,12.81,12.72,12.54,13175476.0,72081824.0
2013-10-10,12.56,12.86,12.65,12.51,8647871.0,47252784.0
2013-10-09,12.49,12.61,12.54,12.42,10139026.0,54742764.0
2013-10-08,12.51,12.61,12.56,12.3,12601720.0,67813728.0
2013-09-30,12.98,13.0,12.49,12.28,9612385.0,52056108.0
2013-09-27,13.67,13.72,12.98,12.98,6065059.0,34418620.0
2013-09-26,13.51,13.86,13.67,13.44,5554305.0,32801240.0
2013-09-25,13.81,13.9,13.49,13.46,5194453.0,30572142.0
2013-09-24,14.32,14.32,13.88,13.76,5720353.0,34333312.0
2013-09-23,14.11,14.37,14.16,14.06,6347841.0,38875436.0
2013-09-18,14.04,14.32,14.04,13.62,8069357.0,48617580.0
2013-09-17,14.81,15.22,14.3,14.13,21924164.0,139589584.0
2013-09-16,13.25,14.51,14.51,13.12,15086744.0,91044448.0
2013-09-13,13.37,13.56,13.19,13.12,5460695.0,31296628.0
2013-09-12,13.62,13.76,13.39,13.37,5875747.0,34373364.0
2013-09-11,13.16,13.86,13.44,13.16,9782289.0,56864472.0
2013-09-10,13.07,13.28,13.21,13.02,6670975.0,37951452.0
2013-09-09,12.79,13.02,13.02,12.74,4552393.0,25412070.0
2013-09-06,12.91,12.93,12.79,12.79,1876317.0,10382263.0
2013-09-05,13.05,13.05,12.84,12.79,2699704.0,15046436.0
2013-09-04,12.86,13.07,13.02,12.74,4809680.0,26805690.0
2013-09-03,12.98,13.02,12.95,12.79,3459038.0,19261554.0
2013-09-02,12.72,12.91,12.91,12.63,3551301.0,19626640.0
2013-08-30,12.81,12.86,12.7,12.65,3655986.0,20110002.0
2013-08-29,12.65,12.95,12.81,12.65,4874588.0,26972198.0
2013-08-28,12.61,12.7,12.63,12.49,2938198.0,15968760.0
2013-08-27,12.58,12.7,12.7,12.49,2780456.0,15121630.0
2013-08-26,12.37,12.58,12.56,12.28,2375965.0,12822853.0
2013-08-23,12.61,12.68,12.4,12.3,2417311.0,13005121.0
2013-08-22,12.56,12.7,12.65,12.49,2505607.0,13623063.0
2013-08-21,12.86,12.86,12.58,12.56,3266306.0,17850016.0
2013-08-20,13.07,13.14,12.77,12.74,7228449.0,40416192.0
2013-08-19,12.35,12.98,12.98,12.26,4800054.0,26159648.0
2013-08-16,12.33,12.65,12.4,12.26,3156999.0,16900502.0
2013-08-15,12.51,12.68,12.37,12.37,2386951.0,12908427.0
2013-08-14,12.7,12.81,12.58,12.54,3133620.0,17140934.0
2013-08-13,12.72,12.81,12.74,12.61,3641895.0,19983008.0
2013-08-12,12.28,12.74,12.72,12.28,6293382.0,34144740.0
2013-08-09,12.23,12.37,12.35,12.16,2143860.0,11354002.0
2013-08-08,12.26,12.37,12.23,12.19,2091132.0,11086343.0
2013-08-07,12.51,12.51,12.3,12.3,2639672.0,14131998.0
2013-08-06,12.33,12.61,12.56,12.28,3792894.0,20372852.0
2013-08-05,12.3,12.49,12.44,12.28,2028611.0,10839991.0
2013-08-02,12.42,12.51,12.37,12.23,2796418.0,14906273.0
2013-08-01,12.21,12.49,12.4,12.21,2920421.0,15581842.0
2013-07-31,12.26,12.44,12.16,12.14,2598894.0,13765117.0
2013-07-30,12.51,12.68,12.28,12.05,5487916.0,29334094.0
2013-07-29,12.21,12.77,12.68,12.12,9708968.0,52173004.0
2013-07-26,11.86,12.56,12.37,11.77,5975957.0,31423748.0
2013-07-25,11.82,11.96,11.96,11.61,3382754.0,17213354.0
2013-07-24,11.87,11.89,11.8,11.63,2900161.0,14791130.0
2013-07-23,11.61,11.96,11.91,11.57,2270955.0,11708877.0
2013-07-22,11.52,11.63,11.61,11.38,1634357.0,8210208.0
2013-07-19,11.91,12.03,11.66,11.66,1805820.0,9316683.0
2013-07-18,12.03,12.12,11.98,11.77,2357649.0,12272993.0
2013-07-17,12.1,12.26,12.1,11.98,2369651.0,12467150.0
2013-07-16,12.16,12.26,12.14,11.96,2913689.0,15299187.0
2013-07-15,12.23,12.39,12.21,12.12,2634243.0,14045626.0
2013-07-12,12.46,12.53,12.21,12.16,4417104.0,23666084.0
2013-07-11,12.12,12.62,12.46,12.1,6365449.0,34258572.0
2013-07-10,11.84,12.21,12.19,11.82,3359092.0,17589586.0
2013-07-09,11.91,12.26,12.0,11.8,3183187.0,16647527.0
2013-07-08,11.54,12.35,12.03,11.54,5414175.0,28427042.0
2013-07-05,12.12,12.53,11.91,11.84,7484330.0,39509212.0
2013-07-04,11.2,11.59,11.5,11.04,3547392.0,17584488.0
2013-07-03,11.38,11.38,11.18,11.06,1720759.0,8355249.0
2013-07-02,11.27,11.38,11.36,11.15,1421678.0,6968888.0
2013-07-01,11.11,11.36,11.31,11.04,1481057.0,7261016.0
2013-06-28,11.13,11.31,11.11,10.85,1933160.0,9327080.0
2013-06-27,11.5,11.54,11.13,11.06,2743404.0,13590882.0
2013-06-26,11.27,11.57,11.5,11.15,4343194.0,21485204.0
2013-06-25,11.22,11.24,11.01,10.14,3876406.0,18150690.0
2013-06-24,12.26,12.37,11.27,11.2,2621837.0,13372243.0
2013-06-21,12.51,12.51,12.32,12.19,2308431.0,12349239.0
2013-06-20,13.13,13.13,12.6,12.58,2430590.0,13501620.0
2013-06-19,13.47,13.47,13.15,12.97,3111635.0,17769094.0
2013-06-18,13.66,13.68,13.54,13.43,1169330.0,6880772.0
2013-06-17,13.63,13.73,13.54,13.47,1390169.0,8195655.0
2013-06-14,13.52,13.73,13.63,13.45,1714999.0,10150659.0
2013-06-13,14.07,14.07,13.5,13.31,2564784.0,15146376.0
2013-06-07,14.28,14.37,14.19,14.1,2748354.0,16997274.0
2013-06-06,14.49,14.53,14.26,14.26,3114568.0,19466974.0
2013-06-05,14.44,14.58,14.53,14.39,1949488.0,12276213.0
2013-06-04,14.79,14.79,14.49,14.39,3841149.0,24283254.0
2013-06-03,14.99,14.99,14.76,14.72,5678735.0,36602316.0
2013-05-31,14.69,15.2,14.99,14.69,10333912.0,67398640.0
2013-05-30,14.76,14.76,14.65,14.6,3202967.0,20434972.0
2013-05-29,14.95,14.95,14.76,14.76,3526856.0,22726606.0
2013-05-28,14.79,14.88,14.85,14.6,4726574.0,30305914.0
2013-05-27,14.51,14.81,14.79,14.44,4390984.0,28019610.0
2013-05-24,14.55,14.62,14.53,14.37,3728919.0,23485682.0
2013-05-23,14.72,14.81,14.55,14.53,3905102.0,24892986.0
2013-05-22,14.74,14.88,14.74,14.65,4544774.0,29217396.0
2013-05-21,14.79,14.9,14.74,14.62,4336007.0,27779302.0
2013-05-20,14.74,14.83,14.79,14.62,5143272.0,32948826.0
2013-05-17,14.46,14.79,14.74,14.37,7810051.0,49607784.0
2013-05-16,14.3,14.49,14.39,14.19,3992066.0,24975564.0
2013-05-15,14.37,14.39,14.3,14.19,2259653.0,14011520.0
2013-05-14,14.51,14.51,14.26,14.21,3682480.0,22897768.0
2013-05-13,14.37,14.55,14.55,14.23,5821568.0,36485232.0
2013-05-10,14.21,14.32,14.32,14.14,4177484.0,25824026.0
2013-05-09,14.44,14.46,14.21,14.07,5601092.0,34618512.0
2013-05-08,14.44,14.49,14.49,14.35,3828825.0,23988932.0
2013-05-07,14.37,14.46,14.37,14.3,3649263.0,22789568.0
2013-05-06,14.32,14.49,14.44,14.3,3302115.0,20663184.0
2013-05-03,14.21,14.44,14.3,14.21,4164091.0,25952052.0
2013-05-02,14.39,14.58,14.19,14.16,2552222.0,15927960.0
2013-04-26,14.99,15.13,14.58,14.49,2723973.0,17425474.0
2013-04-25,14.99,15.38,14.99,14.95,5046522.0,33299494.0
2013-04-24,14.67,14.9,14.81,14.6,1930863.0,12373751.0
2013-04-23,15.04,15.04,14.65,14.6,2459001.0,15767803.0
2013-04-22,14.97,15.08,15.06,14.81,2581318.0,16752881.0
2013-04-19,14.76,15.13,15.08,14.76,2960047.0,19336788.0
2013-04-18,14.83,14.97,14.85,14.62,1417936.0,9129152.0
2013-04-17,14.88,14.97,14.92,14.65,1699520.0,10952977.0
2013-04-16,14.72,14.95,14.88,14.39,1468780.0,9371806.0
2013-04-15,15.18,15.18,14.69,14.65,1784821.0,11474591.0
2013-04-12,14.95,15.41,15.04,14.95,1448524.0,9573191.0
2013-04-11,15.08,15.36,15.13,15.08,1596324.0,10557654.0
2013-04-10,15.43,15.52,15.27,15.15,2975327.0,19745716.0
2013-04-09,14.95,15.61,15.52,14.9,3355093.0,22335562.0
2013-04-08,15.18,15.18,15.04,14.79,1790276.0,11610972.0
2013-04-03,15.41,15.41,15.22,15.08,1628814.0,10799221.0
2013-04-02,15.43,15.64,15.29,15.29,2108828.0,14160781.0
2013-04-01,15.18,15.47,15.43,15.13,1809829.0,12106646.0
2013-03-29,15.57,15.64,15.38,15.31,3591909.0,24141388.0
2013-03-28,15.87,15.87,15.59,15.45,2703428.0,18334086.0
2013-03-27,16.16,16.26,15.98,15.87,3566826.0,24898722.0
2013-03-26,16.49,16.49,16.16,16.0,4152436.0,29234432.0
2013-03-25,16.14,16.65,16.51,16.14,6942729.0,49657708.0
2013-03-22,16.3,16.32,16.1,15.94,3725802.0,26055608.0
2013-03-21,16.19,16.28,16.23,16.03,4840118.0,34032004.0
2013-03-20,15.82,16.16,16.14,15.71,5122868.0,35606880.0
2013-03-19,15.87,15.89,15.82,15.47,2910743.0,19908424.0
2013-03-18,16.26,16.37,15.68,15.64,5695895.0,39431452.0
2013-03-15,16.67,16.72,16.26,16.21,6430290.0,45963416.0
2013-03-14,16.85,17.22,16.67,16.39,10241537.0,74883728.0
2013-03-13,16.46,17.48,16.9,16.16,11267073.0,82459168.0
2013-03-12,16.67,16.92,16.51,16.12,7127730.0,51082432.0
2013-03-11,16.55,16.95,16.72,16.37,8858006.0,64591372.0
2013-03-08,16.55,16.95,16.51,16.39,7158915.0,51770140.0
2013-03-07,16.05,16.97,16.72,15.96,16404795.0,117892336.0
2013-03-06,15.8,16.09,16.05,15.66,5599278.0,38608276.0
2013-03-05,15.36,15.8,15.68,15.31,2793982.0,18973646.0
2013-03-04,15.94,15.94,15.41,15.27,4589615.0,31140454.0
2013-03-01,16.0,16.0,16.0,15.75,3666388.0,25353620.0
2013-02-28,15.66,16.05,15.98,15.61,3629303.0,25090520.0
2013-02-27,15.59,15.75,15.66,15.52,2437843.0,16573606.0
2013-02-26,16.0,16.0,15.59,15.52,3844007.0,26436984.0
2013-02-25,15.84,16.07,16.0,15.8,3079615.0,21351218.0
2013-02-22,15.82,16.0,15.84,15.82,3408422.0,23579302.0
2013-02-21,16.37,16.39,15.96,15.94,6143955.0,43104660.0
2013-02-20,16.42,16.49,16.46,16.21,4200404.0,29943586.0
2013-02-19,16.92,16.92,16.3,16.28,6662664.0,47804036.0
2013-02-18,16.85,16.95,16.9,16.67,5494739.0,40183712.0
2013-02-08,16.74,16.95,16.81,16.6,4118909.0,30163578.0
2013-02-07,16.72,16.88,16.65,16.6,3996281.0,29008506.0
2013-02-06,16.69,16.92,16.76,16.6,5813712.0,42487560.0
2013-02-05,16.67,16.72,16.65,16.37,5908140.0,42537212.0
2013-02-04,16.74,16.99,16.67,16.58,7787668.0,56648684.0
2013-02-01,16.44,16.62,16.58,16.3,5775770.0,41486028.0
2013-01-31,16.51,16.58,16.44,16.3,4757265.0,33960152.0
2013-01-30,16.55,16.6,16.49,16.35,4119065.0,29483238.0
2013-01-29,16.32,16.65,16.49,16.23,5648481.0,40392824.0
2013-01-28,16.12,16.32,16.3,16.07,6066517.0,42702644.0
2013-01-25,16.32,16.39,16.0,15.98,3680438.0,25954172.0
2013-01-24,16.74,16.95,16.26,16.12,7544521.0,54221304.0
2013-01-23,17.22,17.22,16.83,16.51,9289789.0,67901664.0
2013-01-22,17.2,17.8,17.31,17.08,14796140.0,112066152.0
2013-01-21,17.04,17.36,17.18,16.79,11165632.0,83089944.0
2013-01-18,16.9,17.02,17.02,16.62,8551415.0,62680984.0
2013-01-17,17.08,17.13,16.79,16.58,9033011.0,66016612.0
2013-01-16,16.67,17.2,17.06,16.6,15395767.0,113269592.0
2013-01-15,16.44,16.9,16.69,16.28,13674048.0,99014568.0
2013-01-14,15.8,16.39,16.37,15.75,8349245.0,58784712.0
2013-01-11,16.53,16.58,15.94,15.91,7496952.0,53010340.0
2013-01-10,16.3,16.44,16.42,16.09,8645246.0,61369280.0
2013-01-09,16.28,16.6,16.23,16.09,12428222.0,88300880.0
2013-01-08,15.89,16.26,16.26,15.82,10613831.0,74280728.0
2013-01-07,15.75,15.96,15.89,15.66,5423545.0,37289488.0
2013-01-04,16.12,16.21,15.87,15.77,7418036.0,51408608.0
2012-12-31,16.03,16.21,15.98,15.91,9357851.0,65302776.0
2012-12-28,16.09,16.28,15.98,15.89,9541985.0,66431592.0
2012-12-27,16.09,16.21,16.05,15.77,12200221.0,85079632.0
2012-12-26,15.96,16.05,16.0,15.84,8981240.0,62382480.0
2012-12-25,15.54,16.09,15.96,15.34,9842262.0,67575008.0
2012-12-24,15.59,15.59,15.54,15.31,3160201.0,21306198.0
2012-12-21,15.52,15.73,15.57,15.47,5307779.0,36015912.0
2012-12-20,16.28,16.28,15.61,15.41,11793568.0,80086216.0
2012-12-19,16.28,16.58,16.3,16.16,5153000.0,36780448.0
2012-12-18,16.3,16.49,16.28,16.12,5671126.0,40313044.0
2012-12-17,16.49,16.49,16.28,16.03,6194570.0,43805928.0
2012-12-14,15.38,16.28,16.16,15.38,7782099.0,54343420.0
2012-12-13,15.87,15.96,15.59,15.59,3257409.0,22321792.0
2012-12-12,16.0,16.07,15.84,15.71,4807307.0,33122662.0
2012-12-11,15.98,16.23,16.1,15.68,7910286.0,55061700.0
2012-12-10,15.38,16.21,16.16,15.36,12792779.0,87606048.0
2012-12-07,15.29,15.89,15.73,14.49,15250355.0,101489064.0
2012-12-06,15.82,16.21,16.0,15.66,4887112.0,34015860.0
2012-12-05,15.68,16.32,15.96,15.36,7202836.0,49808080.0
2012-12-04,14.74,15.98,15.75,14.6,7328444.0,49387128.0
2012-12-03,14.53,14.81,14.6,14.39,1779669.0,11329014.0
2012-11-30,14.07,14.79,14.67,14.07,2095534.0,13279426.0
2012-11-29,14.72,14.95,14.26,14.23,1760498.0,11175166.0
2012-11-28,15.13,15.13,14.85,14.03,3715826.0,23545146.0
2012-11-27,15.75,15.8,15.08,15.02,2791942.0,18557238.0
2012-11-26,16.19,16.19,15.8,15.75,2324789.0,16112602.0
2012-11-23,16.07,16.44,16.3,16.07,2326378.0,16463964.0
2012-11-22,16.44,16.44,16.07,16.0,2720796.0,19138726.0
2012-11-21,16.0,16.44,16.44,15.91,4127236.0,29031672.0
2012-11-20,16.0,16.19,15.91,15.87,2544836.0,17705164.0
2012-11-19,15.94,15.98,15.94,15.73,2750330.0,18959202.0
2012-11-16,16.39,16.53,15.82,15.59,6127259.0,42438496.0
2012-11-15,17.29,17.43,16.44,16.35,3566935.0,26392318.0
2012-11-14,17.34,17.48,17.29,17.02,2716596.0,20363838.0
2012-11-13,17.8,17.8,17.38,17.02,4434729.0,33508386.0
2012-11-12,17.5,17.7,17.66,17.48,2775710.0,21236876.0
2012-11-09,17.31,17.57,17.48,17.25,2624797.0,19897218.0
2012-11-08,17.75,17.75,17.34,17.29,5538753.0,42154924.0
2012-11-07,18.33,18.51,18.0,17.96,5810895.0,46000104.0
2012-11-06,19.38,19.73,18.46,18.35,15082824.0,123943536.0
2012-11-05,17.91,18.62,18.51,17.84,7848958.0,62438428.0
2012-11-02,17.89,18.0,17.91,17.68,3668251.0,28462030.0
2012-11-01,17.54,17.98,17.89,17.5,4889388.0,37803420.0
2012-10-31,17.66,17.8,17.54,17.25,4195876.0,31918898.0
2012-10-30,17.61,18.1,17.68,17.57,4083368.0,31592006.0
2012-10-29,17.61,17.7,17.68,17.34,3693122.0,28153734.0
2012-10-26,18.35,18.53,17.59,17.5,9739432.0,75891888.0
2012-10-25,19.32,19.52,18.62,18.26,11299052.0,92631048.0
2012-10-24,19.15,19.36,19.11,18.76,8444594.0,70070368.0
2012-10-23,19.55,19.82,19.2,19.15,11652184.0,98126296.0
2012-10-22,18.44,19.7,19.52,18.44,15379577.0,128812464.0
2012-10-19,18.72,19.45,18.88,18.6,13485443.0,111500000.0
2012-10-18,18.26,18.81,18.62,18.26,9183521.0,74527136.0
2012-10-17,18.44,18.49,18.3,18.05,6770692.0,53780396.0
2012-10-16,18.56,19.06,18.46,18.42,12973127.0,105637808.0
2012-10-15,18.9,19.02,18.67,18.1,12863944.0,103020080.0
2012-10-12,17.7,18.65,18.58,17.52,16881478.0,133879944.0
2012-10-11,18.12,18.12,17.52,17.38,7645877.0,59156648.0
2012-10-10,17.7,18.49,18.21,17.5,12257074.0,96166424.0
2012-10-09,17.08,17.91,17.91,16.79,11406515.0,86333464.0
2012-10-08,17.29,17.36,17.06,17.02,3441965.0,25662900.0
2012-09-28,17.61,17.66,17.25,16.9,11219086.0,83856232.0
2012-09-27,16.92,17.7,17.59,16.83,7660678.0,57705776.0
2012-09-26,18.23,18.26,16.92,16.9,7584280.0,57566624.0
2012-09-25,18.62,18.62,18.3,18.05,6706070.0,53364476.0
2012-09-24,17.64,18.72,18.53,17.64,12568145.0,99683560.0
2012-09-21,17.02,17.87,17.64,16.85,7310211.0,55783904.0
2012-09-20,17.59,17.89,17.13,17.08,7383110.0,56298252.0
2012-09-19,17.06,17.66,17.54,17.06,6606745.0,50201876.0
2012-09-18,16.81,17.22,17.06,16.81,3087489.0,22939662.0
2012-09-17,17.5,17.61,17.04,16.99,7138573.0,53327408.0
2012-09-14,18.35,18.49,17.68,17.48,9966707.0,77362336.0
2012-09-13,18.97,19.32,18.1,18.05,13951842.0,113465976.0
2012-09-12,18.74,19.41,18.86,18.56,8179916.0,67153888.0
2012-09-11,19.5,19.5,18.69,18.3,12754667.0,103891056.0
2012-09-10,18.35,19.15,19.09,18.12,13961344.0,114328768.0
2012-09-07,17.84,18.81,18.42,17.59,15708552.0,124495648.0
2012-09-06,17.27,18.53,17.77,17.22,13538029.0,105523704.0
2012-09-05,16.74,17.29,16.97,16.62,4945920.0,36537580.0
2012-09-04,17.45,17.73,16.95,16.92,9612200.0,72517696.0
2012-09-03,16.79,17.64,17.5,16.67,8920692.0,66859792.0
2012-08-31,16.55,17.18,16.97,16.23,8859543.0,64618212.0
2012-08-30,17.13,17.61,16.53,15.87,10795470.0,78240256.0
2012-08-29,17.57,17.84,17.36,17.36,6583879.0,50242028.0
2012-08-28,17.7,17.91,17.7,17.13,7726226.0,58994592.0
2012-08-27,17.48,18.23,17.61,17.45,9227815.0,71879648.0
2012-08-24,19.13,19.18,17.77,17.7,22732468.0,182339952.0
2012-08-23,19.94,20.19,19.66,19.61,22610732.0,194904624.0
2012-08-22,19.06,21.15,20.33,18.62,38979928.0,337665856.0
2012-08-21,19.8,20.12,19.22,19.09,26742044.0,227556080.0
2012-08-20,18.72,19.75,19.71,18.51,24147872.0,201930560.0
2012-08-17,19.13,19.5,18.97,18.69,16946404.0,140814080.0
2012-08-16,19.38,19.77,19.13,18.83,22581916.0,188791376.0
2012-08-15,20.92,21.11,19.66,19.32,40053104.0,349069888.0
2012-08-14,21.15,22.19,21.22,20.12,54510840.0,506666272.0
2012-08-13,22.53,22.95,21.15,21.04,59151752.0,565290432.0
2012-08-10,21.2,21.2,21.2,21.2,11498740.0,106018384.0
2012-08-09,18.39,19.27,19.27,17.7,20625964.0,166734400.0
2012-08-07,16.3,17.93,17.52,16.19,11059459.0,82406096.0
2012-08-06,15.75,16.44,16.3,15.75,2838599.0,19982996.0
2012-08-03,15.24,16.16,15.94,15.24,2786113.0,19214890.0
2012-08-02,15.22,15.36,15.18,15.08,495590.0,3275426.0
2012-08-01,14.62,15.47,15.22,14.62,1162494.0,7674582.0
2012-07-31,15.87,16.0,14.85,14.81,2523908.0,16872068.0
2012-07-30,15.98,16.1,15.87,15.77,1169261.0,8092036.0
2012-07-27,16.14,16.26,15.96,15.66,2146346.0,14902302.0
2012-07-26,15.89,16.21,16.1,15.87,2167589.0,15168682.0
2012-07-25,15.82,16.05,15.82,15.8,953705.0,6598843.0
2012-07-24,15.96,16.1,15.98,15.8,2024300.0,14057326.0
2012-07-23,16.21,16.39,16.05,15.96,2606581.0,18333716.0
2012-07-20,16.23,16.39,16.23,15.96,2270738.0,16000932.0
2012-07-19,15.91,16.76,16.28,15.91,6837255.0,48738944.0
2012-07-18,15.64,16.14,16.1,15.36,4551217.0,31184908.0
2012-07-17,14.97,15.61,15.61,14.74,3776189.0,25037470.0
2012-07-16,15.36,15.52,15.08,14.97,3317145.0,21936548.0
2012-07-13,14.99,15.36,15.2,14.88,2647861.0,17485870.0
2012-07-12,14.72,15.06,15.06,14.51,2013216.0,12978896.0
2012-07-11,14.35,14.76,14.72,14.32,1501123.0,9580443.0
2012-07-10,14.51,14.6,14.37,14.26,1153954.0,7247829.0
2012-07-09,14.92,14.97,14.51,14.51,1372252.0,8787632.0
2012-07-06,15.11,15.15,14.92,14.49,1811155.0,11649117.0
2012-07-05,14.95,15.29,14.9,14.79,2275155.0,14834009.0
2012-07-04,14.79,15.75,15.34,14.35,3789245.0,24921354.0
2012-07-03,14.83,14.97,14.81,14.65,1498193.0,9643543.0
2012-07-02,14.83,14.97,14.83,14.69,1438746.0,9284355.0
2012-06-29,14.49,14.65,14.65,14.42,1301439.0,8239563.0
2012-06-28,14.35,14.69,14.49,14.35,1517460.0,9576827.0
2012-06-27,14.55,14.9,14.51,14.49,1100424.0,7036160.0
2012-06-26,14.49,14.92,14.65,14.35,1212530.0,7696791.0
2012-06-25,15.2,15.2,14.51,14.51,2772200.0,17908692.0
2012-06-21,15.64,15.73,15.27,15.18,2244547.0,15031365.0
2012-06-20,15.68,15.84,15.63,15.5,1439289.0,9835001.0
2012-06-19,15.95,15.98,15.56,15.5,2171565.0,14841619.0
2012-06-18,15.84,16.18,15.86,15.77,2863847.0,19990940.0
2012-06-15,15.98,16.27,15.77,15.47,4289676.0,29709400.0
2012-06-14,15.72,16.62,15.91,15.72,8718667.0,61718392.0
2012-06-13,15.09,15.5,15.4,14.9,3755136.0,25208320.0
2012-06-12,15.22,15.22,14.95,14.88,2019810.0,13222717.0
2012-06-11,15.09,15.27,15.22,14.81,2738430.0,18057142.0
2012-06-08,15.82,15.82,15.13,15.09,2443711.0,16519503.0
2012-06-07,15.72,15.91,15.61,15.43,1786652.0,12205269.0
2012-06-06,15.61,15.91,15.52,15.43,2257795.0,15447479.0
2012-06-05,15.54,15.95,15.59,15.2,3269849.0,22248136.0
2012-06-04,16.0,16.16,15.56,15.54,4066876.0,28184930.0
2012-06-01,16.41,16.73,16.32,16.23,3905977.0,27996066.0
2012-05-31,16.84,16.96,16.62,16.59,4215697.0,30879490.0
2012-05-30,16.43,17.1,16.91,16.25,7053372.0,51645784.0
2012-05-29,16.23,16.64,16.48,16.2,4766045.0,34321264.0
2012-05-28,16.3,16.46,16.43,15.45,4603782.0,32347848.0
2012-05-25,16.14,16.43,16.32,16.05,4040039.0,28663648.0
2012-05-24,16.5,16.52,16.07,16.05,5008664.0,35572352.0
2012-05-23,16.23,16.62,16.55,16.14,6271841.0,44999732.0
2012-05-22,16.11,16.41,16.32,15.93,7738857.0,54685576.0
2012-05-21,17.0,17.03,16.0,15.88,10116282.0,71820232.0
2012-05-17,17.78,18.01,17.3,16.94,10059731.0,76155536.0
2012-05-16,17.39,18.22,17.53,17.26,13186442.0,102294432.0
2012-05-15,16.41,18.15,17.74,16.34,17959546.0,136492832.0
2012-05-14,16.57,16.8,16.71,16.02,8407838.0,60516364.0
2012-05-11,16.3,17.0,16.43,16.25,9654673.0,70176784.0
2012-05-10,15.54,17.07,16.41,15.47,12034834.0,86454288.0
2012-05-09,16.02,16.02,15.61,15.45,5814395.0,39898036.0
2012-05-08,16.0,16.34,16.09,15.86,8494365.0,59730884.0
2012-05-07,15.47,16.57,16.2,15.34,15609626.0,110006880.0
2012-05-04,15.56,15.63,15.56,15.24,8143545.0,54979060.0
2012-05-03,15.72,15.88,15.56,15.38,17968140.0,123013224.0
2012-05-02,14.63,15.75,15.75,14.63,26299772.0,180457360.0
2012-04-27,14.47,14.54,14.31,14.26,2343608.0,14734168.0
2012-04-26,14.93,14.93,14.61,14.51,3029894.0,19494596.0
2012-04-25,14.74,14.97,14.93,14.51,3989165.0,25878706.0
2012-04-24,14.58,14.88,14.74,14.12,4346689.0,27551446.0
2012-04-23,14.88,15.2,14.63,14.58,4595610.0,29917184.0
2012-04-20,14.81,15.02,14.88,14.63,4054431.0,26428672.0
2012-04-19,14.88,15.18,14.86,14.79,6724869.0,43928216.0
2012-04-18,15.2,15.93,15.47,14.29,18770900.0,122825896.0
2012-04-17,16.11,16.11,15.79,15.38,25236062.0,176266784.0
2012-04-16,14.22,14.95,14.65,14.08,4182705.0,26605706.0
2012-04-13,14.19,14.51,14.26,14.06,2912121.0,18188688.0
2012-04-12,13.76,14.22,14.12,13.6,3577088.0,21950144.0
2012-04-11,13.6,13.8,13.71,13.37,1530800.0,9150622.0
2012-04-10,13.55,13.74,13.67,13.07,2318643.0,13583359.0
2012-04-09,14.06,14.06,13.64,13.6,1951658.0,11799808.0
2012-04-06,13.71,14.26,14.06,13.67,2605609.0,15982198.0
2012-04-05,13.44,13.9,13.83,13.44,2611047.0,15691581.0
2012-03-30,13.62,13.83,13.32,13.19,2328262.0,13688137.0
2012-03-29,13.71,14.17,13.67,13.32,3322182.0,20045686.0
2012-03-28,14.33,14.54,13.71,13.67,4038421.0,25067766.0
2012-03-27,14.72,14.72,14.22,14.15,1828420.0,11511044.0
2012-03-26,14.29,14.65,14.49,14.22,1982480.0,12463051.0
2012-03-23,14.97,14.97,14.38,14.22,5004545.0,31801560.0
2012-03-22,15.38,15.56,15.09,14.95,4723552.0,31313388.0
2012-03-21,14.67,15.68,15.36,14.67,9701359.0,64693924.0
2012-03-20,14.26,15.72,15.04,14.15,13316494.0,88529560.0
2012-03-19,14.31,14.33,14.29,14.03,3820310.0,23725836.0
2012-03-16,13.94,14.54,14.33,13.83,5153327.0,32119596.0
2012-03-15,13.76,14.19,14.15,13.48,6403125.0,39010668.0
2012-03-14,14.93,15.38,13.99,13.51,12118394.0,78344608.0
2012-03-13,14.86,14.99,14.95,14.7,7910988.0,51372048.0
2012-03-12,15.09,15.2,15.02,14.67,11643054.0,76290696.0
2012-03-09,15.27,15.77,15.4,14.77,24106826.0,160149808.0
2012-03-08,14.35,14.35,14.35,14.35,3888084.0,24417168.0
2012-03-06,12.91,13.12,13.05,12.78,3470653.0,19674078.0
2012-03-05,12.89,13.03,12.91,12.82,2542774.0,14400430.0
2012-03-02,12.64,12.87,12.78,12.57,2195796.0,12260374.0
2012-03-01,12.53,12.73,12.55,12.53,1936401.0,10678825.0
2012-02-29,12.73,12.89,12.62,12.59,2207191.0,12325819.0
2012-02-28,12.85,12.94,12.73,12.57,2654392.0,14762745.0
2012-02-27,12.89,13.19,12.89,12.85,5134833.0,29273340.0
2012-02-24,12.64,12.82,12.78,12.64,3259335.0,18162102.0
2012-02-23,12.64,12.75,12.64,12.59,2330097.0,12900309.0
2012-02-22,12.62,12.8,12.75,12.57,3987376.0,22118406.0
2012-02-21,12.46,12.73,12.69,12.16,3783203.0,20671910.0
2012-02-20,12.91,13.01,12.53,12.5,5261132.0,29198408.0
2012-02-17,12.16,13.42,12.82,12.09,12139399.0,68776392.0
2012-02-16,11.86,12.21,12.21,11.77,4716326.0,24708554.0
2012-02-15,11.66,11.88,11.88,11.61,3107160.0,16019234.0
2012-02-14,11.66,11.7,11.66,11.54,1821303.0,9277568.0
2012-02-13,11.59,11.68,11.66,11.45,2309364.0,11678775.0
2012-02-10,11.59,11.66,11.61,11.52,1811058.0,9180976.0
2012-02-09,11.4,11.88,11.59,11.31,4819157.0,24591450.0
2012-02-08,11.18,11.4,11.4,11.06,2133954.0,10505111.0
2012-02-07,11.31,11.31,11.13,11.06,1411201.0,6873255.0
2012-02-06,11.31,11.4,11.34,11.27,2187816.0,10850695.0
2012-02-03,11.02,11.29,11.27,10.95,2613317.0,12760244.0
2012-02-02,11.04,11.18,11.11,10.74,2227662.0,10649642.0
2012-02-01,11.06,11.22,11.04,11.02,882490.0,4281215.0
2012-01-31,11.15,11.22,11.13,10.99,916952.0,4436465.0
2012-01-30,11.38,11.4,11.15,11.15,925669.0,4554997.0
2012-01-20,11.36,11.45,11.31,11.27,1370012.0,6787009.0
2012-01-19,11.29,11.38,11.36,11.2,1315198.0,6504340.0
2012-01-18,11.47,11.54,11.29,11.24,2294274.0,11437685.0
2012-01-17,10.81,11.5,11.47,10.65,3141243.0,15383932.0
2012-01-13,11.31,11.38,11.09,10.93,1848934.0,8995826.0
2012-01-12,11.09,11.47,11.4,11.06,3133198.0,15523456.0
2012-01-11,11.18,11.36,11.15,11.09,2695018.0,13169569.0
2012-01-10,11.09,11.34,11.29,10.97,3823449.0,18651072.0
2012-01-09,10.38,10.7,10.65,10.19,1783312.0,8203757.0
2012-01-06,9.92,10.95,10.35,9.76,1850597.0,8316972.0
2012-01-05,10.63,10.63,9.94,9.71,1221762.0,5475318.0
2012-01-04,11.09,11.43,10.61,10.58,1234996.0,5855714.0
