date,open,high,close,low,volume,amount
2015-07-07,199.5,202.62,190.93,190.93,58273128.0,722275840.0
2015-07-06,257.64,257.64,212.13,210.88,73494928.0,1076527744.0
2015-07-03,246.26,267.62,234.26,234.26,67534976.0,1048189120.0
2015-07-02,291.31,291.46,260.29,260.29,65872920.0,1131626112.0
2015-07-01,311.73,327.31,289.13,289.13,57074944.0,1140145024.0
2015-06-30,276.03,323.42,321.23,269.49,70321232.0,1316496768.0
2015-06-29,338.22,345.86,299.41,299.41,57940016.0,1158378880.0
2015-06-26,348.35,356.46,332.61,332.61,49356160.0,1069425728.0
2015-06-25,412.88,414.29,369.55,369.55,71105896.0,1767012608.0
2015-06-24,406.02,415.38,410.54,391.22,40673252.0,1064931072.0
2015-06-23,409.92,419.27,399.01,378.44,51315112.0,1297567744.0
2015-06-19,439.54,450.6,420.52,420.52,47549032.0,1310341248.0
2015-06-18,480.84,495.18,467.28,465.72,60428592.0,1866268160.0
2015-06-17,466.27,493.78,478.7,455.54,67405368.0,2063678208.0
2015-06-16,447.31,470.93,453.37,432.07,52816832.0,1533505920.0
2015-06-15,449.17,471.4,451.81,448.39,70971568.0,2099646208.0
2015-06-12,425.86,447.77,446.84,419.95,72660752.0,2035046912.0
2015-06-11,409.23,439.69,428.35,405.81,68898320.0,1890729472.0
2015-06-10,403.01,407.99,405.65,397.88,38092316.0,991386560.0
2015-06-09,400.68,411.87,403.17,392.13,39930224.0,1032713728.0
2015-06-08,416.38,416.38,402.7,394.77,45804060.0,1189936256.0
2015-06-05,413.43,426.64,418.09,396.79,67437168.0,1802141312.0
2015-06-04,410.78,411.56,404.72,370.99,54827076.0,1406195200.0
2015-06-03,390.11,418.09,411.09,383.89,70166672.0,1826389248.0
2015-06-02,390.11,391.51,389.96,374.72,47767556.0,1184266880.0
2015-06-01,368.04,390.11,387.31,367.42,42516496.0,1034547648.0
2015-05-29,361.36,377.21,364.62,341.93,47996088.0,1113451008.0
2015-05-28,396.02,406.12,361.36,359.49,63380932.0,1577309952.0
2015-05-27,411.25,411.25,399.44,394.77,52263040.0,1347385984.0
2015-05-26,402.86,419.64,411.56,397.57,62254124.0,1641335168.0
2015-05-25,391.67,404.56,400.21,387.78,54529484.0,1395122688.0
2015-05-22,386.38,406.59,396.79,382.34,64445144.0,1637327232.0
2015-05-21,372.24,384.36,382.34,367.26,48834324.0,1176898688.0
2015-05-20,361.82,380.01,371.31,361.67,53442176.0,1283698432.0
2015-05-19,353.59,365.24,359.8,353.59,32526530.0,753108800.0
2015-05-18,362.29,362.29,354.68,349.7,32790222.0,749667072.0
2015-05-15,379.23,383.74,362.13,362.13,47607072.0,1134917376.0
2015-05-14,364.47,378.45,377.68,358.25,55693964.0,1315519872.0
2015-05-13,357.47,369.13,364.47,349.86,46943024.0,1087320704.0
2015-05-12,354.36,359.65,358.87,349.7,38232976.0,871771136.0
2015-05-11,351.25,357.94,355.92,348.15,35941144.0,817997632.0
2015-05-08,342.09,350.01,348.15,337.73,29713608.0,658319104.0
2015-05-07,349.7,355.61,341.15,334.16,26074236.0,574473600.0
2015-05-06,365.24,371.46,351.26,344.73,39114596.0,904376896.0
2015-05-05,378.92,387.31,361.67,358.87,45850368.0,1101051520.0
2015-05-04,368.51,382.03,377.06,362.29,42288976.0,1020438592.0
2015-04-30,380.79,382.19,368.35,366.49,43601536.0,1045776192.0
2015-04-29,352.34,380.94,378.61,350.94,71791616.0,1703629312.0
2015-04-28,356.69,362.13,352.96,345.66,53393808.0,1215962496.0
2015-04-27,358.4,364.78,354.21,349.7,45411000.0,1039346176.0
2015-04-24,357.32,362.91,356.69,348.3,58574772.0,1338825600.0
2015-04-23,348.61,372.86,362.91,344.88,82593432.0,1901058816.0
2015-04-22,349.39,359.8,348.61,342.09,67411568.0,1517008896.0
2015-04-21,341.77,355.92,349.39,334.47,52451792.0,1175550336.0
2015-04-20,334.94,353.43,341.77,326.39,79590472.0,1754764032.0
2015-04-17,318.62,336.96,334.94,318.62,65302320.0,1393780352.0
2015-04-16,310.69,321.26,317.53,306.18,27976008.0,567095808.0
2015-04-15,329.19,331.05,314.11,312.56,37644872.0,776390976.0
2015-04-14,327.94,334.78,327.79,322.35,45072120.0,949510144.0
2015-04-13,320.95,330.89,326.7,317.06,46791236.0,978088128.0
2015-04-10,308.05,323.28,319.7,304.32,37788252.0,768360448.0
2015-04-09,320.95,323.12,309.29,303.07,38579648.0,770009152.0
2015-04-08,327.32,329.34,318.62,314.26,42772144.0,882209984.0
2015-04-07,325.3,338.05,326.54,325.3,44822236.0,952404032.0
2015-04-03,326.85,328.25,324.83,318.62,37341216.0,777848576.0
2015-04-02,321.73,336.49,326.85,321.73,52541720.0,1111198336.0
2015-04-01,318.31,326.08,321.57,316.29,52240360.0,1082316928.0
2015-03-31,304.47,329.34,319.08,303.85,81126384.0,1648682368.0
2015-03-30,300.74,303.7,302.92,297.63,39767540.0,769791040.0
2015-03-27,293.44,302.61,299.65,292.19,41527712.0,797100800.0
2015-03-26,290.49,296.86,291.42,287.53,31141474.0,585583872.0
2015-03-25,294.37,296.7,290.18,287.38,35483352.0,664896960.0
2015-03-24,302.3,302.45,294.37,285.67,51430640.0,975299392.0
2015-03-23,299.66,309.14,301.37,298.41,38329168.0,747018240.0
2015-03-20,303.23,304.47,299.35,298.1,35214488.0,679669952.0
2015-03-19,295.77,310.85,303.23,292.97,48726624.0,950888000.0
2015-03-18,291.88,297.48,295.77,291.73,35731616.0,678109312.0
2015-03-17,292.19,295.77,291.73,289.24,33933952.0,637374144.0
2015-03-16,288.31,293.28,290.49,287.69,31773740.0,592668160.0
2015-03-13,283.02,290.18,288.31,281.63,26713402.0,492651008.0
2015-03-12,279.14,281.32,281.32,275.41,20969540.0,376386400.0
2015-03-11,282.87,285.36,276.96,275.41,26109234.0,471120448.0
2015-03-10,283.96,286.6,283.34,281.78,19958408.0,364649888.0
2015-03-09,287.53,287.53,283.8,279.61,25178128.0,457488064.0
2015-03-06,290.64,296.86,289.71,288.46,22511480.0,423614080.0
2015-03-05,289.09,294.53,290.64,286.6,24129194.0,451147648.0
2015-03-04,290.49,292.97,288.78,285.36,20633512.0,383706432.0
2015-03-03,297.63,297.63,289.09,286.91,30776286.0,578518656.0
2015-03-02,292.35,299.19,297.63,290.64,33042778.0,628366656.0
2015-02-27,290.64,294.84,289.09,287.53,23878624.0,447073696.0
2015-02-26,282.56,290.64,289.24,281.94,23692914.0,437857600.0
2015-02-25,293.13,295.15,281.47,279.76,29923758.0,552776896.0
2015-02-17,297.32,302.61,292.97,288.78,36434040.0,690555520.0
2015-02-16,285.82,297.32,294.84,283.96,42102136.0,792444416.0
2015-02-13,279.3,294.53,285.2,279.3,52521676.0,974335552.0
2015-02-12,278.67,280.69,278.67,273.54,27168996.0,485854848.0
2015-02-11,264.53,287.53,280.69,263.44,61663396.0,1104540672.0
2015-02-10,262.2,268.57,265.0,258.78,31932212.0,542702016.0
2015-02-09,255.98,260.33,254.58,253.96,15312281.0,253887504.0
2015-02-06,261.73,265.46,255.98,253.34,18775170.0,311232672.0
2015-02-05,268.42,269.04,262.67,261.11,27841864.0,474320448.0
2015-02-04,264.69,269.66,263.75,262.67,30374940.0,519579008.0
2015-02-03,257.38,268.26,262.98,257.38,36614884.0,622499776.0
2015-02-02,253.03,262.82,257.23,248.68,22371030.0,368251424.0
2015-01-30,257.07,263.44,255.05,254.74,22611698.0,376139776.0
2015-01-29,260.8,263.6,256.6,255.67,23530664.0,391409280.0
2015-01-28,260.95,267.02,261.11,258.0,33327680.0,564251136.0
2015-01-27,265.62,265.62,262.2,253.96,56246328.0,942797312.0
2015-01-26,246.34,269.81,265.31,246.34,80769672.0,1360366976.0
2015-01-23,248.83,251.16,245.26,242.46,22532004.0,356419232.0
2015-01-22,240.59,251.16,247.28,240.59,39168544.0,623704064.0
2015-01-21,235.31,243.39,240.44,234.22,25620936.0,395369120.0
2015-01-20,229.87,235.47,233.76,228.47,17492172.0,261791024.0
2015-01-19,237.8,237.8,228.32,225.52,22572244.0,338545536.0
2015-01-16,238.73,244.95,241.53,238.26,21744496.0,337564256.0
2015-01-15,237.02,239.35,238.57,235.16,15643352.0,238881104.0
2015-01-14,241.84,242.62,236.4,235.16,14953110.0,228718064.0
2015-01-13,233.76,243.24,241.22,233.13,26224204.0,405202336.0
2015-01-12,231.58,237.33,233.76,230.03,14364132.0,215541152.0
2015-01-09,233.13,239.2,233.13,232.36,16864236.0,256472560.0
2015-01-08,242.46,243.08,235.47,235.47,22192592.0,339501472.0
2015-01-07,242.93,250.85,243.08,241.06,28641860.0,452651936.0
2015-01-06,244.79,244.79,242.77,235.31,32408544.0,500732160.0
2015-01-05,230.18,245.41,244.79,227.54,39837672.0,611649792.0
2014-12-31,235.0,237.33,229.87,224.12,33241226.0,488894304.0
2014-12-30,246.34,249.92,233.29,231.89,29024728.0,448949280.0
2014-12-29,247.12,253.18,245.72,244.32,30608280.0,491567072.0
2014-12-26,247.12,252.25,248.21,245.41,26809416.0,428321056.0
2014-12-25,244.01,248.52,246.5,241.53,26585780.0,418115712.0
2014-12-24,241.68,245.41,245.1,240.13,20007320.0,312029184.0
2014-12-23,251.16,253.81,240.91,240.28,31252692.0,495226496.0
2014-12-22,259.56,269.97,253.18,248.99,35274976.0,587781056.0
2014-12-19,265.93,270.12,262.35,258.94,28747776.0,488290464.0
2014-12-18,259.25,273.39,267.17,257.07,46064832.0,790992704.0
2014-12-17,265.15,266.55,258.0,254.89,40119244.0,667187648.0
2014-12-16,270.44,273.55,267.17,264.38,29465140.0,508786976.0
2014-12-15,265.62,271.37,270.44,260.95,28261740.0,485368256.0
2014-12-12,268.57,276.19,267.17,264.22,28023068.0,486296256.0
2014-12-11,264.53,269.66,265.77,259.87,31906258.0,543694016.0
2014-12-10,253.03,269.35,264.06,252.56,36799424.0,618228096.0
2014-12-09,273.23,279.45,254.12,250.7,66241464.0,1144706432.0
2014-12-08,273.86,283.49,275.72,267.33,55594128.0,990409600.0
2014-12-05,284.89,292.2,275.57,264.22,68073856.0,1212852736.0
2014-12-04,283.18,287.38,284.74,277.59,72140528.0,1313661184.0
2014-12-03,272.77,296.39,282.87,270.44,114658840.0,2078877824.0
2014-12-02,253.03,278.05,276.81,251.79,114944240.0,1987280256.0
2014-12-01,254.58,259.25,252.72,250.54,25922212.0,423968832.0
2014-11-28,257.23,259.56,254.74,250.39,33977832.0,555824704.0
2014-11-27,256.92,264.06,258.94,256.76,43857408.0,734866176.0
2014-11-26,258.62,259.09,256.92,254.27,27871460.0,459476896.0
2014-11-25,254.12,259.25,258.16,253.81,37583340.0,621602112.0
2014-11-24,253.19,257.23,253.03,249.92,33194676.0,541303296.0
2014-11-21,245.57,251.16,249.92,243.7,20057050.0,320251840.0
2014-11-20,243.86,245.88,244.17,241.99,12758234.0,200150816.0
2014-11-19,251.01,252.25,245.1,244.01,30478158.0,483399136.0
2014-11-18,250.39,253.03,251.01,248.52,14756286.0,237644032.0
2014-11-17,251.79,256.76,250.39,247.9,19219000.0,310862464.0
2014-11-14,259.25,259.25,252.56,251.01,17784264.0,290200576.0
2014-11-13,254.12,259.4,258.47,245.72,35169360.0,572551424.0
2014-11-12,250.7,255.21,253.96,246.97,22554304.0,364776576.0
2014-11-11,264.22,266.08,253.34,245.57,42802164.0,705226880.0
2014-11-10,260.8,267.95,262.67,259.56,52688524.0,894442880.0
2014-11-07,255.36,263.91,259.25,252.56,64122260.0,1071276032.0
2014-11-06,256.76,258.78,253.34,250.54,25902282.0,423614688.0
2014-11-05,249.92,260.33,254.12,247.12,41973936.0,687279808.0
2014-11-04,248.83,250.23,248.99,245.88,18351532.0,292900480.0
2014-11-03,249.76,253.03,250.7,245.57,27455312.0,440682496.0
2014-10-31,248.52,249.3,246.81,239.04,37282092.0,585894400.0
2014-10-30,251.94,252.56,248.83,247.28,20605344.0,331399744.0
2014-10-29,248.06,252.25,251.79,246.81,27065840.0,435021184.0
2014-10-28,243.55,248.21,248.06,243.55,20136308.0,318872224.0
2014-10-27,242.62,243.86,243.39,238.88,13377672.0,207857488.0
2014-10-24,244.95,246.35,243.55,237.8,14487862.0,225388320.0
2014-10-23,243.7,248.68,244.01,240.91,12487749.0,195992336.0
2014-10-22,252.72,253.34,243.7,243.39,20729510.0,330655616.0
2014-10-21,254.89,257.07,252.87,250.54,15612473.0,254458464.0
2014-10-20,253.34,255.67,255.67,249.45,19892380.0,323114048.0
2014-10-17,251.78,254.43,251.78,246.81,28218626.0,455371200.0
2014-10-16,258.16,266.71,253.5,253.03,37778116.0,630649792.0
2014-10-15,261.11,263.29,260.18,254.74,37955644.0,631257600.0
2014-10-14,249.45,263.6,263.44,248.52,68718080.0,1142260352.0
2014-10-13,248.68,252.41,250.39,247.43,26556328.0,427245696.0
2014-10-10,252.1,252.1,247.9,246.97,28026216.0,449103296.0
2014-10-09,251.47,252.87,252.87,246.97,33209714.0,535475904.0
2014-10-08,252.72,253.81,251.01,246.5,26178136.0,419860640.0
2014-09-30,254.12,255.67,252.25,249.92,24627956.0,398852320.0
2014-09-29,251.01,255.98,252.87,249.45,30356732.0,494222208.0
2014-09-26,247.12,250.7,248.68,246.35,25132132.0,402017504.0
2014-09-25,248.37,255.21,248.83,247.12,44842340.0,726706496.0
2014-09-24,239.04,246.81,246.81,237.49,31359572.0,491751424.0
2014-09-23,235.16,243.7,240.59,234.84,22349518.0,343869088.0
2014-09-22,243.7,244.01,236.4,234.69,23746910.0,362631904.0
2014-09-19,244.01,250.08,244.79,241.53,34084016.0,539152576.0
2014-09-18,237.18,239.51,239.35,233.76,16728092.0,254742448.0
2014-09-17,237.18,239.97,236.87,231.58,17040624.0,258434080.0
2014-09-16,250.7,252.41,237.02,236.24,38164440.0,599221632.0
2014-09-15,249.61,254.89,251.47,247.12,24890452.0,400664768.0
2014-09-12,250.85,253.34,251.79,248.06,19981138.0,322270752.0
2014-09-11,258.94,260.96,251.01,250.23,33929616.0,557154432.0
2014-09-10,252.25,263.6,259.25,250.7,45647980.0,760858240.0
2014-09-09,247.9,253.65,252.41,245.72,35101544.0,567278528.0
2014-09-05,248.37,249.45,246.35,244.79,23363328.0,370627232.0
2014-09-04,250.08,250.23,247.12,245.1,27319832.0,433389824.0
2014-09-03,250.54,252.87,249.92,246.5,27765184.0,445665152.0
2014-09-02,248.52,251.63,248.99,245.57,26563538.0,425162368.0
2014-09-01,238.89,249.61,248.37,235.78,34414128.0,540236032.0
2014-08-29,233.6,239.04,238.11,232.82,15067610.0,228844960.0
2014-08-28,240.28,242.62,233.13,232.82,26171508.0,397497120.0
2014-08-27,242.46,246.5,243.08,240.13,25257846.0,396224064.0
2014-08-26,239.82,246.35,241.06,236.24,25511152.0,396224544.0
2014-08-25,247.12,248.68,239.35,237.8,34119936.0,529348448.0
2014-08-22,251.47,251.94,247.12,245.88,28514138.0,455350528.0
2014-08-21,245.41,256.29,253.5,244.17,39569032.0,640202368.0
2014-08-20,257.85,270.28,248.68,248.37,66784528.0,1106273920.0
2014-08-19,246.19,251.63,246.66,240.91,42620048.0,675417216.0
2014-08-18,236.55,246.97,245.88,236.55,47870340.0,752603008.0
2014-08-15,236.24,240.59,236.09,235.47,30567416.0,467481440.0
2014-08-14,243.7,243.7,234.84,234.07,42793336.0,655680064.0
2014-08-13,244.95,246.5,244.01,237.64,45497612.0,707909760.0
2014-08-12,241.53,247.43,246.19,239.66,45608656.0,717496384.0
2014-08-11,243.24,254.27,244.32,239.97,75417024.0,1195129088.0
2014-08-08,229.72,248.68,242.46,229.56,82939680.0,1284895872.0
2014-08-07,229.56,234.53,230.18,227.69,64002536.0,952688448.0
2014-08-06,228.16,234.69,228.32,225.36,64627116.0,956094976.0
2014-08-05,223.5,232.36,231.43,218.53,110887384.0,1607464576.0
2014-08-04,203.76,223.19,223.19,203.76,100736960.0,1403933440.0
2014-08-01,207.34,209.04,202.83,201.74,27258614.0,359082784.0
2014-07-31,205.16,210.6,208.11,204.54,24753240.0,331734944.0
2014-07-30,207.65,209.98,205.47,205.0,30316696.0,402857216.0
2014-07-29,209.04,212.62,209.98,207.49,40154632.0,543531904.0
2014-07-28,205.94,212.62,209.2,204.85,47758332.0,642483200.0
2014-07-25,200.96,212.15,205.94,200.96,44781636.0,597342784.0
2014-07-24,203.6,206.25,201.74,197.39,28353978.0,368310752.0
2014-07-23,206.56,207.8,203.6,201.74,29522536.0,388202112.0
2014-07-22,200.96,213.71,207.34,199.41,56943856.0,757974976.0
2014-07-21,197.08,202.52,200.96,196.61,25238660.0,325400320.0
2014-07-18,196.61,201.43,198.16,195.52,22237804.0,284789440.0
2014-07-17,195.99,198.94,198.16,193.81,20321336.0,256612400.0
2014-07-16,202.05,202.05,195.99,194.9,26308664.0,334833216.0
2014-07-15,202.05,207.18,201.12,199.41,53869940.0,704410240.0
2014-07-14,196.61,205.16,202.36,194.59,76295952.0,986447232.0
2014-07-11,200.5,200.5,194.9,193.66,67067916.0,847959296.0
2014-07-10,182.31,199.56,199.56,181.22,85574760.0,1085575808.0
2014-07-09,181.84,185.89,181.38,181.07,19435542.0,228930736.0
2014-07-08,184.02,184.02,182.62,179.98,16834954.0,196702368.0
2014-07-07,187.28,187.28,184.18,183.4,10819718.0,128658056.0
2014-07-04,186.35,188.37,186.82,186.04,17097964.0,206085632.0
2014-07-03,185.26,187.91,185.89,184.95,21815336.0,261401328.0
2014-07-02,187.28,188.37,185.11,184.02,14915586.0,177994256.0
2014-07-01,185.26,187.6,186.2,183.87,22614384.0,270418720.0
2014-06-30,181.69,186.04,184.64,181.07,20215668.0,239028512.0
2014-06-27,178.89,184.18,181.53,177.8,20291680.0,237018784.0
2014-06-26,179.98,180.45,178.89,178.43,9360292.0,107870416.0
2014-06-25,180.91,181.53,178.74,177.8,10560149.0,121819568.0
2014-06-24,176.09,182.78,181.22,175.47,18292760.0,212370800.0
2014-06-23,177.03,179.2,176.41,175.16,10304005.0,117423952.0
2014-06-20,177.34,178.43,176.41,174.54,12222662.0,138475520.0
2014-06-19,181.64,182.41,177.33,175.48,15751358.0,183510784.0
2014-06-18,183.65,183.95,182.11,181.03,12077507.0,142883216.0
2014-06-17,185.19,187.04,183.18,182.72,12375687.0,148518944.0
2014-06-16,186.42,187.5,185.8,185.34,13603483.0,164357744.0
2014-06-13,183.49,188.73,186.73,183.18,13907648.0,168290800.0
2014-06-12,184.11,186.73,184.11,183.49,6452173.0,77447408.0
2014-06-11,184.88,185.65,184.72,183.95,7418969.0,88968376.0
2014-06-10,185.96,186.26,185.34,182.88,8484233.0,101537568.0
2014-06-09,182.26,187.04,185.34,180.56,12268610.0,147513904.0
2014-06-06,183.03,184.57,181.95,181.03,4712228.0,55774060.0
2014-06-05,181.49,185.5,183.18,180.41,7249218.0,86234080.0
2014-06-04,184.88,185.5,181.49,179.79,9637987.0,113667848.0
2014-06-03,186.11,187.5,185.5,185.34,5081980.0,61420788.0
2014-05-30,184.11,188.27,185.96,184.11,7893292.0,95564312.0
2014-05-29,187.19,188.27,184.88,184.42,8997864.0,108813320.0
2014-05-28,185.34,187.5,186.73,183.65,12051876.0,145523776.0
2014-05-27,185.65,187.96,185.65,184.88,7446110.0,90141720.0
2014-05-26,185.65,190.27,186.73,184.88,12798436.0,155515216.0
2014-05-23,181.49,183.18,182.26,180.87,5201071.0,61404032.0
2014-05-22,182.57,184.72,181.64,181.49,6369140.0,75745120.0
2014-05-21,180.87,182.72,182.26,179.02,4339535.0,51079408.0
2014-05-20,181.8,183.65,181.64,180.87,3969068.0,46905856.0
2014-05-19,180.41,182.26,181.34,179.18,4341498.0,50796536.0
2014-05-16,181.18,182.72,181.64,179.49,5303709.0,62310860.0
2014-05-15,184.72,184.72,181.03,179.95,9688222.0,114202848.0
2014-05-14,187.04,187.19,184.72,184.11,7320549.0,88012616.0
2014-05-13,190.58,190.89,186.73,185.96,10152073.0,123648632.0
2014-05-12,183.03,191.81,190.58,182.88,18680272.0,229269968.0
2014-05-09,182.11,184.26,181.49,180.1,7585729.0,89548728.0
2014-05-08,181.8,185.5,179.49,178.87,7649919.0,90701408.0
2014-05-07,185.03,185.34,181.8,181.34,5329688.0,63502856.0
2014-05-06,186.42,188.27,185.65,184.57,7366612.0,89220760.0
2014-05-05,182.88,185.19,184.88,182.41,5905455.0,70382296.0
2014-04-30,182.57,184.11,182.88,182.41,4560289.0,54182664.0
2014-04-29,184.88,186.42,182.41,178.25,12584701.0,148752592.0
2014-04-28,189.35,189.35,184.88,184.88,7165684.0,86974112.0
2014-04-25,192.58,192.58,187.81,187.34,6062490.0,74702440.0
2014-04-24,195.05,195.05,191.04,190.73,5008239.0,62666716.0
2014-04-23,193.04,195.51,193.81,191.81,6196096.0,77860552.0
2014-04-22,197.2,198.44,191.97,189.96,15422615.0,193412864.0
2014-04-21,201.67,202.13,197.82,197.67,11170057.0,145054656.0
2014-04-18,201.83,203.67,202.75,200.9,5212009.0,68474360.0
2014-04-17,203.21,204.44,202.9,202.29,5794459.0,76428000.0
2014-04-16,205.68,206.91,202.6,201.98,9617004.0,126991192.0
2014-04-15,209.38,209.53,205.99,204.75,8162787.0,109596368.0
2014-04-14,206.91,210.15,209.38,206.29,9479032.0,128272560.0
2014-04-11,207.22,209.68,207.22,206.91,8136512.0,109944424.0
2014-04-10,210.3,210.3,208.14,207.37,13112252.0,177604864.0
2014-04-09,209.38,212.15,210.45,208.6,12242734.0,167081360.0
2014-04-08,206.45,210.3,208.45,205.22,15620750.0,211784800.0
2014-04-04,200.75,209.22,207.06,200.75,15785810.0,211248496.0
2014-04-03,202.6,202.75,201.67,200.28,5979745.0,78210624.0
2014-04-02,202.6,203.21,201.52,200.28,6650233.0,87132304.0
2014-04-01,200.59,203.21,201.98,198.74,6278479.0,82001600.0
2014-03-31,199.51,203.98,201.06,199.51,6842414.0,89515952.0
2014-03-28,202.13,204.44,200.9,200.13,9206839.0,120508728.0
2014-03-27,208.3,208.3,202.13,202.13,11681583.0,155766256.0
2014-03-26,206.14,211.53,210.3,203.37,16101180.0,216987120.0
2014-03-25,206.45,207.68,205.06,203.98,9413331.0,125774480.0
2014-03-24,205.06,209.07,206.76,203.83,10849892.0,145663728.0
2014-03-21,201.83,207.22,205.68,199.51,12674518.0,167135312.0
2014-03-20,209.53,210.3,201.83,201.21,12875391.0,171686688.0
2014-03-19,210.45,213.38,209.38,207.99,14017458.0,191410816.0
2014-03-18,208.14,218.0,212.46,207.22,21833846.0,302236640.0
2014-03-17,201.83,208.3,207.37,201.06,11611215.0,154732416.0
2014-03-14,206.14,206.14,200.44,199.05,15149083.0,198520400.0
2014-03-13,205.52,207.53,207.06,202.44,10611818.0,141345408.0
2014-03-12,206.45,208.45,205.06,201.36,11793435.0,156721200.0
2014-03-11,207.37,209.53,206.45,204.29,11527877.0,154317504.0
2014-03-10,217.23,217.23,207.37,203.37,17769140.0,241630048.0
2014-03-07,226.63,231.1,217.69,216.31,29860854.0,432562464.0
2014-03-06,225.71,230.17,226.94,220.62,29683548.0,437355104.0
2014-03-05,229.71,232.33,222.62,222.47,24219924.0,357192448.0
2014-03-04,223.4,230.17,227.86,219.7,22373524.0,328210432.0
2014-03-03,224.63,230.48,226.78,221.39,24138160.0,356019552.0
2014-02-28,218.31,224.94,223.86,212.92,22887720.0,327651200.0
2014-02-27,216.0,229.25,218.47,214.15,43609848.0,628587072.0
2014-02-26,205.22,214.77,214.31,204.91,27331584.0,375434400.0
2014-02-25,214.31,218.0,201.98,198.75,23184186.0,315772096.0
2014-02-24,213.53,217.23,214.46,211.07,16428486.0,228478272.0
2014-02-21,226.78,227.71,218.16,217.69,19996744.0,288125152.0
2014-02-20,228.02,231.72,225.86,225.09,20390480.0,301983968.0
2014-02-19,228.79,229.87,228.79,224.63,18113976.0,267401504.0
2014-02-18,231.25,232.64,226.48,225.4,27163394.0,401428768.0
2014-02-17,229.25,236.49,232.64,228.02,35585452.0,537024576.0
2014-02-14,228.02,232.79,228.32,226.01,20445540.0,304565024.0
2014-02-13,229.71,237.26,228.02,227.71,29857212.0,451509312.0
2014-02-12,229.4,234.33,231.1,224.17,38702072.0,578344768.0
2014-02-11,237.26,238.96,227.4,226.48,74733640.0,1126621568.0
2014-02-10,206.91,226.94,226.94,206.91,44369608.0,647559808.0
2014-02-07,201.83,206.91,206.29,198.28,8857610.0,117097840.0
2014-01-30,202.75,204.91,203.06,201.21,6213568.0,81843024.0
2014-01-29,204.14,206.45,203.98,201.06,10096355.0,134022760.0
2014-01-28,204.91,208.3,202.29,201.98,10097994.0,134846224.0
2014-01-27,202.6,206.14,203.98,199.98,13914066.0,183725008.0
2014-01-24,193.81,207.53,202.6,193.04,24227514.0,317894176.0
2014-01-23,195.66,196.74,193.81,193.35,8309660.0,104953912.0
2014-01-22,191.19,197.97,196.13,191.19,12034549.0,152609424.0
2014-01-21,188.27,192.43,191.19,188.27,6144818.0,76227240.0
2014-01-20,187.5,189.35,188.27,185.8,4785953.0,58364116.0
2014-01-17,192.27,192.43,187.65,187.34,7214271.0,88552200.0
2014-01-16,191.5,196.13,193.81,189.5,9165405.0,114583360.0
2014-01-15,190.27,192.27,191.35,189.5,5870546.0,72712360.0
2014-01-14,188.11,190.58,190.27,186.42,5458034.0,66825360.0
2014-01-13,186.11,191.35,187.19,186.11,5015027.0,61378912.0
2014-01-10,190.73,192.43,187.34,187.34,6378228.0,78359584.0
2014-01-09,192.58,195.66,191.2,190.43,7236263.0,90508520.0
2014-01-08,193.51,196.59,193.2,191.97,6641084.0,83528632.0
2014-01-07,191.35,198.28,194.28,191.35,6388147.0,81114936.0
2014-01-06,201.06,201.06,193.81,193.35,10325093.0,130992176.0
2014-01-03,203.52,206.76,199.67,199.05,11585156.0,152397760.0
2014-01-02,196.9,201.83,200.44,196.43,9153159.0,118535192.0
2013-12-31,194.12,200.28,197.82,193.04,8843513.0,113128216.0
2013-12-30,195.51,197.67,194.74,194.59,5898927.0,75057528.0
2013-12-27,191.81,194.89,193.97,190.43,6643691.0,83480096.0
2013-12-26,197.82,198.44,190.73,189.96,9780039.0,122949224.0
2013-12-25,195.82,198.44,197.82,194.89,6208883.0,79321816.0
2013-12-24,197.97,198.75,195.51,194.89,6497190.0,82850800.0
2013-12-23,195.51,198.9,195.97,194.59,6349507.0,80978552.0
2013-12-20,202.29,203.68,197.05,196.74,10093888.0,130540464.0
2013-12-19,204.14,207.22,201.98,201.98,8049816.0,107090208.0
2013-12-18,201.98,204.6,203.83,200.9,6795763.0,89652488.0
2013-12-17,205.06,205.99,201.83,201.67,9708159.0,127938912.0
2013-12-16,207.22,208.76,204.91,203.68,9082839.0,121239240.0
2013-12-13,205.06,210.3,207.22,205.06,7251879.0,98023896.0
2013-12-12,208.91,210.61,207.83,206.14,11270173.0,152085936.0
2013-12-11,214.0,215.85,209.84,208.76,15857363.0,218036208.0
2013-12-10,217.54,218.31,214.0,212.61,12689872.0,176778416.0
2013-12-09,215.07,218.0,216.46,214.31,8768852.0,122836168.0
2013-12-06,214.31,218.0,215.07,214.15,8944873.0,125200240.0
2013-12-05,220.16,220.16,214.77,214.0,12066437.0,169482432.0
2013-12-04,212.76,219.85,217.08,212.3,19791612.0,278772384.0
2013-12-03,207.99,215.23,214.61,206.6,15736882.0,216525200.0
2013-12-02,213.84,218.0,208.76,207.83,28142378.0,388097952.0
2013-11-29,223.4,223.7,218.77,218.31,27294160.0,390301184.0
2013-11-28,210.3,225.71,223.4,208.76,55804080.0,796869312.0
2013-11-27,205.68,211.07,209.53,204.44,16209631.0,219726912.0
2013-11-26,203.83,207.22,205.22,203.52,10542455.0,140563904.0
2013-11-25,205.37,207.84,203.37,202.6,16222237.0,215440560.0
2013-11-22,211.07,212.3,205.99,204.6,18285602.0,246241264.0
2013-11-21,214.15,214.15,210.92,207.99,21360926.0,291851424.0
2013-11-20,213.23,219.54,214.92,213.23,17429344.0,244408832.0
2013-11-19,220.31,220.31,213.07,212.61,26289378.0,369613376.0
2013-11-18,218.16,223.09,221.55,213.38,31063052.0,440014624.0
2013-11-15,219.7,223.09,218.16,216.77,28412722.0,405591712.0
2013-11-14,214.15,221.39,220.16,214.15,27914368.0,396758656.0
2013-11-13,211.38,221.85,215.38,209.53,26957850.0,379650752.0
2013-11-12,217.23,217.23,212.61,210.15,13057338.0,180836896.0
2013-11-11,208.45,217.23,213.23,208.45,18824774.0,261675472.0
2013-11-08,215.54,217.23,210.45,208.3,20993944.0,289451840.0
2013-11-07,222.01,227.4,218.31,215.08,28213728.0,403711360.0
2013-11-06,218.0,228.63,224.01,214.92,58098740.0,838860864.0
2013-11-05,206.45,219.24,218.77,205.99,52724768.0,736736640.0
2013-11-04,211.07,220.01,208.14,204.91,46145704.0,638173312.0
2013-11-01,193.51,201.06,199.98,192.74,20121588.0,259478304.0
2013-10-31,190.89,193.35,191.81,189.04,11809381.0,146837904.0
2013-10-30,189.35,191.97,189.81,187.04,14753978.0,181159872.0
2013-10-29,195.66,198.13,190.43,183.49,16966178.0,210344528.0
2013-10-28,199.51,201.83,195.82,195.35,11245686.0,143980656.0
2013-10-25,206.14,206.45,199.51,197.36,18557482.0,241727856.0
2013-10-24,211.07,213.07,206.29,205.22,27224772.0,369655712.0
2013-10-23,198.44,209.38,208.76,198.44,44761884.0,598219008.0
2013-10-22,199.67,199.67,198.28,197.2,12103278.0,155770688.0
2013-10-21,197.67,200.13,199.67,194.74,14401383.0,184573600.0
2013-10-18,196.74,199.51,197.51,196.59,8422050.0,108050856.0
2013-10-17,197.82,200.29,196.74,195.35,12772542.0,163764992.0
2013-10-16,203.37,204.29,196.43,194.28,21599152.0,277356480.0
2013-10-15,202.75,207.68,204.91,202.6,16906556.0,225230080.0
2013-10-14,207.99,208.6,203.06,202.29,26119332.0,345619360.0
2013-10-11,209.53,211.38,207.83,207.37,17128024.0,232053360.0
2013-10-10,210.45,214.0,209.07,207.06,17641076.0,240143216.0
2013-10-09,207.99,211.99,211.53,206.6,18032650.0,245966304.0
2013-10-08,214.15,214.15,210.61,203.98,30635380.0,412541792.0
2013-09-30,215.23,217.08,212.61,211.22,12429201.0,171808976.0
2013-09-27,215.69,218.16,214.92,213.84,9108599.0,127571136.0
2013-09-26,216.92,221.7,216.15,212.92,16295398.0,230091920.0
2013-09-25,223.7,224.78,216.77,216.15,18757880.0,267886336.0
2013-09-24,226.17,229.09,223.55,222.62,15088394.0,220230912.0
2013-09-23,224.94,228.32,227.56,224.94,13067183.0,192286016.0
2013-09-18,224.32,225.71,223.4,221.55,9905167.0,143506800.0
2013-09-17,226.01,228.63,223.4,223.4,13829818.0,202566272.0
2013-09-16,226.78,229.25,225.4,224.63,19478884.0,285859840.0
2013-09-13,230.02,235.41,227.86,226.63,21526176.0,321478560.0
2013-09-12,232.64,232.64,229.09,228.32,16744569.0,249394112.0
2013-09-11,236.49,243.42,233.87,232.64,33924100.0,524057760.0
2013-09-10,230.79,235.41,234.95,229.71,23126152.0,349178944.0
2013-09-09,226.63,232.49,230.79,226.63,20416848.0,304910688.0
2013-09-06,224.78,229.09,225.71,223.55,13200115.0,193750640.0
2013-09-05,231.1,231.71,226.01,224.63,20749644.0,305719488.0
2013-09-04,229.87,235.1,231.87,226.01,21825516.0,327739552.0
2013-09-03,231.1,232.64,229.56,227.56,12293382.0,183115040.0
2013-09-02,227.71,231.1,229.71,223.86,12945375.0,191788784.0
2013-08-30,237.26,239.26,227.09,225.86,29345730.0,439794656.0
2013-08-29,244.66,244.81,236.03,234.95,23312544.0,360996224.0
2013-08-28,241.11,247.28,243.58,239.26,28086744.0,444932000.0
2013-08-27,238.8,249.12,244.19,237.57,28099908.0,446963200.0
2013-08-26,234.18,241.11,239.26,234.03,18181810.0,281937952.0
2013-08-23,238.19,240.5,233.1,225.09,21232380.0,322484480.0
2013-08-22,238.8,241.88,236.8,235.87,17775994.0,276059424.0
2013-08-21,236.95,242.5,239.26,236.8,16171600.0,251737408.0
2013-08-20,238.49,243.89,236.8,235.72,24415360.0,380255936.0
2013-08-19,231.1,244.81,240.81,229.56,31612004.0,488705696.0
2013-08-16,241.57,245.74,234.18,233.41,32590784.0,506271808.0
2013-08-15,246.5,248.35,241.88,239.26,32729108.0,515822720.0
2013-08-14,250.05,254.52,246.5,244.5,36811996.0,595172544.0
2013-08-13,251.44,255.75,250.36,248.2,35077396.0,572925504.0
2013-08-12,247.58,260.22,251.44,242.96,74816616.0,1218946176.0
2013-08-09,230.94,252.05,246.2,230.17,74536728.0,1177837568.0
2013-08-08,232.64,238.65,229.87,228.48,29132576.0,440029216.0
2013-08-07,229.25,234.18,227.4,226.63,22083976.0,329049952.0
2013-08-06,227.25,235.57,231.41,223.7,34266320.0,511019328.0
2013-08-05,223.4,230.17,227.71,222.62,27204014.0,402036416.0
2013-08-02,223.09,227.09,223.24,220.62,23216658.0,336997280.0
2013-08-01,218.0,223.4,221.7,218.0,16558102.0,237160768.0
2013-07-31,223.09,225.09,216.92,216.31,18000772.0,257144240.0
2013-07-30,217.85,228.79,222.01,217.85,23727482.0,344993216.0
2013-07-29,217.23,219.7,216.46,213.07,11907232.0,167687040.0
2013-07-26,221.08,224.63,220.31,214.15,19531992.0,278245632.0
2013-07-25,228.79,230.79,222.16,221.85,22719640.0,333145504.0
2013-07-24,224.94,230.17,227.71,221.08,32990840.0,483671680.0
2013-07-23,214.77,230.17,225.4,213.53,41109152.0,598490560.0
2013-07-22,204.6,214.92,213.53,201.52,27651870.0,376227968.0
2013-07-19,221.7,225.55,207.37,207.37,36253420.0,507937408.0
2013-07-18,226.63,230.17,223.55,222.62,22153288.0,326132256.0
2013-07-17,236.65,237.26,226.17,226.01,41123084.0,613927424.0
2013-07-16,236.49,241.42,237.26,234.8,41445728.0,639553024.0
2013-07-15,235.1,238.19,234.18,229.56,46440564.0,706488128.0
2013-07-12,236.18,240.03,233.87,233.41,66965372.0,1026835584.0
2013-07-11,234.49,247.74,245.12,231.41,102804864.0,1608702976.0
2013-07-10,205.22,225.24,225.24,203.67,46751224.0,664200320.0
2013-07-09,204.14,210.3,204.75,203.37,13783032.0,184751808.0
2013-07-08,211.07,212.46,203.37,202.6,21572040.0,289737568.0
2013-07-05,211.07,221.7,214.15,207.68,44050072.0,616381568.0
2013-07-04,193.81,217.54,212.15,192.89,40372540.0,542331136.0
2013-07-03,205.52,205.52,198.59,196.74,17873420.0,231847760.0
2013-07-02,204.14,206.76,205.37,201.36,16115311.0,213867072.0
2013-07-01,200.28,206.45,204.14,197.51,14250791.0,187061552.0
2013-06-28,197.97,207.06,200.9,194.89,14685233.0,192139232.0
2013-06-27,207.22,210.3,200.9,200.59,20737560.0,276328576.0
2013-06-26,201.98,209.22,207.53,197.2,21802584.0,288645376.0
2013-06-25,204.29,207.83,200.28,185.8,28675722.0,365373664.0
2013-06-24,222.32,222.62,206.45,204.29,18762050.0,257495584.0
2013-06-21,217.23,224.47,221.85,213.84,14910122.0,212905856.0
2013-06-20,228.02,230.79,219.7,219.24,16192094.0,236918960.0
2013-06-19,224.01,232.02,230.33,217.23,21579780.0,319075040.0
2013-06-18,224.78,226.63,224.94,222.16,11253432.0,164008160.0
2013-06-17,226.01,230.33,224.63,222.32,17215190.0,253270128.0
2013-06-14,222.16,226.94,224.32,220.62,15402743.0,224237680.0
2013-06-13,215.69,224.78,221.85,213.38,17063440.0,243328896.0
2013-06-07,237.72,240.5,225.86,223.09,26015844.0,387713184.0
2013-06-06,244.04,246.2,237.41,235.87,18608528.0,291646528.0
2013-06-05,248.2,249.74,245.89,243.27,14995709.0,239249680.0
2013-06-04,243.58,250.05,247.74,240.34,25060568.0,398750528.0
2013-06-03,251.74,256.83,243.42,241.88,27204922.0,442715040.0
2013-05-31,255.9,257.81,251.69,250.85,11930329.0,395609376.0
2013-05-30,259.5,260.95,255.82,253.07,16452086.0,549808960.0
2013-05-29,266.46,270.44,262.56,262.33,13967626.0,485995040.0
2013-05-28,265.77,267.15,264.55,259.12,13045180.0,448560320.0
2013-05-27,267.92,271.75,265.09,262.56,21562476.0,753484992.0
2013-05-24,251.15,265.85,262.48,250.77,21982184.0,741425920.0
2013-05-23,252.46,257.89,251.08,247.86,14086470.0,463183744.0
2013-05-22,259.42,266.0,253.76,252.84,19718214.0,667478720.0
2013-05-21,260.88,265.24,259.73,256.59,25140132.0,855159168.0
2013-05-20,246.87,262.02,258.35,246.33,26229804.0,871897024.0
2013-05-17,248.78,252.07,247.25,247.02,15780710.0,512798112.0
2013-05-16,244.95,247.71,247.02,241.89,16423501.0,526698080.0
2013-05-15,240.44,247.71,246.94,237.6,17310416.0,552162304.0
2013-05-14,240.13,244.34,237.53,235.77,10362610.0,325209024.0
2013-05-13,231.94,239.59,236.15,231.71,9710515.0,300073376.0
2013-05-10,239.37,240.21,233.01,230.03,14108508.0,430731616.0
2013-05-09,244.65,245.11,240.9,238.52,11137323.0,351460256.0
2013-05-08,243.35,246.33,244.65,238.91,11677763.0,369249440.0
2013-05-07,237.3,250.16,242.96,235.08,21600048.0,687095360.0
2013-05-06,226.97,238.06,237.07,226.97,20309668.0,620053760.0
2013-05-03,223.29,229.26,222.37,222.14,11055043.0,326462336.0
2013-05-02,218.24,223.37,222.22,217.09,10563725.0,304923424.0
2013-04-26,212.04,223.98,219.69,212.04,23302796.0,671220224.0
2013-04-25,211.12,212.5,209.28,208.13,5979421.0,164002448.0
2013-04-24,205.99,212.5,211.5,205.99,6155351.0,169076816.0
2013-04-23,218.93,219.08,205.15,205.15,9182277.0,253595184.0
2013-04-22,213.57,219.16,217.47,212.57,9273407.0,262862928.0
2013-04-19,207.14,217.78,215.1,207.14,10823757.0,302584832.0
2013-04-18,202.85,210.35,207.06,202.24,5345051.0,144844256.0
2013-04-17,207.37,208.21,205.38,203.77,3520985.0,94702288.0
2013-04-16,202.09,207.45,206.53,200.79,4187546.0,111802856.0
2013-04-15,208.82,208.82,205.07,202.93,5133374.0,137148480.0
2013-04-12,208.98,211.81,210.28,208.9,3386548.0,93056096.0
2013-04-11,214.18,215.33,209.21,209.13,4273551.0,118264720.0
2013-04-10,213.19,214.18,211.96,210.74,5718761.0,158758608.0
2013-04-09,207.45,218.62,212.8,207.06,11463389.0,321509216.0
2013-04-08,204.38,206.45,205.84,200.63,5365661.0,142457392.0
2013-04-03,212.5,213.34,208.21,207.44,4076715.0,112089552.0
2013-04-02,211.5,215.56,211.43,210.66,4417611.0,123116856.0
2013-04-01,210.89,213.88,212.12,207.14,6030771.0,165557280.0
2013-03-29,215.1,216.48,211.81,211.27,5373019.0,150019920.0
2013-03-28,222.53,222.53,212.8,212.8,11213731.0,316811904.0
2013-03-27,225.43,228.5,225.82,224.36,5861538.0,173217888.0
2013-03-26,231.79,231.79,225.13,224.29,8297485.0,245383008.0
2013-03-25,225.74,233.93,232.17,224.29,13759611.0,413656096.0
2013-03-22,227.58,228.8,224.13,223.37,6703901.0,197127376.0
2013-03-21,229.64,231.33,227.58,226.2,8390386.0,250236784.0
2013-03-20,219.69,235.46,229.11,218.24,11904150.0,351356000.0
2013-03-19,221.68,222.91,218.39,213.65,8456806.0,240746944.0
2013-03-18,232.71,235.0,220.31,218.93,16264895.0,478482208.0
2013-03-15,237.15,240.97,237.15,231.18,11279638.0,348742624.0
2013-03-14,237.45,241.89,237.38,236.61,6689864.0,208695936.0
2013-03-13,235.69,244.72,239.67,234.31,13223309.0,416044608.0
2013-03-12,232.63,239.59,236.0,232.32,12540027.0,386858944.0
2013-03-11,239.59,239.59,232.48,231.18,10544407.0,323369536.0
2013-03-08,240.97,243.58,240.59,238.06,8743032.0,275997536.0
2013-03-07,243.42,244.5,239.52,237.3,11545617.0,361512512.0
2013-03-06,239.21,244.26,243.5,239.21,9373712.0,297311776.0
2013-03-05,236.15,240.59,238.68,236.07,8072927.0,251177616.0
2013-03-04,244.95,244.95,236.53,234.24,13290997.0,414206592.0
2013-03-01,249.78,251.08,246.56,244.65,11469365.0,370531424.0
2013-02-28,244.26,250.08,249.62,242.35,11855789.0,383561216.0
2013-02-27,242.12,245.8,242.28,240.67,6512833.0,206949824.0
2013-02-26,242.66,246.49,241.13,238.52,9879743.0,313111584.0
2013-02-25,245.11,247.86,244.34,242.73,9115364.0,291492512.0
2013-02-22,241.13,252.23,246.49,237.91,17614030.0,564000128.0
2013-02-21,255.67,256.13,243.04,241.66,20320204.0,655122240.0
2013-02-20,256.59,260.19,258.73,252.91,12925985.0,432826688.0
2013-02-19,264.09,267.84,256.67,253.99,17358526.0,584654976.0
2013-02-18,271.59,275.34,265.47,265.16,17165484.0,603464256.0
2013-02-08,254.91,272.89,269.83,254.22,25803484.0,899209088.0
2013-02-07,252.46,257.05,255.21,250.77,15864428.0,527851744.0
2013-02-06,245.72,259.5,252.46,245.72,25119594.0,835417600.0
2013-02-05,239.14,247.86,243.81,237.38,11274790.0,359832000.0
2013-02-04,246.25,247.79,242.96,235.08,17501556.0,551164736.0
2013-02-01,248.93,250.16,245.72,243.42,13895671.0,445838432.0
2013-01-31,243.42,254.45,250.47,242.81,21528860.0,702498560.0
2013-01-30,247.79,248.71,242.5,238.91,14425282.0,458957504.0
2013-01-29,246.64,248.78,247.48,243.81,14880331.0,478401632.0
2013-01-28,233.4,247.1,246.49,233.4,19222530.0,608100352.0
2013-01-25,230.79,235.16,232.78,230.79,6749040.0,205733744.0
2013-01-24,238.29,243.73,232.63,229.8,13948525.0,433057760.0
2013-01-23,232.94,239.52,237.99,232.86,8877568.0,274874304.0
2013-01-22,237.6,241.59,233.93,232.55,9547033.0,295800832.0
2013-01-21,241.2,242.5,237.22,235.16,11145346.0,346920608.0
2013-01-18,241.13,244.88,241.13,237.53,9555670.0,301824672.0
2013-01-17,246.71,249.39,239.59,239.59,10940646.0,347512416.0
2013-01-16,249.47,253.07,248.25,243.35,18037724.0,584678144.0
2013-01-15,240.28,255.59,250.54,238.83,27328216.0,880677120.0
2013-01-14,228.5,241.28,240.21,228.11,16607257.0,510823232.0
2013-01-11,237.68,239.06,228.5,227.65,12348420.0,376400608.0
2013-01-10,235.92,239.59,237.91,234.39,10834360.0,335656576.0
2013-01-09,240.36,240.36,235.92,233.47,15218183.0,471949056.0
2013-01-08,237.3,242.89,242.2,235.08,16358012.0,511121376.0
2013-01-07,243.42,244.19,237.91,234.85,16397941.0,509443168.0
2013-01-04,253.37,254.6,244.8,244.57,19994396.0,650648448.0
2012-12-31,249.16,251.84,249.47,244.11,17983540.0,584413888.0
2012-12-28,249.78,251.38,249.32,243.5,20958712.0,675184448.0
2012-12-27,236.69,256.44,249.55,235.62,38270164.0,1228917248.0
2012-12-26,235.77,244.19,236.15,234.85,19367880.0,603875264.0
2012-12-25,233.47,239.21,235.77,228.11,19844516.0,607542848.0
2012-12-24,233.01,240.21,235.84,230.56,16124436.0,495027360.0
2012-12-21,238.45,244.42,235.08,232.71,25905432.0,805805696.0
2012-12-20,225.51,240.13,238.14,224.52,27585212.0,842186560.0
2012-12-19,227.43,236.38,226.89,226.2,23136052.0,696296128.0
2012-12-18,217.63,237.22,230.49,217.01,33331404.0,994215168.0
2012-12-17,210.97,230.1,220.76,208.67,24701240.0,707394752.0
2012-12-14,198.03,212.57,209.74,198.03,19056948.0,517694560.0
2012-12-13,204.31,207.45,199.64,199.25,9358436.0,249325664.0
2012-12-12,200.79,205.84,205.61,200.79,10785253.0,286568384.0
2012-12-11,202.39,205.53,202.16,200.63,11553050.0,306106336.0
2012-12-10,194.43,206.53,204.23,194.43,17444492.0,461117984.0
2012-12-07,188.54,197.19,195.28,187.24,13110021.0,331751328.0
2012-12-06,191.52,193.36,188.62,187.77,8797434.0,218154784.0
2012-12-05,183.72,198.03,192.59,180.81,16717272.0,418136032.0
2012-12-04,182.87,186.4,184.71,175.22,10441732.0,245313472.0
2012-12-03,191.6,194.43,184.25,183.72,7696148.0,189773840.0
2012-11-30,190.99,193.51,192.9,188.84,7402916.0,185410960.0
2012-11-29,198.18,201.09,191.45,190.6,7980519.0,203430048.0
2012-11-28,202.85,204.92,198.8,196.42,7402535.0,194872688.0
2012-11-27,208.13,209.67,203.85,202.85,8064346.0,216985488.0
2012-11-26,203.85,211.58,208.52,203.24,11985985.0,326715616.0
2012-11-23,202.47,207.14,204.61,202.47,6033321.0,162119920.0
2012-11-22,205.91,206.37,202.16,201.93,4430373.0,117831576.0
2012-11-21,203.93,207.29,206.99,202.24,6566814.0,176303920.0
2012-11-20,203.31,207.29,204.15,202.16,7090762.0,189920160.0
2012-11-19,199.79,203.47,202.32,199.1,5157108.0,135461376.0
2012-11-16,202.85,203.62,200.4,198.18,6896060.0,180321008.0
2012-11-15,209.74,211.89,204.46,204.38,6739858.0,183253200.0
2012-11-14,210.43,213.95,212.57,203.62,10535346.0,286379360.0
2012-11-13,212.57,216.33,210.2,209.74,10199197.0,284404992.0
2012-11-12,208.98,212.65,210.89,208.29,5689340.0,156450608.0
2012-11-09,212.73,215.64,209.44,209.21,7163307.0,198476304.0
2012-11-08,212.04,220.23,212.8,211.27,15133115.0,428308320.0
2012-11-07,210.58,220.31,215.41,208.21,15136806.0,427470048.0
2012-11-06,212.42,213.57,210.43,202.55,8391047.0,227422192.0
2012-11-05,214.18,215.02,212.04,211.35,5592693.0,155501216.0
2012-11-02,217.09,217.17,213.65,211.27,9387440.0,262629040.0
2012-11-01,206.53,220.31,217.09,206.14,17834654.0,501450528.0
2012-10-31,205.3,207.68,206.07,203.69,5062454.0,135992464.0
2012-10-30,203.85,208.06,204.92,203.47,5272059.0,141886928.0
2012-10-29,204.31,207.29,203.24,202.85,6939987.0,185720912.0
2012-10-26,218.93,219.62,206.45,201.32,14763912.0,403575808.0
2012-10-25,219.0,224.52,219.85,219.0,4955336.0,143232112.0
2012-10-24,223.06,225.59,220.46,219.85,7986618.0,232129888.0
2012-10-23,230.41,231.1,226.28,226.28,6318722.0,188458768.0
2012-10-22,232.48,232.48,230.18,227.35,9151338.0,273989728.0
2012-10-19,235.31,239.06,235.23,233.47,9817141.0,303271264.0
2012-10-18,229.6,235.92,233.71,228.92,11480094.0,351030208.0
2012-10-17,228.84,231.2,230.14,224.51,7335438.0,219970384.0
2012-10-16,226.26,231.58,226.94,225.88,7292495.0,219495680.0
2012-10-15,233.79,233.79,226.11,224.05,9779918.0,290968928.0
2012-10-12,237.67,240.78,233.48,230.67,11441165.0,353822688.0
2012-10-11,233.71,249.38,237.21,233.48,18595904.0,590385600.0
2012-10-10,235.46,236.98,236.3,231.51,9693234.0,298439584.0
2012-10-09,231.2,237.89,235.76,230.14,12139324.0,375267712.0
2012-10-08,236.15,237.89,231.2,226.64,14282927.0,434717472.0
2012-09-28,222.46,239.19,237.36,220.71,20635870.0,632655296.0
2012-09-27,218.04,227.32,223.98,214.32,11855900.0,346410496.0
2012-09-26,227.4,228.84,218.04,217.51,7939449.0,232054896.0
2012-09-25,230.44,232.57,227.63,227.09,5962266.0,180046096.0
2012-09-24,224.51,232.27,231.2,222.99,8316815.0,249266272.0
2012-09-21,226.64,233.1,228.16,226.49,8793468.0,265474096.0
2012-09-20,238.66,238.66,227.7,227.4,11140954.0,339685152.0
2012-09-19,238.2,241.09,238.81,235.61,7622659.0,238628656.0
2012-09-18,235.92,240.18,237.29,235.0,7707356.0,240394144.0
2012-09-17,250.22,250.98,237.9,237.29,14455733.0,463603136.0
2012-09-14,256.91,260.18,252.5,250.98,13114269.0,439314688.0
2012-09-13,261.55,262.23,250.29,250.22,14741903.0,495580416.0
2012-09-12,260.86,267.56,261.01,258.66,17349296.0,599458944.0
2012-09-11,251.74,259.19,258.96,249.68,18458574.0,618165888.0
2012-09-10,255.39,258.12,253.56,251.13,20346468.0,679041984.0
2012-09-07,243.37,261.47,256.15,241.85,31091096.0,1037530240.0
2012-09-06,239.49,243.14,240.18,236.15,7964780.0,250887664.0
2012-09-05,239.34,241.7,238.5,235.76,9810293.0,307509920.0
2012-09-04,244.06,247.17,241.24,241.01,14424459.0,462608992.0
2012-09-03,236.68,245.27,243.22,235.16,13650595.0,433947136.0
2012-08-31,239.19,241.39,237.36,234.32,9582617.0,300021056.0
2012-08-30,234.78,243.75,241.47,230.67,19220524.0,601455552.0
2012-08-29,247.93,249.61,236.15,234.32,20937240.0,659635584.0
2012-08-28,246.72,254.78,248.01,243.6,16438890.0,536885312.0
2012-08-27,274.55,276.07,252.19,252.19,25781614.0,880414784.0
2012-08-24,286.8,291.06,280.18,280.03,13289092.0,496760544.0
2012-08-23,287.79,292.65,289.0,283.53,13492626.0,513058560.0
2012-08-22,296.99,299.65,287.79,287.02,16882390.0,646434944.0
2012-08-21,298.28,303.3,296.15,292.81,19175088.0,749093952.0
2012-08-20,287.4,301.48,298.81,285.28,18114706.0,702796352.0
2012-08-17,288.55,291.89,291.06,281.85,11514726.0,434876736.0
2012-08-16,282.92,293.94,289.46,281.55,18496228.0,703067968.0
2012-08-15,285.58,285.81,281.4,280.03,8711862.0,324277984.0
2012-08-14,289.0,291.13,286.57,277.82,16184264.0,603951936.0
2012-08-13,289.0,297.37,289.61,287.48,13062687.0,502496640.0
2012-08-10,298.89,298.89,292.35,290.37,15043925.0,580939008.0
2012-08-09,297.21,304.59,299.19,289.0,25631204.0,999655936.0
2012-08-08,304.59,310.75,299.04,298.96,35543868.0,1418902912.0
2012-08-07,311.06,316.76,312.2,308.78,26901436.0,1105924736.0
2012-08-06,292.73,317.75,311.82,290.14,35967188.0,1441350016.0
2012-08-03,290.3,296.0,294.25,287.25,17666594.0,678422016.0
2012-08-02,293.94,295.47,288.24,280.64,24117532.0,911982080.0
2012-08-01,280.94,302.69,295.85,279.95,28742010.0,1102076032.0
2012-07-31,283.22,287.4,279.12,277.97,19769320.0,732935744.0
2012-07-30,296.68,303.15,283.22,280.26,29141104.0,1113054208.0
2012-07-27,321.4,324.6,298.13,298.13,26976824.0,1105703296.0
2012-07-26,322.24,326.5,319.57,317.14,14856558.0,627109568.0
2012-07-25,320.18,328.93,322.39,319.8,13362951.0,570283456.0
2012-07-24,316.99,327.03,321.48,316.91,14920251.0,633090560.0
2012-07-23,322.62,326.65,319.42,316.53,16928000.0,714006016.0
2012-07-20,331.21,336.54,328.17,325.81,17387128.0,756587200.0
2012-07-19,338.36,343.99,332.35,331.06,23995060.0,1063796224.0
2012-07-18,343.61,347.11,340.34,334.02,24959328.0,1119810432.0
2012-07-17,336.15,347.71,345.89,327.87,30781632.0,1369295488.0
2012-07-16,348.7,350.45,337.98,333.11,30684060.0,1375153664.0
2012-07-13,339.96,356.16,348.7,334.25,32353600.0,1472859008.0
2012-07-12,340.56,355.93,344.14,336.23,35081572.0,1601623296.0
2012-07-11,335.24,346.04,344.06,324.75,30893480.0,1357276288.0
2012-07-10,348.32,350.6,336.54,335.62,33086864.0,1485048192.0
2012-07-09,347.33,355.93,348.4,346.42,37953404.0,1754799360.0
2012-07-06,322.39,352.89,351.44,318.97,46646240.0,2048325120.0
2012-07-05,317.44,323.61,321.32,309.38,26603372.0,1105447168.0
2012-07-04,314.1,323.83,318.21,312.27,23628468.0,990611840.0
2012-07-03,316.61,319.27,312.65,308.77,21891760.0,902651520.0
2012-07-02,303.3,320.94,315.77,302.16,30941088.0,1270961792.0
2012-06-29,292.42,303.6,301.78,291.89,21231932.0,835771008.0
2012-06-28,296.99,302.77,295.85,285.5,25023240.0,967366272.0
2012-06-27,299.65,303.68,295.09,293.56,15174515.0,595552384.0
2012-06-26,298.13,304.97,299.57,293.72,18115644.0,714825280.0
2012-06-25,309.54,310.68,298.51,297.29,20787366.0,829214528.0
2012-06-21,310.68,320.94,314.1,308.77,22653462.0,940127168.0
2012-06-19,317.98,319.27,310.3,310.14,18791206.0,771983552.0
2012-06-18,321.7,323.83,319.35,316.53,16381328.0,689597568.0
2012-06-15,322.46,325.43,319.8,308.01,29864504.0,1241702528.0
2012-06-14,331.59,333.11,321.7,320.49,22763370.0,975532480.0
2012-06-13,332.5,334.02,330.53,324.21,25046848.0,1084867456.0
2012-06-12,325.13,330.22,328.78,323.3,24451860.0,1050610816.0
2012-06-11,304.82,331.59,327.79,304.82,41681968.0,1752680448.0
2012-06-08,317.9,319.95,304.36,302.54,26758484.0,1095952256.0
2012-06-07,326.12,327.03,316.31,314.33,22377292.0,941757376.0
2012-06-06,320.87,325.05,320.64,314.18,21829782.0,915893376.0
2012-06-05,317.14,325.43,319.04,315.62,23602608.0,993031552.0
2012-06-04,320.94,328.78,314.86,314.56,33498646.0,1413140608.0
2012-06-01,330.83,340.72,329.92,328.93,32850854.0,1442838784.0
2012-05-31,331.51,341.25,329.08,328.55,29194632.0,1281149440.0
2012-05-30,329.99,335.39,333.19,327.1,31055966.0,1356904960.0
2012-05-29,309.38,336.0,331.21,308.01,46068344.0,1946238208.0
2012-05-28,308.39,311.36,309.76,295.54,27046504.0,1081627008.0
2012-05-25,320.33,322.46,311.06,307.03,29660472.0,1220630528.0
2012-05-24,316.38,325.36,317.9,312.65,28640244.0,1203496704.0
2012-05-23,323.23,341.86,319.04,310.83,64579980.0,2773597696.0
2012-05-22,322.92,323.83,321.86,316.38,35901412.0,1510864768.0
2012-05-21,304.21,328.55,326.19,304.21,49070736.0,2050152064.0
2012-05-18,284.44,313.42,298.81,282.54,52048768.0,2072662400.0
2012-05-17,287.33,291.13,289.53,278.81,31166888.0,1171289472.0
2012-05-16,293.34,301.93,288.39,288.09,34004544.0,1320172544.0
2012-05-15,279.88,299.27,297.9,278.43,31692864.0,1188967936.0
2012-05-14,297.98,299.42,284.59,282.31,33958056.0,1290004608.0
2012-05-11,302.69,310.22,295.85,292.8,38624388.0,1526674816.0
2012-05-10,273.18,300.94,300.94,272.65,48154656.0,1836690688.0
2012-05-09,280.71,286.87,274.02,274.02,34621240.0,1272418048.0
2012-05-08,281.4,292.81,286.11,276.83,40593280.0,1512486272.0
2012-05-07,263.9,290.52,281.78,260.94,41199532.0,1488405504.0
2012-05-04,247.93,272.27,265.73,246.64,40272508.0,1358114944.0
2012-05-03,242.46,251.81,249.3,241.09,39157552.0,1270136576.0
2012-05-02,228.31,246.87,245.35,228.31,50030512.0,1592697600.0
2012-04-27,221.69,229.68,224.43,221.47,25265228.0,751877760.0
2012-04-26,223.9,224.51,220.1,219.41,13471667.0,392585344.0
2012-04-25,217.06,224.36,223.75,216.14,18519556.0,538162240.0
2012-04-24,216.07,221.92,217.74,209.83,18232520.0,517580896.0
2012-04-23,224.59,226.79,217.74,216.83,18575622.0,541042112.0
2012-04-20,223.44,225.73,224.36,222.3,15635445.0,459963616.0
2012-04-19,232.72,233.48,224.43,224.21,27405270.0,822848512.0
2012-04-18,227.02,233.18,231.28,225.19,33971480.0,1024814464.0
2012-04-17,223.52,233.33,225.19,222.91,32178788.0,966378432.0
2012-04-16,225.73,228.69,225.12,222.46,34433076.0,1020174464.0
2012-04-13,222.0,229.15,229.15,215.99,68693512.0,2035240064.0
2012-04-12,205.88,209.75,208.31,202.0,13618380.0,368850432.0
2012-04-11,206.86,210.29,205.42,202.68,11308956.0,306295072.0
2012-04-10,211.43,214.16,211.43,200.63,18024224.0,490513536.0
2012-04-09,214.16,217.13,210.82,209.68,12456952.0,348867104.0
2012-04-06,210.67,218.65,214.93,210.06,18367000.0,518809024.0
2012-04-05,196.14,211.43,210.44,194.01,13825089.0,371356224.0
2012-03-30,198.73,200.7,197.66,190.44,13061077.0,334626112.0
2012-03-29,196.29,200.63,199.64,194.31,12522123.0,326153920.0
2012-03-28,203.44,204.51,197.74,196.06,12376551.0,325180000.0
2012-03-27,206.86,211.58,205.65,205.65,12218024.0,335318752.0
2012-03-26,204.2,206.41,204.58,201.54,9311808.0,249992736.0
2012-03-23,209.15,214.09,204.05,201.39,13606476.0,370715264.0
2012-03-22,216.14,220.25,211.5,210.9,12484020.0,352190976.0
2012-03-21,212.65,222.07,218.12,210.74,22772700.0,651449984.0
2012-03-20,217.28,217.28,211.43,209.37,14735386.0,412243872.0
2012-03-19,218.2,224.66,218.35,215.23,23540700.0,680641728.0
2012-03-16,216.75,224.21,221.31,207.17,26029302.0,735471616.0
2012-03-15,210.67,219.41,217.51,207.02,25886496.0,725122688.0
2012-03-14,216.07,226.41,211.58,205.65,35379312.0,1007679104.0
2012-03-13,204.58,218.27,216.07,201.54,27723858.0,763961664.0
2012-03-12,204.35,209.75,206.18,201.69,24871556.0,674524224.0
2012-03-09,193.78,208.23,205.34,190.13,41586224.0,1083211904.0
2012-03-08,177.51,193.78,193.78,177.51,42179016.0,1052675904.0
2012-03-07,178.12,179.94,176.14,175.68,7940906.0,185604144.0
2012-03-06,184.35,184.35,179.94,179.87,10534700.0,251109904.0
2012-03-05,183.97,189.37,184.5,183.44,16602636.0,406990560.0
2012-03-02,181.23,184.2,182.53,181.23,9106511.0,218506288.0
2012-03-01,179.18,183.9,180.63,179.18,6485175.0,154782608.0
2012-02-29,183.52,185.49,180.55,180.4,10902427.0,262052496.0
2012-02-28,182.91,185.04,183.21,180.63,14021260.0,335767872.0
2012-02-27,185.42,189.37,185.04,184.66,16719161.0,410932448.0
2012-02-24,184.05,186.25,184.96,183.14,11536776.0,279704448.0
2012-02-23,185.57,191.5,184.88,184.28,16200361.0,398771872.0
2012-02-22,181.69,183.97,183.14,179.64,9789524.0,234798096.0
2012-02-21,181.01,181.69,181.62,174.77,10661672.0,250705936.0
2012-02-20,187.4,188.23,181.08,179.94,14597912.0,350953312.0
2012-02-17,177.97,184.66,182.68,177.97,20894416.0,500993408.0
2012-02-16,174.92,181.01,177.97,174.24,18533378.0,432705312.0
2012-02-15,171.12,176.44,174.85,169.98,11780939.0,269735584.0
2012-02-14,173.63,175.07,172.11,169.14,9301367.0,209845552.0
2012-02-13,169.68,176.6,174.09,169.68,9098679.0,208048832.0
2012-02-10,174.09,175.99,172.72,170.74,9504925.0,216683248.0
2012-02-09,175.53,177.66,174.09,172.72,13331566.0,306636160.0
2012-02-08,168.69,176.52,176.29,168.69,16297005.0,372111136.0
2012-02-07,174.92,174.92,168.53,166.56,11168076.0,249502160.0
2012-02-06,170.44,176.29,174.92,169.68,15760076.0,360485024.0
2012-02-03,167.77,171.8,169.37,166.78,7807186.0,174449072.0
2012-02-02,164.58,167.7,167.7,164.2,7087872.0,154651776.0
2012-02-01,170.36,171.88,164.66,164.28,8995030.0,198793856.0
2012-01-31,167.32,176.06,171.88,167.01,11901649.0,270347552.0
2012-01-30,166.78,170.28,166.1,165.87,5991865.0,132549672.0
2012-01-20,169.45,170.06,166.63,165.49,6644428.0,146322656.0
2012-01-19,169.07,170.89,168.15,165.64,9202751.0,203738272.0
2012-01-18,172.72,178.27,169.6,166.63,17349198.0,395470624.0
2012-01-17,156.29,174.77,173.25,156.29,16840264.0,372217632.0
2012-01-16,159.86,167.16,158.95,158.8,9792696.0,209540656.0
2012-01-13,167.7,171.04,162.68,159.71,13458946.0,292394752.0
2012-01-12,166.25,170.97,167.93,164.28,12486651.0,275048064.0
2012-01-11,163.67,169.45,167.54,162.37,13505173.0,296290688.0
2012-01-10,159.41,168.84,163.51,158.65,15985916.0,346065664.0
2012-01-09,153.47,161.99,159.18,152.11,13916212.0,289396192.0
2012-01-06,140.32,154.39,154.16,140.32,10940517.0,212747472.0
2012-01-05,150.59,154.92,143.44,143.36,10513848.0,207204144.0
2012-01-04,153.47,155.83,153.09,147.39,13444608.0,267723136.0
