date,open,high,close,low,volume,amount
2015-07-07,105.04,114.03,96.24,96.24,85516736.0,961271680.0
2015-07-06,111.19,111.19,106.93,91.03,73709960.0,791037760.0
2015-07-03,109.58,113.84,101.06,101.06,42897012.0,469683200.0
2015-07-02,122.55,126.33,112.33,112.33,37527908.0,461548704.0
2015-07-01,137.97,141.09,124.82,124.82,34793680.0,500435840.0
2015-06-30,127.85,141.28,138.63,121.79,55748460.0,763286208.0
2015-06-29,155.19,155.19,135.32,135.32,46972224.0,687844096.0
2015-06-26,160.87,160.87,150.37,150.37,25952640.0,420403392.0
2015-06-25,180.84,181.69,167.02,163.62,34209200.0,631841216.0
2015-06-24,178.85,186.9,180.74,173.93,40700248.0,777840128.0
2015-06-23,175.16,178.85,178.0,157.84,36083528.0,651697088.0
2015-06-19,189.64,194.47,175.35,175.26,26939706.0,528204608.0
2015-06-18,207.05,207.05,194.75,193.14,29908930.0,637712896.0
2015-06-17,194.94,211.03,207.34,189.26,38455724.0,805462016.0
2015-06-16,203.36,204.31,196.36,189.83,37104592.0,774051840.0
2015-06-15,210.65,215.28,205.92,201.56,56334096.0,1238366080.0
2015-06-12,201.09,215.47,210.65,201.09,60851684.0,1335866880.0
2015-06-11,188.6,200.62,197.78,186.04,41054352.0,833875264.0
2015-06-10,189.23,190.82,187.44,186.22,30027896.0,602430400.0
2015-06-09,190.82,192.52,186.97,184.62,36207288.0,724873280.0
2015-06-08,199.19,200.6,190.82,190.64,38096404.0,784920384.0
2015-06-05,198.44,203.88,197.5,192.33,41929900.0,889249792.0
2015-06-04,202.19,204.17,196.65,182.65,43328924.0,897213120.0
2015-06-03,190.82,206.99,202.0,188.01,51249092.0,1091138304.0
2015-06-02,191.95,193.36,190.73,186.22,45892264.0,927459904.0
2015-06-01,195.43,196.18,190.64,187.72,51533512.0,1046148800.0
2015-05-29,175.89,186.69,181.52,166.4,49547536.0,942007936.0
2015-05-28,195.05,199.66,175.42,175.42,60864032.0,1227235328.0
2015-05-27,182.28,200.22,194.87,178.8,65782220.0,1322955392.0
2015-05-26,187.91,188.85,182.18,178.61,59184448.0,1157933440.0
2015-05-25,163.86,180.96,180.96,162.54,65967680.0,1238657152.0
2015-05-22,167.24,169.12,164.52,162.17,47169640.0,828425280.0
2015-05-21,157.38,163.01,163.01,157.38,43372448.0,741373312.0
2015-05-20,156.91,161.51,156.91,155.59,45860800.0,772389056.0
2015-05-19,154.28,158.6,156.44,151.27,38652252.0,639930432.0
2015-05-18,152.49,159.35,153.9,151.46,26069964.0,429706112.0
2015-05-15,152.49,155.03,152.3,150.14,14662866.0,237604928.0
2015-05-14,155.03,157.09,152.68,152.21,22287058.0,365013120.0
2015-05-13,158.79,159.63,155.22,154.09,31063412.0,517172864.0
2015-05-12,150.89,159.91,159.54,148.92,35026776.0,577186304.0
2015-05-11,151.65,151.65,150.71,144.5,32869230.0,519935008.0
2015-05-08,147.23,151.08,150.24,147.23,18966824.0,301075104.0
2015-05-07,144.79,150.33,146.57,144.69,20689480.0,324064192.0
2015-05-06,153.43,155.31,144.69,144.32,19475980.0,312140256.0
2015-05-05,160.66,161.04,152.3,152.21,21079100.0,350785504.0
2015-05-04,158.79,163.48,161.13,155.03,28337072.0,483168928.0
2015-04-30,156.06,159.35,158.22,153.15,21598088.0,360160640.0
2015-04-29,155.97,158.32,155.97,150.24,25064488.0,412607712.0
2015-04-28,161.51,169.59,157.09,153.62,48270364.0,827396736.0
2015-04-27,159.16,161.51,161.13,154.09,43578672.0,735962304.0
2015-04-24,159.82,159.91,157.09,154.09,33032792.0,553017152.0
2015-04-23,163.48,164.24,162.45,158.5,31879666.0,547067968.0
2015-04-22,162.73,164.42,162.92,158.6,46904556.0,805320576.0
2015-04-21,151.74,164.42,161.79,151.74,53309892.0,897876544.0
2015-04-20,143.75,150.24,150.24,143.38,47517872.0,743444672.0
2015-04-17,144.88,147.79,143.75,143.56,33911764.0,523442912.0
2015-04-16,142.16,146.38,144.88,137.65,28361452.0,431962368.0
2015-04-15,151.08,152.4,142.16,140.84,32705500.0,505428864.0
2015-04-14,153.62,154.56,150.52,146.76,43124896.0,688980352.0
2015-04-13,155.12,156.91,153.62,152.68,37583000.0,617743616.0
2015-04-10,154.65,156.72,155.12,152.4,37348128.0,611841536.0
2015-04-09,164.42,164.42,157.19,148.54,71610808.0,1204931328.0
2015-04-08,153.34,153.34,153.34,153.34,1921910.0,31365572.0
2015-03-27,139.71,141.87,139.43,137.18,17408182.0,257133232.0
2015-03-26,145.07,145.73,139.53,138.87,23685180.0,357315392.0
2015-03-25,141.87,148.83,144.5,140.56,29815664.0,460526912.0
2015-03-24,138.49,144.22,143.38,133.79,37460288.0,554652672.0
2015-03-23,138.12,138.87,137.27,136.05,21809204.0,319316320.0
2015-03-20,137.18,138.68,135.86,134.73,18153532.0,263102768.0
2015-03-19,134.54,139.43,137.55,132.29,28115732.0,404839360.0
2015-03-18,132.48,135.77,133.7,132.29,21065398.0,299378144.0
2015-03-17,133.13,133.42,131.82,130.6,22350588.0,314131424.0
2015-03-16,130.03,134.45,133.14,130.03,21536072.0,301889600.0
2015-03-13,130.6,132.48,130.32,128.72,12304919.0,170983920.0
2015-03-12,131.82,137.74,131.63,128.63,23396020.0,330239936.0
2015-03-11,124.49,133.79,131.82,123.18,27671612.0,378860000.0
2015-03-10,124.96,125.43,124.3,123.08,9695944.0,128276256.0
2015-03-09,122.14,125.34,124.21,122.14,12085510.0,159423664.0
2015-03-06,126.84,128.25,122.14,121.77,19077156.0,252157952.0
2015-03-05,130.6,130.79,126.65,125.34,21093888.0,286298464.0
2015-03-04,129.66,134.92,130.32,128.63,34734864.0,486640032.0
2015-03-03,120.45,132.57,129.0,119.51,43432232.0,582902400.0
2015-03-02,123.18,123.27,120.55,118.67,34355796.0,441419584.0
2015-02-27,116.04,116.6,116.32,115.47,10083406.0,124517504.0
2015-02-26,114.25,116.6,115.85,114.25,11865307.0,145598208.0
2015-02-25,114.72,115.19,114.06,113.12,7679438.0,93220912.0
2015-02-17,115.19,115.94,113.88,112.94,14278762.0,173835168.0
2015-02-16,116.97,116.97,115.28,111.9,18947940.0,229645472.0
2015-02-13,115.66,118.29,115.66,115.19,14808050.0,183829920.0
2015-02-12,118.01,120.83,115.19,114.91,16363844.0,205598640.0
2015-02-11,117.92,119.04,118.2,116.97,8060854.0,101611624.0
2015-02-10,118.57,118.85,118.01,115.38,11379457.0,141947872.0
2015-02-09,116.5,121.2,119.7,114.63,15446895.0,194991872.0
2015-02-06,115.75,118.29,116.32,114.53,7765780.0,96084048.0
2015-02-05,116.5,121.11,117.07,115.94,15463582.0,195233792.0
2015-02-04,117.35,117.63,115.66,115.47,7044055.0,87352328.0
2015-02-03,115.66,117.73,117.16,115.66,10685647.0,132853880.0
2015-02-02,114.72,117.92,115.47,114.44,8090717.0,99952208.0
2015-01-30,116.32,118.67,116.51,115.19,11776179.0,145830800.0
2015-01-29,116.13,119.61,116.13,114.63,11630737.0,144774576.0
2015-01-28,120.55,121.67,118.01,117.73,17083176.0,216483488.0
2015-01-27,124.21,125.15,122.05,119.89,24006516.0,311905984.0
2015-01-26,121.86,124.49,123.36,118.48,22932364.0,296699008.0
2015-01-23,120.17,124.96,122.14,120.17,21738732.0,283472992.0
2015-01-22,120.26,122.14,120.17,117.44,18982518.0,241808992.0
2015-01-21,117.44,125.53,120.55,117.07,37763912.0,490190976.0
2015-01-20,110.31,118.48,117.92,109.08,38678948.0,470831840.0
2015-01-19,107.02,114.63,108.05,103.63,23743990.0,278054688.0
2015-01-16,107.58,110.4,109.74,107.58,12431338.0,144577664.0
2015-01-15,104.95,110.77,108.89,104.95,21775164.0,253345360.0
2015-01-14,105.7,106.27,104.57,104.01,6773317.0,75490392.0
2015-01-13,105.8,107.77,106.45,105.7,12770457.0,144892016.0
2015-01-12,103.35,104.86,104.57,101.47,9774708.0,107013088.0
2015-01-09,103.45,106.36,104.1,103.45,8962669.0,100237136.0
2015-01-08,105.98,107.77,105.14,103.82,14733276.0,165029552.0
2015-01-07,110.4,111.34,107.49,106.17,16259346.0,187102112.0
2015-01-06,107.49,109.36,108.14,105.7,16746291.0,192159328.0
2015-01-05,107.02,108.89,108.05,105.8,18107108.0,206809408.0
2014-12-31,106.17,107.86,105.7,103.45,13895881.0,156469728.0
2014-12-30,106.73,108.42,106.17,103.45,15001728.0,168342784.0
2014-12-29,104.86,110.49,106.92,102.69,24449840.0,279383168.0
2014-12-26,106.64,108.89,104.86,103.07,17140872.0,191915648.0
2014-12-25,101.75,108.99,106.08,101.75,24605852.0,277335136.0
2014-12-24,96.78,102.22,100.81,93.96,32113160.0,332493952.0
2014-12-23,97.72,101.57,99.22,96.78,20728520.0,218199088.0
2014-12-22,106.64,106.73,98.09,97.72,36726916.0,395949920.0
2014-12-19,110.78,110.78,108.52,103.92,28013164.0,317428160.0
2014-12-18,110.87,111.53,110.78,109.27,11941402.0,140596784.0
2014-12-17,113.78,113.78,110.68,108.89,21048416.0,248203952.0
2014-12-16,115.38,117.44,113.78,112.75,17229270.0,209632704.0
2014-12-15,113.97,120.08,115.66,111.15,27609350.0,343780736.0
2014-12-12,115.57,117.35,114.25,110.21,30655332.0,373383648.0
2014-12-11,106.73,117.35,115.1,106.64,66547096.0,809761792.0
2014-12-10,95.83,106.64,106.64,95.83,35669080.0,391345888.0
2014-12-09,106.55,106.92,96.96,96.96,44352044.0,484453344.0
2014-12-08,103.35,109.65,107.77,101.75,32673376.0,371950752.0
2014-12-05,111.15,111.81,104.76,102.41,49471896.0,564425216.0
2014-12-04,111.24,114.81,111.15,110.4,44257448.0,528086400.0
2014-12-03,109.36,114.44,110.4,107.49,70786720.0,831612224.0
2014-12-02,111.9,113.22,111.9,105.42,118115752.0,1377289728.0
2014-12-01,103.26,103.26,103.26,103.26,2278998.0,25046188.0
2014-11-28,93.86,93.86,93.86,93.86,1344667.0,13433223.0
2014-11-27,85.31,85.31,85.31,85.31,1387113.0,12594986.0
2014-11-26,77.51,77.51,77.51,77.51,1087666.0,8973244.0
2014-07-15,77.14,77.51,70.47,69.81,44830276.0,347200320.0
2014-07-14,77.23,77.8,77.51,76.67,10488368.0,86229296.0
2014-07-11,78.17,78.64,77.04,76.2,13288982.0,109471336.0
2014-07-10,75.17,77.98,77.8,74.04,22116380.0,180000208.0
2014-07-09,76.29,77.42,75.17,74.69,21609830.0,174333024.0
2014-07-08,72.25,77.98,76.2,72.25,27252602.0,219615392.0
2014-07-07,70.0,72.72,72.16,69.9,21706500.0,164583968.0
2014-07-04,70.0,70.47,69.81,68.96,12088544.0,89765472.0
2014-07-03,68.68,71.22,69.9,68.68,13805862.0,103077968.0
2014-07-02,69.53,71.59,69.72,67.84,18783628.0,139157632.0
2014-07-01,69.62,70.47,69.53,68.68,12322721.0,91127056.0
2014-06-30,69.81,71.12,69.53,68.78,13166262.0,98104864.0
2014-06-27,69.15,71.12,70.09,68.4,12342392.0,91836088.0
2014-06-26,67.65,70.94,69.53,67.56,14874478.0,110798336.0
2014-06-25,68.21,68.87,68.02,67.18,10956028.0,79376648.0
2014-06-24,66.8,69.9,67.84,65.96,17830868.0,129465656.0
2014-06-23,62.48,67.08,66.9,62.48,17008496.0,118878168.0
2014-06-20,63.05,63.98,62.39,61.54,13480402.0,90030576.0
2014-06-19,66.05,66.05,62.95,62.1,11101812.0,75430224.0
2014-06-18,62.76,66.43,64.92,62.58,18930608.0,130690248.0
2014-06-17,62.48,63.98,62.58,61.92,13197894.0,88720680.0
2014-06-16,62.86,63.14,62.58,61.63,11438831.0,75909728.0
2014-06-13,60.98,62.76,62.48,60.32,11928747.0,78788208.0
2014-06-12,60.32,62.2,60.79,59.66,14480135.0,94254112.0
2014-06-11,59.47,60.32,60.32,58.72,11250381.0,71389408.0
2014-06-10,58.82,60.51,59.57,57.88,17129260.0,108527648.0
2014-06-09,56.84,59.19,58.72,56.19,24090600.0,149770016.0
2014-06-06,53.84,57.59,56.84,53.84,19272108.0,115533880.0
2014-06-05,53.18,54.02,53.93,52.71,4569829.0,25942576.0
2014-06-04,53.27,53.55,53.27,52.05,4817304.0,27122988.0
2014-06-03,54.02,54.49,53.09,53.09,4358226.0,24940506.0
2014-05-30,53.55,54.49,53.74,53.46,3834132.0,22067066.0
2014-05-29,54.4,54.68,53.55,53.46,4906886.0,28271906.0
2014-05-28,54.49,54.87,54.12,53.65,5429046.0,31356222.0
2014-05-27,53.46,54.68,54.21,53.37,7151383.0,41210040.0
2014-05-26,53.18,53.93,53.37,53.09,5170499.0,29467654.0
2014-05-23,53.27,53.37,53.18,52.62,4540942.0,25577996.0
2014-05-22,52.99,53.84,52.9,52.62,4123876.0,23450984.0
2014-05-21,52.71,53.55,52.99,52.15,4926627.0,27806608.0
2014-05-20,51.96,53.37,52.71,51.96,5304378.0,29839360.0
2014-05-19,51.68,52.15,51.58,51.3,3067465.0,16866264.0
2014-05-16,51.96,52.43,51.68,51.11,4138720.0,22754668.0
2014-05-15,54.02,54.12,51.96,51.77,6818851.0,38216468.0
2014-05-14,54.21,54.49,54.02,53.84,3254983.0,18732762.0
2014-05-13,54.68,54.87,54.21,53.65,4772784.0,27510678.0
2014-05-12,53.84,54.59,54.49,53.18,6740872.0,38814684.0
2014-05-09,52.15,53.65,53.37,51.96,8017281.0,45043348.0
2014-05-08,51.96,53.46,52.15,51.96,5660568.0,31824200.0
2014-05-07,54.21,54.31,52.8,52.8,6147964.0,34899984.0
2014-05-06,53.74,54.87,54.4,53.74,3856283.0,22349818.0
2014-05-05,55.15,55.15,54.21,53.09,6333381.0,36220896.0
2014-04-30,54.87,55.25,55.06,54.12,3794292.0,22094412.0
2014-04-29,56.09,56.37,54.59,53.18,8572855.0,49850828.0
2014-04-28,57.5,58.06,56.0,55.9,5211436.0,31376598.0
2014-04-25,57.97,58.72,57.78,57.5,3858596.0,23826688.0
2014-04-24,57.59,58.35,57.59,57.41,2966305.0,18287746.0
2014-04-23,58.82,58.82,57.59,57.22,5135839.0,31551078.0
2014-04-22,60.23,60.51,58.72,57.12,11260362.0,69911776.0
2014-04-21,60.88,61.26,60.04,59.94,5111855.0,32937220.0
2014-04-18,60.79,61.35,61.26,60.6,2844968.0,18486936.0
2014-04-17,61.26,61.54,60.88,60.41,4796105.0,31096276.0
2014-04-16,61.26,61.92,60.98,60.41,5078819.0,32965152.0
2014-04-15,62.76,63.05,61.45,61.07,5175052.0,34113372.0
2014-04-14,63.42,63.42,62.76,62.48,4263427.0,28491866.0
2014-04-11,62.86,63.33,63.33,61.73,6088088.0,40775232.0
2014-04-10,62.86,63.61,63.05,62.58,7247290.0,48759932.0
2014-04-09,62.01,63.05,62.67,61.82,6690898.0,44420888.0
2014-04-08,61.35,62.29,62.1,60.98,6508411.0,42863580.0
2014-04-04,60.32,61.82,61.63,60.32,4865776.0,31780628.0
2014-04-03,60.32,61.45,60.23,60.13,3614609.0,23340726.0
2014-04-02,61.54,62.01,60.32,60.13,5379740.0,35028504.0
2014-04-01,61.54,61.92,61.54,60.32,7026535.0,45695636.0
2014-03-31,59.85,60.32,59.66,59.1,3909253.0,24822968.0
2014-03-28,62.39,63.23,59.66,58.72,14843451.0,95401848.0
2014-03-27,63.61,64.36,62.48,62.39,11130538.0,74476848.0
2014-03-26,64.17,64.92,63.89,63.7,6161271.0,42039732.0
2014-03-25,64.74,65.77,64.17,63.89,9314116.0,64104796.0
2014-03-24,66.24,66.24,65.11,64.83,10689698.0,74433248.0
2014-03-21,66.05,66.43,65.67,62.95,15264169.0,105121976.0
2014-03-20,66.61,66.99,64.17,64.17,9250154.0,65016488.0
2014-03-19,65.39,66.71,66.33,65.11,9750135.0,68620872.0
2014-03-18,65.77,66.43,65.39,65.11,10967113.0,76637024.0
2014-03-17,65.39,66.14,65.58,64.92,8847647.0,61484572.0
2014-03-14,66.33,66.33,65.3,64.64,5564309.0,38579844.0
2014-03-13,66.24,67.74,66.14,65.86,9596858.0,68126928.0
2014-03-12,65.96,66.24,66.05,64.27,7208572.0,50140812.0
2014-03-11,65.2,65.96,65.96,64.08,8142593.0,56302020.0
2014-03-10,66.61,68.31,65.11,64.64,14147244.0,100140752.0
2014-03-07,68.59,68.78,66.33,66.14,13140428.0,93724192.0
2014-03-06,69.53,70.09,68.31,67.46,9818322.0,71474656.0
2014-03-05,69.43,72.16,69.43,69.25,17963838.0,134562224.0
2014-03-04,68.96,70.47,69.43,68.59,14073264.0,103959504.0
2014-03-03,66.05,69.53,69.53,66.05,22091780.0,159861536.0
2014-02-28,66.33,66.61,66.05,63.89,12967369.0,89576736.0
2014-02-27,66.52,69.15,66.52,65.3,16984132.0,121564672.0
2014-02-26,66.8,67.55,66.43,63.89,18863076.0,132254944.0
2014-02-25,69.34,71.88,67.55,65.77,29232980.0,215991744.0
2014-02-24,66.71,69.06,68.31,66.43,19392568.0,140523440.0
2014-02-21,67.18,70.0,66.99,66.8,21440400.0,155561408.0
2014-02-20,67.65,70.19,67.18,66.43,21325428.0,154677024.0
2014-02-19,67.18,69.9,68.21,66.99,19510828.0,142048928.0
2014-02-18,63.42,69.72,67.65,63.42,39050704.0,279107744.0
2014-02-17,63.14,63.8,63.42,62.2,16515475.0,110646776.0
2014-02-14,63.05,64.36,63.33,62.67,18352864.0,124153352.0
2014-02-13,61.92,63.98,63.14,61.92,39680956.0,266893728.0
2014-02-12,60.13,62.29,61.92,59.76,22955816.0,149851296.0
2014-02-11,59.19,60.98,60.04,59.0,13218447.0,84593224.0
2014-02-10,58.72,60.04,59.85,58.72,14360216.0,90809936.0
2014-02-07,56.66,58.82,58.72,56.56,7133646.0,44194744.0
2014-01-30,57.78,58.16,56.94,56.66,6659798.0,40576712.0
2014-01-29,57.41,58.53,57.69,57.41,5671954.0,35049628.0
2014-01-28,57.69,58.16,57.5,57.41,5501542.0,33849108.0
2014-01-27,58.53,58.91,57.59,57.59,9566913.0,59199956.0
2014-01-24,59.76,60.13,59.0,58.82,9821852.0,62220768.0
2014-01-23,59.66,60.51,59.76,59.29,10736167.0,68375032.0
2014-01-22,58.06,60.13,59.85,58.06,13586758.0,85862920.0
2014-01-21,57.97,58.91,57.97,57.5,5626087.0,34857188.0
2014-01-20,59.66,59.66,58.06,57.69,5977196.0,37073312.0
2014-01-17,58.63,59.47,58.72,57.88,8362209.0,52183872.0
2014-01-16,56.94,59.1,58.53,56.84,12796200.0,79450688.0
2014-01-15,56.56,58.06,56.94,56.47,7354264.0,44877284.0
2014-01-14,55.53,56.75,56.75,55.43,6047869.0,36194264.0
2014-01-13,55.62,55.81,55.62,55.06,6097876.0,35947336.0
2014-01-10,57.31,57.78,55.25,54.68,14258647.0,84970408.0
2014-01-09,59.76,60.32,57.59,57.5,8078074.0,50688504.0
2014-01-08,59.66,61.16,59.57,58.25,12757201.0,81131744.0
2014-01-07,57.5,60.23,59.0,57.12,14455159.0,90469504.0
2014-01-06,59.94,59.94,57.59,57.5,16356258.0,102137856.0
2014-01-03,58.63,60.32,60.13,57.97,17438536.0,109584248.0
2014-01-02,57.88,59.19,58.82,57.88,11338514.0,70706856.0
2013-12-31,58.16,60.04,57.97,56.37,22483520.0,140586448.0
2013-12-30,56.47,61.35,58.72,55.9,40047052.0,251718096.0
2013-12-27,54.49,56.28,55.9,54.12,18357260.0,108639856.0
2013-12-26,54.96,54.96,54.12,53.84,5712761.0,33009048.0
2013-12-25,54.49,55.43,54.96,53.46,11187887.0,65047700.0
2013-12-24,52.62,54.96,53.46,52.52,8038513.0,45921228.0
2013-12-23,53.09,53.65,52.43,52.15,4069578.0,22898340.0
2013-12-20,52.43,53.84,52.8,52.43,6917304.0,39192896.0
2013-12-19,53.18,53.93,52.52,52.33,4249839.0,24030962.0
2013-12-18,53.09,53.74,52.99,52.8,3651989.0,20692220.0
2013-12-17,53.93,53.93,52.99,52.9,5219707.0,29556444.0
2013-12-16,55.43,55.72,53.74,53.74,8005221.0,46403408.0
2013-12-13,54.21,56.19,55.53,54.12,10568561.0,62344168.0
2013-12-12,54.21,55.15,54.49,53.55,6475882.0,37630040.0
2013-12-11,54.96,55.25,54.31,53.93,7327611.0,42410096.0
2013-12-10,55.43,56.0,54.96,54.68,6461395.0,37936876.0
2013-12-09,55.06,56.0,55.15,54.78,7286963.0,42908252.0
2013-12-06,54.21,55.9,54.87,53.65,8684857.0,50538556.0
2013-12-05,53.93,54.68,54.21,53.55,6659493.0,38550816.0
2013-12-04,53.18,54.4,53.93,52.62,9611463.0,55187296.0
2013-12-03,51.86,53.46,53.09,51.77,7674425.0,43083548.0
2013-12-02,54.21,54.96,51.77,50.92,14301911.0,80536824.0
2013-11-29,56.28,56.66,55.34,54.96,13901714.0,82235000.0
2013-11-28,55.34,56.47,55.53,55.15,11010070.0,65543132.0
2013-11-27,54.96,55.53,55.06,54.02,7742723.0,45242972.0
2013-11-26,56.37,56.66,54.68,54.59,7182241.0,42375200.0
2013-11-25,55.81,56.75,55.25,54.59,10861134.0,64503856.0
2013-11-22,57.5,57.97,56.28,55.43,22546344.0,135464000.0
2013-11-21,52.9,58.06,56.37,52.15,21375540.0,125690288.0
2013-11-20,51.86,53.46,53.18,51.77,8822300.0,49298472.0
2013-11-19,52.24,52.62,51.86,51.49,7469720.0,41319680.0
2013-11-18,51.49,52.33,52.24,50.92,6852674.0,37827572.0
2013-11-15,49.8,52.15,50.92,49.8,5983524.0,32570266.0
2013-11-14,50.27,50.64,49.98,49.14,6496934.0,34463616.0
2013-11-13,53.18,53.18,50.45,50.27,9128060.0,49928928.0
2013-11-12,52.33,53.27,52.9,52.24,4688929.0,26341098.0
2013-11-11,52.62,52.99,52.43,51.77,4228715.0,23560060.0
2013-11-08,53.37,53.74,52.62,52.62,4827940.0,27275282.0
2013-11-07,54.49,54.59,53.09,52.8,7986141.0,45399708.0
2013-11-06,54.31,56.0,54.59,54.12,9756334.0,57234760.0
2013-11-05,54.4,54.68,54.68,53.55,6358408.0,36773472.0
2013-11-04,53.09,54.59,54.12,53.09,4945476.0,28474384.0
2013-11-01,53.84,54.02,53.18,52.52,4175711.0,23739288.0
2013-10-31,54.21,54.59,53.18,53.09,5823788.0,33283682.0
2013-10-30,52.8,54.96,54.4,52.24,10373029.0,59850892.0
2013-10-29,55.43,56.0,52.43,50.74,14224916.0,80976448.0
2013-10-28,56.19,56.75,54.96,54.31,8293117.0,48617024.0
2013-10-25,57.78,58.25,56.19,55.62,13363398.0,80666504.0
2013-10-24,58.06,58.72,57.59,57.03,13799787.0,84721704.0
2013-10-23,56.84,59.38,58.82,54.96,30868488.0,189094432.0
2013-10-22,56.75,59.57,57.22,56.19,23690784.0,146035584.0
2013-10-21,55.62,57.88,56.66,54.87,20449600.0,122821488.0
2013-10-18,54.12,54.87,54.4,53.84,8411786.0,48631952.0
2013-10-17,53.74,55.81,54.68,53.74,15806149.0,92699720.0
2013-10-16,55.62,55.62,53.55,53.09,13391481.0,77039760.0
2013-10-15,55.53,55.81,55.25,54.21,13409357.0,78447464.0
2013-10-14,53.55,54.96,54.96,53.37,12693672.0,73532240.0
2013-10-11,53.37,54.96,53.74,53.18,11935809.0,68716784.0
2013-10-10,53.84,54.31,53.27,52.8,10237534.0,58123840.0
2013-10-09,52.71,55.15,53.84,52.24,17204544.0,99112304.0
2013-10-08,51.11,53.27,52.71,50.64,12886371.0,71612504.0
2013-09-30,50.55,50.92,50.64,50.27,3779491.0,20335244.0
2013-09-27,51.39,51.96,50.45,50.17,8301789.0,44858488.0
2013-09-26,49.8,51.11,51.11,49.8,17252130.0,92940696.0
2013-09-25,50.83,51.21,50.17,50.08,6847298.0,36891648.0
2013-09-24,51.21,51.39,50.45,49.89,6140684.0,33060592.0
2013-09-23,50.17,51.11,51.02,50.08,5936956.0,32099800.0
2013-09-18,49.89,50.55,50.17,49.52,6043550.0,32189650.0
2013-09-17,51.86,52.24,50.08,50.08,10130853.0,55168384.0
2013-09-16,52.15,52.71,52.15,50.74,13263453.0,72546616.0
2013-09-13,53.09,54.31,52.15,51.86,13748940.0,77275240.0
2013-09-12,51.21,52.99,52.9,50.92,20427156.0,113283160.0
2013-09-11,51.86,52.15,51.39,50.74,17258060.0,94293152.0
2013-09-10,49.89,51.96,51.39,49.8,17654472.0,95712928.0
2013-09-09,49.14,50.64,49.89,49.14,18217984.0,96939112.0
2013-09-06,49.33,49.7,49.33,48.58,11142849.0,58131976.0
2013-09-05,48.86,50.08,49.33,48.67,11372609.0,59707684.0
2013-09-04,50.45,50.55,49.05,48.95,17684576.0,93182136.0
2013-09-03,48.11,50.64,49.61,47.92,29574408.0,155836864.0
2013-09-02,47.17,47.92,47.82,46.88,11687974.0,59034724.0
2013-08-30,46.98,47.82,47.26,46.7,10337468.0,52065788.0
2013-08-29,47.64,47.92,47.07,46.79,11053715.0,55533540.0
2013-08-28,46.98,48.95,47.64,46.6,18599232.0,94990184.0
2013-08-27,47.07,47.54,47.17,46.79,8055754.0,40425340.0
2013-08-26,46.04,47.26,47.17,45.85,7201396.0,35622348.0
2013-08-23,46.88,47.26,46.04,45.57,7597319.0,37474200.0
2013-08-22,46.98,47.26,46.7,46.7,4826636.0,24109822.0
2013-08-21,46.51,47.26,46.98,46.32,5154004.0,25736232.0
2013-08-20,47.54,47.54,46.88,46.51,8721190.0,43613648.0
2013-08-19,46.79,47.54,47.35,46.32,7866012.0,39342984.0
2013-08-16,47.64,48.67,47.07,46.88,10055560.0,50898892.0
2013-08-15,48.01,48.48,47.54,47.45,6290660.0,32057226.0
2013-08-14,48.86,48.95,47.92,47.73,10215182.0,52565444.0
2013-08-13,48.29,49.8,48.76,48.2,16764142.0,87592432.0
2013-08-12,47.73,48.58,48.29,47.73,14508717.0,74404520.0
2013-08-09,46.6,46.88,46.7,46.04,4991346.0,24721508.0
2013-08-08,46.7,47.17,46.41,46.32,5968840.0,29596166.0
2013-08-07,47.26,47.54,46.88,46.7,8727287.0,43748740.0
2013-08-06,46.32,47.64,47.26,46.04,9616462.0,47995596.0
2013-08-05,45.85,46.7,46.32,45.57,6532813.0,32215638.0
2013-08-02,46.79,46.79,45.85,45.76,7913762.0,38889392.0
2013-08-01,45.19,46.51,46.23,45.1,7337100.0,35936432.0
2013-07-31,44.82,46.13,45.1,44.82,6192396.0,29988328.0
2013-07-30,45.19,46.04,44.63,43.41,6392766.0,30507504.0
2013-07-29,46.88,46.98,45.57,45.57,6316053.0,31055246.0
2013-07-26,46.04,47.92,47.17,46.04,7785644.0,38998472.0
2013-07-25,48.01,48.2,46.7,46.7,10701721.0,53828880.0
2013-07-24,47.92,48.67,48.2,46.7,22065588.0,112132040.0
2013-07-23,45.1,49.61,48.95,44.35,32624482.0,166947616.0
2013-07-22,43.22,45.38,45.1,42.56,13283949.0,62389888.0
2013-07-19,43.97,44.35,42.94,42.84,9265538.0,42924468.0
2013-07-18,44.63,45.01,43.78,43.78,7680084.0,36108076.0
2013-07-17,45.48,45.95,45.01,44.82,6696206.0,32327476.0
2013-07-16,45.48,45.85,45.85,43.97,9652998.0,46201228.0
2013-07-15,45.19,46.04,45.38,45.19,7212037.0,34969364.0
2013-07-12,45.95,46.32,45.01,44.91,9405884.0,45718228.0
2013-07-11,44.35,46.41,45.95,43.88,12608908.0,60868916.0
2013-07-10,43.22,44.63,44.25,42.75,9816872.0,45436196.0
2013-07-09,44.16,44.63,43.31,43.03,6015553.0,27890236.0
2013-07-08,45.66,45.66,44.16,44.06,5407991.0,25653834.0
2013-07-05,47.07,47.45,46.32,46.04,8884946.0,44049260.0
2013-07-04,45.57,47.54,47.45,43.69,12828480.0,61994360.0
2013-07-03,47.07,47.07,45.85,45.19,5645973.0,27626554.0
2013-07-02,46.7,47.26,47.26,46.6,4422276.0,22106388.0
2013-07-01,45.95,47.17,46.88,45.95,4064514.0,20182658.0
2013-06-28,45.76,47.35,45.95,45.19,5647544.0,27762478.0
2013-06-27,47.92,48.86,46.13,46.04,8122097.0,41188660.0
2013-06-26,47.54,48.58,47.82,47.17,4921754.0,24978984.0
2013-06-25,49.33,49.42,48.01,44.72,12278490.0,61260588.0
2013-06-24,54.21,54.21,49.7,48.95,8821861.0,48359332.0
2013-06-21,54.78,54.87,54.4,53.09,5248165.0,30231060.0
2013-06-20,55.81,56.84,55.25,55.06,6014790.0,35840020.0
2013-06-19,56.37,56.94,55.81,55.15,4891603.0,28951980.0
2013-06-18,56.75,57.22,56.66,56.0,4613497.0,27706086.0
2013-06-17,57.41,58.63,56.94,56.66,8205283.0,50192748.0
2013-06-14,55.62,56.28,55.81,55.53,5691578.0,33869832.0
2013-06-13,57.03,57.03,55.25,54.12,8001377.0,47116468.0
2013-06-07,59.0,59.38,57.5,57.31,9531507.0,58934736.0
2013-06-06,59.76,60.32,59.29,59.19,7170808.0,45450900.0
2013-06-05,60.04,61.07,60.13,59.29,7545093.0,48142556.0
2013-06-04,61.63,61.63,60.23,59.76,12077076.0,77565000.0
2013-06-03,62.86,63.51,61.73,61.45,12259096.0,81283456.0
2013-05-31,62.86,64.17,63.14,62.58,17208650.0,116089960.0
2013-05-30,61.63,63.42,62.58,61.45,13763149.0,91558120.0
2013-05-29,63.04,64.36,62.1,62.01,29767416.0,200596624.0
2013-05-28,60.41,61.54,61.54,59.94,11570649.0,74794360.0
2013-05-27,59.76,60.98,60.51,59.66,9789333.0,63085464.0
2013-05-24,59.57,60.23,59.85,59.38,8302921.0,52804900.0
2013-05-23,61.35,61.54,59.94,59.76,15403909.0,99322416.0
2013-05-22,60.51,61.07,61.07,59.57,15933910.0,102278848.0
2013-05-21,59.57,60.51,60.32,59.0,15253594.0,97427120.0
2013-05-20,59.47,59.85,59.38,58.72,13952455.0,88156944.0
2013-05-17,58.44,59.19,59.1,58.25,10967166.0,68737184.0
2013-05-16,57.69,58.53,58.44,57.22,7552781.0,46565444.0
2013-05-15,58.06,58.16,57.69,57.41,5044107.0,31021940.0
2013-05-14,58.44,58.44,57.69,57.31,6330751.0,38938756.0
2013-05-13,59.29,59.29,58.35,58.06,6605913.0,41130832.0
2013-05-10,57.88,59.47,59.29,57.59,10280818.0,64227260.0
2013-05-09,58.53,59.1,58.25,57.97,8022361.0,49899908.0
2013-05-08,58.72,59.47,58.63,58.25,9784432.0,61307580.0
2013-05-07,57.31,58.72,58.72,57.22,8059018.0,49898200.0
2013-05-06,56.75,57.59,57.41,56.75,6390704.0,38972012.0
2013-05-03,56.28,57.31,56.75,56.28,4887071.0,29620674.0
2013-05-02,56.66,56.75,55.9,55.62,5606447.0,33442044.0
2013-04-26,57.12,58.16,56.66,56.56,4298438.0,26143328.0
2013-04-25,58.25,58.53,56.84,56.75,6511198.0,39971932.0
2013-04-24,57.59,58.82,58.53,57.31,6126884.0,37856816.0
2013-04-23,59.38,59.66,57.5,57.22,6295574.0,38785248.0
2013-04-22,59.1,59.47,59.38,58.35,5641918.0,35437584.0
2013-04-19,58.25,59.47,59.38,58.25,7733680.0,48555760.0
2013-04-18,58.06,58.72,58.25,56.66,4201082.0,25929628.0
2013-04-17,58.06,58.82,58.06,57.59,3987975.0,24693290.0
2013-04-16,56.84,58.25,57.78,56.09,4478337.0,27239850.0
2013-04-15,58.25,58.35,57.12,57.03,5285779.0,32367194.0
2013-04-12,59.47,59.94,58.44,58.25,4738451.0,29708992.0
2013-04-11,60.04,60.41,59.47,59.38,4661666.0,29758872.0
2013-04-10,60.23,60.23,60.04,59.19,4587555.0,29152956.0
2013-04-09,59.19,60.51,59.85,59.19,5751688.0,36692056.0
2013-04-08,58.72,59.19,59.1,57.41,6898054.0,42756576.0
2013-04-03,59.76,60.32,59.38,59.0,4850775.0,30779932.0
2013-04-02,60.51,61.07,59.76,59.47,7452800.0,47831148.0
2013-04-01,59.94,60.79,60.32,59.94,6692785.0,43044460.0
2013-03-29,61.16,61.92,60.13,59.94,9230999.0,59588924.0
2013-03-28,63.51,63.51,61.35,61.35,12267482.0,80860376.0
2013-03-27,63.8,64.74,63.8,63.42,7023672.0,47904300.0
2013-03-26,65.21,65.39,63.89,63.7,10074316.0,68783920.0
2013-03-25,66.05,66.33,65.39,65.02,8224191.0,57371020.0
2013-03-22,66.05,66.33,65.96,65.3,10188177.0,71347528.0
2013-03-21,65.77,67.46,66.61,64.92,16098433.0,113718864.0
2013-03-20,63.98,65.67,65.49,63.33,12761669.0,88111200.0
2013-03-19,63.42,64.36,63.8,62.39,9605560.0,64780424.0
2013-03-18,63.33,64.74,63.8,62.76,10514975.0,71398280.0
2013-03-15,63.33,64.74,63.14,62.58,10926514.0,73976968.0
2013-03-14,63.8,64.64,63.51,62.67,11138302.0,75378800.0
2013-03-13,65.02,65.58,63.8,63.04,12815039.0,87291904.0
2013-03-12,68.59,68.96,65.67,64.27,23493492.0,165639984.0
2013-03-11,68.31,69.15,68.4,67.18,9665360.0,70323912.0
2013-03-08,68.59,69.81,68.31,66.9,19024342.0,138370816.0
2013-03-07,71.03,71.03,68.59,68.21,29114964.0,214995648.0
2013-03-06,71.41,74.69,71.31,70.47,47198752.0,365088128.0
2013-03-05,70.28,71.78,71.22,68.49,36139440.0,270004384.0
2013-03-04,68.87,72.35,70.47,68.31,63506708.0,475791456.0
2013-03-01,66.05,71.69,69.53,66.05,55220668.0,402722464.0
2013-02-28,65.02,66.05,65.67,64.45,14670425.0,102224584.0
2013-02-27,65.96,66.71,64.92,64.17,15223683.0,105623744.0
2013-02-26,67.46,67.65,65.96,65.96,22057184.0,156453136.0
2013-02-25,65.2,68.21,67.46,65.2,32199972.0,229604800.0
2013-02-22,65.77,66.8,65.02,64.83,17810452.0,124383056.0
2013-02-21,65.11,67.18,66.24,64.17,33143312.0,231657664.0
2013-02-20,62.67,65.3,65.21,62.67,22445032.0,154047024.0
2013-02-19,64.74,64.92,62.58,62.58,13936397.0,94219248.0
2013-02-18,63.61,64.55,64.45,63.42,17597764.0,120166080.0
2013-02-08,63.51,63.51,63.23,62.58,13202625.0,88718472.0
2013-02-07,62.58,63.98,63.42,62.58,14564198.0,98126256.0
2013-02-06,62.76,62.95,62.39,62.2,11690120.0,77804584.0
2013-02-05,62.01,63.23,62.67,61.63,8839219.0,58897732.0
2013-02-04,63.7,64.08,62.48,61.54,14970673.0,99858496.0
2013-02-01,63.23,64.36,63.51,63.05,10806320.0,73191664.0
2013-01-31,64.83,64.83,63.7,62.58,15067801.0,101863416.0
2013-01-30,64.83,65.58,64.55,63.98,11318713.0,77936320.0
2013-01-29,64.08,64.92,64.55,63.8,11537371.0,79118568.0
2013-01-28,62.58,64.27,63.89,62.58,13302891.0,89840856.0
2013-01-25,63.7,64.08,62.86,62.1,11012963.0,73837000.0
2013-01-24,66.24,66.52,63.8,63.42,19515812.0,134938944.0
2013-01-23,65.96,66.61,66.43,64.74,12489518.0,87300536.0
2013-01-22,69.34,69.34,65.96,65.11,30610416.0,218359616.0
2013-01-21,71.59,71.88,69.43,68.59,29000254.0,215471136.0
2013-01-18,70.28,72.16,70.75,69.25,37513140.0,280655328.0
2013-01-17,66.52,71.88,70.28,65.96,52170460.0,387227520.0
2013-01-16,66.99,68.12,66.43,65.11,18192866.0,129056488.0
2013-01-15,64.83,67.37,66.71,64.64,22450772.0,158665488.0
2013-01-14,63.05,65.11,64.45,63.05,14486428.0,99000872.0
2013-01-11,65.11,65.49,62.76,62.2,14324150.0,97167920.0
2013-01-10,65.58,67.37,65.39,64.92,21279340.0,149358128.0
2013-01-09,63.42,65.21,65.02,63.14,18807818.0,128883736.0
2013-01-08,62.86,63.51,63.42,61.92,14092177.0,94308048.0
2013-01-07,62.95,63.61,62.86,62.1,11571976.0,77116184.0
2013-01-04,63.14,63.61,62.29,61.82,10754089.0,71734840.0
2012-12-31,63.14,63.42,62.76,62.01,8648798.0,57699864.0
2012-12-28,61.82,62.58,62.1,61.35,8457097.0,55865076.0
2012-12-27,63.51,63.51,62.29,61.73,14675304.0,97471168.0
2012-12-26,60.7,63.8,63.42,60.7,21489838.0,142720960.0
2012-12-25,59.57,61.26,60.6,59.0,12656643.0,81443568.0
2012-12-24,60.41,60.6,59.47,59.19,7837110.0,49843840.0
2012-12-21,60.13,60.7,60.23,59.47,13061084.0,83472256.0
2012-12-20,59.66,60.13,59.47,58.72,7393299.0,46754976.0
2012-12-19,59.94,60.41,59.76,59.19,10593681.0,67336800.0
2012-12-18,60.7,60.98,59.94,59.57,12320692.0,78757688.0
2012-12-17,60.04,61.73,60.7,59.29,12535669.0,80907136.0
2012-12-14,57.22,60.13,59.19,57.22,9598240.0,60228872.0
2012-12-13,59.47,60.41,57.22,57.12,7567684.0,47161252.0
2012-12-12,60.04,61.26,59.47,59.0,4479190.0,28500602.0
2012-12-11,60.79,62.1,60.6,59.94,5534784.0,36113060.0
2012-12-10,59.0,61.07,60.88,59.0,6444961.0,41312244.0
2012-12-07,57.78,59.29,59.29,57.41,5985853.0,37329688.0
2012-12-06,59.94,59.94,58.06,57.22,7283269.0,45225836.0
2012-12-05,57.5,60.7,60.13,56.56,6210546.0,38820076.0
2012-12-04,59.29,59.29,57.88,53.55,6238152.0,37189672.0
2012-12-03,61.07,61.17,59.29,58.82,3705474.0,23457916.0
2012-11-30,61.07,61.82,61.17,59.47,3440594.0,22091298.0
2012-11-29,62.29,63.33,61.07,60.88,2213648.0,14604234.0
2012-11-28,61.92,62.95,62.95,60.6,2708371.0,17677890.0
2012-11-27,64.08,65.58,62.2,61.26,4213160.0,28217390.0
2012-11-26,64.08,65.77,64.83,63.89,2789109.0,19312530.0
2012-11-23,66.05,66.71,64.27,63.89,6921736.0,48171668.0
2012-11-22,68.02,68.02,65.96,65.67,4013107.0,28428280.0
2012-11-21,68.21,68.21,68.12,66.71,3674012.0,26337148.0
2012-11-20,68.78,69.15,68.21,67.84,4400214.0,32065206.0
2012-11-19,66.9,69.72,68.78,65.49,6566795.0,47696900.0
2012-11-16,68.12,69.34,66.9,65.58,4757866.0,33873320.0
2012-11-15,67.74,68.02,66.71,66.52,3470959.0,24794158.0
2012-11-14,68.4,68.49,68.12,66.24,4157875.0,29882008.0
2012-11-13,69.06,69.34,68.4,67.93,6507797.0,47530696.0
2012-11-12,66.9,69.53,68.59,66.9,9412875.0,68829040.0
2012-11-09,65.39,67.08,67.08,63.98,5131797.0,36184044.0
2012-11-08,67.93,67.93,65.49,65.39,5055807.0,35711968.0
2012-11-07,69.53,70.37,68.31,68.02,3179082.0,23331278.0
2012-11-06,68.31,69.81,69.25,67.08,5723363.0,41777840.0
2012-11-05,67.18,68.4,68.21,66.99,4108467.0,29683696.0
2012-11-02,67.18,67.56,67.27,66.71,2006740.0,14335678.0
2012-11-01,65.58,67.18,66.9,65.58,3274447.0,23224254.0
2012-10-31,65.39,66.05,65.49,64.74,2124795.0,14786324.0
2012-10-30,66.9,67.46,65.39,65.11,2730410.0,19133140.0
2012-10-29,65.77,67.84,66.9,65.77,2901226.0,20643556.0
2012-10-26,66.71,67.65,66.33,65.21,4111777.0,28969176.0
2012-10-25,68.31,70.19,67.65,67.46,5330689.0,38813940.0
2012-10-24,66.52,73.47,69.06,65.86,12916223.0,97041952.0
2012-10-23,67.18,68.12,66.8,66.71,2554684.0,18283176.0
2012-10-22,67.18,67.46,67.08,66.33,2585671.0,18412128.0
2012-10-19,67.84,69.06,67.74,67.37,2832517.0,20510880.0
2012-10-18,67.56,68.4,67.74,67.46,3768703.0,27253942.0
2012-10-17,67.84,68.49,67.56,66.43,3633689.0,26125954.0
2012-10-16,67.65,68.68,68.12,67.27,6240797.0,45224432.0
2012-10-15,65.21,67.93,67.84,64.17,7608979.0,53579292.0
2012-10-12,67.27,67.37,64.83,64.45,5264106.0,36628168.0
2012-10-11,66.24,68.12,66.71,65.67,5256679.0,37421768.0
2012-10-10,65.86,67.37,66.43,65.11,3929817.0,27804348.0
2012-10-09,63.98,66.33,66.14,63.42,4999344.0,34595948.0
2012-10-08,64.27,64.64,63.52,63.14,1820765.0,12333408.0
2012-09-28,61.63,64.27,64.17,61.17,5326307.0,36013380.0
2012-09-27,61.26,62.76,62.01,59.66,6555907.0,42743860.0
2012-09-26,62.39,62.95,61.17,61.07,2127792.0,13992890.0
2012-09-25,62.86,63.14,62.86,61.63,2783775.0,18533090.0
2012-09-24,61.17,62.58,62.48,60.6,3165424.0,20771636.0
2012-09-21,62.01,62.86,61.92,61.54,2870435.0,19036142.0
2012-09-20,65.02,65.02,62.01,61.54,5239687.0,35087012.0
2012-09-19,63.89,65.3,64.92,63.7,2689263.0,18406552.0
2012-09-18,63.89,65.77,63.89,63.61,3640878.0,25083974.0
2012-09-17,66.71,67.08,64.36,64.17,4398407.0,30716540.0
2012-09-14,67.18,68.12,66.71,66.05,4076551.0,29001106.0
2012-09-13,69.06,69.06,66.05,66.05,4836453.0,34740308.0
2012-09-12,68.4,69.34,68.49,67.46,4353496.0,31637778.0
2012-09-11,68.59,69.06,68.12,67.65,4917443.0,35612368.0
2012-09-10,69.72,70.75,69.25,68.68,6311187.0,46656008.0
2012-09-07,66.71,71.59,69.9,66.71,15848996.0,117480424.0
2012-09-06,62.86,66.8,66.52,62.86,7305479.0,50483424.0
2012-09-05,61.54,62.95,62.58,61.35,2673327.0,17771578.0
2012-09-04,63.33,63.8,62.1,61.73,4773616.0,31949566.0
2012-09-03,60.41,63.33,63.23,60.41,5204565.0,34551444.0
2012-08-31,59.76,61.17,60.41,59.76,2720368.0,17538790.0
2012-08-30,62.01,63.42,59.66,59.1,7861711.0,50972016.0
2012-08-29,64.83,65.21,62.48,62.48,4230682.0,28730082.0
2012-08-28,63.42,65.02,64.74,63.42,3667273.0,25099938.0
2012-08-27,66.12,66.12,63.9,63.9,4771141.0,33446482.0
2012-08-24,68.72,69.46,66.59,66.4,9270284.0,67645320.0
2012-08-23,69.37,70.85,69.64,68.53,13006060.0,97679384.0
2012-08-22,67.14,72.98,70.39,65.01,27317980.0,201734704.0
2012-08-16,63.9,70.02,69.09,63.53,23277304.0,170091376.0
2012-08-15,65.01,67.24,64.27,64.27,14744819.0,104889608.0
2012-08-14,60.66,66.59,65.94,58.99,13177919.0,89725808.0
2012-08-13,63.44,63.62,60.57,60.57,5739894.0,38675940.0
2012-08-10,62.7,63.72,63.53,62.14,6109387.0,41632188.0
2012-08-09,62.42,63.62,62.7,60.85,6343526.0,42677068.0
2012-08-08,62.98,63.16,62.42,62.14,4258281.0,28801832.0
2012-08-07,62.24,63.07,62.51,61.68,5264864.0,35476028.0
2012-08-06,60.2,62.33,62.24,59.73,8069831.0,53149956.0
2012-08-03,58.9,60.29,60.2,58.35,7515305.0,48353184.0
2012-08-02,60.29,61.12,58.9,58.62,4832307.0,31200596.0
2012-08-01,59.92,61.49,60.29,59.55,5520066.0,36099936.0
2012-07-31,63.9,64.37,60.01,57.88,8490464.0,55306060.0
2012-07-30,67.05,67.51,64.18,63.72,5136018.0,36287500.0
2012-07-27,67.05,67.24,67.05,66.22,3243830.0,23397092.0
2012-07-26,67.05,67.7,66.4,66.22,3497318.0,25310280.0
2012-07-25,67.61,68.07,67.05,66.68,3325877.0,24162636.0
2012-07-24,66.77,68.07,67.24,66.22,3813655.0,27713470.0
2012-07-23,68.81,69.18,66.96,66.77,5304504.0,38675992.0
2012-07-20,70.85,72.89,69.46,69.46,7020336.0,53774572.0
2012-07-19,71.13,72.14,71.4,70.57,4695479.0,36266312.0
2012-07-18,71.31,71.31,71.22,69.83,3913444.0,29823472.0
2012-07-17,70.2,71.96,71.59,69.46,2751545.0,21012548.0
2012-07-16,73.63,73.63,70.48,70.48,5946692.0,45986076.0
2012-07-13,70.48,74.0,74.0,70.48,11128131.0,87439288.0
2012-07-12,67.61,72.14,71.31,66.5,12167753.0,91263632.0
2012-07-11,66.96,67.79,67.42,66.22,5313958.0,38542048.0
2012-07-10,70.85,71.22,67.14,66.31,10986649.0,80366352.0
2012-07-09,74.09,74.09,71.22,70.76,7468064.0,57840432.0
2012-07-06,74.18,75.02,74.46,70.66,10377585.0,81451024.0
2012-07-05,75.57,76.41,74.0,73.91,5843949.0,47148376.0
2012-07-04,79.28,79.65,75.94,75.2,10531702.0,86828456.0
2012-07-03,81.68,82.24,78.63,77.79,7898515.0,68076328.0
2012-07-02,79.65,82.8,81.87,79.65,6278618.0,55392604.0
2012-06-28,81.87,82.42,78.53,76.13,8460347.0,72211968.0
2012-06-27,82.98,83.63,81.5,81.5,3524078.0,31403832.0
2012-06-26,83.81,83.81,82.89,81.41,4276366.0,38070812.0
2012-06-25,85.57,85.57,83.91,83.35,5420010.0,49582800.0
2012-06-21,88.35,88.35,85.67,85.2,6430848.0,59810156.0
2012-06-20,88.72,89.37,88.08,87.61,4878789.0,46597688.0
2012-06-19,89.83,90.39,88.72,88.63,5251105.0,50570592.0
2012-06-18,89.83,90.94,90.02,89.37,4523919.0,44007256.0
2012-06-15,89.83,90.67,89.56,88.44,6135851.0,59398564.0
2012-06-14,91.13,92.43,89.93,89.83,10447105.0,102739256.0
2012-06-13,89.09,91.32,90.94,89.09,8926079.0,87243816.0
2012-06-12,90.3,90.3,88.91,88.63,4686161.0,45110364.0
2012-06-11,87.33,90.11,89.83,87.06,6840416.0,65644488.0
2012-06-08,89.46,89.74,87.24,86.78,4370840.0,41613480.0
2012-06-07,89.56,90.58,88.35,87.7,5369297.0,51782604.0
2012-06-06,88.72,90.94,88.81,88.17,6768251.0,65571028.0
2012-06-05,87.98,90.85,88.44,86.31,9043320.0,86929488.0
2012-06-04,89.65,90.48,87.7,87.61,5900991.0,56707532.0
2012-06-01,91.13,92.43,91.13,90.02,8246328.0,80985952.0
2012-05-31,91.59,93.54,91.13,90.94,14829248.0,147765376.0
2012-05-30,89.28,92.15,91.78,88.54,26913548.0,264882880.0
2012-05-29,86.78,89.65,89.56,86.13,14011454.0,133741704.0
2012-05-28,87.52,87.52,86.96,84.74,6321355.0,58599908.0
2012-05-25,87.52,88.35,87.43,87.06,5712591.0,54117396.0
2012-05-24,87.52,88.63,87.15,86.78,4936826.0,46734616.0
2012-05-23,87.52,88.91,87.98,87.06,8045765.0,76531416.0
2012-05-22,87.06,87.89,87.52,87.06,3636642.0,34334600.0
2012-05-21,86.59,87.7,86.87,85.85,5454626.0,51213740.0
2012-05-18,87.15,87.89,87.24,84.83,7888448.0,73491392.0
2012-05-17,87.43,88.81,88.08,86.22,5360906.0,50751112.0
2012-05-16,88.91,89.65,87.43,87.43,7644373.0,72825856.0
2012-05-15,91.13,91.22,89.65,88.07,11431303.0,110352784.0
2012-05-14,91.96,93.91,92.15,91.96,17034924.0,170960544.0
2012-05-11,89.83,92.52,91.78,89.56,18518626.0,183353792.0
2012-05-10,90.02,91.04,89.93,89.83,5904349.0,57536140.0
2012-05-09,91.22,92.06,90.58,90.02,9854717.0,96762440.0
2012-05-08,90.2,92.24,91.69,90.2,13271171.0,130833440.0
2012-05-07,89.74,90.58,90.2,88.26,13301546.0,128853264.0
2012-05-04,88.81,90.95,90.02,88.81,17339192.0,168325824.0
2012-05-03,88.17,89.56,88.72,86.69,18086408.0,172749904.0
2012-05-02,88.91,89.09,88.17,87.43,10940602.0,104076408.0
2012-04-27,87.61,89.09,87.61,86.04,15958807.0,151303008.0
2012-04-26,87.98,89.37,87.98,84.56,26256536.0,246555808.0
2012-04-25,92.98,93.17,87.98,84.0,40756940.0,384240032.0
2012-04-24,95.11,95.58,93.35,92.24,11888696.0,120086912.0
2012-04-23,97.34,98.54,95.48,95.48,9143758.0,95420280.0
2012-04-20,96.69,97.43,97.24,96.32,9425623.0,98843480.0
2012-04-19,97.15,97.43,96.59,96.13,8213763.0,85703696.0
2012-04-18,95.21,97.71,97.34,94.37,15198888.0,157839952.0
2012-04-17,97.06,97.71,95.21,95.02,10063683.0,104452368.0
2012-04-16,94.47,96.32,95.11,93.82,8910984.0,91328464.0
2012-04-13,96.22,97.61,96.32,95.67,11712402.0,122298616.0
2012-04-12,94.65,96.69,96.04,94.28,11593083.0,119723976.0
2012-04-11,93.91,95.02,94.37,93.08,7293043.0,74085256.0
2012-04-10,93.54,95.39,95.02,92.43,8414262.0,84967704.0
2012-04-09,96.04,96.41,94.65,94.56,5044385.0,52044032.0
2012-04-06,96.69,97.06,95.95,95.11,6565031.0,67996520.0
2012-04-05,93.45,96.5,96.32,92.61,12880274.0,132914568.0
2012-03-30,94.0,94.28,92.89,92.52,5582047.0,56119460.0
2012-03-29,93.54,94.93,93.63,92.15,9449421.0,95666512.0
2012-03-28,97.8,97.8,93.63,93.26,10004869.0,102514920.0
2012-03-27,99.47,99.74,97.52,97.24,6659576.0,70729288.0
2012-03-26,98.26,99.65,98.72,97.52,5361485.0,57004116.0
2012-03-23,100.86,100.86,98.08,97.71,9118136.0,97704528.0
2012-03-22,102.52,102.71,101.04,100.3,7610313.0,83131816.0
2012-03-21,102.98,103.82,102.43,100.02,9769757.0,107504168.0
2012-03-20,104.47,105.39,101.87,101.87,15787935.0,176697408.0
2012-03-19,101.69,105.76,104.56,100.76,19453108.0,217628784.0
2012-03-16,100.58,102.15,101.87,99.09,12426384.0,135629312.0
2012-03-15,103.26,104.47,100.39,99.47,17530184.0,191555824.0
2012-03-14,109.47,110.67,103.54,102.61,31763812.0,369229216.0
2012-03-13,108.54,109.1,109.0,107.62,14508227.0,169773952.0
2012-03-12,109.0,109.56,108.26,107.43,14636120.0,171074832.0
2012-03-09,107.52,109.65,108.91,106.88,23214700.0,272090496.0
2012-03-08,106.23,109.38,107.15,106.13,27752580.0,323439680.0
2012-03-07,106.5,107.43,105.86,105.3,11074184.0,126978320.0
2012-03-06,107.71,107.71,106.88,105.58,15584108.0,178831808.0
2012-03-05,110.76,111.14,107.89,107.62,18780294.0,220843824.0
2012-03-02,107.89,110.21,110.02,107.89,18026804.0,212627072.0
2012-03-01,107.06,108.73,107.8,107.06,11309176.0,131901000.0
2012-02-29,108.54,109.19,106.97,106.5,15761957.0,183656560.0
2012-02-28,110.21,110.58,108.91,106.97,32312844.0,378710464.0
2012-02-27,114.75,114.84,112.34,110.95,34811444.0,422672288.0
2012-02-24,111.69,115.03,113.91,110.76,31729676.0,387229056.0
2012-02-23,110.21,111.69,111.04,109.19,23336952.0,278154944.0
2012-02-22,109.28,110.67,110.58,108.08,26002272.0,307250912.0
2012-02-21,107.52,110.21,109.19,106.5,27304086.0,319815488.0
2012-02-20,106.41,109.84,107.25,105.11,31573744.0,366267424.0
2012-02-17,106.6,106.6,104.84,103.82,15902788.0,180706768.0
2012-02-16,104.28,106.5,106.32,102.71,27974264.0,317245824.0
2012-02-15,102.61,104.84,104.19,102.61,19043244.0,213814000.0
2012-02-14,104.19,104.65,103.17,102.71,12415703.0,138443168.0
2012-02-13,103.63,105.86,104.65,102.43,23904690.0,269310848.0
2012-02-10,99.65,105.76,105.48,97.71,39245784.0,429040384.0
2012-02-09,101.97,102.71,100.02,99.84,21089404.0,231005408.0
2012-02-07,101.5,101.5,98.82,98.17,8168527.0,87630016.0
2012-02-06,101.41,102.8,101.87,100.3,10666875.0,116778232.0
2012-02-03,100.02,101.6,101.13,98.72,10341295.0,112126472.0
2012-02-02,98.17,100.02,100.02,98.17,6499356.0,69627744.0
2012-02-01,97.52,99.47,97.8,97.15,5882086.0,62572784.0
2012-01-31,97.24,97.71,97.52,96.22,3932736.0,41134252.0
2012-01-30,99.74,99.74,97.43,97.24,6186918.0,65717920.0
2012-01-20,97.43,99.47,99.09,96.78,8009423.0,84843432.0
2012-01-19,96.32,98.08,97.43,95.67,6506371.0,68210208.0
2012-01-18,101.32,101.5,97.06,96.13,9362967.0,99947384.0
2012-01-17,96.32,101.32,100.67,94.74,7743898.0,82191432.0
2012-01-16,100.02,100.02,95.39,95.39,8800397.0,92661848.0
2012-01-13,104.84,105.76,101.32,101.13,9875490.0,109237936.0
2012-01-12,107.06,109.1,105.58,104.65,8806508.0,101311784.0
2012-01-11,107.43,107.52,106.5,104.56,9631831.0,110175952.0
2012-01-10,104.65,108.17,107.43,103.91,12152618.0,139519568.0
2012-01-09,100.39,105.39,105.11,98.26,13512847.0,149183536.0
2012-01-06,96.78,98.91,98.91,96.13,9163458.0,96718664.0
2012-01-05,95.39,99.84,96.97,94.56,9272630.0,97827240.0
