date,open,high,close,low,volume,amount
2015-07-10,25.85,27.01,27.01,24.82,43329724.0,356241472.0
2015-07-09,21.65,24.56,24.56,21.49,54421992.0,398487552.0
2015-07-08,19.97,23.85,22.33,19.97,171102912.0,1138454784.0
2015-07-07,23.78,24.11,22.2,22.2,50734264.0,355556096.0
2015-07-06,26.82,26.92,24.66,22.04,78013752.0,587287872.0
2015-07-03,25.91,28.11,24.46,24.46,65077556.0,513432416.0
2015-07-02,30.31,30.86,27.18,27.18,58128276.0,514350752.0
2015-07-01,32.31,33.35,30.18,29.99,48506140.0,483697632.0
2015-06-30,31.25,33.19,32.93,28.11,67310128.0,636835200.0
2015-06-29,35.87,36.26,31.25,31.25,56564032.0,577332864.0
2015-06-26,37.55,37.55,34.7,34.7,47716456.0,529467712.0
2015-06-25,40.65,40.91,38.55,37.19,45996176.0,563334144.0
2015-06-24,40.42,41.39,40.55,39.62,44104524.0,555026816.0
2015-06-23,39.07,40.2,39.74,35.9,44984512.0,538932288.0
2015-06-19,42.33,42.62,38.84,38.84,49015960.0,616339264.0
2015-06-18,45.3,46.4,43.14,43.07,44105316.0,615249984.0
2015-06-17,46.05,46.14,45.56,42.49,50832760.0,702774784.0
2015-06-16,49.02,49.05,45.66,44.75,72546200.0,1052196416.0
2015-06-15,48.24,50.99,49.34,47.82,80622848.0,1233428224.0
2015-06-12,48.37,49.18,48.08,47.63,62630632.0,938023040.0
2015-06-11,46.85,48.95,48.08,46.5,79406200.0,1169635584.0
2015-06-10,45.27,48.34,47.79,44.33,77435952.0,1103745664.0
2015-06-09,44.59,46.01,45.27,44.01,54546396.0,761876864.0
2015-06-08,45.63,45.63,44.72,43.95,59710256.0,827480192.0
2015-06-05,45.82,46.3,45.69,44.2,67590480.0,951908864.0
2015-06-04,46.21,46.21,45.5,42.07,69469272.0,959268160.0
2015-06-03,47.5,48.41,46.66,45.76,64143692.0,933332096.0
2015-06-02,46.63,47.98,47.53,44.59,78280704.0,1111763584.0
2015-06-01,42.98,46.56,45.37,42.85,67674560.0,945862592.0
2015-05-29,41.36,43.27,42.59,38.39,82626192.0,1064980352.0
2015-05-28,45.44,47.21,41.6,40.31,137898080.0,1911613184.0
2015-05-27,39.47,43.31,43.31,38.86,97728992.0,1238618240.0
2015-05-26,38.83,39.41,39.38,38.18,79973768.0,966574464.0
2015-05-25,37.09,39.57,38.83,36.93,91545216.0,1085759232.0
2015-05-22,37.12,38.22,37.96,36.28,88621616.0,1021128640.0
2015-05-21,36.47,37.12,36.73,36.02,54818908.0,621895936.0
2015-05-20,36.6,37.25,36.47,35.89,68887808.0,782187648.0
2015-05-19,36.09,36.6,36.38,35.67,44125624.0,492889344.0
2015-05-18,35.93,37.09,35.6,35.6,51911504.0,585234880.0
2015-05-15,35.15,36.38,35.93,34.7,61777504.0,683215104.0
2015-05-14,34.86,35.89,34.89,34.64,39348624.0,427989952.0
2015-05-13,33.19,36.12,34.73,32.96,68573456.0,735517504.0
2015-05-12,33.6,33.7,33.22,32.7,38695992.0,398765824.0
2015-05-11,33.44,33.73,33.54,32.9,35317572.0,365488832.0
2015-05-08,32.57,33.25,33.06,32.19,29705460.0,302171456.0
2015-05-07,31.89,32.12,31.99,31.12,28757210.0,281884672.0
2015-05-06,32.73,33.09,31.73,31.25,31657616.0,318535616.0
2015-05-05,34.19,34.19,32.41,32.25,44124992.0,453526656.0
2015-05-04,34.06,34.31,34.22,33.6,32035924.0,337541984.0
2015-04-30,35.15,35.31,34.12,33.8,35057560.0,375791616.0
2015-04-29,34.18,35.31,35.12,33.99,35614356.0,384293120.0
2015-04-28,36.22,36.34,34.35,33.8,71882912.0,784153536.0
2015-04-27,37.41,38.57,36.67,36.6,65424420.0,758979520.0
2015-04-24,35.51,37.41,37.09,35.25,75640400.0,862160256.0
2015-04-23,35.83,36.34,35.99,35.15,59327212.0,659294848.0
2015-04-22,34.57,36.12,35.77,34.57,50578784.0,555167232.0
2015-04-21,33.15,34.8,34.54,33.15,36822024.0,390831872.0
2015-04-20,34.89,35.22,33.83,33.7,60116584.0,641246336.0
2015-04-17,35.41,36.22,35.31,35.18,50368324.0,554447936.0
2015-04-16,34.8,35.77,35.35,33.22,40865788.0,442265632.0
2015-04-15,36.25,37.38,35.12,34.86,51857232.0,579028672.0
2015-04-14,34.28,37.38,36.25,33.96,73685624.0,826019200.0
2015-04-13,33.86,34.48,34.25,33.86,50257904.0,532579968.0
2015-04-10,32.57,33.93,33.73,32.44,45566672.0,472437792.0
2015-04-09,33.35,33.41,32.6,32.02,45562296.0,460367904.0
2015-04-08,34.05,34.31,33.41,32.93,51980544.0,541791552.0
2015-04-07,33.86,34.64,34.19,33.86,51760388.0,548671296.0
2015-04-03,32.73,34.15,33.86,32.51,61127588.0,635692736.0
2015-04-02,32.77,33.12,32.73,32.38,52811604.0,536007680.0
2015-04-01,32.19,33.25,32.9,31.61,88589120.0,889594496.0
2015-03-31,34.44,34.89,33.22,33.12,46983220.0,493446816.0
2015-03-30,33.38,34.77,34.09,33.38,46841252.0,497898240.0
2015-03-27,33.06,33.44,33.22,32.77,33242310.0,341378304.0
2015-03-26,33.22,33.99,33.12,32.83,50172272.0,519100224.0
2015-03-25,31.83,33.44,33.15,31.73,59577240.0,607054592.0
2015-03-24,32.51,32.64,31.83,30.99,53606600.0,529561984.0
2015-03-23,31.61,32.73,32.38,31.48,51355600.0,511560768.0
2015-03-20,30.99,31.89,31.64,30.99,50695308.0,493603904.0
2015-03-19,30.89,31.15,30.96,30.64,43602308.0,417998880.0
2015-03-18,30.67,30.99,30.8,30.51,41026152.0,391390368.0
2015-03-17,29.99,30.8,30.77,29.48,58953672.0,550728640.0
2015-03-16,29.22,29.73,29.7,29.06,31647104.0,289556608.0
2015-03-13,28.96,29.35,29.02,28.8,23643854.0,213018240.0
2015-03-12,29.48,29.54,28.9,28.8,29026264.0,261786800.0
2015-03-11,30.06,30.22,29.41,29.22,29047430.0,266200304.0
2015-03-10,29.64,30.22,29.99,29.41,30765292.0,285921536.0
2015-03-09,29.35,30.41,29.67,29.09,46016208.0,426449472.0
2015-03-06,28.54,29.51,29.51,28.48,44570624.0,401589728.0
2015-03-05,28.9,29.15,28.54,28.32,28696900.0,254964384.0
2015-03-04,28.54,29.19,28.9,28.44,28353694.0,254057296.0
2015-03-03,28.99,29.48,28.61,28.41,41908036.0,377120864.0
2015-03-02,28.64,29.25,28.99,28.64,39317696.0,352802240.0
2015-02-27,27.73,28.44,28.22,27.61,31884548.0,277968576.0
2015-02-26,27.32,27.73,27.73,27.02,28067892.0,237835280.0
2015-02-25,27.67,27.77,27.35,27.28,18704076.0,159781264.0
2015-02-17,27.83,27.9,27.64,27.44,19298876.0,165195664.0
2015-02-16,27.32,27.93,27.73,27.25,19794640.0,169684336.0
2015-02-13,27.02,27.48,27.22,27.02,18076220.0,152916608.0
2015-02-12,26.86,27.22,26.96,26.83,15697023.0,131299496.0
2015-02-11,26.77,26.99,26.86,26.7,14807891.0,123109112.0
2015-02-10,26.48,26.86,26.86,26.38,15990322.0,132160696.0
2015-02-09,26.41,26.8,26.48,26.25,13781967.0,113444680.0
2015-02-06,27.19,27.44,26.35,26.22,29010316.0,240122640.0
2015-02-05,28.15,28.25,27.19,27.09,25497544.0,219208160.0
2015-02-04,28.83,28.96,27.83,27.67,25696020.0,225120384.0
2015-02-03,28.06,28.73,28.7,27.9,23868278.0,209865248.0
2015-02-02,28.06,28.22,27.9,27.61,18943992.0,164121056.0
2015-01-30,28.77,28.99,28.25,28.22,26759738.0,237206432.0
2015-01-29,28.32,28.86,28.32,28.19,29811138.0,263796464.0
2015-01-28,29.09,29.19,28.51,28.48,42935804.0,382197056.0
2015-01-27,29.67,29.7,29.38,28.73,48519584.0,439654432.0
2015-01-26,28.44,29.83,29.61,28.44,53457256.0,486141376.0
2015-01-23,28.99,29.12,28.35,28.12,51507556.0,456229536.0
2015-01-22,27.8,29.48,28.93,27.64,83403696.0,741992960.0
2015-01-21,27.67,28.28,27.93,27.35,66092716.0,571646016.0
2015-01-20,26.09,27.67,27.48,25.9,55012648.0,456593696.0
2015-01-19,26.41,27.38,25.77,25.32,52251356.0,429450688.0
2015-01-16,26.7,27.48,27.28,26.48,46943860.0,394403744.0
2015-01-15,26.57,26.7,26.67,26.09,30196360.0,247352240.0
2015-01-14,26.77,27.25,26.48,26.41,38564316.0,320042880.0
2015-01-13,25.51,26.86,26.83,25.51,48314360.0,395805632.0
2015-01-12,26.35,26.38,25.41,25.09,28937104.0,231368112.0
2015-01-09,26.06,26.77,26.19,26.06,38367460.0,314953152.0
2015-01-08,26.45,26.64,25.96,25.93,27394392.0,222504256.0
2015-01-07,26.67,26.86,26.41,26.15,27976028.0,229878064.0
2015-01-06,26.09,26.9,26.64,25.9,38748812.0,317342144.0
2015-01-05,25.41,26.48,26.25,25.38,44160188.0,357172256.0
2014-12-31,24.77,25.16,24.99,24.67,17835506.0,137661392.0
2014-12-30,25.64,25.73,24.77,24.67,27086196.0,211057680.0
2014-12-29,26.22,26.32,25.64,25.48,29263584.0,234162160.0
2014-12-26,25.67,26.38,26.15,25.51,29504592.0,238853728.0
2014-12-25,25.09,25.45,25.45,24.93,21655146.0,169521536.0
2014-12-24,24.8,25.12,24.93,24.57,24016856.0,184945792.0
2014-12-23,25.8,26.28,24.64,24.54,34444400.0,272100448.0
2014-12-22,26.61,27.35,25.9,25.64,49300704.0,406163040.0
2014-12-19,26.41,26.77,26.61,25.96,36545380.0,298888992.0
2014-12-18,26.57,26.93,26.41,26.32,31634600.0,260942896.0
2014-12-17,26.77,27.15,26.77,26.35,38078308.0,315818336.0
2014-12-16,27.25,27.51,27.22,26.54,52141684.0,437099296.0
2014-12-15,26.54,28.06,27.41,26.12,89574928.0,754478848.0
2014-12-12,25.16,26.15,26.09,25.09,62827416.0,499665888.0
2014-12-11,24.93,25.35,25.12,24.73,38331676.0,297793536.0
2014-12-10,24.22,25.16,25.06,23.86,41354812.0,316948128.0
2014-12-09,24.7,25.7,24.35,24.25,61001552.0,474610304.0
2014-12-08,24.54,24.99,24.64,24.22,41376288.0,316468384.0
2014-12-05,25.38,25.77,24.67,24.25,52693088.0,408720160.0
2014-12-04,25.28,25.45,25.35,24.99,51114408.0,400078688.0
2014-12-03,24.19,25.54,25.28,24.16,66924528.0,514679936.0
2014-12-02,24.19,24.28,24.25,23.93,29564796.0,221448480.0
2014-12-01,24.03,24.45,24.19,23.99,29961132.0,225076560.0
2014-11-28,24.09,24.45,23.96,23.8,33014988.0,246797728.0
2014-11-27,24.51,24.61,24.16,23.9,31759636.0,238725632.0
2014-11-26,24.57,24.67,24.48,24.22,27833020.0,210524800.0
2014-11-25,24.32,24.54,24.45,24.19,28936340.0,218937008.0
2014-11-24,23.74,24.35,24.16,23.74,39141748.0,290850112.0
2014-11-21,23.54,23.74,23.61,23.45,14882195.0,108851048.0
2014-11-20,23.77,23.86,23.57,23.57,12227215.0,89936784.0
2014-11-19,23.61,24.03,23.83,23.32,21827832.0,160776496.0
2014-11-18,23.54,24.09,23.61,23.54,24390952.0,179730560.0
2014-11-17,23.25,23.38,23.25,22.96,17878498.0,128697920.0
2014-11-14,23.28,23.48,23.25,22.9,17066524.0,122867440.0
2014-11-13,23.38,23.61,23.09,22.8,19912040.0,142613456.0
2014-11-12,22.93,23.41,23.38,22.8,15063272.0,107959896.0
2014-11-11,24.09,24.12,23.06,22.77,32125840.0,233228832.0
2014-11-10,23.51,23.99,23.86,23.51,23897888.0,176473104.0
2014-11-07,23.51,23.93,23.41,23.32,33691288.0,247301488.0
2014-11-06,23.38,23.51,23.51,23.03,18911764.0,136707776.0
2014-11-05,23.12,23.51,23.41,22.9,23287726.0,167520176.0
2014-11-04,23.22,23.32,23.12,22.96,17362322.0,124534304.0
2014-11-03,23.06,23.38,23.19,23.03,21284656.0,153316928.0
2014-10-31,22.83,23.03,23.03,22.74,18617992.0,132230264.0
2014-10-30,22.99,23.16,22.86,22.64,26164140.0,186097680.0
2014-10-29,22.93,23.19,23.03,22.67,23085560.0,163944320.0
2014-10-28,22.35,22.93,22.9,22.35,18924232.0,133076792.0
2014-10-27,22.03,22.25,22.16,21.9,10229630.0,70203264.0
2014-10-24,21.99,22.19,22.09,21.64,13729361.0,93625368.0
2014-10-23,22.64,22.77,21.99,21.93,18829960.0,129786344.0
2014-10-22,22.93,23.06,22.64,22.51,15491450.0,109907720.0
2014-10-21,23.41,23.45,22.9,22.83,16439322.0,117652504.0
2014-10-20,23.22,23.45,23.38,23.19,12116495.0,87650664.0
2014-10-17,23.77,24.03,23.09,22.57,27955468.0,201867120.0
2014-10-16,23.93,24.16,23.77,23.77,18725376.0,139208480.0
2014-10-15,24.06,24.22,24.06,23.77,24163002.0,179519120.0
2014-10-14,24.19,24.19,24.09,23.9,20679666.0,154107920.0
2014-10-13,24.25,24.25,24.19,23.77,18943208.0,140903712.0
2014-10-10,24.83,25.06,24.35,24.32,32590552.0,249582192.0
2014-10-09,25.25,25.41,24.8,24.48,41980756.0,323500160.0
2014-10-08,24.57,25.35,25.35,24.54,27380458.0,212501312.0
2014-09-30,24.83,24.99,24.57,24.51,22484182.0,171841008.0
2014-09-29,24.09,24.96,24.83,24.09,25513738.0,194669120.0
2014-09-26,24.16,24.19,24.06,23.9,18421628.0,137176720.0
2014-09-25,24.22,24.54,24.19,24.09,22258436.0,167886928.0
2014-09-24,23.8,24.22,24.19,23.67,28059308.0,208682000.0
2014-09-23,23.77,23.96,23.86,23.54,19793392.0,146291008.0
2014-09-22,24.67,24.67,23.77,23.57,28143248.0,208140640.0
2014-09-19,25.09,25.28,24.7,24.7,20392520.0,157928240.0
2014-09-18,25.19,25.28,25.06,24.9,9997327.0,77665568.0
2014-09-17,24.7,25.32,25.25,24.57,19271662.0,149133696.0
2014-09-16,25.73,25.99,24.57,24.54,32813662.0,257209104.0
2014-09-15,26.15,26.19,25.8,25.64,27908532.0,223287760.0
2014-09-12,26.25,26.38,26.28,26.06,15347729.0,124776896.0
2014-09-11,26.64,26.8,26.25,26.06,25691572.0,210731344.0
2014-09-10,26.54,27.28,26.73,26.25,25026220.0,207624208.0
2014-09-09,26.22,26.96,26.67,26.06,37018512.0,304688640.0
2014-09-05,25.48,26.19,25.99,25.28,35516468.0,284751776.0
2014-09-04,25.57,25.61,25.25,25.22,22455212.0,176325568.0
2014-09-03,25.51,25.86,25.57,25.35,24142636.0,191881760.0
2014-09-02,25.41,25.96,25.61,24.77,44991792.0,352311104.0
2014-09-01,25.35,25.54,25.38,25.06,15187517.0,119318240.0
2014-08-29,25.03,25.45,25.32,24.61,18047740.0,139941328.0
2014-08-28,25.67,26.09,25.16,25.09,28479758.0,225518784.0
2014-08-27,24.64,25.67,25.09,24.48,21837200.0,169753072.0
2014-08-26,24.61,25.03,24.45,24.41,20983664.0,160626448.0
2014-08-25,24.77,25.22,24.64,24.54,18053556.0,138985024.0
2014-08-22,25.25,25.41,24.8,24.51,36383132.0,281154016.0
2014-08-21,25.38,25.86,25.64,24.9,28366724.0,223153008.0
2014-08-20,24.51,26.41,25.51,24.22,49822908.0,394465472.0
2014-08-19,24.7,24.9,24.19,23.99,25550008.0,192093808.0
2014-08-18,24.06,24.77,24.51,24.06,27009932.0,204642448.0
2014-08-15,23.57,24.28,23.86,23.57,36931640.0,274401024.0
2014-08-14,22.99,23.83,23.41,22.77,42475148.0,308121664.0
2014-08-13,22.77,23.06,22.96,22.28,19084112.0,134322144.0
2014-08-12,22.77,23.16,22.83,22.67,20110396.0,142804352.0
2014-08-11,22.06,22.8,22.7,22.06,18841492.0,132234344.0
2014-08-08,22.45,22.74,22.28,22.16,18971136.0,132013272.0
2014-08-07,22.8,22.96,22.45,22.41,23896746.0,168263296.0
2014-08-06,22.48,23.22,22.9,22.25,36231320.0,257865248.0
2014-08-05,22.57,22.74,22.51,22.22,18936640.0,131958816.0
2014-08-04,21.93,22.74,22.54,21.93,19765088.0,137638032.0
2014-08-01,22.7,22.77,21.9,21.86,28031516.0,193853296.0
2014-07-31,22.57,23.06,22.7,22.48,21945060.0,154443264.0
2014-07-30,22.51,23.03,22.48,22.28,31646712.0,221907120.0
2014-07-29,21.86,23.28,22.77,21.8,45207116.0,315334656.0
2014-07-28,21.57,22.28,21.99,21.57,41284380.0,280207136.0
2014-07-25,21.96,21.99,21.77,21.45,35240544.0,236882896.0
2014-07-24,21.48,22.57,21.96,21.35,85037744.0,579003712.0
2014-07-23,20.48,21.51,21.51,20.48,72216752.0,480308832.0
2014-07-22,19.19,19.83,19.54,19.16,13803083.0,83735424.0
2014-07-21,19.7,19.93,19.25,19.19,16069687.0,97177896.0
2014-07-18,19.8,19.96,19.77,19.64,13038692.0,80015944.0
2014-07-17,20.12,20.48,19.74,19.67,19554444.0,121436832.0
2014-07-16,20.12,20.61,20.22,20.06,27458032.0,173134304.0
2014-07-15,19.93,20.09,19.9,19.7,19102940.0,117810312.0
2014-07-14,19.96,20.25,20.09,19.54,21947904.0,135311280.0
2014-07-11,19.77,20.41,19.93,19.74,19840382.0,123483400.0
2014-07-10,19.93,20.29,19.87,19.74,14871594.0,92203504.0
2014-07-09,20.67,20.77,19.87,19.8,28606088.0,180203872.0
2014-07-08,20.38,21.09,20.74,20.09,34804328.0,223051968.0
2014-07-07,19.93,20.9,20.54,19.45,41738788.0,264791712.0
2014-07-04,20.32,20.9,19.96,19.87,39295448.0,249066944.0
2014-07-03,19.64,20.12,19.74,19.41,26889880.0,164712432.0
2014-07-02,19.93,20.12,19.57,19.41,25764588.0,156804640.0
2014-07-01,19.83,20.32,19.96,19.51,45393596.0,279642176.0
2014-06-30,18.0,19.93,19.93,17.9,59493084.0,355732032.0
2014-06-27,19.25,19.9,18.12,18.03,49997544.0,291768512.0
2014-03-27,18.76,18.98,18.57,18.41,23874908.0,140197984.0
2014-03-26,18.48,19.11,18.7,18.09,34132792.0,200358752.0
2014-03-25,18.16,19.49,18.6,18.16,54665184.0,321721728.0
2014-03-24,17.93,18.25,17.81,17.81,43502900.0,245737984.0
2014-03-21,16.59,18.19,18.19,16.5,64040360.0,359488896.0
2014-03-20,17.11,17.42,16.53,16.37,20604788.0,109989528.0
2014-03-19,16.91,17.39,17.2,16.82,20463024.0,110020488.0
2014-03-18,16.56,17.33,17.04,16.34,24270434.0,127962744.0
2014-03-17,16.4,16.88,16.56,16.31,15059261.0,78265680.0
2014-03-14,16.02,16.95,16.4,15.99,24792604.0,128541200.0
2014-03-13,15.89,16.05,15.89,15.83,8346900.0,41794716.0
2014-03-12,15.67,16.15,15.93,15.64,11628988.0,57984984.0
2014-03-11,15.64,15.77,15.67,15.61,5682035.0,27970950.0
2014-03-10,16.18,16.25,15.64,15.61,11735673.0,58568912.0
2014-03-07,16.37,16.47,16.25,16.18,5919949.0,30341852.0
2014-03-06,16.37,16.5,16.34,16.21,7288119.0,37406308.0
2014-03-05,16.53,16.72,16.4,16.4,10525896.0,54751720.0
2014-03-04,16.53,16.53,16.5,16.37,7391337.0,38168660.0
2014-03-03,16.34,16.63,16.5,16.31,6495016.0,33610980.0
2014-02-28,16.21,16.44,16.31,16.02,6023941.0,30674674.0
2014-02-27,16.34,16.47,16.25,16.25,7130447.0,36636104.0
2014-02-26,16.18,16.5,16.34,16.12,8885209.0,45494984.0
2014-02-25,16.59,16.79,16.18,16.12,13879834.0,71931736.0
2014-02-24,16.95,16.98,16.66,16.5,10590290.0,55565400.0
2014-02-21,17.26,17.33,17.11,16.91,8992686.0,48364576.0
2014-02-20,17.49,17.71,17.26,17.23,11234141.0,61537764.0
2014-02-19,17.49,17.52,17.42,17.23,7741545.0,42230432.0
2014-02-18,17.3,17.68,17.36,17.26,12543771.0,68690832.0
2014-02-17,17.3,17.45,17.36,17.2,9920881.0,53975904.0
2014-02-14,16.98,17.2,17.2,16.85,10122505.0,54161052.0
2014-02-13,17.17,17.3,16.95,16.88,9227600.0,49647244.0
2014-02-12,17.07,17.39,17.17,17.07,7884463.0,42608084.0
2014-02-11,17.17,17.26,17.14,16.98,10269158.0,55148384.0
2014-02-10,16.31,17.52,17.26,16.31,17504280.0,93057776.0
2014-02-07,16.15,16.4,16.34,16.05,5695489.0,28995198.0
2014-01-30,16.18,16.28,16.21,16.09,3751161.0,19069136.0
2014-01-29,16.25,16.31,16.25,16.18,5169137.0,26385070.0
2014-01-28,16.31,16.44,16.21,16.18,3518228.0,17960640.0
2014-01-27,16.28,16.4,16.31,16.15,6121431.0,31267370.0
2014-01-24,16.25,16.47,16.4,16.15,5834322.0,29996080.0
2014-01-23,16.31,16.37,16.28,16.21,5066124.0,25916236.0
2014-01-22,15.96,16.34,16.31,15.96,5533891.0,28224308.0
2014-01-21,15.8,16.05,16.02,15.67,4877426.0,24390604.0
2014-01-20,15.77,15.93,15.73,15.54,3617349.0,17910696.0
2014-01-17,15.96,15.99,15.8,15.77,4204736.0,20939846.0
2014-01-16,15.96,16.21,15.99,15.93,5991899.0,30178330.0
2014-01-15,16.09,16.15,15.96,15.83,3892066.0,19503022.0
2014-01-14,15.86,16.12,16.05,15.86,5010079.0,25170702.0
2014-01-13,15.73,15.93,15.83,15.67,4994098.0,24773532.0
2014-01-10,16.12,16.15,15.77,15.77,7987961.0,39897620.0
2014-01-09,16.31,16.4,16.15,16.15,6178566.0,31556942.0
2014-01-08,16.5,16.59,16.31,16.21,6518472.0,33518880.0
2014-01-07,16.31,16.66,16.53,16.21,5458091.0,28180552.0
2014-01-06,16.56,16.66,16.34,16.21,8511520.0,43834808.0
2014-01-03,17.01,17.49,16.79,16.56,14772373.0,79350432.0
2014-01-02,16.85,16.88,16.79,16.69,4634996.0,24409192.0
2013-12-31,16.75,16.95,16.88,16.66,5134052.0,27107302.0
2013-12-30,17.01,17.11,16.79,16.75,3682832.0,19515932.0
2013-12-27,16.47,16.88,16.82,16.47,5879884.0,30898736.0
2013-12-26,16.75,16.85,16.44,16.37,6666090.0,34677480.0
2013-12-25,16.69,16.79,16.75,16.63,5443949.0,28547168.0
2013-12-24,16.82,16.98,16.72,16.59,9610983.0,50699096.0
2013-12-23,16.91,17.01,16.82,16.66,5609550.0,29597284.0
2013-12-20,17.3,17.33,16.82,16.63,8043000.0,42784336.0
2013-12-19,17.36,17.45,17.23,17.17,5120858.0,27830766.0
2013-12-18,17.2,17.45,17.26,17.07,5306401.0,28761150.0
2013-12-17,17.26,17.39,17.2,17.11,7127293.0,38555696.0
2013-12-16,17.61,17.74,17.26,17.23,10316363.0,56699820.0
2013-12-13,17.52,17.74,17.55,17.39,9678767.0,53483164.0
2013-12-12,17.81,17.93,17.61,17.52,9970017.0,55287444.0
2013-12-11,17.96,18.22,17.77,17.61,15453206.0,87096024.0
2013-12-10,17.61,18.32,17.96,17.61,20971752.0,118365984.0
2013-12-09,17.65,17.77,17.58,17.58,9549817.0,52926528.0
2013-12-06,17.55,17.74,17.65,17.49,12415351.0,68765632.0
2013-12-05,17.33,17.65,17.55,17.3,11879921.0,65123332.0
2013-12-04,17.01,17.42,17.3,16.95,11080923.0,59925144.0
2013-12-03,16.72,17.04,17.04,16.56,10117525.0,53472884.0
2013-12-02,17.36,17.55,16.72,16.69,14513265.0,78132616.0
2013-11-29,17.61,17.77,17.61,17.55,8370756.0,46429612.0
2013-11-28,17.45,17.74,17.55,17.36,14127448.0,78091592.0
2013-11-27,17.39,17.52,17.39,17.23,7899877.0,43160020.0
2013-11-26,17.2,17.55,17.42,17.14,6917724.0,37723672.0
2013-11-25,17.3,17.36,17.26,17.07,6205200.0,33546366.0
2013-11-22,17.39,17.81,17.3,17.26,13194608.0,72491008.0
2013-11-21,17.26,17.49,17.39,17.14,8829117.0,48053668.0
2013-11-20,17.33,17.39,17.3,17.11,6658284.0,36011476.0
2013-11-19,17.07,17.45,17.36,16.98,12651762.0,68513912.0
2013-11-18,16.82,17.07,17.04,16.69,8485746.0,45036280.0
2013-11-15,16.4,16.88,16.66,16.34,8376535.0,43847192.0
2013-11-14,16.31,16.47,16.34,16.21,6146055.0,31528930.0
2013-11-13,16.91,16.98,16.37,16.34,7666494.0,39914684.0
2013-11-12,17.14,17.14,17.07,16.82,3742582.0,19965618.0
2013-11-11,16.85,17.11,17.04,16.72,4291744.0,22830622.0
2013-11-08,16.95,17.17,16.82,16.79,5328019.0,28393596.0
2013-11-07,17.49,17.74,17.14,17.01,10665646.0,58112952.0
2013-11-06,17.11,17.33,16.98,16.85,7546659.0,40435404.0
2013-11-05,16.72,17.45,17.04,16.72,11331001.0,61088820.0
2013-11-01,16.69,16.72,16.66,16.47,3879604.0,20231786.0
2013-10-31,16.47,16.72,16.56,16.34,6212085.0,32310556.0
2013-10-30,16.18,16.5,16.47,16.12,6837350.0,35083836.0
2013-10-29,16.66,16.91,16.18,15.86,11238733.0,57487392.0
2013-10-28,16.82,16.95,16.63,16.56,5511060.0,28948010.0
2013-10-25,17.39,17.52,16.75,16.66,9748933.0,52146036.0
2013-10-24,17.74,17.77,17.39,17.36,8024981.0,44085256.0
2013-10-23,18.19,18.25,17.71,17.49,9817108.0,55246016.0
2013-10-22,17.84,18.41,18.22,17.71,18523960.0,105056336.0
2013-10-21,17.68,17.84,17.84,17.52,8780486.0,48846548.0
2013-10-18,17.61,17.71,17.55,17.49,5632753.0,31107584.0
2013-10-17,17.52,17.81,17.58,17.49,9457927.0,52412592.0
2013-10-16,17.96,17.96,17.36,17.36,11974894.0,66393044.0
2013-10-15,17.87,18.12,17.93,17.74,12726662.0,71621944.0
2013-10-14,17.84,17.96,17.84,17.74,12131510.0,68021464.0
2013-10-11,17.74,17.9,17.81,17.65,10404321.0,58055756.0
2013-10-10,18.06,18.06,17.58,17.52,13466625.0,75024296.0
2013-10-09,18.0,18.09,18.06,17.87,8142069.0,46027808.0
2013-10-08,17.84,18.09,18.06,17.84,8368445.0,47317440.0
2013-09-30,17.74,17.87,17.81,17.68,5072726.0,28281460.0
2013-09-27,17.52,17.84,17.71,17.52,6575232.0,36547320.0
2013-09-26,17.9,17.96,17.55,17.49,10768903.0,59739024.0
2013-09-25,18.25,18.28,17.93,17.87,13385421.0,75585280.0
2013-09-24,18.67,18.95,18.19,18.16,15609985.0,90381856.0
2013-09-23,18.57,18.82,18.7,18.54,11108991.0,65078036.0
2013-09-18,18.76,18.86,18.57,18.32,13340575.0,77688408.0
2013-09-17,18.73,19.33,18.86,18.57,21852828.0,129807528.0
2013-09-16,19.53,19.91,18.86,18.7,26191596.0,158271904.0
2013-09-13,18.86,19.3,19.18,18.79,17648492.0,105498160.0
2013-09-12,18.86,19.37,18.98,18.79,14660816.0,87843664.0
2013-09-11,18.89,19.27,18.95,18.63,21775256.0,129848792.0
2013-09-10,18.48,19.43,18.95,18.41,27215988.0,162661712.0
2013-09-09,18.38,18.57,18.41,18.25,14664409.0,84971208.0
2013-09-06,18.32,18.48,18.22,18.09,13907004.0,79668760.0
2013-09-05,18.92,18.92,18.32,18.25,21529888.0,125335312.0
2013-09-04,18.19,18.95,18.86,17.81,28481772.0,164725792.0
2013-09-03,17.71,18.22,18.12,17.61,16284144.0,92095560.0
2013-09-02,17.87,18.0,17.68,17.45,12592541.0,69758712.0
2013-08-30,18.41,18.41,17.81,17.74,20860156.0,117932440.0
2013-08-29,18.0,18.32,18.19,17.84,19600102.0,111497024.0
2013-08-28,17.87,18.19,17.93,17.68,18312580.0,102960888.0
2013-08-27,17.36,18.35,18.03,17.36,26606842.0,149785744.0
2013-08-26,17.17,17.42,17.36,17.04,12557320.0,68069608.0
2013-08-23,17.42,17.52,17.17,17.01,12817367.0,69297768.0
2013-08-22,17.52,17.58,17.36,17.33,14232778.0,77813184.0
2013-08-21,17.3,17.61,17.58,17.23,17345120.0,95010480.0
2013-08-20,17.39,17.61,17.23,17.14,14631793.0,79773344.0
2013-08-19,17.2,17.58,17.42,17.14,11632547.0,63275812.0
2013-08-16,17.45,17.96,17.2,17.2,17464408.0,96363672.0
2013-08-15,18.0,18.09,17.52,17.42,16474006.0,91783496.0
2013-08-14,18.32,18.44,18.0,17.9,15445980.0,87887288.0
2013-08-13,18.28,18.41,18.19,17.9,19388070.0,110562176.0
2013-08-12,17.84,18.51,18.25,17.71,28978184.0,165837728.0
2013-08-09,17.39,18.12,17.84,17.17,26445520.0,146802544.0
2013-08-08,17.14,17.45,17.3,17.14,11789793.0,64125676.0
2013-08-07,17.65,17.68,17.26,17.23,20451452.0,111828096.0
2013-08-06,17.39,18.03,17.68,17.14,30286628.0,167723808.0
2013-08-05,17.39,17.42,17.33,17.07,22324462.0,120957552.0
2013-08-02,17.42,17.58,17.33,17.14,32708562.0,178286064.0
2013-08-01,17.45,18.16,17.74,17.23,78975272.0,437085888.0
2013-07-31,17.11,17.11,17.11,16.88,31479972.0,169020576.0
2013-07-30,15.54,15.73,15.54,15.35,10364246.0,50526740.0
2013-07-29,15.8,15.86,15.45,15.38,9213049.0,45135552.0
2013-07-26,15.83,16.12,15.93,15.73,7326119.0,36648568.0
2013-07-25,16.09,16.21,15.86,15.83,9567596.0,47984728.0
2013-07-24,16.25,16.34,16.09,15.86,11640715.0,58748832.0
2013-07-23,15.89,16.31,16.31,15.8,9804750.0,49696816.0
2013-07-22,15.61,15.89,15.83,15.48,8172896.0,40242892.0
2013-07-19,16.15,16.34,15.7,15.64,12611045.0,63203252.0
2013-07-18,16.56,16.69,16.18,15.96,11781412.0,60009376.0
2013-07-17,16.88,17.17,16.56,16.53,14042199.0,74302512.0
2013-07-16,16.75,17.04,16.88,16.53,14072644.0,74274776.0
2013-07-15,16.21,16.98,16.85,15.96,26367262.0,137203648.0
2013-07-12,17.3,17.74,17.01,16.88,22694944.0,123238808.0
2013-07-11,16.4,18.03,17.45,16.4,34398132.0,185830016.0
2013-07-10,15.8,16.47,16.47,15.7,18437760.0,93291040.0
2013-07-09,15.64,15.96,15.8,15.51,11710242.0,57964980.0
2013-07-08,16.34,16.34,15.58,15.58,16149990.0,80693584.0
2013-07-05,16.69,17.01,16.59,16.53,17777372.0,93331248.0
2013-07-04,15.99,16.63,16.53,15.86,18916044.0,97332248.0
2013-07-03,16.37,16.37,16.05,15.8,13032185.0,65513200.0
2013-07-02,16.63,16.66,16.4,16.18,17584788.0,90512760.0
2013-07-01,16.15,16.66,16.56,15.93,18325106.0,94730232.0
2013-06-28,15.83,16.34,16.18,15.51,18679572.0,93933456.0
2013-06-27,16.53,16.75,15.8,15.73,23232454.0,118951104.0
2013-06-26,16.53,16.63,16.4,16.15,19442638.0,99888696.0
2013-06-25,16.85,17.07,16.56,15.26,30546156.0,154353248.0
2013-06-24,18.7,18.73,16.95,16.91,22072376.0,120947864.0
2013-06-21,19.14,19.46,18.79,17.84,19104340.0,112536376.0
2013-06-20,20.23,20.42,19.68,18.79,10608870.0,65839384.0
2013-06-19,20.23,20.32,20.32,19.78,7092275.0,44719548.0
2013-06-18,20.45,20.61,20.29,19.78,9305209.0,58930584.0
2013-06-17,20.83,20.96,20.39,20.35,6994723.0,45297808.0
2013-06-14,20.55,20.96,20.77,20.51,7022809.0,45793964.0
2013-06-13,21.47,21.47,20.51,20.23,9110875.0,59205040.0
2013-06-07,21.82,22.04,21.6,21.56,7878226.0,53885812.0
2013-06-06,22.11,22.23,21.82,21.75,6740423.0,46591364.0
2013-06-05,22.2,22.27,22.11,21.88,7004301.0,48469796.0
2013-06-04,22.65,22.65,22.17,22.01,12830346.0,89711504.0
2013-06-03,22.81,22.97,22.68,22.46,9146063.0,65288004.0
2013-05-31,23.09,23.09,22.81,22.61,9725732.0,69888832.0
2013-05-30,23.38,23.41,23.0,22.87,10661757.0,77141936.0
2013-05-29,23.28,23.51,23.38,23.19,11277800.0,82747128.0
2013-05-28,23.28,23.38,23.32,22.97,10921862.0,79550480.0
2013-05-27,22.87,23.32,23.25,22.71,13678639.0,99210912.0
2013-05-24,22.77,22.97,22.87,22.61,10737476.0,76672040.0
2013-05-23,23.06,23.25,22.65,22.58,13320458.0,95885888.0
2013-05-22,23.38,23.6,23.09,23.03,12167927.0,89079960.0
2013-05-21,22.65,23.64,23.38,22.55,20107098.0,146600336.0
2013-05-20,22.55,22.81,22.61,22.46,11343784.0,80628496.0
2013-05-17,22.14,22.61,22.55,22.07,13031704.0,91751920.0
2013-05-16,21.75,22.17,22.07,21.5,7708464.0,52979696.0
2013-05-15,21.69,21.79,21.75,21.56,4243850.0,28880340.0
2013-05-14,22.23,22.27,21.69,21.47,7067076.0,48310852.0
2013-05-13,22.23,22.46,22.2,21.85,6988205.0,48516720.0
2013-05-10,22.14,22.52,22.23,21.82,9573618.0,66695432.0
2013-05-09,21.98,22.23,22.14,21.82,8178437.0,56654140.0
2013-05-08,21.91,22.11,22.01,21.85,7006823.0,48379900.0
2013-05-07,21.88,21.98,21.85,21.63,4187687.0,28662798.0
2013-05-06,21.63,22.07,21.95,21.34,7701027.0,52669256.0
2013-05-03,21.21,21.95,21.53,21.21,4505975.0,30577410.0
2013-05-02,21.6,21.66,21.18,21.05,5226399.0,34964136.0
2013-04-26,22.01,22.23,21.56,21.47,3750205.0,25609132.0
2013-04-25,21.95,22.33,21.82,21.66,5146828.0,35514956.0
2013-04-24,21.75,22.2,21.95,21.6,6209770.0,42657764.0
2013-04-23,22.61,22.65,21.69,21.66,9188567.0,63600276.0
2013-04-22,22.36,22.9,22.87,22.33,8020206.0,57186628.0
2013-04-19,21.85,22.55,22.39,21.85,6647742.0,46487576.0
2013-04-18,21.75,22.14,21.85,21.69,4070191.0,27975684.0
2013-04-17,21.6,21.95,21.91,21.6,4578404.0,31264214.0
2013-04-16,21.41,21.75,21.69,21.28,5237101.0,35345276.0
2013-04-15,22.17,22.17,21.63,21.56,4315231.0,29428004.0
2013-04-12,22.46,22.55,22.2,22.14,3922064.0,27477648.0
2013-04-11,22.36,22.74,22.36,22.2,8765956.0,61882728.0
2013-04-10,21.98,22.14,21.88,21.69,4539764.0,31146308.0
2013-04-09,22.07,22.11,21.98,21.85,4870912.0,33648064.0
2013-04-08,21.98,22.14,21.79,21.6,7109661.0,48727128.0
2013-04-03,22.2,22.49,22.33,22.2,4710276.0,33036840.0
2013-04-02,22.23,22.49,22.2,22.14,4822376.0,33729848.0
2013-04-01,22.11,22.39,22.23,22.04,5252202.0,36630176.0
2013-03-29,22.07,22.3,22.11,21.91,4366786.0,30327890.0
2013-03-28,22.46,22.46,22.01,21.82,7222292.0,50222000.0
2013-03-27,22.58,22.87,22.58,22.39,5708458.0,40584536.0
2013-03-26,23.35,23.35,22.61,22.42,12416215.0,88480320.0
2013-03-25,23.48,23.7,23.44,23.35,5365694.0,39608792.0
2013-03-22,23.57,23.6,23.51,23.22,7189184.0,52805232.0
2013-03-21,23.76,23.83,23.64,23.19,10331494.0,76706640.0
2013-03-20,23.01,23.67,23.67,22.98,10348733.0,77974480.0
2013-03-19,23.14,23.14,23.05,22.49,6609921.0,48667616.0
2013-03-18,23.26,23.39,22.83,22.83,5515661.0,40942356.0
2013-03-15,23.01,23.85,23.08,23.01,9866223.0,74380200.0
2013-03-14,22.64,23.14,23.14,22.64,8318316.0,61345748.0
2013-03-13,23.11,23.11,22.67,22.58,6558987.0,48152616.0
2013-03-12,23.7,24.1,23.11,22.61,14122622.0,105832552.0
2013-03-11,23.85,23.85,23.67,23.57,6609772.0,50464016.0
2013-03-08,24.44,24.5,23.88,23.82,8803704.0,68456216.0
2013-03-07,23.95,24.69,24.47,23.79,17575960.0,137418608.0
2013-03-06,23.88,24.29,24.1,23.6,11246441.0,87077320.0
2013-03-05,23.32,23.82,23.76,23.2,11043729.0,83730312.0
2013-03-04,24.22,24.25,23.29,23.05,16100624.0,123476224.0
2013-03-01,24.5,24.66,24.47,24.16,13656539.0,107486832.0
2013-02-28,23.95,24.5,24.5,23.76,12452883.0,96857312.0
2013-02-27,23.85,24.1,23.76,23.57,9497958.0,72888008.0
2013-02-26,24.32,24.81,23.7,23.57,14498840.0,113566000.0
2013-02-25,24.32,24.6,24.41,24.1,9780050.0,76626832.0
2013-02-22,24.69,25.09,24.47,24.1,14965434.0,118582624.0
2013-02-21,25.34,25.5,24.81,24.53,22777060.0,183734256.0
2013-02-20,24.57,25.62,25.53,24.57,21314296.0,173681920.0
2013-02-19,24.41,26.05,24.69,24.41,27425792.0,221343184.0
2013-02-18,24.75,24.75,23.85,23.76,12755287.0,99277120.0
2013-02-08,24.5,24.72,24.38,24.19,9888724.0,78058312.0
2013-02-07,24.44,25.0,24.47,24.35,10692586.0,84770880.0
2013-02-06,24.72,24.81,24.44,24.32,9786030.0,77307952.0
2013-02-05,24.13,25.18,24.72,24.07,17781272.0,141520704.0
2013-02-04,24.04,24.5,24.47,23.57,19716602.0,152992832.0
2013-02-01,23.85,24.35,24.07,23.66,18986224.0,147110576.0
2013-01-31,23.08,24.1,23.91,22.95,16641744.0,126051184.0
2013-01-30,23.48,23.7,23.11,22.86,11258185.0,84382184.0
2013-01-29,23.29,23.82,23.42,23.17,14893480.0,112594520.0
2013-01-28,22.89,23.48,23.45,22.46,20950676.0,155550768.0
2013-01-25,21.93,22.73,22.67,21.93,13141487.0,94607912.0
2013-01-24,22.11,22.46,21.74,21.65,11684569.0,83142056.0
2013-01-23,22.3,22.36,22.11,21.84,8428272.0,60105044.0
2013-01-22,22.58,22.86,22.3,22.11,13381835.0,97363712.0
2013-01-21,22.43,22.61,22.58,22.15,8741405.0,63193324.0
2013-01-18,22.24,22.55,22.33,22.08,7788220.0,55999748.0
2013-01-17,22.58,22.67,22.11,22.08,10860102.0,78089736.0
2013-01-16,22.64,22.98,22.55,22.27,13928361.0,101413976.0
2013-01-15,22.49,22.92,22.7,22.21,17713700.0,128768040.0
2013-01-14,21.52,22.3,22.3,21.31,15946330.0,112204280.0
2013-01-11,22.33,22.39,21.71,21.68,9980671.0,71041720.0
2013-01-10,22.46,22.95,22.24,22.15,11353288.0,82164248.0
2013-01-09,21.9,22.46,22.46,21.9,11435982.0,82087448.0
2013-01-08,21.74,22.3,22.05,21.68,10641057.0,75372216.0
2013-01-07,21.84,21.87,21.74,21.56,6559038.0,45905272.0
2013-01-04,22.24,22.36,21.77,21.71,7876285.0,55741288.0
2012-12-31,21.93,22.11,22.08,21.71,7531286.0,53251236.0
2012-12-28,21.68,22.05,21.87,21.62,5878473.0,41426592.0
2012-12-27,22.02,22.27,21.68,21.65,8751176.0,61741204.0
2012-12-26,21.37,22.24,21.96,21.34,11520049.0,81096000.0
2012-12-25,20.87,21.52,21.37,20.84,8758072.0,60109940.0
2012-12-24,21.0,21.18,20.94,20.81,4250185.0,28804036.0
2012-12-21,20.97,21.4,21.0,20.91,7063773.0,48092024.0
2012-12-20,20.97,21.06,21.0,20.66,5820896.0,39218116.0
2012-12-19,21.0,21.18,21.06,20.91,4286827.0,29106392.0
2012-12-18,21.18,21.4,20.97,20.91,6588393.0,44907760.0
2012-12-17,21.03,21.52,21.09,20.91,8046061.0,55009240.0
2012-12-14,20.07,20.97,20.94,20.04,8032909.0,53577700.0
2012-12-13,20.38,20.38,20.01,19.98,4425842.0,28721324.0
2012-12-12,20.29,20.66,20.38,20.1,3832984.0,25166654.0
2012-12-11,20.53,20.69,20.32,20.22,5109042.0,33671664.0
2012-12-10,20.16,20.72,20.56,20.01,8359868.0,55040028.0
2012-12-07,19.54,20.1,20.04,19.32,7371205.0,47192588.0
2012-12-06,19.73,19.85,19.45,19.39,3431564.0,21677016.0
2012-12-05,18.89,19.98,19.6,18.77,8013011.0,50469640.0
2012-12-04,19.11,19.17,18.95,18.36,4678701.0,28350234.0
2012-12-03,19.66,19.7,19.11,19.04,3728188.0,23316316.0
2012-11-30,19.63,19.79,19.7,19.35,4112518.0,25896644.0
2012-11-29,19.76,19.98,19.6,19.6,2483948.0,15834247.0
2012-11-28,19.88,19.98,19.76,19.7,3175831.0,20276266.0
2012-11-27,20.78,20.78,19.98,19.85,4997837.0,32597738.0
2012-11-26,21.15,21.31,20.81,20.75,2646569.0,17974690.0
2012-11-23,21.15,21.34,21.15,21.12,2154947.0,14742059.0
2012-11-22,21.03,21.4,21.12,20.94,4693777.0,32158970.0
2012-11-21,20.75,21.15,21.12,20.5,3631543.0,24421094.0
2012-11-20,20.75,21.0,20.75,20.69,3355682.0,22528522.0
2012-11-19,20.5,20.72,20.66,20.38,3805464.0,25184472.0
2012-11-16,20.84,20.87,20.5,20.32,4594158.0,30569666.0
2012-11-15,21.52,21.52,20.75,20.66,4310592.0,29415610.0
2012-11-14,21.34,21.59,21.49,21.28,3512184.0,24284522.0
2012-11-13,21.87,21.96,21.34,21.25,5793498.0,40174960.0
2012-11-12,21.87,22.05,21.99,21.84,3319295.0,23491216.0
2012-11-09,22.08,22.24,21.87,21.77,4453636.0,31630480.0
2012-11-08,22.49,22.8,22.08,22.02,6919921.0,49915280.0
2012-11-07,22.61,22.8,22.58,22.46,4824328.0,35183220.0
2012-11-06,23.7,23.73,22.61,22.27,14711033.0,107472880.0
2012-11-05,23.51,24.19,23.76,23.26,7294862.0,55839240.0
2012-11-02,23.26,23.6,23.51,23.23,4310933.0,32537160.0
2012-11-01,22.86,23.36,23.29,22.83,4503879.0,33676596.0
2012-10-31,22.73,22.95,22.86,22.52,3423008.0,25109528.0
2012-10-30,22.67,23.2,22.77,22.61,3854824.0,28381452.0
2012-10-29,22.67,22.86,22.61,22.49,3251081.0,23754308.0
2012-10-26,23.51,23.6,22.77,22.7,4677204.0,34735588.0
2012-10-25,23.82,24.04,23.48,23.48,4003887.0,30647786.0
2012-10-24,23.85,24.01,23.88,23.6,5233986.0,40265920.0
2012-10-23,24.04,24.47,23.88,23.85,5420958.0,42258660.0
2012-10-22,24.04,24.29,24.13,23.82,3595863.0,27832536.0
2012-10-19,24.5,24.63,24.1,24.04,5815605.0,45554192.0
2012-10-18,24.5,24.75,24.5,24.29,6934489.0,54856680.0
2012-10-17,24.07,24.72,24.41,23.88,9615646.0,75725992.0
2012-10-16,23.63,24.19,23.85,23.63,3873116.0,29931758.0
2012-10-15,24.35,24.38,23.95,23.79,3474787.0,26863542.0
2012-10-12,24.13,24.57,24.29,24.04,5380661.0,42188432.0
2012-10-11,24.47,24.63,24.04,23.91,7511779.0,58674300.0
2012-10-10,24.41,25.0,24.53,24.29,13559735.0,107987736.0
2012-10-09,23.51,24.72,24.44,23.39,11030782.0,85580696.0
2012-10-08,23.48,23.82,23.32,23.2,5306419.0,40268220.0
2012-09-28,22.98,23.82,23.64,22.92,7769395.0,58678240.0
2012-09-27,22.24,23.45,23.14,22.15,7354601.0,54018460.0
2012-09-26,22.64,23.01,22.21,22.18,4317267.0,31372006.0
2012-09-25,22.8,22.98,22.55,22.24,4417413.0,32150712.0
2012-09-24,22.73,23.26,22.86,22.36,5701016.0,41898884.0
2012-09-21,22.64,23.26,22.61,22.61,3187124.0,23496740.0
2012-09-20,23.57,23.57,22.7,22.58,5695293.0,42231324.0
2012-09-19,23.7,23.76,23.67,23.36,3321060.0,25247480.0
2012-09-18,23.76,24.07,23.57,23.51,4788638.0,36744516.0
2012-09-17,24.88,24.88,23.79,23.7,7470481.0,58577468.0
2012-09-14,24.29,25.12,24.94,23.91,13725583.0,108486384.0
2012-09-13,24.29,24.53,23.82,23.82,5029735.0,39308880.0
2012-09-12,24.25,24.47,24.32,23.95,5109633.0,39923420.0
2012-09-11,24.01,24.35,24.1,23.85,6001647.0,46628744.0
2012-09-10,23.76,24.38,24.13,23.73,10034741.0,77788216.0
2012-09-07,23.08,24.19,23.7,22.95,16474614.0,125914088.0
2012-09-06,22.83,23.2,22.8,22.67,4716471.0,34813524.0
2012-09-05,22.39,22.8,22.77,22.39,3971641.0,28933358.0
2012-09-04,22.58,22.83,22.49,22.43,4591255.0,33482118.0
2012-09-03,22.33,22.55,22.52,22.18,3730479.0,26966040.0
2012-08-31,22.27,22.46,22.27,22.21,2303258.0,16571678.0
2012-08-30,22.36,22.55,22.3,22.02,3574044.0,25687876.0
2012-08-29,22.7,22.77,22.36,22.33,3471326.0,25206194.0
2012-08-28,22.58,23.01,22.73,22.36,3682995.0,26936350.0
2012-08-27,23.05,23.05,22.55,22.46,4423922.0,32305098.0
2012-08-24,23.57,23.57,23.08,23.01,3531565.0,26496400.0
2012-08-23,23.64,23.67,23.64,23.39,3134468.0,23790558.0
2012-08-22,23.73,23.91,23.45,23.45,3777377.0,28757232.0
2012-08-21,23.51,23.85,23.76,23.42,4316542.0,32983818.0
2012-08-20,23.73,23.76,23.54,23.2,4252930.0,32151422.0
2012-08-17,24.1,24.19,23.88,23.57,5098566.0,39104496.0
2012-08-16,23.98,24.44,24.07,23.73,5981600.0,46547504.0
2012-08-15,24.22,24.44,23.85,23.73,5348798.0,41527380.0
2012-08-14,23.82,24.41,24.35,23.45,6735838.0,51964156.0
2012-08-13,24.35,24.35,23.82,23.76,5096614.0,39440120.0
2012-08-10,24.53,24.6,24.32,24.19,4136988.0,32510586.0
2012-08-09,24.16,24.6,24.5,23.76,5461774.0,42621360.0
2012-08-08,24.22,24.53,24.07,23.95,4481106.0,34996860.0
2012-08-07,23.82,24.29,24.25,23.73,5299480.0,41061172.0
2012-08-06,23.39,23.98,23.82,23.26,5155498.0,39330652.0
2012-08-03,23.14,23.42,23.39,22.95,3521914.0,26360184.0
2012-08-02,23.11,23.32,23.11,22.95,2678483.0,19962432.0
2012-08-01,22.64,23.45,23.14,22.49,5108984.0,38034684.0
2012-07-31,23.82,23.85,22.67,22.49,7372539.0,54972016.0
2012-07-30,24.44,24.5,23.91,23.76,4005275.0,31206038.0
2012-07-27,24.16,24.44,24.32,24.1,3206103.0,25083868.0
2012-07-26,24.25,24.5,24.1,23.98,3852895.0,30137236.0
2012-07-25,24.72,24.81,24.19,24.19,4081682.0,32222466.0
2012-07-24,24.41,25.03,24.75,24.41,5142224.0,40988908.0
2012-07-23,24.57,24.78,24.69,24.19,3946330.0,31215098.0
2012-07-20,24.91,25.25,24.75,24.63,4807885.0,38550628.0
2012-07-19,24.5,25.28,24.88,24.38,10109322.0,81329224.0
2012-07-18,23.88,24.57,24.53,23.7,5400103.0,41959216.0
2012-07-17,23.42,23.95,23.95,23.36,4567285.0,34894672.0
2012-07-16,24.19,24.29,23.42,23.42,6553267.0,50356772.0
2012-07-13,24.35,24.53,24.16,24.04,6122975.0,47795696.0
2012-07-12,23.57,24.47,24.35,23.42,10272410.0,79773880.0
2012-07-11,23.01,23.88,23.7,22.89,6157529.0,46698496.0
2012-07-10,22.89,23.26,22.89,22.27,5537271.0,40762732.0
2012-07-09,23.57,24.01,23.2,23.11,7784004.0,59459676.0
2012-07-06,23.01,23.6,23.42,22.83,5265672.0,39335564.0
2012-07-05,23.63,23.66,22.95,22.89,5649070.0,42120404.0
2012-07-04,24.1,24.29,23.73,23.67,4548080.0,35063780.0
2012-07-03,24.01,24.32,24.04,23.79,4429102.0,34423652.0
2012-07-02,23.95,24.16,23.91,23.88,4880360.0,37729104.0
2012-06-29,23.39,23.85,23.73,22.8,6521564.0,49320128.0
2012-06-28,23.91,24.16,23.51,23.51,4295190.0,33056770.0
2012-06-27,24.57,24.57,23.88,23.85,5265573.0,41156080.0
2012-06-26,24.63,24.63,24.53,23.48,7563606.0,58678276.0
2012-06-25,24.91,25.53,24.75,24.66,8877408.0,72079744.0
2012-06-21,25.4,25.43,24.81,24.72,6642854.0,53288164.0
2012-06-20,25.25,25.62,25.5,25.25,5461861.0,44755420.0
2012-06-19,25.31,25.4,25.22,25.09,4907370.0,39885784.0
2012-06-18,25.4,25.56,25.37,25.09,6005085.0,49091164.0
2012-06-15,25.4,25.56,25.15,24.84,7973723.0,64724528.0
2012-06-14,25.99,26.15,25.28,25.22,8798171.0,72959336.0
2012-06-13,25.77,26.05,25.99,25.62,6325918.0,52791644.0
2012-06-12,26.49,26.49,25.74,25.5,8494464.0,70914712.0
2012-06-08,26.61,26.7,26.24,26.15,5203251.0,44314084.0
2012-06-07,27.08,27.17,26.33,26.09,6541820.0,56134872.0
2012-06-06,26.74,26.92,26.61,26.49,4220352.0,36352968.0
2012-06-05,27.05,27.23,26.58,26.49,6197119.0,53462480.0
2012-06-04,27.45,27.76,26.77,26.74,11510085.0,101046088.0
2012-06-01,28.47,28.75,28.26,28.1,6118987.0,56181796.0
2012-05-31,28.38,28.75,28.47,28.35,5375279.0,49500156.0
2012-05-30,28.88,28.97,28.57,28.54,6092622.0,56376084.0
2012-05-29,28.04,29.03,28.94,27.88,13254901.0,122057200.0
2012-05-28,27.7,28.13,28.04,26.83,9964444.0,88016672.0
2012-05-25,28.07,28.38,27.88,27.79,5102734.0,46137404.0
2012-05-24,28.23,28.41,28.01,27.91,6520173.0,59181996.0
2012-05-23,28.69,28.75,28.32,28.1,7293079.0,66881668.0
2012-05-22,28.32,28.88,28.75,28.23,7807451.0,72103224.0
2012-05-21,28.1,28.41,28.13,27.91,5548386.0,50362260.0
2012-05-18,28.41,28.5,28.26,27.95,6619302.0,60114356.0
2012-05-17,28.01,28.81,28.66,27.91,8116267.0,74445824.0
2012-05-16,28.5,28.84,27.91,27.91,8266032.0,75623592.0
2012-05-15,29.16,29.37,28.57,28.13,12464300.0,114835344.0
2012-05-14,29.96,30.15,29.47,29.4,9596439.0,92638280.0
2012-05-11,30.21,30.33,29.75,29.68,6869355.0,66312832.0
2012-05-10,29.75,30.4,30.05,29.75,8005456.0,77586600.0
2012-05-09,30.64,30.68,29.81,29.81,12330168.0,120031912.0
2012-05-08,29.93,30.95,30.89,29.75,21093940.0,207892112.0
2012-05-07,29.68,30.09,29.84,29.34,13399835.0,128409632.0
2012-05-04,30.33,30.52,29.99,29.71,10929162.0,106217016.0
2012-05-03,30.18,30.55,30.36,29.87,13009176.0,126596384.0
2012-05-02,29.99,30.92,30.33,29.81,22041318.0,215982080.0
2012-04-27,29.68,30.05,29.47,29.43,9446348.0,90348712.0
2012-04-26,29.65,30.58,29.87,29.43,20175580.0,195994832.0
2012-04-25,29.56,29.99,29.75,29.06,22268896.0,212311280.0
2012-04-24,27.88,29.84,29.78,27.88,38237996.0,358263904.0
2012-04-23,28.78,28.84,27.39,27.39,16438415.0,149137488.0
2012-04-20,28.57,28.94,28.78,28.47,9657935.0,89480176.0
2012-04-19,28.69,29.06,28.69,28.5,11177420.0,103747416.0
2012-04-18,28.19,28.78,28.72,27.85,12581897.0,115169952.0
2012-04-17,28.48,28.72,27.77,27.52,12176472.0,111251296.0
2012-04-16,28.29,28.91,28.48,28.26,7404677.0,68878496.0
2012-04-13,28.69,29.0,28.69,28.11,15747143.0,146214160.0
2012-04-12,27.86,28.72,28.6,27.77,15089383.0,139595200.0
2012-04-11,26.94,27.89,27.83,26.64,13486341.0,120840952.0
2012-04-10,26.7,27.37,27.25,26.08,10147773.0,87981688.0
2012-04-09,27.34,27.34,26.88,26.7,9666290.0,84901488.0
2012-04-05,26.57,27.71,27.62,26.27,14479459.0,127579984.0
2012-03-30,26.42,26.88,26.39,26.14,8179018.0,70791464.0
2012-03-29,27.22,27.22,26.51,25.71,15376776.0,133399664.0
2012-03-28,29.03,29.09,27.28,26.97,18521382.0,168128976.0
2012-03-27,28.69,29.43,28.91,28.54,18908568.0,178820000.0
2012-03-26,28.29,28.88,28.51,28.05,13885244.0,128570216.0
2012-03-23,29.46,29.46,28.26,28.17,21970832.0,205363056.0
2012-03-22,30.38,30.38,29.58,29.3,15014808.0,145767664.0
2012-03-21,29.37,31.61,30.41,29.37,39776744.0,397211136.0
2012-03-20,29.8,29.83,28.75,28.63,19362436.0,184219392.0
2012-03-19,29.92,30.04,29.89,29.12,23359234.0,225031312.0
2012-03-16,29.67,30.25,30.1,29.27,22667862.0,220441904.0
2012-03-15,30.59,30.68,29.73,29.43,33377540.0,326116160.0
2012-03-14,33.35,33.91,31.08,30.72,40943552.0,433659232.0
2012-03-12,33.6,33.63,32.71,32.34,25588808.0,274353216.0
2012-03-09,32.89,33.94,33.69,32.56,29073104.0,316488096.0
2012-03-08,32.53,32.99,32.77,32.0,24765464.0,262576848.0
2012-03-07,32.19,33.38,32.19,31.94,33322216.0,354250880.0
2012-03-06,33.66,33.69,32.68,32.65,30304980.0,325871552.0
2012-03-05,34.06,34.61,33.75,33.29,29919272.0,330025280.0
2012-03-02,33.6,34.21,34.0,33.26,35287532.0,387956128.0
2012-03-01,31.97,34.46,33.72,31.94,43830864.0,476388192.0
2012-02-29,31.97,32.96,32.22,31.08,35619220.0,371312992.0
2012-02-28,32.07,33.08,32.22,31.67,35380116.0,372676416.0
2012-02-27,31.76,33.66,32.25,31.61,56432644.0,598973504.0
2012-02-24,31.27,32.07,31.76,31.05,49484712.0,509804000.0
2012-02-23,29.15,31.85,31.79,29.0,96684136.0,979720256.0
2012-02-22,27.65,29.67,28.97,27.65,49667316.0,464311584.0
2012-02-21,26.64,27.37,27.37,26.48,20302244.0,178584400.0
2012-02-20,26.88,26.97,26.54,26.45,12517894.0,108925632.0
2012-02-17,26.66,26.85,26.36,26.11,10260220.0,88344640.0
2012-02-16,26.82,26.91,26.54,26.05,19411810.0,167257328.0
2012-02-15,26.6,27.0,26.73,26.14,13965624.0,121030104.0
2012-02-14,26.08,26.85,26.51,25.81,17898300.0,153902736.0
2012-02-13,25.62,26.24,26.05,25.28,16658780.0,139889888.0
2012-02-10,25.56,26.14,25.77,25.41,12667884.0,106565920.0
2012-02-09,25.19,26.08,25.71,25.1,21328188.0,178866816.0
2012-02-08,24.3,25.56,25.25,24.18,20024318.0,162571856.0
2012-02-07,24.92,25.01,24.27,24.18,12039662.0,96047344.0
2012-02-06,24.86,25.35,25.07,24.73,15555252.0,126916920.0
2012-02-03,24.3,24.89,24.79,24.12,13467907.0,107879976.0
2012-02-02,23.87,24.33,24.33,23.78,9036692.0,70878432.0
2012-02-01,23.93,24.39,23.75,23.69,7532146.0,58937416.0
2012-01-31,24.46,24.55,24.06,23.69,10375503.0,81201800.0
2012-01-30,24.86,24.95,24.46,24.43,12100353.0,97282336.0
2012-01-20,24.7,24.89,24.79,24.43,14941037.0,120155584.0
2012-01-19,24.36,24.73,24.67,24.15,11575112.0,92441000.0
2012-01-18,24.55,25.25,24.3,24.18,17793976.0,143047152.0
2012-01-17,23.07,24.64,24.58,22.98,20500332.0,159983504.0
2012-01-16,22.95,23.54,22.95,22.71,10883018.0,82085880.0
2012-01-13,24.12,24.27,23.2,22.89,19985176.0,152925040.0
2012-01-12,24.03,24.73,24.15,23.93,16818924.0,133407176.0
2012-01-11,24.27,24.52,24.09,23.9,20043372.0,157887312.0
2012-01-10,23.32,24.49,24.33,23.23,35793504.0,277201184.0
2012-01-09,22.37,23.35,23.29,22.09,29211200.0,219084176.0
2012-01-06,21.79,22.43,22.34,21.63,8879609.0,63553468.0
2012-01-05,22.0,22.37,21.66,21.57,8512829.0,60950352.0
2012-01-04,23.26,23.26,22.18,22.16,15516997.0,115656040.0
