date,open,high,close,low,volume,amount
2015-06-29,289.55,291.79,255.08,255.08,37570896.0,669032576.0
2015-06-26,305.97,305.97,283.44,283.44,24591206.0,477916320.0
2015-06-25,338.81,339.56,314.93,307.17,24394086.0,533067488.0
2015-06-24,337.32,343.29,341.05,323.29,21502620.0,482588480.0
2015-06-23,338.36,344.48,334.33,308.96,23209466.0,505148480.0
2015-06-19,372.69,372.84,338.36,338.36,23331918.0,545908096.0
2015-06-18,400.0,402.99,375.97,373.14,20448136.0,530024576.0
2015-06-17,381.27,398.94,395.99,368.02,19573304.0,513133088.0
2015-06-16,382.01,404.24,382.6,360.81,29441700.0,761601984.0
2015-06-15,407.92,415.28,385.25,380.54,25518576.0,686699712.0
2015-06-12,418.37,426.91,407.62,406.3,29034152.0,817028928.0
2015-06-11,390.11,425.14,417.93,387.9,34800484.0,972256064.0
2015-06-10,387.16,406.3,394.52,382.75,32449930.0,876795136.0
2015-06-09,397.47,406.3,394.52,388.78,27495136.0,740824384.0
2015-06-08,393.49,406.0,401.88,375.38,36254420.0,952256064.0
2015-06-05,371.7,407.48,395.99,371.7,47142848.0,1258838656.0
2015-06-04,380.68,382.3,371.26,347.42,31109900.0,771641408.0
2015-06-03,385.69,391.58,380.68,364.34,39866088.0,1021788096.0
2015-06-02,369.94,400.12,390.11,368.91,48391784.0,1266661888.0
2015-06-01,361.4,382.3,374.06,347.71,61818556.0,1541010816.0
2015-05-29,323.12,347.56,347.56,316.21,65748188.0,1511102720.0
2015-05-28,312.08,344.18,315.91,309.88,61601344.0,1376179072.0
2015-05-27,315.32,320.03,312.82,307.82,34864500.0,739650432.0
2015-05-26,309.29,317.97,316.21,303.25,45750280.0,968234624.0
2015-05-25,297.51,311.06,309.29,292.95,51034084.0,1053686592.0
2015-05-22,323.57,323.57,301.04,295.89,50027940.0,1039965760.0
2015-05-20,301.78,311.64,295.45,294.42,39420028.0,816111104.0
2015-05-19,290.0,301.34,299.57,286.32,33789536.0,678468224.0
2015-05-18,276.75,297.36,290.0,273.81,37070452.0,727106368.0
2015-05-15,281.46,282.05,274.69,271.01,19051428.0,355984928.0
2015-05-14,287.5,287.94,281.46,280.14,20791204.0,399588544.0
2015-05-13,282.64,292.65,286.76,279.85,27662500.0,540046528.0
2015-05-12,282.64,284.85,283.67,277.49,26002404.0,496796416.0
2015-05-11,279.99,283.38,282.64,275.28,22443812.0,426680256.0
2015-05-08,270.28,277.49,277.49,267.92,21342768.0,395247104.0
2015-05-07,269.1,276.02,266.15,260.86,20044360.0,361732064.0
2015-05-06,282.05,288.53,270.13,266.6,23230544.0,443499264.0
2015-05-05,286.32,298.1,282.5,280.29,28997072.0,570468608.0
2015-05-04,285.59,289.27,286.32,279.7,18602228.0,361116896.0
2015-04-30,290.74,296.04,284.26,283.53,23842124.0,467430688.0
2015-04-29,286.32,296.33,291.48,284.41,23361128.0,463202624.0
2015-04-28,302.96,302.96,290.0,282.94,50967868.0,1011799744.0
2015-04-27,311.64,315.91,307.37,302.37,64413868.0,1350004608.0
2015-04-24,271.6,302.37,302.37,268.22,78205520.0,1554600704.0
2015-04-23,272.04,276.75,274.84,269.39,38924428.0,722739392.0
2015-04-22,263.65,272.34,271.75,263.65,38735952.0,710564352.0
2015-04-21,253.5,262.92,261.89,253.5,29286112.0,516043360.0
2015-04-20,263.36,263.51,252.91,250.26,43594200.0,761532352.0
2015-04-17,263.95,267.92,263.8,260.56,33817500.0,606037632.0
2015-04-16,260.56,269.39,264.1,256.14,26459108.0,472574912.0
2015-04-15,276.46,276.46,263.36,261.59,29049076.0,526481600.0
2015-04-14,282.05,282.05,276.46,273.81,34728704.0,652689088.0
2015-04-13,273.07,288.24,282.2,272.19,46283804.0,887753024.0
2015-04-10,263.36,273.37,272.04,260.86,36241880.0,662785280.0
2015-04-09,271.75,272.78,263.06,256.29,36148092.0,646492096.0
2015-04-08,267.48,278.96,271.31,265.27,50711480.0,935798464.0
2015-04-07,260.71,270.72,267.48,260.71,43848264.0,792407104.0
2015-04-03,257.47,261.74,259.53,255.7,39082872.0,687653952.0
2015-04-02,252.91,261.15,259.09,252.61,48827172.0,854882240.0
2015-04-01,253.64,255.56,253.05,251.43,37129376.0,638775808.0
2015-03-31,251.58,257.91,253.2,248.49,38423736.0,659081472.0
2015-03-30,251.29,254.08,251.88,247.46,56314272.0,959817344.0
2015-03-27,258.94,264.54,259.24,257.76,27018982.0,478241152.0
2015-03-26,261.74,266.45,258.94,256.14,29303292.0,519134560.0
2015-03-25,252.47,267.48,263.06,250.4,45138216.0,793029760.0
2015-03-24,258.8,260.86,253.94,247.75,38538688.0,665264832.0
2015-03-23,254.82,262.62,259.68,253.5,38222772.0,671310656.0
2015-03-20,252.91,255.41,252.91,249.52,25618382.0,438837440.0
2015-03-19,255.7,255.7,252.91,249.52,37400320.0,641277888.0
2015-03-18,238.19,260.27,256.88,237.45,59645300.0,1012459200.0
2015-03-17,238.48,242.01,238.48,235.68,31651908.0,512750464.0
2015-03-16,233.77,239.81,238.33,232.3,31517096.0,506798816.0
2015-03-13,232.3,234.8,232.74,231.56,16831980.0,266823328.0
2015-03-12,231.41,232.59,232.59,226.41,17282176.0,270107168.0
2015-03-11,232.59,233.62,230.53,229.94,13746423.0,216359024.0
2015-03-10,229.21,234.65,232.89,227.88,22584044.0,357304416.0
2015-03-09,227.88,229.5,229.35,223.91,13072408.0,201561488.0
2015-03-06,232.0,232.89,227.59,226.85,14733859.0,228960576.0
2015-03-05,233.03,234.21,232.0,229.65,17119152.0,269524512.0
2015-03-04,228.18,233.47,232.89,227.29,27236416.0,428310272.0
2015-03-03,230.53,230.82,226.56,226.26,16708015.0,259390112.0
2015-03-02,224.5,231.12,230.53,223.91,22593686.0,350673504.0
2015-02-27,225.38,225.53,224.5,223.47,10283344.0,156769312.0
2015-02-26,222.43,225.08,225.08,221.55,8596688.0,130580600.0
2015-02-25,224.94,225.67,222.43,222.14,8960791.0,136005040.0
2015-02-17,226.12,227.44,224.64,224.35,9116507.0,139700320.0
2015-02-16,221.4,226.41,225.82,221.11,13115792.0,199803648.0
2015-02-13,221.85,223.61,221.4,220.67,11461431.0,173072064.0
2015-02-12,218.31,221.7,220.52,217.43,7910060.0,117989920.0
2015-02-11,217.43,219.05,218.31,216.84,7420799.0,109931992.0
2015-02-10,216.1,217.72,217.43,214.19,8830218.0,129171912.0
2015-02-09,213.16,216.55,214.93,212.28,8255916.0,120339048.0
2015-02-06,216.99,218.31,213.46,212.72,11533930.0,168821392.0
2015-02-05,222.14,223.02,216.84,216.55,12672892.0,189126032.0
2015-02-04,222.73,224.2,220.37,220.08,9780875.0,147394304.0
2015-02-03,219.93,223.47,222.58,219.93,11947921.0,179754544.0
2015-02-02,225.23,225.38,219.05,217.87,23830872.0,358317856.0
2015-01-30,227.0,228.91,226.41,226.12,11542281.0,178292864.0
2015-01-29,229.65,229.79,226.7,226.12,13244882.0,204736320.0
2015-01-28,233.18,233.18,230.53,228.91,17337414.0,272280320.0
2015-01-27,230.97,234.51,233.62,226.85,30730060.0,483398240.0
2015-01-26,226.26,230.53,230.53,225.38,21321380.0,330773280.0
2015-01-23,227.88,228.32,226.12,225.23,18522236.0,285134144.0
2015-01-22,228.91,229.5,227.59,225.38,23891318.0,368491776.0
2015-01-21,226.26,229.06,229.06,224.5,27950648.0,431007552.0
2015-01-20,221.99,227.44,226.12,220.81,30757856.0,468823040.0
2015-01-19,219.34,232.59,221.99,219.34,58171844.0,888030208.0
2015-01-16,239.22,246.58,243.63,238.19,26381268.0,434722528.0
2015-01-15,240.1,242.01,239.07,237.01,18860680.0,306310976.0
2015-01-14,233.92,247.46,240.69,233.92,48922564.0,799160192.0
2015-01-13,226.85,233.77,233.77,226.7,13752561.0,215885344.0
2015-01-12,228.18,228.91,227.59,223.76,14122760.0,216769840.0
2015-01-09,233.03,236.27,229.5,229.35,17633268.0,279516448.0
2015-01-08,234.51,238.33,233.03,232.59,17210448.0,274718592.0
2015-01-07,238.19,238.48,233.92,231.41,20075764.0,319868896.0
2015-01-06,227.44,240.84,238.04,226.56,42441040.0,680394240.0
2015-01-05,223.76,230.68,229.35,221.26,25290620.0,390066912.0
2014-12-31,225.82,226.26,223.32,220.67,14125161.0,213672896.0
2014-12-30,223.02,226.12,225.23,221.11,13672483.0,208395136.0
2014-12-29,222.58,226.12,222.88,220.81,13490284.0,204798048.0
2014-12-26,222.29,222.58,222.58,219.78,13723816.0,206454960.0
2014-12-25,221.11,223.17,222.14,219.2,12474275.0,187515392.0
2014-12-24,219.49,222.29,221.7,219.05,12549335.0,188008144.0
2014-12-23,224.5,227.59,219.05,218.75,17223444.0,262410864.0
2014-12-22,226.26,228.91,225.53,223.17,18029722.0,276565568.0
2014-12-19,228.18,231.56,226.12,222.73,15797638.0,243229856.0
2014-12-18,229.35,231.27,228.47,227.44,14149127.0,220653680.0
2014-12-17,235.98,236.27,229.5,225.97,26480492.0,415176576.0
2014-12-16,241.28,241.28,236.71,235.98,22248900.0,358938560.0
2014-12-15,232.0,240.69,240.54,231.12,34168132.0,551212800.0
2014-12-12,234.8,239.07,232.3,229.65,26496164.0,421173376.0
2014-12-11,229.65,237.45,234.06,227.59,32159952.0,510033888.0
2014-12-10,223.02,231.86,230.09,222.88,29693480.0,462537728.0
2014-12-09,222.29,234.51,223.17,220.23,35695268.0,549074624.0
2014-12-08,222.88,225.67,223.76,219.34,22490580.0,339928032.0
2014-12-05,232.59,234.36,224.64,219.49,28938504.0,445110016.0
2014-12-04,229.94,233.62,232.44,228.47,30081862.0,472166816.0
2014-12-03,225.38,230.83,228.91,224.05,27803692.0,430387456.0
2014-12-02,222.58,225.67,225.09,221.55,18999892.0,289196992.0
2014-12-01,220.08,225.53,222.29,219.2,18138324.0,274183744.0
2014-11-28,223.02,223.61,220.67,217.72,15610698.0,234081712.0
2014-11-27,220.96,225.67,222.88,220.67,23674888.0,359123808.0
2014-11-26,222.58,223.02,220.82,219.49,12627759.0,189428656.0
2014-11-25,215.96,222.29,221.99,215.81,19852120.0,296696960.0
2014-11-24,217.43,217.43,215.96,214.49,14604206.0,214266000.0
2014-11-21,213.6,215.07,214.78,212.87,5646824.0,82173856.0
2014-11-20,217.13,217.13,214.04,213.31,7659997.0,111653152.0
2014-11-19,215.96,218.31,217.28,215.96,8617427.0,127303576.0
2014-11-18,217.72,217.72,215.81,214.49,7618052.0,111633824.0
2014-11-17,215.52,218.61,216.55,214.63,10154193.0,150030864.0
2014-11-14,213.46,215.66,215.52,211.69,9223739.0,134085176.0
2014-11-13,213.31,215.66,214.19,211.1,9323968.0,135317232.0
2014-11-12,210.51,213.75,213.46,210.36,9488689.0,136636560.0
2014-11-11,217.43,218.02,210.66,208.75,13640076.0,197468832.0
2014-11-10,214.93,217.14,217.14,213.46,9423721.0,137851664.0
2014-11-07,217.87,218.17,214.63,213.46,13986152.0,205195936.0
2014-11-06,216.99,218.46,217.43,215.52,7968687.0,117450704.0
2014-11-05,213.46,218.46,217.14,213.16,10514738.0,154990512.0
2014-11-04,222.88,222.88,214.93,214.93,22444422.0,333464576.0
2014-11-03,221.11,224.2,222.88,219.93,19526228.0,294893792.0
2014-10-31,220.82,222.14,220.82,216.84,18585676.0,277258496.0
2014-10-30,224.79,227.15,220.82,220.23,26462972.0,400001248.0
2014-10-29,225.23,226.12,225.23,221.85,19488512.0,296217120.0
2014-10-28,222.29,225.23,225.09,221.55,11485598.0,174631536.0
2014-10-27,219.79,223.17,220.82,215.66,8798063.0,131195224.0
2014-10-24,225.38,226.41,220.96,220.23,10057518.0,152670592.0
2014-10-23,225.23,227.88,225.38,223.61,10833877.0,165927120.0
2014-10-22,233.92,234.65,225.67,225.23,15155307.0,236305680.0
2014-10-21,240.84,241.28,234.21,233.77,21433458.0,344410688.0
2014-10-20,233.33,240.84,239.95,230.53,24619320.0,398507872.0
2014-10-17,232.59,236.42,230.53,226.12,20461796.0,321727872.0
2014-10-16,229.21,242.46,233.33,227.74,34297532.0,550029504.0
2014-10-15,221.7,232.45,230.53,220.96,31321192.0,485172512.0
2014-10-14,222.58,224.5,221.11,221.11,10547017.0,159406576.0
2014-10-13,223.76,224.5,223.32,220.82,11324317.0,170861632.0
2014-10-10,223.76,229.06,224.79,223.76,17356452.0,266628448.0
2014-10-09,226.71,227.29,223.76,220.37,18564120.0,282925536.0
2014-10-08,222.29,226.26,225.97,220.52,18464052.0,280130720.0
2014-09-30,223.61,225.09,221.99,221.41,12762431.0,193116800.0
2014-09-29,220.37,223.47,222.58,218.61,18274036.0,275017280.0
2014-09-26,216.25,220.67,220.38,215.22,9752266.0,144521968.0
2014-09-25,219.05,222.14,216.55,214.63,11069329.0,164668704.0
2014-09-24,214.63,219.05,218.61,214.34,10071104.0,148563664.0
2014-09-23,214.49,216.25,214.63,212.87,6004786.0,87618584.0
2014-09-22,218.46,219.2,214.49,213.46,7410189.0,108665392.0
2014-09-19,215.96,218.75,218.31,215.22,7401328.0,109396720.0
2014-09-18,214.93,217.14,214.93,214.19,6630601.0,96933264.0
2014-09-17,216.4,218.02,215.52,211.98,9582231.0,140048432.0
2014-09-16,220.23,227.59,216.55,216.55,22139338.0,334867168.0
2014-09-15,218.17,222.14,220.08,218.17,13891337.0,207948128.0
2014-09-12,217.72,219.34,219.05,217.14,7586621.0,112505904.0
2014-09-11,218.9,222.73,217.72,217.14,14678058.0,218635712.0
2014-09-10,221.85,222.73,218.9,217.87,14448152.0,215973536.0
2014-09-09,219.05,220.67,220.08,216.4,13543054.0,201509264.0
2014-09-05,217.43,219.2,218.75,216.11,11669217.0,172429392.0
2014-09-04,216.55,217.87,217.28,214.78,14710858.0,216359536.0
2014-09-03,215.37,218.46,217.28,214.34,13998755.0,206203056.0
2014-09-02,214.49,215.52,215.37,212.87,13202749.0,192007376.0
2014-09-01,212.72,214.49,214.49,211.25,7664296.0,110793864.0
2014-08-29,208.01,213.46,211.98,207.42,7190211.0,102558032.0
2014-08-28,210.51,212.87,207.42,205.36,10589658.0,149603984.0
2014-08-27,209.78,213.9,210.66,209.78,8832368.0,126788928.0
2014-08-26,220.82,220.82,212.13,210.51,21356548.0,313100064.0
2014-08-25,225.97,227.29,224.2,220.96,14782369.0,224748768.0
2014-08-22,217.87,225.38,225.38,216.55,23152424.0,349121792.0
2014-08-21,219.2,222.29,216.4,214.93,17604528.0,261079104.0
2014-08-20,217.14,218.02,215.22,214.04,9033010.0,132324896.0
2014-08-19,220.38,221.7,217.58,215.66,8928796.0,132150248.0
2014-08-18,216.4,220.38,219.49,215.37,9819155.0,145796192.0
2014-08-15,217.58,218.02,216.84,213.16,12238359.0,179513456.0
2014-08-14,215.07,225.09,218.46,215.07,20122704.0,300574816.0
2014-08-13,213.16,214.34,212.87,210.66,6514042.0,94095752.0
2014-08-12,215.22,215.66,212.87,211.1,11307734.0,163314688.0
2014-08-11,214.04,218.61,215.96,213.6,6638367.0,97393816.0
2014-08-08,216.1,217.14,213.9,213.01,7597651.0,111171632.0
2014-08-07,217.87,220.52,216.25,214.34,11335323.0,167307648.0
2014-08-06,214.34,218.9,217.87,210.51,12888656.0,188416320.0
2014-08-05,210.07,216.99,215.07,209.33,13058699.0,190419424.0
2014-08-04,209.48,211.4,210.22,207.57,8418679.0,119965528.0
2014-08-01,213.46,215.37,209.48,209.19,12429347.0,179110176.0
2014-07-31,213.16,216.11,214.49,211.69,6873306.0,99885336.0
2014-07-30,214.93,216.69,213.01,211.1,11015430.0,159975008.0
2014-07-29,209.33,221.7,217.14,207.27,18094372.0,264137152.0
2014-07-28,208.16,211.69,209.19,205.65,13250037.0,187776864.0
2014-07-25,203.59,208.3,207.27,201.38,8819814.0,123213520.0
2014-07-24,207.57,212.72,203.59,203.59,13532812.0,190656496.0
2014-07-23,204.62,206.68,204.77,202.56,8626096.0,119717976.0
2014-07-22,203.89,206.83,204.33,201.83,11149154.0,154935264.0
2014-07-21,206.54,208.01,204.03,201.53,9664826.0,133837952.0
2014-07-18,201.83,209.33,208.16,201.09,17422252.0,244061696.0
2014-07-17,202.86,207.27,203.59,200.21,13762458.0,190028912.0
2014-07-16,205.8,209.19,203.59,200.5,25582764.0,354492768.0
2014-07-15,186.37,205.65,205.65,185.63,45162528.0,621882176.0
2014-07-14,184.75,186.96,186.96,181.95,6694937.0,83897648.0
2014-07-11,184.01,185.34,184.31,182.69,4243795.0,53193976.0
2014-07-10,181.81,184.75,184.01,180.48,3745232.0,46600592.0
2014-07-09,187.1,187.4,182.54,181.95,5699726.0,71370336.0
2014-07-08,187.4,187.99,187.1,184.16,4288832.0,54226136.0
2014-07-07,187.99,188.87,187.4,185.49,5584843.0,70916408.0
2014-07-04,188.43,189.31,187.1,185.49,4663457.0,59230264.0
2014-07-03,186.37,188.87,188.28,185.34,8458413.0,107934504.0
2014-07-02,186.81,187.25,186.37,183.28,7649762.0,96638752.0
2014-07-01,183.57,187.4,186.96,182.39,9286622.0,116861640.0
2014-06-30,182.98,183.42,182.39,179.6,5842439.0,72107536.0
2014-06-27,180.78,185.34,183.28,180.78,4706121.0,58566324.0
2014-06-26,182.25,182.54,181.95,180.63,2882354.0,35503876.0
2014-06-25,180.19,182.98,181.07,179.6,5638692.0,69612432.0
2014-06-24,175.92,180.78,180.63,175.47,5477678.0,66565004.0
2014-06-23,175.18,178.27,176.21,175.18,4368501.0,52435508.0
2014-06-20,174.15,177.09,174.89,172.24,5549645.0,65883708.0
2014-06-19,182.39,182.39,174.44,173.71,6291038.0,75886504.0
2014-06-18,184.75,184.9,181.95,180.92,6908957.0,85650832.0
2014-06-17,185.63,186.22,184.75,184.31,5288754.0,66486384.0
2014-06-16,186.51,188.13,187.4,184.75,7610813.0,96380472.0
2014-06-13,186.22,187.69,186.37,185.04,6623006.0,83918016.0
2014-06-12,188.43,188.43,186.81,185.34,7024298.0,88976688.0
2014-06-11,189.16,189.46,189.16,186.07,5741493.0,73193384.0
2014-06-10,186.81,189.16,188.43,185.93,6438315.0,82329480.0
2014-06-09,184.75,190.64,186.96,184.75,6781243.0,86770696.0
2014-06-06,187.4,187.4,184.46,183.87,3696038.0,46536228.0
2014-06-05,183.72,187.55,186.81,183.42,3680423.0,46467852.0
2014-06-04,186.96,188.13,184.01,184.01,4415881.0,55565656.0
2014-06-03,187.84,189.61,187.1,186.81,4381752.0,55876864.0
2014-05-30,189.46,190.64,188.13,185.49,5582718.0,71249728.0
2014-05-29,196.67,196.67,189.75,189.61,8063523.0,105406584.0
2014-05-28,193.58,196.67,195.94,192.99,8347521.0,110706784.0
2014-05-27,196.23,196.67,193.58,193.58,5689688.0,75354912.0
2014-05-26,195.2,198.44,196.23,194.02,7575948.0,100892144.0
2014-05-23,193.29,195.2,193.88,191.81,4328650.0,56814908.0
2014-05-22,194.02,196.67,193.43,192.84,5362610.0,71080640.0
2014-05-21,191.37,195.2,193.88,187.55,5410017.0,70909016.0
2014-05-20,193.14,195.64,193.14,191.37,5167246.0,67985656.0
2014-05-19,190.2,192.84,191.08,186.66,3591718.0,46203108.0
2014-05-16,190.49,193.29,190.64,185.78,7359400.0,94881064.0
2014-05-15,193.75,195.66,190.11,189.25,4971092.0,99858848.0
2014-05-14,195.18,196.14,193.46,192.31,4185345.0,84721000.0
2014-05-13,198.53,199.3,195.47,193.75,5781242.0,118579776.0
2014-05-12,192.79,197.57,197.38,192.03,8570605.0,174927296.0
2014-05-09,189.92,192.89,190.59,188.48,5101745.0,101679920.0
2014-05-08,193.27,196.62,190.4,189.92,6085771.0,123135544.0
2014-05-07,192.69,195.09,190.11,189.25,6546858.0,131532144.0
2014-05-06,188.1,192.6,191.55,186.76,7551504.0,150553008.0
2014-05-05,187.62,187.62,185.61,183.41,4610667.0,89257240.0
2014-04-30,187.43,188.29,187.53,185.23,3434460.0,66952868.0
2014-04-29,188.68,188.68,187.24,184.66,3724381.0,72593928.0
2014-04-28,185.23,189.92,185.42,182.94,6113881.0,118557960.0
2014-04-25,190.78,190.88,185.23,183.7,4494206.0,87767632.0
2014-04-24,189.54,192.31,188.29,186.57,3358526.0,66558172.0
2014-04-23,186.76,192.69,190.21,185.61,7185326.0,142838144.0
2014-04-22,189.44,191.83,186.47,184.18,7246038.0,141692560.0
2014-04-21,196.62,197.09,189.92,189.06,8346826.0,168154144.0
2014-04-18,197.09,198.34,197.67,194.03,5007675.0,102861656.0
2014-04-17,205.8,207.14,197.76,194.99,11751013.0,244562544.0
2014-04-16,209.06,210.49,205.8,203.89,7529272.0,162661088.0
2014-04-15,213.65,215.56,207.52,205.13,11041175.0,241316352.0
2014-04-14,205.9,215.27,213.65,204.08,11011702.0,240669664.0
2014-04-11,201.69,207.05,205.71,201.11,8724095.0,185911760.0
2014-04-10,206.19,212.88,201.88,200.92,14230751.0,307375936.0
2014-04-09,206.09,207.24,206.09,203.79,6049355.0,129804200.0
2014-04-08,199.77,207.24,205.8,198.05,13349975.0,285764128.0
2014-04-04,195.56,201.02,199.97,193.17,10887721.0,226479120.0
2014-04-03,198.15,200.44,196.33,193.36,10323084.0,212296416.0
2014-04-02,185.81,198.05,198.05,185.81,15263425.0,307657664.0
2014-04-01,185.23,187.62,185.81,183.6,4399524.0,85325072.0
2014-03-31,190.88,191.83,184.28,183.6,7303461.0,143037712.0
2014-03-28,184.37,192.02,188.48,180.83,13168858.0,258071120.0
2014-03-27,182.26,187.91,184.66,180.64,11555022.0,223079808.0
2014-03-26,184.47,188.49,181.69,179.87,11706364.0,224020912.0
2014-03-25,188.48,190.59,183.8,182.65,9049686.0,175336672.0
2014-03-24,187.53,192.03,187.91,186.28,11504249.0,227585712.0
2014-03-21,186.38,192.03,187.72,185.04,10382353.0,204325104.0
2014-03-20,192.69,193.75,185.42,185.04,15656538.0,307881216.0
2014-03-19,181.79,197.1,192.6,179.97,44394456.0,871086848.0
2014-03-18,168.49,183.13,183.13,168.49,26383948.0,499885248.0
2014-03-17,163.42,166.48,166.48,160.26,4156952.0,70984960.0
2014-03-14,162.75,164.56,162.37,161.31,3959268.0,67397760.0
2014-03-13,160.07,164.09,162.75,160.07,3123078.0,52975908.0
2014-03-12,158.44,161.22,159.88,157.2,3316793.0,55335944.0
2014-03-11,159.78,161.69,158.73,155.09,6615696.0,108918704.0
2014-03-10,168.78,168.78,160.55,160.55,5160445.0,88512736.0
2014-03-07,168.87,170.59,169.16,168.01,2142336.0,37937856.0
2014-03-06,169.92,170.4,169.16,167.44,2736913.0,48270844.0
2014-03-05,171.26,171.84,170.59,168.97,2710069.0,48135428.0
2014-03-04,172.22,172.22,170.21,167.53,4125660.0,73082136.0
2014-03-03,171.36,173.46,172.6,168.87,3747668.0,67192208.0
2014-02-28,169.35,172.7,172.03,166.86,3407287.0,60244008.0
2014-02-27,175.28,175.66,170.31,169.54,4699588.0,84870208.0
2014-02-26,174.13,175.57,174.13,171.07,3998596.0,72286696.0
2014-02-25,183.32,184.08,174.32,173.27,5997582.0,112317528.0
2014-02-24,178.06,183.22,182.07,176.43,4268497.0,80020112.0
2014-02-21,180.26,183.8,178.73,178.06,4436602.0,83737056.0
2014-02-20,187.53,188.01,180.35,179.97,7014721.0,134329952.0
2014-02-19,185.62,189.25,185.62,184.66,6375907.0,124094872.0
2014-02-18,182.07,190.21,186.19,181.88,11215378.0,219199712.0
2014-02-17,177.87,184.66,182.65,177.87,9050431.0,172251184.0
2014-02-14,177.87,179.78,177.48,176.33,6202291.0,114961784.0
2014-02-13,179.97,181.41,177.87,176.91,6932214.0,130201056.0
2014-02-12,175.85,179.4,179.3,175.19,7857799.0,145611648.0
2014-02-11,175.95,178.53,175.09,174.42,6195881.0,113914232.0
2014-02-10,168.87,175.66,175.38,168.78,7777129.0,141097296.0
2014-02-07,166.86,168.78,168.39,166.19,3755259.0,65830652.0
2014-01-30,169.83,170.12,166.86,165.81,3112754.0,54313412.0
2014-01-29,171.45,172.51,169.54,168.58,4328885.0,76853392.0
2014-01-28,169.44,173.85,171.17,168.39,8303211.0,148045904.0
2014-01-27,170.5,171.45,165.62,165.33,4868141.0,85501136.0
2014-01-24,171.36,172.22,170.88,170.31,4548386.0,81385352.0
2014-01-23,171.74,174.04,171.26,170.98,2793636.0,50289988.0
2014-01-22,169.35,172.22,171.45,168.58,2399772.0,42987880.0
2014-01-21,168.2,170.31,169.44,167.44,1813207.0,32014354.0
2014-01-20,163.61,168.49,167.34,162.56,2255099.0,39059384.0
2014-01-17,165.71,166.86,163.61,163.61,2110953.0,36362272.0
2014-01-16,168.39,168.68,166.19,166.1,2902926.0,50585164.0
2014-01-15,167.63,170.88,168.39,167.44,2160139.0,38099256.0
2014-01-14,165.43,167.91,167.63,164.95,1317762.0,22952742.0
2014-01-13,169.54,169.73,165.33,164.76,2017184.0,35152048.0
2014-01-10,170.5,171.17,169.06,168.2,1350208.0,23875344.0
2014-01-09,174.61,175.28,171.65,167.24,4632096.0,82667944.0
2014-01-08,173.66,175.66,174.13,172.89,2366355.0,43034256.0
2014-01-07,172.22,174.13,172.79,170.02,3128644.0,56355508.0
2014-01-06,181.21,181.31,173.46,173.18,4679262.0,85907048.0
2014-01-03,184.66,184.66,182.36,179.59,5584925.0,105751112.0
2014-01-02,184.66,185.33,184.66,181.88,3476996.0,66693956.0
2013-12-31,186.09,187.05,184.66,183.03,2359133.0,45598436.0
2013-12-30,186.09,187.62,187.05,185.9,2292672.0,44788112.0
2013-12-27,184.18,187.72,185.81,183.13,3036749.0,59061152.0
2013-12-26,184.75,186.57,183.03,182.84,2483992.0,47854664.0
2013-12-25,187.05,188.01,185.81,185.42,2754895.0,53779632.0
2013-12-24,185.42,187.34,187.05,184.28,2695653.0,52271804.0
2013-12-23,182.17,186.09,184.75,181.31,2443567.0,46988460.0
2013-12-20,183.32,184.47,182.07,179.87,3409810.0,65199624.0
2013-12-19,184.66,185.9,183.32,183.03,2588135.0,49720076.0
2013-12-18,185.42,186.38,184.66,183.8,3116249.0,60171792.0
2013-12-17,186.19,188.2,185.42,184.37,2585441.0,50343804.0
2013-12-16,188.96,188.96,186.09,185.62,2647168.0,51617936.0
2013-12-13,186.38,189.92,188.96,185.62,2753195.0,54130132.0
2013-12-12,188.01,189.82,188.96,187.72,2868217.0,56573036.0
2013-12-11,190.02,191.26,188.68,186.38,4453446.0,87416432.0
2013-12-10,194.51,195.37,191.35,189.92,4892943.0,98269592.0
2013-12-09,193.84,195.95,194.13,192.79,4773910.0,97020816.0
2013-12-06,197.67,199.49,193.46,192.5,7445323.0,152477520.0
2013-12-05,193.84,197.67,195.95,192.12,9488012.0,194099440.0
2013-12-04,190.78,194.03,192.12,188.49,7929718.0,158894848.0
2013-12-03,187.91,191.16,190.97,187.62,2838131.0,56285668.0
2013-12-02,190.78,190.78,188.1,186.57,4658727.0,91802064.0
2013-11-29,189.06,195.09,193.75,188.01,5432082.0,109226208.0
2013-11-28,189.35,191.07,189.06,187.62,3892370.0,77041496.0
2013-11-27,185.81,189.16,188.29,185.62,3571580.0,70005192.0
2013-11-26,194.99,195.37,186.09,186.09,8225710.0,163459904.0
2013-11-25,194.32,197.38,195.37,194.23,4042397.0,82878256.0
2013-11-22,194.7,199.39,195.76,193.46,5054822.0,103832648.0
2013-11-21,194.99,195.95,194.7,192.41,5788764.0,117165144.0
2013-11-20,199.3,200.83,196.04,194.32,7388730.0,152061664.0
2013-11-19,195.66,200.54,197.57,194.32,8680897.0,179488400.0
2013-11-18,195.09,196.14,194.99,192.79,7823406.0,158750512.0
2013-11-15,184.18,196.71,193.08,184.18,5860240.0,117959496.0
2013-11-14,179.4,185.42,183.32,179.11,2844088.0,54366888.0
2013-11-13,182.17,183.13,179.4,179.3,3067354.0,57938900.0
2013-11-12,185.62,188.01,184.28,183.22,1977668.0,38279308.0
2013-11-11,183.8,188.1,185.81,181.12,2131116.0,41053428.0
2013-11-08,190.4,192.31,185.14,184.66,2528740.0,49551508.0
2013-11-07,189.44,194.03,191.55,189.16,3321434.0,66800036.0
2013-11-06,187.43,194.32,190.59,186.76,3968950.0,79814112.0
2013-11-05,189.44,189.92,188.39,186.19,2262048.0,44493856.0
2013-11-04,190.02,191.74,190.4,188.1,3380529.0,67210776.0
2013-11-01,185.62,189.16,188.1,183.51,2632930.0,51540292.0
2013-10-31,184.66,185.62,184.28,182.07,1717926.0,32984828.0
2013-10-30,182.46,186.0,185.42,181.88,2495426.0,48071416.0
2013-10-29,189.06,190.21,183.61,180.64,4425085.0,85307104.0
2013-10-28,184.18,190.21,187.62,183.41,3578210.0,70202760.0
2013-10-25,190.97,191.35,182.94,182.36,4232461.0,82094256.0
2013-10-24,190.4,193.17,190.97,189.54,2722272.0,54517560.0
2013-10-23,188.29,191.07,190.88,184.18,4637868.0,90848080.0
2013-10-22,192.98,193.75,188.77,187.62,4184204.0,83431696.0
2013-10-21,190.4,195.66,192.6,189.54,5135045.0,103496072.0
2013-10-18,185.9,190.88,190.59,183.99,4721792.0,92767856.0
2013-10-17,185.14,187.43,187.05,179.78,6581002.0,126902344.0
2013-10-16,191.83,192.79,184.18,182.65,7870126.0,153565824.0
2013-10-15,191.36,194.51,193.56,189.25,7763226.0,155471776.0
2013-10-14,194.23,194.23,191.36,188.39,10324931.0,205399440.0
2013-10-11,191.83,194.99,194.99,186.19,10962818.0,218269440.0
2013-10-10,199.39,200.64,191.36,190.4,10967797.0,222216496.0
2013-10-09,205.42,205.42,199.39,196.71,8497686.0,177590704.0
2013-10-08,207.33,208.87,205.71,202.74,7374767.0,158531712.0
2013-09-30,209.06,212.6,208.77,205.42,3999800.0,86900784.0
2013-09-27,208.67,213.84,209.53,206.76,4986066.0,109969064.0
2013-09-26,211.64,214.13,208.58,205.71,6042869.0,132404112.0
2013-09-25,214.8,214.8,210.97,207.81,6895154.0,151218112.0
2013-09-24,210.49,222.26,214.32,209.63,9431310.0,213139312.0
2013-09-23,199.2,216.52,213.36,199.2,10189071.0,222000432.0
2013-09-18,197.1,201.69,199.78,197.1,6448632.0,135028112.0
2013-09-17,199.1,202.74,197.1,196.33,4236205.0,87921280.0
2013-09-16,201.69,208.58,199.97,198.05,6144524.0,129775792.0
2013-09-13,195.66,201.4,199.78,195.66,5394413.0,112271000.0
2013-09-12,195.18,200.25,195.95,192.03,5670134.0,116043760.0
2013-09-11,200.92,201.78,196.24,192.22,6305436.0,129499968.0
2013-09-10,197.67,201.98,199.49,193.27,8674653.0,178745776.0
2013-09-09,193.75,200.92,197.67,193.56,7820917.0,161456096.0
2013-09-06,199.58,203.41,193.37,193.08,7128177.0,146786496.0
2013-09-05,198.63,201.12,199.58,194.7,6178287.0,127728768.0
2013-09-04,192.6,205.04,198.63,192.6,8913462.0,187468368.0
2013-09-03,195.95,197.67,193.94,192.89,8725245.0,177973776.0
2013-09-02,180.54,198.63,196.24,180.54,18382184.0,373195712.0
2013-08-30,173.94,180.64,180.54,172.03,7289146.0,135342544.0
2013-08-29,174.61,176.24,174.52,174.13,3407688.0,62258832.0
2013-08-28,177.39,177.77,174.61,173.56,4590170.0,84070144.0
2013-08-27,175.09,180.54,179.11,173.94,6084695.0,113139680.0
2013-08-26,173.66,178.73,175.86,171.17,7538435.0,138402208.0
2013-08-23,166.48,172.6,171.84,165.14,6493720.0,115319776.0
2013-08-22,164.66,167.72,166.29,164.38,3793284.0,65925484.0
2013-08-21,167.53,168.97,164.57,163.61,6181107.0,106883112.0
2013-08-20,172.32,173.18,167.63,165.04,7412266.0,130222608.0
2013-08-19,164.85,172.51,171.93,164.85,3590172.0,63825956.0
2013-08-16,170.31,173.27,167.44,166.1,5524873.0,97981568.0
2013-08-15,176.81,176.81,170.98,168.87,7062007.0,126579240.0
2013-08-14,179.3,181.6,176.91,175.38,3639093.0,67430000.0
2013-08-13,172.79,183.32,179.3,171.36,11263561.0,210520416.0
2013-08-12,172.32,175.09,172.79,170.31,6961326.0,125307016.0
2013-08-09,172.22,177.77,173.94,172.12,12592887.0,232086080.0
2013-08-08,164.09,174.04,173.37,164.09,13241238.0,235731232.0
2013-08-07,160.55,165.24,163.61,159.78,5383254.0,91043776.0
2013-08-06,156.82,163.71,161.6,155.48,6849052.0,115101320.0
2013-08-05,153.28,156.91,156.72,151.84,3538075.0,57080368.0
2013-08-02,156.62,156.82,153.28,152.89,2692834.0,43436928.0
2013-08-01,153.09,156.15,155.29,152.13,5416800.0,87799912.0
2013-07-31,147.63,152.7,151.17,147.63,2541400.0,39936016.0
2013-07-30,148.3,150.12,147.92,146.0,2301215.0,35648624.0
2013-07-29,149.64,149.64,147.34,147.06,2518106.0,38991392.0
2013-07-26,152.32,154.04,150.79,148.11,3163152.0,49763448.0
2013-07-25,155.76,156.43,152.22,152.13,2821331.0,45480180.0
2013-07-24,155.29,155.96,154.81,151.75,3713128.0,59780988.0
2013-07-23,148.01,156.53,155.29,148.01,7349077.0,118164152.0
2013-07-22,144.95,148.11,148.01,144.0,2944902.0,45124860.0
2013-07-19,144.95,146.87,145.34,143.52,3796917.0,57643600.0
2013-07-18,146.58,147.06,144.95,143.04,6618863.0,100371608.0
2013-07-17,147.34,147.82,146.58,144.95,5836425.0,89401656.0
2013-07-16,142.56,147.63,147.34,142.08,5301612.0,80236040.0
2013-07-15,140.93,144.09,142.37,140.93,3109630.0,46438092.0
2013-07-12,144.09,144.09,141.41,141.22,3008315.0,44842904.0
2013-07-11,139.69,144.67,143.13,139.02,4680618.0,69752184.0
2013-07-10,133.95,138.83,138.73,133.95,2918582.0,41752468.0
2013-07-09,134.52,135.38,133.95,132.13,2856470.0,39973904.0
2013-07-08,140.17,140.17,134.52,134.43,3925808.0,55744492.0
2013-07-05,141.41,143.04,141.22,141.03,2728017.0,40426680.0
2013-07-04,140.65,143.42,141.7,139.02,3904533.0,57621416.0
2013-07-03,143.52,144.19,141.12,140.65,4590514.0,67904544.0
2013-07-02,140.55,144.95,144.67,139.02,5015480.0,74544248.0
2013-07-01,140.93,140.93,140.17,135.86,4359518.0,62921600.0
2013-06-28,142.27,145.91,141.03,138.93,3206711.0,47594924.0
2013-06-27,144.95,146.2,142.47,141.51,3814818.0,57408572.0
2013-06-26,145.05,149.45,144.28,142.85,6119975.0,92299240.0
2013-06-25,146.96,150.41,145.05,134.72,6075839.0,91258560.0
2013-06-24,159.5,159.5,149.64,146.96,3644461.0,58632516.0
2013-06-21,155.09,162.56,159.5,155.09,2122484.0,35442064.0
2013-06-20,165.33,165.62,160.26,159.97,2420777.0,41188336.0
2013-06-19,163.99,166.1,165.33,162.37,3210196.0,55306512.0
2013-06-18,167.05,167.91,164.09,162.65,2846348.0,48918672.0
2013-06-17,163.42,169.16,166.19,162.27,4192762.0,72645592.0
2013-06-14,159.78,165.33,163.23,159.59,3485087.0,59457280.0
2013-06-13,163.8,163.8,160.93,159.4,3833309.0,64509960.0
2013-06-07,168.3,169.25,163.9,163.8,5412281.0,93577112.0
2013-06-06,174.13,174.13,169.16,169.06,5842563.0,104319264.0
2013-06-05,175.0,178.63,175.09,173.94,6746108.0,124179056.0
2013-06-04,173.94,179.4,174.71,173.66,11509815.0,212289632.0
2013-06-03,172.03,173.66,173.56,170.98,4795931.0,86399888.0
2013-05-31,174.04,174.9,172.03,171.26,5013627.0,90694048.0
2013-05-30,168.78,173.94,173.27,168.39,7740844.0,139269824.0
2013-05-29,170.69,171.74,169.25,169.25,4658325.0,82918912.0
2013-05-28,166.77,170.69,170.02,165.81,6075523.0,106899848.0
2013-05-27,166.86,168.2,166.67,166.0,3250405.0,56762280.0
2013-05-24,166.1,167.72,166.96,164.47,3250577.0,56443048.0
2013-05-23,168.39,169.45,166.1,165.33,4659250.0,81448232.0
2013-05-22,169.54,171.07,168.97,168.39,5066078.0,89999160.0
2013-05-21,169.06,169.93,169.54,166.67,5981470.0,105328808.0
2013-05-20,169.93,169.93,169.25,167.44,4945918.0,87192920.0
2013-05-17,168.59,170.31,169.93,167.91,3987125.0,70575728.0
2013-05-16,166.67,169.73,168.87,166.29,4364704.0,76816880.0
2013-05-15,164.57,167.44,166.48,164.57,2340697.0,40702480.0
2013-05-14,167.34,167.34,164.85,163.42,2771744.0,47778544.0
2013-05-13,165.24,167.63,167.44,164.95,3536740.0,61292796.0
2013-05-10,163.42,166.0,165.14,163.13,3273011.0,56363796.0
2013-05-09,166.1,166.1,163.13,162.08,3532864.0,60286444.0
2013-05-08,163.6,165.92,164.34,163.5,4782632.0,84795600.0
2013-05-07,162.48,163.04,162.85,160.62,3826638.0,66720540.0
2013-05-06,160.9,163.88,162.76,160.9,4763614.0,83399608.0
2013-05-03,158.02,160.81,160.72,157.28,4241597.0,72801888.0
2013-05-02,156.16,158.86,156.53,155.6,3434327.0,58025748.0
2013-04-26,160.06,160.81,157.37,156.62,5312711.0,90298192.0
2013-04-25,167.04,167.04,159.13,158.95,9913122.0,171507632.0
2013-04-24,166.2,167.78,167.13,163.41,6553053.0,116818384.0
2013-04-23,172.06,172.43,166.29,165.83,4651834.0,83972496.0
2013-04-22,171.5,174.66,172.71,170.57,3665479.0,68062328.0
2013-04-19,169.82,172.33,171.59,168.71,5015061.0,92297632.0
2013-04-18,167.31,170.47,168.99,166.57,3201096.0,58034652.0
2013-04-17,170.1,170.38,167.31,165.83,4747114.0,85785888.0
2013-04-16,168.8,170.85,170.38,168.15,2740645.0,49959940.0
2013-04-15,173.26,175.96,169.08,168.71,4165571.0,76851112.0
2013-04-12,177.17,177.63,173.82,173.08,3664805.0,69110536.0
2013-04-11,177.35,179.12,177.07,176.15,2992687.0,57178504.0
2013-04-10,179.49,180.14,176.89,175.87,3864526.0,73899496.0
2013-04-09,179.4,180.61,179.31,177.54,4696415.0,90453320.0
2013-04-08,183.12,183.86,179.4,177.72,5347644.0,103899136.0
2013-04-03,180.79,186.46,181.44,180.42,4896997.0,96516128.0
2013-04-02,184.32,187.49,181.72,179.58,6718521.0,132316120.0
2013-04-01,186.65,187.67,184.6,182.84,6783932.0,135038016.0
2013-03-29,185.91,188.23,184.05,184.05,10056341.0,201285280.0
2013-03-28,179.4,191.39,187.95,177.07,23849722.0,471476672.0
2013-03-27,177.07,178.93,177.63,175.31,5751445.0,109515112.0
2013-03-26,172.71,177.72,177.54,170.29,6643897.0,124170448.0
2013-03-25,178.28,178.75,175.68,174.75,3505668.0,66437868.0
2013-03-22,175.77,177.54,177.17,174.56,5159694.0,97528728.0
2013-03-21,178.28,178.93,176.33,175.31,6007480.0,114482864.0
2013-03-20,174.19,178.47,178.28,172.98,6004632.0,114157048.0
2013-03-19,172.71,174.29,174.1,169.45,5554367.0,102840784.0
2013-03-18,177.35,179.12,171.96,171.96,8046026.0,151195888.0
2013-03-15,178.93,183.67,179.21,178.47,12601355.0,245813664.0
2013-03-14,178.0,181.16,178.93,176.7,9989494.0,192602336.0
2013-03-13,177.54,178.66,176.52,172.24,7471291.0,140523888.0
2013-03-12,182.19,182.47,177.45,173.73,10501043.0,200391856.0
2013-03-11,184.05,187.67,182.56,181.44,9763452.0,193427296.0
2013-03-08,177.26,188.97,182.84,177.07,20764856.0,413366848.0
2013-03-07,183.49,183.49,176.79,174.66,14649176.0,280947680.0
2013-03-06,179.4,185.16,183.12,177.54,21684448.0,424834624.0
2013-03-05,166.76,181.07,179.4,166.76,25793250.0,494943104.0
2013-03-04,170.01,170.75,164.62,163.32,6406553.0,115198184.0
2013-03-01,167.78,170.57,170.01,167.31,6476945.0,117765624.0
2013-02-28,166.29,167.87,167.5,165.18,9730797.0,174090272.0
2013-02-27,168.8,170.1,166.2,164.62,4178826.0,75122816.0
2013-02-26,170.1,171.59,168.71,168.34,4380665.0,80162808.0
2013-02-25,169.64,172.52,170.38,169.17,2762315.0,50611960.0
2013-02-22,173.36,173.63,169.92,169.17,4920452.0,90615120.0
2013-02-21,176.61,178.38,172.8,170.85,6346449.0,118952912.0
2013-02-20,172.89,177.54,177.07,171.68,6247328.0,117912560.0
2013-02-19,175.96,177.45,171.78,171.22,4595316.0,85769360.0
2013-02-18,177.17,179.58,176.05,175.96,5133707.0,98011192.0
2013-02-08,174.84,177.72,176.61,174.84,6602897.0,125643800.0
2013-02-07,172.33,176.15,174.84,171.5,9111685.0,170970672.0
2013-02-06,173.08,174.19,172.33,171.59,4585860.0,85182088.0
2013-02-05,170.57,174.56,173.36,170.2,5802156.0,107471776.0
2013-02-04,168.8,170.94,170.2,168.62,6384810.0,116559424.0
2013-02-01,167.59,170.1,168.62,167.41,3765614.0,68288336.0
2013-01-31,169.36,170.01,167.87,167.13,5530359.0,100144352.0
2013-01-30,168.99,170.38,169.27,168.34,3951912.0,71958944.0
2013-01-29,172.61,173.08,169.27,168.52,7210776.0,131713008.0
2013-01-28,169.17,172.71,171.96,168.71,3603551.0,66050592.0
2013-01-25,167.87,169.17,168.62,167.78,2536465.0,45956812.0
2013-01-24,170.66,171.96,167.87,167.31,4725084.0,86215840.0
2013-01-23,168.8,171.68,170.85,168.8,2258613.0,41363564.0
2013-01-22,174.56,174.56,169.73,168.8,4572962.0,84415280.0
2013-01-21,173.36,174.66,174.38,171.96,3668539.0,68540656.0
2013-01-18,171.5,173.73,172.89,171.4,4188013.0,77669288.0
2013-01-17,174.29,175.31,171.59,171.4,3157611.0,58673308.0
2013-01-16,174.75,176.33,173.82,172.24,4813849.0,90166856.0
2013-01-15,172.8,175.77,175.03,171.87,6420315.0,120525936.0
2013-01-14,167.31,172.52,171.96,167.31,4539389.0,83827016.0
2013-01-11,170.57,171.5,168.52,167.78,3439162.0,62893040.0
2013-01-10,170.29,172.33,170.2,168.8,3890407.0,71510624.0
2013-01-09,172.15,172.89,170.57,169.73,2931575.0,53934040.0
2013-01-08,170.94,173.36,171.96,170.85,3876922.0,71831496.0
2013-01-07,170.85,174.1,170.75,169.73,3335121.0,61540168.0
2013-01-04,174.75,175.03,171.59,170.57,4105389.0,75875720.0
2012-12-31,169.82,174.75,174.75,169.45,5339829.0,98768192.0
2012-12-28,167.31,169.64,169.36,165.92,3660431.0,65806160.0
2012-12-27,168.71,169.92,166.94,166.38,2651838.0,47818176.0
2012-12-26,167.69,169.27,168.71,167.5,2417864.0,43792592.0
2012-12-25,165.18,169.08,168.15,164.43,5305989.0,95590848.0
2012-12-24,162.85,166.2,165.18,162.39,2645150.0,46927408.0
2012-12-21,162.57,164.15,162.94,161.27,2485169.0,43607580.0
2012-12-20,162.48,162.85,162.48,159.88,2401700.0,41741696.0
2012-12-19,161.64,163.13,162.48,160.81,2061194.0,35891028.0
2012-12-18,162.2,164.15,161.92,160.16,2847039.0,49628168.0
2012-12-17,163.04,164.53,162.11,161.55,2537115.0,44330620.0
2012-12-14,157.74,163.22,162.67,157.55,3096434.0,53771908.0
2012-12-13,158.11,158.95,157.55,157.0,1032308.0,17536622.0
2012-12-12,159.41,160.62,158.95,157.83,1638821.0,28017574.0
2012-12-11,160.81,160.81,159.13,158.48,1236533.0,21200684.0
2012-12-10,161.55,161.55,160.62,157.55,1795280.0,30942388.0
2012-12-07,157.09,160.06,159.69,156.62,2507311.0,42777540.0
2012-12-06,159.69,159.69,157.18,156.35,2440389.0,41398416.0
2012-12-05,156.25,163.04,158.85,155.32,3490750.0,59559728.0
2012-12-04,153.46,157.28,157.18,152.72,999913.0,16721927.0
2012-12-03,159.97,161.27,154.58,152.63,2421786.0,40250112.0
2012-11-30,161.46,163.5,159.97,158.95,1177366.0,20316664.0
2012-11-29,161.92,163.32,161.46,160.9,1585792.0,27654902.0
2012-11-28,163.13,163.97,161.92,161.37,1239565.0,21688238.0
2012-11-27,163.04,164.99,163.13,161.18,1108859.0,19404616.0
2012-11-26,165.55,166.01,163.13,163.13,1038996.0,18312276.0
2012-11-23,169.08,169.36,166.66,164.62,1642761.0,29539678.0
2012-11-22,168.8,169.64,168.34,167.31,533595.0,9660317.0
2012-11-21,168.71,169.82,169.82,166.94,605470.0,10988133.0
2012-11-20,168.99,169.45,168.71,167.41,607674.0,11026063.0
2012-11-19,169.45,169.45,168.06,167.69,525691.0,9518599.0
2012-11-16,165.55,169.27,168.71,165.55,1071407.0,19345702.0
2012-11-15,167.59,169.08,166.76,166.48,555733.0,10040082.0
2012-11-14,167.13,168.99,168.06,166.85,835774.0,15107133.0
2012-11-13,169.64,170.75,167.78,165.18,935335.0,16858866.0
2012-11-12,168.89,171.03,170.47,168.89,590871.0,10820579.0
2012-11-09,168.24,171.03,170.19,168.06,790638.0,14463855.0
2012-11-08,171.4,171.96,169.73,169.45,1126484.0,20644916.0
2012-11-07,172.15,172.89,172.24,171.31,740874.0,13735030.0
2012-11-06,172.43,172.43,172.15,170.85,1153772.0,21291120.0
2012-11-05,172.05,173.63,172.05,170.29,2288928.0,42209068.0
2012-11-02,172.89,174.38,173.45,170.94,1659501.0,30705024.0
2012-11-01,171.03,173.82,173.54,170.1,1602506.0,29737408.0
2012-10-31,172.89,173.63,171.12,171.03,535603.0,9894898.0
2012-10-30,173.73,175.59,173.08,171.96,840838.0,15643228.0
2012-10-29,170.66,174.19,174.01,168.24,1643386.0,30421730.0
2012-10-26,173.45,174.56,170.85,167.5,1432886.0,26197750.0
2012-10-25,174.38,175.49,173.82,173.73,695855.0,13064748.0
2012-10-24,173.54,175.59,174.47,173.54,745252.0,14026714.0
2012-10-23,175.4,176.52,175.12,173.91,982713.0,18478016.0
2012-10-22,174.01,176.14,175.4,174.01,576532.0,10878088.0
2012-10-19,174.38,177.72,175.4,174.38,1184791.0,22431672.0
2012-10-18,173.54,175.96,175.68,173.26,1582031.0,29800230.0
2012-10-17,174.1,174.84,173.54,172.43,891580.0,16688824.0
2012-10-16,172.8,174.94,174.1,172.8,951755.0,17815020.0
2012-10-15,172.43,174.66,174.19,172.43,1025858.0,19157176.0
2012-10-12,173.73,175.21,173.35,172.52,1016751.0,18970786.0
2012-10-11,173.73,173.73,172.98,172.52,1066471.0,19840830.0
2012-10-10,173.73,174.56,174.28,172.33,1452657.0,27173474.0
2012-10-09,172.15,175.49,174.19,170.75,2403937.0,44817164.0
2012-10-08,171.68,172.43,170.1,169.27,1076040.0,19730010.0
2012-09-28,168.06,172.24,171.96,167.59,2779221.0,50911324.0
2012-09-27,164.71,171.87,169.92,164.53,1877288.0,34204764.0
2012-09-26,165.64,167.31,165.46,164.71,844444.0,15047354.0
2012-09-25,167.96,168.8,167.5,164.53,1525958.0,27321064.0
2012-09-24,167.22,169.36,169.17,164.34,1365934.0,24487844.0
2012-09-21,167.5,170.1,167.31,167.31,1314330.0,23808302.0
2012-09-20,171.12,171.12,169.17,167.96,1526845.0,27785450.0
2012-09-19,171.68,172.33,171.78,170.47,1186852.0,21851018.0
2012-09-18,170.29,172.43,171.68,170.29,972686.0,17960988.0
2012-09-17,174.75,175.12,171.31,171.31,1469962.0,27452600.0
2012-09-14,174.84,176.05,173.91,172.43,3259806.0,60937972.0
2012-09-13,176.61,177.54,174.66,174.66,2100748.0,39740384.0
2012-09-12,176.7,179.21,176.42,174.47,2314102.0,43837012.0
2012-09-11,178.19,178.19,176.52,175.96,1689549.0,32110916.0
2012-09-10,180.05,180.05,178.47,176.79,1710592.0,32767370.0
2012-09-07,172.06,180.23,178.38,171.4,3717658.0,70546424.0
2012-09-06,169.64,171.4,170.94,169.17,1280489.0,23463608.0
2012-09-05,175.22,176.15,169.73,167.5,4120247.0,75382944.0
2012-09-04,180.61,180.98,176.42,176.42,1224905.0,23503758.0
2012-09-03,176.79,180.33,179.49,176.79,1128128.0,21796356.0
2012-08-31,176.79,180.33,178.19,176.79,641484.0,12330586.0
2012-08-30,182.09,182.56,178.1,176.79,1184707.0,22858988.0
2012-08-29,183.3,183.3,181.26,176.61,952021.0,18573726.0
2012-08-28,183.12,186.65,184.23,181.35,1507455.0,29772472.0
2012-08-27,185.16,186.46,184.6,182.93,1240281.0,24639374.0
2012-08-24,185.07,187.02,186.65,183.58,1920563.0,38298968.0
2012-08-23,186.37,188.51,186.65,183.77,2466451.0,49475972.0
2012-08-22,183.58,191.67,187.58,182.28,3109207.0,62399752.0
2012-08-21,182.28,184.51,183.21,182.28,1171302.0,23094616.0
2012-08-20,185.53,185.53,182.28,180.23,1840993.0,35965276.0
2012-08-17,187.58,187.76,185.91,184.97,1834656.0,36795776.0
2012-08-16,182.28,188.23,187.58,182.28,3523508.0,70582112.0
2012-08-15,184.05,184.32,182.65,182.0,1572066.0,30960686.0
2012-08-14,182.19,184.42,183.21,181.72,2361894.0,46532024.0
2012-08-13,183.12,184.51,182.19,181.91,1674730.0,33006176.0
2012-08-10,184.05,184.79,184.05,182.56,1623392.0,32097048.0
2012-08-09,183.49,185.07,184.97,181.63,2397992.0,47325092.0
2012-08-08,185.81,189.72,183.58,182.65,5106933.0,101664456.0
2012-08-07,180.14,181.72,180.88,178.84,2417984.0,46897960.0
2012-08-06,177.45,179.77,178.56,175.68,3683606.0,70481056.0
2012-08-03,176.98,178.0,177.07,176.15,2032195.0,38665716.0
2012-08-02,178.93,178.93,176.05,175.49,2340217.0,44471508.0
2012-08-01,175.22,179.31,179.31,175.22,1470033.0,27995718.0
2012-07-31,178.38,180.61,175.31,174.84,1533773.0,29239024.0
2012-07-30,182.37,183.67,178.0,177.54,959520.0,18688298.0
2012-07-27,181.35,184.23,181.81,181.35,1304179.0,25652812.0
2012-07-26,180.79,183.86,181.26,180.7,1777594.0,34867168.0
2012-07-25,181.91,182.28,180.98,180.42,743909.0,14513429.0
2012-07-24,179.21,182.93,181.07,179.21,1003494.0,19553734.0
2012-07-23,180.42,182.65,180.7,178.93,812080.0,15785563.0
2012-07-20,182.09,182.56,181.81,179.68,1380007.0,26899378.0
2012-07-19,180.51,184.42,182.0,179.31,2784370.0,54455404.0
2012-07-18,176.61,177.72,177.54,174.75,1564998.0,29732638.0
2012-07-17,175.49,177.91,176.61,174.28,2234428.0,42375456.0
2012-07-16,181.26,181.26,175.49,173.45,3358918.0,63475184.0
2012-07-13,181.26,183.49,180.14,179.4,2036662.0,39691376.0
2012-07-12,178.28,182.47,180.05,176.24,2271463.0,43934500.0
2012-07-11,177.07,178.65,178.56,175.87,1370597.0,26192652.0
2012-07-10,182.28,183.3,176.15,175.4,3708661.0,70815248.0
2012-07-09,184.79,187.21,182.47,180.42,2762500.0,54489676.0
2012-07-06,182.74,186.83,185.53,180.98,2316590.0,45924236.0
2012-07-05,185.16,185.16,182.19,179.4,4263490.0,83106936.0
2012-07-04,195.11,195.66,185.81,181.44,6048718.0,122897904.0
2012-07-03,197.71,202.36,195.01,193.34,4701865.0,100456832.0
2012-07-02,196.69,199.1,197.71,195.39,2720981.0,57777772.0
2012-06-29,192.69,196.69,196.41,191.76,1539080.0,32285658.0
2012-06-28,193.34,195.94,193.25,192.88,1787145.0,37425884.0
2012-06-27,192.88,196.31,192.32,192.13,1164063.0,24376842.0
2012-06-26,193.71,195.2,192.88,190.37,1638698.0,34091504.0
2012-06-25,195.39,198.36,195.11,193.34,2035583.0,42974640.0
2012-06-21,200.59,200.59,196.87,193.34,3425961.0,72313272.0
2012-06-20,200.31,202.73,200.78,198.92,2566457.0,55361864.0
2012-06-19,204.22,205.43,200.68,200.59,3152704.0,68810456.0
2012-06-18,204.96,208.31,204.12,203.1,3873715.0,85763192.0
2012-06-15,200.68,206.35,204.5,200.68,4735988.0,104221344.0
2012-06-14,203.29,205.8,200.59,200.13,2468144.0,53763468.0
2012-06-13,199.85,205.98,203.57,198.27,4996612.0,109365656.0
2012-06-12,197.34,200.96,198.64,197.34,2240825.0,48101092.0
2012-06-11,196.97,201.61,198.73,196.13,2699947.0,57746000.0
2012-06-08,197.99,201.71,196.5,196.22,2451184.0,52324380.0
2012-06-07,201.71,202.64,197.25,196.5,3795034.0,81475528.0
2012-06-06,201.58,201.58,200.77,198.06,3934345.0,86723976.0
2012-06-05,195.71,203.48,202.04,194.35,8186026.0,182208736.0
2012-06-04,196.07,199.78,195.71,194.08,4377262.0,95096312.0
2012-06-01,200.86,201.22,198.24,197.06,4154722.0,91469248.0
2012-05-31,196.25,204.39,200.86,194.9,10644700.0,235809088.0
2012-05-30,192.36,196.7,194.9,192.36,6099781.0,131570016.0
2012-05-29,186.67,190.56,190.38,185.13,2001885.0,41560008.0
2012-05-28,185.76,186.94,186.49,181.52,3854001.0,78360864.0
2012-05-25,189.38,191.46,187.66,187.66,1562169.0,32665456.0
2012-05-24,190.83,193.0,190.74,189.38,1803943.0,38179596.0
2012-05-23,190.56,192.45,191.55,189.2,2425401.0,51200840.0
2012-05-22,187.39,190.1,189.83,187.21,2318884.0,48625200.0
2012-05-21,184.5,187.21,186.76,183.78,1669546.0,34303244.0
2012-05-18,187.57,188.75,185.04,184.77,1951954.0,40325112.0
2012-05-17,187.66,189.56,189.2,187.12,1893852.0,39503640.0
2012-05-16,189.11,189.83,187.66,187.21,3256233.0,67920112.0
2012-05-15,190.56,190.56,189.29,188.12,2452253.0,51270052.0
2012-05-14,189.83,193.99,192.0,189.11,4390364.0,93141000.0
2012-05-11,190.74,192.0,189.2,189.02,3216482.0,67636776.0
2012-05-10,191.19,194.35,191.64,190.92,2909607.0,61889612.0
2012-05-09,194.62,194.62,191.19,191.19,4565983.0,96955192.0
2012-05-08,194.99,197.52,195.98,193.9,7195811.0,155985408.0
2012-05-07,189.11,196.61,195.71,188.48,10833649.0,232188160.0
2012-05-04,187.12,190.92,190.74,185.13,5819232.0,121566440.0
2012-05-03,183.96,188.02,187.84,183.69,5436302.0,112112800.0
2012-05-02,182.6,183.96,183.23,179.44,5125549.0,103278472.0
2012-04-27,182.33,182.96,179.89,179.53,2915635.0,58272052.0
2012-04-26,180.61,186.22,182.42,178.99,4514261.0,91569280.0
2012-04-25,178.62,180.61,179.71,175.64,3512787.0,69205736.0
2012-04-24,180.7,180.7,179.44,173.74,8470757.0,165983632.0
2012-04-20,184.41,185.67,185.22,183.14,2490941.0,50928036.0
2012-04-19,182.96,185.31,184.23,182.87,2346517.0,47772548.0
2012-04-18,182.69,185.04,184.5,179.44,6136457.0,124190664.0
2012-04-17,180.52,183.05,181.88,180.43,2357817.0,47424836.0
2012-04-16,181.25,182.51,180.88,179.53,2132135.0,42750292.0
2012-04-13,182.33,183.41,182.06,180.25,4594020.0,92346744.0
2012-04-12,178.08,182.78,182.33,176.81,3781779.0,75297040.0
2012-04-11,176.27,179.8,177.0,175.46,2402890.0,47109508.0
2012-04-10,178.08,180.16,178.71,174.65,2531457.0,49557952.0
2012-04-09,181.7,182.51,179.17,178.99,1361703.0,27199960.0
2012-04-06,183.5,183.5,182.69,180.79,2673447.0,53852692.0
2012-04-05,179.8,185.4,185.22,176.27,5595417.0,111343304.0
2012-03-30,179.89,180.79,178.99,175.91,4223757.0,82922328.0
2012-03-29,183.96,184.59,179.89,176.27,4745424.0,94165360.0
2012-03-28,190.74,190.74,185.31,183.14,2492095.0,51436988.0
2012-03-27,189.38,191.37,190.74,188.21,2058134.0,43212708.0
2012-03-26,189.29,189.83,188.48,187.12,1339582.0,27953714.0
2012-03-23,188.48,189.83,188.75,186.67,2448253.0,51031488.0
2012-03-22,188.66,191.19,187.84,187.57,2382402.0,49731688.0
2012-03-21,193.45,193.81,188.48,187.84,3391462.0,71398200.0
2012-03-20,197.79,197.79,191.64,189.92,4515953.0,96326040.0
2012-03-19,198.87,200.68,198.15,196.16,4727797.0,103431344.0
2012-03-16,195.07,198.87,198.87,193.9,3809231.0,82556944.0
2012-03-15,193.63,196.16,195.26,189.92,3622924.0,77677984.0
2012-03-14,201.04,205.92,194.35,193.09,7701073.0,170901344.0
2012-03-13,201.31,201.31,200.59,196.88,3853328.0,84760320.0
2012-03-12,199.32,202.58,201.4,198.87,4027882.0,89557328.0
2012-03-09,198.51,199.32,199.14,196.25,2830727.0,62107820.0
2012-03-08,193.72,197.25,197.06,193.18,3957227.0,85790448.0
2012-03-07,193.27,196.52,193.54,192.81,3420178.0,73799032.0
2012-03-06,198.42,198.69,194.99,192.09,6165130.0,132798088.0
2012-03-05,200.68,202.4,198.69,198.42,4396710.0,97060928.0
2012-03-02,197.88,200.77,200.23,197.88,5558520.0,122724144.0
2012-03-01,198.6,199.96,197.06,195.98,3842168.0,83894824.0
2012-02-29,199.96,202.49,198.69,197.15,3069835.0,67738496.0
2012-02-28,202.85,206.1,200.95,199.59,3371801.0,75073952.0
2012-02-27,205.02,209.27,203.39,202.13,4496692.0,102559408.0
2012-02-24,203.39,206.65,204.39,200.23,5190247.0,116688192.0
2012-02-23,196.97,205.02,203.57,195.53,7847664.0,174179296.0
2012-02-22,192.09,198.33,197.16,191.64,6758936.0,146235424.0
2012-02-21,187.3,191.01,190.74,186.94,3180426.0,66639332.0
2012-02-20,195.26,195.53,188.39,187.48,5992003.0,126589280.0
2012-02-17,197.61,197.88,192.54,192.36,3048419.0,65299480.0
2012-02-16,195.26,199.41,195.07,194.35,3890859.0,84696144.0
2012-02-15,198.78,198.87,196.61,191.64,5901546.0,127166136.0
2012-02-14,196.43,199.5,196.07,194.8,5327625.0,116718336.0
2012-02-13,193.45,200.14,196.34,191.73,6128984.0,133885808.0
2012-02-10,189.83,198.87,196.61,189.83,9041608.0,194939344.0
2012-02-09,184.77,190.47,188.75,183.32,5153404.0,107123408.0
2012-02-08,179.89,186.4,184.68,179.8,2328831.0,47160692.0
2012-02-07,184.59,185.22,180.79,180.07,3105095.0,62454192.0
2012-02-06,180.79,187.12,186.13,179.8,6368414.0,129953072.0
2012-02-03,174.92,181.52,179.71,173.74,4187595.0,82598984.0
2012-02-02,173.38,175.73,174.92,172.02,2203070.0,42522520.0
2012-02-01,174.19,175.91,172.02,171.84,1507283.0,28949112.0
2012-01-31,175.37,175.37,174.19,172.57,982778.0,18872362.0
2012-01-30,178.89,178.89,174.47,172.66,1938019.0,37654068.0
2012-01-20,174.65,179.44,178.08,173.02,2587774.0,50521440.0
2012-01-19,172.48,175.91,174.47,170.22,2044658.0,39276460.0
2012-01-18,175.37,175.82,171.12,170.49,2531999.0,48544304.0
2012-01-17,166.33,175.73,175.01,165.88,2511027.0,47776056.0
2012-01-16,167.23,170.31,166.33,166.33,1348650.0,25129522.0
2012-01-13,173.56,175.01,169.49,167.05,2355232.0,44263340.0
2012-01-12,171.03,176.09,173.56,170.49,2564872.0,49266252.0
2012-01-11,173.74,175.28,172.57,169.58,2742807.0,52415120.0
2012-01-10,165.25,174.47,173.56,164.61,3939459.0,73960720.0
2012-01-09,158.19,165.43,164.52,157.38,2326734.0,41944820.0
2012-01-06,162.44,163.16,160.0,155.93,1958813.0,34512048.0
2012-01-05,169.94,170.76,162.26,161.45,4160022.0,75531136.0
2012-01-04,178.89,178.89,170.4,170.4,2585746.0,49626524.0
