date,open,high,close,low,volume,amount
2015-05-29,485.96,527.42,527.42,485.96,50732104.0,3608338432.0
2015-05-28,501.1,512.64,479.47,475.87,42219320.0,2888479488.0
2015-05-27,518.33,539.17,501.25,489.71,46411260.0,3292662528.0
2015-05-26,475.87,509.61,509.61,463.61,40095916.0,2726962176.0
2015-05-25,406.0,463.25,463.25,403.98,50794436.0,3088156416.0
2015-05-22,442.34,448.83,421.14,412.13,41013064.0,2425561088.0
2015-05-21,432.61,447.03,439.74,419.34,41386176.0,2473624064.0
2015-05-20,439.45,457.91,439.82,424.68,51262936.0,3126996480.0
2015-05-19,413.14,440.61,439.1,403.76,50059608.0,2963244288.0
2015-05-18,364.83,400.52,400.52,364.83,32274126.0,1755352448.0
2015-05-15,345.0,384.01,364.11,333.83,43589888.0,2154625792.0
2015-05-14,346.08,360.22,350.05,328.06,52437728.0,2515287808.0
2015-05-13,308.66,349.4,341.9,305.13,61416760.0,2876882944.0
2015-05-12,314.94,323.59,317.6,304.7,52118880.0,2265423360.0
2015-05-11,285.52,311.48,311.48,285.52,58125208.0,2465125120.0
2015-05-08,263.17,283.14,283.14,263.17,46878856.0,1779133184.0
2015-05-07,270.38,277.81,257.4,252.35,30874636.0,1130068096.0
2015-05-06,265.33,282.27,271.82,265.33,37199656.0,1414097152.0
2015-05-05,264.54,278.17,266.2,259.78,33748076.0,1265185408.0
2015-05-04,267.06,270.38,265.04,259.56,25727152.0,946522944.0
2015-04-30,279.97,281.91,271.1,266.77,36023524.0,1365056384.0
2015-04-29,273.77,283.36,278.09,269.3,43533860.0,1679253120.0
2015-04-28,255.31,278.89,268.36,255.31,66321720.0,2466249472.0
2015-04-27,237.21,258.84,254.73,237.21,51553740.0,1779898752.0
2015-04-24,234.18,238.65,235.99,229.35,36943672.0,1200904960.0
2015-04-23,241.75,244.21,239.95,234.98,32675248.0,1087554432.0
2015-04-22,238.0,248.75,240.09,237.79,35500772.0,1191080832.0
2015-04-21,216.45,233.03,232.02,216.37,37334052.0,1172043008.0
2015-04-20,229.93,229.93,216.37,215.58,46180592.0,1418739712.0
2015-04-17,241.39,241.54,231.37,230.36,30855116.0,1000471296.0
2015-04-16,227.48,242.11,233.53,224.67,30445424.0,990785024.0
2015-04-15,253.07,253.07,234.33,229.28,41290936.0,1381192960.0
2015-04-14,261.73,261.73,254.3,249.54,38281728.0,1352878208.0
2015-04-13,260.14,268.57,262.52,255.96,33035306.0,1200848256.0
2015-04-10,259.42,270.38,262.45,258.26,33114684.0,1221806976.0
2015-04-09,260.43,262.45,258.26,243.63,45625216.0,1603337472.0
2015-04-08,275.43,277.44,262.66,254.37,49685464.0,1816099456.0
2015-04-07,244.78,269.08,269.08,244.64,50771012.0,1828635392.0
2015-04-03,237.57,246.73,244.64,234.4,39498056.0,1332420608.0
2015-04-02,241.54,251.2,239.3,238.51,44018712.0,1487422080.0
2015-04-01,227.12,238.51,234.47,226.97,39429208.0,1280563328.0
2015-03-31,227.12,232.09,227.26,222.0,34870280.0,1096510336.0
2015-03-30,231.51,237.79,229.28,226.4,32218412.0,1031688064.0
2015-03-27,221.56,234.33,231.3,220.63,36130288.0,1143405824.0
2015-03-26,235.05,240.02,221.56,216.37,49435644.0,1560084224.0
2015-03-25,239.37,239.52,235.41,230.72,42755212.0,1399202944.0
2015-03-24,234.33,248.17,241.25,223.51,76008752.0,2511130112.0
2015-03-23,216.16,238.37,233.75,213.85,64921424.0,2024892672.0
2015-03-20,208.37,221.06,217.17,207.51,68718976.0,2070038144.0
2015-03-19,209.09,210.89,208.37,204.62,37510720.0,1075917696.0
2015-03-18,208.3,213.78,210.25,203.32,44357832.0,1282478848.0
2015-03-17,211.9,216.16,209.6,205.85,47364656.0,1383052416.0
2015-03-16,205.49,216.3,211.98,204.69,53568956.0,1577328000.0
2015-03-13,197.99,206.21,201.88,196.26,36129972.0,1013252096.0
2015-03-12,204.77,204.91,197.63,188.25,41124660.0,1116788864.0
2015-03-11,211.9,213.13,202.6,196.26,55174424.0,1565603968.0
2015-03-10,197.34,215.8,213.06,194.09,55435092.0,1599331712.0
2015-03-09,190.2,201.52,196.76,187.39,43531360.0,1178667520.0
2015-03-06,212.55,212.7,192.44,192.44,71433208.0,1990408448.0
2015-03-05,213.35,221.93,213.78,207.65,49849768.0,1477738752.0
2015-03-04,210.53,222.0,215.65,208.44,58007576.0,1722052352.0
2015-03-03,217.38,219.91,211.76,210.53,52117368.0,1553051392.0
2015-03-02,212.19,224.31,220.63,207.0,74493992.0,2221031936.0
2015-02-27,187.53,205.85,205.85,184.58,63293656.0,1721206016.0
2015-02-26,189.7,198.13,187.1,180.4,60057336.0,1572406912.0
2015-02-25,202.6,207.65,189.7,187.53,69244120.0,1901491712.0
2015-02-17,181.12,195.68,195.68,173.91,59488196.0,1532147072.0
2015-02-16,166.19,178.81,177.87,165.83,46273072.0,1109371648.0
2015-02-13,164.82,172.82,165.11,164.39,44763824.0,1044382912.0
2015-02-12,165.11,167.27,163.96,162.01,31585700.0,721283776.0
2015-02-11,158.84,170.73,165.11,157.61,59363920.0,1367858432.0
2015-02-10,145.57,159.34,158.55,142.9,49019868.0,1037092864.0
2015-02-09,148.02,153.21,145.43,142.9,36603140.0,748921792.0
2015-02-06,156.17,159.34,149.47,147.45,54457012.0,1145874432.0
2015-02-05,148.38,163.02,158.04,147.09,90178896.0,1947790976.0
2015-02-04,148.46,155.59,148.17,144.63,88899264.0,1846042752.0
2015-02-03,130.57,142.83,142.83,130.57,36599824.0,707562688.0
2015-02-02,126.97,134.47,129.85,126.68,32935050.0,599019136.0
2015-01-30,138.29,139.37,130.36,130.36,46434592.0,861187648.0
2015-01-29,134.4,140.96,138.5,133.82,37936280.0,725079680.0
2015-01-28,142.76,146.0,136.92,135.26,59515496.0,1149518336.0
2015-01-27,141.32,146.8,143.19,138.79,68309552.0,1355565184.0
2015-01-26,133.39,145.64,141.68,132.16,101150808.0,1962902016.0
2015-01-23,137.35,145.28,134.03,133.39,100964440.0,1941187456.0
2015-01-22,143.48,145.07,137.93,136.13,119333368.0,2320106752.0
2015-01-21,132.66,136.85,136.85,131.22,99700336.0,1875690880.0
2015-01-20,114.86,124.37,124.37,113.56,47512896.0,802669312.0
2015-01-19,109.59,120.12,113.05,108.73,88848072.0,1409482752.0
2015-01-16,107.43,118.17,114.28,106.13,113722160.0,1802809088.0
2015-01-15,106.49,108.3,107.43,104.69,29025820.0,428983136.0
2015-01-14,112.12,113.2,105.92,105.56,46793668.0,711167552.0
2015-01-13,107.72,113.78,112.69,106.71,57938076.0,896156096.0
2015-01-12,103.83,109.95,107.86,103.83,36406080.0,544592512.0
2015-01-09,107.65,110.24,104.91,104.91,32230438.0,478752032.0
2015-01-08,108.44,112.19,108.15,107.43,44869048.0,684438912.0
2015-01-07,105.99,111.61,109.74,102.82,63381396.0,948631424.0
2015-01-06,105.27,108.87,105.56,104.47,38004688.0,560975488.0
2015-01-05,108.51,109.74,105.27,103.18,37591152.0,554204736.0
2014-12-31,104.83,109.59,107.14,103.61,42962932.0,642462848.0
2014-12-30,104.19,107.86,104.83,101.37,48791024.0,709508928.0
2014-12-29,98.35,105.92,105.19,96.69,50593976.0,715758016.0
2014-12-26,96.54,99.43,97.7,94.89,31990216.0,431806752.0
2014-12-25,96.76,98.35,97.19,96.18,20652512.0,278862176.0
2014-12-24,94.24,100.0,96.61,94.24,30108020.0,405398816.0
2014-12-23,98.13,100.0,93.59,92.87,36391204.0,484417632.0
2014-12-22,105.56,106.42,97.19,97.05,57735100.0,801805952.0
2014-12-19,112.48,112.48,107.79,106.85,60367772.0,916563072.0
2014-12-18,105.27,115.36,111.9,104.55,100550008.0,1544165632.0
2014-12-17,98.42,107.94,106.35,95.75,95147648.0,1356705280.0
2014-12-16,102.02,102.74,99.57,98.56,66264852.0,920011392.0
2014-12-15,101.52,107.43,103.32,101.52,82572048.0,1198586880.0
2014-12-12,94.81,102.38,101.45,92.94,85358856.0,1158035712.0
2014-12-11,89.19,93.66,93.16,88.32,34190488.0,434900256.0
2014-12-10,85.44,90.2,89.62,85.08,25940274.0,317091616.0
2014-12-09,93.59,94.52,86.38,85.94,46530280.0,589188672.0
2014-12-08,89.98,94.81,93.59,88.32,50519284.0,650283392.0
2014-12-05,93.37,93.73,89.69,88.68,41722464.0,525699296.0
2014-12-04,93.95,95.68,93.3,92.29,48302408.0,629629632.0
2014-12-03,91.57,94.31,94.24,88.97,52448164.0,659745152.0
2014-12-02,92.79,94.38,92.22,91.28,34712996.0,447003264.0
2014-12-01,96.61,97.26,92.79,92.43,36892524.0,484258048.0
2014-11-28,96.47,97.84,96.47,96.25,23516384.0,315746816.0
2014-11-27,96.47,97.84,96.47,95.97,28940356.0,388949824.0
2014-11-26,98.13,98.63,96.76,93.88,48042264.0,640946752.0
2014-11-25,97.34,100.51,99.57,96.69,28981172.0,398131648.0
2014-11-24,98.49,99.14,97.26,97.05,23202344.0,314800000.0
2014-11-21,97.26,98.56,97.05,95.89,19353830.0,261187920.0
2014-11-20,98.71,98.71,97.91,96.69,15821951.0,214323968.0
2014-11-19,98.27,100.08,98.92,96.61,24102208.0,329659488.0
2014-11-18,96.04,100.65,98.63,95.25,25448046.0,347850944.0
2014-11-17,94.89,98.42,96.33,93.08,24120044.0,322277504.0
2014-11-14,93.8,95.32,93.59,92.29,20428894.0,266385264.0
2014-11-13,99.28,99.57,94.38,94.02,35218424.0,466143808.0
2014-11-12,98.42,100.51,99.21,96.61,25214128.0,345133664.0
2014-11-11,109.31,109.81,98.92,97.98,56969364.0,807505408.0
2014-11-10,109.67,110.6,108.87,106.64,40238328.0,605532032.0
2014-11-07,105.12,110.1,109.74,103.83,51890644.0,766530240.0
2014-11-06,106.56,106.56,105.05,104.19,18256624.0,266003520.0
2014-11-05,104.11,106.78,105.92,102.17,31234654.0,453597440.0
2014-11-04,106.78,107.21,104.55,103.25,35376256.0,514953152.0
2014-11-03,106.71,108.66,106.49,104.69,42117984.0,622867904.0
2014-10-31,114.64,115.22,107.36,106.35,69202464.0,1050596032.0
2014-10-30,115.36,116.73,113.92,112.91,50921624.0,807428160.0
2014-10-29,111.47,118.97,116.16,109.95,83559272.0,1340665088.0
2014-10-28,112.77,114.42,111.11,110.39,64411288.0,1003343936.0
2014-10-27,108.66,111.97,111.97,106.71,49512916.0,753399168.0
2014-10-24,105.99,111.76,109.16,105.27,68817600.0,1045811520.0
2014-10-23,103.11,106.56,105.12,102.53,30933880.0,451220096.0
2014-10-22,104.04,106.56,104.33,102.38,29127520.0,424306432.0
2014-10-21,105.99,107.21,103.18,102.89,28286248.0,411546784.0
2014-10-20,103.11,107.29,106.64,101.73,39554704.0,578004096.0
2014-10-17,101.66,105.48,103.18,101.16,40403852.0,577235328.0
2014-10-16,106.06,107.21,101.66,101.52,57808072.0,838725824.0
2014-10-15,109.45,110.31,108.66,105.99,48160124.0,725482048.0
2014-10-14,107.07,110.53,109.02,105.34,47633036.0,714463616.0
2014-10-13,108.66,109.59,107.72,103.68,45240700.0,668248128.0
2014-10-10,113.2,113.56,110.82,108.58,57772976.0,884853184.0
2014-10-09,116.8,118.1,113.85,110.31,87041872.0,1373755264.0
2014-10-08,104.55,115.29,115.29,103.9,76601320.0,1173250688.0
2014-09-30,97.84,107.0,104.83,97.05,93251792.0,1320801792.0
2014-09-29,95.39,99.86,97.84,94.02,68554720.0,926651072.0
2014-09-26,94.81,97.19,94.96,93.52,48025852.0,633773056.0
2014-09-25,93.88,100.72,96.25,93.8,86188480.0,1160457984.0
2014-09-24,91.86,96.61,93.16,90.13,63552260.0,825205312.0
2014-09-23,89.98,92.72,92.22,89.69,43633096.0,553454336.0
2014-09-22,95.89,97.05,92.0,89.98,66983160.0,860891456.0
2014-09-19,92.14,101.88,97.84,90.99,95185008.0,1270586240.0
2014-09-18,91.93,94.16,92.87,89.41,58104552.0,740360384.0
2014-09-17,91.28,93.44,91.93,89.77,65325220.0,828836800.0
2014-09-16,103.03,104.4,92.72,92.72,156880416.0,2097732224.0
2014-09-15,94.09,103.03,103.03,93.73,98762024.0,1360268928.0
2014-09-12,93.59,94.96,93.66,91.71,76647920.0,997357632.0
2014-09-11,97.41,99.43,93.66,91.28,114781392.0,1502248320.0
2014-09-10,97.91,100.72,96.25,94.38,152529312.0,2053725824.0
2014-09-09,88.68,94.24,94.24,86.31,76461704.0,966160768.0
2014-09-05,81.4,87.82,85.66,80.75,92449136.0,1088810624.0
2014-09-04,75.2,82.12,80.39,74.62,66459632.0,720159168.0
2014-09-03,72.03,77.8,75.06,71.74,68573376.0,708137536.0
2014-09-02,70.66,72.53,71.67,70.44,58868256.0,582919488.0
2014-09-01,65.68,71.96,71.96,65.68,85443592.0,832950144.0
2014-08-29,65.76,67.99,65.4,65.25,35307364.0,325820992.0
2014-08-28,65.61,67.49,65.68,64.89,33781564.0,310639968.0
2014-08-27,62.3,68.21,65.76,62.3,43283312.0,393709056.0
2014-08-26,63.3,64.6,62.15,61.79,24618284.0,214683728.0
2014-08-25,63.88,64.67,63.66,62.37,26975012.0,237083104.0
2014-08-22,60.71,65.47,63.95,60.35,45104552.0,394684544.0
2014-08-21,61.5,61.5,60.56,59.63,20596354.0,172654960.0
2014-08-20,61.94,62.58,61.5,61.0,23156802.0,197946800.0
2014-08-19,63.16,63.16,62.08,61.36,25794940.0,222189536.0
2014-08-18,61.07,62.73,62.73,60.64,32732312.0,281325856.0
2014-08-15,60.93,61.86,60.64,59.92,31416292.0,265622048.0
2014-08-14,60.35,61.07,59.34,59.27,21839330.0,181835648.0
2014-08-13,59.77,60.28,60.28,58.84,23387496.0,193351584.0
2014-08-12,59.56,60.13,59.77,59.05,26240092.0,216959168.0
2014-08-11,57.97,60.06,59.12,57.97,24916516.0,204727728.0
2014-08-08,57.18,58.4,57.97,56.89,16804304.0,134441136.0
2014-08-07,58.33,59.2,57.25,57.18,25661724.0,207170000.0
2014-08-06,57.68,58.11,58.11,57.1,24139372.0,192593584.0
2014-08-05,57.25,58.11,58.04,56.67,18421728.0,147207792.0
2014-08-04,56.6,57.47,57.18,56.31,12041932.0,95023520.0
2014-08-01,57.68,57.83,56.31,56.31,16859420.0,133744376.0
2014-07-31,56.96,58.26,57.75,56.67,20780872.0,166135504.0
2014-07-30,57.68,57.75,56.89,56.53,20196524.0,159926048.0
2014-07-29,56.67,58.04,57.39,56.17,35100408.0,278880960.0
2014-07-28,55.01,56.6,56.53,54.8,21075362.0,162456624.0
2014-07-25,54.73,55.09,54.73,54.29,10364234.0,78557656.0
2014-07-24,54.51,55.09,54.51,53.79,9387145.0,70866832.0
2014-07-23,55.59,55.59,54.51,54.08,9696778.0,73773176.0
2014-07-22,55.09,56.02,55.37,54.87,7484894.0,57721248.0
2014-07-21,55.3,55.59,55.23,54.8,5074883.0,38844740.0
2014-07-18,55.16,56.24,55.37,55.09,10262459.0,79108224.0
2014-07-17,55.52,55.95,54.87,54.65,8339922.0,63863188.0
2014-07-16,56.38,56.6,55.73,55.52,9494960.0,73783232.0
2014-07-15,57.18,57.25,56.24,55.95,12077213.0,94501288.0
2014-07-14,57.03,57.39,57.18,56.31,10146629.0,80038304.0
2014-07-11,56.74,57.32,56.96,56.24,8460517.0,66774080.0
2014-07-10,56.6,57.25,56.74,55.88,6984917.0,54898920.0
2014-07-09,58.55,58.62,56.67,56.6,13395283.0,106823320.0
2014-07-08,57.25,58.76,58.26,57.03,21315860.0,172013152.0
2014-07-07,56.6,58.4,57.32,56.6,15567098.0,124281592.0
2014-07-04,56.89,57.1,56.24,55.95,9000017.0,70440424.0
2014-07-03,57.03,57.97,56.74,56.38,12187954.0,96145088.0
2014-07-02,56.89,58.69,57.03,56.67,19172316.0,152769072.0
2014-07-01,55.66,57.32,56.53,55.52,19088364.0,149695920.0
2014-06-30,55.01,55.95,55.73,54.87,12678863.0,97845720.0
2014-06-27,54.58,55.3,55.01,54.29,7882059.0,59998804.0
2014-06-26,53.5,55.09,54.36,53.5,7780846.0,58626360.0
2014-06-25,54.58,54.58,53.57,53.07,5875083.0,43744928.0
2014-06-24,54.65,54.8,54.08,53.64,5987816.0,44932620.0
2014-06-23,53.86,54.94,54.58,53.79,6792306.0,51335564.0
2014-06-20,53.14,54.0,54.0,52.78,6092876.0,45179844.0
2014-06-19,54.73,55.45,53.07,52.78,9685439.0,73018904.0
2014-06-18,55.23,55.52,54.8,54.65,8121870.0,61921532.0
2014-06-17,56.09,56.09,55.16,54.87,8943600.0,68543192.0
2014-06-16,56.24,56.82,56.02,55.81,11984932.0,93447056.0
2014-06-13,55.16,56.74,56.24,55.01,19235124.0,149156448.0
2014-06-12,55.59,56.02,55.16,54.94,15391552.0,118494584.0
2014-06-11,54.44,56.38,55.59,54.29,24803596.0,190859584.0
2014-06-10,53.93,54.8,54.51,53.21,12548460.0,94205592.0
2014-06-09,53.21,54.0,54.0,52.85,8234991.0,61035716.0
2014-06-06,53.5,54.51,53.5,53.21,11840337.0,88672904.0
2014-06-05,52.56,53.28,53.14,51.84,7232825.0,52922704.0
2014-06-04,53.64,53.72,52.42,52.27,8698552.0,63501352.0
2014-06-03,54.08,54.58,53.57,53.35,7623729.0,57093676.0
2014-05-30,55.09,55.16,54.08,53.93,9517100.0,71763232.0
2014-05-29,55.01,55.81,55.16,54.29,13305244.0,101691104.0
2014-05-28,54.29,55.01,54.87,53.72,9983084.0,75310664.0
2014-05-27,54.87,54.94,54.22,53.93,6817076.0,51385984.0
2014-05-26,54.87,55.09,55.01,54.44,8365073.0,63516352.0
2014-05-23,54.8,55.09,54.8,53.86,8957005.0,67781920.0
2014-05-22,54.51,55.23,55.09,53.79,14342071.0,108516296.0
2014-05-21,52.56,54.29,54.08,51.91,8266740.0,61175892.0
2014-05-20,53.5,53.64,52.85,52.56,5997439.0,44149512.0
2014-05-19,53.43,53.43,53.21,52.49,4576643.0,33632848.0
2014-05-16,52.56,54.15,53.28,52.49,7407174.0,54858264.0
2014-05-15,54.58,54.58,53.14,52.63,11435983.0,84773528.0
2014-05-14,54.44,55.3,54.65,53.5,13764633.0,103899104.0
2014-05-13,53.15,55.01,54.44,53.01,12788400.0,96088216.0
2014-05-12,51.87,53.01,52.94,51.8,9163883.0,67379672.0
2014-05-09,51.22,51.58,51.44,50.72,4198288.0,30050630.0
2014-05-08,50.3,52.15,51.22,50.3,5549371.0,39851276.0
2014-05-07,51.8,51.8,51.01,50.94,8889052.0,63705792.0
2014-05-06,51.44,52.65,52.01,51.44,8777105.0,63933584.0
2014-05-05,51.44,52.01,51.58,50.94,7629223.0,54918876.0
2014-04-30,51.08,52.37,51.44,50.37,11390349.0,82235680.0
2014-04-29,50.22,51.22,51.22,49.94,10079570.0,71237384.0
2014-04-28,51.44,52.22,50.22,49.79,15867761.0,113452048.0
2014-04-25,54.51,55.15,51.15,49.58,29021364.0,211504064.0
2014-04-24,57.15,57.65,54.94,54.94,20168964.0,158132896.0
2014-04-23,58.87,58.94,57.72,56.72,27582304.0,223412976.0
2014-04-22,54.65,58.94,58.94,54.65,45484384.0,372560224.0
2014-04-21,55.72,56.37,53.58,53.58,6694991.0,51720604.0
2014-04-18,56.37,57.3,55.72,55.01,6346696.0,49809672.0
2014-04-17,56.15,57.72,56.3,56.01,7352041.0,58529012.0
2014-04-16,56.37,57.08,56.3,55.8,9947231.0,78616288.0
2014-04-15,55.51,56.87,56.8,55.01,12533774.0,98625160.0
2014-04-14,54.94,55.72,55.37,54.51,4225027.0,32618934.0
2014-04-11,54.65,55.37,54.94,54.37,4720627.0,36216436.0
2014-04-10,54.37,56.22,55.15,54.01,7348970.0,56861288.0
2014-04-09,54.51,55.01,54.22,53.94,6011231.0,45821992.0
2014-04-08,52.8,54.51,54.15,52.8,6001597.0,45330064.0
2014-04-04,52.65,53.22,52.94,52.3,3045496.0,22567734.0
2014-04-03,52.58,52.94,52.44,52.08,3460824.0,25441644.0
2014-04-02,52.8,52.8,52.44,52.08,3981007.0,29194950.0
2014-04-01,51.01,52.8,52.58,51.01,4458296.0,32550862.0
2014-03-31,52.65,53.08,51.37,51.01,5183301.0,37864056.0
2014-03-28,56.01,56.44,52.37,52.22,11607894.0,87993936.0
2014-03-27,56.65,57.37,56.37,55.94,6164605.0,48877764.0
2014-03-26,57.15,57.8,56.72,56.37,6814357.0,54313048.0
2014-03-25,56.01,57.51,57.37,55.51,9274784.0,73912688.0
2014-03-24,56.22,56.8,56.08,55.58,7685232.0,60361444.0
2014-03-21,55.87,56.22,56.22,53.58,11874373.0,91510000.0
2014-03-20,56.72,57.44,55.72,55.51,9095401.0,71925520.0
2014-03-19,58.01,58.8,56.72,55.72,12617472.0,100748848.0
2014-03-18,57.58,59.3,58.3,57.3,12899221.0,105673488.0
2014-03-17,57.15,58.3,57.72,55.72,9709491.0,77860616.0
2014-03-14,56.87,58.3,56.94,56.15,10161828.0,81321584.0
2014-03-13,57.51,58.3,56.8,55.08,18866054.0,149627456.0
2014-03-12,62.01,62.44,57.72,56.22,31784440.0,260495568.0
2014-03-11,62.87,66.08,62.44,61.23,34436736.0,307354880.0
2014-03-10,65.01,66.65,64.37,63.65,48441160.0,441536160.0
2014-03-07,59.44,65.08,65.08,59.44,47579840.0,420670720.0
2014-03-06,60.37,60.51,59.15,58.44,11610217.0,96516440.0
2014-03-05,62.01,62.73,60.58,60.44,10081336.0,86607416.0
2014-03-04,59.44,62.65,61.3,58.72,13265897.0,113508224.0
2014-03-03,58.8,60.37,60.08,58.22,10001457.0,83435224.0
2014-02-28,60.51,60.51,59.15,57.37,13131806.0,108077832.0
2014-02-27,61.73,63.23,60.44,60.01,16589868.0,143204368.0
2014-02-26,60.73,62.51,61.37,57.15,20225044.0,170254208.0
2014-02-25,62.08,65.87,61.44,60.23,35265372.0,314977984.0
2014-02-24,61.51,62.15,62.01,59.73,15322767.0,131163808.0
2014-02-21,62.3,64.01,62.15,61.08,16825042.0,147458576.0
2014-02-20,61.73,63.44,61.87,60.15,21462214.0,186574192.0
2014-02-19,63.08,63.8,62.15,61.44,21558838.0,188887392.0
2014-02-18,60.8,64.01,63.3,59.37,29386612.0,254726432.0
2014-02-17,60.73,62.73,60.8,60.37,22863976.0,196422880.0
2014-02-14,58.65,61.44,60.87,58.65,27715776.0,234398832.0
2014-02-13,61.3,61.3,57.65,57.3,20624276.0,170850224.0
2014-02-12,56.65,60.37,60.3,56.08,24625046.0,201333872.0
2014-02-11,57.15,58.08,56.65,56.44,12193466.0,97668984.0
2014-02-10,56.44,57.8,57.37,56.44,14685008.0,117904712.0
2014-02-07,55.72,56.44,56.44,54.3,10312097.0,80202960.0
2014-01-30,56.94,57.01,56.08,55.58,7438466.0,58554020.0
2014-01-29,55.72,56.94,56.87,55.01,15149120.0,118882752.0
2014-01-28,55.37,56.15,55.58,53.58,13502444.0,104171656.0
2014-01-27,53.58,56.15,55.01,53.37,19130362.0,148152224.0
2014-01-24,51.01,54.8,54.51,51.01,23924486.0,178791440.0
2014-01-23,51.37,51.87,51.44,50.87,6778300.0,48644456.0
2014-01-22,50.44,51.87,51.51,50.44,10049179.0,71959208.0
2014-01-21,48.22,50.08,50.08,48.08,4374667.0,30298692.0
2014-01-20,50.08,50.37,48.58,48.51,4914453.0,33833564.0
2014-01-17,50.51,50.72,50.08,49.72,4371085.0,30632220.0
2014-01-16,50.01,51.15,50.65,49.72,6183402.0,43893332.0
2014-01-15,50.37,50.51,50.01,49.44,4214957.0,29386588.0
2014-01-14,48.29,50.29,50.22,47.94,5518177.0,38153588.0
2014-01-13,49.01,50.01,47.94,47.87,6507705.0,44780696.0
2014-01-10,51.3,51.51,49.29,48.79,7262567.0,50942204.0
2014-01-09,52.44,52.8,51.51,51.22,8508763.0,61775372.0
2014-01-08,51.87,52.65,52.37,51.15,9552800.0,69770600.0
2014-01-07,51.22,52.3,51.65,50.8,7302204.0,52788116.0
2014-01-06,51.44,53.3,51.3,50.8,12737370.0,92695112.0
2014-01-03,49.51,52.01,51.72,49.22,19156812.0,137216368.0
2014-01-02,49.08,50.29,49.72,48.79,7923213.0,55074068.0
2013-12-31,48.79,49.65,49.08,48.72,6046931.0,41625464.0
2013-12-30,48.79,49.51,49.08,48.22,7696333.0,52758712.0
2013-12-27,47.72,48.65,48.51,47.37,4356123.0,29381306.0
2013-12-26,48.94,49.08,47.87,47.79,4772133.0,32231620.0
2013-12-25,48.58,49.01,49.01,48.15,4459249.0,30275578.0
2013-12-24,47.65,49.44,48.65,47.51,6284936.0,42799168.0
2013-12-23,48.44,48.72,47.51,47.08,5383599.0,35917512.0
2013-12-20,49.51,49.79,48.44,47.87,6388303.0,43494680.0
2013-12-19,50.01,50.51,49.44,49.37,4771911.0,33384864.0
2013-12-18,50.3,50.72,49.87,49.79,6037870.0,42294484.0
2013-12-17,51.3,52.01,50.3,50.15,5563070.0,39518432.0
2013-12-16,52.58,52.8,51.3,50.87,6805193.0,49193304.0
2013-12-13,52.72,53.01,52.65,52.3,4590923.0,33835764.0
2013-12-12,52.65,53.15,52.65,52.37,6030949.0,44498704.0
2013-12-11,52.58,53.37,52.87,52.15,9835952.0,72805376.0
2013-12-10,52.22,53.37,52.72,52.15,6934094.0,51314024.0
2013-12-09,52.72,53.37,52.15,51.8,8781028.0,64565980.0
2013-12-06,52.58,53.22,52.72,52.37,5869401.0,43408616.0
2013-12-05,53.72,53.8,52.58,52.37,7846778.0,58025444.0
2013-12-04,51.44,53.94,53.37,50.8,15180649.0,112598704.0
2013-12-03,51.08,51.65,51.51,49.87,9729462.0,69121656.0
2013-12-02,54.37,54.51,50.51,50.44,17551052.0,127868624.0
2013-11-29,55.22,56.08,55.37,55.15,10737900.0,83417416.0
2013-11-28,55.22,55.94,55.37,54.72,13288508.0,102865464.0
2013-11-27,54.65,55.65,54.87,54.3,12028811.0,92472720.0
2013-11-26,53.94,55.3,54.72,53.72,10603111.0,80876792.0
2013-11-25,54.58,55.37,54.22,54.01,9207432.0,70334864.0
2013-11-22,56.08,56.65,54.94,54.8,10315766.0,80135320.0
2013-11-21,54.8,56.08,55.8,53.94,16028648.0,124113880.0
2013-11-20,55.15,55.51,54.72,53.65,13526044.0,103083344.0
2013-11-19,55.72,56.8,55.3,54.58,14583433.0,113438216.0
2013-11-18,53.22,54.87,54.3,53.22,14035777.0,106502352.0
2013-11-15,51.65,53.37,52.72,51.44,12635644.0,93108296.0
2013-11-14,52.15,52.8,51.3,50.08,14953658.0,106952488.0
2013-11-13,55.22,55.22,52.3,52.3,11179033.0,83935064.0
2013-11-12,55.08,55.87,55.01,53.65,9798282.0,75181480.0
2013-11-11,58.23,58.23,55.08,54.72,14817437.0,116512480.0
2013-11-08,56.37,58.51,57.87,55.37,14776649.0,117892600.0
2013-11-07,58.44,59.01,56.3,56.22,16519975.0,132903488.0
2013-11-06,59.73,61.44,58.8,58.58,31527760.0,265005280.0
2013-11-05,59.44,60.51,60.23,58.51,14341509.0,119609856.0
2013-11-04,58.08,59.8,59.58,57.72,19955692.0,165127152.0
2013-11-01,57.8,57.94,57.72,55.15,9872773.0,78240480.0
2013-10-31,57.3,58.44,57.51,56.87,12277554.0,99026648.0
2013-10-30,56.22,57.8,57.3,55.01,11290737.0,89864232.0
2013-10-29,56.94,58.23,56.08,52.87,14422147.0,113336168.0
2013-10-28,55.94,57.01,56.58,55.08,9064458.0,70966936.0
2013-10-25,58.22,58.58,55.58,54.3,15662424.0,123046096.0
2013-10-24,57.15,59.08,57.8,57.15,11795751.0,96334952.0
2013-10-23,59.01,59.51,57.15,56.44,14461133.0,117065312.0
2013-10-22,60.8,61.3,58.94,58.22,19780036.0,164929232.0
2013-10-21,59.37,61.8,61.37,58.51,21423380.0,180768032.0
2013-10-18,58.58,60.44,59.37,57.87,12135342.0,100983912.0
2013-10-17,63.08,63.51,58.58,58.58,22323064.0,190353840.0
2013-10-16,66.37,66.37,62.58,61.44,28308824.0,253184000.0
2013-10-15,62.94,67.01,66.3,61.8,40696500.0,369333376.0
2013-10-14,62.44,63.37,62.23,60.94,23088752.0,200991920.0
2013-10-11,62.8,63.51,62.37,60.37,43438524.0,377275328.0
2013-10-10,67.51,67.87,64.51,64.51,29216616.0,270664320.0
2013-10-09,64.58,66.94,66.94,63.87,22550100.0,208189904.0
2013-10-08,65.23,66.8,65.15,63.44,23721222.0,215904816.0
2013-09-30,63.23,65.94,64.87,62.58,18241516.0,165054224.0
2013-09-27,61.87,63.94,62.73,59.51,22768764.0,198272960.0
2013-09-26,65.15,67.08,61.94,61.3,38045180.0,341976960.0
2013-09-25,69.3,72.66,67.16,66.44,51364176.0,501904992.0
2013-09-24,68.87,72.01,70.44,68.08,60801544.0,595767360.0
2013-09-23,68.58,72.16,70.01,67.3,67239632.0,659512448.0
2013-09-18,62.23,68.3,68.3,61.51,57243112.0,529193088.0
2013-09-17,63.58,64.87,62.08,61.8,32995388.0,291636704.0
2013-09-16,67.8,67.8,64.94,63.44,66600664.0,613478528.0
2013-09-13,61.44,64.08,64.08,61.44,29647112.0,264773824.0
2013-09-12,56.58,58.3,58.23,55.44,22204364.0,176691744.0
2013-09-11,58.8,59.65,56.51,56.51,20954292.0,168869168.0
2013-09-10,56.8,61.15,58.87,56.51,31319812.0,260352272.0
2013-09-09,58.15,60.58,57.8,56.3,35022448.0,285817408.0
2013-09-06,54.51,59.23,58.15,54.44,34685424.0,278060768.0
2013-09-05,57.65,57.8,55.08,54.94,25416632.0,198772544.0
2013-09-04,55.72,59.65,57.15,55.65,41699800.0,338561504.0
2013-09-03,58.23,58.23,57.15,55.08,47337476.0,376060768.0
2013-09-02,57.94,57.94,57.94,54.44,43467028.0,351129536.0
2013-08-30,54.08,56.22,52.65,51.3,27348812.0,205659744.0
2013-08-29,52.58,54.3,53.58,51.87,26658688.0,199062256.0
2013-08-28,50.01,54.65,52.3,49.58,38071032.0,280171104.0
2013-08-27,48.22,50.37,50.08,47.94,13831189.0,96293032.0
2013-08-26,47.37,48.44,48.22,46.65,9007137.0,60159984.0
2013-08-23,48.58,49.44,47.29,45.79,19383338.0,128619976.0
2013-08-22,50.01,50.01,49.01,48.94,7258837.0,50330880.0
2013-08-21,49.29,50.37,49.87,49.08,8164208.0,56595032.0
2013-08-20,50.08,51.3,49.72,49.22,10881367.0,76685184.0
2013-08-19,47.01,50.94,50.01,46.51,10771932.0,74566424.0
2013-08-16,52.37,52.51,47.65,47.37,17953164.0,125775752.0
2013-08-09,50.15,51.08,50.72,49.72,9980379.0,70628256.0
2013-08-08,49.72,50.72,50.22,49.44,7146737.0,50184752.0
2013-08-07,51.15,51.37,49.94,49.87,13085853.0,92399816.0
2013-08-06,50.01,51.72,51.15,50.01,15244282.0,108875584.0
2013-08-05,49.65,50.01,49.94,49.15,8359603.0,58033604.0
2013-08-02,50.37,50.87,49.65,49.51,11857926.0,83295136.0
2013-08-01,48.58,50.37,50.3,48.08,10691118.0,74332016.0
2013-07-31,49.15,49.72,48.58,48.29,9986788.0,68464984.0
2013-07-30,48.15,50.01,49.37,47.29,12393248.0,84771280.0
2013-07-29,51.3,51.37,48.65,48.58,15542533.0,108195904.0
2013-07-26,51.08,52.44,51.8,50.22,23255800.0,167507328.0
2013-07-25,50.08,52.51,50.37,49.65,19569484.0,139614480.0
2013-07-24,49.8,51.08,50.65,48.72,22272944.0,156148016.0
2013-07-23,47.72,49.72,49.29,47.72,12627153.0,87003104.0
2013-07-22,46.29,48.01,47.87,45.01,8911023.0,58935944.0
2013-07-19,49.72,50.15,46.87,46.87,15683296.0,107404448.0
2013-07-18,47.87,50.65,49.94,47.87,15936996.0,110433032.0
2013-07-17,49.08,49.65,48.08,48.08,11405448.0,78004368.0
2013-07-16,47.58,49.65,49.65,47.37,14896267.0,101371872.0
2013-07-15,45.79,47.72,47.29,45.72,9285028.0,60994976.0
2013-07-12,47.22,48.08,46.15,46.08,10170873.0,66925848.0
2013-07-11,46.29,47.94,47.22,45.87,14540899.0,95333064.0
2013-07-10,44.79,46.87,46.65,44.58,11934713.0,76641960.0
2013-07-09,44.65,45.65,44.79,43.94,9626320.0,60476980.0
2013-07-08,48.22,48.29,44.37,44.29,16739134.0,107971152.0
2013-07-05,51.08,51.44,49.22,49.22,13134896.0,92782176.0
2013-07-04,49.51,51.8,51.01,48.94,20495056.0,146481424.0
2013-07-03,50.01,50.37,49.87,48.22,13158336.0,90779160.0
2013-07-02,49.15,50.72,50.22,49.08,14520900.0,101785048.0
2013-07-01,47.58,49.72,49.58,46.58,13487472.0,92219824.0
2013-06-28,47.51,48.79,47.29,44.44,12264537.0,81296872.0
2013-06-27,50.94,51.37,47.87,47.87,25024210.0,173957456.0
2013-06-26,48.65,51.15,51.01,47.01,32103590.0,222449312.0
2013-06-25,46.15,49.15,48.22,42.94,27545804.0,178799488.0
2013-06-24,46.79,48.08,47.72,43.22,23531252.0,152796448.0
2013-06-21,42.87,46.51,46.08,42.29,11098108.0,69766312.0
2013-06-20,45.01,46.58,44.58,44.37,10242162.0,65478004.0
2013-06-19,46.51,46.65,45.29,44.15,10605018.0,66904804.0
2013-06-18,46.94,47.51,46.79,46.15,7310628.0,47789012.0
2013-06-17,46.79,47.51,46.87,46.01,7931999.0,51861044.0
2013-06-14,44.37,46.94,46.44,44.37,10706831.0,69003224.0
2013-06-13,45.79,46.65,44.29,42.44,9332778.0,58190356.0
2013-06-07,49.22,50.51,47.15,46.58,11134141.0,75366480.0
2013-06-06,48.65,51.15,49.29,48.65,13952803.0,97695576.0
2013-06-05,49.51,50.51,48.94,48.01,10155027.0,69664424.0
2013-06-04,51.15,52.44,49.8,48.72,12499299.0,88469464.0
2013-06-03,52.87,52.87,51.37,50.8,15869052.0,114604816.0
2013-05-31,54.65,55.3,53.3,53.08,27426308.0,207539840.0
2013-05-30,50.58,56.58,55.65,49.94,42699696.0,318447072.0
2013-05-29,52.01,54.3,51.72,51.44,24701490.0,182343616.0
2013-05-28,51.8,51.87,51.08,49.44,20891940.0,148081280.0
2013-05-27,50.8,52.92,51.79,49.8,32532668.0,235840000.0
2013-05-24,46.11,50.37,50.23,46.04,26927168.0,184771952.0
2013-05-23,43.99,47.6,45.83,43.99,19190984.0,125220872.0
2013-05-22,44.41,44.98,43.84,43.56,8915147.0,55563368.0
2013-05-21,43.35,44.7,44.7,42.71,10202045.0,63173512.0
2013-05-20,43.06,44.34,43.42,43.06,9379636.0,57811752.0
2013-05-17,42.14,43.77,43.28,41.93,10036247.0,61056008.0
2013-05-16,43.21,43.21,42.28,41.79,13710594.0,81694280.0
2013-05-15,42.57,43.99,43.42,42.28,11766059.0,72220392.0
2013-05-14,40.79,43.06,42.78,40.51,11687815.0,69062104.0
2013-05-13,41.86,42.14,40.94,40.08,8737831.0,50504024.0
2013-05-10,42.28,42.42,42.0,41.29,7559894.0,44488020.0
2013-05-09,42.57,43.35,42.35,41.57,8500079.0,50823556.0
2013-05-08,41.15,43.28,42.85,40.72,13946794.0,82895672.0
2013-05-07,41.29,41.79,41.15,40.23,7304280.0,42049396.0
2013-05-06,40.51,42.14,41.5,40.44,8610897.0,50334224.0
2013-05-03,41.08,42.14,40.72,40.58,9262067.0,53960180.0
2013-05-02,39.16,41.08,41.08,38.59,7826814.0,44069800.0
2013-04-26,41.29,42.28,39.8,39.45,11712327.0,67358616.0
2013-04-25,39.8,43.13,41.5,39.8,20415056.0,120268472.0
2013-04-24,38.38,41.15,40.23,38.38,15324563.0,86945672.0
2013-04-23,38.88,41.72,39.38,38.52,14587113.0,81890856.0
2013-04-22,38.66,39.16,39.09,37.88,9323120.0,50617860.0
2013-04-19,38.88,39.87,39.3,38.52,10389124.0,57343124.0
2013-04-18,39.02,39.94,38.88,38.52,8267482.0,45481904.0
2013-04-17,38.81,39.87,39.59,38.31,11306389.0,62299400.0
2013-04-16,36.54,40.44,39.23,36.18,20672748.0,112622200.0
2013-04-15,36.25,38.1,36.89,36.25,11073207.0,58080784.0
2013-04-12,36.18,36.96,36.25,35.97,5028062.0,25893782.0
2013-04-11,35.69,37.1,36.47,35.54,10989206.0,56547180.0
2013-04-10,35.4,36.18,35.69,34.76,6042438.0,30110154.0
2013-04-09,34.98,35.83,35.61,34.62,5497643.0,27448892.0
2013-04-08,34.62,34.91,34.91,33.34,4239771.0,20536738.0
2013-04-03,35.12,35.83,35.26,34.83,4422273.0,22049410.0
2013-04-02,36.68,37.1,35.4,35.12,9004732.0,45828548.0
2013-04-01,36.25,37.1,36.54,35.97,11541221.0,59563000.0
2013-03-29,36.47,36.96,36.32,35.69,14024850.0,71960216.0
2013-03-28,37.32,37.39,36.25,35.76,25029756.0,128061416.0
2013-03-27,33.7,36.89,36.89,33.7,19569908.0,100490472.0
2013-03-26,34.34,34.34,33.56,33.34,3431335.0,16257078.0
2013-03-25,34.27,34.62,34.2,33.91,3970678.0,19140912.0
2013-03-22,34.48,34.55,34.41,33.98,3499620.0,16885772.0
2013-03-21,34.41,35.19,34.48,34.2,4839372.0,23627804.0
2013-03-20,33.63,34.41,34.41,33.49,3778498.0,18099470.0
2013-03-19,33.06,33.63,33.56,32.85,2973605.0,13935942.0
2013-03-18,33.06,33.27,33.06,32.85,2428311.0,11299023.0
2013-03-15,33.06,33.91,33.13,32.63,4698513.0,22000156.0
2013-03-14,33.7,33.91,33.06,32.78,5043387.0,23576310.0
2013-03-13,34.2,34.41,33.63,33.2,4183241.0,19835672.0
2013-03-12,35.47,35.76,34.41,33.84,7557476.0,37056440.0
2013-03-11,35.26,35.83,35.69,34.98,6186216.0,30941312.0
2013-03-08,35.61,35.9,35.33,35.26,7732257.0,38833932.0
2013-03-07,35.9,35.9,35.54,34.69,9840907.0,49002388.0
2013-03-06,35.54,36.04,35.9,35.12,12452417.0,62556284.0
2013-03-05,33.41,35.97,35.97,33.41,14483325.0,71399120.0
2013-03-04,34.05,34.69,33.49,33.27,7800951.0,37306036.0
2013-03-01,34.05,34.34,34.34,33.7,4745193.0,22731636.0
2013-02-28,33.63,34.2,34.05,33.34,3855287.0,18411494.0
2013-02-27,33.91,34.12,33.56,33.34,3484575.0,16546166.0
2013-02-26,34.12,34.48,33.91,33.7,3414097.0,16380160.0
2013-02-25,33.63,34.12,33.98,33.56,2727191.0,13011270.0
2013-02-22,33.7,33.91,33.7,33.56,2448252.0,11629566.0
2013-02-21,35.05,35.05,33.7,33.56,6977761.0,33537240.0
2013-02-20,34.62,35.05,35.05,34.48,3261176.0,15975644.0
2013-02-19,35.26,35.4,34.62,34.41,4989258.0,24454838.0
2013-02-18,35.9,36.18,35.4,35.19,6501757.0,32563954.0
2013-02-08,34.62,35.19,35.05,34.55,4387215.0,21632282.0
2013-02-07,34.76,34.98,34.55,34.34,5392630.0,26215454.0
2013-02-06,35.05,35.26,34.76,34.69,5514954.0,27132390.0
2013-02-05,34.27,35.19,34.98,34.12,4885073.0,23981614.0
2013-02-04,34.76,34.98,34.41,34.27,4943647.0,24057186.0
2013-02-01,34.76,34.91,34.76,34.34,6072250.0,29585614.0
2013-01-31,35.83,35.83,34.83,34.41,9087949.0,44802048.0
2013-01-30,35.33,36.47,35.97,35.33,8255346.0,41691528.0
2013-01-29,36.11,36.11,35.47,35.33,9728037.0,48782272.0
2013-01-28,35.76,36.4,36.32,34.91,10864995.0,54491140.0
2013-01-25,36.82,36.82,35.83,35.69,11862310.0,60415708.0
2013-01-24,35.12,37.17,36.96,34.62,26505734.0,134727136.0
2013-01-23,34.69,35.26,35.12,34.12,12534518.0,61299192.0
2013-01-22,34.05,36.61,35.33,33.56,19348160.0,95763800.0
2013-01-21,33.34,34.12,34.05,33.34,9502990.0,45401452.0
2013-01-18,32.78,33.34,33.34,32.78,4895821.0,22827470.0
2013-01-17,33.49,33.56,32.78,32.63,5579985.0,25944340.0
2013-01-16,34.05,34.2,33.56,33.06,7786815.0,36889972.0
2013-01-15,33.56,34.27,33.98,33.2,9816756.0,46747984.0
2013-01-14,32.78,33.63,33.41,32.14,9124714.0,42506680.0
2013-01-11,33.06,34.27,32.92,32.78,10173878.0,48139396.0
2013-01-10,33.06,33.41,33.06,32.99,5076365.0,23701010.0
2013-01-09,33.34,33.63,33.06,32.92,5165998.0,24219454.0
2013-01-08,33.13,33.7,33.41,32.78,5805734.0,27165010.0
2013-01-07,32.85,33.27,33.2,32.63,3346885.0,15575290.0
2013-01-04,33.41,33.56,33.06,32.78,4381648.0,20403982.0
2012-12-31,33.49,33.63,33.2,32.85,5373362.0,25125486.0
2012-12-28,32.99,33.63,33.41,32.78,6660349.0,31157892.0
2012-12-27,35.05,35.33,33.34,33.34,16560562.0,80294416.0
2012-12-26,33.13,33.84,33.77,32.85,10760918.0,50576480.0
2012-12-25,31.71,33.49,33.34,31.64,13313866.0,61943140.0
2012-12-24,31.85,32.07,31.71,31.43,4801635.0,21515822.0
2012-12-21,32.07,32.42,31.93,31.64,5177060.0,23385006.0
2012-12-20,32.0,32.35,32.28,31.64,5527387.0,24979704.0
2012-12-19,32.07,32.49,32.07,31.5,7045965.0,31708354.0
2012-12-18,32.49,33.06,32.28,32.07,12811158.0,58606012.0
2012-12-17,34.05,34.05,32.99,31.85,29673496.0,137515504.0
2012-12-14,29.09,31.43,31.43,29.02,14659875.0,63723552.0
2012-12-13,28.95,29.09,28.59,28.45,2654559.0,10731664.0
2012-12-12,29.02,29.37,29.02,28.66,3020072.0,12319022.0
2012-12-11,29.23,29.94,29.23,29.16,5811849.0,24206560.0
2012-12-10,28.88,29.51,29.3,28.73,4606033.0,18898448.0
2012-12-07,28.38,29.02,28.88,28.09,5069780.0,20506016.0
2012-12-06,28.24,29.16,28.45,28.02,3645519.0,14654335.0
2012-12-05,27.17,28.52,28.24,27.17,4171768.0,16531342.0
2012-12-04,26.46,27.46,27.39,26.46,2405903.0,9135956.0
2012-12-03,28.8,28.8,27.1,26.89,3163129.0,12223696.0
2012-11-30,27.1,27.53,27.46,27.03,3632798.0,13966352.0
2012-11-29,27.39,27.67,27.17,27.03,1241674.0,4781813.0
2012-11-28,27.39,27.39,27.24,27.03,1546991.0,5930379.0
2012-11-27,28.8,28.88,27.53,27.39,3783261.0,14881728.0
2012-11-26,29.51,29.58,28.73,28.59,2135142.0,8747883.0
2012-11-23,29.44,29.66,29.51,29.23,2393762.0,9943760.0
2012-11-22,29.23,29.51,29.44,28.95,2354274.0,9695264.0
2012-11-21,29.37,29.51,29.51,28.73,2121490.0,8717114.0
2012-11-20,29.44,29.44,29.16,29.09,1447554.0,5966881.0
2012-11-19,28.95,29.44,29.44,28.73,2010472.0,8216497.0
2012-11-16,29.3,29.3,29.02,28.8,1493943.0,6096113.0
2012-11-15,29.94,30.08,29.3,29.23,2294314.0,9573769.0
2012-11-14,29.8,30.22,30.15,29.66,2392981.0,10087067.0
2012-11-13,30.58,30.58,29.87,29.87,1690283.0,7165489.0
2012-11-12,30.08,30.79,30.65,30.08,3043413.0,13057057.0
2012-11-09,29.94,30.22,30.01,29.66,2848935.0,12025097.0
2012-11-08,30.58,30.58,29.94,29.87,2635620.0,11219674.0
2012-11-07,31.07,31.22,30.79,30.51,1876351.0,8143426.0
2012-11-06,31.29,31.57,31.07,30.58,2567635.0,11198316.0
2012-11-05,31.64,31.85,31.5,31.22,1513659.0,6715624.0
2012-11-02,31.71,31.93,31.71,31.36,2608028.0,11634009.0
2012-11-01,31.14,31.93,31.71,31.14,2993669.0,13353867.0
2012-10-31,30.86,31.29,31.14,30.72,1994281.0,8702694.0
2012-10-30,30.86,31.22,30.86,30.65,1656488.0,7218323.0
2012-10-29,31.0,31.29,30.79,30.51,2986298.0,12980308.0
2012-10-26,33.13,33.13,31.07,30.72,5871175.0,26175404.0
2012-10-25,33.34,33.77,33.27,32.92,3292193.0,15465095.0
2012-10-24,32.85,33.34,33.34,32.49,3217213.0,14940492.0
2012-10-23,33.7,34.12,33.13,32.85,5251898.0,24800490.0
2012-10-22,32.28,34.05,33.7,32.14,8073152.0,38097900.0
2012-10-19,32.56,32.99,32.49,32.35,3022140.0,13892285.0
2012-10-18,31.85,33.2,32.71,31.43,7234070.0,33209560.0
2012-10-17,31.71,32.07,31.71,31.22,2429674.0,10817920.0
2012-10-16,31.43,32.14,31.71,31.22,2515031.0,11223428.0
2012-10-15,31.57,31.71,31.36,30.93,2689997.0,11840668.0
2012-10-12,31.85,32.21,31.5,31.14,3172282.0,14136497.0
2012-10-11,31.85,32.63,31.71,31.64,4948619.0,22371568.0
2012-10-10,31.57,32.07,32.07,31.29,3937100.0,17608426.0
2012-10-09,30.58,31.64,31.57,30.58,3719357.0,16415100.0
2012-10-08,30.93,31.07,30.65,30.43,3042485.0,13176155.0
2012-09-28,30.36,31.14,31.07,30.22,5700157.0,24676302.0
2012-09-27,29.73,30.86,30.51,29.66,4019572.0,17181138.0
2012-09-26,30.43,30.43,29.58,29.44,2124910.0,8937096.0
2012-09-25,30.36,30.86,30.29,30.15,1709356.0,7347891.0
2012-09-24,30.65,30.72,30.58,29.8,2886164.0,12271239.0
2012-09-21,31.14,31.43,30.79,30.72,2297915.0,10044216.0
2012-09-20,32.63,32.63,31.07,31.07,3567454.0,16011067.0
2012-09-19,32.49,32.78,32.63,32.35,2027695.0,9286229.0
2012-09-18,32.35,32.85,32.35,31.85,2144050.0,9770341.0
2012-09-17,33.91,34.27,32.63,32.49,3897315.0,18296350.0
2012-09-14,34.2,34.55,33.91,33.56,4199796.0,20111236.0
2012-09-13,34.55,34.76,33.91,33.84,6385974.0,30887136.0
2012-09-12,33.77,35.19,34.48,33.63,8952597.0,43378156.0
2012-09-11,33.34,33.7,33.63,33.13,4285947.0,20217014.0
2012-09-10,33.98,34.05,33.7,33.34,8006138.0,37867416.0
2012-09-07,32.42,34.05,33.56,32.28,10152787.0,47542264.0
2012-09-06,31.71,32.07,32.07,31.57,3588154.0,16098882.0
2012-09-05,32.0,32.0,31.64,31.14,3721448.0,16596623.0
2012-09-04,32.56,32.63,32.0,31.85,2871399.0,13045153.0
2012-09-03,32.14,32.49,32.49,31.64,3642768.0,16548375.0
2012-08-31,32.63,32.78,32.14,32.0,2606539.0,11865264.0
2012-08-30,32.99,33.27,32.63,32.28,1746509.0,8068002.0
2012-08-29,33.49,34.27,32.99,32.78,2872393.0,13579628.0
2012-08-28,33.13,33.77,33.34,32.92,1686042.0,7926229.0
2012-08-27,33.91,34.12,33.13,33.06,3300744.0,15543127.0
2012-08-24,35.4,35.47,34.12,34.12,3959761.0,19359392.0
2012-08-23,35.12,35.69,35.61,35.12,4390825.0,21954994.0
2012-08-22,35.61,35.76,35.12,34.98,2663840.0,13260210.0
2012-08-21,34.76,35.69,35.61,34.55,5165562.0,25665288.0
2012-08-20,34.62,35.33,34.91,33.91,2556829.0,12419202.0
2012-08-17,34.98,34.98,34.83,34.27,1508724.0,7357528.0
2012-08-16,34.48,35.05,34.98,34.48,1308795.0,6429224.0
2012-08-15,35.4,35.69,34.83,34.76,1780434.0,8798405.0
2012-08-14,35.05,35.47,35.4,34.41,2683502.0,13192835.0
2012-08-13,35.97,36.18,35.05,35.05,3151811.0,15782839.0
2012-08-10,36.89,36.89,36.18,36.04,2967386.0,15169082.0
2012-08-09,36.25,36.68,36.61,35.69,3963163.0,20238594.0
2012-08-08,36.82,37.96,36.25,36.18,6112153.0,31873056.0
2012-08-07,35.47,36.18,36.11,35.4,3564061.0,18042942.0
2012-08-06,34.48,35.47,35.33,34.41,2389854.0,11790084.0
2012-08-03,34.05,34.69,34.62,33.77,2455613.0,11869615.0
2012-08-02,34.05,34.2,34.05,33.49,1411832.0,6731644.0
2012-08-01,33.56,34.34,34.05,33.49,2134423.0,10226784.0
2012-07-31,34.05,34.34,33.56,33.49,2468096.0,11736007.0
2012-07-30,35.33,35.83,34.27,34.05,2787109.0,13615728.0
2012-07-27,36.18,36.18,35.47,35.33,2724940.0,13692480.0
2012-07-26,36.04,37.25,35.9,35.76,4957635.0,25498548.0
2012-07-25,35.54,36.04,35.61,35.47,1838796.0,9265610.0
2012-07-24,35.47,35.97,35.83,35.12,2687464.0,13472346.0
2012-07-23,37.03,37.1,35.61,35.4,4514803.0,22865634.0
2012-07-20,37.67,37.81,37.46,37.32,2038627.0,10772405.0
2012-07-19,37.32,38.24,37.67,37.03,3809264.0,20260748.0
2012-07-18,36.4,37.81,37.46,36.32,3604359.0,18804434.0
2012-07-17,36.96,37.17,36.54,36.47,3039611.0,15732695.0
2012-07-16,39.66,39.66,36.89,36.54,3811316.0,20435828.0
2012-07-13,40.08,40.44,39.73,39.52,2086318.0,11756621.0
2012-07-12,40.79,40.79,40.3,39.52,5391797.0,30509246.0
2012-07-11,39.8,40.72,40.58,38.74,3234670.0,18007708.0
2012-07-10,39.94,40.44,39.38,38.38,3964300.0,21841328.0
2012-07-09,41.15,41.15,39.8,39.8,4533111.0,25806692.0
2012-07-06,42.57,42.92,41.5,39.8,6176375.0,35917232.0
2012-07-05,42.99,43.42,42.21,41.65,3675717.0,21872864.0
2012-07-04,43.28,44.13,43.42,42.92,3638966.0,22312998.0
2012-07-03,43.28,43.49,42.92,42.71,4306716.0,26160972.0
2012-07-02,43.28,44.13,43.56,43.2,4784212.0,29428388.0
2012-06-29,42.57,43.77,43.49,41.93,5422304.0,32829554.0
2012-06-28,43.49,43.99,42.57,42.35,5896387.0,36006572.0
2012-06-27,43.7,45.41,42.78,42.57,7036211.0,43711028.0
2012-06-26,43.2,44.34,43.7,41.29,4599772.0,27919024.0
2012-06-25,43.91,45.05,43.49,43.42,6401971.0,39995052.0
2012-06-21,43.49,44.62,44.34,42.78,8782336.0,54249608.0
2012-06-20,43.21,43.84,43.49,42.99,1981709.0,12094642.0
2012-06-19,43.49,43.7,43.21,42.92,3379103.0,20640490.0
2012-06-18,43.35,43.7,43.56,42.92,3288533.0,20083012.0
2012-06-15,43.28,43.7,42.57,42.14,4475723.0,26956438.0
2012-06-14,43.63,44.41,43.21,42.99,5116061.0,31548114.0
2012-06-13,42.57,43.77,43.77,42.57,3455231.0,21137204.0
2012-06-12,42.42,42.99,42.64,41.43,4324358.0,25750414.0
2012-06-11,42.28,42.99,42.85,41.5,5723027.0,34168756.0
2012-06-08,43.84,44.13,42.21,41.5,6130989.0,37011060.0
2012-06-07,44.34,44.77,43.42,43.28,4887635.0,30408898.0
2012-06-05,44.98,45.62,43.7,43.63,5037562.0,31584912.0
2012-06-04,46.04,46.61,44.98,44.84,3718855.0,23973600.0
2012-06-01,47.25,47.89,46.9,46.82,2601666.0,17311486.0
2012-05-31,47.25,48.17,47.46,47.04,4036329.0,27156356.0
2012-05-30,46.97,47.82,47.53,46.61,3794199.0,25363154.0
2012-05-29,46.11,47.6,47.25,45.76,5762574.0,38021292.0
2012-05-28,45.26,46.33,46.26,44.62,4675001.0,29971686.0
2012-05-25,46.97,47.89,45.19,45.12,5355516.0,35126152.0
2012-05-24,47.82,48.38,46.97,46.68,5772667.0,38581736.0
2012-05-23,48.67,49.31,48.1,46.82,7275356.0,49173472.0
2012-05-22,48.53,49.52,48.95,48.53,4166558.0,28722948.0
2012-05-21,48.31,49.09,48.38,47.25,6096849.0,41335432.0
2012-05-18,49.24,51.22,48.74,48.6,9822515.0,69133768.0
2012-05-17,49.73,50.44,49.52,48.38,8348607.0,58272348.0
2012-05-16,49.59,52.0,50.02,48.95,14559483.0,104280928.0
2012-05-15,47.75,50.73,49.52,47.6,17545864.0,122840032.0
2012-05-14,47.13,50.43,48.61,46.78,15330061.0,106184640.0
2012-05-11,46.64,47.42,46.85,45.8,7935964.0,53031400.0
2012-05-09,46.85,46.85,46.15,45.66,6630605.0,43721312.0
2012-05-08,46.57,47.98,47.2,46.08,10695601.0,71753344.0
2012-05-07,47.63,47.63,46.43,46.15,10187907.0,67711176.0
2012-05-04,46.22,47.56,46.99,46.22,11064585.0,73863504.0
2012-05-02,46.57,47.34,46.08,44.89,15230918.0,99950584.0
2012-04-27,46.36,47.27,46.01,45.73,6504654.0,42938288.0
2012-04-26,48.19,48.26,46.71,46.29,10445705.0,70183752.0
2012-04-25,47.27,50.15,48.19,46.36,26611574.0,184673024.0
2012-04-24,44.33,47.34,46.92,43.7,15995528.0,104695576.0
2012-04-23,46.29,46.92,45.24,44.61,11640976.0,75906248.0
2012-04-20,44.33,48.05,46.5,43.84,19345356.0,127519200.0
2012-04-19,44.19,44.89,44.4,43.49,9508788.0,60006552.0
2012-04-18,42.79,45.24,44.75,42.72,14960273.0,94253840.0
2012-04-17,46.08,46.85,42.93,42.72,22042494.0,139848016.0
2012-04-13,47.7,50.15,45.59,45.59,42374228.0,288035392.0
2012-04-12,43.14,47.34,46.92,42.16,36546232.0,236355824.0
2012-04-11,40.68,43.35,43.07,40.68,17107628.0,104108832.0
2012-04-10,41.38,41.59,41.45,39.21,8402074.0,48390088.0
2012-04-09,39.91,43.14,41.52,39.28,8869512.0,52282808.0
2012-04-06,39.98,40.75,40.05,39.56,5619678.0,32143580.0
2012-04-05,38.86,40.47,39.98,38.86,5513542.0,31310060.0
2012-03-30,38.3,39.0,38.44,37.67,5539773.0,30290418.0
2012-03-29,40.68,40.89,38.72,37.45,12447671.0,68795560.0
2012-03-28,42.23,42.72,41.03,40.4,6196164.0,36564496.0
2012-03-27,42.65,42.79,42.16,41.8,5139476.0,31001164.0
2012-03-26,40.33,42.58,42.23,40.33,11454409.0,68392544.0
2012-03-23,41.38,41.38,40.26,39.84,5862153.0,33710072.0
2012-03-22,41.73,42.02,41.59,41.03,2833876.0,16775687.0
2012-03-21,41.45,42.02,41.59,40.82,5452002.0,32239732.0
2012-03-20,43.0,43.14,41.73,41.24,5908749.0,35283012.0
2012-03-19,41.52,43.42,43.0,41.24,6916740.0,42088296.0
2012-03-16,40.19,42.02,41.38,40.19,7549390.0,44444536.0
2012-03-15,42.09,42.72,40.19,39.28,10625644.0,61845624.0
2012-03-14,45.24,45.31,42.09,40.75,12702049.0,78340656.0
2012-03-13,44.61,45.52,45.31,44.19,6377039.0,40771820.0
2012-03-12,45.31,45.31,44.82,43.98,8462455.0,53815476.0
2012-03-09,43.7,46.57,45.31,43.63,22696698.0,146313248.0
2012-03-08,42.72,44.4,43.49,42.72,8160426.0,50646404.0
2012-03-07,42.37,43.98,42.58,42.3,8025522.0,49419028.0
2012-03-06,42.93,43.35,43.21,42.3,7979143.0,48581700.0
2012-03-05,43.84,44.12,43.35,42.72,10068973.0,62171148.0
2012-03-02,40.47,43.77,43.7,40.05,19877260.0,119549616.0
2012-03-01,38.86,40.96,40.19,38.72,7089451.0,40563140.0
2012-02-29,40.54,40.54,39.28,38.72,7375259.0,41583940.0
2012-02-28,41.24,41.24,40.54,40.19,7393181.0,42820604.0
2012-02-27,41.66,42.23,41.59,41.03,11380798.0,67316528.0
2012-02-24,41.66,41.8,41.31,40.61,12122847.0,71058424.0
2012-02-23,41.66,42.93,41.73,40.89,21245124.0,127663576.0
2012-02-21,40.12,41.59,40.82,39.98,18043072.0,104886656.0
2012-02-20,40.33,40.75,39.91,39.56,12714710.0,72716240.0
2012-02-17,40.47,40.82,40.05,39.0,14200751.0,80747216.0
2012-02-16,39.98,41.94,40.75,39.42,35910704.0,207188144.0
2012-02-15,35.28,38.58,38.58,35.21,14535594.0,78059896.0
2012-02-14,35.42,35.63,35.07,34.86,3364531.0,16862378.0
2012-02-13,34.37,35.42,35.42,33.95,5111127.0,25413354.0
2012-02-10,34.72,35.28,34.58,34.3,4789907.0,23726874.0
2012-02-09,33.67,35.21,34.79,33.46,8331103.0,41132024.0
2012-02-08,33.04,33.81,33.6,32.69,2604386.0,12375180.0
2012-02-07,34.02,34.02,32.83,32.83,2487768.0,11753993.0
2012-02-06,34.02,34.37,33.95,33.67,2825670.0,13673028.0
2012-02-03,33.46,33.95,33.81,33.25,3286687.0,15775060.0
2012-02-02,32.69,33.32,33.32,32.48,2085410.0,9819633.0
2012-02-01,32.97,33.32,32.62,32.34,1844261.0,8641093.0
2012-01-31,33.32,33.46,32.97,32.62,1909043.0,8948572.0
2012-01-30,33.6,34.23,33.25,33.18,2720107.0,13086642.0
2012-01-20,33.18,33.6,33.46,33.11,2716301.0,12913018.0
2012-01-19,33.25,33.74,33.18,32.9,3154145.0,14986702.0
2012-01-18,34.23,34.37,33.32,33.04,4431356.0,21278024.0
2012-01-17,32.34,34.37,34.23,31.28,7498031.0,35355872.0
2012-01-16,31.21,34.23,32.69,31.14,7237396.0,34082788.0
2012-01-13,32.27,32.41,31.14,30.93,4124667.0,18557406.0
2012-01-12,32.62,33.25,32.41,32.2,3508379.0,16297307.0
2012-01-11,32.34,33.11,32.69,32.12,4862102.0,22651692.0
2012-01-10,31.0,32.34,32.27,30.86,3873704.0,17558762.0
2012-01-09,29.6,31.0,30.86,29.32,2926859.0,12743906.0
2012-01-06,29.53,29.81,29.6,28.83,2113542.0,8807664.0
2012-01-05,30.58,31.07,29.53,29.53,3413094.0,14740253.0
