date,open,high,close,low,volume,amount
2015-07-10,28.28,30.4,30.4,28.28,26491572.0,336430816.0
2015-07-09,25.12,27.64,27.64,25.12,25651110.0,291111104.0
2015-07-08,22.15,27.05,25.12,22.15,81994320.0,842963776.0
2015-07-07,25.92,26.3,24.6,24.6,14213482.0,150651552.0
2015-07-06,31.67,31.67,27.34,25.92,31809200.0,378227296.0
2015-07-03,30.54,32.24,28.8,28.8,25113320.0,313926688.0
2015-07-02,36.22,36.29,32.0,32.0,29169820.0,413927424.0
2015-07-01,38.88,40.49,35.56,35.35,29045140.0,474605856.0
2015-06-30,35.58,38.84,38.84,32.73,33266188.0,515511040.0
2015-06-29,37.23,37.92,35.58,32.57,32546292.0,497521888.0
2015-06-26,38.46,39.21,36.2,36.2,24914288.0,397462848.0
2015-06-25,41.95,43.55,40.23,39.12,41120708.0,731224256.0
2015-06-24,38.81,41.83,41.78,38.55,34581272.0,589954304.0
2015-06-23,37.12,38.6,38.55,33.7,20166088.0,313977440.0
2015-06-19,40.16,41.08,37.12,37.12,20853456.0,342128192.0
2015-06-18,42.91,43.78,41.24,40.98,23788368.0,431280768.0
2015-06-17,41.48,43.15,42.96,40.11,25039924.0,444290912.0
2015-06-16,42.77,43.71,41.66,40.04,26470878.0,476370272.0
2015-06-15,43.95,44.54,42.91,42.37,27891114.0,513298336.0
2015-06-12,43.6,45.46,43.86,43.27,27479326.0,516982944.0
2015-06-11,45.0,45.0,43.83,42.66,30880240.0,574731968.0
2015-06-10,45.07,48.05,45.15,44.58,37149264.0,727547328.0
2015-06-09,44.49,48.47,47.04,42.57,53365896.0,1039233280.0
2015-06-08,42.89,45.47,44.75,41.49,43424412.0,810445888.0
2015-06-05,44.53,45.71,42.8,42.38,62286736.0,1171007104.0
2015-06-04,37.74,41.96,41.96,37.32,49025152.0,835356544.0
2015-06-03,39.14,39.38,38.14,37.22,28560806.0,466374528.0
2015-06-02,37.5,39.85,39.33,37.5,48324588.0,796742976.0
2015-06-01,34.64,36.45,36.45,34.43,30858396.0,469698912.0
2015-05-29,33.8,34.5,33.14,31.76,24050620.0,341086752.0
2015-05-28,37.03,37.67,33.8,33.8,37657004.0,578559424.0
2015-05-27,35.79,38.16,37.55,34.9,43852776.0,685758464.0
2015-05-26,35.18,35.86,35.84,34.41,32730768.0,490986176.0
2015-05-25,34.27,35.6,35.18,34.08,35449160.0,528199904.0
2015-05-22,33.54,34.67,34.24,33.12,34861300.0,505098048.0
2015-05-21,32.51,33.52,33.33,32.0,27960684.0,389432832.0
2015-05-20,32.84,33.64,32.51,32.44,29064956.0,409546432.0
2015-05-19,32.11,33.0,32.98,31.88,31255664.0,432901856.0
2015-05-18,31.34,32.53,32.11,30.99,19016392.0,259086720.0
2015-05-15,32.0,33.14,32.0,30.75,27318686.0,370047584.0
2015-05-14,30.87,32.25,32.25,30.71,28383256.0,381344096.0
2015-05-13,31.22,31.64,30.99,30.66,20633980.0,273465120.0
2015-05-12,31.36,31.74,31.55,30.59,24423932.0,324927232.0
2015-05-11,30.68,31.5,31.34,30.33,20302028.0,268060272.0
2015-05-08,31.1,31.1,30.43,29.72,18448512.0,238988208.0
2015-05-07,29.65,30.07,29.93,28.6,23001008.0,289061760.0
2015-05-06,31.06,31.88,29.82,29.32,22013604.0,289652960.0
2015-05-05,34.1,34.32,31.2,30.99,27321760.0,381276608.0
2015-05-04,33.73,34.92,33.45,32.18,28206688.0,405956416.0
2015-04-30,33.28,35.56,33.75,33.07,32912552.0,481050688.0
2015-04-29,32.58,33.87,33.17,31.36,22118752.0,308400960.0
2015-04-28,33.75,35.16,32.72,32.28,39807460.0,573555392.0
2015-04-27,31.97,34.76,34.17,31.64,39158816.0,553870528.0
2015-04-24,31.41,33.05,31.97,30.94,35799068.0,488473504.0
2015-04-23,30.43,32.53,31.64,29.96,42114532.0,559802496.0
2015-04-22,29.18,30.85,30.28,29.09,36572336.0,466981184.0
2015-04-21,28.01,29.21,29.02,27.92,22718156.0,277042816.0
2015-04-20,28.34,29.75,28.08,27.85,38584188.0,474958176.0
2015-04-17,28.62,29.51,28.83,28.41,24421512.0,302444256.0
2015-04-16,27.31,28.43,28.39,27.24,12931432.0,154746352.0
2015-04-15,28.67,29.28,27.68,27.68,16633395.0,202606560.0
2015-04-14,29.53,29.53,28.83,28.5,20351802.0,252083104.0
2015-04-13,29.84,30.33,29.6,29.3,23649326.0,300349344.0
2015-04-10,29.0,30.03,29.86,28.67,29204836.0,369159392.0
2015-04-09,28.25,29.0,29.0,26.53,28677988.0,341528000.0
2015-04-08,28.9,28.9,28.34,27.89,18892718.0,228468032.0
2015-04-07,28.15,29.51,28.83,28.15,25223048.0,309925632.0
2015-04-03,27.5,28.08,27.89,27.28,19195144.0,226879728.0
2015-04-02,27.19,28.03,27.8,26.95,20374336.0,239248848.0
2015-04-01,26.7,27.26,27.1,26.56,17188252.0,197671808.0
2015-03-31,27.21,28.53,26.67,26.56,25044236.0,292508448.0
2015-03-30,26.49,27.31,27.17,26.44,23903252.0,274981728.0
2015-03-27,25.62,27.38,26.63,25.57,33105284.0,376126208.0
2015-03-26,25.17,26.07,25.62,24.87,26105904.0,285054144.0
2015-03-25,25.32,25.45,25.17,24.85,15006415.0,161192336.0
2015-03-24,25.92,26.51,25.6,24.8,24949394.0,273918240.0
2015-03-23,25.1,26.23,25.97,25.1,28913056.0,317511360.0
2015-03-20,25.32,25.48,25.06,25.06,21112876.0,227158160.0
2015-03-19,25.08,26.14,25.74,24.75,30536360.0,331428416.0
2015-03-18,24.73,25.17,25.03,24.49,21069656.0,223685680.0
2015-03-17,24.47,24.8,24.66,24.17,22458384.0,234294576.0
2015-03-16,24.12,24.42,24.38,23.7,19006148.0,196653984.0
2015-03-13,23.46,24.47,24.12,23.39,18845028.0,193787760.0
2015-03-12,23.11,23.51,23.39,22.99,8185230.0,81508008.0
2015-03-11,23.6,23.74,23.14,23.06,8282409.0,82710280.0
2015-03-10,23.2,23.77,23.67,23.09,8355206.0,83825072.0
2015-03-09,23.23,23.49,23.46,22.67,11400605.0,112151288.0
2015-03-06,23.46,23.91,23.58,23.27,9636649.0,97341688.0
2015-03-05,23.91,24.05,23.44,23.18,11556535.0,116269944.0
2015-03-04,23.82,24.26,24.12,23.67,11614271.0,118566488.0
2015-03-03,24.45,24.45,23.82,23.79,14624521.0,150257456.0
2015-03-02,24.31,24.85,24.59,23.98,17580376.0,183267712.0
2015-02-27,24.52,24.61,24.35,24.14,13495955.0,140285856.0
2015-02-26,23.72,24.52,24.49,23.56,15675511.0,161741840.0
2015-02-25,23.56,23.95,23.72,23.27,10433133.0,105533384.0
2015-02-17,23.79,24.0,23.44,23.35,11857895.0,119311080.0
2015-02-16,23.98,24.57,23.93,23.86,10813100.0,111143752.0
2015-02-13,23.86,24.47,23.86,23.58,14904797.0,152975952.0
2015-02-12,23.67,24.05,23.56,23.42,9244975.0,93395248.0
2015-02-11,23.86,24.52,23.77,23.56,12413910.0,127175360.0
2015-02-10,23.2,24.17,24.07,23.07,12483742.0,125899528.0
2015-02-09,22.92,24.26,23.49,22.52,18185636.0,181474320.0
2015-02-06,23.91,24.38,23.35,23.2,27400612.0,275589536.0
2015-02-05,24.57,26.07,24.73,23.82,58507608.0,625207232.0
2015-02-04,22.41,24.66,24.66,22.41,22588228.0,236439984.0
2015-02-03,21.7,22.45,22.41,21.7,12502675.0,118020936.0
2015-02-02,22.03,22.2,21.64,21.35,12226425.0,113553912.0
2015-01-30,22.17,23.42,22.64,21.92,32057964.0,310829312.0
2015-01-29,21.12,23.2,22.24,20.89,34755984.0,330348160.0
2015-01-28,21.45,21.52,21.24,21.19,5692809.0,51847080.0
2015-01-27,21.92,22.01,21.54,21.19,9920061.0,91519520.0
2015-01-26,21.45,21.89,21.8,21.31,7546307.0,69645392.0
2015-01-23,21.66,21.92,21.47,21.31,9585142.0,87865088.0
2015-01-22,21.31,21.92,21.59,21.07,13247956.0,121748432.0
2015-01-21,20.58,21.47,21.35,20.44,15692265.0,141279280.0
2015-01-20,20.27,20.72,20.51,20.18,9277069.0,81036280.0
2015-01-19,21.47,21.82,20.18,20.14,17454056.0,156276848.0
2015-01-16,22.01,22.45,22.36,21.82,10785272.0,102129816.0
2015-01-15,21.47,22.01,22.01,21.21,8716648.0,80303976.0
2015-01-14,22.27,22.6,21.49,21.26,12160387.0,113829232.0
2015-01-13,22.08,22.41,22.32,22.06,8131517.0,77080376.0
2015-01-12,22.22,22.45,22.1,21.77,17057668.0,160408480.0
2015-01-09,22.85,23.42,22.6,22.57,14188853.0,139712352.0
2015-01-08,23.44,24.03,22.9,22.67,19582828.0,194827440.0
2015-01-07,22.99,23.79,23.53,22.88,21911824.0,217998208.0
2015-01-06,24.52,25.2,23.42,23.2,42027244.0,428472544.0
2015-01-05,21.94,24.05,24.05,21.8,42694672.0,425970720.0
2014-12-31,21.68,21.99,21.87,21.21,13566059.0,125625808.0
2014-12-30,21.35,21.77,21.77,21.1,10764492.0,98259328.0
2014-12-29,21.96,22.39,21.4,21.28,13311939.0,124289192.0
2014-12-26,21.87,22.1,21.94,21.56,12726942.0,118617008.0
2014-12-25,21.42,21.73,21.73,21.24,9977155.0,91408392.0
2014-12-24,20.98,21.38,21.33,20.63,12255500.0,109907968.0
2014-12-23,22.22,22.22,21.14,21.1,18057920.0,165697984.0
2014-12-22,21.87,23.42,22.53,21.68,38237768.0,367295264.0
2014-12-19,21.1,21.8,21.8,20.77,21074860.0,192881984.0
2014-12-18,21.35,21.89,21.21,21.14,11945444.0,109618128.0
2014-12-17,22.01,22.03,21.4,21.07,16803384.0,154348848.0
2014-12-16,21.26,22.17,21.96,21.1,24094540.0,223040480.0
2014-12-15,21.19,21.31,21.26,20.81,10588520.0,95087224.0
2014-12-12,21.19,21.56,21.33,21.0,12370427.0,112314576.0
2014-12-11,20.91,21.35,21.17,20.7,13962994.0,125184120.0
2014-12-10,20.63,21.28,21.24,20.27,16048383.0,142283008.0
2014-12-09,21.75,22.71,20.58,20.53,32200616.0,299609024.0
2014-12-08,21.7,22.45,22.17,21.0,26264876.0,244593680.0
2014-12-05,22.97,22.97,21.96,21.14,39059648.0,370644096.0
2014-12-04,21.57,23.16,23.16,21.47,51374948.0,492442848.0
2014-12-03,20.93,22.15,21.47,20.86,37370992.0,342769312.0
2014-12-02,21.31,21.31,20.95,20.56,25440004.0,226638016.0
2014-12-01,20.39,21.52,20.98,20.3,29892448.0,268253504.0
2014-11-28,20.86,20.86,20.56,19.95,20355990.0,176101824.0
2014-11-27,20.44,21.28,20.74,20.32,24269824.0,214641136.0
2014-11-26,20.2,20.49,20.32,19.97,14747411.0,127122208.0
2014-11-25,19.97,20.37,20.3,19.76,18692830.0,160271680.0
2014-11-24,19.48,19.97,19.81,19.36,15342150.0,129184040.0
2014-11-21,19.2,19.36,19.31,19.13,5887401.0,48322696.0
2014-11-20,19.34,19.41,19.22,19.17,4400772.0,36224160.0
2014-11-19,19.27,19.41,19.34,19.13,5266645.0,43266864.0
2014-11-18,19.5,19.57,19.27,19.15,7381358.0,60803052.0
2014-11-17,19.92,20.14,19.62,19.62,9439444.0,79706512.0
2014-11-14,19.81,20.14,20.06,19.62,11995179.0,101982608.0
2014-11-13,19.83,19.92,19.81,19.24,10651447.0,89445752.0
2014-11-12,19.22,19.85,19.78,19.1,11128348.0,93070816.0
2014-11-11,19.92,20.37,19.24,19.1,17376016.0,147247632.0
2014-11-10,19.29,19.85,19.83,19.27,9534289.0,80127272.0
2014-11-07,19.55,19.81,19.31,19.22,9147466.0,76229264.0
2014-11-06,19.76,19.83,19.55,19.17,9545137.0,79481440.0
2014-11-05,20.34,20.37,19.76,19.76,10383815.0,88692776.0
2014-11-04,20.09,20.49,20.32,19.83,16676819.0,143680368.0
2014-11-03,20.18,20.49,20.09,19.92,14714696.0,126617296.0
2014-10-31,19.92,20.6,20.18,19.59,18132604.0,155531664.0
2014-10-30,19.52,19.99,19.88,19.45,14130262.0,118990240.0
2014-10-29,19.31,19.76,19.64,19.1,13981355.0,115995088.0
2014-10-28,18.8,19.34,19.34,18.8,8850301.0,72144240.0
2014-10-27,19.2,19.2,18.8,18.7,7947966.0,63876232.0
2014-10-24,19.52,19.59,19.24,19.17,5022840.0,41517608.0
2014-10-23,19.24,19.64,19.52,19.15,8266846.0,68402912.0
2014-10-22,19.34,19.67,19.27,19.2,6790168.0,56241812.0
2014-10-21,19.97,20.11,19.31,19.31,10787912.0,90621984.0
2014-10-20,19.74,19.99,19.92,19.45,8153283.0,68847568.0
2014-10-17,19.97,20.14,19.57,19.45,13029344.0,109658856.0
2014-10-16,20.65,21.07,20.11,20.04,16946758.0,149615984.0
2014-10-15,21.14,21.14,20.74,20.44,14647008.0,129282240.0
2014-10-14,21.4,21.4,21.14,20.65,25474262.0,228311152.0
2014-10-13,20.16,21.56,21.42,19.76,42233360.0,374918400.0
2014-10-10,19.99,20.77,20.11,19.92,35727740.0,309518496.0
2014-10-09,19.83,20.04,19.95,19.2,28275486.0,237054960.0
2014-10-08,19.69,20.09,19.83,19.52,29598868.0,249310128.0
2014-09-30,19.17,20.56,19.85,19.15,54847988.0,470063872.0
2014-09-29,18.47,18.7,18.68,18.33,13997064.0,110675776.0
2014-09-26,18.31,18.54,18.4,18.26,9997919.0,78361368.0
2014-09-25,18.63,18.68,18.35,18.26,11638761.0,91622320.0
2014-09-24,18.12,18.61,18.56,18.02,14697521.0,115287736.0
2014-09-23,18.0,18.19,18.14,17.95,5438452.0,41937184.0
2014-09-22,18.31,18.31,18.05,17.91,7572147.0,58480596.0
2014-09-19,18.24,18.35,18.31,18.05,7938477.0,61601708.0
2014-09-18,17.84,18.28,18.24,17.79,8082913.0,62500848.0
2014-09-17,17.84,18.09,17.88,17.63,6871158.0,52308240.0
2014-09-16,18.47,18.64,17.86,17.79,16784830.0,130708128.0
2014-09-15,18.7,18.92,18.49,18.42,20810240.0,165476096.0
2014-09-12,18.02,18.7,18.54,17.91,21823336.0,170705648.0
2014-09-11,17.93,18.19,17.79,17.7,8621692.0,66059804.0
2014-09-10,18.09,18.09,17.93,17.77,7866354.0,60158396.0
2014-09-09,18.09,18.33,18.21,17.95,8449304.0,65405492.0
2014-09-05,18.14,18.24,18.14,17.95,7560068.0,58477196.0
2014-09-04,17.98,18.12,18.05,17.88,6151941.0,47272692.0
2014-09-03,17.81,18.28,18.02,17.74,11907955.0,91522112.0
2014-09-02,17.56,17.86,17.86,17.42,7142738.0,53753608.0
2014-09-01,17.39,17.51,17.51,17.34,4194234.0,31186344.0
2014-08-29,17.2,17.39,17.39,16.9,3884149.0,28440566.0
2014-08-28,17.25,17.67,17.3,16.95,5552213.0,41009404.0
2014-08-27,17.11,17.3,17.25,16.99,4331048.0,31720402.0
2014-08-26,17.58,17.77,17.11,17.09,6889562.0,51123472.0
2014-08-25,17.95,18.0,17.65,17.63,5430087.0,41171936.0
2014-08-22,17.93,18.19,18.05,17.79,6586795.0,50558288.0
2014-08-21,18.17,18.24,17.86,17.77,7158981.0,54859944.0
2014-08-20,18.21,18.38,18.14,18.02,8757023.0,67870584.0
2014-08-19,18.24,18.7,18.31,17.93,14729695.0,115489304.0
2014-08-18,18.05,18.24,18.24,17.95,6582950.0,50846704.0
2014-08-15,17.7,18.24,18.05,17.67,7711584.0,59076892.0
2014-08-14,18.28,18.35,17.74,17.7,10049479.0,77199992.0
2014-08-13,18.05,18.61,18.47,17.7,15447528.0,119901472.0
2014-08-12,18.33,18.33,18.05,17.95,6195127.0,47760476.0
2014-08-11,18.0,18.4,18.33,17.91,7494558.0,58268348.0
2014-08-08,18.09,18.21,18.0,17.84,6878541.0,52852828.0
2014-08-07,18.64,18.84,18.09,18.07,14190451.0,111541128.0
2014-08-06,18.31,18.99,18.8,18.07,14948226.0,117708008.0
2014-08-05,18.38,19.24,18.47,18.24,24115750.0,192469232.0
2014-08-04,17.63,18.42,18.24,17.49,17468372.0,134484320.0
2014-08-01,17.6,18.35,17.65,17.44,20067860.0,153094048.0
2014-07-31,17.34,17.81,17.77,17.18,11811312.0,88335600.0
2014-07-30,17.32,17.91,17.25,17.2,12206868.0,91248240.0
2014-07-29,17.7,17.7,17.46,17.2,13340693.0,99174920.0
2014-07-28,17.34,18.21,17.72,17.06,20798524.0,157093408.0
2014-07-25,16.92,18.28,17.32,16.62,18077424.0,133733264.0
2014-07-24,16.38,17.16,16.88,16.31,15998532.0,114455672.0
2014-07-23,16.24,16.69,16.41,16.13,9943704.0,69745168.0
2014-07-22,15.99,16.41,16.24,15.85,8870466.0,61460596.0
2014-07-21,16.27,16.34,15.94,15.89,3780791.0,25919570.0
2014-07-18,16.03,16.48,16.27,16.03,7025424.0,48854912.0
2014-07-17,16.08,16.27,16.06,15.96,4685255.0,32131058.0
2014-07-16,16.31,16.31,16.08,15.94,4817173.0,33131174.0
2014-07-15,16.2,16.52,16.31,16.06,6875271.0,47717680.0
2014-07-14,16.01,16.2,16.2,15.87,4808208.0,32943294.0
2014-07-11,15.52,16.22,15.99,15.52,8221819.0,56053296.0
2014-07-10,15.49,15.8,15.61,15.47,4946110.0,32999290.0
2014-07-09,15.99,15.99,15.56,15.54,7109030.0,47677024.0
2014-07-08,15.94,16.29,15.96,15.78,9516535.0,64864172.0
2014-07-07,15.4,16.78,16.13,15.31,17798036.0,121313640.0
2014-07-04,15.54,15.56,15.42,15.4,4415000.0,29150086.0
2014-07-03,15.52,15.66,15.56,15.45,5114669.0,33938824.0
2014-07-02,15.28,15.85,15.59,15.19,9689328.0,64047004.0
2014-07-01,15.21,15.42,15.33,15.14,4558268.0,29720908.0
2014-06-30,15.28,15.33,15.24,15.14,5141043.0,33405602.0
2014-06-27,15.19,15.35,15.31,15.14,4945831.0,32172710.0
2014-06-26,15.05,15.28,15.21,15.03,5139101.0,33272408.0
2014-06-25,15.03,15.68,15.16,14.77,8216689.0,53492976.0
2014-06-24,14.91,15.1,15.05,14.79,3893382.0,24859476.0
2014-06-23,14.91,15.14,14.91,14.72,4765246.0,30301522.0
2014-06-20,14.81,14.91,14.84,14.72,2586568.0,16356809.0
2014-06-19,15.47,15.47,14.84,14.65,9030005.0,57736604.0
2014-06-18,15.45,15.66,15.54,15.31,3803237.0,25090700.0
2014-06-17,15.89,15.94,15.47,15.42,4681373.0,31228874.0
2014-06-16,15.94,16.06,15.94,15.78,3508691.0,23800560.0
2014-06-13,15.63,16.13,15.94,15.61,5649311.0,38381660.0
2014-06-12,15.49,15.78,15.66,15.42,3328469.0,22154864.0
2014-06-11,15.47,15.63,15.59,15.35,3597282.0,23811492.0
2014-06-10,15.28,15.54,15.47,15.26,2725781.0,17905006.0
2014-06-09,15.26,15.47,15.24,15.24,2876056.0,18808708.0
2014-06-06,15.66,15.66,15.38,15.35,3376237.0,22257336.0
2014-06-05,15.61,15.7,15.66,15.33,3884991.0,25692990.0
2014-06-04,15.89,16.03,15.61,15.59,3904514.0,26224304.0
2014-06-03,15.85,16.2,15.87,15.78,4291084.0,29350736.0
2014-05-30,15.68,15.99,15.85,15.61,4844834.0,32705334.0
2014-05-29,16.1,16.13,15.68,15.68,5820476.0,39445948.0
2014-05-28,15.96,16.29,16.17,15.85,5079073.0,34952076.0
2014-05-27,16.2,16.27,15.94,15.91,4833552.0,33110168.0
2014-05-26,16.01,16.31,16.27,16.01,4805123.0,33164870.0
2014-05-23,16.2,16.31,16.06,15.85,6105064.0,41712424.0
2014-05-22,16.64,16.66,16.2,16.17,9253394.0,64909684.0
2014-05-21,15.87,17.18,16.74,15.71,15847085.0,112152920.0
2014-05-20,16.24,16.29,15.85,15.78,5419963.0,37042140.0
2014-05-19,16.08,16.08,16.03,15.75,4509862.0,31048540.0
2014-05-16,16.03,16.24,16.17,15.78,7667728.0,53358112.0
2014-05-15,16.79,16.79,16.1,15.98,14182531.0,100187600.0
2014-05-14,17.16,17.55,16.75,16.68,17010468.0,125481120.0
2014-05-13,18.94,18.94,17.37,16.98,28555328.0,220970800.0
2014-05-12,16.17,18.2,18.2,16.08,27689892.0,209241824.0
2014-05-09,16.1,16.82,16.54,15.87,14742854.0,104396232.0
2014-05-08,15.41,16.86,16.19,15.36,16589076.0,115853464.0
2014-05-07,15.64,15.75,15.38,15.24,5297132.0,35523012.0
2014-05-06,15.11,15.96,15.59,15.01,8480790.0,57211920.0
2014-05-05,14.55,15.13,15.13,14.55,2290103.0,14771293.0
2014-04-30,14.92,14.92,14.81,14.71,1333784.0,8569351.0
2014-04-29,14.39,14.9,14.88,14.37,2276316.0,14499888.0
2014-04-28,14.57,14.74,14.39,14.39,1947161.0,12291748.0
2014-04-25,14.99,15.06,14.69,14.69,1884457.0,12118268.0
2014-04-24,14.92,15.2,14.99,14.78,1958587.0,12738242.0
2014-04-23,14.83,15.01,14.92,14.78,984021.0,6357328.0
2014-04-22,14.97,15.06,14.9,14.74,2011147.0,12959443.0
2014-04-21,15.29,15.38,14.99,14.97,2767167.0,18176800.0
2014-04-18,15.31,15.52,15.43,15.27,1549109.0,10330151.0
2014-04-17,15.66,15.66,15.36,15.36,1995437.0,13348581.0
2014-04-16,15.5,15.66,15.54,15.5,1616789.0,10899765.0
2014-04-15,15.61,15.82,15.54,15.52,3017807.0,20407580.0
2014-04-14,15.52,15.75,15.66,15.5,3106408.0,21092112.0
2014-04-11,15.82,15.82,15.57,15.54,4574492.0,31035798.0
2014-04-10,15.82,16.12,15.91,15.61,7001174.0,48124400.0
2014-04-09,15.78,15.87,15.85,15.66,3593435.0,24506672.0
2014-04-08,15.36,16.01,15.85,15.29,6815737.0,46457616.0
2014-04-04,15.31,15.43,15.41,15.15,1986055.0,13163989.0
2014-04-03,15.68,15.71,15.27,15.24,3072072.0,20496406.0
2014-04-02,15.29,15.66,15.66,14.99,3926815.0,26242758.0
2014-04-01,15.04,15.31,15.22,15.04,1787467.0,11759068.0
2014-03-31,14.99,15.2,15.01,14.9,1889868.0,12348715.0
2014-03-28,15.29,15.41,15.01,15.01,3631459.0,23902996.0
2014-03-27,15.48,15.66,15.34,15.31,3174531.0,21349164.0
2014-03-26,15.82,15.89,15.52,15.5,4016427.0,27218116.0
2014-03-25,15.71,16.05,15.8,15.59,4749989.0,32497768.0
2014-03-24,15.82,16.12,15.91,15.52,7317741.0,50102980.0
2014-03-21,14.81,16.08,15.94,14.69,13752112.0,92715704.0
2014-03-20,14.99,15.61,15.11,14.78,6960579.0,45991824.0
2014-03-19,14.97,15.01,15.01,14.74,2562071.0,16515311.0
2014-03-18,15.15,15.24,14.97,14.92,3081456.0,20077300.0
2014-03-17,14.88,15.31,15.13,14.83,4031266.0,26403650.0
2014-03-14,14.97,15.11,14.83,14.64,4595984.0,29568190.0
2014-03-13,14.55,15.68,15.2,14.55,8002676.0,52470420.0
2014-03-12,14.32,14.78,14.62,14.14,4413301.0,27796758.0
2014-03-11,14.18,14.57,14.44,13.97,4269092.0,26400442.0
2014-03-10,14.83,14.83,14.14,14.11,3810217.0,23769914.0
2014-03-07,14.99,15.08,14.94,14.9,2180787.0,14166397.0
2014-03-06,14.9,15.04,14.99,14.71,3428617.0,22101260.0
2014-03-05,14.83,15.48,15.11,14.71,5817214.0,37981224.0
2014-03-04,14.92,14.92,14.83,14.62,3215582.0,20522730.0
2014-03-03,14.99,15.11,15.01,14.69,2843712.0,18397208.0
2014-02-28,14.81,15.08,15.04,14.67,2420258.0,15550082.0
2014-02-27,15.15,15.15,14.81,14.76,2839819.0,18420780.0
2014-02-26,14.97,15.18,15.15,14.9,2367873.0,15429848.0
2014-02-25,15.66,15.66,15.04,14.97,4349097.0,28960188.0
2014-02-24,16.12,16.12,15.54,15.45,4632597.0,31395810.0
2014-02-21,16.61,16.68,16.26,16.17,3409370.0,24167264.0
2014-02-20,16.56,16.95,16.65,16.56,6143871.0,44519312.0
2014-02-19,16.49,16.63,16.54,16.33,3526301.0,25173742.0
2014-02-18,16.93,16.93,16.49,16.47,4193575.0,30101782.0
2014-02-17,16.65,17.0,16.89,16.61,5814511.0,42293220.0
2014-02-14,16.54,16.75,16.65,16.42,3045690.0,21852058.0
2014-02-13,16.61,16.82,16.58,16.52,3790987.0,27369860.0
2014-02-12,16.72,16.72,16.65,16.52,3712134.0,26684240.0
2014-02-11,16.35,17.02,16.82,16.24,6725318.0,48581464.0
2014-02-10,15.94,16.38,16.35,15.94,3763898.0,26408726.0
2014-02-07,15.73,15.91,15.87,15.54,1660756.0,11334607.0
2014-01-30,15.98,16.14,15.8,15.8,1534445.0,10584790.0
2014-01-29,16.12,16.26,15.98,15.98,1952866.0,13582939.0
2014-01-28,16.4,16.45,16.12,16.05,2405279.0,16859224.0
2014-01-27,16.1,16.52,16.33,15.96,3334498.0,23468192.0
2014-01-24,15.98,16.58,16.28,15.91,4302224.0,30461704.0
2014-01-23,16.17,16.17,16.05,15.98,2260682.0,15735906.0
2014-01-22,15.66,16.24,16.21,15.64,3870544.0,26885028.0
2014-01-21,15.41,15.68,15.68,15.41,1918758.0,12952706.0
2014-01-20,15.61,15.64,15.45,15.34,2248742.0,15040136.0
2014-01-17,16.1,16.1,15.64,15.59,3070751.0,21085992.0
2014-01-16,16.05,16.33,16.19,15.85,3484727.0,24341396.0
2014-01-15,16.19,16.24,16.03,15.89,2498903.0,17342400.0
2014-01-14,16.17,16.35,16.17,16.01,3151936.0,22049138.0
2014-01-13,16.1,16.35,16.17,16.05,2023044.0,14162459.0
2014-01-10,16.19,16.26,16.08,15.89,2819604.0,19657000.0
2014-01-09,16.4,16.58,16.26,16.26,2424616.0,17232848.0
2014-01-08,16.63,16.86,16.42,16.35,2759759.0,19838446.0
2014-01-07,16.79,16.84,16.63,16.52,2861222.0,20666828.0
2014-01-06,17.69,17.69,16.84,16.79,4979221.0,36839624.0
2014-01-03,18.02,18.11,17.76,17.72,2948607.0,22809736.0
2014-01-02,18.5,18.5,18.11,17.97,6650199.0,52183792.0
2013-12-31,18.48,19.06,18.52,18.16,3933292.0,31618366.0
2013-12-30,18.52,18.87,18.52,18.48,1308185.0,10539305.0
2013-12-27,18.48,18.66,18.57,18.32,2590077.0,20795912.0
2013-12-26,18.32,18.55,18.52,17.99,3557008.0,28210734.0
2013-12-25,18.48,18.52,18.41,18.29,1338331.0,10652557.0
2013-12-24,18.25,18.55,18.52,18.25,2183140.0,17396746.0
2013-12-23,18.66,18.8,18.27,18.13,2954631.0,23479798.0
2013-12-20,19.12,19.26,18.66,18.64,3154410.0,25822340.0
2013-12-19,19.26,19.38,19.12,19.1,2101442.0,17491218.0
2013-12-18,19.45,19.47,19.15,19.01,2977315.0,24714786.0
2013-12-17,19.56,19.63,19.36,19.31,2312665.0,19435214.0
2013-12-16,19.47,19.7,19.52,19.33,4172878.0,35271208.0
2013-12-13,19.59,19.82,19.61,19.52,3796901.0,32328932.0
2013-12-12,19.98,20.07,19.82,19.63,3800751.0,32606782.0
2013-12-11,20.26,20.49,20.0,19.86,4160736.0,36169776.0
2013-12-10,20.7,20.81,20.51,20.35,3607976.0,32116264.0
2013-12-09,20.79,21.02,20.7,20.65,3351229.0,30151352.0
2013-12-06,20.79,21.0,20.74,20.63,3277310.0,29467180.0
2013-12-05,20.86,21.23,20.88,20.81,4893736.0,44451120.0
2013-12-04,20.56,20.95,20.83,20.42,6270263.0,56337772.0
2013-12-03,20.21,20.63,20.56,20.21,3519885.0,31184594.0
2013-12-02,20.67,20.9,20.23,20.12,5231626.0,46214504.0
2013-11-29,20.9,21.16,20.95,20.67,4336321.0,39307012.0
2013-11-28,21.0,21.46,20.93,20.88,9572256.0,87472200.0
2013-11-27,20.3,20.65,20.65,20.16,3625030.0,32005684.0
2013-11-26,20.28,20.37,20.26,20.12,1867953.0,16361578.0
2013-11-25,20.37,20.44,20.26,20.14,3043218.0,26701420.0
2013-11-22,20.86,21.02,20.44,20.39,4769624.0,42741416.0
2013-11-21,20.39,21.11,20.77,20.26,6882881.0,61961764.0
2013-11-20,20.33,20.51,20.39,20.14,2361062.0,20728384.0
2013-11-19,20.37,20.46,20.28,20.16,3345656.0,29405904.0
2013-11-18,19.91,20.39,20.35,19.91,4342037.0,38034896.0
2013-11-15,19.91,20.19,19.91,19.66,3521539.0,30471308.0
2013-11-14,19.52,20.03,19.7,19.52,2325122.0,19905228.0
2013-11-13,19.68,19.86,19.4,19.36,2024925.0,17216680.0
2013-11-12,19.59,19.98,19.89,19.52,2467495.0,21164694.0
2013-11-11,19.54,19.7,19.52,19.43,1202729.0,10177368.0
2013-11-08,19.8,19.91,19.61,19.54,1886738.0,16104144.0
2013-11-07,19.82,19.93,19.84,19.56,2059943.0,17645806.0
2013-11-06,19.68,20.21,19.84,19.68,2648712.0,22862658.0
2013-11-05,19.7,19.89,19.84,19.5,1636481.0,13969821.0
2013-11-04,19.91,19.98,19.84,19.77,1744890.0,15024245.0
2013-11-01,19.82,19.86,19.75,19.54,1747883.0,14952079.0
2013-10-31,19.77,19.77,19.61,19.45,1855364.0,15759841.0
2013-10-30,19.36,19.75,19.66,19.29,2314694.0,19631240.0
2013-10-29,19.73,20.03,19.36,19.03,4361562.0,36842596.0
2013-10-28,20.33,20.51,19.7,19.5,4263402.0,36651484.0
2013-10-25,20.72,20.93,20.37,20.26,3294592.0,29471780.0
2013-10-24,21.07,21.07,20.72,20.58,3569181.0,32181196.0
2013-10-23,21.48,21.6,21.09,20.95,6284017.0,57901020.0
2013-10-22,20.88,21.73,21.37,20.77,12017827.0,110885912.0
2013-10-21,20.63,21.0,20.9,20.39,5364547.0,48208836.0
2013-10-18,20.65,20.77,20.63,20.39,3003133.0,26783180.0
2013-10-17,20.42,21.27,20.67,20.42,7810704.0,70724128.0
2013-10-16,20.58,20.72,20.33,20.3,3331003.0,29471556.0
2013-10-15,20.83,20.88,20.74,20.53,3743984.0,33531132.0
2013-10-14,20.63,20.88,20.79,20.51,5007335.0,44986196.0
2013-10-11,20.51,20.65,20.6,20.35,3487140.0,30996390.0
2013-10-10,20.72,20.72,20.3,20.12,4339181.0,38318552.0
2013-10-09,20.77,20.77,20.7,20.53,2698654.0,24084330.0
2013-10-08,20.63,20.83,20.81,20.42,2415102.0,21601290.0
2013-09-30,20.72,20.77,20.65,20.51,1598616.0,14268968.0
2013-09-27,20.39,20.83,20.63,20.39,2404346.0,21518552.0
2013-09-26,20.51,20.79,20.37,20.35,2741226.0,24346554.0
2013-09-25,20.81,21.04,20.63,20.56,3743681.0,33673844.0
2013-09-24,21.2,21.25,20.81,20.74,3993972.0,36056340.0
2013-09-23,20.86,21.3,21.2,20.79,3907364.0,35782784.0
2013-09-18,20.56,20.88,20.86,20.56,2574963.0,23125350.0
2013-09-17,21.25,21.27,20.58,20.58,4184754.0,37782996.0
2013-09-16,21.39,21.53,21.23,21.04,3782356.0,34760900.0
2013-09-13,21.71,22.01,21.39,21.14,5690173.0,52901856.0
2013-09-12,22.06,22.08,21.83,21.64,5674785.0,53640096.0
2013-09-11,21.71,22.36,22.06,21.43,12050025.0,114903728.0
2013-09-10,21.2,21.87,21.64,21.16,7982146.0,74413856.0
2013-09-09,20.97,21.39,21.23,20.88,6676577.0,61270056.0
2013-09-06,20.79,21.0,20.9,20.7,2805465.0,25331646.0
2013-09-05,21.09,21.09,20.81,20.77,3786823.0,34240560.0
2013-09-04,21.02,21.43,21.18,20.88,6153074.0,56351016.0
2013-09-03,21.09,21.11,21.04,20.83,5288339.0,48120020.0
2013-09-02,20.49,21.07,21.02,20.42,6398584.0,57572632.0
2013-08-30,20.37,20.67,20.39,20.3,3759961.0,33369276.0
2013-08-29,21.02,21.02,20.46,20.33,4970805.0,44372580.0
2013-08-28,20.58,21.23,21.0,20.46,8075486.0,73060120.0
2013-08-27,20.51,20.7,20.67,20.37,4022068.0,35778984.0
2013-08-26,19.93,20.49,20.44,19.93,4428165.0,38928248.0
2013-08-23,20.53,20.77,20.03,19.77,5456673.0,47728700.0
2013-08-22,20.63,20.74,20.46,20.35,3768543.0,33501888.0
2013-08-21,20.44,20.95,20.72,20.26,4738457.0,42288124.0
2013-08-20,20.77,20.9,20.44,20.33,7864877.0,70218536.0
2013-08-19,20.46,21.04,20.95,20.26,7086597.0,63013428.0
2013-08-16,20.97,21.85,20.74,20.74,8827436.0,80867656.0
2013-08-15,21.43,21.5,21.07,21.07,4312728.0,39736872.0
2013-08-14,21.78,22.13,21.41,21.32,9364321.0,87990248.0
2013-08-13,22.38,22.38,21.67,21.5,9994714.0,94221216.0
2013-08-12,20.23,22.27,22.24,20.21,19724504.0,183648416.0
2013-08-09,19.93,20.4,20.23,19.89,8957326.0,77975656.0
2013-08-08,20.12,20.28,19.93,19.82,5738611.0,49791708.0
2013-08-07,20.19,20.86,20.33,19.93,8531531.0,74950360.0
2013-08-06,20.23,20.49,20.33,19.89,4022175.0,35166284.0
2013-08-05,20.0,20.42,20.33,19.73,3260924.0,28352514.0
2013-08-02,19.68,20.42,19.96,19.68,4241430.0,36804876.0
2013-08-01,19.33,20.0,19.91,19.22,3635624.0,31134000.0
2013-07-31,19.17,19.63,19.17,19.06,1687051.0,14107689.0
2013-07-30,18.82,19.43,19.2,18.82,2199411.0,18237750.0
2013-07-29,19.52,19.52,18.94,18.85,2390666.0,19806740.0
2013-07-26,19.54,19.7,19.66,19.31,2441083.0,20675818.0
2013-07-25,19.33,19.96,19.66,19.24,4249444.0,36057924.0
2013-07-24,19.54,19.82,19.36,19.01,2762184.0,23141428.0
2013-07-23,19.12,19.91,19.66,19.1,3402539.0,28957470.0
2013-07-22,19.1,19.12,19.1,18.85,2497848.0,20538932.0
2013-07-19,19.54,19.91,19.22,19.2,3089014.0,26234474.0
2013-07-18,20.14,20.35,19.54,19.4,4346505.0,37066292.0
2013-07-17,20.07,20.81,20.28,19.96,6029459.0,53592464.0
2013-07-16,20.05,20.23,20.05,19.89,3220700.0,27922406.0
2013-07-15,19.91,20.53,20.19,19.91,3924995.0,34372288.0
2013-07-12,20.77,20.95,20.12,20.09,4533221.0,40181352.0
2013-07-11,20.07,21.16,20.83,19.98,6511645.0,58224036.0
2013-07-10,19.24,20.21,20.03,19.01,3580562.0,30594462.0
2013-07-09,19.22,19.68,19.36,19.1,1975324.0,16554868.0
2013-07-08,19.93,19.93,19.22,19.15,2751189.0,23195990.0
2013-07-05,20.4,20.6,20.09,20.07,3478158.0,30651906.0
2013-07-04,19.52,21.23,20.56,19.24,6197534.0,54519080.0
2013-07-03,19.66,19.82,19.59,19.4,2364927.0,20049706.0
2013-07-02,19.86,20.09,19.75,19.47,2743437.0,23407574.0
2013-07-01,20.19,20.51,19.86,19.4,2713291.0,23342776.0
2013-06-28,19.86,20.67,20.19,19.63,2701513.0,23658582.0
2013-06-27,20.3,20.9,20.07,19.91,2589684.0,22863378.0
2013-06-26,20.09,20.35,20.3,19.75,2939091.0,25523872.0
2013-06-25,20.74,21.2,20.3,19.22,4057886.0,35604120.0
2013-06-24,22.41,22.41,21.02,21.0,2625540.0,24791182.0
2013-06-21,22.5,23.01,22.52,22.01,2062628.0,20183272.0
2013-06-20,23.45,23.56,22.75,22.73,2416127.0,24195566.0
2013-06-19,23.65,23.98,23.75,23.07,2972388.0,30099386.0
2013-06-18,23.81,23.98,23.65,23.51,1732901.0,17796206.0
2013-06-17,24.25,24.48,23.79,23.51,2901407.0,29909542.0
2013-06-14,24.55,24.55,24.28,24.23,2071702.0,21826018.0
2013-06-13,25.62,25.64,24.32,24.21,2584776.0,27487386.0
2013-06-07,26.61,26.61,25.68,25.59,2681003.0,30084396.0
2013-06-06,26.59,26.84,26.45,26.4,1989366.0,22952242.0
2013-06-05,26.59,26.95,26.63,26.56,2060491.0,23864172.0
2013-06-04,26.75,27.0,26.79,26.12,4043802.0,46672128.0
2013-06-03,26.77,27.19,26.75,26.45,3343508.0,38805144.0
2013-05-31,27.02,27.26,26.75,26.68,2770993.0,32398806.0
2013-05-30,27.28,27.28,27.02,27.0,2420865.0,28426150.0
2013-05-29,27.14,27.41,27.12,26.98,3553921.0,42496388.0
2013-05-28,26.8,27.48,27.21,26.48,5175625.0,61571816.0
2013-05-27,26.59,27.09,26.84,26.57,2196251.0,25941240.0
2013-05-24,26.68,26.87,26.71,26.39,1973868.0,23197202.0
2013-05-23,26.96,27.14,26.46,26.39,3177961.0,37527864.0
2013-05-22,27.18,27.34,27.16,26.87,4210594.0,50220456.0
2013-05-21,27.14,27.48,27.18,27.0,3694178.0,44257624.0
2013-05-20,27.36,27.39,27.09,26.89,4187016.0,50084176.0
2013-05-17,25.89,27.71,27.34,25.8,7429677.0,87933656.0
2013-05-16,25.46,25.96,25.93,25.37,2993712.0,33829384.0
2013-05-15,25.73,25.93,25.62,25.43,2011609.0,22680236.0
2013-05-14,26.02,26.32,25.73,25.57,2058009.0,23398462.0
2013-05-13,26.16,26.34,26.21,25.91,2365108.0,27222520.0
2013-05-10,25.78,26.14,26.12,25.55,2586700.0,29476952.0
2013-05-09,26.18,26.37,25.78,25.55,3366034.0,38515032.0
2013-05-08,26.3,26.41,26.21,26.02,2909519.0,33603764.0
2013-05-07,25.91,26.5,26.16,25.64,4124115.0,47376032.0
2013-05-06,25.46,26.25,26.12,25.41,3449749.0,39458108.0
2013-05-03,25.39,25.8,25.3,25.21,3814184.0,42801248.0
2013-05-02,25.8,25.84,25.28,25.18,2897056.0,32341978.0
2013-04-26,26.71,26.8,26.12,25.78,2024584.0,23441810.0
2013-04-25,26.91,27.02,26.43,26.34,2324033.0,27241740.0
2013-04-24,26.59,27.34,27.02,26.59,2252725.0,26725296.0
2013-04-23,27.36,27.46,26.73,26.71,3808564.0,45274740.0
2013-04-22,27.25,28.95,27.73,26.87,5656375.0,68501856.0
2013-03-19,28.93,29.2,29.16,28.82,2763763.0,35333892.0
2013-03-18,28.84,29.18,28.64,28.61,2103208.0,26663294.0
2013-03-15,29.34,29.91,28.98,28.8,3383368.0,43660552.0
2013-03-14,28.89,29.68,29.57,28.59,3846708.0,49269848.0
2013-03-13,29.07,29.39,29.18,28.84,3069893.0,39349644.0
2013-03-12,30.0,30.5,29.07,28.89,5345731.0,69427976.0
2013-03-11,30.18,30.41,29.98,29.89,3263583.0,43225388.0
2013-03-08,30.66,30.86,30.34,30.09,6301474.0,84316032.0
2013-03-07,29.09,32.16,31.02,28.95,12173389.0,164809552.0
2013-03-06,29.43,29.48,29.3,28.91,2741939.0,35248820.0
2013-03-05,28.86,29.2,29.11,28.64,2622210.0,33438982.0
2013-03-04,29.86,29.86,28.75,28.5,4510256.0,58004396.0
2013-03-01,29.75,30.27,30.09,29.59,4801878.0,63415544.0
2013-02-28,29.41,30.0,29.91,29.25,4334360.0,56540600.0
2013-02-27,28.98,29.55,29.32,28.98,4710628.0,60785152.0
2013-02-26,29.32,29.32,28.61,28.55,4734872.0,60338652.0
2013-02-25,29.48,29.75,29.39,29.3,2540022.0,32920348.0
2013-02-22,29.82,29.82,29.48,29.25,2731691.0,35423816.0
2013-02-21,30.41,30.41,29.52,29.3,5990767.0,78160448.0
2013-02-20,30.34,30.68,30.64,30.27,3172487.0,42636448.0
2013-02-19,31.36,31.68,30.39,30.16,5862876.0,79468584.0
2013-02-18,32.27,32.34,31.54,31.5,4452988.0,62230172.0
2013-02-08,31.82,32.59,32.27,31.82,4646220.0,66191408.0
2013-02-07,32.02,32.16,31.93,31.68,3747983.0,52644208.0
2013-02-06,32.45,32.5,31.88,31.75,6543708.0,92276512.0
2013-02-05,31.75,33.06,32.43,31.52,13846353.0,197890896.0
2013-02-04,30.61,32.38,31.93,30.57,12717179.0,176816720.0
2013-02-01,30.55,30.89,30.55,30.2,6078452.0,81339344.0
2013-01-31,30.93,31.45,30.95,30.34,6019630.0,82015936.0
2013-01-30,31.07,31.32,30.93,30.55,4332954.0,59070924.0
2013-01-29,30.5,31.04,30.82,30.45,4248672.0,57657296.0
2013-01-28,30.07,30.59,30.52,30.07,3025830.0,40361608.0
2013-01-25,29.98,30.34,29.93,29.86,1979463.0,26240872.0
2013-01-24,30.89,31.2,30.11,29.98,5140660.0,69299800.0
2013-01-23,30.84,31.11,30.86,30.2,4144167.0,55917496.0
2013-01-22,31.7,31.93,30.89,30.68,6366891.0,87703984.0
2013-01-21,31.09,32.09,31.61,30.89,10112141.0,140716272.0
2013-01-18,30.64,31.14,30.86,30.48,4711655.0,64031408.0
2013-01-17,30.79,31.2,30.43,30.23,4208910.0,56832748.0
2013-01-16,31.07,31.98,30.95,30.57,7242095.0,99397040.0
2013-01-15,30.43,31.07,30.95,30.3,6545776.0,88608704.0
2013-01-14,29.52,30.48,30.43,29.3,4642697.0,61471500.0
2013-01-11,30.52,30.57,29.57,29.45,4245214.0,56237420.0
2013-01-10,30.86,30.86,30.43,30.23,5076796.0,68255224.0
2013-01-09,29.98,30.82,30.82,29.91,5568537.0,74228128.0
2013-01-08,30.18,30.43,30.11,29.84,3795046.0,50116572.0
2013-01-07,30.18,30.55,30.25,30.07,2779227.0,37055612.0
2013-01-04,30.82,30.98,30.2,30.09,3792249.0,50786556.0
2012-12-31,30.34,30.52,30.48,30.07,3616179.0,48292628.0
2012-12-28,30.23,30.41,30.32,29.93,3201122.0,42561024.0
2012-12-27,30.61,31.04,30.23,30.18,4730564.0,63731868.0
2012-12-26,30.59,30.66,30.45,30.11,4647894.0,62101788.0
2012-12-25,29.73,30.66,30.55,29.52,5636550.0,75126112.0
2012-12-24,29.95,30.43,29.8,29.7,2844723.0,37516900.0
2012-12-21,29.98,30.77,29.75,29.59,6812028.0,90598344.0
2012-12-20,29.36,29.8,29.8,29.0,3572791.0,46342620.0
2012-12-19,29.52,29.93,29.52,29.25,3357051.0,43749964.0
2012-12-18,29.77,30.07,29.43,29.18,4076212.0,53012740.0
2012-12-17,29.16,30.89,29.61,28.8,7720776.0,101689408.0
2012-12-14,27.86,29.02,28.98,27.86,5091731.0,64384772.0
2012-12-13,28.18,28.5,27.86,27.84,1404657.0,17331080.0
2012-12-12,28.39,28.7,28.25,28.02,1605522.0,19983880.0
2012-12-11,28.27,29.07,28.59,27.86,3133927.0,39283024.0
2012-12-10,28.57,28.57,28.32,27.96,2408937.0,29999948.0
2012-12-07,27.14,28.84,28.09,27.09,3255278.0,40237320.0
2012-12-06,27.71,27.91,27.14,27.14,1440660.0,17420472.0
2012-12-05,26.52,28.02,27.71,26.39,2556983.0,30898620.0
2012-12-04,26.98,27.14,26.73,25.75,2128688.0,24854914.0
2012-12-03,28.18,28.34,26.87,26.82,1686199.0,20578926.0
2012-11-30,27.82,28.3,28.11,27.59,1226502.0,15175546.0
2012-11-29,27.77,28.23,27.84,27.68,1307935.0,16137287.0
2012-11-28,27.48,27.93,27.68,27.46,1459761.0,17836268.0
2012-11-27,28.14,28.36,27.64,27.61,960141.0,11823247.0
2012-11-26,28.25,28.59,28.25,28.07,951233.0,11867235.0
2012-11-23,28.5,28.61,28.43,28.16,986712.0,12375843.0
2012-11-22,28.09,28.57,28.3,27.93,1707388.0,21316944.0
2012-11-21,27.89,28.3,28.25,27.82,1383122.0,17099836.0
2012-11-20,27.73,28.07,27.8,27.66,1373308.0,16823886.0
2012-11-19,27.39,27.73,27.61,27.21,1008214.0,12223501.0
2012-11-16,27.75,28.09,27.39,27.27,2061374.0,24936060.0
2012-11-15,28.84,28.84,27.93,27.89,1417419.0,17688192.0
2012-11-14,29.2,29.52,28.95,28.45,1669553.0,21254518.0
2012-11-13,29.75,29.98,29.3,29.07,1290794.0,16738966.0
2012-11-12,29.3,29.95,29.95,29.3,2048519.0,26826826.0
2012-11-09,29.09,29.41,29.3,29.07,1370104.0,17664374.0
2012-11-08,29.73,29.73,29.27,29.05,1975378.0,25477752.0
2012-11-07,29.59,30.09,29.91,29.59,2082434.0,27443806.0
2012-11-06,29.75,29.91,29.7,29.43,2063142.0,26900174.0
2012-11-05,29.41,30.25,29.98,29.3,3330861.0,43951192.0
2012-11-02,29.32,29.5,29.41,29.18,1641392.0,21197332.0
2012-11-01,28.93,29.48,29.45,28.8,2155407.0,27740486.0
2012-10-31,28.82,29.02,28.91,28.48,1061092.0,13442291.0
2012-10-30,28.77,29.05,28.82,28.57,953957.0,12081123.0
2012-10-29,28.41,28.73,28.61,28.41,823350.0,10349464.0
2012-10-26,29.18,29.3,28.5,28.5,1738729.0,22014024.0
2012-10-25,29.52,29.82,29.18,29.14,1513502.0,19644254.0
2012-10-24,29.52,29.86,29.61,29.45,1485478.0,19377660.0
2012-10-23,30.32,30.34,29.84,29.77,1607934.0,21220208.0
2012-10-22,29.98,30.25,30.18,29.7,1808837.0,23885092.0
2012-10-19,29.98,30.23,30.07,29.8,1985265.0,26264936.0
2012-10-18,29.64,30.16,29.98,29.61,2760211.0,36400156.0
2012-10-17,29.73,29.82,29.48,29.3,1281449.0,16654670.0
2012-10-16,29.43,29.86,29.48,29.32,1467962.0,19118702.0
2012-10-15,29.75,29.75,29.43,29.18,1510556.0,19543294.0
2012-10-12,29.64,30.07,29.77,29.07,2084072.0,27183176.0
2012-10-11,29.93,29.93,29.52,29.48,2655985.0,34715960.0
2012-10-10,29.82,30.11,29.95,29.68,3277141.0,43197788.0
2012-10-09,29.2,29.89,29.8,29.09,4003610.0,52232484.0
2012-10-08,29.5,29.5,28.93,28.73,2374928.0,30412622.0
2012-09-28,28.84,29.66,29.55,28.8,3456462.0,44677060.0
2012-09-27,28.05,29.57,29.14,27.93,3233052.0,41439628.0
2012-09-26,28.7,28.95,28.07,28.05,1151967.0,14427437.0
2012-09-25,28.86,29.05,28.7,28.36,1181340.0,14950743.0
2012-09-24,28.18,29.27,28.95,27.93,2022283.0,25478524.0
2012-09-21,27.93,29.18,28.39,27.89,1882464.0,23719228.0
2012-09-20,28.77,28.8,28.0,27.98,2052569.0,25548640.0
2012-09-19,28.64,29.07,28.98,28.61,1400491.0,17747772.0
2012-09-18,28.91,29.02,28.61,28.55,1374006.0,17420798.0
2012-09-17,30.14,30.27,29.07,29.07,2385208.0,31244956.0
2012-09-14,30.41,30.7,30.14,29.95,3352685.0,44746784.0
2012-09-13,30.14,30.16,29.7,29.7,1946927.0,25630528.0
2012-09-12,29.98,30.43,30.16,29.75,3243526.0,42969076.0
2012-09-11,29.95,29.95,29.77,29.36,1932364.0,25175752.0
2012-09-10,29.98,30.27,29.95,29.59,4096867.0,54028132.0
2012-09-07,28.43,30.23,29.95,28.43,6206149.0,80768560.0
2012-09-06,27.91,28.34,28.16,27.86,1310468.0,16189595.0
2012-09-05,28.05,28.09,27.84,27.59,1905968.0,23313944.0
2012-09-04,28.32,28.66,28.09,28.09,1679597.0,20977856.0
2012-09-03,28.14,28.7,28.39,27.98,1453718.0,18148174.0
2012-08-31,28.11,28.34,28.14,27.89,813037.0,10073472.0
2012-08-30,28.68,28.89,28.16,27.84,1430565.0,17837738.0
2012-08-29,29.07,29.34,28.61,28.61,1824587.0,23269058.0
2012-08-28,28.95,29.43,29.09,28.75,1165585.0,14935771.0
2012-08-27,29.66,29.73,28.93,28.91,1779907.0,22905592.0
2012-08-24,30.3,30.32,29.61,29.52,2326228.0,30545562.0
2012-08-23,30.05,30.52,30.48,30.05,1578376.0,21117764.0
2012-08-22,30.66,30.73,30.05,29.93,1747572.0,23271372.0
2012-08-21,30.36,30.73,30.57,30.27,1519320.0,20463880.0
2012-08-20,29.98,30.66,30.36,29.86,1422931.0,18919134.0
2012-08-17,30.11,30.41,30.32,29.98,1320238.0,17562444.0
2012-08-16,30.11,30.39,30.2,29.98,1653664.0,22015048.0
2012-08-15,30.48,30.64,30.11,30.0,2351238.0,31360032.0
2012-08-14,30.32,30.7,30.66,30.2,2733839.0,36666668.0
2012-08-13,31.0,31.0,30.39,30.36,2297805.0,30981396.0
2012-08-10,31.48,31.54,31.09,31.04,2102810.0,28901550.0
2012-08-09,31.5,31.75,31.43,31.0,4370323.0,60339304.0
2012-08-08,31.5,32.25,31.61,31.39,4172307.0,58534844.0
2012-08-07,31.34,31.57,31.5,31.14,2491246.0,34413356.0
2012-08-06,30.64,31.66,31.36,30.45,4169502.0,57228408.0
2012-08-03,30.34,30.55,30.55,30.02,1846169.0,24690620.0
2012-08-02,30.66,30.66,30.02,29.84,1954118.0,25944912.0
2012-08-01,30.02,30.91,30.5,29.86,2089287.0,28059810.0
2012-07-31,30.89,31.04,30.02,29.5,2539943.0,33584260.0
2012-07-30,31.04,31.25,30.89,30.66,2125602.0,28941528.0
2012-07-27,30.18,30.95,30.84,30.18,3757715.0,50722332.0
2012-07-26,30.05,30.61,30.02,29.86,1986995.0,26468690.0
2012-07-25,30.34,30.7,30.07,30.0,1559205.0,20825358.0
2012-07-24,30.05,30.61,30.39,29.86,1833915.0,24447050.0
2012-07-23,30.0,30.34,30.16,29.41,2043263.0,26926830.0
2012-07-20,30.84,31.09,30.34,30.2,2872225.0,38747328.0
2012-07-19,30.79,31.52,30.84,30.75,3847264.0,52855284.0
2012-07-18,30.68,31.09,31.02,30.3,2777118.0,37581020.0
2012-07-17,30.18,31.02,30.68,30.11,2538080.0,34325580.0
2012-07-16,31.41,31.41,30.18,30.18,3556588.0,48089108.0
2012-07-13,31.57,32.11,31.25,30.95,5089175.0,70510376.0
2012-07-12,30.5,32.23,31.79,29.86,9143110.0,126152552.0
2012-07-11,29.97,30.63,30.63,29.75,3816987.0,52922212.0
2012-07-10,29.27,29.97,29.95,29.16,2641045.0,35754220.0
2012-07-09,30.28,30.46,29.45,29.38,3019630.0,41259412.0
2012-07-06,30.59,30.76,30.65,29.6,4176160.0,57632816.0
2012-07-05,30.37,30.54,30.32,29.64,4185600.0,57380264.0
2012-07-04,29.89,31.0,30.63,29.89,7363701.0,102755984.0
2012-07-03,29.05,29.71,29.51,28.68,4248830.0,56802144.0
2012-07-02,29.27,29.58,29.01,28.86,5200652.0,69467648.0
2012-06-29,28.29,29.03,28.68,28.22,4756652.0,62265972.0
2012-06-28,29.82,29.97,28.5,28.33,7012114.0,92872784.0
2012-06-27,30.3,30.59,29.6,29.56,3863078.0,52929428.0
2012-06-26,30.26,30.68,30.32,29.93,3101117.0,42973196.0
2012-06-25,32.3,32.3,30.26,29.82,3603659.0,51125684.0
2012-06-21,33.22,33.24,32.34,32.03,3286391.0,48605500.0
2012-06-20,33.59,33.72,33.53,33.22,1870242.0,28553822.0
2012-06-19,33.85,33.85,33.28,33.26,1936615.0,29617446.0
2012-06-18,33.55,34.23,33.77,33.55,2327483.0,36001604.0
2012-06-15,33.68,33.68,33.53,32.93,2279111.0,34682836.0
2012-06-14,33.79,34.12,33.24,33.2,3452987.0,52967680.0
2012-06-13,33.88,34.27,34.2,33.13,3066074.0,47142944.0
2012-06-12,34.23,34.23,33.74,33.63,2539917.0,39182024.0
2012-06-11,33.99,34.56,34.42,33.61,2257518.0,35214924.0
2012-06-08,33.99,34.1,33.59,33.44,2675231.0,41173400.0
2012-06-07,34.42,34.51,33.55,33.37,2983647.0,46201908.0
2012-06-06,34.56,34.58,33.94,33.74,2872773.0,44855828.0
2012-06-05,34.77,34.99,34.34,34.29,2902504.0,45718108.0
2012-06-04,35.94,35.94,34.67,34.67,4966711.0,79854592.0
2012-06-01,36.86,37.45,36.49,36.46,2974324.0,50084728.0
2012-05-31,36.59,37.27,37.1,36.35,4543926.0,76326136.0
2012-05-30,37.12,37.16,37.03,36.84,2970667.0,50093340.0
2012-05-29,36.18,37.43,37.17,36.13,5942782.0,100295184.0
2012-05-28,35.45,36.46,36.4,34.67,4695015.0,76232640.0
2012-05-25,36.51,36.66,35.63,35.52,3484296.0,57229636.0
2012-05-24,36.4,36.99,36.57,36.07,4134599.0,69159192.0
2012-05-23,36.57,37.01,36.51,36.02,4037718.0,67278984.0
2012-05-22,36.29,36.81,36.75,36.27,3526829.0,58907692.0
2012-05-21,35.41,36.73,36.05,35.26,4439909.0,73039576.0
2012-05-18,36.18,36.2,35.35,35.28,4294036.0,69791648.0
2012-05-17,35.87,36.57,36.53,35.7,3952357.0,65474356.0
2012-05-16,36.46,36.7,35.85,35.78,4018758.0,66355904.0
2012-05-15,36.13,36.81,36.64,35.96,5208736.0,86177584.0
2012-05-11,37.19,38.31,37.27,36.92,5233823.0,89782696.0
2012-05-10,36.95,37.6,37.23,36.95,4239662.0,72113640.0
2012-05-09,37.69,37.89,36.88,36.86,7074313.0,120545552.0
2012-05-08,38.74,38.9,38.04,37.69,6727924.0,116836872.0
2012-05-07,37.93,39.29,38.9,37.8,8254519.0,145029888.0
2012-05-04,37.82,38.37,38.33,37.52,6551675.0,113754912.0
2012-05-03,37.91,38.35,37.93,37.71,7203313.0,125120232.0
2012-05-02,37.06,39.38,38.13,36.0,17411944.0,300405984.0
2012-04-27,35.35,36.18,35.96,35.21,5909117.0,96394976.0
2012-04-26,35.63,36.24,35.45,35.28,8170842.0,133189912.0
2012-04-25,33.99,35.61,35.45,33.99,8554509.0,136177616.0
2012-04-24,33.99,34.67,34.36,33.5,6686940.0,103943760.0
2012-04-20,34.36,34.93,34.84,34.2,2968341.0,46865728.0
2012-04-19,34.31,34.71,34.36,34.25,2702404.0,42478176.0
2012-04-18,33.68,34.62,34.49,33.33,4201000.0,65372948.0
2012-04-17,34.1,34.18,33.33,33.28,1975838.0,30385548.0
2012-04-16,33.9,34.42,34.03,33.72,2488325.0,38658644.0
2012-04-13,33.68,34.4,34.18,33.42,4958089.0,76905208.0
2012-04-12,33.02,33.96,33.66,33.02,4935694.0,75559960.0
2012-04-11,32.25,32.96,32.71,31.93,1876888.0,27889696.0
2012-04-10,31.9,32.8,32.74,31.84,2396584.0,35309900.0
2012-04-09,32.23,32.85,32.25,32.23,2090563.0,31006702.0
2012-04-06,32.69,33.24,32.96,32.69,4686734.0,70336072.0
2012-03-30,32.12,32.65,31.99,31.62,2137852.0,31372750.0
2012-03-29,32.93,32.93,32.06,31.79,2794916.0,41103316.0
2012-03-28,34.1,34.2,33.0,32.82,4710126.0,71497592.0
2012-03-27,34.69,34.97,34.4,34.29,2526456.0,39897220.0
2012-03-26,35.24,35.48,34.36,33.83,4347604.0,68905792.0
2012-03-23,35.74,36.29,35.28,35.04,6789153.0,109937408.0
2012-03-22,36.07,36.46,36.11,35.41,7847805.0,128608336.0
2012-03-21,34.31,37.67,36.33,34.31,14780588.0,244541616.0
2012-03-20,35.1,35.59,34.25,34.2,4531849.0,72215376.0
2012-03-19,33.99,35.02,35.02,33.94,3740202.0,58808584.0
2012-03-16,33.81,34.36,34.23,33.39,2994743.0,46400548.0
2012-03-15,34.2,34.56,33.81,33.53,3979198.0,61588248.0
2012-03-14,35.94,36.44,34.2,34.1,9524577.0,153814112.0
2012-03-13,35.21,36.02,35.72,35.04,5920904.0,95943224.0
2012-03-12,35.3,35.48,35.26,34.86,5116716.0,82117936.0
2012-03-09,34.1,35.32,35.28,34.1,6740321.0,107472152.0
2012-03-08,33.57,34.29,33.99,33.57,2956682.0,45839576.0
2012-03-07,33.66,33.94,33.44,33.35,3884297.0,59527036.0
2012-03-06,34.8,35.04,34.1,33.94,4119398.0,64396600.0
2012-03-05,35.26,35.5,35.08,34.93,3887095.0,62415056.0
2012-03-02,34.45,35.37,35.26,34.45,5615205.0,89806888.0
2012-03-01,34.05,34.51,34.27,34.05,2786807.0,43619336.0
2012-02-29,34.53,34.95,34.25,34.07,3433084.0,53940544.0
2012-02-28,34.73,34.97,34.56,34.01,5326144.0,83600064.0
2012-02-27,35.15,35.74,34.82,34.82,7450662.0,120174560.0
2012-02-24,34.91,35.61,35.17,34.47,10296032.0,164859456.0
2012-02-23,33.5,34.99,34.69,33.37,12978782.0,203434800.0
2012-02-22,33.22,33.61,33.59,32.76,6609366.0,100328144.0
2012-02-21,32.93,33.17,33.15,32.41,3891032.0,58304204.0
2012-02-20,33.31,33.5,32.89,32.89,4454095.0,67393184.0
2012-02-17,33.33,33.53,32.82,32.6,3142249.0,47225532.0
2012-02-16,33.35,33.7,33.04,32.69,5289250.0,80227216.0
2012-02-15,32.47,33.61,33.33,32.45,6417489.0,97164768.0
2012-02-14,32.87,32.91,32.63,32.32,3083387.0,45833616.0
2012-02-13,32.23,33.11,32.74,32.01,4148474.0,61824748.0
2012-02-10,32.89,33.04,32.56,32.45,4428498.0,66124376.0
2012-02-09,33.09,33.2,32.78,32.72,5341381.0,80214248.0
2012-02-08,31.68,33.26,33.09,31.42,6829598.0,101478560.0
2012-02-07,31.93,32.01,31.68,31.14,2786503.0,40089304.0
2012-02-06,32.08,32.72,32.21,31.9,4961093.0,73307264.0
2012-02-03,31.77,32.17,32.08,31.53,3166953.0,46060200.0
2012-02-02,31.14,32.19,31.99,31.09,3159928.0,45703696.0
2012-02-01,31.57,31.95,31.11,30.96,1987455.0,28500538.0
2012-01-31,31.57,31.93,31.71,31.2,2036988.0,29348444.0
2012-01-30,32.63,32.63,31.57,31.46,3201121.0,46577496.0
2012-01-20,32.65,32.74,32.49,32.03,3340401.0,49473920.0
2012-01-19,32.19,32.67,32.34,31.75,4495534.0,66394644.0
2012-01-18,32.87,33.02,31.9,31.79,5496148.0,80865920.0
2012-01-17,30.41,33.09,32.67,30.04,6468590.0,93545720.0
2012-01-16,30.7,31.97,30.41,30.32,4034715.0,57130768.0
2012-01-13,31.86,32.19,30.68,30.26,4674986.0,66390168.0
2012-01-12,31.38,32.21,31.68,31.38,4021525.0,58390404.0
2012-01-11,32.23,32.67,31.93,31.46,6297338.0,92090008.0
2012-01-10,30.74,33.0,32.47,30.39,8767579.0,127032216.0
2012-01-09,28.5,30.7,30.7,28.35,6348534.0,87297496.0
2012-01-06,28.18,28.72,28.64,27.85,1809387.0,23335540.0
2012-01-05,28.55,29.01,28.18,28.09,1753551.0,22849060.0
2012-01-04,29.69,29.75,28.75,28.7,2299148.0,30703556.0
