date,open,high,close,low,volume,amount
2015-07-10,24.46,26.3,26.3,24.46,46462960.0,454147264.0
2015-07-09,21.73,23.91,23.91,21.73,43852124.0,380919200.0
2015-07-08,20.35,23.37,21.73,20.35,94197376.0,753157184.0
2015-07-07,23.91,24.44,22.6,22.6,30573012.0,265494624.0
2015-07-06,27.44,27.44,25.13,22.6,50131656.0,471015648.0
2015-07-03,27.07,27.89,24.94,24.94,47080296.0,457314080.0
2015-07-02,30.81,31.34,27.7,27.7,38393016.0,419993120.0
2015-07-01,32.19,33.23,30.78,30.28,37382708.0,454406144.0
2015-06-30,29.96,33.2,33.02,28.47,45045216.0,527587168.0
2015-06-29,34.4,34.42,31.24,30.04,46578736.0,567320576.0
2015-06-26,35.86,36.12,33.39,33.39,46409648.0,603009664.0
2015-06-25,39.84,39.84,37.1,36.79,42982712.0,624282112.0
2015-06-24,39.31,40.24,39.89,38.73,44920100.0,669891328.0
2015-06-23,38.67,39.5,39.28,35.99,52096260.0,742675840.0
2015-06-19,41.41,43.72,39.58,38.59,78549152.0,1242353664.0
2015-06-18,42.2,44.2,42.31,41.65,72486080.0,1179684608.0
2015-06-17,41.54,42.5,42.2,39.58,54802448.0,849979136.0
2015-06-16,42.5,44.17,42.15,41.78,74925472.0,1209110272.0
2015-06-15,42.6,44.49,42.76,42.39,72631856.0,1186771456.0
2015-06-12,41.46,43.16,42.6,40.85,76183944.0,1201899776.0
2015-06-11,40.77,41.67,41.44,40.24,51259324.0,793238912.0
2015-06-10,40.4,41.38,40.77,39.73,48389552.0,743067584.0
2015-06-09,41.67,41.83,41.12,40.32,56390568.0,872101568.0
2015-06-08,40.69,42.42,41.7,40.37,78379048.0,1226703744.0
2015-06-05,39.31,41.27,40.85,39.31,101024064.0,1541026688.0
2015-06-04,39.79,39.79,39.1,35.65,55289456.0,794973952.0
2015-06-03,39.31,40.4,39.58,38.65,61887484.0,920892992.0
2015-06-02,37.85,39.97,39.5,37.66,60722424.0,886656000.0
2015-06-01,36.07,38.03,37.82,35.59,52500060.0,730410496.0
2015-05-29,36.39,37.1,35.91,34.48,48663508.0,659864192.0
2015-05-28,39.97,41.17,36.47,36.41,71443264.0,1057574976.0
2015-05-27,38.62,41.38,40.45,38.14,70700600.0,1044739648.0
2015-05-26,38.49,39.58,39.1,37.74,58744604.0,854548864.0
2015-05-25,37.56,38.41,38.38,37.34,58207016.0,833878592.0
2015-05-22,36.65,38.12,37.88,36.39,58546720.0,819614336.0
2015-05-21,36.15,36.6,36.52,35.88,39506920.0,538276224.0
2015-05-20,36.12,37.0,36.18,35.88,45486104.0,623552384.0
2015-05-19,35.78,36.6,36.57,35.51,35706640.0,486662368.0
2015-05-18,35.59,37.53,36.26,35.48,49416244.0,675414656.0
2015-05-15,35.8,36.28,34.93,34.85,30879436.0,411565344.0
2015-05-14,36.1,36.34,35.8,34.95,37272312.0,499144224.0
2015-05-13,34.87,35.75,35.27,34.61,37025088.0,492857184.0
2015-05-12,34.93,35.03,34.85,34.16,28741898.0,374602624.0
2015-05-11,34.4,34.93,34.77,33.89,30105226.0,391564352.0
2015-05-08,33.15,34.05,33.89,32.96,24668104.0,310823328.0
2015-05-07,33.41,33.78,32.94,32.46,30095616.0,375167168.0
2015-05-06,35.01,35.3,33.41,32.99,32701520.0,424199936.0
2015-05-05,36.79,37.5,34.61,34.4,42973512.0,580998144.0
2015-05-04,37.05,37.37,36.6,36.02,33678236.0,464826112.0
2015-04-30,39.31,39.71,37.66,37.61,73519184.0,1063948992.0
2015-04-29,36.34,39.76,39.76,36.04,102136616.0,1493646720.0
2015-04-28,37.61,37.93,36.15,35.62,53944600.0,748028160.0
2015-04-27,36.65,37.93,37.27,36.02,57550020.0,800146304.0
2015-04-24,35.86,37.16,36.41,35.38,58364808.0,796668032.0
2015-04-23,35.67,37.42,36.52,35.06,72357904.0,984533632.0
2015-04-22,35.25,36.34,35.88,34.98,53604708.0,720903552.0
2015-04-21,33.73,35.19,34.95,33.6,41890884.0,540979328.0
2015-04-20,34.93,36.1,34.05,33.87,65555608.0,857851840.0
2015-04-17,34.95,35.51,34.93,34.53,64452980.0,851014528.0
2015-04-16,33.07,35.33,35.03,32.72,68280072.0,878868736.0
2015-04-15,33.12,33.97,33.17,32.46,54898896.0,687648256.0
2015-04-14,33.31,33.71,33.15,32.8,42116424.0,527653280.0
2015-04-13,32.72,33.78,33.39,32.48,45537784.0,567346560.0
2015-04-10,31.66,32.46,32.43,31.37,39517528.0,477376512.0
2015-04-09,32.67,33.2,31.82,31.08,40883456.0,493851072.0
2015-04-08,33.95,34.13,32.78,32.3,50124064.0,622585792.0
2015-04-07,32.88,33.87,33.55,32.59,56004400.0,704777856.0
2015-04-03,31.39,32.91,32.35,31.32,59047112.0,716806592.0
2015-04-02,31.61,31.82,31.74,31.08,52438132.0,620335488.0
2015-04-01,30.68,31.26,31.05,30.6,31687164.0,368956096.0
2015-03-31,31.21,31.55,30.81,30.78,35994824.0,422277728.0
2015-03-30,31.45,31.5,31.32,30.92,36082832.0,423465568.0
2015-03-27,31.37,31.74,31.45,31.21,34276596.0,406582336.0
2015-03-26,30.94,31.34,31.13,30.68,33763748.0,394496192.0
2015-03-25,31.42,31.74,31.0,30.76,40552020.0,476351648.0
2015-03-24,30.97,32.27,31.85,30.57,73019120.0,864102016.0
2015-03-23,30.68,31.32,30.97,30.55,45452440.0,527597664.0
2015-03-20,30.62,30.76,30.23,30.01,40254956.0,459385312.0
2015-03-19,30.6,31.48,30.49,30.23,54064620.0,627472960.0
2015-03-18,29.91,30.39,30.23,29.67,40902388.0,462848608.0
2015-03-17,29.75,30.33,29.93,29.48,46768572.0,524815552.0
2015-03-16,28.95,29.88,29.83,28.77,37386464.0,412379456.0
2015-03-13,29.19,29.35,28.87,28.69,23001988.0,250376832.0
2015-03-12,28.34,29.11,28.95,28.34,36549428.0,396608448.0
2015-03-11,27.97,28.26,28.02,27.84,16971424.0,179317744.0
2015-03-10,28.05,28.31,27.97,27.89,18517536.0,196151920.0
2015-03-09,27.94,28.31,28.13,27.57,20342996.0,213913120.0
2015-03-06,27.89,28.82,28.53,27.73,26681548.0,284347136.0
2015-03-05,28.5,28.5,27.94,27.84,20326464.0,214491792.0
2015-03-04,28.53,28.82,28.53,28.1,21519392.0,230280192.0
2015-03-03,28.45,29.16,28.61,28.16,30483672.0,328641472.0
2015-03-02,28.37,29.08,28.74,28.34,27454278.0,296975840.0
2015-02-27,27.84,28.29,28.07,27.68,17759870.0,187406000.0
2015-02-26,27.17,27.94,27.91,26.93,18322024.0,189149904.0
2015-02-25,27.49,27.49,27.2,26.85,13707805.0,139953920.0
2015-02-17,27.81,27.94,27.76,27.62,10565592.0,110435592.0
2015-02-16,27.73,28.07,27.91,27.54,10006178.0,104865568.0
2015-02-13,27.09,27.97,27.65,27.04,14909827.0,154826800.0
2015-02-12,27.09,27.09,26.91,26.56,9695926.0,97936760.0
2015-02-11,27.09,27.52,27.25,27.04,8247674.0,84628264.0
2015-02-10,27.04,27.23,27.14,26.85,6995667.0,71263144.0
2015-02-09,26.48,27.01,26.96,26.32,11039792.0,110792760.0
2015-02-06,27.57,27.57,27.01,26.77,17327018.0,176576560.0
2015-02-05,28.69,28.87,27.6,27.6,18358002.0,194249472.0
2015-02-04,28.47,28.77,28.21,28.18,17206088.0,184275632.0
2015-02-03,28.71,28.93,28.9,27.62,27869786.0,296342400.0
2015-02-02,28.69,29.03,28.5,28.34,17587292.0,190229312.0
2015-01-30,28.71,29.27,28.58,28.55,19546366.0,212174704.0
2015-01-29,29.38,29.56,29.27,28.98,20917996.0,230507488.0
2015-01-28,30.17,30.36,29.85,29.75,18602998.0,209853168.0
2015-01-27,30.49,30.49,30.04,29.38,38437336.0,433269440.0
2015-01-26,30.94,31.21,30.92,30.15,24340952.0,282099520.0
2015-01-23,31.87,32.35,30.49,30.17,47895852.0,560947968.0
2015-01-22,29.06,32.09,31.02,28.84,76591856.0,888223936.0
2015-01-21,29.22,29.61,29.46,28.58,38859092.0,426275840.0
2015-01-20,27.73,28.37,28.18,27.33,27383956.0,287513184.0
2015-01-19,28.34,30.12,27.6,26.35,53459136.0,578137536.0
2015-01-16,28.95,30.33,28.69,28.45,44880876.0,492218976.0
2015-01-15,27.14,27.6,27.6,26.61,15743984.0,161305152.0
2015-01-14,27.92,28.16,27.12,26.99,20844106.0,216172016.0
2015-01-13,28.66,29.16,28.02,27.81,22792712.0,244109664.0
2015-01-12,28.69,28.95,28.34,27.92,21300768.0,227168464.0
2015-01-09,29.03,29.75,28.42,28.42,25502736.0,279309696.0
2015-01-08,29.75,29.93,29.22,29.0,32591798.0,361344736.0
2015-01-07,28.95,31.58,30.15,28.93,66411112.0,756326720.0
2015-01-06,28.71,29.67,28.84,27.89,55357600.0,598911552.0
2015-01-05,26.96,29.77,29.27,26.45,84226400.0,905481472.0
2014-12-31,27.09,28.9,27.07,26.77,52149628.0,540195904.0
2014-12-23,27.62,27.62,26.32,26.06,33218372.0,335171968.0
2014-12-22,27.76,28.55,28.21,27.12,58148236.0,612539968.0
2014-12-19,26.96,27.76,27.44,26.69,39100876.0,401963776.0
2014-12-18,26.64,27.78,27.2,26.61,31726228.0,325341952.0
2014-12-17,27.38,27.46,26.8,26.3,26936490.0,272212192.0
2014-12-16,26.56,27.3,27.3,26.43,31503504.0,318471680.0
2014-12-15,26.85,26.88,26.83,26.3,26845266.0,268762624.0
2014-12-12,26.83,27.44,27.04,26.59,28604684.0,291468800.0
2014-12-11,27.07,27.46,27.01,26.64,29198366.0,297352192.0
2014-12-10,26.96,27.49,27.33,26.56,36178892.0,369486912.0
2014-12-09,26.88,28.61,26.24,26.16,57229216.0,592931840.0
2014-12-08,26.3,27.84,27.04,26.06,37814096.0,383967488.0
2014-12-05,28.42,28.42,26.83,26.03,50443240.0,516281120.0
2014-12-04,28.02,28.69,28.45,27.49,63118680.0,669566592.0
2014-12-03,26.03,28.84,27.84,25.92,70962688.0,737370688.0
2014-12-02,26.75,26.93,26.45,26.24,38299352.0,383050880.0
2014-12-01,26.3,26.77,25.98,25.68,41358860.0,407898944.0
2014-11-28,27.49,27.84,26.85,26.3,51126216.0,517587552.0
2014-11-27,27.01,27.33,27.28,26.3,55217008.0,555849408.0
2014-11-26,26.56,27.49,27.04,26.27,84409936.0,853859520.0
2014-11-25,23.64,26.0,26.0,23.59,74317072.0,705495808.0
2014-11-24,23.93,24.14,23.64,23.53,33198172.0,297475808.0
2014-11-21,22.95,23.24,23.16,22.87,13233527.0,114955952.0
2014-11-20,23.05,23.05,22.92,22.82,10448129.0,90238048.0
2014-11-19,23.32,23.37,23.19,22.98,13227294.0,115181336.0
2014-11-18,22.98,23.4,23.29,22.84,18988200.0,165474352.0
2014-11-17,23.0,23.27,23.05,22.82,21734604.0,188827232.0
2014-11-14,22.58,23.05,22.68,22.42,20033226.0,171495296.0
2014-11-13,22.36,22.95,22.74,21.91,24836622.0,211182112.0
2014-11-12,21.97,22.47,22.44,21.86,10434956.0,87473480.0
2014-11-11,22.71,22.79,22.05,21.81,18790892.0,158293216.0
2014-11-10,22.63,22.82,22.76,22.39,13925308.0,118643560.0
2014-11-07,22.66,22.79,22.42,22.1,16176270.0,137170816.0
2014-11-06,22.5,22.82,22.66,22.36,12250453.0,104220568.0
2014-11-05,22.92,23.03,22.55,22.52,15027907.0,128689416.0
2014-11-04,22.74,23.11,22.98,22.44,19791456.0,170237616.0
2014-11-03,22.52,22.95,22.76,22.39,17539988.0,150023808.0
2014-10-31,22.31,22.79,22.68,22.18,18597848.0,157151648.0
2014-10-30,22.26,22.92,22.55,22.2,16806292.0,142739648.0
2014-10-29,22.36,22.58,22.42,22.12,13356065.0,112290672.0
2014-10-28,21.97,22.34,22.29,21.94,8319423.0,69483632.0
2014-10-27,21.78,21.97,21.91,21.7,5702804.0,46936992.0
2014-10-24,21.7,21.97,21.86,21.51,8691350.0,71205776.0
2014-10-23,22.2,22.31,21.73,21.65,14168110.0,116695104.0
2014-10-22,22.76,22.84,22.31,22.23,11372708.0,96544936.0
2014-10-21,22.98,23.19,22.76,22.71,10334847.0,89214504.0
2014-10-20,22.79,23.0,22.92,22.71,10175066.0,87631104.0
2014-10-17,23.37,23.4,22.89,22.39,21299254.0,183391792.0
2014-10-16,23.61,23.98,23.48,23.4,24679608.0,221243136.0
2014-10-15,23.59,23.64,23.45,23.16,15955990.0,140645456.0
2014-10-14,24.01,24.04,23.69,23.53,17357346.0,155469104.0
2014-10-13,23.59,24.09,24.04,23.51,24450350.0,219327104.0
2014-10-10,23.91,23.96,23.56,23.48,20161016.0,179816928.0
2014-10-09,23.85,24.17,24.04,23.48,29387090.0,264556176.0
2014-10-08,23.64,23.75,23.75,23.4,20622870.0,183139744.0
2014-09-30,23.43,24.01,23.82,23.4,24879002.0,222597200.0
2014-09-29,23.37,23.45,23.35,23.24,18556756.0,163190528.0
2014-09-26,23.11,23.43,23.35,23.08,13431458.0,117669664.0
2014-09-25,23.29,23.53,23.11,23.05,19555408.0,171524528.0
2014-09-24,23.05,23.45,23.32,22.92,15449228.0,135209664.0
2014-09-23,22.95,23.13,23.08,22.71,13884074.0,120095440.0
2014-09-22,23.67,23.69,22.95,22.92,20439804.0,178431120.0
2014-09-19,24.22,24.22,23.8,23.56,25610768.0,229708672.0
2014-09-18,24.3,24.3,24.2,23.77,32984056.0,298473728.0
2014-09-17,23.19,24.65,24.54,23.19,68733320.0,622629248.0
2014-09-16,23.37,24.14,23.14,23.11,41078340.0,365486272.0
2014-09-15,22.84,23.43,23.4,22.76,30121462.0,263078464.0
2014-09-12,22.74,22.92,22.87,22.58,17454830.0,149858880.0
2014-09-11,22.66,22.98,22.82,22.55,23706000.0,203453616.0
2014-09-10,22.66,22.89,22.76,22.44,19094428.0,162829520.0
2014-09-09,23.05,23.08,22.87,22.44,33747304.0,289948256.0
2014-09-05,23.11,23.61,23.56,22.92,23402804.0,205595776.0
2014-09-04,23.03,23.27,23.16,22.98,14910703.0,129634312.0
2014-09-03,22.98,23.24,23.08,22.89,19316368.0,167781392.0
2014-09-02,22.89,23.21,23.13,22.71,15036502.0,129784216.0
2014-09-01,22.58,22.89,22.89,22.44,9887945.0,84485432.0
2014-08-29,22.31,22.6,22.6,22.1,8702625.0,73252480.0
2014-08-28,22.28,22.52,22.23,22.1,8963064.0,75199448.0
2014-08-27,22.44,22.52,22.31,22.26,9200693.0,77484008.0
2014-08-26,22.82,23.0,22.52,22.26,12339524.0,104986328.0
2014-08-25,23.21,23.27,22.87,22.82,10482870.0,90608360.0
2014-08-22,23.11,23.29,23.24,22.92,12015745.0,104476224.0
2014-08-21,23.64,23.8,23.24,23.05,15939131.0,140666624.0
2014-08-20,23.53,23.82,23.59,23.4,15380567.0,136743488.0
2014-08-19,23.67,23.77,23.61,23.37,15768366.0,139975152.0
2014-08-18,23.51,23.77,23.67,23.35,12013080.0,106492216.0
2014-08-15,23.16,23.61,23.43,23.13,11852326.0,104357856.0
2014-08-14,24.01,24.14,23.16,23.03,18861672.0,167342784.0
2014-08-13,23.98,24.28,23.93,23.43,21675536.0,194409904.0
2014-08-12,24.2,24.36,24.01,23.85,19916396.0,180166016.0
2014-08-11,24.22,24.52,24.33,24.04,24182964.0,221089808.0
2014-08-08,23.75,24.94,24.44,23.64,41070468.0,377306368.0
2014-08-07,24.65,24.91,23.64,23.61,30343340.0,276283840.0
2014-08-06,23.72,24.54,24.33,23.48,34227336.0,310738880.0
2014-08-05,24.06,24.57,23.93,23.53,38092816.0,344080032.0
2014-08-04,23.05,23.51,23.45,22.76,24359660.0,213074352.0
2014-08-01,23.59,23.85,23.0,23.0,38864908.0,342796192.0
2014-07-31,22.63,24.65,24.12,22.58,55067360.0,490618912.0
2014-07-30,22.82,23.21,22.63,22.52,29053060.0,249099072.0
2014-07-29,22.74,23.53,23.08,22.44,39868584.0,344359264.0
2014-07-28,22.2,23.32,22.63,22.07,42220060.0,360928864.0
2014-07-25,21.38,22.55,22.05,21.3,45472652.0,377971648.0
2014-07-24,20.93,21.7,21.54,20.77,32426812.0,259593952.0
2014-07-23,20.61,21.46,21.01,20.56,27011924.0,213571824.0
2014-07-22,20.13,20.77,20.72,20.13,16532028.0,128340464.0
2014-07-21,20.5,20.53,20.19,20.08,9461513.0,72223248.0
2014-07-18,20.85,21.09,20.56,20.5,14759755.0,115549952.0
2014-07-17,20.32,20.77,20.66,20.29,13003192.0,100719952.0
2014-07-16,20.32,20.5,20.4,20.11,9244179.0,70698280.0
2014-07-15,20.48,20.64,20.48,20.37,12536359.0,96642352.0
2014-07-14,20.53,20.9,20.72,20.32,15612322.0,121355256.0
2014-07-11,20.29,20.93,20.5,20.24,16550479.0,128531968.0
2014-07-10,20.08,20.34,20.11,19.95,7405033.0,56211404.0
2014-07-09,20.24,20.53,19.95,19.95,11144369.0,84911928.0
2014-07-08,20.21,20.32,20.27,19.95,7740321.0,58649588.0
2014-07-07,20.45,20.56,20.24,20.21,8327385.0,63711500.0
2014-07-04,20.45,20.56,20.45,20.19,10680003.0,81730160.0
2014-07-03,20.32,20.74,20.45,20.29,19904988.0,153798624.0
2014-07-02,20.13,20.21,20.19,19.87,10974495.0,82917352.0
2014-07-01,19.92,20.61,20.24,19.87,21900266.0,167270448.0
2014-06-30,19.68,19.87,19.87,19.52,10699753.0,79387528.0
2014-06-27,19.79,19.87,19.68,19.57,7839644.0,58163404.0
2014-06-26,19.63,20.11,19.79,19.63,9518915.0,71188664.0
2014-06-25,20.03,20.03,19.66,19.55,10281463.0,76491056.0
2014-06-24,19.92,20.32,20.16,19.6,17718798.0,133514424.0
2014-06-23,19.34,20.32,20.0,19.26,20227502.0,151087824.0
2014-06-20,19.79,19.97,19.47,19.36,14379478.0,106035696.0
2014-06-19,19.2,19.5,19.07,18.89,11194568.0,80875280.0
2014-06-18,18.96,19.6,19.28,18.89,11653585.0,84430264.0
2014-06-17,19.31,19.31,18.96,18.91,8285829.0,59504128.0
2014-06-16,19.47,19.52,19.28,19.2,9481565.0,69474448.0
2014-06-13,19.36,19.57,19.39,19.33,11460380.0,84489976.0
2014-06-12,19.25,19.52,19.33,19.02,10617196.0,77608296.0
2014-06-11,19.02,19.18,19.15,18.94,7155916.0,51722704.0
2014-06-10,18.94,19.04,19.04,18.81,5266939.0,37838456.0
2014-06-09,18.94,19.12,18.91,18.78,7722947.0,55575396.0
2014-06-06,19.12,19.18,18.78,18.73,8322422.0,59729708.0
2014-06-05,18.96,19.1,18.96,18.78,7368863.0,52863964.0
2014-06-04,19.25,19.25,18.96,18.91,5053528.0,36441184.0
2014-06-03,19.18,19.39,19.25,19.07,5641933.0,41097496.0
2014-05-30,19.12,19.31,19.25,19.07,5075138.0,36955584.0
2014-05-29,19.33,19.36,19.15,19.1,5164817.0,37542872.0
2014-05-28,19.12,19.47,19.36,19.04,6404372.0,46676984.0
2014-05-27,19.6,19.7,19.41,19.33,4308893.0,31868898.0
2014-05-26,19.65,19.73,19.62,19.47,4251872.0,31510052.0
2014-05-23,19.44,19.6,19.6,19.36,3450579.0,25449362.0
2014-05-22,19.62,19.76,19.39,19.33,5424108.0,40235100.0
2014-05-21,19.28,19.76,19.65,19.1,4889691.0,36244984.0
2014-05-20,19.57,19.65,19.36,19.28,4651763.0,34293668.0
2014-05-19,19.84,19.84,19.47,19.2,6565881.0,48310520.0
2014-05-16,19.81,20.02,19.78,19.55,5247841.0,39353428.0
2014-05-15,20.41,20.63,19.91,19.86,7787189.0,59683340.0
2014-05-14,20.52,20.68,20.44,20.28,5981856.0,46487672.0
2014-05-13,20.97,21.55,20.65,20.47,14935090.0,118532800.0
2014-05-12,19.84,21.63,21.1,19.65,25233394.0,200001648.0
2014-05-09,19.15,19.89,19.84,18.99,10637210.0,79227056.0
2014-05-08,18.99,19.44,19.1,18.78,3550044.0,25736478.0
2014-05-07,19.31,19.31,19.1,19.04,3370330.0,24483910.0
2014-05-06,19.49,19.6,19.33,19.28,4601130.0,33939468.0
2014-05-05,19.2,19.62,19.47,19.15,6059154.0,44606772.0
2014-04-30,19.04,19.25,19.04,18.89,3662275.0,26443804.0
2014-04-29,19.36,19.52,19.2,18.73,5805248.0,42084388.0
2014-04-28,19.6,19.81,19.39,19.36,5029827.0,37228980.0
2014-04-25,19.94,20.07,19.6,19.6,4327764.0,32549262.0
2014-04-24,19.91,20.12,19.86,19.84,3172432.0,23977546.0
2014-04-23,19.73,20.15,19.86,19.65,3971370.0,29961454.0
2014-04-22,19.97,20.07,19.78,19.55,5427408.0,40673080.0
2014-04-21,20.02,20.39,19.91,19.89,5466169.0,41623868.0
2014-04-18,19.73,20.28,20.26,19.7,6298773.0,47941940.0
2014-04-17,20.57,20.65,20.34,20.26,6123178.0,47435116.0
2014-04-16,20.44,20.68,20.57,20.34,7018966.0,54561244.0
2014-04-15,21.05,21.07,20.65,20.63,7865887.0,61930128.0
2014-04-14,21.0,21.23,21.13,21.0,6503581.0,52061000.0
2014-04-11,21.18,21.29,20.97,20.94,8499157.0,68042912.0
2014-04-10,21.1,21.21,21.18,20.97,9373329.0,74970424.0
2014-04-09,21.05,21.23,21.05,20.78,10472444.0,83538544.0
2014-04-08,20.57,20.92,20.92,20.57,12910978.0,101725928.0
2014-04-04,20.31,20.55,20.55,20.2,5033919.0,38982108.0
2014-04-03,20.81,20.84,20.39,20.18,8891873.0,69170616.0
2014-04-02,20.52,20.73,20.68,20.47,6063377.0,47442236.0
2014-04-01,20.26,20.57,20.49,20.23,4557749.0,35278308.0
2014-03-31,20.41,20.76,20.36,20.28,5072707.0,39436020.0
2014-03-28,20.57,20.76,20.41,20.34,8794459.0,68298400.0
2014-03-27,21.1,21.18,20.73,20.6,9250246.0,72786144.0
2014-03-26,21.23,21.39,21.29,21.1,6385268.0,51423248.0
2014-03-25,20.86,21.36,21.26,20.7,8324651.0,66459560.0
2014-03-24,20.86,21.26,21.1,20.86,8510054.0,67835024.0
2014-03-21,20.65,21.29,21.1,20.47,7973270.0,63038108.0
2014-03-20,21.36,21.36,20.65,20.57,12753859.0,101515216.0
2014-03-19,21.76,21.81,21.63,21.5,7839440.0,64203780.0
2014-03-18,22.16,22.29,21.97,21.81,10153411.0,84649872.0
2014-03-17,22.5,22.6,22.58,21.92,8541848.0,72163640.0
2014-03-14,22.5,22.68,22.16,21.76,9550648.0,80259864.0
2014-03-13,22.82,23.0,22.29,22.18,12391518.0,106025392.0
2014-03-12,21.89,22.45,22.39,21.71,15400222.0,129237552.0
2014-03-11,21.58,21.84,21.73,21.39,8504168.0,69737352.0
2014-03-10,22.31,22.34,21.58,21.5,14231515.0,118225944.0
2014-03-07,23.0,23.42,22.95,22.68,13188727.0,115149216.0
2014-03-06,22.87,23.0,22.66,22.26,15018998.0,128862920.0
2014-03-05,23.42,23.42,23.0,22.89,20335384.0,177920064.0
2014-03-04,24.93,25.37,23.9,23.74,38279584.0,356639712.0
2014-03-03,23.63,24.27,24.21,23.48,28669698.0,259380784.0
2014-02-28,22.74,23.98,23.5,22.74,31855152.0,284466432.0
2014-02-27,22.74,23.11,22.76,22.42,20177696.0,173866608.0
2014-02-26,21.31,23.45,23.32,21.26,35611232.0,306331104.0
2014-02-25,22.52,22.68,21.42,20.97,13804619.0,115372120.0
2014-02-24,21.89,22.47,22.16,21.89,9948107.0,83555152.0
2014-02-21,22.58,22.84,22.13,21.92,13454110.0,113861488.0
2014-02-20,23.26,23.42,22.71,22.63,16786358.0,146227744.0
2014-02-19,22.29,23.32,23.32,22.21,24133026.0,209335056.0
2014-02-18,23.32,23.34,22.39,22.26,21793654.0,186558784.0
2014-02-17,23.61,24.0,23.26,23.16,21922824.0,194770112.0
2014-02-14,23.24,23.48,23.03,22.68,17737424.0,154187792.0
2014-02-13,22.13,23.39,22.71,22.08,31753228.0,275730784.0
2014-02-12,22.05,22.97,22.21,21.84,31401018.0,266305696.0
2014-02-11,20.86,22.31,22.21,20.78,38497656.0,313856480.0
2014-02-10,20.18,20.92,20.81,20.07,21161084.0,164853392.0
2014-02-07,20.2,20.44,20.15,19.65,13527936.0,102225512.0
2014-01-30,21.18,21.42,20.55,20.36,12290326.0,96942208.0
2014-01-29,20.84,21.34,21.07,20.7,9400563.0,75154728.0
2014-01-28,20.73,20.97,20.76,20.57,5507490.0,43381604.0
2014-01-27,20.76,21.34,20.78,20.57,12399359.0,98589096.0
2014-01-24,19.7,21.5,20.94,19.7,20255560.0,159139024.0
2014-01-23,19.73,19.99,19.65,19.54,7069154.0,52905932.0
2014-01-22,19.39,19.94,19.86,19.28,7521971.0,56249588.0
2014-01-21,19.36,19.68,19.44,19.31,4846584.0,35807688.0
2014-01-20,19.25,19.46,19.31,19.15,5257619.0,38511636.0
2014-01-17,19.28,19.52,19.18,19.12,5582490.0,40816600.0
2014-01-16,19.25,19.91,19.49,19.07,7723162.0,57085268.0
2014-01-15,19.7,19.89,19.25,19.02,7519303.0,55113296.0
2014-01-14,19.86,19.97,19.86,19.65,4604577.0,34500252.0
2014-01-13,19.78,20.2,19.84,19.62,7607545.0,57499072.0
2014-01-10,19.04,19.65,19.52,19.02,8032902.0,59302904.0
2014-01-09,19.65,19.78,19.04,19.02,7753730.0,56994520.0
2014-01-08,20.18,20.18,19.65,19.57,8891711.0,66727960.0
2014-01-07,20.05,20.28,20.23,19.91,4393523.0,33509824.0
2014-01-06,21.07,21.1,20.18,20.15,7284372.0,56542832.0
2014-01-03,21.29,21.42,21.13,21.0,9792575.0,78682096.0
2014-01-02,20.78,21.39,21.05,20.78,9923370.0,79266280.0
2013-12-31,20.81,21.18,20.81,20.47,6635057.0,52367504.0
2013-12-30,21.05,21.5,20.97,20.89,6728211.0,53868892.0
2013-12-27,20.78,21.42,21.05,20.78,9726854.0,77695336.0
2013-12-26,20.57,21.68,21.23,19.91,17713136.0,139930848.0
2013-12-25,19.86,20.68,20.68,19.73,11607314.0,89147704.0
2013-12-24,19.68,20.12,19.81,19.68,7948702.0,59952760.0
2013-12-23,20.44,20.57,19.76,19.65,9296418.0,70449864.0
2013-12-20,21.21,21.21,20.47,20.44,10787747.0,84366616.0
2013-12-19,21.23,21.58,21.21,21.15,8916199.0,72176568.0
2013-12-18,22.08,22.13,21.29,21.1,13299998.0,108449096.0
2013-12-17,22.34,22.52,22.08,21.95,7569910.0,63557312.0
2013-12-16,22.63,22.84,22.31,22.31,9175276.0,78254024.0
2013-12-13,22.63,22.87,22.63,22.29,11679623.0,99869088.0
2013-12-12,23.39,23.39,22.82,22.68,17825162.0,155132560.0
2013-12-11,23.69,24.05,23.48,23.48,16113474.0,145017152.0
2013-12-10,24.27,24.58,23.61,23.48,25472172.0,229748688.0
2013-12-09,23.4,25.74,24.64,23.4,33893796.0,316501056.0
2013-08-30,25.77,25.88,25.66,25.27,20480588.0,198478384.0
2013-08-29,27.3,27.3,26.19,25.82,38379832.0,383815232.0
2013-08-28,25.4,27.35,27.35,25.37,56419436.0,573564800.0
2013-08-27,24.58,25.14,24.87,24.5,11711059.0,110269344.0
2013-08-26,24.13,24.61,24.5,24.11,10669367.0,98877736.0
2013-08-23,24.11,24.37,23.71,23.26,9097777.0,82226312.0
2013-08-22,24.13,24.42,24.03,23.9,10817310.0,99165392.0
2013-08-21,24.37,24.5,24.34,24.05,8292215.0,76339168.0
2013-08-20,24.58,25.0,24.13,23.98,14721930.0,136832672.0
2013-08-19,24.66,25.27,25.06,24.27,15921853.0,149281168.0
2013-08-16,24.9,25.85,24.53,24.5,26193044.0,248379984.0
2013-08-15,24.71,25.4,24.45,24.42,21011756.0,198941648.0
2013-08-14,24.9,25.19,24.45,24.27,18387304.0,172180432.0
2013-08-13,25.37,25.4,25.11,24.61,21326376.0,201963936.0
2013-08-12,23.77,25.69,25.45,23.42,36609280.0,341092192.0
2013-08-09,22.74,23.69,23.63,22.58,28384362.0,249958816.0
2013-08-08,22.52,22.82,22.39,22.31,9685937.0,82650232.0
2013-08-07,22.23,22.82,22.52,22.13,13914348.0,118223384.0
2013-08-06,22.26,22.63,22.52,22.0,10328472.0,87471576.0
2013-08-05,21.87,22.42,22.42,21.84,9417384.0,79077800.0
2013-08-02,22.16,22.31,21.89,21.84,10722079.0,89529768.0
2013-08-01,21.81,22.34,22.13,21.66,7514784.0,62851940.0
2013-07-31,21.89,22.05,21.58,21.55,5516635.0,45639844.0
2013-07-30,21.44,22.18,21.68,21.44,6272989.0,51856684.0
2013-07-29,21.89,21.89,21.47,21.34,5895908.0,48243768.0
2013-07-26,22.16,22.37,22.05,21.92,6052316.0,50741980.0
2013-07-25,22.31,22.63,22.13,22.0,8750683.0,73951936.0
2013-07-24,23.03,23.16,22.55,22.23,10765041.0,92174608.0
2013-07-23,22.52,23.34,23.03,22.5,16163744.0,141112576.0
2013-07-22,21.66,22.29,22.13,21.52,8636548.0,71719064.0
2013-07-19,22.0,22.23,21.34,21.29,9056555.0,74891736.0
2013-07-18,22.58,22.79,22.0,21.89,13820880.0,116203520.0
2013-07-17,23.58,24.13,23.05,23.0,10511942.0,93774096.0
2013-07-16,23.74,23.77,23.48,23.21,9613365.0,85451496.0
2013-07-15,23.45,24.0,23.48,23.4,10630901.0,95357392.0
2013-07-12,24.21,24.48,23.45,23.34,16062658.0,145225520.0
2013-07-11,23.95,24.95,24.29,23.55,26072380.0,239053472.0
2013-07-10,22.02,23.55,23.4,21.71,16265753.0,139516048.0
2013-07-09,21.63,22.52,22.16,21.63,9360504.0,78476432.0
2013-07-08,22.68,22.68,21.63,21.63,13300084.0,111249504.0
2013-07-05,22.68,24.27,23.45,22.5,22138008.0,196648400.0
2013-07-04,22.02,23.58,23.0,21.44,20105024.0,171944688.0
2013-07-03,21.66,22.66,22.16,21.36,14987991.0,125148920.0
2013-07-02,21.87,22.08,21.95,21.58,10053577.0,83127464.0
2013-07-01,21.55,21.79,21.66,21.31,8937043.0,72977248.0
2013-06-28,20.7,21.84,21.21,20.44,11966941.0,96061544.0
2013-06-27,21.76,22.21,21.5,21.5,10986913.0,91217568.0
2013-06-26,22.31,22.52,22.0,21.42,12846568.0,106725728.0
2013-06-25,23.42,23.42,22.45,21.13,14719973.0,124172536.0
2013-06-24,25.8,25.8,23.48,23.48,10226276.0,95285840.0
2013-06-21,25.06,26.51,26.06,24.66,11623875.0,111735016.0
2013-06-20,26.88,26.96,26.06,25.93,7588735.0,76269304.0
2013-06-19,27.83,27.83,27.35,26.64,7110045.0,73181216.0
2013-06-18,28.12,28.22,27.85,27.59,5187666.0,54811456.0
2013-06-17,28.59,28.59,27.96,27.83,4694764.0,50061816.0
2013-06-14,28.46,28.86,28.33,28.17,6437317.0,69310736.0
2013-06-13,29.54,29.54,28.43,28.17,6387378.0,69373368.0
2013-06-07,30.6,30.83,29.94,29.83,5906559.0,67723912.0
2013-06-06,31.12,31.2,30.52,30.41,5183371.0,60671228.0
2013-06-05,31.23,31.28,31.1,30.97,4687143.0,55253432.0
2013-06-04,31.41,31.62,31.12,30.96,6695201.0,79249608.0
2013-06-03,31.68,31.91,31.31,31.18,9396858.0,112030832.0
2013-05-31,32.68,32.92,31.89,31.81,10931883.0,134227184.0
2013-05-30,32.1,32.65,32.42,31.99,14507972.0,177805888.0
2013-05-29,31.91,32.34,31.94,31.73,14026333.0,170238800.0
2013-05-28,30.86,32.49,32.34,30.6,24583560.0,295748064.0
2013-05-27,30.46,31.07,30.81,30.39,11043284.0,128758912.0
2013-05-24,30.73,30.94,30.65,30.52,7092146.0,82453624.0
2013-05-23,30.46,30.81,30.62,30.25,8950141.0,103409680.0
2013-05-22,30.78,30.94,30.65,30.41,11445943.0,132986880.0
2013-05-21,30.86,31.26,30.78,30.33,12898250.0,150813904.0
2013-05-20,30.03,30.78,30.72,29.77,12095399.0,181736448.0
2013-05-17,29.47,30.21,30.15,29.33,9335547.0,137964896.0
2013-05-16,29.25,29.65,29.61,28.84,8497348.0,123172760.0
2013-05-15,29.63,29.97,29.63,29.57,4366498.0,64332484.0
2013-05-14,30.01,30.13,29.71,29.57,4423938.0,65470296.0
2013-05-13,30.34,30.44,29.93,29.79,8179925.0,121646424.0
2013-05-10,30.62,30.76,30.64,30.34,4639653.0,70340936.0
2013-05-09,31.08,31.28,30.8,30.7,5365952.0,82419904.0
2013-05-08,30.94,31.2,30.88,30.64,6182455.0,94595136.0
2013-05-07,30.46,31.44,31.06,30.46,8590980.0,132413904.0
2013-05-06,30.32,30.82,30.74,30.27,5413502.0,82136656.0
2013-05-03,30.07,30.48,30.15,29.83,5068564.0,75960240.0
2013-05-02,30.3,30.3,29.83,29.13,6927558.0,101646328.0
2013-04-26,31.44,31.75,30.76,30.42,6040095.0,92964224.0
2013-04-25,30.78,31.26,30.9,30.54,7047220.0,108017808.0
2013-04-24,30.46,30.92,30.82,30.01,8381528.0,126514304.0
2013-04-23,31.36,31.48,30.42,30.01,8484996.0,128375800.0
2013-04-22,30.94,31.34,31.3,30.78,5202397.0,80221272.0
2013-04-19,30.44,31.36,31.24,30.27,9225912.0,141944704.0
2013-04-18,29.97,30.48,30.32,29.63,6048919.0,90612136.0
2013-04-17,30.76,31.04,30.4,30.17,7830870.0,118855080.0
2013-04-16,30.23,31.34,30.9,29.11,13020615.0,195534752.0
2013-04-15,32.75,32.75,31.95,31.93,13734192.0,220072512.0
2013-04-12,34.41,34.59,34.43,34.27,2698123.0,46088868.0
2013-04-11,34.75,34.87,34.41,34.23,5306896.0,91070144.0
2013-04-10,35.23,35.4,35.17,34.87,5206792.0,90897104.0
2013-04-09,34.93,35.27,35.15,34.53,6202244.0,107873880.0
2013-04-08,33.86,34.97,34.77,33.56,7455783.0,128109656.0
2013-04-03,34.06,34.15,34.04,33.66,5403373.0,90818952.0
2013-04-02,34.1,34.59,34.45,34.1,6685726.0,114112464.0
2013-04-01,34.27,34.39,33.84,33.66,6882467.0,115727024.0
2013-03-29,34.37,34.67,34.47,34.29,6109600.0,104454272.0
2013-03-28,35.09,35.58,34.89,34.89,9558299.0,166752032.0
2013-03-27,35.03,35.52,35.01,34.95,5094922.0,88860256.0
2013-03-26,35.88,35.9,35.19,34.93,6249599.0,109248568.0
2013-03-25,36.18,36.28,36.1,35.66,5590607.0,99717888.0
2013-03-22,36.06,36.4,36.26,35.96,6822696.0,122508072.0
2013-03-21,35.9,36.16,35.94,35.82,7259191.0,129561576.0
2013-03-20,35.48,36.1,36.06,35.27,8929691.0,158378160.0
2013-03-19,35.01,35.31,35.31,34.83,5883587.0,102437728.0
2013-03-18,34.87,35.13,34.63,34.59,5544705.0,95733944.0
2013-03-15,34.79,35.44,34.75,34.51,6626034.0,115083368.0
2013-03-14,35.54,35.56,34.75,34.63,8934907.0,154867920.0
2013-03-13,35.82,36.26,35.62,35.52,7153652.0,127301136.0
2013-03-12,36.58,36.83,35.62,35.27,9045880.0,161486848.0
2013-03-11,36.48,36.69,36.5,36.0,6306547.0,113976552.0
2013-03-08,36.56,36.77,36.38,36.34,6472124.0,117164400.0
2013-03-07,36.08,37.17,36.64,35.86,14118366.0,256317664.0
2013-03-06,35.96,36.2,36.08,35.66,9525811.0,169757968.0
2013-03-05,35.27,35.7,35.7,35.17,8431575.0,148362560.0
2013-03-04,36.04,36.28,35.15,34.97,16932168.0,297660864.0
2013-03-01,36.62,36.64,36.52,36.1,11274503.0,203522752.0
2013-02-28,36.2,36.99,36.93,35.8,13359539.0,241465984.0
2013-02-27,36.48,36.85,36.22,35.88,10331375.0,185897424.0
2013-02-26,37.15,37.29,35.88,35.84,13574354.0,247111616.0
2013-02-25,37.11,37.39,36.95,36.78,8383455.0,153928576.0
2013-02-22,37.01,37.41,37.09,36.6,12114562.0,222429344.0
2013-02-21,37.69,37.69,36.83,36.78,18103876.0,334026912.0
2013-02-20,38.36,38.86,38.84,38.36,8084536.0,154883424.0
2013-02-19,38.92,39.27,38.42,38.12,13379853.0,256108448.0
2013-02-18,40.15,40.15,39.04,39.0,24569506.0,481065056.0
2013-02-08,41.14,41.64,41.18,41.04,13159088.0,269541792.0
2013-02-07,41.08,41.74,41.48,40.55,19400548.0,397628992.0
2013-02-06,40.7,41.4,40.94,40.41,14168572.0,288153344.0
2013-02-05,40.59,41.26,40.7,40.37,15739865.0,318858400.0
2013-02-04,40.31,41.44,40.9,39.93,28192464.0,569834880.0
2013-02-01,39.3,39.99,39.91,38.9,14439271.0,281833952.0
2013-01-31,39.18,40.27,39.81,39.14,21558178.0,426247424.0
2013-01-30,38.92,39.14,38.64,38.3,10400735.0,199556128.0
2013-01-29,38.32,39.22,39.02,37.85,15843755.0,302453600.0
2013-01-28,37.67,38.24,38.24,37.59,8838543.0,166519120.0
2013-01-25,37.49,38.22,37.57,37.33,8423025.0,157514352.0
2013-01-24,39.3,39.65,37.67,37.35,17484636.0,334650080.0
2013-01-23,39.87,40.07,39.41,38.92,9206616.0,179742688.0
2013-01-22,40.15,40.43,39.67,39.04,13030584.0,257905776.0
2013-01-21,40.51,40.88,40.27,40.03,10839485.0,216779280.0
2013-01-18,40.49,41.04,40.7,40.07,11683246.0,235820528.0
2013-01-17,41.06,41.06,40.09,39.91,13745391.0,274988832.0
2013-01-16,40.62,41.88,41.24,40.25,25883264.0,527142848.0
2013-01-15,39.71,40.78,40.43,39.57,20226928.0,404012320.0
2013-01-14,38.46,39.91,39.75,38.3,13351645.0,259324336.0
2013-01-11,40.31,40.51,38.66,38.5,13757791.0,268134304.0
2013-01-10,39.39,40.07,39.89,39.16,12621097.0,248981856.0
2013-01-09,39.63,40.01,39.57,38.82,12384706.0,242455200.0
2013-01-08,39.53,39.67,39.45,38.86,11900804.0,231720048.0
2013-01-07,40.21,40.31,39.63,39.3,11714434.0,230364064.0
2013-01-04,40.35,41.12,40.37,40.21,19979560.0,402664000.0
2012-12-31,39.63,40.84,40.47,39.51,17005956.0,340748000.0
2012-12-28,39.28,39.81,39.61,38.94,12677154.0,248694560.0
2012-12-27,39.3,39.71,39.12,38.74,12851547.0,249706976.0
2012-12-26,38.32,40.21,39.3,38.32,20007158.0,389885504.0
2012-12-25,37.71,38.8,38.4,36.99,16647196.0,314559520.0
2012-12-24,37.57,38.03,37.83,37.47,7085076.0,132449864.0
2012-12-21,37.83,38.48,37.67,37.49,12793912.0,240250624.0
2012-12-20,37.09,38.3,38.28,36.77,14670136.0,273839648.0
2012-12-19,37.29,37.63,37.39,36.93,14078194.0,260230656.0
2012-12-18,37.65,38.5,38.14,37.31,14263720.0,268478976.0
2012-12-17,37.23,38.64,37.39,36.99,14448428.0,270859680.0
2012-12-14,35.6,37.41,37.31,35.48,14656406.0,268553856.0
2012-12-13,36.58,36.74,35.92,35.9,9437886.0,170245120.0
2012-12-12,35.98,37.29,37.19,35.54,12906651.0,234642736.0
2012-12-11,36.12,36.58,36.0,35.68,6469588.0,115677840.0
2012-12-10,36.04,36.5,36.28,35.78,10239072.0,183938512.0
2012-12-07,34.29,35.6,35.52,34.16,10224838.0,178229200.0
2012-12-06,34.59,34.87,34.12,33.9,6470872.0,110320816.0
2012-12-05,32.75,35.4,34.75,32.47,12255438.0,208953744.0
2012-12-04,32.88,33.86,33.3,31.46,9157259.0,146696720.0
2012-12-03,33.76,33.96,32.75,32.71,4962809.0,82267144.0
2012-11-30,33.3,34.2,33.98,33.3,6825646.0,114698912.0
2012-11-29,35.7,36.12,33.26,32.84,11996593.0,205765968.0
2012-11-28,36.81,36.85,36.12,35.58,7784067.0,139096896.0
2012-11-27,38.1,38.44,37.25,37.21,7192223.0,134490544.0
2012-11-26,38.4,38.78,38.2,38.12,7329866.0,139765584.0
2012-11-23,38.6,38.84,37.91,37.89,6401094.0,121904016.0
2012-11-22,38.7,38.96,38.38,38.28,3805956.0,72987768.0
2012-11-21,38.3,38.9,38.82,37.61,6085451.0,115434128.0
2012-11-20,39.3,39.51,38.42,38.42,5470693.0,106027176.0
2012-11-19,37.63,39.2,38.82,37.57,6978666.0,132401888.0
2012-11-16,38.08,38.1,37.69,37.13,7529506.0,140042480.0
2012-11-15,38.9,39.14,38.32,38.09,5122615.0,98262904.0
2012-11-14,38.86,39.3,39.22,38.62,4348631.0,84178472.0
2012-11-13,40.35,40.41,38.84,38.8,11223030.0,218898960.0
2012-11-12,40.9,41.16,40.72,40.07,6345451.0,127542776.0
2012-11-09,41.08,41.44,40.72,40.7,6553515.0,133395360.0
2012-11-08,41.52,41.7,40.62,40.62,7602886.0,155323120.0
2012-11-07,41.66,42.85,42.29,41.54,15782755.0,330228832.0
2012-11-06,40.72,41.38,41.22,40.01,9092488.0,183658128.0
2012-11-05,40.78,40.92,40.72,40.45,9852321.0,198614864.0
2012-11-02,41.92,42.11,41.74,41.44,7225094.0,149583072.0
2012-11-01,41.32,42.55,42.25,41.24,10828448.0,225374640.0
2012-10-31,40.92,41.2,41.1,40.41,5920610.0,119963512.0
2012-10-30,40.68,41.3,40.68,40.33,5185815.0,104911224.0
2012-10-29,40.88,41.52,40.8,40.67,6004992.0,122230896.0
2012-10-26,42.23,42.35,40.72,40.62,10334634.0,211385072.0
2012-10-25,42.37,42.81,42.51,41.44,10346437.0,216356704.0
2012-10-24,42.53,43.26,42.57,41.92,12832433.0,270839872.0
2012-10-23,43.44,44.2,43.3,43.2,8485081.0,183773808.0
2012-10-22,43.13,43.6,43.36,42.53,10827869.0,231466080.0
2012-10-19,44.14,44.4,43.66,43.54,9558225.0,208005840.0
2012-10-18,44.04,44.69,44.65,43.56,13033372.0,285722048.0
2012-10-17,43.9,44.51,44.02,43.6,11474182.0,251161456.0
2012-10-16,43.05,43.9,43.42,42.83,11838452.0,255146816.0
2012-10-15,43.92,43.94,43.64,42.95,14178388.0,305062944.0
2012-10-12,45.77,46.46,44.97,44.48,19583412.0,440119456.0
2012-10-11,44.16,48.01,45.76,43.84,42490928.0,967038528.0
2012-10-10,42.69,44.02,43.66,42.43,12978342.0,277164416.0
2012-10-09,43.13,44.24,43.5,43.13,12379715.0,268153648.0
2012-10-08,43.9,43.9,42.67,42.33,14624469.0,311492256.0
2012-09-28,42.69,44.55,44.08,42.45,23276270.0,505244640.0
2012-09-27,40.21,43.23,42.61,40.13,17478016.0,363088192.0
2012-09-26,41.97,42.51,40.51,40.09,14732337.0,300403968.0
2012-09-25,43.86,44.06,42.33,42.33,17401060.0,369951904.0
2012-09-24,43.13,44.75,44.1,42.71,17771464.0,385194592.0
2012-09-21,42.73,45.55,44.55,42.73,32122010.0,710545728.0
2012-09-20,43.42,45.01,42.73,42.61,26861296.0,584388288.0
2012-09-19,41.91,44.3,44.2,41.24,21628924.0,461593472.0
2012-09-18,42.33,42.57,41.52,41.22,14707117.0,305391776.0
2012-09-17,43.54,44.73,43.46,43.23,22079224.0,482478400.0
2012-09-14,44.16,44.75,43.54,42.83,34833572.0,756957568.0
2012-09-13,42.39,42.71,41.12,41.06,11621345.0,242036672.0
2012-09-12,42.73,43.92,42.61,41.74,19008584.0,404121184.0
2012-09-11,41.04,42.77,42.23,40.55,21629908.0,450255840.0
2012-09-10,41.02,41.92,41.52,40.72,24493856.0,502717248.0
2012-09-07,38.34,41.28,40.13,38.34,23044696.0,454877088.0
2012-09-06,37.09,38.05,37.98,36.99,5535652.0,103125568.0
2012-09-05,36.85,37.87,37.15,36.85,4801679.0,88880704.0
2012-09-04,38.05,38.2,36.85,36.77,6104969.0,113479768.0
2012-09-03,37.19,38.22,37.85,37.19,8362574.0,156907856.0
2012-08-31,36.28,36.95,36.66,36.16,3651763.0,66156576.0
2012-08-30,36.85,37.19,36.32,35.72,7208577.0,130585864.0
2012-08-29,37.39,37.67,37.01,36.87,5497765.0,101392008.0
2012-08-28,37.49,37.91,37.41,36.78,6614165.0,122357984.0
2012-08-27,38.46,39.06,37.63,37.55,9880735.0,188242176.0
2012-08-24,39.27,39.61,38.56,38.52,13301959.0,257967632.0
2012-08-23,37.79,39.47,39.22,37.75,20234156.0,387833216.0
2012-08-22,37.89,38.05,37.33,37.19,5959293.0,111415760.0
2012-08-21,37.33,37.93,37.41,37.05,6713510.0,124976752.0
2012-08-20,36.89,37.49,37.07,36.38,5388336.0,98429504.0
2012-08-17,37.49,37.77,37.41,36.6,5863385.0,108187760.0
2012-08-16,37.75,37.75,37.43,37.15,3939102.0,73131896.0
2012-08-15,37.89,37.89,37.39,37.13,4857198.0,90352824.0
2012-08-14,38.42,38.6,38.2,36.18,13027303.0,240937744.0
2012-08-13,38.92,39.45,38.52,38.3,8656647.0,167561280.0
2012-08-10,39.45,39.63,38.84,38.7,5029196.0,97392216.0
2012-08-09,39.16,39.75,39.33,38.44,8523492.0,165734880.0
2012-08-08,38.5,40.13,39.1,38.32,13712285.0,268200080.0
2012-08-07,37.98,39.18,38.54,37.89,9528788.0,183024928.0
2012-08-06,36.24,38.22,38.08,36.0,11510532.0,214391232.0
2012-08-03,36.12,36.5,36.38,35.8,5918933.0,106043040.0
2012-08-02,36.78,36.78,35.86,35.58,6023273.0,107648168.0
2012-08-01,36.3,37.27,36.89,36.08,4781694.0,87342168.0
2012-07-31,36.46,36.95,36.28,36.04,5749894.0,104135336.0
2012-07-30,38.6,38.94,36.44,36.3,7626205.0,141947792.0
2012-07-27,38.46,38.84,38.54,38.38,4300497.0,82311608.0
2012-07-26,38.76,39.14,38.44,38.3,5874155.0,113139952.0
2012-07-25,38.52,38.78,38.3,38.2,3474546.0,66330484.0
2012-07-24,38.22,38.98,38.66,38.1,4083125.0,78093736.0
2012-07-23,38.44,38.98,38.4,38.1,3441489.0,65725600.0
2012-07-20,39.87,39.91,38.78,38.62,5372789.0,104584072.0
2012-07-19,39.37,40.21,39.69,39.27,6859270.0,135787488.0
2012-07-18,39.22,39.65,39.65,38.84,4899706.0,95543784.0
2012-07-17,38.42,39.59,39.47,38.42,6281315.0,122110888.0
2012-07-16,39.83,40.21,38.6,38.6,7584144.0,148244736.0
2012-07-13,39.69,40.25,39.73,39.53,6057643.0,119882576.0
2012-07-12,38.9,40.31,39.89,38.42,10634017.0,209345248.0
2012-07-11,38.3,39.2,39.02,38.28,4571669.0,88171616.0
2012-07-10,38.3,38.82,38.52,38.08,5410816.0,103049392.0
2012-07-09,39.22,39.53,38.68,38.6,7347185.0,142340096.0
2012-07-06,38.82,40.01,39.73,38.1,9819859.0,190733488.0
2012-07-05,39.22,39.41,38.64,38.26,7111084.0,136048320.0
2012-07-04,39.57,40.01,39.51,39.1,8598452.0,169135408.0
2012-07-03,39.41,40.01,39.06,38.94,9242801.0,180903280.0
2012-07-02,39.99,40.21,39.3,38.92,11294133.0,221821088.0
2012-06-29,37.49,39.27,39.02,36.69,10054049.0,188872448.0
2012-06-28,38.84,39.37,37.91,37.89,7904698.0,151329600.0
2012-06-27,39.2,39.53,38.58,38.5,8025110.0,155305152.0
2012-06-26,38.98,39.63,39.2,38.68,10646517.0,207028624.0
2012-06-25,40.92,41.32,38.7,38.5,17663266.0,350601984.0
2012-06-21,43.13,43.17,41.87,41.52,14268311.0,297742336.0
2012-06-20,44.24,44.55,43.7,43.68,10034944.0,218983504.0
2012-06-19,43.84,44.63,43.98,43.54,13369103.0,292899200.0
2012-06-18,44.16,44.32,43.62,43.38,11569646.0,251146736.0
2012-06-15,44.04,44.28,43.76,42.53,13833708.0,298781568.0
2012-06-14,43.72,44.55,43.46,43.22,15516858.0,337536928.0
2012-06-13,42.49,44.34,43.54,42.49,20318208.0,439261792.0
2012-06-12,41.62,43.09,42.27,41.46,14296325.0,301721888.0
2012-06-11,41.18,42.15,42.07,41.12,10326564.0,213918608.0
2012-06-08,41.38,41.66,41.02,40.07,14130633.0,286852384.0
2012-06-07,43.09,43.32,41.4,41.34,17337334.0,363417408.0
2012-06-06,41.02,42.63,42.33,40.96,24048888.0,500433920.0
2012-06-05,41.1,41.52,40.35,39.1,15064615.0,299723200.0
2012-06-04,42.53,42.91,41.1,41.03,17350276.0,509442080.0
2012-06-01,42.13,42.7,41.89,41.53,11120399.0,327913248.0
2012-05-31,41.22,42.83,42.0,41.04,16709013.0,493853440.0
2012-05-30,41.29,41.93,41.39,41.13,16423271.0,476711584.0
2012-05-29,39.8,42.25,41.24,39.75,22620800.0,650074944.0
2012-05-28,38.81,39.83,39.74,37.68,8092750.0,219362944.0
2012-05-25,39.52,39.67,38.88,38.54,4587246.0,125414104.0
2012-05-24,39.38,39.81,39.44,39.12,4825375.0,132988832.0
2012-05-23,39.75,40.01,39.48,39.1,6602755.0,182361760.0
2012-05-22,39.95,40.24,40.17,39.75,7031247.0,196637040.0
2012-05-21,39.1,40.3,39.64,39.1,8019674.0,222740896.0
2012-05-18,39.83,40.24,38.98,38.88,8324118.0,230097168.0
2012-05-17,38.52,40.21,39.83,38.39,8391916.0,230250464.0
2012-05-16,38.24,38.92,38.32,37.98,6346441.0,170629920.0
2012-05-15,38.24,38.64,38.54,37.53,7463820.0,198541360.0
2012-05-14,40.17,40.33,38.74,38.72,8606291.0,238414880.0
2012-05-11,39.95,40.64,39.88,39.65,8314333.0,233212544.0
2012-05-10,39.94,40.46,40.05,39.93,8457457.0,236996320.0
2012-05-09,40.11,41.0,40.0,39.98,12902355.0,364432864.0
2012-05-08,42.12,42.17,41.39,40.93,17262768.0,498868224.0
2012-05-07,40.81,42.1,42.05,40.61,20832712.0,602564672.0
2012-05-03,40.38,41.02,40.67,40.1,12175153.0,345105088.0
2012-05-02,39.6,41.5,40.7,38.98,21834128.0,617001728.0
2012-04-27,39.44,39.6,39.01,38.97,7284106.0,199480576.0
2012-04-26,38.9,39.67,39.37,38.52,14467563.0,396727936.0
2012-04-25,37.98,39.31,38.71,37.82,11050343.0,298993088.0
2012-04-24,37.98,38.64,38.05,36.55,9093013.0,238716992.0
2012-04-23,39.1,39.25,38.34,38.15,7150275.0,192938768.0
2012-04-20,38.67,39.48,39.15,38.49,8740454.0,239158944.0
2012-04-19,38.61,39.38,38.7,38.59,11692746.0,317876000.0
2012-04-17,38.05,38.45,37.72,37.68,6146169.0,163086176.0
2012-04-16,38.52,38.61,38.04,37.81,8775450.0,233838368.0
2012-04-13,39.17,39.38,38.95,38.59,10898550.0,297307872.0
2012-04-12,38.38,38.92,38.92,37.95,10956617.0,294880672.0
2012-04-11,37.23,38.61,38.31,37.09,9504962.0,253109120.0
2012-04-10,36.96,37.98,37.88,36.32,8775550.0,227559456.0
2012-04-09,37.06,37.69,37.18,36.75,6815240.0,177697936.0
2012-04-06,37.05,37.88,37.28,36.66,8753700.0,227846000.0
2012-04-05,35.27,36.98,36.8,34.4,10285464.0,258083376.0
2012-03-30,36.13,36.7,35.29,34.51,8694515.0,216220176.0
2012-03-29,36.67,37.06,35.95,35.56,10411899.0,263934560.0
2012-03-28,38.38,38.38,37.16,36.98,11754345.0,308616480.0
2012-03-27,39.64,40.5,38.91,38.68,14996873.0,416138368.0
2012-03-26,38.9,39.07,38.59,37.95,7710397.0,207041632.0
2012-03-23,39.38,39.85,38.51,38.38,13613556.0,371102688.0
2012-03-22,40.6,40.87,39.85,39.52,12746662.0,356483168.0
2012-03-21,39.4,41.77,40.8,39.25,30803140.0,875113152.0
2012-03-20,40.53,40.53,39.24,39.17,22733756.0,628536768.0
2012-03-19,39.38,40.89,40.74,39.18,27204356.0,761346880.0
2012-03-16,37.66,39.17,39.17,37.62,19662848.0,528364224.0
2012-03-15,37.89,38.24,37.26,36.8,17051742.0,445616864.0
2012-03-14,37.91,40.46,38.55,37.89,40139196.0,1091252480.0
2012-03-13,37.86,37.94,37.89,37.13,8215319.0,215429568.0
2012-03-12,37.66,38.47,37.86,37.38,11579037.0,306272544.0
2012-03-09,37.32,37.63,37.51,37.09,7853791.0,205106384.0
2012-03-08,36.45,37.38,37.02,36.45,9466034.0,243905616.0
2012-03-07,36.66,36.98,36.22,35.92,13598757.0,347306624.0
2012-03-06,38.04,38.21,37.62,37.56,11311881.0,298482208.0
2012-03-05,37.89,39.07,38.24,37.53,13819798.0,369819520.0
2012-03-02,37.73,38.45,38.06,37.68,11462791.0,304813440.0
2012-03-01,37.2,37.66,37.28,36.79,15110341.0,393029152.0
2012-02-29,38.22,39.38,38.41,37.84,16476442.0,446071584.0
2012-02-28,38.04,38.31,37.94,37.55,9922579.0,262617024.0
2012-02-27,38.62,39.18,38.38,38.27,15905893.0,430826624.0
2012-02-24,38.14,38.67,38.49,37.89,13516889.0,360961632.0
2012-02-23,37.88,39.07,38.15,37.78,15678226.0,419449568.0
2012-02-22,37.78,38.08,37.62,37.38,12962754.0,341348384.0
2012-02-21,36.95,37.43,37.35,36.27,9253800.0,238300032.0
2012-02-20,37.78,37.92,37.06,37.05,10631989.0,278364800.0
2012-02-17,37.08,37.38,37.05,36.5,7596745.0,196069696.0
2012-02-16,36.95,37.36,36.8,36.55,10886059.0,280598464.0
2012-02-15,36.66,38.05,37.45,36.46,15275432.0,400277920.0
2012-02-14,37.23,37.36,36.7,36.38,8633348.0,221785936.0
2012-02-13,35.83,37.42,36.95,35.83,9933325.0,255257104.0
2012-02-10,37.16,37.59,36.76,36.13,14525820.0,374479072.0
2012-02-09,37.23,37.73,37.2,36.75,18767948.0,487729824.0
2012-02-08,34.54,37.81,37.81,34.37,29329304.0,748705408.0
2012-02-07,34.76,34.76,34.37,33.5,9134190.0,217458816.0
2012-02-06,35.14,35.23,34.97,34.44,9253174.0,225059840.0
2012-02-03,34.66,35.49,35.13,34.44,9157965.0,224834752.0
2012-02-02,33.91,34.83,34.74,33.47,9200425.0,219474528.0
2012-02-01,34.51,35.5,33.44,33.31,11344067.0,272658912.0
2012-01-31,34.81,35.23,34.87,34.31,8293498.0,201021312.0
2012-01-30,35.8,36.52,34.96,34.8,17370600.0,433081856.0
2012-01-20,34.87,35.17,34.77,34.08,13062636.0,316776032.0
2012-01-19,32.78,35.77,35.14,32.19,22870888.0,550032576.0
2012-01-18,33.75,34.87,32.91,32.59,24343358.0,574220736.0
2012-01-17,29.8,32.58,32.58,29.8,14099489.0,309915424.0
2012-01-16,30.82,31.18,29.61,29.6,8390054.0,178532992.0
2012-01-13,32.22,33.07,31.66,30.65,14798313.0,329667168.0
2012-01-12,31.29,32.85,32.08,31.22,12544649.0,280799584.0
2012-01-11,31.61,32.03,31.63,31.15,12539017.0,276512032.0
2012-01-10,29.92,31.73,31.72,29.64,15596320.0,335330272.0
2012-01-09,28.5,29.99,29.83,27.94,9680687.0,198580080.0
2012-01-06,27.37,28.36,28.36,26.97,4738971.0,91485168.0
2012-01-05,27.91,28.36,27.55,27.47,5018002.0,97749600.0
2012-01-04,29.21,29.52,27.85,27.84,6869470.0,138163824.0
