date,open,high,close,low,volume,amount
2015-06-17,85.0,85.0,81.47,76.94,16306854.0,434647296.0
2015-06-16,81.68,87.18,83.5,80.17,25150018.0,695187392.0
2015-06-15,78.51,83.65,79.45,77.91,13662026.0,369170400.0
2015-06-12,79.18,84.52,80.63,77.67,16716404.0,446188384.0
2015-06-11,73.44,81.53,81.02,72.75,22307526.0,572687360.0
2015-06-10,67.67,74.44,74.35,67.28,19423508.0,461562144.0
2015-06-09,69.76,69.76,68.61,64.95,14791070.0,333683680.0
2015-06-08,72.47,77.0,70.66,70.36,19953416.0,481782848.0
2015-06-05,69.36,75.07,74.13,66.37,25340074.0,591007488.0
2015-06-04,72.14,72.14,68.67,64.23,23921756.0,538040640.0
2015-06-03,67.88,70.63,70.63,66.13,34375200.0,792119360.0
2015-06-02,58.82,64.2,64.2,57.98,24869308.0,509886528.0
2015-06-01,55.87,58.82,58.37,54.99,16652659.0,315392224.0
2015-05-29,53.42,55.68,54.9,49.83,16339838.0,290900192.0
2015-05-28,58.58,59.67,53.45,53.45,20874986.0,395929216.0
2015-05-27,60.97,62.3,59.4,58.52,21711468.0,429420448.0
2015-05-26,58.01,61.0,60.73,58.01,19257368.0,382958848.0
2015-05-25,57.09,58.77,58.38,56.43,17850360.0,341753024.0
2015-05-22,59.8,60.52,58.05,56.4,19180774.0,370499936.0
2015-05-21,57.09,60.64,59.07,56.79,21820784.0,428172064.0
2015-05-20,55.53,57.69,56.19,54.39,22766676.0,428193728.0
2015-05-19,54.09,55.59,55.11,52.88,18992444.0,342191040.0
2015-05-18,52.79,55.5,54.27,52.28,21276828.0,384181504.0
2015-05-15,57.72,57.99,53.91,53.03,35261528.0,642070272.0
2015-05-14,56.28,57.27,57.27,56.28,27807152.0,529173248.0
2015-05-13,50.51,52.85,52.07,50.12,19755292.0,341317632.0
2015-05-12,51.23,51.71,51.08,49.52,21053012.0,355732736.0
2015-05-11,48.29,51.29,51.11,48.26,17401820.0,289911744.0
2015-05-08,45.61,47.3,47.27,45.52,7378139.0,113790184.0
2015-05-07,46.21,46.91,45.01,44.83,5399920.0,82134760.0
2015-05-06,46.42,48.32,46.48,46.21,6842015.0,107730048.0
2015-05-05,47.2,48.32,46.36,46.36,6959051.0,110079288.0
2015-05-04,48.35,48.38,47.51,46.57,6463056.0,102198792.0
2015-04-30,48.32,49.88,48.41,48.26,8274025.0,135598704.0
2015-04-29,47.54,48.62,48.56,46.18,7320176.0,116710432.0
2015-04-28,49.64,49.64,47.75,46.27,9677802.0,154462016.0
2015-04-27,49.58,50.15,49.67,48.38,10665663.0,175504048.0
2015-04-24,49.76,50.48,49.19,47.93,11328845.0,185939712.0
2015-04-23,49.4,50.78,50.51,49.25,16626902.0,277106848.0
2015-04-22,47.87,49.37,48.95,47.87,12474386.0,202587696.0
2015-04-21,45.64,47.75,47.57,45.64,9648340.0,150563056.0
2015-04-20,47.84,47.99,45.61,45.1,17415430.0,270634752.0
2015-04-17,49.4,49.4,48.38,47.84,9968989.0,161287504.0
2015-04-16,47.48,49.43,48.26,46.57,9103345.0,146405584.0
2015-04-15,51.98,52.1,48.26,48.26,10280293.0,169743888.0
2015-04-14,52.28,53.09,51.68,51.23,10707359.0,185581712.0
2015-04-13,51.92,53.01,52.52,50.72,13709661.0,237284976.0
2015-04-10,49.88,52.19,51.53,49.43,13520115.0,229973472.0
2015-04-09,51.68,52.58,51.26,48.26,11876315.0,197481648.0
2015-04-08,53.88,53.88,52.28,50.96,12923552.0,224521280.0
2015-04-07,51.8,56.1,53.97,51.8,15477712.0,277680832.0
2015-04-03,47.81,51.74,51.32,47.78,17613192.0,292939136.0
2015-04-02,47.69,48.44,48.44,46.91,11960452.0,189750768.0
2015-04-01,46.27,48.62,48.02,46.27,17935908.0,285833248.0
2015-03-31,44.77,47.75,46.66,44.5,18101632.0,278479648.0
2015-03-30,44.5,45.34,44.77,43.93,10467743.0,155767712.0
2015-03-27,43.87,44.68,44.47,43.48,7689258.0,112740568.0
2015-03-26,44.38,45.28,43.93,43.72,10950477.0,161729552.0
2015-03-25,44.47,45.37,44.77,43.87,12608629.0,187581072.0
2015-03-24,45.55,45.61,44.89,42.97,17485824.0,258726912.0
2015-03-23,43.72,45.58,45.52,43.72,17949596.0,266357360.0
2015-03-20,42.52,43.81,43.54,41.95,13389269.0,192142256.0
2015-03-19,41.77,42.61,42.49,41.32,11090205.0,155192128.0
2015-03-18,41.05,42.07,41.77,40.9,10113391.0,139934544.0
2015-03-17,41.5,41.62,41.11,40.69,9611277.0,131544472.0
2015-03-16,39.99,41.65,41.29,39.99,10070085.0,137041360.0
2015-03-13,39.87,40.69,40.11,39.69,8571968.0,114640072.0
2015-03-12,38.97,40.14,39.81,38.97,8574816.0,113266304.0
2015-03-11,38.73,39.21,38.91,38.61,4353587.0,56262236.0
2015-03-10,39.12,39.81,38.94,38.94,7702680.0,101034520.0
2015-03-09,37.26,39.27,39.09,37.05,7215456.0,92581928.0
2015-03-06,38.49,38.61,37.53,37.38,6332465.0,79816152.0
2015-03-05,39.06,39.24,38.52,38.28,5731729.0,73638296.0
2015-03-04,38.46,39.03,38.85,38.28,5942964.0,76602288.0
2015-03-03,38.97,39.6,38.31,38.13,10141441.0,131072464.0
2015-03-02,39.66,39.9,39.21,38.76,10055719.0,131139272.0
2015-02-27,37.89,39.3,39.09,37.74,11302208.0,145523776.0
2015-02-26,37.47,38.43,37.95,37.26,6442079.0,81024712.0
2015-02-25,37.41,38.43,37.47,37.14,7569332.0,95509304.0
2015-02-17,37.38,37.71,37.29,36.99,5459227.0,67668512.0
2015-02-16,37.14,37.68,37.35,36.78,9214403.0,114070960.0
2015-02-13,36.96,37.23,37.05,36.24,10008349.0,122623424.0
2015-02-12,34.98,37.14,36.63,34.86,9559311.0,115761624.0
2015-02-11,33.92,35.37,34.98,33.92,4123750.0,47801188.0
2015-02-10,33.65,34.23,33.92,32.21,4586752.0,50500784.0
2015-02-09,35.37,36.54,33.68,33.65,6701774.0,78813176.0
2015-02-02,34.8,35.58,35.37,34.44,2857946.0,33508708.0
2015-01-30,34.98,35.25,35.07,34.55,2735028.0,31851768.0
2015-01-29,34.74,35.31,34.98,34.62,2555612.0,29819124.0
2015-01-28,35.61,35.79,35.34,35.25,3703931.0,43826564.0
2015-01-27,36.12,36.27,35.85,35.37,4675096.0,55690868.0
2015-01-26,35.52,36.03,36.03,35.49,4169367.0,49686604.0
2015-01-23,36.03,36.18,35.49,35.25,4805708.0,56916300.0
2015-01-22,35.58,36.0,35.91,35.19,6143813.0,72986480.0
2015-01-21,35.64,35.7,35.58,35.07,7242617.0,85266304.0
2015-01-20,33.86,35.28,35.28,33.86,6069618.0,70268048.0
2015-01-19,34.13,35.28,33.83,33.38,6034689.0,69345424.0
2015-01-16,34.04,34.71,34.71,33.95,4712402.0,53990096.0
2015-01-15,33.86,34.77,34.16,33.77,3580945.0,40829672.0
2015-01-14,34.34,34.52,33.89,33.68,3435872.0,38854084.0
2015-01-13,32.45,34.1,34.1,32.3,5331704.0,59832044.0
2015-01-12,33.41,33.41,32.45,32.24,2702531.0,29333650.0
2015-01-09,33.35,33.95,33.41,33.35,3723647.0,41751436.0
2015-01-08,33.29,34.07,33.65,33.2,4405135.0,49400468.0
2015-01-07,33.8,33.8,33.32,33.05,3322086.0,36878600.0
2015-01-06,33.05,33.89,33.74,32.81,5082767.0,56580172.0
2015-01-05,32.15,33.65,33.32,31.43,5488067.0,59344336.0
2014-12-31,31.7,32.3,32.15,31.7,1817087.0,19376430.0
2014-12-30,32.45,32.48,31.67,31.61,2555465.0,27191116.0
2014-12-29,33.35,33.35,32.48,31.91,3703615.0,39974544.0
2014-12-26,33.29,33.65,33.32,33.17,3176523.0,35256536.0
2014-12-25,33.95,33.95,33.41,33.05,4358215.0,48649812.0
2014-12-24,31.76,33.8,33.71,31.76,5735242.0,62820568.0
2014-12-23,31.31,32.03,31.67,31.22,3585758.0,37733692.0
2014-12-22,33.5,33.5,31.31,30.95,5974558.0,63248136.0
2014-12-19,34.49,34.49,33.5,33.29,5028064.0,56302480.0
2014-12-18,34.62,34.83,34.49,34.31,3076852.0,35379504.0
2014-12-17,35.46,35.61,34.62,34.41,4771091.0,55193208.0
2014-12-16,36.03,36.06,35.64,35.46,4150344.0,49165564.0
2014-12-15,35.55,36.03,35.97,35.16,4258582.0,50697848.0
2014-12-12,35.04,35.7,35.58,35.01,4352630.0,51391268.0
2014-12-11,34.83,35.07,35.04,34.52,4055051.0,46958404.0
2014-12-10,33.68,34.89,34.8,33.56,5067852.0,57980752.0
2014-12-09,36.6,36.66,33.83,33.77,12768785.0,148121680.0
2014-12-08,37.2,37.44,36.6,36.51,6783964.0,83029040.0
2014-12-05,38.91,39.3,37.17,36.36,7163571.0,89879152.0
2014-12-04,38.61,39.45,38.97,38.52,7999659.0,104210024.0
2014-12-03,38.61,38.61,38.34,37.83,5882985.0,74609312.0
2014-12-02,38.46,38.97,38.61,38.16,5854030.0,75280168.0
2014-12-01,37.5,38.58,38.55,36.81,8973905.0,113116528.0
2014-11-28,38.16,38.22,37.5,37.29,5966627.0,74682560.0
2014-11-27,38.04,38.58,38.25,37.74,5326693.0,67729256.0
2014-11-26,38.61,38.61,37.98,37.62,5810720.0,73650528.0
2014-11-25,37.86,38.73,38.61,37.74,4697871.0,60090328.0
2014-11-24,38.22,38.22,37.95,37.65,3688239.0,46545448.0
2014-11-21,37.38,37.89,37.77,37.38,2769980.0,34698284.0
2014-11-20,37.62,37.8,37.26,37.26,2816282.0,35150668.0
2014-11-19,37.38,38.28,37.86,37.35,3829270.0,48159736.0
2014-11-18,37.41,37.59,37.41,37.23,2512591.0,31295440.0
2014-11-17,36.84,37.5,37.35,36.84,3272012.0,40605004.0
2014-11-14,36.81,37.08,36.81,36.39,3098758.0,37902480.0
2014-11-13,38.76,38.85,36.75,36.12,8439681.0,104359160.0
2014-11-12,38.22,39.21,38.97,37.68,4580471.0,58821336.0
2014-11-11,41.32,41.56,38.34,38.22,8139770.0,107383760.0
2014-11-10,40.87,41.17,41.17,40.2,4576128.0,61794592.0
2014-11-07,41.17,41.62,40.8,40.77,6191628.0,84899064.0
2014-11-06,40.99,41.35,41.17,40.2,5093244.0,69134432.0
2014-11-05,40.51,41.14,41.11,39.96,5516403.0,74700576.0
2014-11-04,41.77,41.92,40.59,40.48,7239291.0,98732616.0
2014-11-03,41.62,41.95,41.74,41.2,6199357.0,85680104.0
2014-10-31,42.4,42.58,41.5,41.02,7994306.0,110816464.0
2014-10-30,42.04,43.09,42.22,41.74,8379026.0,118125488.0
2014-10-29,42.55,42.7,42.04,41.59,10149485.0,141850176.0
2014-10-28,41.02,42.37,42.04,41.02,8064564.0,112033960.0
2014-10-27,40.2,40.87,40.87,39.84,4292908.0,58040188.0
2014-10-24,39.66,40.45,40.29,39.45,3973611.0,52990596.0
2014-10-23,39.84,40.51,39.69,39.12,4874167.0,64602600.0
2014-10-22,39.96,40.69,39.96,39.54,5058112.0,67684032.0
2014-10-21,40.84,41.05,39.9,39.9,4807503.0,64634688.0
2014-10-20,40.23,41.08,40.87,40.23,5051901.0,68484392.0
2014-10-17,41.05,41.38,40.2,39.72,8889474.0,119660992.0
2014-10-16,42.97,44.08,41.44,41.44,14794102.0,211408816.0
2014-10-15,42.4,43.69,43.54,41.8,12639127.0,180525840.0
2014-10-14,42.52,43.33,42.61,41.92,11790687.0,167231696.0
2014-10-13,41.83,42.91,42.91,41.05,15512390.0,216238160.0
2014-10-10,39.81,43.69,42.04,39.72,25603380.0,357844672.0
2014-10-09,40.59,40.59,39.99,39.42,8237510.0,109525928.0
2014-10-08,40.05,40.62,40.45,39.75,8359182.0,111968536.0
2014-09-30,40.05,40.2,40.02,39.57,6584646.0,87348440.0
2014-09-29,38.76,40.02,40.02,38.73,10744462.0,141850192.0
2014-09-26,38.7,38.88,38.64,38.4,4780626.0,61382700.0
2014-09-25,39.36,39.84,38.97,38.91,6193541.0,81054464.0
2014-09-24,38.31,39.39,39.15,37.89,5789074.0,74901536.0
2014-09-23,37.95,38.58,38.43,37.8,3858537.0,49180956.0
2014-09-22,39.06,39.09,38.1,37.74,5883711.0,74711528.0
2014-09-19,38.94,39.18,39.12,38.58,3989782.0,51735672.0
2014-09-18,38.7,39.15,39.0,38.46,4481235.0,57895928.0
2014-09-17,38.88,39.33,38.67,37.92,6542880.0,84189656.0
2014-09-16,41.38,41.38,39.06,38.7,12500913.0,166073856.0
2014-09-15,40.69,41.62,41.29,40.41,11703755.0,159695472.0
2014-09-12,39.69,40.98,40.72,39.42,13138526.0,176218192.0
2014-09-11,38.91,40.38,39.81,38.85,13507524.0,179155888.0
2014-09-10,39.3,39.3,39.03,38.76,5945973.0,77168480.0
2014-09-09,39.36,39.57,39.42,38.64,7100701.0,92297200.0
2014-09-05,39.57,39.9,39.33,38.85,6619533.0,86373144.0
2014-09-04,39.18,40.29,39.51,39.18,10485155.0,138871312.0
2014-09-03,38.88,39.21,38.94,38.58,6171328.0,79897600.0
2014-09-02,38.22,38.82,38.79,38.07,6349070.0,81401816.0
2014-09-01,37.32,38.31,38.19,37.32,3900554.0,49280160.0
2014-08-29,36.66,37.38,37.32,36.66,2843761.0,35177408.0
2014-08-28,38.28,38.28,36.78,36.72,6349809.0,78876400.0
2014-08-27,37.98,38.43,38.07,37.77,4557214.0,57709024.0
2014-08-26,39.0,39.03,38.04,37.86,8316819.0,106028832.0
2014-08-25,40.29,40.59,39.39,39.21,8646309.0,114319712.0
2014-08-22,39.24,41.71,40.38,38.91,23008040.0,308941184.0
2014-08-21,38.61,38.85,38.61,37.71,6091396.0,77615104.0
2014-08-20,39.09,39.33,38.82,38.76,5717434.0,74298224.0
2014-08-19,39.69,39.72,39.24,38.55,7251600.0,94203368.0
2014-08-18,38.64,39.51,39.39,38.52,6387699.0,82905376.0
2014-08-15,38.16,38.85,38.61,37.8,4550312.0,58189436.0
2014-08-14,39.06,39.21,38.16,38.1,6976436.0,89407008.0
2014-08-13,39.81,40.08,39.15,38.76,7349544.0,96238944.0
2014-08-12,39.42,39.96,39.87,39.09,9920181.0,130836528.0
2014-08-11,39.0,39.3,39.24,38.64,6764347.0,88007248.0
2014-08-08,38.61,39.09,38.85,38.43,4394795.0,56737764.0
2014-08-07,38.4,39.24,38.49,38.22,7206577.0,93177656.0
2014-08-06,38.43,38.7,38.43,37.86,3909946.0,49895380.0
2014-08-05,38.46,38.61,38.58,37.62,4981628.0,63194872.0
2014-08-04,37.92,38.55,38.46,37.92,3640174.0,46388160.0
2014-08-01,38.85,39.36,37.89,37.89,5905788.0,75808344.0
2014-07-31,39.18,39.21,39.03,38.52,4521990.0,58478168.0
2014-07-30,38.73,39.51,39.15,38.43,7182448.0,92950616.0
2014-07-29,38.91,40.59,39.15,38.7,14630804.0,192162528.0
2014-07-28,37.56,38.1,38.1,37.14,5744748.0,71877752.0
2014-07-25,36.57,37.56,37.41,36.36,3641146.0,44827068.0
2014-07-24,36.36,36.87,36.51,35.52,4466516.0,53823220.0
2014-07-23,37.23,37.62,36.42,36.24,5144703.0,63101060.0
2014-07-22,36.51,37.62,37.53,36.42,4148265.0,51198780.0
2014-07-21,37.8,38.13,36.51,36.33,6386024.0,78641184.0
2014-07-18,38.28,38.64,38.07,37.56,4256132.0,54057384.0
2014-07-17,37.89,38.55,38.4,37.56,4852487.0,61487424.0
2014-07-16,38.91,39.63,38.1,37.92,5831953.0,74907976.0
2014-07-15,39.57,40.23,38.91,38.46,7987592.0,104478656.0
2014-07-14,38.7,41.02,39.57,38.52,9960161.0,131842048.0
2014-07-11,37.89,39.33,38.31,37.89,6615730.0,85260696.0
2014-07-10,37.77,38.91,38.31,37.26,7335196.0,93370264.0
2014-07-09,39.06,39.84,37.8,37.8,9934362.0,127909480.0
2014-07-08,39.15,40.05,39.6,38.46,9006365.0,117779176.0
2014-07-07,37.95,39.48,39.39,37.92,9810554.0,127081952.0
2014-07-04,38.94,38.94,38.22,37.86,7213924.0,91869456.0
2014-07-03,38.88,39.21,38.7,38.25,9158344.0,117940792.0
2014-07-02,38.55,39.36,39.12,38.28,11346336.0,146736512.0
2014-07-01,38.22,40.05,39.06,38.19,16837368.0,219019216.0
2014-06-30,40.72,40.8,38.31,38.1,24170900.0,314220416.0
2014-06-27,35.94,39.39,39.39,35.55,20364256.0,255764768.0
2014-06-26,34.68,36.21,35.82,34.68,10354031.0,122639792.0
2014-06-25,35.16,35.55,34.68,34.41,5391295.0,62574196.0
2014-06-24,35.01,35.61,35.16,34.47,6489595.0,75728344.0
2014-06-23,34.1,35.7,35.01,33.77,8733020.0,101403280.0
2014-06-20,33.14,33.8,33.71,33.14,4045545.0,45214112.0
2014-06-19,34.26,34.62,33.29,32.63,8868888.0,99040712.0
2014-06-18,35.22,35.85,34.34,34.13,8581131.0,99714536.0
2014-06-17,36.84,37.38,35.46,35.43,11291367.0,136085984.0
2014-06-16,36.96,37.53,37.08,36.51,11092122.0,136302928.0
2014-06-13,35.25,37.68,36.93,35.13,16167735.0,196878960.0
2014-06-12,35.61,35.88,35.55,35.07,8013088.0,94474136.0
2014-06-11,34.86,36.51,35.82,34.71,14449551.0,171294384.0
2014-06-10,33.74,35.1,35.1,33.05,9700806.0,110547784.0
2014-06-09,34.68,35.07,34.05,34.05,6852875.0,78683536.0
2014-06-06,34.01,34.86,34.74,33.65,8948062.0,101938784.0
2014-06-05,33.2,34.1,34.05,32.99,8210831.0,92205000.0
2014-06-04,33.92,34.13,32.91,32.55,8734607.0,97026568.0
2014-06-03,33.66,34.82,34.16,33.66,7839857.0,90106792.0
2014-05-30,33.6,34.82,33.92,33.12,9507502.0,109113800.0
2014-05-29,36.25,36.37,33.72,33.54,15415695.0,181171664.0
2014-05-28,35.21,36.46,36.25,34.31,15041927.0,179480416.0
2014-05-27,36.04,36.49,35.38,35.15,12849886.0,154028640.0
2014-05-26,34.34,36.34,36.34,34.13,19515644.0,232897280.0
2014-05-23,34.25,34.61,34.61,33.33,15947879.0,181434608.0
2014-05-22,35.15,36.49,34.61,34.49,16933218.0,200927936.0
2014-05-21,35.59,35.92,35.38,34.67,13499124.0,159790208.0
2014-05-20,35.3,36.78,36.22,34.79,21576596.0,259500784.0
2014-05-19,36.34,37.8,35.33,35.0,32019402.0,388080608.0
2014-05-16,32.59,36.16,36.16,32.02,23015232.0,264656592.0
2014-05-15,33.33,34.1,32.88,32.55,15104859.0,169504416.0
2014-05-14,33.81,35.59,33.6,33.39,23846052.0,275720544.0
2014-05-13,32.32,34.7,34.28,32.08,22588410.0,253955456.0
2014-05-12,31.51,33.75,32.82,31.27,21845166.0,239473648.0
2014-05-09,31.27,32.29,31.57,30.56,13029956.0,137298240.0
2014-05-08,31.93,32.7,31.72,31.21,21442016.0,229973952.0
2014-05-07,28.62,31.84,31.84,28.33,15395792.0,160290096.0
2014-05-06,28.8,29.55,28.95,28.39,5715772.0,55942708.0
2014-05-05,28.33,29.1,28.77,28.3,4161438.0,40122008.0
2014-04-30,27.88,28.8,28.18,27.73,4555326.0,43306004.0
2014-04-29,26.93,28.12,27.82,26.72,5656032.0,52513612.0
2014-04-28,29.79,29.84,27.25,27.22,10724109.0,100648112.0
2014-04-25,31.6,31.63,30.23,30.14,11115437.0,115500376.0
2014-04-24,31.9,32.73,31.96,31.42,16791062.0,181441232.0
2014-04-23,31.96,32.41,31.6,30.83,15873878.0,168331936.0
2014-04-22,28.62,31.48,31.48,28.56,9491787.0,96164784.0
2014-04-21,29.1,29.34,28.62,28.62,3258701.0,31625700.0
2014-04-18,29.07,29.49,29.46,28.77,2848221.0,27985140.0
2014-04-17,29.19,29.46,29.13,28.89,2631883.0,25765112.0
2014-04-16,30.05,30.2,29.1,28.89,5377478.0,52951444.0
2014-04-15,29.82,30.47,30.17,29.82,3062560.0,30982684.0
2014-04-14,30.11,30.59,30.05,29.84,3399213.0,34379748.0
2014-04-11,29.76,30.5,30.2,29.49,4681071.0,47269136.0
2014-04-10,30.74,30.95,29.9,29.88,5740344.0,58565120.0
2014-04-09,30.44,31.04,30.83,30.17,4613938.0,47381108.0
2014-04-08,30.77,30.92,30.44,29.93,6493983.0,66392132.0
2014-04-04,31.16,31.39,31.25,30.59,7473450.0,77978488.0
2014-04-03,29.82,31.51,31.21,29.79,11601775.0,120438704.0
2014-04-02,30.41,30.56,29.99,29.52,5962368.0,59728864.0
2014-04-01,29.19,30.29,30.2,28.98,9433878.0,94574992.0
2014-03-31,28.3,29.13,29.1,28.3,5124307.0,49578464.0
2014-03-28,28.06,29.19,28.12,27.7,4720364.0,45293128.0
2014-03-27,28.62,28.71,27.91,27.88,2146383.0,20379000.0
2014-03-26,28.59,28.71,28.65,28.27,1943243.0,18553138.0
2014-03-25,28.39,29.01,28.62,28.0,4351896.0,41793616.0
2014-03-24,27.76,28.56,28.48,27.52,4563488.0,43257216.0
2014-03-21,26.27,27.88,27.52,26.24,3811310.0,34535076.0
2014-03-20,27.97,27.97,26.75,26.75,2915966.0,26940058.0
2014-03-19,27.61,28.06,27.94,27.4,2759956.0,25754936.0
2014-03-18,27.82,28.21,27.58,27.55,3292211.0,30692394.0
2014-03-17,27.19,27.88,27.82,27.02,3413746.0,31570498.0
2014-03-14,26.54,27.28,27.25,26.36,3893035.0,35291544.0
2014-03-13,26.27,26.84,26.78,26.06,2704568.0,24085672.0
2014-03-12,26.15,26.72,26.33,25.88,2510640.0,22119670.0
2014-03-11,26.27,26.9,26.45,26.15,3500482.0,31146680.0
2014-03-10,27.85,27.85,26.3,26.27,6005148.0,54405784.0
2014-03-07,28.74,29.13,28.3,28.24,4108871.0,39431400.0
2014-03-06,28.77,29.13,28.74,28.03,5640184.0,54115048.0
2014-03-05,29.34,29.55,29.1,29.04,5433348.0,53420376.0
2014-03-04,29.37,29.46,29.28,28.45,6163549.0,60042320.0
2014-03-03,28.86,29.61,29.61,28.74,6489050.0,63441468.0
2014-02-28,29.49,29.75,28.92,27.85,6930387.0,66849924.0
2014-02-27,29.79,30.62,29.49,29.04,8410690.0,84423400.0
2014-02-26,29.75,29.75,29.43,28.3,7754106.0,75700888.0
2014-02-25,32.47,33.0,29.93,29.4,14510618.0,152479392.0
2014-02-24,30.56,32.76,32.67,30.14,13741395.0,146921488.0
2014-02-21,30.98,31.21,30.98,29.73,8812621.0,89953736.0
2014-02-20,31.63,32.29,30.83,30.11,11247013.0,117095760.0
2014-02-19,31.48,33.0,31.6,31.16,19730688.0,212919200.0
2014-02-18,31.18,32.26,31.96,30.59,32588882.0,343764512.0
2014-02-17,27.97,30.77,30.77,27.97,22551064.0,228717136.0
2014-02-14,27.46,28.06,27.97,27.28,4629073.0,43060796.0
2014-02-13,28.83,29.1,27.46,27.34,8730138.0,82878592.0
2014-02-12,28.41,28.5,28.24,27.88,5802468.0,54835772.0
2014-02-11,28.3,28.98,28.53,27.73,9837562.0,93634360.0
2014-02-10,27.7,28.74,28.53,27.64,7843792.0,74240656.0
2014-02-07,26.75,28.06,27.88,26.48,7004739.0,64225708.0
2014-01-30,27.34,27.37,27.19,26.98,3393880.0,30948468.0
2014-01-29,26.12,27.55,27.49,25.91,7676026.0,69527960.0
2014-01-28,26.3,26.84,26.03,25.94,2683721.0,23760838.0
2014-01-27,26.21,26.9,26.33,25.97,3784623.0,33680256.0
2014-01-24,25.88,26.66,26.39,25.82,3618682.0,31944396.0
2014-01-23,25.85,26.36,26.06,25.64,3724705.0,32675442.0
2014-01-22,25.17,25.91,25.91,24.9,3910165.0,33621856.0
2014-01-21,24.19,24.87,24.84,24.19,1609726.0,13331091.0
2014-01-20,24.51,24.69,24.16,23.83,1502032.0,12260626.0
2014-01-17,24.57,24.99,24.66,24.48,1858317.0,15413933.0
2014-01-16,24.42,24.9,24.6,24.19,1974105.0,16355406.0
2014-01-15,24.39,24.39,24.36,24.1,1576989.0,12839365.0
2014-01-14,23.47,24.25,24.25,23.47,1743627.0,13987012.0
2014-01-13,23.68,24.07,23.38,23.11,1420756.0,11242991.0
2014-01-10,24.07,24.54,23.86,23.8,1531902.0,12406290.0
2014-01-09,25.11,25.29,24.27,24.13,1617324.0,13531994.0
2014-01-08,24.75,25.23,25.17,24.69,1713503.0,14385587.0
2014-01-07,24.63,24.93,24.75,24.3,1292784.0,10711647.0
2014-01-06,26.15,26.15,24.63,24.6,2676326.0,22548412.0
2014-01-03,26.24,26.36,26.15,25.7,2710703.0,23692188.0
2014-01-02,25.5,26.6,26.39,25.41,3084660.0,27129408.0
2013-12-31,25.88,26.06,25.7,25.53,1908079.0,16524526.0
2013-12-30,25.32,25.91,25.88,25.32,2685473.0,23138168.0
2013-12-27,24.42,25.5,25.23,24.3,2769077.0,23212412.0
2013-12-26,25.08,25.29,24.27,24.21,2272201.0,18893052.0
2013-12-25,25.11,25.23,25.2,24.78,1828774.0,15379453.0
2013-12-24,24.57,25.2,24.93,24.45,1717447.0,14385325.0
2013-12-23,24.9,25.14,24.6,24.13,1925738.0,15914352.0
2013-12-20,25.82,25.85,25.14,25.08,3095760.0,26333088.0
2013-12-19,25.94,26.33,25.85,25.68,1728374.0,15066045.0
2013-12-18,25.91,26.24,25.88,25.76,1573084.0,13727953.0
2013-12-17,25.91,26.27,25.94,25.61,2348197.0,20440700.0
2013-12-16,26.84,26.96,25.91,25.85,3705024.0,32689956.0
2013-12-13,26.78,27.22,26.96,26.54,2883602.0,26102130.0
2013-12-12,26.3,27.1,26.9,26.3,3411950.0,30821740.0
2013-12-11,26.81,26.81,26.57,26.33,3006713.0,26742978.0
2013-12-10,27.25,27.37,26.81,26.57,6000519.0,54025836.0
2013-12-09,27.55,27.64,27.37,27.16,3605948.0,33099176.0
2013-12-06,27.67,27.7,27.31,26.98,6046890.0,55433656.0
2013-12-05,30.11,30.53,28.15,28.09,17282004.0,169733056.0
2013-12-04,27.7,29.34,28.95,27.7,11197486.0,107954024.0
2013-12-03,26.0,27.67,27.67,26.0,6619529.0,60271020.0
2013-12-02,27.55,28.41,26.3,26.03,8680781.0,79111416.0
2013-11-29,28.0,29.04,28.89,27.94,7955951.0,76120152.0
2013-11-28,29.4,30.38,28.36,28.33,16579873.0,162962848.0
2013-11-27,27.43,29.04,29.01,27.19,10097678.0,95751144.0
2013-11-26,26.81,27.67,27.4,26.72,4325014.0,39765868.0
2013-11-25,27.64,27.94,27.07,26.98,6170590.0,56721956.0
2013-11-22,28.24,28.3,27.91,27.4,9065553.0,84430320.0
2013-11-21,27.4,29.34,28.48,26.98,16070487.0,153670544.0
2013-11-20,26.18,28.3,27.52,26.18,11042096.0,101855024.0
2013-11-19,25.76,26.39,26.12,25.7,5064129.0,44119112.0
2013-11-18,25.76,26.3,26.18,25.35,6785219.0,58926876.0
2013-11-15,25.11,25.91,25.64,24.96,7197488.0,61747092.0
2013-11-14,24.42,25.38,25.29,24.19,4965038.0,41569996.0
2013-11-13,24.36,25.68,24.78,24.16,7549469.0,63646452.0
2013-11-12,23.41,25.47,24.66,23.41,6365532.0,52911384.0
2013-11-11,22.73,23.38,23.14,22.73,1267077.0,9824444.0
2013-11-08,22.82,23.29,22.88,22.58,2283116.0,17518584.0
2013-11-07,23.8,23.8,23.29,23.26,2086198.0,16483543.0
2013-11-06,23.86,24.48,23.89,23.74,3221815.0,26157384.0
2013-11-05,23.38,24.1,24.07,23.02,3241595.0,25857028.0
2013-11-04,23.08,23.77,23.47,23.05,2329151.0,18324910.0
2013-11-01,23.23,23.38,23.26,22.52,2272308.0,17467992.0
2013-10-31,23.59,23.59,23.2,23.11,2178203.0,17045804.0
2013-10-30,23.35,23.68,23.68,22.93,3139744.0,24556278.0
2013-10-29,24.9,25.02,23.32,22.28,5596010.0,44339312.0
2013-10-28,26.66,26.81,24.75,24.42,5573982.0,46982228.0
2013-10-25,26.93,27.43,26.66,26.21,4813385.0,43453616.0
2013-10-24,26.51,26.98,26.63,26.48,2838179.0,25444670.0
2013-10-23,28.0,28.09,26.78,26.48,7152275.0,64833240.0
2013-10-22,28.74,28.77,27.94,27.76,6192899.0,58497036.0
2013-10-21,28.12,28.8,28.74,27.97,6396988.0,61378088.0
2013-10-18,27.37,27.91,27.88,26.96,4133137.0,38319620.0
2013-10-17,27.91,28.45,27.25,27.19,5212646.0,48898276.0
2013-10-16,29.22,29.22,27.79,27.61,8672221.0,82176056.0
2013-10-15,28.77,29.82,29.46,28.06,13584798.0,132780512.0
2013-10-14,28.89,29.16,28.77,28.33,7937659.0,76541616.0
2013-10-11,28.86,29.93,29.13,28.86,9877642.0,97469152.0
2013-10-10,28.98,29.49,28.77,28.33,10676184.0,103599664.0
2013-10-09,28.74,29.61,29.07,28.59,14833252.0,144814736.0
2013-10-08,26.69,29.13,28.68,26.33,13096317.0,123270080.0
2013-09-30,26.51,26.96,26.75,26.3,3424601.0,30624710.0
2013-09-27,26.0,26.6,26.09,25.94,3049217.0,26808600.0
2013-09-26,27.02,27.22,25.97,25.94,6110259.0,54471472.0
2013-09-25,27.37,28.27,27.19,27.16,7953029.0,73660736.0
2013-09-24,27.34,27.61,27.34,26.98,7178741.0,65741292.0
2013-09-23,26.63,27.64,27.31,26.42,8310520.0,76030536.0
2013-09-18,25.97,26.66,26.54,25.64,5374217.0,47120208.0
2013-09-17,27.1,27.49,26.18,26.15,8569752.0,77691568.0
2013-09-16,26.69,27.46,27.1,26.24,9204473.0,83338360.0
2013-09-13,26.18,27.05,26.93,25.38,12448365.0,109828416.0
2013-09-12,26.06,26.69,26.3,25.79,7013183.0,62030064.0
2013-09-11,27.64,27.64,26.06,25.91,13292219.0,118349304.0
2013-09-10,28.15,28.77,27.79,27.7,9435052.0,88991776.0
2013-09-09,28.65,29.04,28.41,27.64,12400469.0,117601744.0
2013-09-06,28.53,29.16,28.62,28.0,11385178.0,109173152.0
2013-09-05,27.34,29.19,28.86,27.05,18043920.0,170849456.0
2013-09-04,27.61,27.64,27.16,26.98,8317444.0,76068408.0
2013-09-03,27.55,28.09,27.76,26.93,8972184.0,83010800.0
2013-09-02,26.81,28.12,27.67,26.33,9696238.0,89220840.0
2013-08-30,28.65,29.31,27.05,26.57,16554611.0,154475936.0
2013-08-29,28.56,29.52,28.48,28.09,12661315.0,122504592.0
2013-08-28,29.79,29.82,28.98,28.77,18709604.0,184217872.0
2013-08-27,29.19,31.07,30.62,28.68,27690618.0,278949600.0
2013-08-26,28.92,29.73,29.37,28.8,17259436.0,170026896.0
2013-08-23,29.79,30.05,29.43,28.45,22418368.0,220811536.0
2013-08-22,29.79,30.44,30.23,29.28,27822400.0,278679616.0
2013-08-21,29.07,31.54,30.68,28.77,54400160.0,553450880.0
2013-08-20,28.53,28.77,28.77,28.03,18446492.0,176962768.0
2013-08-19,23.2,26.15,26.15,22.93,12519359.0,104895704.0
2013-08-16,25.91,26.42,23.77,23.56,34904788.0,294591808.0
2013-08-15,23.47,24.87,24.87,23.47,8255379.0,68443176.0
2013-08-14,22.01,22.61,22.61,21.92,9347612.0,70103216.0
2013-08-13,21.83,22.1,21.95,21.71,3210942.0,23611366.0
2013-08-12,21.89,22.61,21.92,21.68,6505604.0,47976068.0
2013-08-09,22.07,22.31,22.07,21.59,3616394.0,26686676.0
2013-08-08,21.68,22.28,22.07,21.48,4222155.0,31106930.0
2013-08-07,22.96,23.35,21.74,21.74,9008826.0,67935728.0
2013-08-06,22.58,23.41,22.99,22.49,6065768.0,46905804.0
2013-08-05,22.76,23.23,22.61,22.37,5798374.0,44199192.0
2013-08-02,22.82,23.65,22.79,22.49,9926240.0,77031920.0
2013-08-01,21.92,22.73,22.64,21.77,5986044.0,45043436.0
2013-07-31,21.45,22.31,21.89,21.33,4675930.0,34409332.0
2013-07-30,21.71,21.86,21.33,20.94,3944263.0,28195974.0
2013-07-29,22.04,22.52,21.71,21.5,3317476.0,24431340.0
2013-07-26,21.59,22.22,22.1,20.88,5217880.0,38263696.0
2013-07-25,22.58,22.64,21.65,21.45,6975803.0,51435376.0
2013-07-24,22.73,22.88,22.7,22.01,8598200.0,64937364.0
2013-07-23,22.82,23.23,23.02,22.34,10012295.0,76569024.0
2013-07-22,21.59,22.82,22.82,21.36,10242398.0,76955872.0
2013-07-19,21.65,21.92,21.45,20.85,7303058.0,52476232.0
2013-07-18,20.7,22.31,21.77,20.34,9949771.0,71321048.0
2013-07-17,20.43,21.36,20.91,20.19,9107361.0,63909572.0
2013-07-16,19.96,20.52,20.43,19.78,3971788.0,27057870.0
2013-07-15,20.02,20.46,20.11,19.99,5579677.0,37822024.0
2013-07-12,19.54,20.07,19.6,19.39,3175492.0,21047846.0
2013-07-11,19.36,19.87,19.57,19.12,4024317.0,26394992.0
2013-07-10,18.91,19.3,19.3,18.53,4159099.0,26395238.0
2013-07-09,18.76,19.18,18.91,18.64,2260444.0,14358582.0
2013-07-08,20.19,20.19,18.94,18.91,3372059.0,21897998.0
2013-07-05,21.12,21.21,20.43,20.4,2601565.0,18184558.0
2013-07-04,20.85,21.45,21.09,20.58,5550200.0,39364060.0
2013-07-03,20.53,20.82,20.71,19.77,3926162.0,27467120.0
2013-07-02,19.95,20.42,20.42,19.69,2543015.0,17573634.0
2013-07-01,19.54,19.95,19.95,18.99,1862612.0,12435478.0
2013-06-28,19.54,20.21,19.48,18.96,2652714.0,17846076.0
2013-06-27,20.5,20.74,19.89,19.63,3780175.0,26264260.0
2013-06-26,19.83,20.68,20.56,19.34,5238232.0,36284980.0
2013-06-25,19.05,19.95,19.92,17.0,4524025.0,29267174.0
2013-06-24,20.12,20.36,18.64,17.76,2758386.0,18170278.0
2013-06-21,19.92,20.15,19.75,19.34,2055642.0,13906824.0
2013-06-20,20.94,21.32,20.18,20.15,2229325.0,15904849.0
2013-06-19,21.12,21.12,20.97,20.59,1935370.0,13844727.0
2013-06-18,20.8,21.38,21.29,20.68,2647090.0,19147626.0
2013-06-17,20.56,21.15,20.8,20.27,2329137.0,16675759.0
2013-06-14,19.92,20.65,20.56,19.92,1985197.0,13907686.0
2013-06-13,20.71,20.71,19.92,19.34,1951418.0,13323080.0
2013-06-07,21.06,21.32,20.77,20.71,1857412.0,13374034.0
2013-06-06,21.29,21.35,21.15,20.88,1892655.0,13702122.0
2013-06-05,21.09,21.41,21.41,21.0,1584153.0,11531412.0
2013-06-04,21.47,21.79,21.12,20.88,3159681.0,23107038.0
2013-06-03,22.2,22.43,21.55,21.52,4135123.0,31049492.0
2013-05-31,22.69,22.98,22.34,22.34,4372176.0,33935696.0
2013-05-30,22.34,22.75,22.72,22.11,4066148.0,31303756.0
2013-05-29,22.23,22.49,22.4,21.99,3370494.0,25694588.0
2013-05-28,22.87,22.98,22.23,21.79,4535996.0,34584724.0
2013-05-27,23.04,23.16,22.87,22.46,4594883.0,35868060.0
2013-05-24,22.17,23.07,23.04,22.17,5791758.0,45102720.0
2013-05-23,22.34,22.84,22.17,21.9,5097825.0,39149728.0
2013-05-22,23.48,23.48,22.43,22.31,6964210.0,54381372.0
2013-05-21,22.55,23.54,23.33,22.55,7519746.0,59503148.0
2013-05-20,22.75,23.62,23.1,22.6,11598520.0,92161712.0
2013-05-17,21.52,23.22,22.81,21.23,12178741.0,93043208.0
2013-05-16,21.9,22.6,21.88,21.55,8775624.0,66787540.0
2013-05-15,21.52,21.88,21.85,21.18,4661263.0,34471584.0
2013-05-14,21.85,22.05,21.64,20.88,7198295.0,52828740.0
2013-05-13,21.55,22.63,22.11,21.41,8060159.0,61095000.0
2013-05-10,21.88,22.57,21.79,21.64,8424859.0,63463312.0
2013-05-09,20.53,22.69,22.14,20.24,20596572.0,153403808.0
2013-05-08,20.15,20.88,20.62,20.12,8021888.0,56622124.0
2013-05-07,21.03,21.18,20.3,20.15,11259716.0,79137280.0
2013-05-06,18.81,20.59,20.59,18.75,7358165.0,51097592.0
2013-05-03,18.52,18.96,18.73,18.43,2138997.0,13782812.0
2013-05-02,18.08,18.67,18.52,17.97,1634740.0,10329095.0
2013-04-26,19.57,19.63,18.29,18.17,5291558.0,34128844.0
2013-04-25,19.86,20.53,19.75,19.63,6410251.0,44254120.0
2013-04-24,19.43,20.27,20.04,19.22,5494824.0,37343072.0
2013-04-23,19.66,19.83,19.22,19.05,3398000.0,22558228.0
2013-04-22,19.25,19.92,19.75,19.25,4806288.0,32470160.0
2013-04-19,18.99,19.45,19.4,18.99,3107848.0,20547526.0
2013-04-18,19.25,19.25,19.05,18.87,1499207.0,9790349.0
2013-04-17,19.05,19.31,19.05,18.81,2106537.0,13773967.0
2013-04-16,18.43,19.1,19.05,18.14,2168566.0,13921488.0
2013-04-15,18.17,18.64,18.52,18.05,1924759.0,12097170.0
2013-04-12,18.93,18.93,18.4,18.32,3343085.0,21285586.0
2013-04-11,18.96,19.69,19.05,18.93,4585260.0,30361318.0
2013-04-10,18.96,19.25,19.02,18.49,3523905.0,22824974.0
2013-04-09,18.67,19.25,18.99,18.52,4217109.0,27365610.0
2013-04-08,18.23,18.67,18.67,17.7,3799556.0,23639024.0
2013-04-03,18.81,19.1,18.46,18.2,3483410.0,22111856.0
2013-04-02,19.48,19.75,18.9,18.87,4308341.0,28396030.0
2013-04-01,19.25,19.92,19.57,19.25,3222494.0,21757730.0
2013-03-29,19.57,20.07,19.31,19.28,3853211.0,25935464.0
2013-03-28,20.48,20.48,19.57,19.57,4606492.0,31466066.0
2013-03-27,20.8,21.12,20.77,20.36,5679928.0,40323420.0
2013-03-26,20.53,20.88,20.86,19.98,8105624.0,57045408.0
2013-03-25,20.5,20.74,20.71,20.21,6095621.0,42767540.0
2013-03-22,20.97,21.06,20.53,20.45,7564195.0,53542004.0
2013-03-21,20.86,21.5,21.2,20.74,11749557.0,85040368.0
2013-03-20,20.71,21.23,21.06,20.21,12723792.0,90219800.0
2013-03-19,20.12,21.82,20.82,20.01,18025384.0,130035264.0
2013-03-18,20.42,20.86,20.27,19.66,16363637.0,114011360.0
2013-03-15,18.29,20.12,20.12,18.08,10109076.0,67553264.0
2013-03-14,18.08,18.32,18.29,17.85,1882228.0,11707675.0
2013-03-13,18.38,18.46,18.08,17.79,2368453.0,14634403.0
2013-03-12,19.11,19.48,18.35,18.23,4206820.0,27045764.0
2013-03-11,19.4,19.75,19.19,19.02,4577756.0,30352728.0
2013-03-08,19.11,20.42,19.34,19.07,8985845.0,60587836.0
2013-03-07,19.02,19.07,18.75,18.46,4638350.0,29898204.0
2013-03-06,18.38,19.34,18.99,18.38,6024634.0,39170360.0
2013-03-05,17.91,18.43,18.38,17.82,2453726.0,15255889.0
2013-03-04,18.29,18.67,17.91,17.82,3645570.0,22897768.0
2013-03-01,18.17,18.49,18.38,18.02,3334409.0,20900390.0
2013-02-28,17.65,18.05,18.02,17.62,2046001.0,12534360.0
2013-02-27,17.73,17.97,17.65,17.5,2157941.0,13098465.0
2013-02-26,17.94,18.02,17.73,17.59,1833614.0,11215128.0
2013-02-25,17.79,18.08,18.0,17.79,2300354.0,14116387.0
2013-02-22,18.75,18.75,17.88,17.79,3558269.0,22276468.0
2013-02-21,18.67,19.05,18.49,18.23,3891852.0,24890878.0
2013-02-20,18.52,18.84,18.84,18.23,3165948.0,20148606.0
2013-02-19,18.26,18.81,18.41,18.05,4565334.0,29012504.0
2013-02-18,18.26,18.52,18.26,18.17,2293306.0,14383962.0
2013-02-08,17.73,18.17,18.08,17.68,2409120.0,14887804.0
2013-02-07,17.88,17.94,17.79,17.68,1212677.0,7387017.0
2013-02-06,17.7,18.0,17.94,17.7,1065610.0,6541113.0
2013-02-05,17.59,17.82,17.79,17.53,1297100.0,7852037.0
2013-02-04,18.02,18.23,17.76,17.56,1343289.0,8203229.0
2013-02-01,17.85,18.05,17.91,17.5,1750747.0,10729011.0
2013-01-31,17.94,17.97,17.79,17.73,1322677.0,8081742.0
2013-01-30,17.91,18.02,17.82,17.79,1916987.0,11764001.0
2013-01-29,17.65,18.11,17.91,17.65,2104183.0,12892643.0
2013-01-28,17.3,17.68,17.68,17.21,2023988.0,12147736.0
2013-01-25,17.24,17.59,17.21,17.12,1752391.0,10412988.0
2013-01-24,18.0,18.2,17.5,17.38,2927814.0,17903696.0
2013-01-23,17.76,18.05,18.0,17.56,2320668.0,14151414.0
2013-01-22,18.17,18.29,17.82,17.79,2722411.0,16840952.0
2013-01-21,18.38,18.38,18.17,18.02,2853758.0,17768736.0
2013-01-18,18.08,18.35,18.29,18.08,2314624.0,14445883.0
2013-01-17,18.55,18.61,18.08,18.03,2615443.0,16327484.0
2013-01-16,18.96,19.02,18.61,18.38,3463257.0,22229544.0
2013-01-15,18.93,19.11,19.11,18.55,7051101.0,45434948.0
2013-01-14,18.67,19.13,18.99,18.41,12275474.0,79277672.0
2013-01-11,18.81,18.96,18.7,18.46,4009109.0,25697658.0
2013-01-10,18.9,19.19,18.84,18.58,4449416.0,28712368.0
2013-01-09,18.14,19.8,19.16,17.91,11577934.0,74206160.0
2013-01-08,17.62,18.23,18.2,17.21,6828493.0,41675028.0
2013-01-07,17.21,17.7,17.59,17.0,5476902.0,32814560.0
2013-01-04,17.7,17.82,17.18,17.12,3293753.0,19562654.0
2012-12-31,17.59,18.23,17.7,17.33,7217439.0,43958776.0
2012-12-28,17.36,17.91,17.62,17.24,5145186.0,31122676.0
2012-12-27,17.68,18.05,17.5,17.41,5689567.0,34478548.0
2012-12-26,16.86,18.17,17.88,16.71,8692632.0,51887260.0
2012-12-25,16.54,16.92,16.92,16.22,3132339.0,17905824.0
2012-12-24,15.84,16.42,16.42,15.84,2456736.0,13629714.0
2012-12-21,15.96,16.19,15.93,15.81,1533387.0,8410680.0
2012-12-20,15.9,16.07,15.96,15.69,1402063.0,7641493.0
2012-12-19,15.84,16.13,15.93,15.78,1302077.0,7140742.0
2012-12-18,15.87,16.19,15.84,15.69,1432549.0,7840504.0
2012-12-17,15.66,15.98,15.9,15.61,1885809.0,10227558.0
2012-12-14,14.93,15.81,15.72,14.93,2133274.0,11370212.0
2012-12-13,15.4,15.43,15.02,15.02,931830.0,4855104.0
2012-12-12,15.37,15.66,15.43,15.2,1109368.0,5859191.0
2012-12-11,15.69,15.87,15.61,15.46,1446397.0,7765379.0
2012-12-10,15.49,15.81,15.72,15.49,1552244.0,8339378.0
2012-12-07,15.2,15.57,15.55,15.05,1291075.0,6815399.0
2012-12-06,15.2,15.49,15.23,15.08,886457.0,4642441.0
2012-12-05,14.7,15.34,15.23,14.64,1267282.0,6576281.0
2012-12-04,14.58,14.76,14.76,14.15,1030453.0,5093703.0
2012-12-03,15.02,15.08,14.58,14.53,579425.0,2942843.0
2012-11-30,14.9,15.2,15.08,14.88,633519.0,3270344.0
2012-11-29,14.93,15.11,14.9,14.85,527391.0,2711694.0
2012-11-28,15.28,15.37,14.96,14.9,862909.0,4460595.0
2012-11-27,16.19,16.25,15.46,15.46,1199260.0,6474641.0
2012-11-26,16.54,16.57,16.25,16.25,524771.0,2942727.0
2012-11-23,16.45,16.63,16.48,16.45,471569.0,2672798.0
2012-11-22,16.74,16.74,16.45,16.39,580113.0,3282203.0
2012-11-21,16.51,16.77,16.77,16.28,909839.0,5166622.0
2012-11-20,16.63,16.74,16.57,16.48,567939.0,3232532.0
2012-11-19,16.51,16.63,16.6,16.39,411420.0,2331684.0
2012-11-16,16.68,16.74,16.48,16.39,775656.0,4390128.0
2012-11-15,17.06,17.15,16.8,16.8,477261.0,2778402.0
2012-11-14,17.09,17.3,17.21,16.98,534773.0,3142873.0
2012-11-13,17.38,17.5,17.12,17.09,594968.0,3515922.0
2012-11-12,17.41,17.5,17.44,17.3,447715.0,2671300.0
2012-11-09,17.27,17.36,17.36,17.09,766974.0,4530068.0
2012-11-08,17.56,17.56,17.27,17.24,1194797.0,7124751.0
2012-11-07,17.82,17.88,17.76,17.65,792039.0,4821405.0
2012-11-06,17.94,17.97,17.79,17.56,1536756.0,9331689.0
2012-11-05,18.14,18.17,17.97,17.91,1221869.0,7534102.0
2012-11-02,18.08,18.14,18.14,17.94,1005659.0,6220802.0
2012-11-01,17.76,18.11,18.0,17.76,1231335.0,7595651.0
2012-10-31,17.91,17.91,17.76,17.62,970846.0,5907161.0
2012-10-30,17.79,17.94,17.82,17.65,876422.0,5345664.0
2012-10-29,18.08,18.08,17.7,17.65,1608737.0,9816851.0
2012-10-26,18.67,18.75,18.02,18.0,2155380.0,13501053.0
2012-10-25,19.05,19.31,18.61,18.61,3970107.0,25784020.0
2012-10-24,18.52,19.54,19.31,18.41,7396151.0,48463124.0
2012-10-23,18.26,19.63,18.75,18.02,4910247.0,31639016.0
2012-10-22,18.14,18.32,18.26,17.94,894092.0,5573761.0
2012-10-19,18.17,18.38,18.17,18.11,1045916.0,6530249.0
2012-10-18,17.88,18.23,18.14,17.85,1178492.0,7306099.0
2012-10-17,17.88,18.0,17.79,17.68,1034658.0,6320885.0
2012-10-16,17.76,18.05,17.91,17.76,802559.0,4932195.0
2012-10-15,18.05,18.08,17.85,17.59,1547073.0,9440117.0
2012-10-12,18.32,18.58,18.23,18.03,1469477.0,9228917.0
2012-10-11,18.7,18.78,18.32,18.29,1552072.0,9827539.0
2012-10-10,18.41,18.78,18.7,18.38,1600846.0,10184734.0
2012-10-09,18.05,18.41,18.41,17.94,1574921.0,9853124.0
2012-10-08,18.08,18.23,17.94,17.88,920672.0,5678245.0
2012-09-28,17.85,18.2,18.14,17.79,1387475.0,8578274.0
2012-09-27,17.47,18.03,17.97,17.3,1464947.0,8921247.0
2012-09-26,17.68,17.91,17.5,17.5,934777.0,5655749.0
2012-09-25,17.79,17.97,17.73,17.62,602788.0,3670462.0
2012-09-24,17.76,18.0,17.88,17.5,976557.0,5930546.0
2012-09-21,17.88,18.29,17.82,17.76,1378998.0,8486164.0
2012-09-20,18.73,18.84,18.11,18.08,2041203.0,12880875.0
2012-09-19,18.52,19.16,18.87,18.38,2470044.0,15982432.0
2012-09-18,18.38,18.49,18.35,18.05,1635026.0,10255968.0
2012-09-17,19.13,19.16,18.38,18.35,1815899.0,11600411.0
2012-09-14,19.13,19.31,18.96,18.75,2385074.0,15531344.0
2012-09-13,19.45,19.92,18.96,18.96,3013090.0,19997124.0
2012-09-12,19.66,20.21,19.54,19.28,5573700.0,37680008.0
2012-09-11,19.11,19.98,19.54,18.9,5385501.0,36101872.0
2012-09-10,19.08,19.25,19.13,18.96,2288339.0,14978943.0
2012-09-07,18.73,19.37,19.08,18.67,4238564.0,27668544.0
2012-09-06,18.38,18.67,18.64,18.29,1708428.0,10842629.0
2012-09-05,18.08,18.67,18.43,17.85,2185701.0,13756461.0
2012-09-04,18.17,18.35,18.03,18.0,1566418.0,9782381.0
2012-09-03,17.82,18.2,18.08,17.68,1100832.0,6808607.0
2012-08-31,17.7,17.97,17.85,17.65,688115.0,4190522.0
2012-08-30,18.0,18.23,17.68,17.44,1192843.0,7290359.0
2012-08-29,17.79,18.23,18.08,17.7,1325659.0,8192906.0
2012-08-28,17.5,17.82,17.73,17.47,865989.0,5246447.0
2012-08-27,18.05,18.08,17.47,17.47,1236200.0,7499864.0
2012-08-24,18.52,18.64,18.0,18.0,1296984.0,8108792.0
2012-08-23,18.38,18.67,18.67,18.14,2303539.0,14548133.0
2012-08-22,18.52,19.19,18.49,18.32,3082837.0,19802322.0
2012-08-21,18.05,18.73,18.58,18.05,3127890.0,19844960.0
2012-08-20,17.88,18.14,18.11,17.59,882940.0,5403840.0
2012-08-17,17.7,17.88,17.82,17.59,665040.0,4049353.0
2012-08-16,17.73,18.03,17.7,17.62,751004.0,4583475.0
2012-08-15,17.79,17.88,17.7,17.68,698632.0,4252450.0
2012-08-14,17.65,18.0,17.97,17.41,1109599.0,6711103.0
2012-08-13,18.23,18.23,17.65,17.65,1111716.0,6823393.0
2012-08-10,18.26,18.35,18.26,18.11,1057686.0,6617409.0
2012-08-09,18.05,18.29,18.23,17.94,972324.0,6051320.0
2012-08-08,18.11,18.29,18.11,18.0,880900.0,5467901.0
2012-08-07,17.94,18.2,18.17,17.73,1188483.0,7356057.0
2012-08-06,17.53,17.97,17.97,17.41,912945.0,5554197.0
2012-08-03,17.21,17.68,17.62,17.21,1059700.0,6345816.0
2012-08-02,17.44,17.53,17.24,17.21,564008.0,3357445.0
2012-08-01,17.36,17.56,17.38,17.15,834231.0,4971774.0
2012-07-31,17.65,17.65,17.21,17.06,774800.0,4579080.0
2012-07-30,18.05,18.29,17.68,17.5,808521.0,4925070.0
2012-07-27,18.05,18.35,18.08,17.97,557848.0,3457705.0
2012-07-26,18.2,18.43,18.03,18.0,576901.0,3608084.0
2012-07-25,18.38,18.49,18.2,18.14,689510.0,4329259.0
2012-07-24,18.03,18.55,18.46,17.85,1340487.0,8428746.0
2012-07-23,18.0,18.29,18.17,17.7,949754.0,5865378.0
2012-07-20,18.02,18.26,18.11,18.0,999171.0,6214375.0
2012-07-19,17.85,18.38,18.14,17.76,1355791.0,8439941.0
2012-07-18,17.85,17.91,17.91,17.56,768745.0,4665096.0
2012-07-17,17.79,17.94,17.79,17.5,1089699.0,6623597.0
2012-07-16,18.81,18.81,17.76,17.73,1546144.0,9595216.0
2012-07-13,18.75,19.05,18.81,18.67,928929.0,6008848.0
2012-07-12,18.84,19.11,18.87,18.46,1317453.0,8487309.0
2012-07-11,18.64,18.84,18.81,18.38,868614.0,5561436.0
2012-07-10,18.55,19.05,18.73,18.46,1375703.0,8863069.0
2012-07-09,19.05,19.19,18.64,18.64,1578221.0,10240211.0
2012-07-06,19.11,19.48,19.4,18.26,2473717.0,16032104.0
2012-07-05,19.86,19.86,18.99,18.99,1603152.0,10557347.0
2012-07-04,19.75,19.98,19.95,19.75,1151282.0,7850607.0
2012-07-03,19.86,20.12,19.83,19.69,1295055.0,8848466.0
2012-07-02,19.95,20.16,19.86,19.86,1059876.0,7256353.0
2012-06-29,19.69,19.89,19.8,19.43,1853929.0,12510353.0
2012-06-28,20.39,20.53,19.72,19.72,1104708.0,7611580.0
2012-06-27,20.39,20.65,20.3,20.27,904785.0,6338122.0
2012-06-26,20.45,20.62,20.45,20.18,870575.0,6078246.0
2012-06-25,21.15,21.29,20.3,20.27,1722304.0,12236571.0
2012-06-21,21.88,21.88,21.18,21.15,1714762.0,12570999.0
2012-06-20,21.61,22.02,21.93,21.55,2057790.0,15426580.0
2012-06-19,21.73,21.91,21.5,21.44,1044880.0,7751054.0
2012-06-18,21.88,21.96,21.73,21.58,1250826.0,9335059.0
2012-06-15,21.93,22.05,21.73,21.64,2132260.0,15997503.0
2012-06-14,21.58,22.08,21.93,21.5,2406123.0,17985316.0
2012-06-13,21.5,21.7,21.7,21.35,1203743.0,8897251.0
2012-06-12,21.52,21.52,21.41,21.32,929605.0,6824413.0
2012-06-11,21.23,21.67,21.58,21.23,1375434.0,10131098.0
2012-06-08,21.18,21.55,21.23,21.09,1785776.0,13056609.0
2012-06-07,21.38,21.52,21.0,21.0,1424658.0,10377518.0
2012-06-06,21.03,21.32,21.12,21.0,909867.0,6598108.0
2012-06-05,21.09,21.26,20.97,20.97,999549.0,7223570.0
2012-06-04,21.7,21.7,21.09,21.09,1615817.0,11815248.0
2012-06-01,22.02,22.23,21.88,21.79,1260061.0,9509388.0
2012-05-31,21.93,22.17,22.02,21.64,1100761.0,8288384.0
2012-05-30,21.91,22.25,22.05,21.88,1444624.0,10898927.0
2012-05-29,21.58,22.05,22.02,21.52,1832703.0,13759530.0
2012-05-28,21.47,21.67,21.64,20.97,1351442.0,9858530.0
2012-05-25,21.76,21.85,21.47,21.41,1401932.0,10382222.0
2012-05-24,21.79,21.96,21.76,21.64,1498894.0,11208282.0
2012-05-23,22.28,22.4,21.91,21.73,2449174.0,18447274.0
2012-05-22,22.31,22.52,22.28,22.11,1773869.0,13561810.0
2012-05-21,22.75,23.04,22.17,21.91,3494642.0,26819934.0
2012-05-18,23.25,23.98,23.1,23.1,4973812.0,40112280.0
2012-05-17,23.01,23.48,23.45,22.84,4512057.0,35899196.0
2012-05-16,23.13,23.48,23.19,22.75,3203220.0,25290394.0
2012-05-15,22.84,23.57,23.3,22.55,4264497.0,33601376.0
2012-05-14,22.63,23.19,23.13,22.37,4310948.0,33697416.0
2012-05-11,22.78,22.9,22.43,22.4,1665980.0,12919503.0
2012-05-10,22.57,23.04,22.75,22.46,2636102.0,20558298.0
2012-05-09,22.78,22.78,22.31,22.17,2705255.0,20793266.0
2012-05-08,23.16,23.25,22.9,22.69,2509444.0,19681848.0
2012-05-07,22.84,23.19,23.16,22.63,2529947.0,19861962.0
2012-05-04,22.72,23.01,22.81,22.72,2524393.0,19761240.0
2012-05-03,22.57,22.87,22.72,22.57,1829497.0,14251506.0
2012-05-02,22.31,22.84,22.63,22.2,3364110.0,26070532.0
2012-04-27,22.55,22.55,21.96,21.93,2858021.0,21686492.0
2012-04-26,22.66,22.9,22.57,22.34,2449857.0,18973832.0
2012-04-25,22.72,22.72,22.57,22.23,2149157.0,16606155.0
2012-04-24,22.57,22.93,22.31,21.64,4064615.0,31016376.0
2012-04-23,23.54,23.62,22.93,22.9,3217285.0,25562688.0
2012-04-20,23.36,23.62,23.54,23.1,3458266.0,27738742.0
2012-04-19,23.77,23.77,23.36,23.19,4646860.0,37279452.0
2012-04-18,23.48,23.9,23.67,22.82,7278713.0,60028956.0
2012-04-17,22.57,24.75,23.62,22.57,12158176.0,103744488.0
2012-04-16,22.37,22.66,22.49,22.06,1912372.0,15181412.0
2012-04-13,22.15,22.51,22.4,22.06,3076842.0,24286976.0
2012-04-12,21.52,22.12,22.03,21.52,3433281.0,26581944.0
2012-04-11,21.16,21.55,21.41,20.9,1591476.0,11948678.0
2012-04-10,21.1,21.41,21.38,20.45,1932549.0,14334023.0
2012-04-09,21.61,21.61,21.16,21.13,1828774.0,13779777.0
2012-04-05,21.21,21.75,21.67,21.04,1996698.0,15181708.0
2012-03-30,21.13,21.33,21.16,20.96,1319644.0,9850318.0
2012-03-29,21.3,21.64,21.1,20.87,1681466.0,12646024.0
2012-03-28,22.37,22.37,21.47,21.41,2880737.0,22163348.0
2012-03-27,22.63,22.85,22.51,22.43,1849054.0,14814084.0
2012-03-26,22.51,22.66,22.51,22.29,1651363.0,13121524.0
2012-03-23,23.05,23.05,22.49,22.4,2764191.0,22142960.0
2012-03-22,23.14,23.36,23.14,22.94,2076275.0,16959006.0
2012-03-21,23.05,23.28,23.05,22.77,3454078.0,28101116.0
2012-03-20,23.87,23.87,23.05,23.0,3864702.0,31836738.0
2012-03-19,23.73,24.04,23.96,23.42,4374643.0,36780824.0
2012-03-16,23.31,23.76,23.76,23.05,5848133.0,48516640.0
2012-03-15,24.13,24.49,23.39,22.91,8007409.0,66727520.0
2012-03-14,26.16,26.28,24.55,24.18,7559376.0,68423384.0
2012-03-13,25.6,26.19,26.16,25.37,7092119.0,64802032.0
2012-03-12,25.63,25.68,25.57,25.17,3650763.0,32845852.0
2012-03-09,25.17,25.77,25.63,25.06,6303106.0,56781508.0
2012-03-08,24.78,25.32,25.06,24.78,4192163.0,37129256.0
2012-03-07,24.58,24.95,24.78,24.32,3897817.0,34039780.0
2012-03-06,25.0,25.6,24.86,24.66,4117732.0,36327772.0
2012-03-05,25.29,25.4,25.17,24.89,4359923.0,38783288.0
2012-03-02,25.03,25.32,25.32,24.81,5116301.0,45393188.0
2012-03-01,24.38,25.26,25.03,24.18,6491383.0,56937620.0
2012-02-29,24.18,24.83,24.38,24.13,5909234.0,51126016.0
2012-02-28,24.41,24.64,24.18,23.9,4978615.0,42666080.0
2012-02-27,24.61,25.12,24.66,24.61,6182233.0,54388360.0
2012-02-24,24.47,24.83,24.81,24.3,5459297.0,47424172.0
2012-02-23,24.61,25.14,24.41,24.18,5742557.0,49740916.0
2012-02-22,23.93,24.75,24.64,23.53,7145806.0,61552004.0
2012-02-21,23.53,24.01,24.01,23.39,5137955.0,43058288.0
2012-02-20,23.87,24.41,23.73,23.62,8049710.0,68198960.0
2012-02-17,23.93,24.01,23.5,23.34,4522628.0,37684696.0
2012-02-16,23.76,24.13,23.9,23.53,6252685.0,52619692.0
2012-02-15,23.34,23.93,23.84,23.25,6597731.0,55271076.0
2012-02-14,23.56,23.67,23.25,23.05,5889999.0,48453216.0
2012-02-13,22.8,23.65,23.56,22.66,5643176.0,46611544.0
2012-02-10,22.94,23.28,23.08,22.2,5041515.0,40833644.0
2012-02-09,23.02,23.53,22.85,22.74,5323321.0,43535656.0
2012-02-08,22.12,23.0,22.97,22.09,3832475.0,30689776.0
2012-02-07,22.66,22.83,22.23,22.15,4631094.0,36840472.0
2012-02-06,22.63,23.48,23.0,22.4,6684627.0,54470664.0
2012-02-03,22.15,22.68,22.52,21.07,6386554.0,49984304.0
2012-02-02,21.86,22.15,22.09,21.61,3514970.0,27202652.0
2012-02-01,21.58,22.26,21.86,21.36,5986663.0,46453780.0
2012-01-31,21.38,22.0,21.67,21.04,4038585.0,30649206.0
2012-01-30,21.27,22.06,21.27,20.96,4337784.0,32821828.0
2012-01-20,21.07,21.41,21.21,20.79,6134451.0,45713408.0
2012-01-19,20.93,21.27,21.13,20.36,6110869.0,45063172.0
2012-01-18,22.43,22.43,21.67,21.16,12362831.0,96733960.0
2012-01-16,20.93,21.38,20.39,20.39,867561.0,6374703.0
2012-01-13,22.2,22.26,21.02,20.93,2004512.0,15166084.0
2012-01-12,22.12,22.63,22.2,22.12,1352477.0,10665225.0
2012-01-11,22.34,22.8,22.4,22.06,2034684.0,16124495.0
2012-01-10,21.44,22.37,22.34,21.36,2299353.0,17826742.0
2012-01-09,20.62,21.41,21.41,20.22,1719305.0,12776542.0
2012-01-06,20.08,20.7,20.59,20.03,1201142.0,8651138.0
2012-01-05,22.09,22.26,20.42,20.22,2675434.0,19984510.0
2012-01-04,22.85,22.85,22.46,22.32,1534461.0,12230764.0
