date,open,high,close,low,volume,amount
2015-07-10,67.96,72.5,72.5,67.71,37516456.0,319586944.0
2015-07-09,59.97,65.94,65.94,59.97,37213916.0,283554656.0
2015-07-08,51.56,62.91,59.97,51.56,81750616.0,554151872.0
2015-07-07,60.56,63.0,57.28,57.28,30625924.0,212539472.0
2015-07-06,71.91,71.91,63.67,59.05,42284480.0,326967712.0
2015-07-03,69.81,74.19,65.61,65.61,37877716.0,306029280.0
2015-07-02,80.16,82.26,72.92,72.92,35618932.0,323524192.0
2015-07-01,87.47,91.51,81.0,80.66,41962176.0,433054304.0
2015-06-30,80.33,89.91,89.58,75.36,48056928.0,467798240.0
2015-06-29,96.56,96.64,83.69,83.69,39084540.0,408208384.0
2015-06-26,99.25,101.61,93.03,93.03,31344468.0,357417472.0
2015-06-25,106.57,110.18,103.37,98.91,35945200.0,456393056.0
2015-06-24,105.14,107.91,106.57,103.03,34562716.0,434613280.0
2015-06-23,104.72,107.24,103.03,95.04,39649428.0,475078304.0
2015-06-19,113.3,114.89,105.64,105.64,36633792.0,475746912.0
2015-06-18,125.54,125.54,117.31,117.15,43640668.0,631306304.0
2015-06-17,124.2,125.96,125.29,114.63,56371376.0,813513984.0
2015-06-16,125.96,130.0,124.2,122.61,58390992.0,877283776.0
2015-06-15,123.86,130.0,125.8,123.28,62934312.0,954239552.0
2015-06-12,122.52,125.63,124.37,122.52,48766704.0,720038528.0
2015-06-11,123.28,124.03,122.52,119.5,37843224.0,547338496.0
2015-06-10,117.65,125.96,122.61,115.89,52367000.0,764267456.0
2015-06-09,122.19,124.03,119.16,117.57,48634564.0,695990720.0
2015-06-08,130.84,130.84,124.12,123.28,75700376.0,1133339136.0
2015-06-05,126.22,133.94,131.84,123.11,108870088.0,1678937984.0
2015-06-04,113.37,124.62,124.62,102.28,90764832.0,1226116992.0
2015-06-03,108.33,115.97,113.28,108.33,74853776.0,1002979392.0
2015-06-02,102.28,107.83,107.74,102.11,49989428.0,625354624.0
2015-06-01,96.74,102.28,102.03,96.74,46586388.0,555389184.0
2015-05-29,98.25,100.77,96.41,91.37,51783312.0,596020864.0
2015-05-28,109.34,114.63,98.92,98.34,72929736.0,939804352.0
2015-05-27,110.93,112.44,109.25,107.49,58242124.0,759540928.0
2015-05-26,105.81,113.28,111.19,103.29,78758952.0,1016128896.0
2015-05-25,101.36,106.23,105.39,100.1,68742280.0,852304512.0
2015-05-22,100.86,103.63,101.36,98.5,56761320.0,682305408.0
2015-05-21,97.08,100.6,100.52,95.9,49516628.0,576732416.0
2015-05-20,99.34,104.55,97.5,96.91,66206116.0,798294656.0
2015-05-19,98.17,100.52,99.09,96.41,51355296.0,599694976.0
2015-05-18,92.88,98.0,97.41,91.53,52659596.0,605398208.0
2015-05-15,95.73,95.73,93.89,92.54,32184162.0,360418336.0
2015-05-14,94.89,97.41,95.98,92.46,56355456.0,637746752.0
2015-05-13,89.44,96.57,95.31,88.17,68811864.0,772680256.0
2015-05-12,88.01,88.68,87.92,85.91,27798542.0,288727104.0
2015-05-11,84.56,87.67,87.25,84.56,24454744.0,250723040.0
2015-05-08,81.37,84.23,83.81,81.37,22173908.0,218468144.0
2015-05-07,88.17,88.34,81.29,81.29,41933256.0,417950080.0
2015-05-06,94.89,97.83,90.36,89.86,47754068.0,538334720.0
2015-05-05,91.45,94.89,93.63,90.02,47335416.0,524011584.0
2015-05-04,89.35,92.04,90.95,88.17,21106600.0,226431408.0
2015-04-30,91.45,91.95,89.94,89.86,20275864.0,218483792.0
2015-04-29,88.17,91.62,90.86,87.42,18555090.0,199048080.0
2015-04-28,93.97,95.56,89.44,88.17,35929208.0,391250464.0
2015-04-27,94.98,96.41,93.97,93.21,34610684.0,388295456.0
2015-04-24,96.41,96.49,94.64,93.21,39705440.0,448931520.0
2015-04-23,94.81,100.52,97.92,94.72,76569328.0,888062208.0
2015-04-22,90.61,93.97,92.79,90.11,35683040.0,393885664.0
2015-04-21,87.75,90.69,90.69,87.33,25908524.0,275912640.0
2015-04-20,92.37,93.38,88.17,87.5,51420952.0,553208768.0
2015-04-17,91.28,96.91,93.63,91.28,48948888.0,550739328.0
2015-04-16,89.69,92.21,90.95,88.26,31633802.0,340562400.0
2015-04-15,93.3,95.65,91.95,89.94,37256536.0,411162176.0
2015-04-14,95.4,96.49,94.22,93.3,39661144.0,446709792.0
2015-04-13,94.89,98.17,96.15,93.38,57330728.0,654601024.0
2015-04-10,91.37,96.49,95.98,90.02,61302520.0,689017024.0
2015-04-09,95.4,95.48,92.04,89.6,60811376.0,666436864.0
2015-04-08,101.19,101.28,96.49,93.38,80639568.0,928822912.0
2015-04-07,104.22,108.25,101.11,92.37,148132464.0,1831310592.0
2015-04-03,94.05,98.42,98.42,91.2,68397760.0,787322048.0
2015-04-02,85.49,89.44,89.44,83.39,56108344.0,585557376.0
2015-04-01,81.29,81.29,81.29,77.09,80825808.0,768399424.0
2015-03-31,73.9,73.9,73.9,73.9,1820116.0,16017021.0
2015-03-05,68.53,68.53,67.18,65.92,26822108.0,213750768.0
2015-03-04,63.99,69.53,68.27,63.99,45837004.0,363632064.0
2015-03-03,62.73,64.49,63.91,61.98,27111084.0,204095248.0
2015-03-02,62.98,63.07,62.98,61.72,18076146.0,134530864.0
2015-02-27,63.57,63.65,62.65,62.39,14742070.0,110266112.0
2015-02-26,60.8,62.81,62.73,60.55,18796036.0,138829312.0
2015-02-25,61.55,61.72,61.3,60.46,7942933.0,57870168.0
2015-02-17,61.47,62.14,61.39,61.3,8883241.0,65200688.0
2015-02-16,61.13,61.64,61.3,60.8,8801597.0,64241212.0
2015-02-13,60.97,61.64,61.13,60.8,10999789.0,80226360.0
2015-02-12,60.38,61.81,61.05,60.04,13294286.0,96899728.0
2015-02-11,60.3,61.22,60.3,59.79,9059466.0,65331572.0
2015-02-10,58.28,60.38,60.13,58.2,9169285.0,65062184.0
2015-02-09,57.78,58.62,58.2,57.69,4157582.0,28810608.0
2015-02-06,59.03,59.45,58.03,57.69,7730905.0,53620812.0
2015-02-05,61.13,61.39,58.87,58.78,9117960.0,65052572.0
2015-02-04,59.45,60.8,60.55,58.78,11771139.0,83860528.0
2015-02-03,57.94,59.45,59.37,57.94,7354472.0,51571436.0
2015-02-02,58.45,59.03,58.2,57.69,8126427.0,56470956.0
2015-01-30,61.05,61.89,59.45,59.37,11165532.0,80036896.0
2015-01-29,61.81,62.06,61.05,61.05,10744730.0,78803888.0
2015-01-28,62.14,62.73,61.64,61.39,14061030.0,103583984.0
2015-01-27,61.3,62.73,62.65,60.88,22852124.0,168503840.0
2015-01-26,60.04,61.22,61.13,60.04,10984265.0,79543520.0
2015-01-23,61.55,62.06,59.96,59.79,12739071.0,91702408.0
2015-01-22,60.38,61.3,61.3,59.88,15614497.0,112735064.0
2015-01-21,59.03,60.3,59.88,58.87,15292049.0,108736368.0
2015-01-20,56.52,58.62,58.28,56.52,11598888.0,80137088.0
2015-01-19,58.87,59.37,56.52,55.0,19109628.0,131580144.0
2015-01-16,59.62,62.81,60.72,59.62,15727289.0,114794296.0
2015-01-15,58.03,60.46,60.13,57.86,12360796.0,87579032.0
2015-01-14,58.7,59.45,58.11,57.94,7276546.0,50884776.0
2015-01-13,58.28,59.03,58.62,57.69,10125016.0,70458552.0
2015-01-12,60.8,60.8,58.36,57.94,16214450.0,114111112.0
2015-01-09,60.97,62.31,60.72,60.55,12186353.0,89130144.0
2015-01-08,62.9,62.9,61.05,60.97,17054076.0,125541776.0
2015-01-07,63.65,64.41,63.07,62.23,15047136.0,113409112.0
2015-01-06,62.14,65.42,63.74,61.22,22718866.0,171819328.0
2015-01-05,62.56,63.74,62.56,60.46,26645592.0,196490272.0
2014-12-31,67.85,68.69,64.07,63.91,46806324.0,371934208.0
2014-12-30,59.62,65.5,65.5,59.03,35014724.0,258717968.0
2014-12-29,61.3,61.3,59.88,59.03,23173816.0,165318848.0
2014-12-26,62.14,62.81,61.81,60.63,19383680.0,142171408.0
2014-12-25,60.55,62.9,62.56,60.55,17141572.0,126616032.0
2014-12-24,59.62,60.88,60.38,59.62,13552453.0,97170608.0
2014-12-23,62.98,63.57,59.62,58.53,31146106.0,226593376.0
2014-12-22,72.56,72.56,64.41,64.33,57799664.0,465193632.0
2014-12-19,67.35,72.05,71.46,67.35,57473052.0,479763712.0
2014-12-18,69.2,69.7,67.94,66.68,22626420.0,183837600.0
2014-12-17,68.86,70.46,69.2,67.27,25559116.0,209984112.0
2014-12-16,70.29,70.71,68.86,68.19,24234628.0,199414448.0
2014-12-15,70.12,72.05,70.29,69.03,32901788.0,276740544.0
2014-12-12,66.26,70.37,70.12,66.26,33687312.0,276641312.0
2014-12-11,64.41,66.34,65.92,63.07,22584194.0,175710384.0
2014-12-10,61.72,65.0,64.33,61.47,25087640.0,189719328.0
2014-12-09,69.03,69.11,62.9,62.65,40463820.0,324226240.0
2014-12-08,67.35,71.63,69.28,66.42,39289792.0,323717312.0
2014-12-05,71.63,71.8,68.36,65.5,42711120.0,349221152.0
2014-12-04,70.37,72.81,71.88,69.87,36020472.0,307359712.0
2014-12-03,71.97,73.48,70.62,69.7,36820192.0,312143360.0
2014-12-02,71.13,72.64,71.46,69.62,29172148.0,248964000.0
2014-12-01,73.06,74.66,71.21,71.21,43079616.0,370220224.0
2014-11-28,73.81,76.42,74.57,71.38,52658392.0,459809824.0
2014-11-27,75.41,76.67,74.32,73.06,39805412.0,353253728.0
2014-11-26,74.07,76.25,75.33,72.39,55550216.0,490240160.0
2014-11-25,70.12,75.24,73.73,69.53,58865756.0,510870048.0
2014-11-24,69.28,72.72,70.04,67.94,60929440.0,511257184.0
2014-11-21,68.02,69.7,68.69,67.43,47050068.0,383917312.0
2014-11-20,63.99,71.04,69.62,63.99,87349008.0,721331392.0
2014-11-19,65.42,66.17,64.58,62.98,28375480.0,218731296.0
2014-11-18,66.51,67.35,66.26,65.25,37773200.0,297977408.0
2014-11-17,67.01,69.45,67.35,62.39,80597000.0,634499712.0
2014-11-14,59.45,65.75,65.75,58.03,58470880.0,436419136.0
2014-11-13,61.47,62.23,59.79,59.29,23298388.0,167701248.0
2014-11-12,57.86,62.23,61.81,57.35,35650832.0,254555584.0
2014-11-11,61.22,61.81,57.86,56.94,35602908.0,249652608.0
2014-11-10,61.13,61.13,60.46,58.36,31454632.0,224499024.0
2014-11-07,63.74,66.09,61.22,60.55,45339084.0,343460256.0
2014-11-06,61.89,65.5,63.4,61.81,38332148.0,291654496.0
2014-11-05,65.84,65.84,62.31,62.14,49476296.0,373501568.0
2014-11-04,59.12,65.0,65.0,58.78,67627504.0,499497984.0
2014-11-03,58.2,59.88,59.12,57.27,28241456.0,198470352.0
2014-10-31,59.62,60.46,57.86,57.1,38898328.0,270374240.0
2014-10-30,59.54,62.73,59.88,58.87,48736680.0,351446592.0
2014-10-29,59.2,64.07,60.13,58.45,75866280.0,549681536.0
2014-10-28,55.42,60.55,59.45,54.5,59180476.0,403652672.0
2014-10-27,53.58,56.68,55.93,52.23,38334408.0,248673920.0
2014-10-24,51.23,54.84,53.83,50.89,44641372.0,283403584.0
2014-10-23,50.3,53.07,51.23,50.05,28294796.0,173877984.0
2014-10-22,51.48,52.57,50.55,50.3,22013580.0,134488864.0
2014-10-21,52.48,52.65,51.65,51.48,17756714.0,109811264.0
2014-10-20,52.48,53.91,52.23,51.73,29877328.0,187888272.0
2014-10-17,50.47,52.91,52.32,50.38,45507744.0,280628992.0
2014-10-16,48.79,53.33,50.89,48.54,36018000.0,220685360.0
2014-10-15,49.13,49.71,49.29,48.79,10007256.0,58751512.0
2014-10-14,49.38,50.64,49.21,48.62,16152553.0,95677000.0
2014-10-13,48.54,49.88,49.8,47.53,14633489.0,84805824.0
2014-10-10,48.54,49.04,48.62,48.12,10915908.0,63133124.0
2014-10-09,49.97,50.13,48.96,48.37,16722343.0,97763064.0
2014-10-08,48.96,49.88,49.63,48.96,15019023.0,88315592.0
2014-09-30,48.79,49.04,48.79,48.37,12136534.0,70435384.0
2014-09-29,48.37,49.13,48.62,48.12,15381276.0,88995040.0
2014-09-26,47.19,48.45,48.29,46.69,15850517.0,90268520.0
2014-09-25,47.19,48.29,47.45,47.19,17473010.0,99349664.0
2014-09-24,46.19,47.61,47.19,46.02,13851194.0,77369296.0
2014-09-23,45.85,46.44,46.35,45.68,9490385.0,52055252.0
2014-09-22,47.19,47.19,46.02,45.94,9759656.0,53805820.0
2014-09-19,46.86,47.36,47.19,46.19,11260112.0,62801032.0
2014-09-18,46.77,47.28,46.86,46.35,9733664.0,54199556.0
2014-09-17,46.44,47.03,46.86,45.85,13154306.0,72731664.0
2014-09-16,47.95,48.79,46.61,46.52,21554784.0,122522832.0
2014-09-15,47.78,48.03,47.95,47.2,16062048.0,91284992.0
2014-09-12,46.69,47.61,47.61,46.44,12168457.0,68225264.0
2014-09-11,47.45,48.29,46.86,46.44,21914460.0,123624352.0
2014-09-10,46.86,49.04,47.78,46.27,29306248.0,167673920.0
2014-09-09,45.85,46.86,46.86,45.01,20836726.0,114502832.0
2014-09-05,46.19,46.44,45.68,45.26,12806613.0,69511744.0
2014-09-04,46.1,46.61,45.85,45.43,13101555.0,71443216.0
2014-09-03,45.18,45.77,45.68,45.01,12229993.0,66313812.0
2014-09-02,44.59,45.35,45.18,44.42,10266303.0,55023980.0
2014-09-01,44.51,44.51,44.34,43.67,6739952.0,35469104.0
2014-08-29,43.67,44.42,44.17,43.0,9199226.0,48091096.0
2014-08-28,43.84,44.17,43.42,43.16,9495985.0,49464224.0
2014-08-27,43.25,44.84,43.75,43.0,12834919.0,67030360.0
2014-08-26,45.52,45.77,43.25,43.0,16823220.0,88963112.0
2014-08-25,45.85,46.02,45.43,45.01,10871146.0,58969360.0
2014-08-22,45.77,45.94,45.52,45.01,8697182.0,47011948.0
2014-08-21,45.09,45.85,45.77,44.59,12107912.0,65319820.0
2014-08-20,45.26,45.77,45.18,44.84,8918745.0,48189708.0
2014-08-19,45.6,45.94,45.26,44.59,10530514.0,56631816.0
2014-08-18,45.01,46.02,45.6,44.93,10891903.0,59026920.0
2014-08-15,44.42,44.93,44.76,44.17,8213791.0,43639484.0
2014-08-14,44.76,45.26,44.42,44.34,9902879.0,52848904.0
2014-08-13,45.18,45.18,44.76,44.51,10505899.0,55930544.0
2014-08-12,45.6,45.6,45.18,45.01,10493565.0,56481564.0
2014-08-11,45.09,45.85,45.68,44.67,12083863.0,65272020.0
2014-08-08,44.67,45.68,45.09,44.59,10797694.0,58150464.0
2014-08-07,45.43,46.02,44.51,44.51,13539250.0,72681984.0
2014-08-06,45.6,45.68,45.43,44.67,12998187.0,69881544.0
2014-08-05,46.27,46.35,45.85,45.18,19959424.0,108538992.0
2014-08-04,43.33,47.03,46.19,43.33,35971392.0,195505360.0
2014-08-01,44.09,45.01,43.25,43.25,17872532.0,94007272.0
2014-07-31,44.67,46.02,44.34,44.17,20287442.0,108372144.0
2014-07-30,42.74,44.09,44.0,42.66,18940916.0,98098920.0
2014-07-29,42.83,43.67,42.91,42.83,12178317.0,62513180.0
2014-07-28,42.41,43.5,43.16,42.24,13411722.0,68536656.0
2014-07-25,42.07,42.49,42.16,41.74,8619177.0,43248400.0
2014-07-24,42.83,43.08,42.16,41.99,14410960.0,72689344.0
2014-07-23,42.41,44.09,43.33,41.65,23560732.0,120422744.0
2014-07-22,42.41,43.0,42.58,42.07,12929145.0,65615764.0
2014-07-21,41.65,42.41,42.41,41.32,9661799.0,48216408.0
2014-07-18,42.07,42.24,41.65,41.32,12449009.0,61970560.0
2014-07-17,42.41,43.25,42.49,41.65,14551167.0,73587936.0
2014-07-16,43.33,43.58,42.16,41.57,23617404.0,119202384.0
2014-07-15,44.34,44.59,43.67,43.16,25586230.0,133339656.0
2014-07-14,43.84,46.1,44.93,42.83,40649500.0,215875056.0
2014-07-11,43.5,46.44,44.01,42.83,59981792.0,317252640.0
2014-07-10,42.92,42.92,42.92,39.9,56960808.0,285087712.0
2014-07-09,39.14,40.74,38.98,38.98,20597560.0,97770632.0
2014-07-08,38.89,39.4,39.23,38.31,12784859.0,59307596.0
2014-07-07,38.56,39.73,39.23,38.31,17639452.0,82326576.0
2014-07-04,38.81,39.56,38.22,38.14,12413076.0,57458700.0
2014-07-03,39.14,39.14,38.73,38.56,8543532.0,39555492.0
2014-07-02,38.89,39.56,39.06,38.56,8034961.0,37359280.0
2014-07-01,39.23,39.31,38.98,38.64,9903286.0,45954604.0
2014-06-30,38.64,40.48,39.4,38.47,17906812.0,84430664.0
2014-06-27,38.56,38.98,38.56,38.05,10978281.0,50458064.0
2014-06-26,38.64,39.06,38.56,38.39,13093702.0,60412228.0
2014-06-25,39.4,39.4,38.81,38.22,12602259.0,58046760.0
2014-06-24,37.63,39.23,39.14,37.47,20253560.0,93328056.0
2014-06-23,37.89,38.98,37.47,37.3,12036856.0,54755068.0
2014-06-20,37.72,38.05,37.8,36.88,12294080.0,54927896.0
2014-06-19,36.71,39.81,37.89,36.71,22506404.0,102651464.0
2014-06-18,37.38,37.47,36.71,36.63,8399174.0,36973416.0
2014-06-17,38.05,38.14,37.63,37.38,6775324.0,30388118.0
2014-06-16,37.72,38.31,38.22,37.3,12487388.0,56352432.0
2014-06-13,36.38,39.98,37.97,36.38,22510288.0,102622280.0
2014-06-12,36.04,36.46,36.38,35.71,5961786.0,25721878.0
2014-06-11,35.88,36.46,36.13,35.79,4399909.0,18923504.0
2014-06-10,35.54,36.21,36.13,35.54,4828510.0,20670276.0
2014-06-09,35.88,36.21,35.62,35.46,5055733.0,21567480.0
2014-06-06,36.71,36.71,36.13,35.79,4609452.0,19874590.0
2014-06-05,36.38,36.71,36.63,36.21,6422429.0,27923278.0
2014-06-04,36.04,36.55,36.55,35.46,8979379.0,38616768.0
2014-06-03,36.13,36.38,36.04,35.88,4785105.0,20607578.0
2014-05-30,36.8,36.96,36.13,35.79,10963261.0,47232448.0
2014-05-29,36.8,37.55,36.71,36.46,9979867.0,44117616.0
2014-05-28,36.46,37.05,36.63,36.29,7330383.0,32105094.0
2014-05-27,37.47,37.8,36.63,36.55,9087986.0,40170660.0
2014-05-26,37.3,38.3,37.72,37.05,12409514.0,55779776.0
2014-05-23,36.71,37.22,37.22,36.04,11006526.0,47963312.0
2014-05-22,37.22,37.47,36.88,36.8,9456668.0,41798512.0
2014-05-21,36.63,37.3,37.3,36.13,10080257.0,44243028.0
2014-05-20,37.63,37.97,36.88,36.38,15273539.0,67537736.0
2014-05-19,37.89,39.31,37.47,37.22,16003952.0,73076792.0
2014-05-16,37.22,38.39,37.89,37.22,14993497.0,67931880.0
2014-05-15,38.56,38.81,37.63,37.3,16197957.0,72954888.0
2014-05-14,38.81,39.65,38.73,38.3,21754144.0,101129320.0
2014-05-13,39.4,40.4,38.56,38.14,29923984.0,139437424.0
2014-05-12,39.73,39.9,39.56,38.47,37857692.0,176931200.0
2014-05-09,40.23,40.4,39.4,38.98,43526748.0,206077488.0
2014-05-08,37.72,40.82,40.82,37.22,73057888.0,347071712.0
2014-05-07,33.7,37.13,37.13,33.36,23246384.0,101479552.0
2014-05-06,33.95,34.03,33.78,33.61,3170806.0,12789537.0
2014-05-05,33.78,34.11,33.7,33.53,3004424.0,12109768.0
2014-04-30,33.78,33.78,33.53,33.19,3464205.0,13826140.0
2014-04-29,34.03,34.03,33.86,32.44,9628616.0,38133148.0
2014-04-23,34.11,35.88,35.71,33.95,12259598.0,51323080.0
2014-04-22,34.53,34.78,33.95,33.53,5138311.0,20806352.0
2014-04-21,34.7,35.04,34.62,34.53,3664221.0,15216733.0
2014-04-18,35.12,35.2,34.87,34.7,2677966.0,11160053.0
2014-04-17,35.37,35.62,34.95,34.87,3734747.0,15674954.0
2014-04-16,34.95,35.88,35.37,34.95,7498828.0,31806394.0
2014-04-15,34.53,35.04,35.04,34.53,4374865.0,18176110.0
2014-04-14,34.53,34.87,34.7,34.37,2761427.0,11403092.0
2014-04-11,34.87,34.95,34.7,34.53,3466923.0,14347861.0
2014-04-10,35.04,35.2,35.04,34.53,4356818.0,18137650.0
2014-04-09,35.12,35.29,34.95,34.7,2997182.0,12513828.0
2014-04-08,35.12,35.2,35.04,34.78,3407492.0,14228883.0
2014-04-04,34.62,35.12,35.04,34.37,4597003.0,19053596.0
2014-04-03,34.53,35.62,34.87,34.53,8338244.0,34943604.0
2014-04-02,34.2,34.87,34.53,34.11,4170721.0,17210528.0
2014-04-01,33.7,34.11,34.11,33.7,2017770.0,8176181.0
2014-03-31,33.78,33.95,33.61,33.61,2082449.0,8386733.0
2014-03-28,33.7,34.11,33.78,33.61,3659140.0,14784082.0
2014-03-27,34.37,34.37,33.7,33.61,4008812.0,16217161.0
2014-03-26,34.53,34.78,34.45,34.28,3338438.0,13753586.0
2014-03-25,34.45,34.62,34.53,34.11,3882875.0,15932509.0
2014-03-24,34.2,34.53,34.45,33.95,4171430.0,17081990.0
2014-03-21,33.28,34.11,33.95,33.11,3622907.0,14538954.0
2014-03-20,33.95,34.2,33.53,33.53,2932208.0,11858327.0
2014-03-19,33.61,34.03,34.03,33.28,3816137.0,15355898.0
2014-03-18,33.7,33.95,33.61,33.53,2832385.0,11408462.0
2014-03-17,33.44,33.78,33.78,33.36,2163731.0,8667806.0
2014-03-14,33.53,33.7,33.36,33.19,1959963.0,7815941.0
2014-03-13,33.53,33.78,33.61,33.19,2405511.0,9624769.0
2014-03-12,33.19,33.53,33.53,32.86,2309783.0,9152675.0
2014-03-11,33.11,33.44,33.19,32.86,2445611.0,9668445.0
2014-03-10,34.11,34.11,33.11,32.94,4601179.0,18378610.0
2014-03-07,34.7,35.04,34.28,33.95,3711450.0,15246816.0
2014-03-06,34.53,34.7,34.7,33.95,2923850.0,11990317.0
2014-03-05,34.53,35.12,34.62,34.37,3971511.0,16488945.0
2014-03-04,34.87,35.04,34.53,34.12,4067844.0,16750635.0
2014-03-03,34.78,35.04,34.95,34.53,3184304.0,13223622.0
2014-02-28,34.78,34.87,34.7,34.03,3935025.0,16220767.0
2014-02-27,34.03,35.88,35.04,33.7,5928342.0,24522726.0
2014-02-26,33.53,34.45,33.95,33.36,4159587.0,16812508.0
2014-02-25,34.87,35.2,33.7,33.53,4749991.0,19478280.0
2014-02-24,35.37,35.37,34.87,34.53,3844937.0,15966871.0
2014-02-21,35.96,36.29,35.37,35.04,4820877.0,20455232.0
2014-02-20,36.55,36.8,35.88,35.71,4993611.0,21558290.0
2014-02-19,36.38,37.05,36.55,35.96,6561236.0,28544230.0
2014-02-18,36.46,36.63,36.38,35.96,4709975.0,20315676.0
2014-02-17,35.88,36.63,36.38,35.71,5768046.0,24923940.0
2014-02-14,35.2,35.96,35.88,34.7,5438986.0,22946082.0
2014-02-13,35.88,36.13,35.12,35.12,4490621.0,19085090.0
2014-02-12,35.37,35.88,35.88,34.95,4675636.0,19818810.0
2014-02-11,35.54,35.62,35.37,34.78,4471578.0,18863676.0
2014-02-10,34.53,35.37,35.37,34.28,4819660.0,20136182.0
2014-02-07,34.45,34.62,34.53,34.2,2247072.0,9223375.0
2014-01-30,34.37,34.62,34.53,34.03,2058220.0,8440050.0
2014-01-29,34.2,34.45,34.28,34.03,3735417.0,15231290.0
2014-01-28,35.12,35.12,34.45,34.37,2844522.0,11764101.0
2014-01-27,34.45,35.29,35.04,34.45,4380827.0,18318116.0
2014-01-24,34.28,34.95,34.62,34.11,3329268.0,13789148.0
2014-01-23,33.86,35.12,34.45,33.86,3918762.0,16176650.0
2014-01-22,33.28,34.28,34.03,33.28,2686438.0,10873047.0
2014-01-21,32.52,33.36,33.28,32.52,2258763.0,8945254.0
2014-01-20,32.44,33.02,32.61,32.27,1874958.0,7325670.0
2014-01-17,32.69,32.69,32.52,32.27,1758653.0,6815901.0
2014-01-16,32.77,33.19,32.86,32.19,2887629.0,11309323.0
2014-01-15,32.77,32.94,32.77,32.19,3331502.0,12925753.0
2014-01-14,32.27,33.28,33.02,31.01,5618600.0,21756868.0
2014-01-13,31.93,32.52,32.35,31.93,2331712.0,8970764.0
2014-01-10,32.86,32.86,32.1,31.85,2504409.0,9599008.0
2014-01-09,33.28,33.7,32.52,32.35,2329013.0,9224043.0
2014-01-08,33.7,33.95,33.28,33.11,1922170.0,7675449.0
2014-01-07,33.53,33.86,33.44,33.19,2080552.0,8313872.0
2014-01-06,34.7,34.7,33.61,33.53,3151591.0,12719278.0
2014-01-03,35.46,35.46,34.7,34.53,3023853.0,12580728.0
2014-01-02,35.29,35.62,35.54,35.12,2256612.0,9523896.0
2013-12-31,35.37,36.13,35.37,35.29,4835633.0,20511628.0
2013-12-30,34.45,36.04,35.71,34.37,6178929.0,26056850.0
2013-12-27,33.53,34.53,34.45,33.53,2516737.0,10263376.0
2013-12-26,34.78,34.95,33.61,33.53,3534165.0,14426466.0
2013-12-25,35.12,35.12,34.78,34.53,2360004.0,9773342.0
2013-12-24,35.12,35.46,35.04,34.87,1774251.0,7444592.0
2013-12-23,34.95,35.54,35.12,34.37,2063676.0,8593176.0
2013-12-20,35.37,35.62,34.87,34.78,2674663.0,11234143.0
2013-12-19,35.79,35.96,35.46,35.37,1819451.0,7742423.0
2013-12-18,35.88,36.13,35.62,35.54,1990129.0,8491412.0
2013-12-17,35.71,36.38,36.13,35.12,4224671.0,17966478.0
2013-12-16,36.55,36.55,35.71,35.62,2713253.0,11642453.0
2013-12-13,36.29,36.71,36.46,36.13,2523112.0,10941156.0
2013-12-12,36.29,36.88,36.38,36.13,2970145.0,12945647.0
2013-12-11,37.38,37.47,36.29,36.21,4052853.0,17745146.0
2013-12-10,37.72,37.97,37.38,37.38,2295272.0,10284520.0
2013-12-09,37.55,38.05,37.72,37.38,3415546.0,15368410.0
2013-12-06,37.63,37.63,37.63,37.05,4044678.0,17986032.0
2013-12-05,37.72,38.14,37.55,37.38,3981281.0,17881712.0
2013-12-04,36.71,37.97,37.89,36.55,5382326.0,24011880.0
2013-12-03,35.62,36.88,36.71,35.62,3634035.0,15750341.0
2013-12-02,37.89,37.89,35.96,35.88,6832148.0,30017686.0
2013-11-29,37.8,38.56,38.31,37.8,4803086.0,21958644.0
2013-11-28,37.97,38.73,37.97,37.8,5602020.0,25559722.0
2013-11-27,37.8,38.64,38.14,37.72,4981732.0,22761472.0
2013-11-26,37.3,38.05,37.8,37.3,3948451.0,17766194.0
2013-11-25,37.05,37.63,37.22,36.88,3449441.0,15335651.0
2013-11-22,37.63,38.05,37.22,37.05,3278052.0,14670938.0
2013-11-21,38.14,38.31,37.55,37.38,5432026.0,24413358.0
2013-11-20,37.3,38.73,38.39,36.97,6814856.0,30889152.0
2013-11-19,37.3,37.55,37.3,36.97,3985157.0,17714160.0
2013-11-18,36.29,37.55,37.3,36.21,5840591.0,25826804.0
2013-11-15,35.88,36.71,36.29,35.54,4056921.0,17588140.0
2013-11-14,35.88,35.88,35.79,34.95,3057834.0,12915238.0
2013-11-13,36.63,36.71,35.62,35.46,2876668.0,12331622.0
2013-11-12,36.04,36.63,36.55,35.79,2843640.0,12298149.0
2013-11-11,34.95,36.55,35.96,34.95,3448943.0,14787514.0
2013-11-08,36.21,36.55,34.95,34.95,3652609.0,15557773.0
2013-11-07,36.21,36.97,36.55,35.88,3716557.0,16158518.0
2013-11-06,36.04,36.63,36.38,35.54,4739496.0,20507974.0
2013-11-05,35.96,36.21,36.04,35.2,3892015.0,16521635.0
2013-11-04,36.55,36.63,36.21,35.46,4516702.0,19452960.0
2013-11-01,36.63,36.97,36.46,36.04,3203483.0,13906680.0
2013-10-31,36.97,36.97,36.46,36.13,3556451.0,15465920.0
2013-10-30,35.88,37.38,36.88,35.79,5680127.0,24915000.0
2013-10-29,37.72,38.05,36.13,35.04,9038565.0,39373948.0
2013-10-28,38.14,38.81,37.97,37.72,6145180.0,27906642.0
2013-10-25,38.98,39.4,38.73,38.14,8621759.0,39825560.0
2013-10-24,39.65,40.48,38.89,38.73,9300529.0,43846540.0
2013-10-23,41.07,42.58,39.9,39.48,12600349.0,61688076.0
2013-10-22,40.4,42.66,41.41,39.4,16549429.0,81114712.0
2013-10-21,39.98,40.82,40.4,39.81,8053237.0,38802808.0
2013-10-18,39.98,40.65,39.81,39.23,6287837.0,29888808.0
2013-10-17,39.48,40.99,39.9,39.4,12251168.0,58923588.0
2013-10-16,40.9,41.41,39.4,39.06,14433861.0,68816064.0
2013-10-15,41.99,42.5,41.24,40.65,24446778.0,120320960.0
2013-10-14,39.4,42.58,42.58,39.4,37900024.0,189532896.0
2013-10-11,38.22,39.4,38.73,37.72,11320999.0,52239376.0
2013-10-10,37.13,38.31,37.8,36.88,9186290.0,41288584.0
2013-10-09,36.8,37.22,37.13,36.46,6546467.0,28785942.0
2013-10-08,37.47,37.47,36.8,36.38,10717251.0,46946744.0
2013-09-30,39.73,39.81,37.47,37.3,13843558.0,62802848.0
2013-09-27,37.22,38.81,38.47,36.8,14470194.0,65857044.0
2013-09-26,36.38,38.39,37.3,36.21,16069043.0,71503784.0
2013-09-25,36.04,37.13,36.38,35.79,9255476.0,40413312.0
2013-09-24,36.38,36.55,36.04,35.29,9845528.0,42055112.0
2013-09-23,34.78,37.63,36.29,34.7,16612650.0,72325104.0
2013-09-18,34.62,34.78,34.78,34.28,3510258.0,14470270.0
2013-09-17,35.2,35.79,34.53,34.37,6590829.0,27620106.0
2013-09-16,35.71,35.79,35.2,35.04,4318328.0,18167338.0
2013-09-13,35.62,35.88,35.54,35.2,6312336.0,26712156.0
2013-09-12,35.71,35.79,35.54,35.2,8680660.0,36723312.0
2013-09-11,35.04,36.55,35.71,35.04,16867654.0,71864080.0
2013-09-10,34.78,34.87,34.87,34.45,10408109.0,43068640.0
2013-09-09,34.37,34.79,34.37,34.2,7560092.0,31089272.0
2013-09-06,33.95,34.2,34.12,33.78,4512449.0,18308890.0
2013-09-05,34.53,34.53,34.03,33.95,4049810.0,16489014.0
2013-09-04,34.53,34.78,34.45,34.2,4635263.0,19033196.0
2013-09-03,34.12,34.53,34.37,33.61,6314543.0,25708426.0
2013-09-02,33.78,34.28,34.03,33.28,6342193.0,25502012.0
2013-08-30,34.37,34.7,33.86,33.61,8117820.0,33066214.0
2013-08-29,34.28,34.87,34.37,34.12,5053900.0,20786998.0
2013-08-28,34.87,35.29,34.37,34.28,8574272.0,35425868.0
2013-08-27,34.03,36.04,35.2,33.78,13087675.0,54713160.0
2013-08-26,33.7,34.03,33.95,33.11,4560664.0,18355360.0
2013-08-23,33.95,34.2,33.53,32.86,5786995.0,23223824.0
2013-08-22,33.78,34.62,33.95,33.53,9435031.0,38438136.0
2013-08-21,33.36,34.12,33.78,33.11,6183423.0,24942752.0
2013-08-20,33.36,33.95,33.36,33.19,6752334.0,27057088.0
2013-08-19,32.52,33.19,33.11,32.27,3874146.0,15176118.0
2013-08-16,33.28,34.2,32.86,32.77,8346063.0,33254490.0
2013-08-15,33.61,34.28,33.53,33.53,4555291.0,18403372.0
2013-08-14,34.2,34.45,33.86,33.7,6820448.0,27727104.0
2013-08-13,33.95,34.28,34.2,33.78,5897007.0,23963504.0
2013-08-12,33.36,34.03,33.86,32.94,7576875.0,30356562.0
2013-08-09,33.02,33.28,33.28,32.69,4117435.0,16228271.0
2013-08-08,33.19,33.19,33.02,32.77,3220096.0,12667736.0
2013-08-07,33.36,33.53,33.11,33.02,5100000.0,20218254.0
2013-08-06,33.53,33.7,33.44,33.11,5631398.0,22442500.0
2013-08-05,32.44,33.36,33.28,32.44,5342915.0,21041922.0
2013-08-02,32.61,32.86,32.44,32.35,4730942.0,18416668.0
2013-08-01,31.94,32.69,32.52,31.94,4875595.0,18802176.0
2013-07-31,32.1,32.44,31.94,31.85,3700957.0,14146602.0
2013-07-30,31.52,32.35,32.02,31.27,3457007.0,13149449.0
2013-07-29,32.27,32.44,31.85,31.52,4787282.0,18242002.0
2013-07-26,33.11,33.19,32.77,32.1,6285076.0,24540262.0
2013-07-25,34.28,34.7,33.61,33.36,11418301.0,46308340.0
2013-07-24,33.44,34.37,33.53,33.11,8625318.0,34582620.0
2013-07-23,32.27,33.86,33.44,32.1,8517657.0,33759876.0
2013-07-22,31.68,32.35,32.1,31.18,4727275.0,17962956.0
2013-07-19,32.1,33.53,31.85,31.85,7577072.0,29441304.0
2013-07-18,32.86,33.02,32.35,31.35,8033585.0,30953782.0
2013-07-17,33.02,34.12,33.11,32.86,12674480.0,50633656.0
2013-07-16,31.35,34.2,33.44,30.93,16233362.0,63836740.0
2013-07-15,31.01,31.6,31.35,30.85,4353586.0,16221646.0
2013-07-12,31.35,31.68,30.93,30.76,7208145.0,26863774.0
2013-07-11,30.43,31.68,31.27,30.26,9115763.0,33855828.0
2013-07-10,29.5,30.43,30.18,29.25,5273875.0,18840988.0
2013-07-09,29.34,29.59,29.42,28.92,3599543.0,12594397.0
2013-07-08,30.59,30.59,29.34,29.17,5716489.0,20269830.0
2013-07-05,31.01,31.43,30.76,30.51,6781882.0,25071552.0
2013-07-04,30.18,31.01,30.68,29.76,6580982.0,23928394.0
2013-07-03,30.68,30.76,30.43,29.67,5801110.0,20888784.0
2013-07-02,30.51,30.85,30.85,30.34,6178307.0,22580430.0
2013-07-01,30.01,30.51,30.34,29.76,8511559.0,30695546.0
2013-06-28,30.09,30.51,29.92,29.25,9687967.0,34565332.0
2013-06-27,30.85,31.52,30.18,29.92,11217155.0,41326348.0
2013-06-26,31.18,31.52,30.85,30.18,9875141.0,36217272.0
2013-06-25,31.94,32.02,31.27,28.92,19298386.0,70660736.0
2013-06-24,35.29,35.96,32.1,32.1,17721612.0,70234304.0
2013-06-21,36.38,37.22,35.71,33.53,15229394.0,65271416.0
2013-06-20,39.48,39.98,36.8,36.04,8826156.0,40117684.0
2013-06-19,39.73,39.9,39.65,39.06,3261601.0,15331057.0
2013-06-18,40.48,40.57,40.07,39.23,8481033.0,40275680.0
2013-06-17,41.24,41.24,40.65,40.48,3398600.0,16541590.0
2013-06-14,40.65,41.07,40.99,40.57,2815687.0,13713731.0
2013-06-13,41.91,41.91,40.82,39.98,3585148.0,17387606.0
2013-06-07,41.91,42.83,42.16,41.58,3960087.0,19935268.0
2013-06-06,42.75,42.75,41.99,41.99,2913264.0,14702434.0
2013-06-05,42.32,42.57,42.57,42.16,2596323.0,13381153.0
2013-06-04,43.56,43.56,42.57,42.16,4745355.0,24588154.0
2013-06-03,43.23,43.64,43.56,42.98,3810798.0,20086252.0
2013-05-31,43.88,44.13,43.31,43.23,5577889.0,29608466.0
2013-05-30,44.38,44.71,43.88,43.8,5780896.0,31026978.0
2013-05-29,44.3,44.87,44.46,44.21,6401233.0,34680680.0
2013-05-28,43.88,44.62,44.21,43.39,6647580.0,35606264.0
2013-05-27,43.8,44.13,43.88,43.72,5623687.0,30021512.0
2013-05-24,43.47,44.3,43.72,43.15,6916691.0,36696788.0
2013-05-23,42.49,43.97,43.31,42.41,9470484.0,49867488.0
2013-05-22,42.49,42.82,42.49,42.08,4452191.0,22983858.0
2013-05-21,42.16,42.9,42.65,41.83,5684596.0,29343662.0
2013-05-20,41.99,42.32,42.16,41.75,4735287.0,24250084.0
2013-05-17,41.01,42.16,41.99,40.84,7804199.0,39568140.0
2013-05-16,40.52,41.01,41.01,40.1,4990292.0,24658332.0
2013-05-15,40.52,40.68,40.68,40.43,2137590.0,10551920.0
2013-05-14,41.01,41.34,40.52,40.35,3174907.0,15758712.0
2013-05-13,41.26,41.42,41.26,40.76,3791525.0,18982556.0
2013-05-10,40.52,41.09,41.09,40.35,3007158.0,14962217.0
2013-05-09,41.17,41.34,40.68,40.52,3212246.0,15987468.0
2013-05-08,41.26,41.42,41.26,41.01,3688428.0,18490690.0
2013-05-07,41.09,41.25,41.09,40.68,3597794.0,17933508.0
2013-05-06,40.6,41.17,41.01,40.52,3500739.0,17429810.0
2013-05-03,40.27,40.76,40.6,39.94,4522601.0,22267002.0
2013-05-02,40.27,40.35,40.1,39.69,2240702.0,10885187.0
2013-04-26,40.27,41.25,40.35,40.1,3626196.0,17936788.0
2013-04-25,40.52,40.68,40.1,40.02,2892683.0,14215092.0
2013-04-24,40.19,40.68,40.52,39.69,2898361.0,14228106.0
2013-04-23,41.09,41.42,40.1,40.02,3470906.0,17066150.0
2013-04-22,41.09,41.5,41.17,40.84,2786357.0,13951156.0
2013-04-19,40.52,41.34,41.26,40.52,4025561.0,20070636.0
2013-04-18,40.02,40.68,40.43,39.86,2616529.0,12855103.0
2013-04-17,40.35,40.43,40.19,39.86,2291859.0,11185270.0
2013-04-16,39.86,40.6,40.43,39.61,2629982.0,12811720.0
2013-04-15,40.84,40.93,39.94,39.45,2844340.0,13848438.0
2013-04-12,41.09,41.09,40.6,40.52,1988568.0,9868899.0
2013-04-11,41.66,41.66,40.93,40.93,2383220.0,11946056.0
2013-04-10,41.09,41.42,41.34,40.84,2289335.0,11465591.0
2013-04-09,41.09,41.42,41.09,40.76,3179310.0,15900007.0
2013-04-08,41.99,41.99,40.84,40.1,4716079.0,23403812.0
2013-04-03,42.98,43.06,41.99,41.91,3064542.0,15786594.0
2013-04-02,42.57,43.06,42.57,42.32,2416173.0,12532665.0
2013-04-01,41.99,42.65,42.57,41.91,2866548.0,14791446.0
2013-03-29,42.65,42.65,42.32,42.24,2245983.0,11600331.0
2013-03-28,43.31,43.47,42.16,41.91,5252810.0,27112568.0
2013-03-27,43.56,44.05,43.47,43.47,3154000.0,16761313.0
2013-03-26,43.88,44.13,43.39,43.23,3925090.0,20785098.0
2013-03-25,44.62,44.71,44.3,43.8,3424289.0,18405776.0
2013-03-22,44.71,45.03,44.3,44.13,3982469.0,21557158.0
2013-03-21,44.62,45.03,44.71,44.3,4026366.0,21891036.0
2013-03-20,43.88,44.54,44.54,43.64,4265619.0,22930332.0
2013-03-19,43.64,44.05,43.64,43.23,3348067.0,17741396.0
2013-03-18,44.62,45.28,43.31,43.31,5278224.0,28328112.0
2013-03-15,45.45,46.1,44.79,44.71,5140764.0,28309350.0
2013-03-14,45.61,46.19,45.28,45.28,4014639.0,22346498.0
2013-03-13,47.01,47.34,46.02,45.45,5720887.0,32052282.0
2013-03-12,47.99,48.32,47.25,46.76,11932519.0,68906040.0
2013-03-11,46.02,50.54,48.81,45.61,23661888.0,140243088.0
2013-03-01,46.02,46.27,46.02,45.53,4555363.0,25462376.0
2013-02-28,45.45,46.51,46.19,45.2,4730745.0,26417798.0
2013-02-27,45.03,45.61,45.28,45.03,3463807.0,19068680.0
2013-02-26,45.94,45.94,45.03,44.87,6487982.0,35877440.0
2013-02-25,45.61,46.68,46.35,45.36,5030958.0,28186390.0
2013-02-22,45.77,46.19,45.45,45.28,3601360.0,20039310.0
2013-02-21,47.58,47.58,45.77,45.61,6843844.0,38555140.0
2013-02-20,47.42,47.83,47.58,47.01,3873278.0,22357352.0
2013-02-19,47.99,48.24,47.17,47.01,5020263.0,29088036.0
2013-02-18,48.49,48.57,47.83,47.58,5689046.0,33181418.0
2013-02-08,47.5,48.81,48.16,47.25,7791190.0,45832128.0
2013-02-07,47.17,47.34,47.17,46.68,4078889.0,23340470.0
2013-02-06,47.25,47.58,47.01,46.68,4621566.0,26450692.0
2013-02-05,45.77,47.58,47.34,45.61,8084072.0,46122280.0
2013-02-04,46.51,46.84,45.77,45.77,5976814.0,33606240.0
2013-02-01,46.35,47.01,46.6,46.27,5038945.0,28584528.0
2013-01-31,46.92,47.09,46.43,46.19,4107340.0,23243806.0
2013-01-30,46.27,46.84,46.84,45.86,5939448.0,33544272.0
2013-01-29,46.35,46.51,46.27,46.02,4370066.0,24582064.0
2013-01-28,45.77,46.35,46.35,45.53,4573604.0,25632098.0
2013-01-25,45.53,45.86,45.61,45.2,3280599.0,18151284.0
2013-01-24,46.27,46.92,45.2,44.95,6876712.0,38466588.0
2013-01-23,46.19,46.68,46.19,45.45,4707814.0,26428666.0
2013-01-22,47.42,47.5,46.27,46.02,9055683.0,51448576.0
2013-01-21,47.66,47.91,47.42,47.09,5431926.0,31395410.0
2013-01-18,47.25,47.75,47.5,46.84,5944465.0,34326024.0
2013-01-17,47.5,47.66,46.76,46.43,5094125.0,29116456.0
2013-01-16,48.08,48.24,47.58,46.84,7953239.0,45935008.0
2013-01-15,47.01,49.06,48.16,46.76,11504910.0,67028800.0
2013-01-14,45.2,46.84,46.76,45.2,5840948.0,32874396.0
2013-01-11,46.68,47.34,45.53,45.36,7923169.0,44796564.0
2013-01-10,46.27,46.92,46.68,45.86,5749968.0,32551818.0
2013-01-09,45.94,46.68,46.1,45.61,5818603.0,32706664.0
2013-01-08,46.1,46.27,46.1,45.12,6448650.0,35829932.0
2013-01-07,46.1,46.35,46.19,45.69,5326880.0,29840262.0
2013-01-04,45.69,47.01,46.27,45.2,8935340.0,49966016.0
2012-12-31,45.03,45.45,45.36,44.79,5126506.0,28159142.0
2012-12-28,44.87,45.36,45.12,44.46,4767369.0,26105968.0
2012-12-27,45.12,46.02,45.03,44.95,7231343.0,39978868.0
2012-12-26,44.71,45.2,45.12,44.3,7143996.0,38893000.0
2012-12-25,43.8,44.79,44.62,43.39,6374514.0,34421016.0
2012-12-24,43.72,44.13,43.72,43.39,4639904.0,24671894.0
2012-12-21,43.56,44.13,43.56,43.23,7604512.0,40389988.0
2012-12-20,43.72,43.97,43.47,42.82,3962992.0,20906732.0
2012-12-19,43.39,44.05,43.8,43.23,4198549.0,22343376.0
2012-12-18,43.64,44.21,43.47,43.15,4538621.0,24067316.0
2012-12-17,43.23,43.88,43.64,43.15,5523156.0,29219782.0
2012-12-14,41.67,43.39,43.23,41.58,7237506.0,37696712.0
2012-12-13,41.99,41.99,41.67,41.42,2723281.0,13807617.0
2012-12-12,42.32,42.57,41.99,41.75,3193056.0,16334071.0
2012-12-11,42.9,42.9,42.16,41.99,3675418.0,18946630.0
2012-12-10,42.57,42.9,42.82,41.99,4972735.0,25777036.0
2012-12-07,41.42,42.32,42.24,41.01,4901482.0,25006374.0
2012-12-06,42.08,42.32,41.42,40.93,4168947.0,20963972.0
2012-12-05,40.27,42.16,41.91,39.94,4282825.0,21640720.0
2012-12-04,39.77,40.6,40.35,39.53,2499958.0,12157701.0
2012-12-03,41.58,41.83,39.61,39.12,4653525.0,23015890.0
2012-11-30,41.91,42.08,41.75,41.5,3321974.0,16897308.0
2012-11-29,41.99,42.49,41.75,41.5,2163775.0,11034128.0
2012-11-28,42.57,42.98,41.99,41.83,2453105.0,12632797.0
2012-11-27,43.39,43.8,42.73,42.49,3045529.0,15970657.0
2012-11-26,43.97,44.3,43.72,43.56,2013263.0,10747867.0
2012-11-23,44.3,44.46,44.21,43.88,1813757.0,9758186.0
2012-11-22,44.3,44.54,43.97,43.88,2333746.0,12533526.0
2012-11-21,44.46,44.71,44.54,43.56,3167572.0,17024130.0
2012-11-20,45.12,45.28,44.3,44.3,2529480.0,13747465.0
2012-11-19,45.61,45.61,44.95,44.3,2683714.0,14678009.0
2012-11-16,45.03,45.94,45.61,44.79,2474293.0,13677800.0
2012-11-15,46.1,46.27,45.12,45.03,2150842.0,11947904.0
2012-11-14,46.02,46.43,46.35,45.77,2296315.0,12906188.0
2012-11-13,46.1,46.35,45.94,45.61,2472180.0,13817970.0
2012-11-12,45.45,46.43,46.35,45.45,2459352.0,13813138.0
2012-11-09,44.95,46.68,45.77,44.95,3435343.0,19201350.0
2012-11-08,46.1,46.43,45.28,45.28,1969499.0,10993449.0
2012-11-07,46.27,46.68,46.35,45.86,1618152.0,9116309.0
2012-11-06,47.01,47.09,46.27,45.61,2553011.0,14350245.0
2012-11-05,47.01,47.5,47.01,46.76,1870880.0,10711537.0
2012-11-02,47.25,47.42,47.09,46.68,2097288.0,12012330.0
2012-11-01,46.43,47.42,47.25,46.19,3816934.0,21800218.0
2012-10-31,45.53,46.76,46.43,45.12,2889380.0,16217733.0
2012-10-30,45.45,46.19,45.53,45.12,1614958.0,8953455.0
2012-10-29,45.28,45.86,45.28,45.03,2026935.0,11194249.0
2012-10-26,47.42,47.75,45.86,45.77,3536925.0,19950254.0
2012-10-25,47.75,48.32,47.5,47.34,2422876.0,14083401.0
2012-10-24,47.91,48.24,47.91,47.5,2229262.0,12983743.0
2012-10-23,48.16,48.73,47.99,47.83,3557000.0,20926014.0
2012-10-22,47.58,48.32,48.16,47.09,2586534.0,15044039.0
2012-10-19,47.91,48.32,47.66,47.34,2741419.0,15975202.0
2012-10-18,47.42,48.08,47.91,47.17,3068181.0,17840280.0
2012-10-17,47.25,47.66,47.09,46.6,1992086.0,11425090.0
2012-10-16,47.09,47.58,47.17,46.76,2272727.0,13055754.0
2012-10-15,47.58,47.58,47.17,46.76,2221394.0,12724005.0
2012-10-12,47.58,48.08,47.58,46.51,3652552.0,21036386.0
2012-10-11,47.99,48.41,47.34,47.34,3825499.0,22292862.0
2012-10-10,47.25,48.08,47.99,47.25,3295131.0,19145246.0
2012-10-09,46.6,48.65,47.75,46.43,5903107.0,34337560.0
2012-10-08,47.09,47.25,46.35,46.02,2829938.0,16048831.0
2012-09-28,45.77,47.25,47.09,45.61,4787579.0,27169526.0
2012-09-27,45.03,46.84,46.43,44.3,6545259.0,36405620.0
2012-09-26,45.12,45.2,44.21,43.97,2745080.0,14840357.0
2012-09-25,45.61,45.94,45.2,45.12,1838911.0,10173689.0
2012-09-24,44.54,46.6,45.94,44.05,4016828.0,22276924.0
2012-09-21,44.95,45.45,45.03,44.54,2884786.0,15820025.0
2012-09-20,46.43,47.09,44.71,44.62,4842361.0,27097024.0
2012-09-19,46.02,46.68,46.27,45.94,2090645.0,11791997.0
2012-09-18,46.51,46.51,46.1,45.61,2889638.0,16206516.0
2012-09-17,48.24,48.65,46.68,46.51,3978022.0,22906298.0
2012-09-14,47.91,49.06,48.57,47.5,5288973.0,31154704.0
2012-09-13,48.49,48.73,47.5,47.42,4149553.0,24328838.0
2012-09-12,49.23,49.31,48.82,47.58,5673863.0,33445696.0
2012-09-11,48.65,49.14,48.73,48.08,5070626.0,29968370.0
2012-09-10,48.73,49.55,48.98,48.57,8647902.0,51572020.0
2012-09-07,46.84,49.88,48.98,46.76,13400186.0,78794112.0
2012-09-06,45.69,48.08,46.76,45.69,10500780.0,59781864.0
2012-09-05,44.95,45.36,44.71,44.54,3856776.0,21106774.0
2012-09-04,46.27,46.68,45.03,44.71,4216946.0,23403934.0
2012-09-03,46.35,46.84,46.51,46.1,3374360.0,19052578.0
2012-08-31,45.61,46.43,46.35,45.45,2126031.0,11919391.0
2012-08-30,45.86,46.19,45.77,45.2,2886393.0,16103750.0
2012-08-29,47.17,47.34,45.86,45.61,3923611.0,22202778.0
2012-08-28,47.01,47.58,47.25,46.84,3246602.0,18668196.0
2012-08-27,48.9,48.9,47.34,47.01,3350595.0,19429066.0
2012-08-24,49.97,50.21,48.98,48.81,2780903.0,16763346.0
2012-08-23,50.05,50.46,50.21,49.8,2551014.0,15564289.0
2012-08-22,50.95,51.2,50.05,49.8,4409366.0,27041504.0
2012-08-21,50.95,51.45,50.95,50.38,4644313.0,28857532.0
2012-08-20,52.43,52.6,51.2,50.3,4198751.0,26003330.0
2012-08-17,52.84,53.01,52.35,52.02,1936998.0,12340311.0
2012-08-16,51.86,52.68,52.6,51.69,2266072.0,14439716.0
2012-08-15,52.43,52.51,51.94,51.94,2314602.0,14718927.0
2012-08-14,52.1,52.43,52.35,51.36,2824960.0,17888166.0
2012-08-13,52.6,52.84,51.86,51.77,2815085.0,17927446.0
2012-08-10,53.17,53.34,52.68,52.6,2233850.0,14372864.0
2012-08-09,53.01,53.42,53.25,52.43,3165700.0,20415938.0
2012-08-08,53.09,53.42,53.17,52.35,3618557.0,23238286.0
2012-08-07,53.25,53.34,53.01,52.76,3107525.0,20061932.0
2012-08-06,52.43,53.09,52.92,52.19,3153369.0,20260508.0
2012-08-03,51.36,52.6,52.6,51.2,2427473.0,15352891.0
2012-08-02,52.51,53.25,51.12,50.95,2927343.0,18620978.0
2012-08-01,51.86,53.42,52.84,51.77,3141570.0,20169236.0
2012-07-31,51.77,52.19,51.94,51.28,3038204.0,19149302.0
2012-07-30,51.28,52.35,51.28,51.03,2462975.0,15488374.0
2012-07-27,50.79,51.28,50.95,50.62,1983130.0,12288010.0
2012-07-26,50.79,51.12,50.54,50.46,1453520.0,8984018.0
2012-07-25,51.2,51.53,50.87,50.7,1206169.0,7502425.0
2012-07-24,51.12,51.69,51.12,51.03,1889631.0,11805657.0
2012-07-23,51.86,52.19,51.2,50.95,2075877.0,12974952.0
2012-07-20,52.27,52.92,52.19,52.02,1762438.0,11233169.0
2012-07-19,52.02,52.92,52.51,51.94,2694688.0,17220586.0
2012-07-18,51.36,52.1,51.86,51.2,1701471.0,10703620.0
2012-07-17,51.2,51.94,51.69,50.95,1371742.0,8617084.0
2012-07-16,52.76,52.84,51.28,51.12,2965126.0,18670016.0
2012-07-13,52.92,53.17,52.6,52.43,2328255.0,14965598.0
2012-07-12,52.02,52.92,52.76,51.53,3673558.0,23430838.0
2012-07-11,50.79,52.76,52.19,50.79,4100567.0,26087582.0
2012-07-10,50.7,51.12,50.7,50.29,1802682.0,11141997.0
2012-07-09,51.77,51.86,50.54,50.46,2838652.0,17716418.0
2012-07-06,51.28,51.86,51.69,50.62,2563881.0,15999211.0
2012-07-05,52.35,52.35,51.03,50.87,2577660.0,16108066.0
2012-07-04,52.51,53.17,52.51,52.19,2203801.0,14051560.0
2012-07-03,53.17,53.66,52.51,52.1,3288691.0,21213784.0
2012-07-02,53.09,53.5,53.01,52.84,2795580.0,18099114.0
2012-06-29,52.27,53.17,53.09,51.77,2523147.0,16108944.0
2012-06-28,53.91,54.08,52.84,52.68,2779944.0,17999858.0
2012-06-27,54.32,54.57,53.99,53.75,1963255.0,12907575.0
2012-06-26,53.83,54.4,54.24,53.5,2458117.0,16127800.0
2012-06-25,54.9,55.14,53.58,53.42,3610524.0,24045306.0
2012-06-21,56.87,56.87,54.73,54.73,3510106.0,23634046.0
2012-06-20,56.87,57.12,56.54,56.46,2434734.0,16811010.0
2012-06-19,56.95,57.36,56.54,56.21,3288870.0,22691504.0
2012-06-18,56.95,57.28,56.79,56.62,3459590.0,23958496.0
2012-06-15,56.95,57.12,56.62,56.05,2790788.0,19225074.0
2012-06-14,57.53,57.61,56.54,56.38,3730441.0,25936402.0
2012-06-13,56.7,57.53,57.53,55.97,5093574.0,35186844.0
2012-06-12,57.44,57.44,56.79,56.54,2903946.0,20091970.0
2012-06-11,57.12,57.77,57.69,56.38,2897384.0,20175754.0
2012-06-08,57.69,57.77,56.79,56.7,3569375.0,24857012.0
2012-06-07,57.44,57.68,56.79,56.38,3313862.0,23331240.0
2012-06-06,57.44,57.44,56.79,56.54,3553854.0,24985716.0
2012-06-05,56.95,57.52,56.87,56.71,4789338.0,33744064.0
2012-06-04,59.14,59.14,57.03,56.71,11143398.0,79388968.0
2012-06-01,60.84,61.57,60.03,59.87,6153191.0,46085084.0
2012-05-31,60.76,61.73,61.16,60.35,6818974.0,51448600.0
2012-05-30,62.62,62.62,61.16,60.11,12862013.0,97169808.0
2012-05-29,62.78,63.67,62.62,61.81,17215048.0,133088336.0
2012-05-28,61.32,63.51,63.02,58.97,21406588.0,163792816.0
2012-05-25,60.03,62.13,61.32,59.14,17264620.0,130333856.0
2012-05-24,60.27,61.97,59.95,59.7,9205705.0,69062632.0
2012-05-23,58.97,60.35,59.62,58.73,6783995.0,49886168.0
2012-05-22,59.54,59.54,59.05,58.41,5784217.0,42032852.0
2012-05-21,57.76,60.76,59.3,57.52,11139115.0,81719128.0
2012-05-18,57.11,57.19,56.38,55.98,3101351.0,21597824.0
2012-05-17,56.22,57.52,57.35,56.22,2926623.0,20592020.0
2012-05-16,57.44,57.52,56.22,55.9,4025302.0,28183192.0
2012-05-15,57.27,57.35,57.35,56.71,3673803.0,25856986.0
2012-05-14,58.0,58.65,57.68,57.52,4157839.0,29856536.0
2012-05-11,58.33,58.73,57.52,57.52,4678858.0,33488778.0
2012-05-10,58.97,59.22,58.33,58.16,4595109.0,33338280.0
2012-05-09,60.84,60.84,58.73,58.57,6419971.0,47078812.0
2012-05-08,59.87,61.24,61.16,59.54,8168428.0,61084484.0
2012-05-07,60.03,60.19,59.87,59.22,5380739.0,39578784.0
2012-05-04,60.76,60.76,60.27,59.87,4467270.0,33267388.0
2012-05-03,59.78,61.08,60.11,59.3,6704289.0,49715104.0
2012-05-02,60.84,62.13,60.19,59.95,7273478.0,54674864.0
2012-04-27,61.0,61.57,59.7,59.22,8350121.0,61964752.0
2012-04-26,62.05,64.64,61.65,60.76,16623464.0,128607624.0
2012-04-25,59.14,62.86,62.05,57.76,17183170.0,129053376.0
2012-04-24,58.73,60.19,59.05,56.71,11209317.0,80898464.0
2012-04-20,57.84,60.51,59.78,57.76,10512541.0,77440912.0
2012-04-19,58.57,58.57,58.24,57.6,5838498.0,41954076.0
2012-04-18,56.06,58.97,58.65,55.98,12405491.0,89035536.0
2012-04-17,56.54,56.95,55.81,55.73,3959897.0,27441616.0
2012-04-16,55.9,57.35,56.71,55.41,4700710.0,32994490.0
2012-04-13,56.06,56.62,56.14,55.73,5495556.0,38127852.0
2012-04-12,54.92,56.38,56.06,54.68,5272190.0,36239688.0
2012-04-11,54.03,55.25,54.76,53.71,3225893.0,21751490.0
2012-04-10,53.38,54.76,54.76,52.09,3787307.0,24931450.0
2012-04-09,54.44,54.6,53.38,53.3,3230264.0,21548696.0
2012-04-06,54.19,54.68,54.68,53.79,4339530.0,29036504.0
2012-04-05,53.22,54.36,54.11,53.06,4540438.0,30190058.0
2012-03-30,53.63,54.03,52.9,52.66,3255151.0,21337358.0
2012-03-29,54.36,54.36,53.38,52.82,4108543.0,27180694.0
2012-03-28,58.16,58.33,54.44,54.36,5841459.0,40378320.0
2012-03-27,58.73,58.97,58.24,58.08,3107219.0,22477628.0
2012-03-26,58.16,58.73,58.49,57.84,2678611.0,19281746.0
2012-03-23,58.97,59.3,58.33,58.16,4103951.0,29621516.0
2012-03-22,59.3,60.43,59.38,58.97,5797747.0,42713880.0
2012-03-21,58.49,60.19,59.3,58.24,6009558.0,43870648.0
2012-03-20,59.7,59.7,58.24,58.08,5521011.0,39918924.0
2012-03-19,58.97,59.87,59.7,58.81,5344893.0,39181968.0
2012-03-16,58.33,59.38,59.22,58.0,5524119.0,40077096.0
2012-03-15,60.19,60.51,58.33,57.92,8820461.0,64242376.0
2012-03-14,64.4,64.72,59.95,59.78,13807951.0,106608496.0
2012-03-13,63.59,64.16,64.0,63.1,7108883.0,55839672.0
2012-03-12,63.27,63.91,63.59,62.94,6731755.0,52674452.0
2012-03-09,62.62,63.19,63.19,62.13,7238591.0,56092756.0
2012-03-08,62.05,62.94,62.62,61.57,10252856.0,78748720.0
2012-03-07,62.86,63.27,61.97,61.81,9922579.0,76581560.0
2012-03-06,65.7,65.7,63.67,63.27,8606372.0,68225216.0
2012-03-05,64.4,66.27,65.62,64.08,10695204.0,86252672.0
2012-03-02,63.02,65.78,64.32,63.02,9917410.0,79225840.0
2012-03-01,63.19,63.83,63.02,62.7,5191127.0,40544800.0
2012-02-29,63.27,65.05,63.51,61.81,13609550.0,107273696.0
2012-02-28,63.51,63.75,63.59,62.13,9976666.0,77480704.0
2012-02-27,63.1,64.97,63.84,62.62,13021621.0,102632008.0
2012-02-24,62.13,63.1,62.94,61.57,9808979.0,75589480.0
2012-02-23,62.62,63.91,62.05,61.32,13133649.0,101502376.0
2012-02-22,59.54,63.83,62.3,59.14,16867268.0,127959112.0
2012-02-21,59.14,59.54,59.54,58.08,5868479.0,42597980.0
2012-02-20,59.62,59.87,58.97,58.57,8612421.0,62855684.0
2012-02-17,60.11,60.67,58.89,58.57,6852190.0,50075756.0
2012-02-16,59.05,60.11,59.87,58.65,10261753.0,75379696.0
2012-02-15,57.68,59.46,59.22,57.68,7503265.0,54418132.0
2012-02-14,58.33,58.81,58.0,57.68,6159975.0,44250808.0
2012-02-13,57.11,59.14,58.57,56.95,7464604.0,53588904.0
2012-02-10,57.52,58.81,57.68,56.95,8889008.0,63378360.0
2012-02-09,56.3,58.16,57.52,56.14,10318176.0,73203592.0
2012-02-08,54.44,56.46,56.3,54.36,6082115.0,41675324.0
2012-02-07,56.3,56.3,54.6,54.36,5104572.0,34814484.0
2012-02-06,56.87,56.95,56.3,55.73,3883623.0,27023694.0
2012-02-03,55.57,56.79,56.46,55.25,5064334.0,35075540.0
2012-02-02,54.68,55.81,55.73,54.68,3019932.0,20574678.0
2012-02-01,55.09,55.81,54.68,54.19,2876580.0,19557522.0
2012-01-31,55.33,55.81,55.33,54.19,3123243.0,21248620.0
2012-01-30,56.71,56.79,55.41,55.41,4960526.0,34245368.0
2012-01-20,55.57,57.11,56.38,55.17,5053927.0,35049852.0
2012-01-19,55.17,56.46,55.25,54.84,4937991.0,33870676.0
2012-01-18,55.9,57.84,55.33,55.09,8558521.0,59968308.0
2012-01-17,52.41,56.3,55.73,52.17,5967938.0,40242012.0
2012-01-16,53.22,54.52,52.74,52.66,3696110.0,24352318.0
2012-01-13,55.9,56.38,53.87,53.63,5780336.0,38894364.0
2012-01-12,55.9,57.52,55.73,55.33,8531225.0,59387788.0
2012-01-10,54.68,56.87,56.46,54.19,10562702.0,72423808.0
2012-01-09,52.82,54.68,54.6,52.41,7848538.0,52228580.0
2012-01-06,51.84,53.38,52.82,50.23,4999689.0,32079688.0
2012-01-05,50.23,53.22,51.84,49.58,7017077.0,44593284.0
2012-01-04,53.14,53.55,50.95,50.95,4555660.0,29395148.0
