date,open,high,close,low,volume,amount
2015-07-10,88.04,91.92,91.92,85.96,6899526.0,240427552.0
2015-07-09,71.01,83.56,83.56,71.01,14343352.0,444934560.0
2015-07-08,72.36,83.35,75.96,72.36,40481316.0,1167909504.0
2015-07-07,83.35,88.54,80.41,80.41,8015584.0,252051280.0
2015-07-06,106.46,106.46,89.34,87.13,17746732.0,648020352.0
2015-07-03,101.07,111.51,96.82,96.82,15065096.0,579072256.0
2015-07-02,120.65,123.73,107.58,107.58,14042873.0,613521408.0
2015-07-01,130.24,136.78,119.53,119.53,15469893.0,774502272.0
2015-06-30,121.38,132.84,132.82,109.66,16471977.0,766283072.0
2015-06-29,136.78,139.88,121.33,120.32,15837370.0,781966272.0
2015-06-26,141.96,145.32,133.68,133.68,12716473.0,674386816.0
2015-06-25,156.08,160.01,148.53,143.26,15894127.0,940369344.0
2015-06-24,156.03,162.28,156.05,152.07,21182468.0,1279718528.0
2015-06-23,142.59,151.86,151.83,130.24,16300890.0,891604672.0
2015-06-19,140.66,149.72,138.06,137.66,12723553.0,701233728.0
2015-06-18,155.72,156.03,145.03,143.26,10944782.0,634887488.0
2015-06-17,151.08,157.59,156.57,141.99,14918235.0,855535616.0
2015-06-16,163.22,163.66,151.68,151.42,18107504.0,1083883776.0
2015-06-15,178.69,187.36,168.24,166.6,17168496.0,1167708288.0
2015-06-12,171.42,182.6,178.56,171.42,19241440.0,1324185856.0
2015-06-11,167.49,174.52,171.68,167.23,13232063.0,871473856.0
2015-06-10,167.78,174.44,170.59,164.13,13545556.0,883667200.0
2015-06-09,167.23,174.13,170.35,160.87,13381873.0,870691648.0
2015-06-08,180.25,180.25,169.0,167.75,17294558.0,1132855424.0
2015-06-05,184.34,192.7,181.58,177.15,22297798.0,1593904256.0
2015-06-04,184.63,187.94,178.95,165.98,22259800.0,1489072000.0
2015-06-03,193.15,197.44,184.42,182.34,27161174.0,1967618816.0
2015-06-02,192.75,204.4,198.75,185.93,33576444.0,2543769088.0
2015-06-01,170.72,185.83,185.83,165.3,26541396.0,1810729856.0
2015-05-29,163.27,176.53,168.92,156.57,35366696.0,2298217216.0
2015-05-28,177.31,193.75,163.27,161.52,44995004.0,3127267072.0
2015-05-27,160.19,176.74,176.74,156.34,37427484.0,2444516096.0
2015-05-26,158.89,160.66,160.66,151.86,43241200.0,2617269760.0
2015-05-25,135.45,146.05,146.05,135.42,16688967.0,909260992.0
2015-05-22,130.63,134.15,132.77,128.88,19436804.0,982537088.0
2015-05-21,129.04,130.5,129.9,125.89,15863833.0,781009152.0
2015-05-20,130.0,135.45,129.02,127.66,19444488.0,987830080.0
2015-05-19,128.94,131.83,129.75,127.61,13359019.0,663747328.0
2015-05-18,132.58,134.93,129.72,129.35,18245660.0,918001280.0
2015-05-15,124.93,134.15,132.56,124.33,30240308.0,1517410816.0
2015-05-14,119.43,130.24,125.55,119.43,26335586.0,1271254656.0
2015-05-13,122.19,122.22,119.17,118.78,14050268.0,649679680.0
2015-05-12,118.91,122.82,122.74,118.49,18560020.0,863226112.0
2015-05-11,117.19,118.65,118.36,114.56,11375108.0,511900672.0
2015-05-08,113.49,115.89,115.31,112.53,8481225.0,373195936.0
2015-05-07,111.38,113.41,112.92,110.18,8247071.0,353936800.0
2015-05-06,115.13,116.98,111.46,108.62,11451681.0,502560192.0
2015-05-05,121.38,123.7,115.39,115.39,12565587.0,575938816.0
2015-05-04,118.0,121.12,121.12,115.6,13132109.0,598923200.0
2015-04-30,119.17,121.36,118.15,118.0,11068649.0,507195168.0
2015-04-29,116.43,120.06,117.69,113.57,11301730.0,507352864.0
2015-04-28,124.69,124.98,116.85,116.83,15804324.0,725674560.0
2015-04-27,123.68,128.42,123.88,123.68,18833864.0,907881792.0
2015-04-24,120.97,127.64,123.26,120.11,21321844.0,1020260672.0
2015-04-23,122.61,123.65,122.19,119.82,17149356.0,802363456.0
2015-04-22,121.64,123.86,122.5,119.82,19006036.0,891478208.0
2015-04-21,118.26,128.55,122.22,118.26,30576000.0,1446548736.0
2015-04-20,109.27,118.52,118.13,105.75,28832500.0,1260925824.0
2015-04-17,108.88,112.53,110.57,107.94,14832394.0,627504000.0
2015-04-16,104.69,109.61,107.68,103.91,10345527.0,427809184.0
2015-04-15,110.7,111.25,106.12,106.02,11667733.0,485006880.0
2015-04-14,114.22,114.22,111.75,111.43,11922064.0,515265728.0
2015-04-13,112.11,117.14,114.4,110.47,13894497.0,608858432.0
2015-04-10,109.32,112.53,112.11,107.6,11120767.0,476814720.0
2015-04-09,115.76,115.91,110.44,105.1,19417932.0,824289152.0
2015-04-08,121.17,122.45,116.44,114.61,20519254.0,933411712.0
2015-04-07,119.82,122.03,120.73,118.81,17843568.0,826221888.0
2015-04-03,119.56,119.82,119.51,117.35,16641437.0,758144128.0
2015-04-02,121.77,122.3,119.95,118.54,18724376.0,862166080.0
2015-04-01,116.96,122.11,121.77,116.17,27743544.0,1283729920.0
2015-03-31,113.91,118.81,117.06,113.91,26338920.0,1178022656.0
2015-03-30,113.47,114.56,113.91,111.9,12721944.0,551248256.0
2015-03-27,114.92,117.09,113.33,112.92,12716536.0,558305664.0
2015-03-26,110.7,115.08,114.61,109.4,24320404.0,1063724608.0
2015-03-25,112.92,113.26,110.94,110.18,15390323.0,656621696.0
2015-03-24,114.12,116.33,112.81,109.4,21061692.0,919566784.0
2015-03-23,112.5,114.58,113.59,111.88,16971008.0,739908928.0
2015-03-20,112.06,114.48,112.61,111.41,15530850.0,672365376.0
2015-03-19,115.39,115.39,112.06,111.36,23836444.0,1032708352.0
2015-03-18,116.69,118.94,116.1,114.09,21606978.0,960242048.0
2015-03-17,116.17,121.12,116.36,114.01,27112950.0,1221353088.0
2015-03-16,110.81,117.74,116.04,108.57,28829518.0,1251392640.0
2015-03-13,110.76,114.53,110.31,106.85,21237056.0,899434368.0
2015-03-12,104.43,115.0,110.23,103.15,31745444.0,1340614656.0
2015-03-11,98.15,106.46,104.77,97.94,32438274.0,1284314624.0
2015-03-10,98.46,100.28,98.75,97.94,13138218.0,500871904.0
2015-03-09,100.05,100.05,99.06,96.38,15448097.0,583611712.0
2015-03-06,95.08,101.3,100.55,94.94,26080552.0,986379520.0
2015-03-05,96.25,96.25,95.08,94.32,10399823.0,379116000.0
2015-03-04,97.16,98.36,96.38,95.54,11432676.0,424369824.0
2015-03-03,98.75,99.61,97.34,97.03,12429375.0,467851840.0
2015-03-02,98.57,99.35,98.7,97.63,11073200.0,417571264.0
2015-02-27,97.52,101.48,98.44,97.16,15528488.0,592144320.0
2015-02-26,95.83,98.07,96.77,95.36,9789527.0,363399808.0
2015-02-25,98.28,98.67,96.19,94.55,13023491.0,483118656.0
2015-02-17,92.81,101.59,98.12,91.98,20502636.0,771466240.0
2015-02-16,93.15,94.03,92.81,91.74,8532185.0,304527904.0
2015-02-13,88.85,92.47,92.24,88.85,11745873.0,412155168.0
2015-02-12,89.34,89.87,88.12,88.04,5908728.0,202174816.0
2015-02-11,87.5,89.73,88.88,86.97,6535445.0,222494512.0
2015-02-10,85.72,87.57,87.52,84.81,6353390.0,209997696.0
2015-02-09,87.0,88.28,85.96,85.67,6335466.0,211685888.0
2015-02-06,91.64,91.64,86.69,85.65,11408846.0,386235136.0
2015-02-05,95.47,95.47,91.9,91.9,10785139.0,385864128.0
2015-02-04,96.85,96.85,94.81,94.71,8189183.0,300481024.0
2015-02-03,93.83,96.85,96.12,93.54,9385500.0,345244160.0
2015-02-02,92.99,94.79,93.25,92.42,6786239.0,243407280.0
2015-01-30,94.68,96.59,94.35,94.29,9039378.0,331625888.0
2015-01-29,96.38,96.38,93.93,92.99,8776002.0,319008928.0
2015-01-28,99.14,99.5,96.4,96.12,11584262.0,432846432.0
2015-01-27,97.99,100.28,98.96,97.21,14889170.0,565370240.0
2015-01-26,100.28,101.87,98.12,96.48,19416858.0,733276096.0
2015-01-23,101.59,103.36,100.28,100.02,22090772.0,858199936.0
2015-01-22,97.76,106.75,103.44,95.57,36016288.0,1383108864.0
2015-01-21,97.03,98.96,97.68,95.2,24238404.0,899327808.0
2015-01-20,95.52,99.63,97.37,95.52,24434534.0,912850624.0
2015-01-19,90.65,100.55,95.13,90.13,33477524.0,1235853568.0
2015-01-16,90.72,95.7,94.37,89.08,27255932.0,973951488.0
2015-01-15,91.14,95.73,91.66,89.87,35708816.0,1271928704.0
2015-01-14,83.09,91.43,91.43,82.13,37053728.0,1273393024.0
2015-01-13,81.45,83.77,83.12,81.09,9020096.0,286577056.0
2015-01-12,83.28,83.28,81.09,80.38,11665587.0,365746560.0
2015-01-09,86.74,88.02,84.63,84.55,14067644.0,466990336.0
2015-01-08,86.64,88.54,87.03,86.25,14346152.0,482613632.0
2015-01-07,88.3,88.48,86.64,85.59,14415786.0,480484416.0
2015-01-06,84.79,89.87,88.43,83.25,27047072.0,903169984.0
2015-01-05,84.0,86.79,84.84,82.18,18088586.0,588223872.0
2014-12-31,79.32,85.05,83.35,79.32,19812704.0,625497664.0
2014-12-30,83.72,85.05,79.84,79.47,18550774.0,586470208.0
2014-12-29,85.67,85.75,83.82,82.57,18837788.0,608038720.0
2014-12-26,87.31,89.61,87.13,86.69,18218204.0,613669696.0
2014-12-25,84.66,91.17,88.61,83.38,27807056.0,925923456.0
2014-12-24,82.57,86.97,86.38,82.47,24542966.0,797976640.0
2014-12-23,89.61,92.03,82.96,82.31,29392204.0,992268480.0
2014-12-22,91.17,95.08,88.82,87.76,33037344.0,1144158976.0
2014-12-19,97.52,104.71,96.33,94.4,58996172.0,2179123968.0
2014-12-18,93.75,109.38,104.89,93.75,81325384.0,3128848640.0
2014-12-17,103.07,103.07,103.07,103.07,1345600.0,53245392.0
2014-12-16,114.53,114.53,114.53,114.53,969500.0,42628916.0
2014-12-15,127.27,127.27,127.27,127.27,1215400.0,59384444.0
2014-11-17,140.37,143.19,141.41,138.31,5254593.0,285008960.0
2014-11-14,134.49,139.36,136.36,134.49,5569240.0,293879104.0
2014-11-13,138.84,138.97,134.49,134.41,7317442.0,382014880.0
2014-11-12,138.05,140.56,139.25,137.53,5673097.0,303328256.0
2014-11-11,140.66,145.84,139.85,138.6,8945158.0,486286016.0
2014-11-10,142.95,144.18,141.99,140.4,5443098.0,295561856.0
2014-11-07,144.54,146.39,142.98,141.86,8255633.0,456982656.0
2014-11-06,143.06,143.26,142.61,139.88,6098992.0,331211648.0
2014-11-05,138.13,146.6,143.0,138.05,9241851.0,509398336.0
2014-11-04,142.43,142.43,139.69,139.38,5981566.0,322337952.0
2014-11-03,141.6,145.14,142.87,141.44,6598019.0,363379840.0
2014-10-31,141.91,142.87,141.7,140.66,4607946.0,250409808.0
2014-10-30,143.11,144.38,141.57,141.36,6263524.0,342827520.0
2014-10-29,141.7,144.96,143.06,140.95,8693005.0,476612864.0
2014-10-28,136.7,142.74,142.61,136.7,8149951.0,439726208.0
2014-10-27,138.05,138.05,136.49,133.57,5121812.0,267655008.0
2014-10-24,139.17,141.39,138.89,138.57,4661331.0,250415248.0
2014-10-23,142.98,143.84,140.24,139.88,6615811.0,359551136.0
2014-10-22,144.83,146.49,143.39,142.82,7099035.0,394637824.0
2014-10-21,143.81,146.6,144.31,142.48,6044467.0,334362752.0
2014-10-20,143.26,145.66,144.57,143.26,6303135.0,349734048.0
2014-10-17,145.56,146.91,143.39,139.23,15666784.0,860325120.0
2014-10-16,154.33,154.72,146.26,146.18,21050112.0,1212035456.0
2014-10-15,158.87,159.67,155.77,154.1,19202928.0,1151725056.0
2014-10-14,145.35,160.3,159.21,145.35,38738984.0,2319041536.0
2014-10-13,148.5,149.23,146.08,144.78,10282081.0,577279104.0
2014-10-10,148.21,150.69,149.25,146.39,13774574.0,787637184.0
2014-10-09,149.78,150.19,148.71,146.65,10591268.0,603864768.0
2014-10-08,147.43,149.07,149.0,145.95,8927742.0,506925664.0
2014-09-30,146.26,149.78,147.04,145.71,8813846.0,499029952.0
2014-09-29,146.13,147.41,145.79,145.61,8121975.0,455924928.0
2014-09-26,151.0,151.0,146.13,145.09,11781386.0,664672704.0
2014-09-25,148.92,153.14,149.72,148.24,15594408.0,903273408.0
2014-09-24,148.21,150.97,148.29,146.7,13852949.0,790900032.0
2014-09-23,143.78,148.16,147.38,143.78,8813324.0,497686368.0
2014-09-22,147.8,148.99,144.83,144.83,8974327.0,505220160.0
2014-09-19,147.95,149.15,147.98,146.39,9106636.0,516778272.0
2014-09-18,147.17,147.38,146.42,144.83,8883446.0,498414048.0
2014-09-17,154.15,154.93,148.47,142.74,25101736.0,1422518272.0
2014-09-16,157.33,165.43,157.02,154.72,27584702.0,1698955264.0
2014-09-15,157.77,159.41,156.81,155.17,11932520.0,717760000.0
2014-09-12,157.02,160.98,157.77,155.64,16580223.0,1010314432.0
2014-09-11,155.9,158.29,155.25,153.42,13212153.0,789875840.0
2014-09-10,156.31,158.58,156.0,154.31,14300524.0,857690624.0
2014-09-09,161.5,162.54,158.5,158.37,21738140.0,1334882816.0
2014-09-05,158.87,169.05,163.61,157.07,32152162.0,2025563008.0
2014-09-04,158.63,162.7,159.47,156.16,24188544.0,1479486336.0
2014-09-03,158.11,164.52,159.41,156.11,26966682.0,1657449216.0
2014-09-02,159.65,160.32,157.98,152.98,26731836.0,1612648192.0
2014-09-01,157.59,160.72,158.06,155.72,20237232.0,1230615680.0
2014-08-29,147.17,160.4,157.46,145.87,25611788.0,1515967232.0
2014-08-28,147.54,150.79,146.55,144.33,12902998.0,726627136.0
2014-08-27,149.12,153.27,149.1,148.47,14501206.0,839826048.0
2014-08-26,151.86,151.86,148.16,146.03,16970760.0,967136256.0
2014-08-25,157.59,160.35,153.11,153.03,16607814.0,990132352.0
2014-08-22,161.21,164.75,158.71,155.64,23595676.0,1442027264.0
2014-08-21,161.5,171.79,163.22,161.26,34531352.0,2202043136.0
2014-08-20,150.58,167.96,164.05,149.59,44801188.0,2773069568.0
2014-08-19,144.75,156.0,153.03,142.74,37185096.0,2144765952.0
2014-08-18,143.08,145.16,144.15,142.87,11930208.0,659488448.0
2014-08-15,144.18,145.56,143.73,141.0,13860814.0,761683456.0
2014-08-14,148.5,148.68,144.57,142.77,21597784.0,1204629376.0
2014-08-13,151.86,154.54,150.66,149.44,18495096.0,1079662592.0
2014-08-12,150.22,152.38,151.23,147.51,16195725.0,935397632.0
2014-08-11,147.95,151.86,149.25,147.17,12320299.0,706087808.0
2014-08-08,153.66,154.44,148.47,147.9,21082672.0,1215946880.0
2014-08-07,152.88,154.93,151.94,149.78,19742180.0,1155487360.0
2014-08-06,150.79,157.54,152.9,149.25,21958554.0,1300862080.0
2014-08-05,152.64,154.49,151.08,147.17,18967780.0,1100778368.0
2014-08-04,152.38,154.88,151.62,150.53,17175776.0,1004550784.0
2014-08-01,156.7,162.8,153.29,152.69,28741942.0,1729118208.0
2014-07-31,148.47,166.73,160.59,146.81,41749448.0,2535305984.0
2014-07-30,154.99,158.89,151.78,145.89,32399748.0,1905530240.0
2014-07-29,153.01,159.15,153.68,150.09,30907960.0,1834390784.0
2014-07-28,145.87,156.21,153.19,143.73,28452072.0,1632532096.0
2014-07-25,141.18,144.8,142.9,138.39,19092596.0,1045860928.0
2014-07-24,149.46,150.97,141.13,137.04,34615024.0,1888685568.0
2014-07-23,150.24,160.4,152.25,148.99,28441514.0,1705757696.0
2014-07-22,153.71,157.2,152.56,150.48,29870680.0,1763277056.0
2014-07-21,147.9,159.52,159.52,145.03,41017368.0,2373745920.0
2014-07-18,150.56,156.29,145.01,142.12,41654232.0,2369152256.0
2014-07-17,169.31,169.31,155.9,155.9,28107296.0,1737314816.0
2014-07-16,177.0,180.59,173.22,171.66,20370280.0,1375320320.0
2014-07-15,177.13,181.68,179.94,169.0,30458232.0,2049012992.0
2014-07-14,186.97,189.11,176.53,176.27,35529084.0,2454736896.0
2014-07-11,173.63,187.54,186.97,171.92,35581744.0,2479061248.0
2014-07-10,166.03,174.52,170.82,162.28,27480916.0,1784144640.0
2014-07-09,173.35,188.04,168.4,167.44,41350928.0,2807835136.0
2014-07-08,175.82,178.95,178.17,162.93,38597252.0,2541243904.0
2014-07-07,162.31,171.81,171.81,158.55,32051452.0,2059657216.0
2014-07-04,140.79,156.18,156.18,140.79,43856504.0,2557409792.0
2014-07-03,145.32,145.82,141.99,139.49,31849496.0,1739303168.0
2014-07-02,153.97,157.22,148.6,143.71,33002314.0,1897476352.0
2014-07-01,153.68,160.66,153.87,148.16,36936104.0,2194609664.0
2014-06-30,143.13,153.68,153.68,138.08,33811672.0,1923331456.0
2014-06-27,136.88,148.47,140.37,133.39,44903668.0,2415368192.0
2014-06-26,123.73,135.24,135.24,121.38,33702216.0,1678896640.0
2014-06-25,128.57,129.93,122.95,119.51,40099556.0,1918667008.0
2014-06-24,114.87,124.22,124.22,114.32,32610904.0,1496579840.0
2014-06-23,103.59,112.92,112.92,103.02,35555720.0,1493907712.0
2014-06-20,101.07,102.76,102.66,99.32,23918994.0,930482688.0
2014-06-19,109.19,110.48,101.46,98.23,36672396.0,1453044864.0
2014-06-18,108.43,115.71,108.72,106.69,39306056.0,1678849408.0
2014-06-17,110.56,113.11,106.66,106.14,35858080.0,1509595136.0
2014-06-16,101.48,112.46,112.46,101.48,39418588.0,1641837824.0
2014-06-13,100.18,106.4,102.24,98.99,43798412.0,1714627456.0
2014-06-12,89.96,98.13,98.13,88.48,34868984.0,1262811648.0
2014-06-11,81.77,89.2,89.2,81.17,31279310.0,1021558720.0
2014-06-10,80.65,85.72,82.42,80.0,30804998.0,978501440.0
2014-06-09,75.0,83.72,81.69,75.0,33674640.0,1027830720.0
2014-06-06,76.22,80.52,76.09,75.13,29023854.0,867802304.0
2014-06-05,75.21,76.3,75.81,74.4,15005476.0,435379744.0
2014-06-04,77.0,77.6,75.78,73.1,23127740.0,665984960.0
2014-06-03,77.5,78.8,76.95,75.96,24718388.0,732949120.0
2014-05-30,78.05,79.55,76.3,75.47,37218964.0,1106271744.0
2014-05-29,71.33,79.24,79.24,71.07,49080700.0,1426857856.0
2014-05-28,71.28,75.62,72.03,70.19,48668112.0,1355172608.0
2014-05-27,70.5,72.84,69.38,69.38,63866368.0,1746063744.0
2014-05-26,69.85,69.85,69.85,67.95,52074760.0,1390184832.0
2014-05-23,63.5,63.5,63.5,63.5,8840869.0,215805616.0
2014-05-22,57.73,57.73,57.73,57.73,1130974.0,25096314.0
2014-05-21,52.47,52.47,52.47,52.47,746072.0,15048272.0
2014-05-20,47.71,47.71,47.71,47.71,502898.0,9223149.0
2014-05-19,43.37,43.37,43.37,43.37,258686.0,4312296.0
2013-12-20,40.82,41.1,39.41,39.36,4404765.0,67574144.0
2013-12-19,41.23,41.62,40.82,40.77,2527666.0,39998536.0
2013-12-18,41.94,41.94,41.13,41.03,2896203.0,46094928.0
2013-12-17,41.78,42.3,41.65,41.39,2442693.0,39198036.0
2013-12-16,42.35,42.64,41.78,41.7,3001894.0,48412276.0
2013-12-13,41.81,42.48,42.35,41.36,3646076.0,59016288.0
2013-12-12,41.91,42.2,41.88,41.62,3028431.0,48848012.0
2013-12-11,42.27,42.53,41.94,41.83,4198217.0,67993008.0
2013-12-10,42.27,42.51,42.27,41.57,4527773.0,73030976.0
2013-12-09,42.25,42.72,42.07,41.78,4641404.0,74995160.0
2013-12-06,42.9,43.19,42.22,42.14,3685804.0,60490648.0
2013-12-05,42.33,43.37,42.69,42.33,4349153.0,71704096.0
2013-12-04,43.08,43.34,42.61,42.3,5835067.0,95966456.0
2013-12-03,41.36,42.53,42.25,40.61,5407268.0,87130432.0
2013-12-02,44.8,44.82,41.49,41.29,12325666.0,203980176.0
2013-11-29,44.75,46.52,45.86,44.35,13078263.0,230158416.0
2013-11-28,45.4,45.4,44.85,44.56,7927672.0,136951296.0
2013-11-27,43.91,45.21,45.14,43.52,8855274.0,151470224.0
2013-11-26,44.41,44.62,43.68,43.5,5764586.0,97104752.0
2013-11-25,45.53,46.05,44.41,44.09,9749035.0,169012752.0
2013-11-22,44.25,45.89,44.75,43.65,11658574.0,201948224.0
2013-11-21,44.62,45.34,44.12,43.84,10177799.0,173979728.0
2013-11-20,43.11,45.27,45.03,42.3,17839700.0,303659776.0
2013-11-19,42.51,43.7,42.69,42.4,5939000.0,98236536.0
2013-11-18,42.27,43.52,42.85,42.14,8746640.0,144524560.0
2013-11-15,41.03,42.64,42.04,40.84,8246479.0,133060624.0
2013-11-14,40.66,41.23,41.23,38.84,8712910.0,134254992.0
2013-11-13,42.38,42.9,41.03,41.03,5938062.0,96134104.0
2013-11-12,41.6,41.83,41.73,41.1,3276132.0,52296064.0
2013-11-11,41.49,42.01,41.34,40.84,3095184.0,49407876.0
2013-11-08,41.13,41.99,41.1,40.66,4476128.0,71060376.0
2013-11-07,43.58,43.58,41.49,41.36,8353163.0,135406736.0
2013-11-06,45.14,45.47,43.7,43.7,7401311.0,126785888.0
2013-11-05,45.01,45.24,45.14,44.23,6839648.0,117719912.0
2013-11-04,44.64,45.53,44.59,44.17,6385233.0,110132792.0
2013-11-01,43.47,45.21,44.8,42.69,7756109.0,132045096.0
2013-10-31,44.75,45.24,43.68,43.45,6972378.0,118883040.0
2013-10-30,43.6,45.27,44.98,43.58,9912064.0,169753184.0
2013-10-29,43.21,44.75,44.33,39.8,15696530.0,256414352.0
2013-10-28,45.27,45.63,43.21,43.19,7873012.0,133848240.0
2013-10-25,44.77,45.6,45.01,43.99,9252776.0,159562672.0
2013-10-24,46.7,46.72,44.67,44.23,13089030.0,229752512.0
2013-10-23,51.38,52.39,46.72,46.44,20085310.0,378366560.0
2013-10-22,50.99,53.93,51.46,50.81,21318162.0,430489312.0
2013-10-21,50.31,52.6,51.51,49.61,16937148.0,334886528.0
2013-10-18,49.61,50.78,50.57,47.87,15930109.0,301607104.0
2013-10-17,50.91,52.24,49.77,48.99,17125568.0,330418944.0
2013-10-16,49.43,53.54,51.07,49.17,33051986.0,656145024.0
2013-10-15,47.42,51.72,49.95,46.83,28150136.0,537918848.0
2013-10-14,46.8,48.47,47.03,46.57,14767136.0,269635904.0
2013-10-11,46.83,49.04,47.3,46.77,20691370.0,379977888.0
2013-10-10,45.81,47.74,47.35,44.93,19819898.0,353419488.0
2013-10-09,44.49,46.12,45.68,43.81,12023939.0,208357824.0
2013-10-08,44.49,45.32,44.95,43.05,10391027.0,177299664.0
2013-09-30,45.32,45.92,44.72,44.35,10357070.0,179143888.0
2013-09-27,46.02,47.63,45.45,45.24,17515320.0,311926720.0
2013-09-26,44.64,47.87,46.72,44.12,26175844.0,464376736.0
2013-09-25,44.82,45.5,44.64,43.7,15813365.0,272330848.0
2013-09-24,43.13,47.55,44.75,42.61,27772436.0,486914624.0
2013-09-23,41.81,43.45,43.24,41.7,9593751.0,157708448.0
2013-09-18,42.82,43.34,41.83,41.62,8190175.0,132664712.0
2013-09-17,42.95,43.26,42.46,42.12,9067061.0,148159120.0
2013-09-16,43.78,44.02,43.29,43.0,11140913.0,186371888.0
2013-09-13,42.17,43.91,43.73,42.14,19972756.0,332909056.0
2013-09-12,43.05,43.21,42.09,42.04,11138271.0,182635232.0
2013-09-11,42.22,43.37,43.31,41.26,17020472.0,277546464.0
2013-09-10,42.61,42.8,42.07,41.36,10186518.0,164044784.0
2013-09-09,42.14,43.45,42.61,41.99,13886532.0,227862144.0
2013-09-06,40.4,42.53,42.14,40.38,12771638.0,205212208.0
2013-09-05,41.36,41.7,40.58,40.53,6871064.0,107996792.0
2013-09-04,41.16,41.86,41.57,40.82,8061191.0,128521240.0
2013-09-03,40.38,41.44,41.26,40.35,5810007.0,91774536.0
2013-09-02,40.19,41.47,40.84,40.06,6086844.0,95536608.0
2013-08-30,41.96,41.96,40.3,39.96,12290752.0,192442848.0
2013-08-29,43.78,43.78,42.12,41.96,12204935.0,199745184.0
2013-08-28,42.8,44.46,43.81,42.14,23882394.0,401135936.0
2013-08-27,41.96,43.63,43.34,41.73,17388076.0,286010976.0
2013-08-26,41.26,42.01,41.88,40.82,8245140.0,131399248.0
2013-08-23,42.3,42.43,41.42,40.09,11035258.0,175875728.0
2013-08-22,41.62,42.43,42.04,41.05,10720623.0,172289744.0
2013-08-21,40.53,42.35,41.86,39.85,9138138.0,144607184.0
2013-08-20,40.53,41.1,40.24,39.93,7066833.0,109993944.0
2013-08-19,39.83,40.97,40.82,39.28,6547315.0,101638712.0
2013-08-16,41.57,42.85,40.32,40.32,9871901.0,157731280.0
2013-08-15,42.98,43.03,42.01,41.78,9577374.0,155404128.0
2013-08-14,44.23,44.43,42.92,42.92,12015218.0,200398304.0
2013-08-13,43.78,44.69,44.2,43.45,13745731.0,233045392.0
2013-08-12,41.62,44.75,44.15,41.36,22914056.0,381115168.0
2013-08-09,42.01,42.4,41.62,40.87,7979692.0,127720872.0
2013-08-08,41.31,42.48,41.6,41.1,7765538.0,124919080.0
2013-08-07,42.61,42.8,41.29,40.9,11048116.0,177283472.0
2013-08-06,42.2,42.85,42.61,41.94,11957549.0,195253808.0
2013-08-05,41.39,42.51,42.14,41.1,10981628.0,177069568.0
2013-08-02,41.36,42.01,41.31,40.69,13478280.0,214646864.0
2013-08-01,39.18,41.34,41.1,39.18,11250395.0,175599360.0
2013-07-31,41.1,42.04,40.01,39.93,10816290.0,169368912.0
2013-07-30,39.54,40.01,39.44,38.24,8266086.0,124686080.0
2013-07-29,40.97,40.97,39.13,38.76,12773743.0,194693568.0
2013-07-26,43.31,43.6,41.1,40.63,17210308.0,274710176.0
2013-07-25,43.47,45.6,43.05,42.43,24044340.0,410229568.0
2013-07-24,43.81,44.17,43.37,42.09,15652754.0,259259696.0
2013-07-23,42.4,44.12,43.7,41.91,18213344.0,303730368.0
2013-07-22,41.42,42.4,42.4,40.58,13212899.0,211146528.0
2013-07-19,44.35,44.35,42.4,42.4,26645144.0,442900544.0
2013-07-18,42.2,45.68,44.98,42.2,44799992.0,769603008.0
2013-07-17,43.03,43.7,41.52,41.52,24482192.0,400666624.0
2013-07-16,44.38,44.69,44.04,42.92,20195700.0,340232544.0
2013-07-15,44.35,45.4,44.9,42.92,29087210.0,495602752.0
2013-07-12,43.78,45.16,43.45,43.37,28805888.0,490927200.0
2013-07-11,44.2,45.4,43.91,42.74,43254552.0,732031232.0
2013-07-10,45.84,48.41,46.28,44.75,40933644.0,733600128.0
2013-07-09,45.94,46.8,45.73,43.91,30397016.0,529696192.0
2013-07-08,46.83,48.34,46.57,45.11,51157944.0,921306560.0
2013-07-05,46.02,46.02,46.02,45.66,24239704.0,428783904.0
2013-07-04,39.8,41.83,41.83,39.41,22467670.0,351026912.0
2013-07-03,34.57,38.03,38.03,33.04,13553627.0,186191632.0
2013-07-02,33.56,34.89,34.57,33.48,8521506.0,112566432.0
2013-07-01,32.05,33.74,33.38,31.74,6703386.0,84752664.0
2013-06-28,32.7,33.35,32.05,31.22,6533959.0,80883448.0
2013-06-27,34.47,35.04,32.73,32.55,9943404.0,129805360.0
2013-06-26,33.2,34.52,34.47,32.57,10652312.0,137932448.0
2013-06-25,33.56,34.08,33.22,30.54,12801629.0,159535792.0
2013-06-24,37.33,37.7,33.92,33.48,11100579.0,149604208.0
2013-06-21,37.98,38.71,37.2,36.16,12279254.0,176301616.0
2013-06-20,42.69,43.63,39.65,39.18,17255546.0,273437952.0
2013-06-19,42.4,44.09,43.52,41.57,13519494.0,223733104.0
2013-06-18,45.99,46.31,42.85,42.66,19440052.0,329051104.0
2013-06-17,44.27,46.26,44.76,44.24,20426930.0,357379040.0
2013-06-14,43.62,45.17,43.93,42.95,19940176.0,340568800.0
2013-06-13,42.69,45.07,43.91,40.75,26841428.0,450032064.0
2013-06-07,41.09,43.96,43.75,40.21,32393644.0,531657120.0
2013-06-06,40.23,42.67,41.35,40.23,23552292.0,378838240.0
2013-06-05,40.08,40.26,39.17,38.84,5770782.0,87624504.0
2013-06-04,41.45,41.71,40.03,39.92,8579789.0,134757744.0
2013-06-03,40.26,42.15,41.68,39.69,13941650.0,221513168.0
2013-05-31,40.47,40.86,40.31,39.9,5788305.0,90371752.0
2013-05-30,41.06,41.27,40.47,40.23,8293392.0,130286456.0
2013-05-29,39.46,41.68,41.11,39.3,14860364.0,234498672.0
2013-05-28,39.9,40.08,39.33,38.79,6554000.0,99458552.0
2013-05-27,40.23,40.8,39.82,39.64,7000078.0,108529072.0
2013-05-24,40.36,40.7,40.31,39.56,7227642.0,112131064.0
2013-05-23,39.95,41.24,40.05,39.95,8656118.0,135713264.0
2013-05-22,41.22,41.99,40.52,39.92,11067963.0,174848672.0
2013-05-21,39.43,41.14,41.14,39.1,16991210.0,265454272.0
2013-05-20,38.79,40.03,39.87,37.91,14030823.0,210396448.0
2013-05-17,39.38,39.64,39.48,38.97,7274866.0,110845544.0
2013-05-16,39.69,40.23,39.38,39.05,8623008.0,131931536.0
2013-05-15,40.34,40.34,39.69,39.28,7968382.0,122075800.0
2013-05-14,39.8,40.83,40.21,39.2,13208611.0,205261872.0
2013-05-13,39.15,40.0,39.54,38.48,8075737.0,122658744.0
2013-05-10,39.56,40.6,39.23,38.58,10513841.0,160916000.0
2013-05-09,37.93,40.31,39.25,37.18,14916854.0,225286432.0
2013-05-08,37.03,38.22,37.39,36.85,5876015.0,85482184.0
2013-05-07,37.49,37.83,37.03,36.56,7019517.0,100842072.0
2013-05-06,36.85,38.19,37.62,36.49,10175349.0,147481872.0
2013-05-03,34.68,37.75,37.18,34.52,11407195.0,162051328.0
2013-05-02,34.24,34.49,34.34,33.87,3008353.0,39864408.0
2013-04-26,35.19,35.55,34.24,34.03,4014295.0,53794708.0
2013-04-25,36.28,36.69,35.19,35.19,4800567.0,66345604.0
2013-04-24,35.74,36.56,36.46,35.55,4556677.0,63562264.0
2013-04-23,37.75,37.96,35.71,35.12,6886669.0,97639176.0
2013-04-22,38.01,38.24,37.75,37.39,5994041.0,87668080.0
2013-04-19,39.07,39.3,38.87,38.27,7731397.0,115917232.0
2013-04-18,37.96,38.79,38.79,37.75,3538779.0,52453308.0
2013-04-17,38.01,38.48,38.27,37.57,3262532.0,48173560.0
2013-04-16,37.49,38.19,38.14,37.13,3728300.0,54422556.0
2013-04-15,38.17,38.61,38.06,37.52,4614393.0,67787888.0
2013-04-12,40.6,40.6,38.48,37.62,11431858.0,172954704.0
2013-04-11,42.67,42.67,41.09,40.67,8860910.0,142734624.0
2013-04-10,42.92,43.42,42.98,41.63,8687131.0,143538384.0
2013-04-09,42.87,43.6,42.92,42.35,8029779.0,133417576.0
2013-04-08,41.79,43.8,42.8,41.06,10108807.0,167060480.0
2013-04-03,41.06,42.8,42.51,40.26,9785049.0,157317456.0
2013-04-02,41.66,42.51,41.06,40.86,9103678.0,146066240.0
2013-04-01,42.64,44.24,41.84,41.76,14573150.0,243025984.0
2013-03-29,41.45,43.03,42.64,40.67,14736175.0,239545552.0
2013-03-28,40.11,43.1,41.58,39.56,18814152.0,305105152.0
2013-03-27,39.9,41.63,41.01,39.9,15776881.0,249256512.0
2013-03-26,38.99,38.99,37.99,37.83,4638696.0,68453752.0
2013-03-25,40.05,40.31,39.23,39.05,3748000.0,57165824.0
2013-03-22,40.6,40.6,40.05,39.82,4447361.0,69050056.0
2013-03-21,40.08,40.65,40.6,39.3,7612747.0,117282496.0
2013-03-20,38.06,39.48,39.43,38.06,5369830.0,81137968.0
2013-03-19,39.43,39.95,38.14,37.75,4585498.0,68163720.0
2013-03-18,38.81,39.61,39.17,38.79,3520707.0,53345016.0
2013-03-15,38.42,39.67,38.92,37.93,4975579.0,75129312.0
2013-03-14,38.3,39.05,38.42,38.27,3861562.0,57801604.0
2013-03-13,40.08,40.08,38.61,37.49,7084446.0,105091832.0
2013-03-12,41.63,42.41,39.8,39.3,7268111.0,114262064.0
2013-03-11,41.76,42.28,41.58,41.37,3760939.0,60813556.0
2013-03-08,41.76,42.33,41.86,41.42,4278930.0,69369504.0
2013-03-07,43.26,43.91,41.97,41.37,11466606.0,187482400.0
2013-03-06,43.8,44.73,44.17,43.7,7030592.0,120469096.0
2013-03-05,44.48,44.48,43.57,42.8,8787436.0,147881632.0
2013-03-04,46.78,46.98,44.22,43.52,12816234.0,222743344.0
2013-03-01,45.95,46.98,46.8,45.43,12413261.0,223087328.0
2013-02-28,45.25,46.03,45.56,45.05,7647783.0,134654352.0
2013-02-27,44.94,45.92,45.02,44.42,8073521.0,140973664.0
2013-02-26,44.86,46.03,45.05,44.76,10298049.0,181141184.0
2013-02-25,44.76,45.66,44.86,44.37,7888173.0,137163360.0
2013-02-22,45.38,48.02,45.02,44.73,15534651.0,277191392.0
2013-02-21,45.85,49.41,46.34,45.41,25415908.0,469852768.0
2013-02-20,46.41,47.19,46.36,45.28,16436016.0,294292480.0
2013-02-19,43.05,47.53,47.53,42.69,25795278.0,455069728.0
2013-02-18,43.88,44.14,43.21,42.72,7211499.0,120690960.0
2013-02-08,42.28,43.67,43.26,42.23,7023513.0,116703400.0
2013-02-07,41.86,42.87,42.64,41.37,7600689.0,124429584.0
2013-02-06,41.45,42.51,41.66,41.45,4725490.0,76811840.0
2013-02-05,42.1,42.67,41.63,41.11,6779454.0,109428872.0
2013-02-04,41.71,43.52,42.61,40.86,11318777.0,185248144.0
2013-02-01,41.58,42.85,41.68,41.42,7264862.0,118088728.0
2013-01-31,43.18,44.11,41.92,41.92,11140963.0,183977312.0
2013-01-30,44.27,44.99,43.49,43.13,13944048.0,236500288.0
2013-01-29,44.37,46.1,44.91,43.8,15936595.0,276812288.0
2013-01-28,42.92,47.19,45.02,42.9,23948620.0,423093056.0
2013-01-25,41.92,44.68,43.21,41.14,18128416.0,301202400.0
2013-01-24,41.3,44.73,42.8,39.98,26806656.0,439641504.0
2013-01-23,40.62,42.02,41.27,39.05,15290520.0,240641600.0
2013-01-22,43.91,43.93,40.67,39.85,19358352.0,308546176.0
2013-01-21,41.42,45.98,43.73,41.42,33052064.0,562782976.0
2013-01-18,43.42,43.83,41.84,41.63,41954928.0,692086592.0
2013-01-17,43.39,43.39,43.39,43.39,12776750.0,214393872.0
2013-01-16,39.43,39.43,39.43,39.43,887760.0,13538340.0
2013-01-15,35.84,35.84,35.84,35.84,130091.0,1803061.0
2013-01-14,32.58,32.58,32.58,32.58,178229.0,2245686.0
2012-10-15,30.1,30.2,29.61,29.12,3044984.0,34788888.0
2012-10-12,30.15,30.38,30.02,29.35,3053726.0,35281396.0
2012-10-11,30.77,30.85,30.05,29.66,5461236.0,63751640.0
2012-10-10,31.0,31.11,30.98,30.38,4120115.0,49030456.0
2012-10-09,30.0,31.18,31.03,29.76,5233074.0,61920044.0
2012-10-08,29.35,30.12,30.07,29.09,5735914.0,66193100.0
2012-09-28,28.52,29.38,29.14,28.21,4355238.0,48819780.0
2012-09-27,27.41,29.3,28.6,27.41,4750428.0,51854524.0
2012-09-26,29.17,29.48,27.64,27.57,4104872.0,44667748.0
2012-09-25,29.04,29.61,29.14,28.96,3369228.0,38114008.0
2012-09-24,28.83,29.48,29.19,28.44,3327708.0,37348120.0
2012-09-21,30.12,30.12,28.83,28.6,6271435.0,70654672.0
2012-09-20,31.78,32.63,30.2,30.1,6081412.0,74120520.0
2012-09-19,31.73,32.27,31.96,31.6,4290598.0,52963940.0
2012-09-18,32.55,32.69,31.57,31.31,6626512.0,82086128.0
2012-09-17,33.64,34.88,32.84,32.79,9218200.0,120880920.0
2012-09-14,35.5,35.68,34.13,33.87,17531192.0,235860000.0
2012-09-13,33.77,37.47,35.94,33.41,30266582.0,418390944.0
2012-09-12,33.9,34.34,34.05,32.58,10003304.0,130058640.0
2012-09-11,34.52,34.55,33.77,33.41,7826612.0,102903640.0
2012-09-10,33.05,34.03,34.03,32.81,7155565.0,92676168.0
2012-09-07,32.53,34.52,33.36,32.22,9757948.0,125180600.0
2012-09-06,31.06,32.63,32.32,30.75,6943219.0,85570584.0
2012-09-05,30.38,30.9,30.72,30.1,2051559.0,24248806.0
2012-09-04,31.52,31.7,30.41,30.38,3034366.0,36172628.0
2012-09-03,30.41,31.44,31.29,30.41,3010327.0,36175440.0
2012-08-31,31.0,31.8,30.38,30.0,4248813.0,50592224.0
2012-08-30,33.3,33.46,31.24,30.51,5789965.0,71543208.0
2012-08-29,32.94,33.93,33.3,32.45,5951637.0,76890600.0
2012-08-28,32.5,33.36,32.99,32.06,4985862.0,63003988.0
2012-08-27,31.73,34.26,32.84,31.5,7559854.0,96678632.0
2012-08-24,32.04,33.1,32.14,31.31,7141780.0,89343272.0
2012-08-23,31.29,32.3,31.91,31.03,3730407.0,45714640.0
2012-08-22,32.19,32.66,31.31,31.16,4756867.0,58740244.0
2012-08-21,31.03,32.32,32.19,30.95,5729389.0,70246368.0
2012-08-20,30.12,31.0,30.93,29.61,2944014.0,34611948.0
2012-08-17,29.76,31.11,30.43,29.22,3999907.0,46732816.0
2012-08-16,30.51,30.98,29.84,29.68,4271792.0,49815776.0
2012-08-15,32.01,32.01,30.8,30.8,2978294.0,36112552.0
2012-08-14,31.7,31.91,31.73,30.64,4939576.0,59904876.0
2012-08-13,32.71,32.74,31.65,31.44,5237207.0,64877024.0
2012-08-10,32.32,34.05,33.02,32.09,7809737.0,100430656.0
2012-08-09,31.93,33.1,32.55,31.24,8233725.0,102605176.0
2012-08-08,33.62,34.86,32.24,32.06,12394527.0,160046384.0
2012-08-07,29.71,32.89,32.89,29.61,10244763.0,123615808.0
2012-08-06,28.57,30.18,29.89,28.47,6394673.0,73297464.0
2012-08-03,28.18,28.88,28.86,27.85,4704873.0,51731296.0
2012-08-02,27.8,28.26,28.18,27.41,3059494.0,32973922.0
2012-08-01,27.72,28.57,28.03,27.49,3405478.0,36984248.0
2012-07-31,28.06,28.44,27.49,26.92,4301885.0,45711068.0
2012-07-30,30.25,30.56,28.39,28.06,6205810.0,69477680.0
2012-07-27,30.33,30.51,30.31,29.87,3910551.0,45600168.0
2012-07-26,31.24,31.47,30.25,30.15,6174203.0,73598168.0
2012-07-25,30.64,32.27,31.55,30.15,10382943.0,126238360.0
2012-07-24,30.88,31.52,30.9,30.28,6911294.0,82475024.0
2012-07-23,31.11,32.17,31.31,30.9,8235579.0,100461296.0
2012-07-20,33.23,33.51,32.04,30.85,20947506.0,259751120.0
2012-07-19,34.86,35.48,34.26,33.67,22642710.0,302268576.0
2012-07-18,33.2,33.2,33.2,32.5,8722970.0,111899896.0
2012-07-17,29.53,30.31,30.18,29.22,3801530.0,43846848.0
2012-07-16,31.55,31.57,30.0,29.71,7989532.0,93183432.0
2012-07-13,36.2,36.2,33.02,33.02,9457006.0,122936424.0
2012-07-12,36.33,37.03,36.69,35.43,1733561.0,24221330.0
2012-07-11,38.12,38.24,37.21,37.13,1034107.0,15118433.0
2012-07-10,37.47,37.88,37.49,36.95,1219030.0,17616336.0
2012-07-09,37.24,38.01,37.24,36.56,1204989.0,17419996.0
2012-07-06,37.52,38.01,37.55,36.2,1129147.0,16176255.0
2012-07-05,38.81,38.99,37.49,37.05,708446.0,10374874.0
2012-07-04,39.28,39.28,39.1,38.06,932070.0,13978846.0
2012-07-03,39.43,39.43,38.97,38.06,783112.0,11663023.0
2012-07-02,39.3,40.08,39.1,38.99,774755.0,11759955.0
2012-06-29,37.6,39.28,39.17,37.52,1026462.0,15356142.0
2012-06-28,40.03,40.08,37.75,37.75,838522.0,12705957.0
2012-06-27,40.29,40.88,40.03,39.77,620024.0,9626235.0
2012-06-26,39.74,40.44,40.39,39.62,673442.0,10441861.0
2012-06-25,40.88,41.35,39.62,39.62,713415.0,11214537.0
2012-06-21,42.43,42.43,40.98,40.65,982592.0,15673970.0
2012-06-20,43.29,43.36,42.43,42.2,865564.0,14246847.0
2012-06-19,43.11,43.57,42.92,42.61,897226.0,14874716.0
2012-06-18,42.95,43.7,43.23,42.95,835784.0,13997652.0
2012-06-15,43.52,43.8,43.03,42.87,749860.0,12539453.0
2012-06-14,43.49,44.45,43.52,43.34,1054088.0,17903966.0
2012-06-13,43.13,43.6,43.44,42.98,662395.0,11103096.0
2012-06-12,43.93,43.93,43.23,43.08,601789.0,10086748.0
2012-06-11,43.57,44.04,44.04,42.95,830910.0,13980142.0
2012-06-08,43.44,44.73,43.75,43.18,1254395.0,21332540.0
2012-06-07,43.65,44.09,42.92,42.92,635705.0,10694082.0
2012-06-06,44.3,44.58,43.6,43.18,792521.0,13396797.0
2012-06-05,44.71,45.12,43.96,43.65,1095270.0,18675246.0
2012-06-04,43.96,45.98,44.42,43.08,2261560.0,39018364.0
2012-06-01,44.68,45.05,44.73,44.04,1291806.0,22263452.0
2012-05-31,43.96,45.23,44.68,43.62,2006261.0,34734280.0
2012-05-30,44.27,44.53,44.14,43.7,1051882.0,17945620.0
2012-05-29,43.23,44.26,44.1,42.87,761887.0,16895414.0
2012-05-28,42.68,43.23,43.17,41.91,427599.0,9216820.0
2012-05-25,43.47,44.02,42.68,42.48,663548.0,14480834.0
2012-05-24,43.98,44.38,43.56,43.37,710476.0,15760408.0
2012-05-23,44.99,44.99,43.98,43.47,602233.0,13438282.0
2012-05-22,43.33,44.45,44.45,43.27,790005.0,17588026.0
2012-05-21,43.66,44.02,43.35,42.68,597799.0,13131489.0
2012-05-17,43.59,44.4,44.02,43.47,767205.0,17054016.0
2012-05-16,44.85,44.99,43.59,43.49,910950.0,20408038.0
2012-05-15,44.83,45.64,44.91,44.55,1071442.0,24365452.0
2012-05-14,46.35,46.83,45.09,45.05,1141576.0,26364162.0
2012-05-11,46.09,46.94,45.74,45.58,1792278.0,41872748.0
2012-05-10,46.03,47.4,46.39,45.44,2688130.0,62916128.0
2012-05-09,45.05,49.39,46.63,45.05,4869243.0,116107968.0
2012-05-08,45.46,45.9,45.44,45.11,1146581.0,26362964.0
2012-05-07,45.42,46.13,45.64,45.05,1491474.0,34402572.0
2012-05-04,45.54,45.94,45.54,45.09,966495.0,22208740.0
2012-05-03,45.05,45.74,45.66,44.45,1762321.0,40445268.0
2012-05-02,44.49,45.48,44.4,44.08,847253.0,19097276.0
2012-04-27,44.06,44.63,43.84,43.82,519273.0,11600547.0
2012-04-26,44.75,45.01,44.26,44.16,975558.0,21950512.0
2012-04-25,45.05,45.84,45.03,44.32,1666972.0,37847984.0
2012-04-24,45.4,46.63,45.8,43.27,2949556.0,67565424.0
2012-04-23,44.85,46.21,45.42,44.53,1760886.0,40491920.0
2012-04-20,45.34,45.34,44.95,44.45,1520112.0,34446224.0
2012-04-19,46.41,48.29,45.36,45.32,2985910.0,70020176.0
2012-04-18,44.55,46.33,46.33,44.55,2333081.0,53954376.0
2012-04-17,45.44,45.62,44.45,44.16,1118368.0,25454012.0
2012-04-16,44.95,45.24,45.23,44.47,1413314.0,32203186.0
2012-04-13,44.85,45.24,45.15,44.45,1629244.0,36982552.0
2012-04-12,43.94,44.97,44.83,43.07,2416129.0,54277520.0
2012-04-11,43.03,44.3,43.76,42.48,1191718.0,26321742.0
2012-04-10,43.05,43.59,43.49,41.97,1140095.0,24722624.0
2012-04-09,45.01,45.01,43.41,43.37,1718059.0,38022332.0
2012-04-06,44.45,45.15,44.85,43.96,1223212.0,27637104.0
2012-04-05,42.85,44.89,44.75,42.28,2301828.0,50771124.0
2012-03-30,43.96,43.96,42.46,41.09,2808613.0,59940936.0
2012-03-29,45.44,45.72,44.32,43.35,2149613.0,48874056.0
2012-03-28,45.86,46.29,44.75,44.55,2408569.0,55085876.0
2012-03-27,46.83,47.81,46.33,45.94,1780624.0,42182136.0
2012-03-26,46.53,47.14,46.23,45.84,1241283.0,29169242.0
2012-03-23,49.0,49.0,46.65,46.25,2704607.0,64720436.0
2012-03-22,50.38,51.09,48.86,48.72,3764351.0,95339848.0
2012-03-21,49.39,50.22,49.79,48.17,3510392.0,87406544.0
2012-03-20,49.77,50.32,49.39,48.21,3375268.0,84170472.0
2012-03-19,48.8,49.77,49.39,48.07,3908000.0,96973688.0
2012-03-16,45.23,49.1,48.8,44.93,3757498.0,89265768.0
2012-03-15,46.19,46.59,45.05,44.71,2113796.0,48622672.0
2012-03-14,48.6,50.1,46.37,45.07,4425869.0,108139840.0
2012-03-13,49.0,49.0,48.6,48.01,1745995.0,42701704.0
2012-03-12,48.52,48.94,48.58,47.83,1821482.0,44464716.0
2012-03-09,47.91,49.39,48.48,47.91,2873518.0,70506880.0
2012-03-08,47.42,50.9,47.81,47.18,4769208.0,117380544.0
2012-03-07,46.33,47.77,46.33,45.88,2261066.0,53722444.0
2012-03-06,48.01,48.68,47.02,46.27,3233662.0,76973504.0
2012-03-05,47.02,49.53,47.99,47.02,5174928.0,127606592.0
2012-03-02,46.13,47.42,47.18,45.92,2999737.0,71265272.0
2012-03-01,45.76,46.33,45.9,45.7,1346698.0,31348718.0
2012-02-29,47.5,47.5,45.88,45.64,1980576.0,46647680.0
2012-02-28,46.13,47.18,47.1,45.84,3324129.0,78347472.0
2012-02-27,46.83,47.59,46.43,46.43,3278168.0,78017672.0
2012-02-24,46.39,46.73,46.61,45.96,2895521.0,67975984.0
2012-02-23,46.61,47.42,46.43,45.84,2707330.0,63603320.0
2012-02-22,45.44,46.83,46.78,44.81,3914513.0,91204856.0
2012-02-21,45.54,45.74,45.68,44.16,2360237.0,53718400.0
2012-02-20,45.48,46.75,45.74,45.48,2771856.0,64632932.0
2012-02-17,45.24,47.02,45.74,45.24,3719831.0,86954520.0
2012-02-16,45.64,45.84,45.11,44.75,2043018.0,46764380.0
2012-02-15,45.78,45.86,45.56,44.87,2325313.0,53439368.0
2012-02-14,44.59,46.03,45.46,44.59,2751432.0,63045156.0
2012-02-13,44.04,45.13,44.75,43.82,1665604.0,37514860.0
2012-02-10,45.11,45.15,44.41,43.86,2407766.0,54116892.0
2012-02-09,44.63,46.8,44.81,44.28,3861405.0,89432744.0
2012-02-08,43.27,44.69,44.67,43.09,3524454.0,78731104.0
2012-02-07,43.47,44.45,43.55,42.4,2673815.0,58831872.0
2012-02-06,43.27,43.86,43.55,43.11,1721785.0,37883272.0
2012-02-03,42.68,43.9,43.64,42.48,2183399.0,47791248.0
2012-02-02,42.36,42.68,42.68,41.61,1263912.0,27020230.0
2012-02-01,42.44,43.07,41.69,41.57,1168615.0,24945264.0
2012-01-31,42.95,43.37,42.44,41.69,1227422.0,26203080.0
2012-01-30,43.09,44.24,43.01,42.7,1795565.0,39442392.0
2012-01-20,42.48,43.05,42.44,41.79,1239701.0,26672978.0
2012-01-19,41.13,42.48,42.34,40.82,1605490.0,33969452.0
2012-01-18,43.07,44.38,41.41,41.35,2125229.0,46024820.0
2012-01-17,40.01,43.17,42.87,39.93,2159574.0,45657984.0
2012-01-16,41.41,41.41,39.83,39.81,1335109.0,27521668.0
2012-01-13,43.82,44.18,41.81,41.19,2396145.0,51213480.0
2012-01-12,44.95,45.42,43.9,43.43,3025975.0,67929600.0
2012-01-11,42.64,46.92,45.24,42.62,5435932.0,126170112.0
2012-01-10,41.09,43.03,42.66,40.82,2260145.0,48205124.0
2012-01-09,40.23,41.25,41.25,39.24,1734834.0,35445452.0
2012-01-06,38.41,39.26,39.24,37.99,690159.0,13475241.0
2012-01-05,39.91,40.3,38.53,38.53,913792.0,18125736.0
2012-01-04,41.49,42.08,40.34,40.11,1314751.0,27216922.0
