date,open,high,close,low,volume,amount
2015-07-10,39.27,41.43,41.43,38.18,23865016.0,320634112.0
2015-07-09,33.46,37.67,37.67,33.46,33237356.0,402719872.0
2015-07-08,32.24,36.09,34.24,32.24,74553248.0,825893824.0
2015-07-07,37.91,39.06,35.82,35.82,30286552.0,366659712.0
2015-07-06,42.34,42.34,39.79,35.18,48038988.0,619063808.0
2015-07-03,41.85,43.91,38.49,38.4,37773204.0,505770368.0
2015-07-02,46.37,47.88,42.67,42.12,37586204.0,555971456.0
2015-07-01,50.73,52.94,46.79,46.79,34730296.0,580985664.0
2015-06-30,48.49,52.43,52.0,44.0,38741348.0,615068672.0
2015-06-29,55.7,56.06,48.79,48.79,32931876.0,554221376.0
2015-06-26,57.58,59.03,54.21,54.21,22701192.0,420150656.0
2015-06-25,63.94,64.0,60.24,59.18,24041066.0,491059232.0
2015-06-24,63.03,64.25,64.12,60.88,28966068.0,597516288.0
2015-06-23,59.73,62.67,62.58,55.18,25277608.0,501707008.0
2015-06-19,64.55,65.34,59.76,59.76,24215864.0,500662336.0
2015-06-18,70.94,71.37,66.37,65.79,29543852.0,672982336.0
2015-06-17,70.43,71.82,70.91,66.91,27234978.0,627231040.0
2015-06-16,72.78,73.69,70.16,68.56,33338146.0,779876416.0
2015-06-15,78.0,78.67,74.53,74.23,37180144.0,942235904.0
2015-06-12,75.47,78.4,76.61,73.99,50728156.0,1275839744.0
2015-06-11,73.66,78.76,76.61,72.42,81182624.0,2042338432.0
2015-06-10,66.45,73.66,73.66,65.57,51200412.0,1200420864.0
2015-06-09,67.38,69.4,66.96,65.78,29858236.0,669302080.0
2015-06-08,68.86,69.49,67.35,66.48,30858008.0,694802368.0
2015-06-05,68.65,70.46,68.86,66.42,38222040.0,869779200.0
2015-06-04,68.8,68.8,66.99,62.43,34059992.0,743552448.0
2015-06-03,71.03,71.06,68.8,66.81,37550608.0,856257152.0
2015-06-02,66.84,71.09,71.06,66.39,43949376.0,1005545024.0
2015-06-01,63.37,67.89,66.93,63.31,38585408.0,847761792.0
2015-05-29,63.97,65.57,62.52,59.9,45842744.0,952077760.0
2015-05-28,70.61,72.3,64.09,64.09,54266008.0,1235993216.0
2015-05-27,71.21,72.39,71.21,68.35,69375520.0,1619596416.0
2015-05-26,62.46,68.68,68.68,61.89,40974788.0,887633280.0
2015-05-25,60.35,63.91,62.43,59.63,48759816.0,1002435840.0
2015-05-22,61.44,62.31,60.5,59.6,41501236.0,832990720.0
2015-05-21,60.92,61.74,61.2,59.6,46837940.0,943578624.0
2015-05-20,58.78,61.38,60.71,58.24,54078720.0,1078069376.0
2015-05-19,56.07,58.78,58.51,55.31,40004912.0,760245312.0
2015-05-18,54.92,56.55,55.64,54.35,22589136.0,416344480.0
2015-05-15,56.88,56.97,55.04,54.38,27596744.0,506288672.0
2015-05-14,57.18,58.24,57.24,56.67,30874098.0,586368320.0
2015-05-13,56.07,59.38,57.91,55.07,49460488.0,944480128.0
2015-05-12,55.79,57.03,56.04,54.92,30823846.0,571051072.0
2015-05-11,53.56,56.4,55.95,53.05,35897276.0,654845056.0
2015-05-08,51.87,53.62,53.35,51.78,25041340.0,437622272.0
2015-05-07,51.3,51.9,50.73,50.27,17337700.0,292980640.0
2015-05-06,52.87,54.56,51.96,51.33,19458012.0,344402080.0
2015-05-05,55.37,55.52,52.81,52.81,23607456.0,423541056.0
2015-05-04,55.22,56.91,55.88,54.95,22092984.0,410672512.0
2015-04-30,54.92,56.7,55.49,54.86,27202304.0,503063584.0
2015-04-29,54.01,55.46,54.92,53.44,22045748.0,399535008.0
2015-04-28,56.94,57.3,54.13,53.41,34984588.0,637416192.0
2015-04-27,57.39,58.21,56.97,56.1,33607728.0,636337216.0
2015-04-24,56.76,57.91,56.61,55.76,30771134.0,580302080.0
2015-04-23,56.13,57.7,57.7,55.46,43380088.0,810830464.0
2015-04-22,55.07,56.73,56.07,54.65,38517428.0,712716416.0
2015-04-21,52.72,54.83,54.71,52.63,27146414.0,485702592.0
2015-04-20,54.95,55.19,52.69,52.35,37544388.0,671034368.0
2015-04-17,54.92,55.46,54.92,53.71,37270844.0,675459264.0
2015-04-16,53.41,55.4,54.95,53.11,27873716.0,504677376.0
2015-04-15,57.03,57.15,53.71,53.71,42936064.0,785779328.0
2015-04-14,59.45,61.2,57.73,57.54,46441388.0,909201088.0
2015-04-13,58.93,59.9,59.38,58.57,39360464.0,773672896.0
2015-04-10,60.26,60.29,59.48,58.33,46689824.0,918546048.0
2015-04-09,63.01,64.27,60.65,57.66,76089712.0,1525686400.0
2015-04-08,64.0,64.0,64.0,58.18,31875540.0,673313728.0
2015-03-27,55.37,61.5,58.18,55.16,76137152.0,1467722368.0
2015-03-26,57.03,58.09,56.22,54.95,99478336.0,1857387904.0
2015-03-25,49.25,54.29,54.29,48.88,48872076.0,858605312.0
2015-03-24,50.27,50.27,49.34,48.16,39868344.0,649969024.0
2015-03-23,49.19,50.73,50.24,48.73,44651716.0,736229952.0
2015-03-20,49.64,49.73,48.79,48.52,33331610.0,540912128.0
2015-03-19,49.88,49.97,49.49,49.03,31292884.0,512164768.0
2015-03-18,48.73,50.27,49.76,48.46,44096440.0,721961088.0
2015-03-17,49.49,49.64,48.82,48.28,50225908.0,815067008.0
2015-03-16,47.13,49.91,49.37,47.01,49523844.0,795631168.0
2015-03-13,45.87,47.01,46.92,45.59,20624608.0,317073760.0
2015-03-12,45.87,47.1,45.56,44.87,21945812.0,333881568.0
2015-03-11,46.83,46.89,45.93,45.56,21089134.0,321675744.0
2015-03-10,46.65,47.56,46.83,46.5,22929512.0,357140896.0
2015-03-09,46.14,47.13,46.83,45.44,18687660.0,287470144.0
2015-03-06,47.53,48.43,46.47,46.41,22105816.0,344557600.0
2015-03-05,48.19,48.94,47.41,47.1,33898012.0,536386368.0
2015-03-04,47.07,49.49,48.58,46.65,53880632.0,860451840.0
2015-03-03,45.66,47.86,47.53,45.08,54608904.0,842873856.0
2015-03-02,44.9,46.35,45.93,44.51,33578308.0,507176672.0
2015-02-27,44.81,45.38,44.96,44.39,24563384.0,365337728.0
2015-02-26,45.11,45.11,44.9,44.27,15745785.0,233113280.0
2015-02-25,45.81,46.05,44.96,44.66,21063602.0,314513120.0
2015-02-17,46.02,46.32,45.62,45.35,21635818.0,327367200.0
2015-02-16,45.14,46.65,46.29,44.69,35659160.0,540695168.0
2015-02-13,44.6,46.29,44.99,44.6,31549884.0,475792128.0
2015-02-12,45.29,46.17,44.57,44.51,21537876.0,321779776.0
2015-02-11,43.91,45.14,44.9,43.6,22904432.0,338338048.0
2015-02-10,42.28,44.0,43.94,42.09,17409392.0,248022192.0
2015-02-09,42.79,43.91,42.67,42.37,18032012.0,257869904.0
2015-02-06,45.26,45.81,42.79,42.52,30078078.0,438880928.0
2015-02-05,45.38,47.34,44.78,44.21,62992612.0,957094400.0
2015-02-04,45.41,45.72,44.6,44.15,53051436.0,790506496.0
2015-02-03,41.28,44.87,44.87,40.89,40770840.0,588142528.0
2015-02-02,40.89,41.58,40.8,40.59,14109699.0,192082464.0
2015-01-30,43.63,44.03,41.82,41.64,22624452.0,320463680.0
2015-01-29,42.97,44.63,43.69,42.73,22649040.0,329075392.0
2015-01-28,44.81,44.9,43.51,43.42,23770448.0,347697984.0
2015-01-27,44.66,45.14,45.14,43.72,35784312.0,528171264.0
2015-01-26,42.88,45.2,44.99,42.7,43745088.0,644862208.0
2015-01-23,44.51,44.51,42.88,42.52,24828528.0,355705728.0
2015-01-22,43.57,44.24,43.81,42.85,35741244.0,516620064.0
2015-01-21,41.61,44.33,43.54,41.61,46619172.0,666137472.0
2015-01-20,40.34,41.64,41.43,40.1,19101208.0,259415840.0
2015-01-19,40.07,42.09,39.98,38.93,25532896.0,345002560.0
2015-01-16,40.62,41.85,41.76,40.25,22719162.0,310169056.0
2015-01-15,40.95,41.31,40.47,40.13,16178018.0,217144528.0
2015-01-14,39.5,41.46,40.95,39.14,23024376.0,309322624.0
2015-01-13,38.41,39.62,39.5,38.41,11052161.0,142944080.0
2015-01-12,38.96,39.53,38.2,37.96,12178594.0,156036944.0
2015-01-09,40.47,41.22,39.53,39.53,17366364.0,233108736.0
2015-01-08,39.41,42.03,40.71,39.11,24801192.0,333523648.0
2015-01-07,40.31,40.52,39.53,39.32,15218122.0,200817296.0
2015-01-06,39.08,40.52,40.25,38.84,20742264.0,273835808.0
2015-01-05,38.9,39.65,39.5,38.66,18139360.0,235177600.0
2014-12-31,37.42,38.35,38.11,37.42,8697856.0,109301352.0
2014-12-30,38.47,38.66,37.45,37.42,10053567.0,126745704.0
2014-12-29,39.02,39.02,38.59,37.81,14684203.0,186782944.0
2014-12-26,38.66,39.14,38.9,38.47,10230614.0,131637360.0
2014-12-25,38.87,39.47,38.93,38.5,9690990.0,125093016.0
2014-12-24,37.87,38.77,38.72,37.87,11687559.0,148847840.0
2014-12-23,37.72,38.59,37.63,37.57,10512903.0,132699888.0
2014-12-22,40.38,40.41,37.66,37.3,22727824.0,289809152.0
2014-12-19,41.49,41.73,40.71,40.31,16142770.0,218142048.0
2014-12-18,41.4,42.19,41.34,41.1,14621419.0,201623088.0
2014-12-17,42.61,42.61,41.61,41.37,21833484.0,302823392.0
2014-12-16,43.84,43.84,42.88,42.73,26438812.0,377612512.0
2014-12-15,43.54,44.3,44.0,43.24,32556500.0,473727648.0
2014-12-12,42.79,43.72,43.3,42.28,28154356.0,401776320.0
2014-12-11,42.16,43.15,42.91,41.67,32659414.0,461424320.0
2014-12-10,40.83,42.7,42.25,40.77,30106536.0,418767136.0
2014-12-09,41.01,43.45,41.55,39.56,43450756.0,594212160.0
2014-12-08,40.83,41.58,41.01,40.38,19085594.0,259915808.0
2014-12-05,42.82,42.82,41.25,40.31,26239960.0,361075264.0
2014-12-04,42.16,43.09,42.7,41.73,32180854.0,453443520.0
2014-12-03,41.58,42.34,42.22,40.68,27141682.0,372890528.0
2014-12-02,41.22,41.79,41.52,41.07,15440414.0,212462240.0
2014-12-01,42.85,42.85,41.34,41.25,19879140.0,274466016.0
2014-11-28,43.66,43.72,42.76,42.28,25042636.0,355466432.0
2014-11-27,42.73,44.0,43.63,42.43,30365740.0,436147712.0
2014-11-26,42.31,43.18,42.49,42.03,21852614.0,308094624.0
2014-11-25,42.22,42.37,42.34,41.64,18409650.0,256442288.0
2014-11-24,42.4,42.67,42.09,41.79,18167314.0,254021776.0
2014-11-21,41.67,42.43,41.88,41.1,15427191.0,213705040.0
2014-11-20,42.09,42.55,41.79,41.46,15900684.0,220545440.0
2014-11-19,41.34,43.18,42.7,41.01,29872228.0,418295840.0
2014-11-18,41.49,41.7,41.49,40.71,14316527.0,195330416.0
2014-11-17,40.74,41.49,41.34,40.47,13038377.0,177618048.0
2014-11-14,40.8,41.1,40.65,40.22,14273833.0,192409264.0
2014-11-13,42.24,42.64,40.71,40.22,27038638.0,369181696.0
2014-11-12,42.19,43.0,42.4,41.88,21048342.0,295928544.0
2014-11-11,47.38,47.47,42.76,42.73,46916576.0,693325632.0
2014-11-10,46.86,48.58,47.47,46.32,26596552.0,417096704.0
2014-11-07,46.44,47.77,47.1,46.17,23440480.0,364709312.0
2014-11-06,47.5,47.74,46.68,46.11,21249728.0,329329984.0
2014-11-05,46.44,47.83,47.68,46.17,17881638.0,280031136.0
2014-11-04,49.46,49.49,46.83,46.65,34990392.0,555294720.0
2014-11-03,48.82,49.91,49.46,48.52,21454128.0,349829632.0
2014-10-31,49.49,50.54,49.06,48.25,31461814.0,514112384.0
2014-10-30,48.1,51.6,50.03,47.44,53336408.0,875755200.0
2014-10-29,47.26,48.46,47.59,47.04,29648488.0,468952256.0
2014-10-28,46.32,47.53,47.26,46.05,21722952.0,336829216.0
2014-10-27,46.11,46.32,46.17,45.26,14327206.0,217985616.0
2014-10-24,46.32,47.19,45.66,45.35,20224376.0,310417216.0
2014-10-23,48.73,49.49,46.65,46.59,29756312.0,471526720.0
2014-10-22,48.43,49.7,48.61,48.07,24599996.0,399078848.0
2014-10-21,47.95,49.49,48.01,47.47,27306768.0,439223232.0
2014-10-20,48.73,49.97,48.13,47.98,32130098.0,520430688.0
2014-10-17,48.79,49.76,49.03,47.41,32369930.0,521664416.0
2014-10-16,51.0,51.54,49.19,49.19,45388192.0,756978752.0
2014-10-15,51.12,53.71,51.9,50.54,58776628.0,1020764480.0
2014-10-14,51.9,52.81,50.66,49.82,49423508.0,838445120.0
2014-10-13,47.8,52.45,52.23,47.62,67727960.0,1132816896.0
2014-10-10,48.61,50.42,49.09,47.74,42893628.0,699937664.0
2014-10-09,50.39,50.54,48.95,48.16,47337672.0,771359360.0
2014-10-08,49.82,51.96,50.48,49.61,45291624.0,762688896.0
2014-09-30,50.63,51.72,50.85,49.73,42407784.0,712207360.0
2014-09-29,50.6,52.93,50.63,50.15,60923212.0,1038779072.0
2014-09-26,47.38,51.75,50.6,46.83,66608616.0,1093159808.0
2014-09-25,49.49,50.03,48.28,48.22,51801632.0,840403328.0
2014-09-24,48.28,49.03,48.88,47.86,63810528.0,1023980288.0
2014-09-23,45.84,49.09,49.09,45.62,112913688.0,1797481088.0
2014-09-22,45.72,45.75,44.63,43.39,50580920.0,741015488.0
2014-09-19,45.66,46.71,45.96,45.5,40205136.0,613438208.0
2014-09-18,45.66,46.02,45.69,44.66,35358892.0,531677312.0
2014-09-17,44.96,46.32,45.66,44.45,49819608.0,748605056.0
2014-09-16,49.03,49.22,45.69,45.69,101205432.0,1573977728.0
2014-09-15,51.27,53.05,50.76,50.24,81214408.0,1386739840.0
2014-09-12,49.19,51.51,50.85,48.91,71311640.0,1189802368.0
2014-09-11,51.27,51.81,49.4,47.98,80090552.0,1316900864.0
2014-09-10,52.2,52.69,50.7,50.54,87154480.0,1484451584.0
2014-09-09,50.94,54.04,53.44,50.27,114816280.0,2012419584.0
2014-09-05,48.52,52.2,49.13,47.71,93490744.0,1549857920.0
2014-09-04,48.28,49.73,48.91,47.68,83446120.0,1343683840.0
2014-09-03,49.31,51.66,49.82,48.43,96845984.0,1594785024.0
2014-09-02,45.23,48.13,48.13,44.12,86275032.0,1319182080.0
2014-09-01,43.72,45.29,43.75,42.67,95060944.0,1375872640.0
2014-08-29,39.32,41.67,41.67,38.77,73497592.0,997758784.0
2014-08-28,41.04,41.49,37.87,37.78,81440312.0,1066166208.0
2014-08-27,38.32,40.49,40.49,38.32,102435136.0,1357826176.0
2014-08-26,36.27,38.14,36.81,35.85,76033312.0,944953920.0
2014-08-25,33.19,34.97,34.67,32.59,28690252.0,322893888.0
2014-08-22,32.86,33.34,33.19,32.68,11980901.0,131493912.0
2014-08-21,33.52,33.65,33.01,32.53,19224784.0,210159392.0
2014-08-20,33.8,34.19,33.68,33.49,18678012.0,209824976.0
2014-08-19,33.52,34.01,33.8,33.16,26215114.0,291521632.0
2014-08-18,33.22,35.0,33.92,33.01,53921048.0,606635968.0
2014-08-15,30.63,33.74,33.28,30.51,55429148.0,602840448.0
2014-08-14,30.87,31.02,30.66,30.6,8830330.0,90070736.0
2014-08-13,31.02,31.14,30.84,30.6,9430360.0,96285664.0
2014-08-12,31.17,31.23,31.05,30.87,8136307.0,83612240.0
2014-08-11,30.99,31.23,31.14,30.9,11831624.0,121881520.0
2014-08-08,30.3,30.93,30.87,30.3,9962144.0,101296824.0
2014-08-07,30.87,31.02,30.36,30.3,9770971.0,99071104.0
2014-08-06,30.93,31.29,30.9,30.54,11965172.0,122590576.0
2014-08-05,30.51,31.08,31.08,30.36,11464382.0,116538952.0
2014-08-04,30.3,30.51,30.51,30.05,8592075.0,86349448.0
2014-08-01,30.51,30.81,30.02,29.96,11364790.0,114599304.0
2014-07-31,30.24,30.63,30.63,30.24,8074045.0,81550128.0
2014-07-30,30.6,30.75,30.42,30.24,8689738.0,87633104.0
2014-07-29,30.33,31.29,30.63,30.14,17289020.0,176077472.0
2014-07-28,30.18,30.63,30.36,29.93,22676148.0,227777120.0
2014-07-25,28.76,29.57,29.45,28.7,10839047.0,105147648.0
2014-07-24,28.67,29.15,28.88,28.67,9613912.0,92150728.0
2014-07-23,28.82,28.85,28.49,28.34,6414618.0,60654632.0
2014-07-22,28.55,28.91,28.82,28.49,5181660.0,49337340.0
2014-07-21,28.61,28.82,28.55,28.52,3452611.0,32733430.0
2014-07-18,28.55,28.91,28.76,28.55,3525414.0,33624740.0
2014-07-17,29.0,29.03,28.7,28.55,6010612.0,57317152.0
2014-07-16,29.27,29.39,29.06,28.94,5206425.0,50304448.0
2014-07-15,28.88,29.36,29.33,28.76,9932125.0,95943472.0
2014-07-14,28.76,28.91,28.91,28.52,6056803.0,57710300.0
2014-07-11,28.52,28.91,28.67,28.49,5431902.0,51748436.0
2014-07-10,28.97,29.12,28.67,28.39,8202505.0,78247056.0
2014-07-09,29.09,29.51,29.06,28.88,9172163.0,88761544.0
2014-07-08,29.21,29.3,29.18,28.79,6612552.0,63613348.0
2014-07-07,29.12,29.51,29.24,29.09,6788087.0,65837864.0
2014-07-04,29.24,29.27,29.09,28.88,5463481.0,52573652.0
2014-07-03,29.12,29.33,29.21,28.97,5831304.0,56432336.0
2014-07-02,29.24,29.27,29.12,28.76,6799323.0,65445984.0
2014-07-01,28.7,29.27,29.24,28.49,8305731.0,79429448.0
2014-06-30,28.55,28.76,28.67,28.45,4926781.0,46701208.0
2014-06-27,28.94,28.94,28.52,28.39,4590971.0,43478676.0
2014-06-26,27.94,28.67,28.55,27.94,5529429.0,51977636.0
2014-06-25,28.3,28.3,27.94,27.88,3401031.0,31543532.0
2014-06-24,28.36,28.49,28.3,28.15,2899770.0,27245310.0
2014-06-23,28.21,28.52,28.24,28.12,4002504.0,37577040.0
2014-06-20,27.94,28.18,28.03,27.79,4321662.0,40131584.0
2014-06-19,29.21,29.45,27.94,27.79,8194940.0,77751928.0
2014-06-18,29.72,29.9,29.3,29.27,7071743.0,69131032.0
2014-06-17,30.39,30.39,29.81,29.78,7119680.0,70891424.0
2014-06-16,30.48,30.48,30.39,30.24,6119240.0,61516968.0
2014-06-13,30.14,30.57,30.36,30.02,7250560.0,72881392.0
2014-06-12,30.93,30.99,30.14,30.05,10589538.0,106847808.0
2014-06-11,31.02,31.05,30.93,30.78,5695399.0,58279052.0
2014-06-10,31.29,31.38,31.11,30.81,6478392.0,66702252.0
2014-06-09,30.81,31.14,30.9,30.69,4531750.0,46490148.0
2014-06-06,31.05,31.29,30.84,30.66,4589507.0,47018176.0
2014-06-05,30.54,31.32,31.2,30.54,6375875.0,65517192.0
2014-06-04,31.08,31.17,30.6,30.42,6670507.0,67816408.0
2014-06-03,32.02,32.02,31.26,31.08,13341656.0,139568480.0
2014-05-30,30.63,32.05,32.02,30.36,16502981.0,171687984.0
2014-05-29,31.41,31.53,30.81,30.39,8443364.0,86387840.0
2014-05-28,31.41,31.41,31.17,30.69,10509116.0,107852744.0
2014-05-27,30.93,31.65,31.41,30.69,9852746.0,101992480.0
2014-05-26,30.78,31.05,30.9,30.42,5371819.0,54733564.0
2014-05-23,30.33,30.69,30.6,30.3,4660545.0,47108204.0
2014-05-22,30.33,30.63,30.14,30.14,4775073.0,48114960.0
2014-05-21,29.81,30.54,30.39,29.6,4418335.0,44264280.0
2014-05-20,29.78,30.63,30.05,29.78,4341448.0,43481856.0
2014-05-19,29.72,29.96,29.69,29.3,3090214.0,30364466.0
2014-05-16,29.51,30.11,29.72,29.51,3466209.0,34124084.0
2014-05-15,30.48,30.69,29.66,29.66,5743585.0,57305068.0
2014-05-14,30.69,30.84,30.48,30.45,3821200.0,38714572.0
2014-05-13,30.51,31.02,30.6,30.33,5437749.0,55370532.0
2014-05-12,30.02,30.75,30.48,29.6,6898231.0,69153744.0
2014-05-09,30.54,30.57,29.57,29.24,9252564.0,91638000.0
2014-05-08,30.26,31.18,30.47,30.2,7540275.0,77370472.0
2014-05-07,31.33,31.48,30.23,30.23,9634373.0,99281312.0
2014-05-06,31.63,32.11,31.78,31.54,7291917.0,77656008.0
2014-05-05,30.98,31.63,31.54,30.86,5276189.0,55314648.0
2014-04-30,31.45,31.72,31.07,30.98,7210891.0,75450152.0
2014-04-29,30.71,31.78,31.57,30.56,7151696.0,74388048.0
2014-04-28,32.14,32.17,30.53,30.53,9703539.0,101118880.0
2014-04-25,33.69,33.72,32.14,32.14,11470125.0,126649928.0
2014-04-24,34.74,35.07,33.69,33.63,16250878.0,186234080.0
2014-04-23,36.44,36.95,35.34,35.16,22305828.0,267943088.0
2014-04-22,35.43,36.59,36.38,34.89,28968244.0,345673920.0
2014-04-21,34.05,37.1,36.14,33.96,41944488.0,502238976.0
2014-04-18,33.25,34.62,34.44,33.1,13171235.0,149671856.0
2014-04-17,34.35,34.83,33.66,33.57,14461844.0,165027184.0
2014-04-16,33.22,33.87,33.63,33.13,10121794.0,113638928.0
2014-04-15,32.83,34.2,33.45,32.41,13988318.0,156103952.0
2014-04-14,32.77,32.92,32.83,32.59,4861812.0,53326172.0
2014-04-11,32.56,32.95,32.65,32.44,6793910.0,74489200.0
2014-04-10,33.22,33.22,32.74,32.68,10278833.0,113088112.0
2014-04-09,33.34,33.58,33.22,32.95,7375987.0,81872624.0
2014-04-08,32.92,33.55,33.34,32.71,7663540.0,85049000.0
2014-04-04,32.74,33.13,33.01,32.5,6619773.0,72940552.0
2014-04-03,32.2,33.25,32.83,32.11,11220912.0,122990696.0
2014-04-02,31.9,32.08,31.99,31.45,5152736.0,54880832.0
2014-04-01,31.33,31.96,31.93,31.01,4603299.0,48860016.0
2014-03-31,32.02,32.32,31.33,31.27,5267089.0,56082632.0
2014-03-28,32.83,32.83,31.87,31.72,9086721.0,97887968.0
2014-03-27,32.53,33.63,33.22,32.23,14687408.0,162018224.0
2014-03-26,32.47,32.71,32.53,32.14,6614342.0,71714728.0
2014-03-25,31.57,33.1,32.5,31.36,11346232.0,122986144.0
2014-03-24,31.69,31.78,31.6,31.25,6710699.0,70823152.0
2014-03-21,30.92,31.87,31.63,30.11,10873934.0,112338136.0
2014-03-20,32.05,32.38,31.16,31.12,7973591.0,85451320.0
2014-03-19,32.56,32.65,32.08,31.69,7625658.0,81728208.0
2014-03-18,32.77,32.98,32.65,32.5,7779650.0,85149056.0
2014-03-17,32.05,32.74,32.74,31.81,8740556.0,94588304.0
2014-03-14,31.99,32.41,32.02,31.72,5648399.0,60585180.0
2014-03-13,31.75,32.5,32.2,31.51,9008189.0,96822520.0
2014-03-12,32.35,32.41,31.69,31.3,8850537.0,94195584.0
2014-03-11,32.5,32.71,32.29,31.9,7606218.0,82163312.0
2014-03-10,34.41,34.41,32.29,32.11,13435345.0,148759392.0
2014-03-07,36.11,36.11,34.8,34.8,10727287.0,126710736.0
2014-03-06,35.19,36.11,35.96,35.19,13607481.0,162777920.0
2014-03-05,35.01,35.76,35.16,35.01,10521462.0,124745384.0
2014-03-04,35.25,35.34,34.89,34.38,11415963.0,133380584.0
2014-03-03,35.43,35.88,35.58,34.71,14831770.0,175478496.0
2014-02-28,36.29,36.68,35.64,34.35,14872282.0,175825248.0
2014-02-27,37.52,38.2,36.47,36.47,13242014.0,165898256.0
2014-02-26,37.34,38.05,37.73,35.9,17079606.0,212319248.0
2014-02-25,41.22,41.82,38.86,38.26,39836400.0,534954656.0
2014-02-24,38.95,39.28,38.29,36.98,20389162.0,259486928.0
2014-02-21,39.43,39.97,39.79,39.16,7774530.0,103007824.0
2014-02-20,40.92,41.13,39.55,39.34,16007426.0,213800480.0
2014-02-19,40.71,41.49,41.19,39.91,20546540.0,280725216.0
2014-02-18,41.52,42.09,40.77,40.35,16664843.0,228303376.0
2014-02-17,41.22,42.54,41.52,40.77,22703576.0,315755936.0
2014-02-14,39.58,41.16,41.07,39.16,16881556.0,227384000.0
2014-02-13,42.12,42.18,39.7,39.61,22387440.0,306052640.0
2014-02-12,40.95,43.01,41.76,40.92,24183580.0,341267840.0
2014-02-11,40.62,41.34,40.95,40.06,18336684.0,249888384.0
2014-02-10,38.35,41.31,40.92,38.09,25586828.0,343159520.0
2014-02-07,37.94,38.53,38.32,37.34,10028471.0,127573112.0
2014-01-30,39.82,39.82,38.47,38.05,12006863.0,156347568.0
2014-01-29,39.22,39.97,39.58,38.53,16129499.0,212369056.0
2014-01-28,39.07,39.79,38.83,38.09,17333696.0,226091552.0
2014-01-27,37.82,39.67,39.13,37.37,20880628.0,270740256.0
2014-01-24,37.55,38.35,37.99,37.34,18547580.0,235232176.0
2014-01-23,37.19,38.09,37.22,36.86,14380159.0,180655456.0
2014-01-22,35.64,37.22,37.13,35.58,14739007.0,180779936.0
2014-01-21,35.19,36.02,35.7,34.98,10861287.0,129235864.0
2014-01-20,37.19,37.19,35.28,35.25,13486616.0,162414464.0
2014-01-17,36.41,37.4,37.25,36.14,13153671.0,162643088.0
2014-01-16,38.17,38.23,36.62,36.56,20554732.0,255037792.0
2014-01-15,38.83,39.7,38.23,37.73,16016914.0,207022112.0
2014-01-14,38.83,39.31,38.53,38.05,15981126.0,206405984.0
2014-01-13,36.59,38.83,38.83,36.59,22648944.0,287155616.0
2014-01-10,38.02,38.05,36.53,35.88,19995376.0,246727872.0
2014-01-09,39.55,39.55,38.23,38.15,24364776.0,316282592.0
2014-01-08,38.62,40.18,39.64,38.02,30108188.0,393466208.0
2014-01-07,36.38,39.94,38.71,35.93,40474184.0,520284832.0
2014-01-06,34.89,37.19,36.53,34.5,43415032.0,525836512.0
2014-01-03,34.59,35.07,34.95,34.02,12281959.0,142113248.0
2014-01-02,34.38,34.74,34.65,34.05,8367779.0,96576432.0
2013-12-31,33.93,34.77,34.53,33.6,10073474.0,115524048.0
2013-12-30,34.8,34.8,34.05,33.93,10516955.0,120596088.0
2013-12-27,32.56,33.66,33.37,32.56,8175922.0,90852992.0
2013-12-26,33.75,33.84,32.68,32.65,9771790.0,108860784.0
2013-12-25,33.48,33.87,33.66,33.22,6733014.0,75689832.0
2013-12-24,33.45,33.99,33.55,33.22,5715754.0,64324400.0
2013-12-23,33.75,33.87,33.45,32.5,8187357.0,91331488.0
2013-12-20,33.81,34.5,34.05,33.75,13743408.0,157113248.0
2013-12-19,35.19,35.19,33.63,33.6,13085491.0,150111536.0
2013-12-18,33.28,34.8,34.8,32.95,14626974.0,166389072.0
2013-12-17,33.22,33.78,33.13,33.07,6195790.0,69213840.0
2013-12-16,34.38,34.59,33.22,33.19,10827365.0,121741576.0
2013-12-13,34.83,34.83,34.41,34.26,9612498.0,111024288.0
2013-12-12,34.59,35.22,35.01,33.99,14877620.0,172345616.0
2013-12-11,35.04,35.31,34.68,34.05,16769889.0,194670640.0
2013-12-10,34.53,35.76,35.4,34.53,24767804.0,292304576.0
2013-12-09,33.48,34.5,34.14,33.48,10429677.0,118751704.0
2013-12-06,33.48,34.08,33.63,33.31,9339142.0,105358960.0
2013-12-05,33.66,33.96,33.42,33.25,10436298.0,116929632.0
2013-12-04,32.53,34.17,33.66,32.2,21086906.0,236392064.0
2013-12-03,30.95,32.26,32.2,30.8,15235107.0,161510640.0
2013-12-02,33.16,33.54,30.98,30.86,25218732.0,271736544.0
2013-11-29,34.56,34.74,34.29,34.05,16161196.0,185540032.0
2013-11-28,34.44,35.04,34.53,34.17,18314668.0,212250432.0
2013-11-27,33.69,34.68,34.47,33.69,13263935.0,151987072.0
2013-11-26,34.05,34.35,33.66,33.4,11503039.0,130105944.0
2013-11-25,35.13,35.13,34.14,34.05,17576670.0,202638640.0
2013-11-22,35.7,36.11,35.01,34.83,24179488.0,285593056.0
2013-11-21,34.35,35.76,35.76,34.2,35960904.0,422071520.0
2013-11-20,34.23,34.65,34.26,33.69,21324182.0,243535728.0
2013-11-19,34.08,34.98,34.35,33.84,26031878.0,300169088.0
2013-11-18,33.96,34.41,33.9,33.45,33918588.0,385776576.0
2013-11-15,32.65,34.2,33.28,32.32,29533290.0,330774592.0
2013-11-14,31.81,32.92,32.89,30.77,23977988.0,255784944.0
2013-11-13,34.05,34.38,32.38,32.32,19485188.0,217684976.0
2013-11-12,34.95,35.19,34.53,33.45,12755989.0,146618896.0
2013-11-11,35.78,35.81,34.98,34.2,10116160.0,118973600.0
2013-11-08,36.35,36.65,35.43,34.95,14460470.0,173083152.0
2013-11-07,36.26,37.64,36.77,36.23,17131462.0,212346224.0
2013-11-06,37.22,37.94,36.74,36.56,26176070.0,326067520.0
2013-11-05,34.5,38.59,37.7,34.14,34603152.0,423009696.0
2013-11-04,35.49,37.19,35.19,35.07,39730776.0,478936416.0
2013-11-01,33.45,34.89,34.62,32.32,22827928.0,256434112.0
2013-10-31,35.13,35.13,33.6,33.6,19042088.0,219077680.0
2013-10-30,33.99,35.1,34.98,33.55,30407340.0,352496736.0
2013-10-29,37.01,37.85,34.38,33.4,46997408.0,541472064.0
2013-10-28,37.55,37.85,37.1,36.8,15738401.0,196284800.0
2013-10-25,37.07,38.29,36.92,36.62,24177944.0,303114720.0
2013-10-24,36.98,37.55,36.89,36.5,19950660.0,247043808.0
2013-10-23,40.68,40.71,37.43,37.19,46715616.0,595011904.0
2013-10-22,44.9,45.1,41.31,40.86,22068920.0,315222816.0
2013-10-21,44.66,46.27,44.87,43.91,16043482.0,243950272.0
2013-10-18,43.52,44.66,44.24,42.45,11290330.0,165870928.0
2013-10-17,45.7,47.17,43.46,43.25,18901976.0,283611072.0
2013-10-16,46.21,47.7,46.51,43.01,25015672.0,382376160.0
2013-10-15,48.69,49.17,46.09,45.73,26155108.0,410132064.0
2013-10-14,48.84,50.72,49.59,47.79,20898132.0,344736256.0
2013-10-11,49.79,51.65,48.42,47.38,27462438.0,454574560.0
2013-10-10,46.78,49.67,48.93,46.75,23447380.0,381852064.0
2013-10-09,45.4,47.73,46.57,44.95,19057830.0,297607840.0
2013-10-08,43.61,47.2,46.45,43.61,26636252.0,405590976.0
2013-09-30,41.82,43.58,43.13,41.52,16857552.0,241038576.0
2013-09-27,40.18,42.36,41.43,39.49,21986642.0,302529440.0
2013-09-26,41.82,43.82,40.38,39.76,32053786.0,454634752.0
2013-09-25,43.31,44.81,42.03,41.52,35882984.0,517176352.0
2013-09-24,39.88,44.18,43.19,39.61,30700592.0,433070784.0
2013-09-23,37.79,41.52,40.3,37.04,31318968.0,413373568.0
2013-09-18,35.84,39.13,37.94,35.55,32014148.0,400353696.0
2013-09-17,35.84,37.22,35.7,35.34,28528044.0,346049472.0
2013-09-16,33.4,36.8,36.8,32.95,41769120.0,496000832.0
2013-09-13,34.35,36.05,33.45,33.25,42286656.0,489341984.0
2013-09-12,30.56,33.63,33.63,30.35,49000820.0,542233792.0
2013-09-11,31.27,31.63,30.59,30.32,17630416.0,182030208.0
2013-09-10,29.6,32.35,31.36,29.3,31955600.0,329471744.0
2013-09-09,28.26,30.02,29.57,27.96,24028428.0,234691232.0
2013-09-06,27.99,28.53,28.11,27.78,11618173.0,109767288.0
2013-09-05,26.61,28.68,28.23,26.35,21078216.0,195367744.0
2013-09-04,26.59,26.68,26.61,26.29,5656174.0,50198724.0
2013-09-03,26.29,26.61,26.59,26.02,6779519.0,60039880.0
2013-09-02,26.35,26.52,26.35,25.87,5169380.0,45310076.0
2013-08-30,26.11,26.68,26.29,26.05,8853948.0,78198632.0
2013-08-29,26.2,26.68,26.44,26.2,5899528.0,52068672.0
2013-08-28,26.94,26.94,26.2,26.14,11743058.0,103863432.0
2013-08-27,27.39,27.39,27.09,26.82,8070453.0,72972768.0
2013-08-26,26.76,27.54,27.12,26.76,13023004.0,118275632.0
2013-08-23,27.42,27.6,26.82,26.35,10002776.0,90341008.0
2013-08-22,27.42,27.63,27.36,27.09,9387183.0,86003560.0
2013-08-21,27.39,27.81,27.48,26.97,12574937.0,115677256.0
2013-08-20,26.85,28.08,27.51,26.46,23631760.0,216860768.0
2013-08-19,25.09,26.88,26.88,24.82,15650009.0,136304448.0
2013-08-16,25.84,26.76,25.33,25.18,14508284.0,126080312.0
2013-08-15,26.64,27.45,25.87,25.78,20603440.0,182965616.0
2013-08-14,26.44,27.06,26.76,26.14,15871713.0,141947184.0
2013-08-13,26.26,26.55,26.41,25.93,10516508.0,92517088.0
2013-08-12,26.23,26.7,26.29,25.84,14944723.0,131098608.0
2013-08-09,26.02,26.73,26.08,25.84,24617978.0,216381808.0
2013-08-08,24.46,25.39,25.39,24.37,16697444.0,139937712.0
2013-08-07,24.34,24.82,24.38,24.25,9663672.0,79334752.0
2013-08-06,24.34,24.61,24.49,24.02,8738203.0,71144872.0
2013-08-05,23.93,24.4,24.34,23.84,6595268.0,53464552.0
2013-08-02,23.75,23.99,23.9,23.51,7671151.0,60997792.0
2013-08-01,22.76,23.78,23.66,22.76,6008425.0,47167836.0
2013-07-31,23.21,23.48,23.0,22.94,4298366.0,33382218.0
2013-07-30,22.94,23.45,23.09,22.43,6608906.0,50875820.0
2013-07-29,23.96,23.96,22.94,22.94,6730044.0,52541912.0
2013-07-26,24.23,24.4,24.11,23.87,5624503.0,45307172.0
2013-07-25,24.82,24.97,24.46,24.43,5999871.0,49510856.0
2013-07-24,25.03,25.12,24.88,24.43,7558377.0,62637408.0
2013-07-23,24.52,25.24,25.12,24.38,8126367.0,67925376.0
2013-07-22,23.93,24.64,24.64,23.75,5341135.0,43466632.0
2013-07-19,24.94,24.97,24.16,24.16,8656863.0,71327496.0
2013-07-18,25.12,25.3,24.79,24.64,7196626.0,59949848.0
2013-07-17,25.54,26.29,25.36,25.21,14284870.0,123051592.0
2013-07-16,25.03,25.72,25.33,24.67,10058902.0,85264600.0
2013-07-15,24.76,25.03,24.88,24.25,9052291.0,74985952.0
2013-07-12,25.36,25.39,24.7,24.58,11514615.0,96248488.0
2013-07-11,25.06,25.6,25.36,24.64,17784632.0,150118000.0
2013-07-10,23.84,25.48,25.18,23.6,18583444.0,154165008.0
2013-07-09,23.87,24.11,23.9,23.3,11066819.0,87740312.0
2013-07-08,22.49,24.58,23.81,21.81,18901316.0,148677904.0
2013-07-05,22.61,22.91,22.58,22.49,4906305.0,37249708.0
2013-07-04,22.31,22.91,22.58,22.07,5900746.0,44481768.0
2013-07-03,22.88,22.88,22.49,22.02,5640364.0,42394012.0
2013-07-02,22.67,22.94,22.91,22.43,8001854.0,60863368.0
2013-07-01,22.22,22.64,22.61,22.02,3927374.0,29414922.0
2013-06-28,22.19,22.64,22.22,21.54,6273846.0,46421084.0
2013-06-27,22.58,22.91,22.25,22.16,5621681.0,42451788.0
2013-06-26,22.37,22.76,22.49,21.81,4573259.0,34220196.0
2013-06-25,22.34,22.64,22.31,20.82,7989583.0,58314480.0
2013-06-24,23.69,23.81,22.34,21.93,6365046.0,48743116.0
2013-06-21,23.69,24.02,23.78,23.45,5430470.0,43067128.0
2013-06-20,24.73,24.73,24.08,24.02,6028226.0,49098208.0
2013-06-19,25.39,25.39,24.76,24.25,6596833.0,54846232.0
2013-06-18,25.3,25.72,25.51,25.09,4668282.0,39623644.0
2013-06-17,25.81,25.84,25.27,24.88,6957900.0,59014180.0
2013-06-14,25.69,26.05,25.78,25.6,8422160.0,72609912.0
2013-06-13,26.26,26.26,25.69,25.48,4972688.0,42805200.0
2013-06-07,27.0,27.39,26.44,26.41,5973609.0,53495500.0
2013-06-06,27.99,27.99,27.24,27.15,6554057.0,60213924.0
2013-06-05,27.93,28.05,28.05,27.6,4682589.0,43679580.0
2013-06-04,28.62,28.65,27.84,27.66,6840358.0,64193248.0
2013-06-03,28.74,29.0,28.59,28.53,5644454.0,54359328.0
2013-05-31,29.75,29.78,28.82,28.82,8494575.0,82974752.0
2013-05-30,29.66,29.99,29.57,29.42,7155779.0,71105504.0
2013-05-29,29.87,30.2,29.78,29.54,8872368.0,88555464.0
2013-05-28,29.51,30.14,29.9,29.33,13758640.0,137402512.0
2013-05-27,28.98,29.57,29.33,28.91,8611644.0,84430968.0
2013-05-24,28.59,29.06,28.91,28.41,5630425.0,54198444.0
2013-05-23,28.95,29.48,28.56,28.44,7535643.0,73178624.0
2013-05-22,29.45,29.78,28.98,28.91,10929402.0,107221832.0
2013-05-21,28.77,29.51,29.3,28.38,11542846.0,111800032.0
2013-05-20,28.14,28.86,28.71,28.11,10711244.0,102611440.0
2013-05-17,28.05,28.44,28.11,27.75,11786698.0,110746256.0
2013-05-16,27.48,28.11,27.99,26.97,11704545.0,108280328.0
2013-05-15,26.88,27.66,27.6,26.79,9932789.0,90676896.0
2013-05-14,27.27,27.27,26.73,26.52,6865214.0,61585496.0
2013-05-13,26.61,27.3,27.27,26.41,10304380.0,92678464.0
2013-05-10,26.52,26.68,26.55,26.35,5638878.0,50045436.0
2013-05-09,26.41,26.59,26.59,26.26,5944680.0,52525788.0
2013-05-08,26.79,26.94,26.5,26.26,7499129.0,66626772.0
2013-05-07,26.67,26.7,26.58,26.32,6051156.0,54245664.0
2013-05-06,26.41,26.76,26.64,26.29,7850870.0,70603320.0
2013-05-03,25.93,26.52,26.26,25.93,5253268.0,46800260.0
2013-05-02,25.88,25.93,25.88,25.61,4072810.0,35484264.0
2013-04-26,25.73,26.23,25.99,25.4,7346677.0,64091496.0
2013-04-25,26.55,26.58,25.58,25.58,7799707.0,68680312.0
2013-04-24,26.35,26.79,26.58,26.26,5299060.0,47531220.0
2013-04-23,27.18,27.23,26.35,25.88,9443890.0,84322744.0
2013-04-22,26.88,27.18,27.03,26.76,3056424.0,27900362.0
2013-04-19,26.47,27.47,27.0,26.47,5385145.0,49369416.0
2013-04-18,26.44,26.79,26.44,26.2,3018690.0,27157440.0
2013-04-17,25.88,26.76,26.58,25.58,3294516.0,29245298.0
2013-04-16,25.02,25.93,25.79,24.99,2938714.0,25317778.0
2013-04-15,25.17,25.46,25.28,25.11,2113670.0,18067846.0
2013-04-12,25.91,25.99,25.31,25.2,2640538.0,22859142.0
2013-04-11,26.5,26.52,25.91,25.88,2019168.0,17935862.0
2013-04-10,26.35,26.5,26.35,26.23,2080493.0,18553354.0
2013-04-09,26.05,26.41,26.35,25.84,2927735.0,26028220.0
2013-04-08,25.67,26.14,25.99,25.17,3400234.0,29372424.0
2013-04-03,26.08,26.38,25.88,25.73,3248117.0,28578578.0
2013-04-02,26.38,26.7,26.11,25.99,3671018.0,32740738.0
2013-04-01,26.58,26.76,26.38,26.2,4953737.0,44373268.0
2013-03-29,26.52,26.79,26.47,26.44,3049918.0,27471088.0
2013-03-28,27.41,27.41,26.23,26.17,5607292.0,50556700.0
2013-03-27,27.5,27.8,27.56,27.47,3093122.0,28894148.0
2013-03-26,27.91,27.91,27.5,27.2,3073861.0,28596942.0
2013-03-25,28.41,28.59,27.94,27.71,4465538.0,42331496.0
2013-03-22,28.68,28.74,28.39,28.21,3570751.0,34360180.0
2013-03-21,28.53,29.12,28.68,28.5,4471475.0,43606004.0
2013-03-20,27.62,28.5,28.5,27.41,4285114.0,40655840.0
2013-03-19,27.82,28.03,27.62,26.97,6549690.0,60615024.0
2013-03-18,28.86,29.24,27.85,27.77,5320561.0,51139704.0
2013-03-15,29.45,29.77,29.04,28.8,4991913.0,49462508.0
2013-03-14,29.09,29.69,29.36,29.01,5974922.0,59354240.0
2013-03-13,29.89,30.1,29.04,28.71,7475151.0,74039040.0
2013-03-12,31.07,31.25,29.98,29.39,9215244.0,94162984.0
2013-03-11,30.98,31.75,31.07,30.98,4010705.0,42454212.0
2013-03-08,31.93,32.28,31.25,31.19,6252871.0,66986200.0
2013-03-07,31.9,32.94,31.93,31.52,16017729.0,175214160.0
2013-03-06,30.93,31.99,31.9,30.63,11233378.0,120048272.0
2013-03-05,29.57,30.81,30.78,29.57,6201937.0,63721088.0
2013-03-04,29.89,30.54,29.6,29.27,6058501.0,61238600.0
2013-03-01,30.36,30.48,30.1,29.92,5596721.0,57209504.0
2013-02-28,29.8,30.39,30.28,29.39,5734776.0,58326828.0
2013-02-27,29.51,29.98,29.48,29.21,5491244.0,54975180.0
2013-02-26,30.22,30.39,29.24,29.12,7308701.0,73604816.0
2013-02-25,30.45,30.81,30.36,29.98,5525610.0,56775448.0
2013-02-22,30.96,31.46,30.57,30.39,5881653.0,61085700.0
2013-02-21,30.87,31.72,30.51,30.34,7434163.0,77719752.0
2013-02-20,30.42,31.16,30.98,30.36,5358836.0,55813600.0
2013-02-19,31.22,31.28,30.19,30.13,5810307.0,59947064.0
2013-02-18,32.08,32.2,31.31,31.16,7697713.0,82163328.0
2013-02-08,30.96,31.9,31.84,30.78,9084876.0,97273344.0
2013-02-07,30.96,31.28,31.02,30.31,4739228.0,49521768.0
2013-02-06,31.22,31.37,30.96,30.72,6889699.0,72433040.0
2013-02-05,31.22,32.08,31.31,30.75,13401692.0,141853536.0
2013-02-04,29.89,31.58,31.25,29.89,18138408.0,190591136.0
2013-02-01,29.27,29.71,29.54,29.18,4679078.0,46674616.0
2013-01-31,29.36,29.6,29.36,28.98,4244898.0,42058112.0
2013-01-30,29.45,29.83,29.24,28.95,5832711.0,57841784.0
2013-01-29,29.6,29.77,29.48,29.15,8931169.0,89099600.0
2013-01-28,28.5,29.54,29.51,28.45,5301738.0,52256052.0
2013-01-25,28.98,29.27,28.56,28.24,6207403.0,60186788.0
2013-01-24,30.34,30.9,29.24,28.65,9310531.0,93808304.0
2013-01-23,30.63,30.63,30.01,29.66,4910358.0,49859356.0
2013-01-22,31.49,31.58,30.81,30.19,8248751.0,86678656.0
2013-01-21,30.57,31.61,31.58,30.19,9941332.0,104766760.0
2013-01-18,30.48,30.57,30.34,29.45,6670662.0,67956536.0
2013-01-17,31.02,31.25,30.48,29.77,7457471.0,76397528.0
2013-01-16,30.96,31.64,30.78,30.45,10969462.0,115583448.0
2013-01-15,30.6,31.52,31.22,30.28,11185242.0,116586784.0
2013-01-14,28.65,30.57,30.57,28.65,8321589.0,84465872.0
2013-01-11,30.42,30.6,28.98,28.83,7521821.0,75323888.0
2013-01-10,30.19,30.98,30.39,30.13,6402345.0,66174452.0
2013-01-09,30.13,30.54,30.16,29.83,6846534.0,70099592.0
2013-01-08,30.48,30.87,30.51,29.51,11578595.0,118696472.0
2013-01-07,28.3,31.02,30.48,28.06,19846624.0,201008688.0
2013-01-04,26.91,28.83,28.5,26.67,13565122.0,127033496.0
2012-12-31,26.76,26.97,26.7,26.52,5644781.0,51075060.0
2012-12-28,26.73,26.88,26.76,26.2,5500853.0,49379624.0
2012-12-27,27.56,27.65,26.7,26.64,6570811.0,60248596.0
2012-12-26,27.06,27.74,27.59,27.0,4965736.0,46112976.0
2012-12-25,26.61,27.35,27.18,26.29,6226048.0,56937136.0
2012-12-24,26.29,26.76,26.67,26.14,4071788.0,36607220.0
2012-12-21,26.32,26.64,26.38,25.88,5224299.0,46346320.0
2012-12-20,26.11,26.64,26.29,25.96,4746815.0,42138468.0
2012-12-19,26.32,26.41,26.26,26.08,3228798.0,28670454.0
2012-12-18,26.64,26.88,26.32,26.23,5689711.0,51133860.0
2012-12-17,26.14,26.73,26.64,25.99,7634967.0,68136688.0
2012-12-14,24.81,26.29,26.11,24.81,8130011.0,71267552.0
2012-12-13,24.9,25.08,25.05,24.58,3570187.0,29930188.0
2012-12-12,24.81,25.11,25.11,24.22,3004975.0,25059604.0
2012-12-11,25.2,25.25,24.81,24.78,3626979.0,30712040.0
2012-12-10,25.11,25.58,25.34,24.9,5148375.0,44056016.0
2012-12-07,24.25,25.11,25.11,24.1,6275722.0,52400980.0
2012-12-06,24.1,24.34,24.34,23.78,2718473.0,22119364.0
2012-12-05,22.98,24.34,24.1,22.8,7461853.0,60451748.0
2012-12-04,22.36,23.22,23.04,22.3,2383967.0,18450706.0
2012-12-03,23.28,23.39,22.51,22.24,3772496.0,29107176.0
2012-11-30,22.15,23.45,23.39,21.98,5064841.0,39137608.0
2012-11-29,22.27,22.39,22.27,21.77,2665313.0,19933166.0
2012-11-28,22.45,22.57,22.27,22.04,2596353.0,19594376.0
2012-11-27,23.93,23.93,22.71,22.48,4282685.0,33352810.0
2012-11-26,24.22,24.28,23.95,23.93,1430546.0,11646915.0
2012-11-23,24.13,24.4,24.19,24.13,1852648.0,15223972.0
2012-11-22,24.16,24.43,24.1,23.87,2593988.0,21180026.0
2012-11-21,24.13,24.4,24.28,23.48,4546189.0,36947744.0
2012-11-20,24.52,24.78,24.07,24.04,2528209.0,20871300.0
2012-11-19,24.75,24.84,24.37,24.01,2491173.0,20549222.0
2012-11-16,24.1,24.87,24.87,23.9,4736829.0,38987668.0
2012-11-15,24.87,24.96,24.37,24.16,2695727.0,22463910.0
2012-11-14,25.17,25.46,24.87,24.64,5182742.0,43729792.0
2012-11-13,27.09,27.12,25.4,24.81,10535258.0,91616624.0
2012-11-12,27.59,27.77,27.12,27.03,3993122.0,36849540.0
2012-11-09,27.32,27.91,27.68,27.23,3307011.0,31008050.0
2012-11-08,27.32,27.65,27.41,27.12,4325736.0,40163376.0
2012-11-07,27.44,27.82,27.5,27.26,3047989.0,28429754.0
2012-11-06,28.0,28.03,27.41,27.12,4414792.0,40897268.0
2012-11-05,28.12,28.27,28.03,27.88,1644711.0,15608291.0
2012-11-02,28.3,28.45,28.3,27.82,2424788.0,23126514.0
2012-11-01,27.59,28.42,28.27,27.59,4417468.0,42070448.0
2012-10-31,27.32,27.82,27.68,27.26,2928031.0,27310178.0
2012-10-30,27.18,27.68,27.35,27.12,2077095.0,19254680.0
2012-10-29,27.0,27.23,27.18,27.0,1643458.0,15075244.0
2012-10-26,27.74,27.91,27.09,26.97,3271931.0,30224600.0
2012-10-25,28.0,28.18,27.8,27.77,2062768.0,19508628.0
2012-10-24,27.94,28.15,27.97,27.8,2127307.0,20153600.0
2012-10-23,28.45,28.56,28.15,28.09,2758111.0,26426838.0
2012-10-22,28.3,28.56,28.45,28.0,2851830.0,27265914.0
2012-10-19,28.89,28.89,28.45,28.3,4220368.0,40761044.0
2012-10-18,27.97,28.74,28.74,27.77,6781971.0,65176664.0
2012-10-17,28.18,28.21,27.91,27.62,4815802.0,45358324.0
2012-10-16,28.21,28.33,28.03,27.82,3932838.0,37387400.0
2012-10-15,28.83,28.86,28.27,27.68,5184876.0,49368260.0
2012-10-12,28.86,29.15,28.71,28.53,3120638.0,30487808.0
2012-10-11,29.09,29.24,28.74,28.62,4027016.0,39343508.0
2012-10-10,28.5,29.39,29.24,28.15,6896890.0,66851892.0
2012-10-09,28.03,28.71,28.65,27.85,8037984.0,77129832.0
2012-10-08,28.39,28.62,28.03,27.71,3470295.0,32947972.0
2012-09-28,27.91,28.36,28.33,27.68,4298064.0,40780892.0
2012-09-27,27.8,28.33,28.0,27.32,7442687.0,70262808.0
2012-09-26,28.33,28.56,27.82,27.47,2816170.0,26546272.0
2012-09-25,27.8,28.92,28.56,27.53,4911136.0,47203828.0
2012-09-24,27.59,28.12,27.77,26.97,2501542.0,23334540.0
2012-09-21,28.15,28.36,27.68,27.41,3825452.0,36098928.0
2012-09-20,29.09,29.09,28.3,28.0,3832589.0,36885892.0
2012-09-19,29.35,29.54,29.09,28.76,2861412.0,45084356.0
2012-09-18,29.13,29.89,29.35,28.98,2765297.0,44157192.0
2012-09-17,30.26,30.52,29.35,29.22,3322460.0,53645696.0
2012-09-14,30.39,30.42,30.26,29.94,4137925.0,67549744.0
2012-09-13,31.09,31.22,30.07,30.05,4025541.0,66548316.0
2012-09-12,30.5,30.89,30.72,30.48,3230559.0,53687540.0
2012-09-11,30.59,30.65,30.44,30.2,3517244.0,57834136.0
2012-09-10,30.33,30.92,30.72,30.33,4189848.0,69525096.0
2012-09-07,30.02,31.11,30.46,29.87,8371923.0,138417424.0
2012-09-06,29.46,30.0,29.82,29.39,2412315.0,38857608.0
2012-09-05,29.26,29.67,29.46,29.21,1728080.0,27520330.0
2012-09-04,29.82,29.82,29.39,29.39,2557933.0,40962760.0
2012-09-03,29.32,30.0,29.87,29.28,5434601.0,87354936.0
2012-08-31,28.52,29.06,28.97,28.45,1738778.0,27068726.0
2012-08-30,28.91,29.26,28.52,28.41,2868902.0,44663576.0
2012-08-29,29.52,29.52,29.02,28.84,3294861.0,52028236.0
2012-08-28,29.74,30.0,29.61,29.35,3051214.0,49042352.0
2012-08-27,29.91,30.18,29.74,29.56,2486005.0,40190448.0
2012-08-24,30.83,31.05,30.13,30.05,4267325.0,70138616.0
2012-08-23,31.02,31.37,31.11,30.61,3920284.0,65907424.0
2012-08-22,31.48,31.55,30.96,30.79,5654099.0,95308944.0
2012-08-21,30.87,31.57,31.29,30.37,8125425.0,136593568.0
2012-08-20,30.07,30.74,30.57,29.56,2028243.0,33170156.0
2012-08-17,30.92,31.02,30.07,29.74,3513642.0,57627716.0
2012-08-16,30.66,30.96,30.89,30.55,3098092.0,51611472.0
2012-08-15,30.3,31.44,30.79,30.24,7723307.0,129526216.0
2012-08-14,29.54,30.5,30.5,29.17,3363361.0,54289060.0
2012-08-13,30.3,30.3,29.56,29.56,2432681.0,39336196.0
2012-08-10,30.55,30.74,30.3,30.07,2511721.0,41291400.0
2012-08-09,30.28,30.59,30.44,29.76,3929830.0,64416132.0
2012-08-08,30.44,30.59,30.26,29.85,3876479.0,63293540.0
2012-08-07,29.52,30.61,30.46,29.35,8581204.0,140737312.0
2012-08-06,28.52,29.67,29.61,28.43,4747290.0,75182096.0
2012-08-03,28.19,28.86,28.84,27.89,2647509.0,40780572.0
2012-08-02,28.71,28.71,28.1,27.97,2348030.0,35950744.0
2012-08-01,28.43,29.28,28.65,28.26,2744318.0,42733008.0
2012-07-31,28.56,28.84,28.58,27.88,1348171.0,20795084.0
2012-07-30,29.04,29.22,28.65,28.58,1312374.0,20523138.0
2012-07-27,29.08,29.35,29.04,28.5,2444032.0,38074788.0
2012-07-26,29.45,29.76,28.95,28.8,2766667.0,43865436.0
2012-07-25,28.65,29.63,29.08,28.65,3942887.0,62469780.0
2012-07-24,28.21,29.28,29.02,28.21,3772852.0,58769936.0
2012-07-23,27.69,28.21,28.15,27.45,2091808.0,31498008.0
2012-07-20,28.56,28.76,28.04,27.89,1306744.0,20054146.0
2012-07-19,28.15,29.02,28.58,28.08,2654698.0,41190904.0
2012-07-18,27.62,28.38,28.32,27.19,2963702.0,44791884.0
2012-07-17,26.95,27.73,27.62,26.79,3044420.0,45304836.0
2012-07-16,28.65,28.8,27.03,26.81,5331747.0,80165616.0
2012-07-13,29.72,29.76,28.98,28.87,4153803.0,65719232.0
2012-07-12,29.0,29.94,29.87,28.63,3715786.0,59206496.0
2012-07-11,28.8,29.04,29.02,28.34,3346999.0,51851028.0
2012-07-10,29.83,29.94,28.86,28.54,3367204.0,53584380.0
2012-07-09,30.59,30.59,29.98,29.65,5069821.0,82536616.0
2012-07-06,30.09,30.74,30.52,29.54,3942891.0,64410968.0
2012-07-05,30.05,30.09,29.98,29.65,2686045.0,43439172.0
2012-07-04,30.37,30.61,30.22,29.91,3595171.0,58852980.0
2012-07-03,29.41,30.37,30.37,29.24,6971158.0,113323048.0
2012-07-02,29.04,29.61,29.43,28.87,3499487.0,55586152.0
2012-06-29,28.23,29.17,28.82,27.97,2559527.0,39758472.0
2012-06-28,29.11,29.17,28.32,28.25,2555990.0,39582652.0
2012-06-26,28.78,29.26,28.95,28.69,2400786.0,37626384.0
2012-06-25,29.61,29.83,28.98,28.97,3440989.0,54740340.0
2012-06-21,30.13,30.37,29.83,29.37,2831132.0,45630812.0
2012-06-20,30.26,31.25,30.37,30.2,6030384.0,100630840.0
2012-06-19,30.46,30.61,30.26,29.87,2678264.0,43819848.0
2012-06-18,30.05,30.85,30.26,30.0,5221430.0,86154632.0
2012-06-15,29.56,29.91,29.8,29.37,3167764.0,50922424.0
2012-06-14,29.08,30.05,29.59,29.08,6967830.0,111960328.0
2012-06-13,28.36,29.3,29.26,28.25,6641129.0,103477576.0
2012-06-12,28.63,28.63,28.23,28.06,2557581.0,39283120.0
2012-06-11,28.43,28.98,28.89,28.23,5329195.0,82253280.0
2012-06-08,28.71,28.86,28.45,28.39,2174881.0,33710780.0
2012-06-07,28.67,28.84,28.43,28.28,2163346.0,33539044.0
2012-06-06,28.34,28.74,28.41,28.17,2134571.0,32845718.0
2012-06-05,28.89,28.89,28.25,28.06,3109798.0,48046436.0
2012-06-04,29.54,29.54,28.61,28.61,4227471.0,66561524.0
2012-06-01,29.96,30.42,30.09,29.78,4245520.0,69215480.0
2012-05-31,29.91,30.02,29.96,29.54,3376116.0,54502412.0
2012-05-30,30.09,30.52,30.15,29.91,3876643.0,63356932.0
2012-05-29,29.82,30.22,30.07,29.48,4343891.0,70380744.0
2012-05-28,29.26,29.87,29.87,28.61,3902028.0,61800044.0
2012-05-25,30.24,30.39,29.21,29.08,5603500.0,89809904.0
2012-05-24,31.02,31.14,30.2,30.18,3570665.0,59273832.0
2012-05-23,31.38,31.5,30.98,30.77,2937086.0,49433800.0
2012-05-22,31.02,31.51,31.42,30.92,2430108.0,41057440.0
2012-05-21,30.92,31.16,30.76,30.33,2008055.0,33510064.0
2012-05-18,31.31,31.53,30.94,30.79,3045284.0,51260048.0
2012-05-17,30.92,31.66,31.62,30.64,3310110.0,55999164.0
2012-05-16,31.02,31.36,30.83,30.61,2588941.0,43529984.0
2012-05-15,31.62,31.62,31.16,30.79,3910697.0,65876256.0
2012-05-14,32.09,32.1,31.64,31.57,3359204.0,58009760.0
2012-05-11,32.12,32.44,31.62,31.59,3312228.0,57325444.0
2012-05-10,31.72,32.27,32.12,31.72,3480308.0,60256920.0
2012-05-09,32.77,32.79,31.86,31.83,6191565.0,108103696.0
2012-05-08,33.34,34.26,33.14,33.14,7548320.0,137731632.0
2012-05-07,32.7,33.41,33.36,32.58,5481452.0,98363888.0
2012-05-04,33.03,33.06,32.9,32.49,5505844.0,97640760.0
2012-05-03,33.32,33.58,33.03,32.77,5807895.0,104022592.0
2012-05-02,32.95,33.67,33.3,32.7,7862404.0,141237904.0
2012-04-27,32.51,33.01,32.44,32.36,5186245.0,91769248.0
2012-04-26,33.4,33.4,32.58,32.31,8279189.0,146941648.0
2012-04-25,31.96,33.88,33.25,31.94,16928408.0,302911584.0
2012-04-24,31.66,32.77,31.85,31.02,11503851.0,197791264.0
2012-04-23,31.4,32.73,31.85,31.38,8997513.0,156746800.0
2012-04-20,30.85,31.62,31.29,30.37,7782424.0,130473600.0
2012-04-19,30.42,30.7,30.09,29.96,3578456.0,58784456.0
2012-04-18,29.98,30.48,30.44,29.59,5562805.0,90962224.0
2012-04-17,30.76,31.35,29.83,29.82,5402858.0,89078144.0
2012-04-16,29.56,31.2,30.66,29.54,6021558.0,99543656.0
2012-04-13,30.17,30.42,29.85,29.82,5988729.0,97618736.0
2012-04-12,29.39,30.46,30.44,29.32,10182509.0,164729760.0
2012-04-11,27.89,30.37,29.69,27.88,6036496.0,95623256.0
2012-04-10,28.43,28.61,28.23,27.51,3229219.0,49161656.0
2012-04-09,28.74,28.9,28.32,27.93,2608569.0,40487320.0
2012-04-06,28.7,29.07,28.7,28.46,2223879.0,34949204.0
2012-04-05,27.97,28.92,28.7,27.88,4391245.0,68415448.0
2012-03-30,28.01,28.19,27.93,27.73,1708043.0,26087802.0
2012-03-29,28.48,29.03,28.01,27.75,2191445.0,33889144.0
2012-03-28,30.22,30.29,28.61,27.79,4388919.0,69179336.0
2012-03-27,31.12,31.39,30.24,30.24,2232240.0,37722820.0
2012-03-26,30.86,31.48,31.08,30.79,1180245.0,20123182.0
2012-03-22,31.46,31.61,31.34,31.26,1043194.0,17925888.0
2012-03-21,31.99,32.18,31.46,30.93,2472977.0,42603524.0
2012-03-20,33.11,33.26,31.81,31.74,3322525.0,58942292.0
2012-03-19,33.27,33.29,33.11,32.72,3528409.0,63732676.0
2012-03-16,31.99,33.09,32.93,31.86,5165896.0,91802360.0
2012-03-15,31.08,32.54,31.99,30.86,5718169.0,98326160.0
2012-03-14,33.13,33.16,31.26,30.71,7277775.0,128627176.0
2012-03-13,33.03,33.13,32.91,32.58,3881271.0,69803504.0
2012-03-12,32.36,33.22,33.11,32.36,7499334.0,135193504.0
2012-03-09,31.35,32.3,32.29,31.23,5540244.0,96370600.0
2012-03-08,30.77,31.3,31.28,30.66,6057711.0,102803664.0
2012-03-07,30.68,31.26,30.75,30.16,5190741.0,87010984.0
2012-03-06,31.63,31.68,30.84,30.75,3226151.0,54730596.0
2012-03-05,31.46,31.92,31.54,31.21,6130032.0,105993264.0
2012-03-02,30.88,31.3,31.21,30.71,5729541.0,97238216.0
2012-03-01,30.68,31.08,30.86,30.46,5032437.0,84740808.0
2012-02-29,32.36,32.36,31.04,30.57,10625001.0,182774608.0
2012-02-28,33.93,34.09,33.16,32.45,7248145.0,131145496.0
2012-02-27,34.37,34.73,33.93,33.82,4829380.0,90485616.0
2012-02-24,33.46,34.7,34.66,33.05,4596127.0,84983936.0
2012-02-23,33.09,34.06,33.47,32.92,1742355.0,31925988.0
2012-02-22,31.96,33.42,33.42,31.59,4491600.0,80147360.0
2012-02-21,32.01,32.12,32.1,31.52,1714870.0,29768544.0
2012-02-20,31.81,32.18,32.01,31.72,2529132.0,44208456.0
2012-02-17,32.63,32.63,31.5,31.41,2656656.0,46124768.0
2012-02-16,31.54,32.27,32.23,31.41,3180152.0,55614432.0
2012-02-15,31.43,31.85,31.5,31.17,2044429.0,35232256.0
2012-02-14,32.18,32.27,31.45,31.23,1673412.0,28869826.0
2012-02-13,31.06,32.3,32.18,30.86,3118752.0,54311668.0
2012-02-10,31.52,31.86,31.35,31.26,1755182.0,30257810.0
2012-02-09,31.59,32.14,31.5,31.23,1791405.0,31055572.0
2012-02-08,30.37,31.57,31.48,30.37,1899441.0,32401356.0
2012-02-07,31.04,31.28,30.59,30.35,1805334.0,30342686.0
2012-02-06,30.11,31.06,31.06,30.09,2251574.0,37803188.0
2012-02-03,30.29,30.48,30.15,29.8,1809662.0,29784204.0
2012-02-02,30.09,30.35,30.31,29.71,1731430.0,28482486.0
2012-02-01,29.27,30.11,29.84,29.11,2888309.0,47015452.0
2012-01-31,28.87,29.34,29.29,28.74,1268612.0,20168198.0
2012-01-30,29.12,29.23,28.9,28.74,1694547.0,26899038.0
2012-01-20,28.5,29.4,29.12,28.25,1998122.0,31598814.0
2012-01-19,27.61,28.67,28.59,27.57,1884773.0,29111754.0
2012-01-18,28.39,28.63,27.62,27.61,2202802.0,33890852.0
2012-01-17,26.73,28.5,28.39,26.73,2900996.0,43976896.0
2012-01-16,27.88,27.88,26.73,26.51,2278050.0,33775596.0
2012-01-13,29.14,29.25,27.95,27.24,3306209.0,50968828.0
2012-01-12,29.98,30.2,29.27,29.18,2305471.0,37249608.0
2012-01-11,29.8,30.38,30.11,29.52,2580276.0,42474188.0
2012-01-10,29.36,30.22,29.96,29.09,3283809.0,53419928.0
2012-01-09,28.06,29.34,29.32,27.61,3194192.0,50062228.0
2012-01-06,26.51,28.26,27.93,26.47,2580021.0,38376536.0
2012-01-05,27.24,27.59,26.66,26.0,4042321.0,59442088.0
2012-01-04,28.57,28.67,27.39,27.3,3034396.0,46492308.0
