date,open,high,close,low,volume,amount
2015-06-01,113.15,124.35,123.39,113.15,18567792.0,602752128.0
2015-05-29,115.36,117.91,113.04,108.51,16926990.0,520977056.0
2015-05-28,126.56,130.03,115.11,115.11,19277440.0,642135424.0
2015-05-27,120.48,128.63,127.89,116.47,22299280.0,738100288.0
2015-05-26,114.88,125.83,120.48,114.15,29131930.0,955254912.0
2015-05-25,103.83,115.18,115.18,103.06,32384416.0,976535360.0
2015-05-22,106.81,107.96,104.71,103.53,15383362.0,439245312.0
2015-05-21,105.38,107.77,106.74,104.46,14447647.0,416395296.0
2015-05-20,104.83,107.81,104.31,102.76,21123972.0,607828352.0
2015-05-19,98.82,104.75,103.83,98.82,18296702.0,509544672.0
2015-05-18,95.14,99.15,98.52,93.96,12205020.0,323755840.0
2015-05-15,98.01,98.01,95.36,93.99,9805604.0,253967088.0
2015-05-14,97.6,99.63,98.38,96.98,10829504.0,288256320.0
2015-05-13,97.46,98.52,97.42,96.35,10463781.0,276302752.0
2015-05-12,98.19,99.45,98.12,96.9,11350589.0,301822944.0
2015-05-11,96.94,98.75,97.9,96.94,10987290.0,291484640.0
2015-05-08,93.96,96.46,96.31,93.96,10397427.0,268869472.0
2015-05-07,92.08,93.77,93.11,90.75,8786393.0,219872224.0
2015-05-06,93.4,94.73,92.08,91.75,9813429.0,247707936.0
2015-05-05,97.2,97.23,92.56,92.19,12715063.0,325712736.0
2015-05-04,96.94,98.75,97.23,95.8,9326270.0,246348320.0
2015-04-30,96.24,97.38,96.53,95.28,11341994.0,296181344.0
2015-04-29,95.83,97.94,96.17,95.61,12103184.0,316911488.0
2015-04-28,102.43,102.72,95.39,94.88,26139030.0,697822720.0
2015-04-27,101.14,104.35,103.54,100.59,17851756.0,494451680.0
2015-04-24,102.06,103.9,100.48,99.11,24390644.0,669168896.0
2015-04-23,107.55,107.55,104.83,103.9,22907274.0,654815168.0
2015-04-22,106.11,107.88,107.55,103.54,40879716.0,1181073536.0
2015-04-21,110.54,112.34,111.75,107.15,28601172.0,853268416.0
2015-04-20,104.38,109.8,109.21,104.27,20949632.0,610756992.0
2015-04-17,104.64,106.81,104.38,103.57,13616551.0,389012480.0
2015-04-16,101.33,105.93,103.17,98.01,14771478.0,414153632.0
2015-04-15,109.36,109.8,102.06,102.06,17108428.0,489722528.0
2015-04-14,109.61,111.61,110.2,108.44,18103694.0,540985344.0
2015-04-13,105.78,112.45,109.76,105.01,29745296.0,876752512.0
2015-04-10,101.14,106.11,105.01,101.03,22542744.0,638473728.0
2015-04-09,103.06,103.61,100.99,98.01,12813641.0,350538016.0
2015-04-08,103.83,104.53,103.06,99.56,15154688.0,422137568.0
2015-04-07,101.62,103.9,103.42,100.88,19845204.0,550413056.0
2015-04-03,106.04,106.04,101.77,99.52,25532700.0,708486592.0
2015-04-02,101.69,108.55,106.41,100.7,13352178.0,380791168.0
2015-04-01,99.85,102.72,101.84,99.85,9272427.0,256095120.0
2015-03-31,100.96,102.69,100.92,98.75,10620862.0,290739872.0
2015-03-30,102.8,104.97,101.73,100.88,8687478.0,241082992.0
2015-03-27,98.01,105.67,103.31,97.75,12179490.0,336280512.0
2015-03-26,101.69,102.58,98.45,97.71,12815024.0,347291072.0
2015-03-25,102.32,107.33,103.54,100.96,13799565.0,390352704.0
2015-03-24,102.72,104.09,102.39,98.82,19150864.0,528256896.0
2015-03-23,100.26,106.85,104.27,97.64,20942304.0,568517184.0
2015-03-20,95.61,100.33,99.81,94.99,24732556.0,652350208.0
2015-03-19,88.1,95.25,91.19,86.4,16053959.0,398009376.0
2015-03-18,84.74,88.91,87.47,84.67,17728240.0,417893600.0
2015-03-17,81.17,82.46,82.28,80.18,10382036.0,230048480.0
2015-03-16,78.78,81.61,80.99,78.78,11208323.0,245272496.0
2015-03-13,78.04,78.81,78.44,77.38,6445191.0,136461216.0
2015-03-12,79.0,80.18,77.93,76.56,7178329.0,152555600.0
2015-03-11,78.3,79.03,78.92,76.97,6558286.0,139049312.0
2015-03-10,76.97,79.03,78.0,76.64,6897381.0,146133952.0
2015-03-09,75.61,77.04,76.97,75.13,6268077.0,129400536.0
2015-03-06,77.71,78.74,75.64,75.53,7623429.0,158357152.0
2015-03-05,80.99,80.99,78.11,77.85,7380655.0,158029136.0
2015-03-04,79.92,81.32,80.51,78.81,7011563.0,152496720.0
2015-03-03,80.25,82.09,79.92,79.59,10651327.0,233680352.0
2015-03-02,77.38,79.66,79.03,76.75,9771493.0,208630064.0
2015-02-27,78.15,79.03,76.71,75.9,7585158.0,158540976.0
2015-02-26,75.17,77.27,76.97,74.17,5156090.0,105585944.0
2015-02-25,76.05,77.19,75.17,75.09,4049864.0,83554008.0
2015-02-17,76.71,77.19,76.05,75.17,4747487.0,97865560.0
2015-02-16,72.25,76.23,76.01,72.25,6692190.0,136301600.0
2015-02-13,71.08,72.03,71.81,70.48,2842055.0,55170320.0
2015-02-12,70.74,71.41,70.56,70.01,2348158.0,44831964.0
2015-02-11,70.82,71.92,70.96,70.63,2530469.0,48914732.0
2015-02-10,68.28,70.45,69.93,68.28,2286716.0,43173508.0
2015-02-09,69.86,70.34,68.28,67.8,2816803.0,52727628.0
2015-02-06,72.51,72.95,69.6,69.45,4764688.0,91459288.0
2015-02-05,73.51,74.24,72.55,72.33,3500225.0,69518856.0
2015-02-04,74.35,74.98,73.21,73.21,2293591.0,46149148.0
2015-02-03,74.06,75.17,74.8,73.25,3451251.0,69588232.0
2015-02-02,74.72,75.09,74.21,73.58,2150377.0,43353188.0
2015-01-30,77.82,78.11,74.91,74.43,3952107.0,81451296.0
2015-01-29,78.11,78.44,77.85,76.49,3532140.0,74095504.0
2015-01-28,75.9,79.07,78.08,75.86,7881266.0,166277072.0
2015-01-27,75.53,76.49,76.16,74.72,4947549.0,101581760.0
2015-01-26,75.86,76.64,75.31,74.39,6073342.0,123785112.0
2015-01-23,75.61,76.97,75.28,74.69,4744861.0,97660168.0
2015-01-22,74.8,76.53,75.72,74.43,5966864.0,122633104.0
2015-01-21,74.02,75.24,74.98,73.51,5920095.0,119695088.0
2015-01-20,71.44,73.32,73.1,71.44,3047005.0,60145392.0
2015-01-19,72.58,73.8,70.96,70.12,3829800.0,74825232.0
2015-01-16,74.61,74.87,74.06,73.54,2876682.0,57824216.0
2015-01-15,74.98,76.9,74.1,74.06,4825113.0,98063576.0
2015-01-14,74.17,75.57,73.21,72.33,2788935.0,55747188.0
2015-01-13,73.32,74.43,74.02,72.25,3290493.0,65710368.0
2015-01-12,72.92,73.69,73.14,69.97,3573946.0,69616976.0
2015-01-09,73.32,75.83,72.4,72.14,5442896.0,110326624.0
2015-01-08,72.29,74.54,73.51,71.3,5783898.0,115078728.0
2015-01-07,72.22,74.06,72.22,71.52,4697326.0,92469800.0
2015-01-06,69.56,72.22,71.3,69.56,3811730.0,73575760.0
2015-01-05,69.56,70.52,69.56,68.9,2787352.0,52802148.0
2014-12-31,69.78,70.12,69.38,66.32,2468019.0,46074100.0
2014-12-30,69.71,70.71,69.64,68.35,2845250.0,53531540.0
2014-12-29,70.01,70.63,69.71,68.86,2581264.0,48796560.0
2014-12-26,70.74,71.66,70.6,69.49,2253730.0,43080804.0
2014-12-25,69.23,71.89,70.67,69.01,3949271.0,75824952.0
2014-12-24,67.83,69.12,68.75,67.76,2266795.0,42043676.0
2014-12-23,69.31,70.38,67.83,67.65,2478092.0,46235836.0
2014-12-22,72.22,72.22,69.23,69.08,5246897.0,100225056.0
2014-12-19,68.94,73.51,72.59,67.06,9366493.0,178110272.0
2014-12-18,69.64,71.37,70.19,64.96,7638164.0,141292528.0
2014-12-10,67.8,71.48,71.37,66.76,6253756.0,119035176.0
2014-12-09,70.01,70.04,68.13,65.62,10153654.0,185908944.0
2014-12-08,69.97,71.3,70.01,68.61,6030571.0,114584928.0
2014-12-05,72.58,72.92,69.93,68.53,6472265.0,124156672.0
2014-12-04,73.06,74.17,73.25,72.62,4295956.0,85367648.0
2014-12-03,73.43,74.35,72.92,72.03,6016149.0,118819992.0
2014-12-02,73.32,75.02,73.62,73.25,7941414.0,159075424.0
2014-12-01,75.35,75.35,73.62,72.22,9036728.0,179921248.0
2014-11-28,77.01,77.01,75.28,74.83,9222417.0,189107568.0
2014-11-27,73.88,77.23,77.12,71.78,12047947.0,241506784.0
2014-11-26,74.43,76.12,73.62,73.17,7212990.0,146161536.0
2014-11-25,73.03,75.13,74.43,72.95,6433688.0,129628072.0
2014-11-24,72.7,73.62,72.95,71.85,9559849.0,189066880.0
2014-11-21,72.03,72.47,72.11,70.71,7271849.0,141078448.0
2014-11-20,68.9,73.14,71.89,68.9,11593101.0,226028560.0
2014-11-19,69.71,70.38,68.9,68.61,5662687.0,106171168.0
2014-11-18,69.97,70.34,69.71,69.27,2996310.0,56733288.0
2014-11-17,68.53,70.3,69.67,68.53,3480902.0,65695440.0
2014-11-14,68.24,69.38,69.27,67.35,4215865.0,78128832.0
2014-11-13,68.64,69.38,68.75,67.57,3500300.0,65042996.0
2014-11-12,67.24,69.97,69.38,67.02,4870152.0,90080112.0
2014-11-11,71.08,71.48,67.28,67.06,6161719.0,115840648.0
2014-11-10,70.74,71.15,71.11,70.12,4738589.0,91047648.0
2014-11-07,70.01,71.48,70.71,69.23,8225829.0,157491184.0
2014-11-06,70.85,71.37,70.63,68.16,8709649.0,163935840.0
2014-11-05,70.71,72.14,70.85,70.71,4384065.0,84843048.0
2014-11-04,71.11,72.14,70.82,70.6,7556814.0,146094992.0
2014-11-03,70.56,71.3,70.85,69.38,6790372.0,129710424.0
2014-10-31,70.26,72.14,70.74,68.97,6808624.0,130089736.0
2014-10-30,69.82,72.22,70.26,69.27,10200369.0,196765904.0
2014-10-29,69.19,70.85,70.63,68.83,10977454.0,208518080.0
2014-10-28,67.09,69.78,69.19,66.69,13985237.0,260797056.0
2014-10-27,66.51,67.17,66.95,65.25,5799286.0,104545856.0
2014-10-24,65.92,67.24,66.43,65.66,6429171.0,116346472.0
2014-10-23,66.69,66.69,66.1,64.77,11305374.0,201367840.0
2014-10-22,71.33,71.44,66.87,65.62,24266400.0,446830528.0
2014-10-21,72.95,72.95,71.3,71.22,6147532.0,119931528.0
2014-10-20,71.15,73.51,73.06,70.37,12584832.0,245582112.0
2014-10-17,70.04,71.19,70.96,69.64,15214030.0,291488256.0
2014-10-16,71.92,72.03,70.04,69.78,12829841.0,246602336.0
2014-10-15,73.98,74.28,71.85,71.19,14195552.0,279706304.0
2014-10-14,76.23,76.27,73.69,73.62,13763368.0,278990784.0
2014-10-13,78.96,78.96,76.64,75.79,7385559.0,153542048.0
2014-10-10,82.39,82.39,79.18,77.63,10476558.0,226011040.0
2014-10-09,83.42,84.56,82.39,81.8,3565054.0,80075016.0
2014-10-08,84.19,84.67,83.75,82.35,2891680.0,65504776.0
2014-09-30,80.17,84.74,83.6,79.95,7076489.0,158790240.0
2014-09-29,79.14,80.88,79.81,78.59,3867627.0,83637080.0
2014-09-26,79.25,80.21,79.14,78.81,2219831.0,47701028.0
2014-09-25,80.32,81.8,79.7,78.89,4281429.0,93635000.0
2014-09-24,75.68,80.69,79.66,75.16,4978070.0,105172576.0
2014-09-23,76.34,76.97,76.09,74.76,4642115.0,95281960.0
2014-09-22,79.07,79.07,76.56,75.9,5571349.0,116274688.0
2014-09-19,78.22,79.88,79.22,77.74,1882022.0,40208748.0
2014-09-18,78.67,79.51,78.19,77.38,2222643.0,47388708.0
2014-09-17,77.6,79.03,78.55,76.97,2802438.0,59321212.0
2014-09-16,80.14,81.02,77.56,77.01,3600523.0,77068800.0
2014-09-15,81.06,82.24,80.65,79.88,3555729.0,77683944.0
2014-09-12,81.06,81.8,81.21,80.14,2417929.0,53040288.0
2014-09-11,80.65,83.23,81.54,80.14,5631544.0,125257696.0
2014-09-10,80.36,83.12,80.25,79.99,4419775.0,97884464.0
2014-09-09,80.69,81.39,80.69,79.51,4138426.0,90540752.0
2014-09-05,79.14,82.9,81.06,79.14,13298525.0,293182304.0
2014-09-04,77.01,79.03,78.0,75.64,8437264.0,177739312.0
2014-09-03,73.14,76.93,76.9,72.84,13401634.0,272649312.0
2014-09-02,71.19,73.69,73.14,70.82,7169502.0,140793904.0
2014-09-01,70.41,72.55,71.19,70.23,7033248.0,135010608.0
2014-08-29,71.22,71.66,70.67,69.67,3950646.0,75701904.0
2014-08-28,72.33,72.92,71.22,70.74,3072766.0,59904780.0
2014-08-27,73.47,73.58,72.22,72.0,6210403.0,122153360.0
2014-08-26,72.95,74.98,73.43,72.95,8585378.0,172084720.0
2014-08-25,72.81,73.51,73.21,71.89,3291350.0,65089936.0
2014-08-22,72.51,72.99,72.58,71.55,3339554.0,65491732.0
2014-08-21,74.24,74.54,72.29,71.89,4800488.0,94781560.0
2014-08-20,71.81,73.88,73.88,71.52,6664457.0,131735528.0
2014-08-19,73.28,73.58,71.78,71.55,5424571.0,106306880.0
2014-08-18,73.65,73.88,73.32,72.58,3482041.0,69193584.0
2014-08-15,71.78,73.69,73.06,71.41,3993875.0,78951216.0
2014-08-14,71.81,73.21,71.78,70.85,3632960.0,71432576.0
2014-08-13,72.58,73.47,71.92,71.22,3741543.0,73327552.0
2014-08-12,73.47,73.69,73.25,72.62,3995007.0,79355944.0
2014-08-11,71.59,74.28,72.95,71.19,6903012.0,137053344.0
2014-08-08,70.82,72.07,70.71,70.45,3064802.0,59085352.0
2014-08-07,70.82,72.62,70.6,70.04,5050052.0,97973224.0
2014-08-06,69.31,71.11,70.82,69.2,4523019.0,86693224.0
2014-08-05,69.12,70.26,69.38,68.27,4200075.0,78950360.0
2014-08-04,68.16,69.56,68.97,68.05,3481244.0,64810952.0
2014-08-01,70.34,70.34,68.05,67.39,5374199.0,100452856.0
2014-07-31,70.08,70.89,70.6,69.9,1738862.0,33235558.0
2014-07-30,71.22,71.41,70.01,69.45,3446833.0,65583784.0
2014-07-29,69.56,71.3,71.22,69.23,3811446.0,72803864.0
2014-07-28,70.74,71.11,69.78,68.16,6264554.0,117712000.0
2014-07-25,72.95,72.95,70.74,69.82,3840252.0,73693224.0
2014-07-24,73.51,73.99,72.95,71.89,2422258.0,47911380.0
2014-07-23,73.36,74.35,73.51,72.59,3005664.0,59827776.0
2014-07-22,71.63,75.13,73.88,71.59,6657694.0,133451000.0
2014-07-21,70.74,72.73,71.89,70.12,2695685.0,52581984.0
2014-07-18,72.22,72.47,71.11,70.45,3529643.0,68452384.0
2014-07-17,72.62,73.77,72.33,70.89,5209628.0,102497496.0
2014-07-16,70.12,73.88,72.62,70.01,12018615.0,236365440.0
2014-07-15,68.57,70.71,70.34,68.02,5455435.0,103144616.0
2014-07-14,69.53,72.22,69.08,68.68,8584140.0,164421776.0
2014-07-11,66.76,71.41,69.75,66.21,10476844.0,195247168.0
2014-07-10,65.58,67.72,66.62,65.47,4362499.0,78797536.0
2014-07-09,65.92,68.09,65.95,64.85,4407074.0,79513712.0
2014-07-08,66.32,66.65,65.55,64.48,5088187.0,90067096.0
2014-07-07,68.37,68.37,66.43,66.32,3985534.0,72587896.0
2014-07-04,67.23,68.77,67.75,66.54,3937790.0,72964704.0
2014-07-03,67.67,68.0,66.87,66.72,6431135.0,118122536.0
2014-07-02,63.94,66.32,66.32,63.94,5186318.0,92017096.0
2014-07-01,65.25,65.88,63.94,63.42,6808707.0,119426472.0
2014-06-30,64.56,64.56,63.72,62.95,2571114.0,44615540.0
2014-06-27,64.45,64.96,64.05,63.39,2547751.0,44611048.0
2014-06-26,64.3,65.07,64.45,64.01,2690072.0,47245600.0
2014-06-25,66.28,66.98,64.16,64.12,2471224.0,43738932.0
2014-06-24,66.68,67.67,66.21,65.69,2320878.0,42039856.0
2014-06-23,66.43,67.93,66.61,66.06,2916812.0,53355584.0
2014-06-20,64.78,65.81,65.81,64.12,2063851.0,36680424.0
2014-06-19,68.37,68.92,65.22,62.29,2414402.0,43638176.0
2014-06-18,67.6,68.88,68.33,67.38,3906156.0,72725928.0
2014-06-17,67.53,68.77,67.27,66.61,2956961.0,54619232.0
2014-06-16,66.9,68.88,67.23,66.43,3233522.0,59716896.0
2014-06-13,65.99,67.86,67.2,65.44,4929102.0,89464832.0
2014-06-12,63.5,65.51,65.14,63.5,2775514.0,49004908.0
2014-06-11,62.98,65.62,64.08,62.65,3842785.0,67391568.0
2014-06-10,63.31,63.72,62.95,62.36,2182318.0,37550436.0
2014-06-09,62.03,63.61,62.32,61.99,2288245.0,39196760.0
2014-06-06,63.75,63.75,62.84,62.21,2582955.0,44221040.0
2014-06-05,63.53,64.41,63.68,63.02,1654781.0,28724130.0
2014-06-04,63.9,65.47,63.75,62.76,1439803.0,25087092.0
2014-06-03,64.96,65.44,64.16,64.16,837046.0,14812270.0
2014-05-30,64.3,65.0,64.96,63.57,1567906.0,27542896.0
2014-05-29,65.4,65.69,64.34,64.34,2003075.0,35502384.0
2014-05-28,66.39,66.39,65.4,65.25,1688199.0,30282508.0
2014-05-27,66.61,66.94,66.39,65.66,1580102.0,28583382.0
2014-05-26,66.39,66.54,66.03,65.62,1510307.0,27192742.0
2014-05-23,64.01,66.43,65.77,64.01,1822846.0,32607806.0
2014-05-22,63.75,65.18,64.67,63.57,2586980.0,45652612.0
2014-05-21,62.62,63.53,63.39,61.85,858594.0,14742588.0
2014-05-20,63.61,64.08,63.02,61.96,1873922.0,32272598.0
2014-05-19,64.05,64.85,63.31,62.21,1800518.0,30957914.0
2014-05-16,63.83,65.44,64.16,63.75,1504234.0,26371134.0
2014-05-15,67.42,67.75,64.49,64.12,2969766.0,53072680.0
2014-05-14,67.42,68.59,67.78,66.72,1321501.0,24428122.0
2014-05-13,67.97,68.66,67.97,65.58,3393000.0,62118924.0
2014-05-12,68.44,68.85,68.66,67.31,2444338.0,45660532.0
2014-05-09,66.98,68.41,68.15,66.79,3283582.0,60604148.0
2014-05-08,65.25,67.16,66.9,64.74,2202087.0,39825028.0
2014-05-07,66.06,66.5,65.25,65.14,2019796.0,36388104.0
2014-05-06,65.95,66.32,66.06,64.6,1658771.0,29725114.0
2014-05-05,64.85,66.24,66.02,64.16,1563974.0,27871104.0
2014-04-30,64.45,65.55,64.49,63.61,1747531.0,30941838.0
2014-04-29,63.83,64.3,64.05,63.09,1749903.0,30384890.0
2014-04-28,64.23,65.18,63.53,62.4,1904033.0,32887194.0
2014-04-25,65.03,67.01,64.08,63.13,1618563.0,28460782.0
2014-04-24,65.88,66.57,65.18,64.89,1353176.0,24253550.0
2014-04-23,66.13,66.87,65.95,65.77,710579.0,12870306.0
2014-04-22,67.86,68.7,67.23,64.56,2633203.0,47723456.0
2014-04-21,68.15,69.21,67.86,67.53,1637916.0,30634346.0
2014-04-18,69.28,69.43,68.44,66.98,4242916.0,78712112.0
2014-04-17,69.43,70.27,69.43,68.95,1627023.0,30906992.0
2014-04-16,68.84,70.16,69.36,68.84,1048150.0,19883788.0
2014-04-15,70.05,70.05,69.28,68.33,1460734.0,27660454.0
2014-04-14,69.28,70.53,70.06,69.25,2191420.0,41850128.0
2014-04-11,68.92,69.83,69.17,68.22,1798639.0,33891928.0
2014-04-10,70.35,70.97,69.61,68.88,2781674.0,52976624.0
2014-04-09,67.42,70.06,69.98,67.01,3506801.0,66242624.0
2014-04-08,67.71,68.33,66.98,65.58,2504980.0,45939528.0
2014-04-04,67.23,68.66,67.93,67.23,1452688.0,26959916.0
2014-04-03,65.95,68.33,67.53,65.95,2444384.0,45078732.0
2014-04-02,66.72,69.32,66.87,66.68,4611642.0,85589456.0
2014-04-01,65.22,67.12,66.83,64.23,3791734.0,67896664.0
2014-03-31,65.88,65.95,65.51,63.39,6852541.0,121081768.0
2014-03-28,69.76,71.74,67.05,63.35,11127518.0,201813024.0
2014-03-27,72.29,73.64,70.38,70.38,4652515.0,91589112.0
2014-03-26,72.88,73.9,72.73,72.0,5126042.0,101767480.0
2014-03-25,71.04,73.21,72.91,70.06,5459572.0,106811760.0
2014-03-24,72.29,75.66,71.19,70.64,10155984.0,203768320.0
2014-03-21,71.48,73.28,72.91,69.61,7499394.0,146285472.0
2014-03-20,73.64,74.49,71.45,70.75,8941782.0,176793328.0
2014-03-19,69.87,76.5,73.9,69.43,17148300.0,340744448.0
2014-03-18,69.25,72.73,70.13,68.55,17711900.0,341576992.0
2014-03-17,68.52,71.37,69.43,66.72,20112040.0,379064992.0
2014-03-14,61.01,67.12,67.12,60.82,18023134.0,323199424.0
2014-03-13,61.19,62.18,61.01,58.7,7293103.0,120514704.0
2014-03-12,62.18,63.2,61.85,60.64,7489239.0,125797600.0
2014-03-11,61.3,64.67,62.03,60.9,5525987.0,94015376.0
2014-03-10,64.85,64.85,61.92,61.55,4436897.0,76492208.0
2014-03-07,66.39,66.39,65.22,64.78,3297665.0,58821276.0
2014-03-06,65.22,65.84,65.18,63.5,4597340.0,81368128.0
2014-03-05,64.48,68.66,65.62,64.48,10791094.0,195411088.0
2014-03-04,62.07,63.94,63.57,61.41,5886797.0,101209008.0
2014-03-03,60.93,63.75,62.62,60.49,6156267.0,105081656.0
2014-02-28,59.28,62.18,61.81,59.28,3117647.0,51997536.0
2014-02-27,62.91,64.12,60.67,60.56,6752280.0,114854584.0
2014-02-26,57.16,62.65,62.47,57.16,8973828.0,148364240.0
2014-02-25,59.32,61.01,58.29,57.52,5764621.0,93964664.0
2014-02-24,60.78,60.78,59.14,58.66,6749465.0,109132112.0
2014-02-21,61.48,62.29,60.82,59.8,4426677.0,73519368.0
2014-02-20,65.22,65.47,60.67,60.45,9858051.0,168178752.0
2014-02-19,65.14,65.58,65.11,63.42,7398165.0,130176280.0
2014-02-18,67.01,67.01,65.25,64.85,6493898.0,116109888.0
2014-02-17,65.03,67.56,67.27,64.12,8102475.0,145151024.0
2014-02-14,65.95,67.42,65.29,64.12,8243955.0,145762352.0
2014-02-13,68.88,70.35,65.58,65.58,6797836.0,126538616.0
2014-02-12,69.65,70.27,68.84,67.56,4813768.0,89863408.0
2014-02-11,68.77,70.27,69.54,67.45,5969311.0,112487440.0
2014-02-10,65.44,69.61,68.88,64.74,7458723.0,138002112.0
2014-02-07,65.44,65.44,64.7,63.24,4833981.0,84468584.0
2014-01-30,66.68,67.31,65.8,65.55,2557535.0,46168332.0
2014-01-29,66.24,68.44,66.54,65.44,3762169.0,68168936.0
2014-01-28,65.91,67.01,66.57,64.12,3288737.0,59192496.0
2014-01-27,67.82,69.32,65.77,65.58,8208896.0,149139856.0
2014-01-24,67.89,70.57,68.74,67.09,9930089.0,187942592.0
2014-01-23,63.68,68.48,68.48,63.5,12877206.0,235543648.0
2014-01-22,59.39,62.98,62.25,59.36,6829439.0,113304176.0
2014-01-21,59.72,62.14,59.36,59.06,4742231.0,78446736.0
2014-01-20,62.54,62.58,59.72,59.72,4819002.0,79550800.0
2014-01-17,64.01,64.01,62.58,61.23,3116388.0,53279064.0
2014-01-16,61.48,64.41,63.68,61.41,5416437.0,93777400.0
2014-01-15,58.07,61.19,61.15,57.89,5737693.0,93521144.0
2014-01-14,58.95,59.69,58.11,55.98,5055853.0,78832968.0
2014-01-13,60.82,61.08,58.81,57.93,2788144.0,44843392.0
2014-01-10,61.3,61.99,60.78,59.03,2311027.0,37912384.0
2014-01-09,61.37,64.05,61.59,61.26,2536139.0,43221124.0
2014-01-08,62.73,64.41,61.92,60.82,2699099.0,45775528.0
2014-01-07,65.22,65.22,62.73,60.82,2086477.0,35765636.0
2014-01-06,64.59,65.44,62.4,61.59,2816095.0,48624700.0
2014-01-03,65.03,65.58,65.22,63.57,3677476.0,65030944.0
2014-01-02,62.25,65.69,64.41,61.15,5434438.0,95169984.0
2013-12-31,60.86,62.03,61.19,60.09,3784120.0,63399588.0
2013-12-30,58.26,61.92,61.04,57.82,5868558.0,96271584.0
2013-12-27,59.91,61.37,57.93,57.05,6840260.0,110464504.0
2013-12-26,61.44,62.91,59.83,59.8,3086224.0,51725488.0
2013-12-25,59.91,62.14,61.55,59.39,4204229.0,70230784.0
2013-12-24,61.19,61.96,59.87,58.88,4589298.0,75402656.0
2013-12-23,66.68,67.38,61.33,61.33,4486417.0,77721408.0
2013-12-20,68.59,69.58,66.68,65.25,3154949.0,57540284.0
2013-12-19,70.16,70.38,68.59,67.82,1326480.0,24957702.0
2013-12-18,69.58,70.71,69.8,69.06,869265.0,16536496.0
2013-12-17,71.41,71.45,69.61,69.54,1776807.0,34033768.0
2013-12-16,69.65,71.26,71.19,68.59,4139710.0,79273160.0
2013-12-13,69.21,70.31,69.36,68.55,1219110.0,23170850.0
2013-12-12,69.65,71.34,69.54,68.37,1838170.0,34907612.0
2013-12-11,70.6,70.97,69.65,68.33,3980180.0,75041168.0
2013-12-10,70.86,72.07,71.26,69.65,2786941.0,53708284.0
2013-12-09,72.18,72.18,71.56,68.33,4055915.0,77392568.0
2013-12-06,74.74,74.74,71.78,70.42,5400697.0,105824240.0
2013-12-05,73.5,75.77,74.74,73.28,3993330.0,81113240.0
2013-12-04,73.61,75.66,73.24,72.95,5305235.0,107477872.0
2013-12-03,67.86,73.35,73.31,67.78,5419281.0,105474808.0
2013-12-02,72.62,73.1,68.22,67.78,5732175.0,111180768.0
2013-11-29,72.03,72.62,71.37,70.06,2237912.0,43540976.0
2013-11-28,69.47,72.55,72.0,68.52,4501986.0,87898328.0
2013-11-27,67.38,70.05,68.84,67.34,4749548.0,89333192.0
2013-11-26,69.25,69.25,66.94,66.57,6456592.0,118520984.0
2013-11-25,72.55,73.06,69.61,67.82,8424303.0,160823680.0
2013-11-22,74.27,74.82,72.77,72.58,3219820.0,64756024.0
2013-11-21,74.6,75.44,74.27,73.13,5301892.0,107805512.0
2013-11-20,75.33,75.66,74.19,73.83,2828350.0,57385960.0
2013-11-19,74.93,76.69,74.85,74.27,3885918.0,79877480.0
2013-11-18,74.52,75.48,75.0,72.29,8704786.0,175893200.0
2013-11-15,74.96,77.53,74.96,73.61,5564903.0,114566696.0
2013-11-14,71.74,75.37,75.22,69.98,8087775.0,160471584.0
2013-11-13,74.27,74.38,71.45,71.45,4697753.0,93340712.0
2013-11-12,73.2,75.73,74.67,71.92,6105438.0,123349600.0
2013-11-11,74.19,75.44,73.2,72.91,7107019.0,143546976.0
2013-11-08,74.74,76.03,73.28,72.69,8018063.0,161966960.0
2013-11-07,78.99,80.68,74.56,74.41,9824804.0,206166992.0
2013-11-06,76.94,84.89,79.4,76.25,9946819.0,217391232.0
2013-11-05,77.31,78.99,77.67,75.18,12571659.0,265358288.0
2013-11-04,70.71,76.5,75.99,70.71,9982288.0,202276704.0
2013-11-01,69.43,71.85,70.24,68.08,4869321.0,92903912.0
2013-10-31,72.29,72.36,70.35,67.97,6537785.0,125556488.0
2013-10-30,73.83,77.02,73.35,71.52,7459639.0,149861664.0
2013-10-29,69.65,75.84,72.99,64.08,13266629.0,259332288.0
2013-10-28,67.53,72.8,70.71,66.98,9684435.0,185242048.0
2013-10-25,67.34,68.77,66.21,64.85,5860919.0,106834736.0
2013-10-24,70.53,71.78,68.04,67.6,6223202.0,118626928.0
2013-10-23,72.95,72.95,70.02,68.15,8536609.0,163806112.0
2013-10-22,70.71,76.87,72.95,68.99,15748949.0,313327328.0
2013-10-21,64.41,70.05,70.05,64.41,9810491.0,182379600.0
2013-10-18,64.12,65.95,63.68,63.13,6198816.0,108316960.0
2013-10-17,69.17,69.17,66.1,65.25,6665953.0,122319024.0
2013-10-16,69.25,70.05,67.23,66.5,5631894.0,103824136.0
2013-10-15,68.7,69.28,69.28,66.5,7915335.0,147073376.0
2013-10-14,65.58,70.64,69.06,64.48,13640983.0,250733696.0
2013-10-11,64.45,68.08,64.78,64.16,9833455.0,176051840.0
2013-10-10,62.29,66.5,65.47,62.21,17438632.0,309125472.0
2013-10-09,63.75,64.85,63.72,61.55,17396684.0,300226080.0
2013-10-08,56.79,62.29,62.29,56.79,20708670.0,336429856.0
2013-09-30,56.61,58.07,56.61,55.91,15564483.0,241754336.0
2013-09-27,51.66,57.08,56.61,51.66,22345596.0,341799968.0
2013-09-26,49.83,51.99,51.88,48.99,8115693.0,111845720.0
2013-09-25,49.83,50.27,49.9,49.46,3601675.0,49110632.0
2013-09-24,49.76,50.34,49.83,49.46,2568738.0,34949744.0
2013-09-23,49.76,50.34,49.83,49.39,3732416.0,50790372.0
2013-09-18,49.17,49.87,49.79,48.66,2276858.0,30649826.0
2013-09-17,48.58,49.57,49.17,48.44,1872670.0,25069428.0
2013-09-16,49.83,49.83,48.8,48.36,2822042.0,37592936.0
2013-09-13,49.79,49.79,48.69,48.29,3311584.0,44126024.0
2013-09-12,49.28,50.12,49.39,48.77,1970898.0,26632162.0
2013-09-11,51.15,51.22,49.28,48.8,4831756.0,65409824.0
2013-09-10,50.64,51.59,51.26,50.49,2925873.0,40694212.0
2013-09-09,51.11,51.48,50.64,50.2,3831964.0,52927268.0
2013-09-06,51.81,52.03,50.93,50.74,3996794.0,55780548.0
2013-09-05,50.93,52.39,51.7,50.78,4455023.0,63058732.0
2013-09-04,50.42,51.19,50.89,49.72,3430685.0,47299520.0
2013-09-03,51.04,51.19,50.45,49.65,2053004.0,28125150.0
2013-09-02,50.01,51.66,50.27,49.94,3103062.0,43141328.0
2013-08-30,50.74,51.66,49.9,49.83,4107307.0,57099060.0
2013-08-29,50.27,50.89,50.56,48.36,5084036.0,68762520.0
2013-08-28,51.3,51.44,50.27,50.2,5651059.0,78362416.0
2013-08-27,53.2,53.68,52.61,52.21,2940885.0,42330468.0
2013-08-26,52.32,53.49,53.2,51.99,4534366.0,65373944.0
2013-08-23,51.15,53.09,52.39,51.15,7532848.0,107383216.0
2013-08-22,51.04,51.84,51.3,50.74,1844112.0,25810244.0
2013-08-21,51.55,52.54,51.26,50.82,5549418.0,78455680.0
2013-08-20,51.0,52.14,51.95,50.71,4434046.0,62321520.0
2013-08-19,49.1,51.59,50.97,49.1,5525481.0,76500720.0
2013-08-16,51.84,52.72,49.02,48.99,7145320.0,99233976.0
2013-08-15,51.0,53.27,52.14,50.74,7550957.0,107540856.0
2013-08-14,51.04,51.52,50.49,50.05,2917693.0,40559044.0
2013-08-13,50.74,51.26,51.0,50.01,3106528.0,43018000.0
2013-08-12,50.89,51.26,50.71,49.46,3608537.0,49559152.0
2013-08-09,51.3,52.54,50.71,50.01,4560973.0,63770312.0
2013-08-08,51.33,51.66,51.66,50.38,5479526.0,76162880.0
2013-08-07,50.85,52.65,51.59,50.27,9073873.0,128075632.0
2013-08-06,50.38,50.93,50.93,49.54,7858584.0,107617864.0
2013-08-05,48.69,50.56,50.42,47.38,13892206.0,186419440.0
2013-08-02,44.3,48.18,47.89,44.3,9949833.0,127466696.0
2013-08-01,43.12,44.37,44.22,43.09,2545618.0,30497558.0
2013-07-31,42.98,44.26,43.2,42.13,3273266.0,38527076.0
2013-07-30,45.54,46.64,42.91,42.69,6911896.0,83212568.0
2013-07-29,48.73,48.73,45.65,45.65,6217546.0,80526080.0
2013-07-26,46.97,48.29,47.96,45.98,2522006.0,32484408.0
2013-07-25,47.7,48.95,47.34,47.16,4198052.0,55007940.0
2013-07-24,47.92,48.0,47.81,46.09,5243442.0,67582720.0
2013-07-23,46.72,49.02,47.78,46.49,7003093.0,91680792.0
2013-07-22,45.47,46.9,46.86,45.07,4327024.0,54419432.0
2013-07-19,45.58,47.08,45.47,45.4,7101359.0,89556664.0
2013-07-18,44.96,46.06,45.1,44.37,4178140.0,51535452.0
2013-07-17,47.63,48.25,45.4,45.4,7001036.0,89761192.0
2013-07-16,47.3,48.69,47.48,47.3,6116696.0,79853240.0
2013-07-15,46.5,47.27,46.25,45.81,5261864.0,67171576.0
2013-07-12,45.96,47.27,46.5,45.48,9125546.0,116298224.0
2013-07-11,41.7,45.99,45.99,41.7,13132618.0,160806176.0
2013-07-10,39.99,41.88,41.81,39.99,2135478.0,24063204.0
2013-07-09,39.85,40.54,40.07,39.23,2072599.0,22756582.0
2013-07-08,41.2,41.23,39.74,39.41,3371426.0,37200304.0
2013-07-05,42.72,43.34,41.63,41.27,4340006.0,50813392.0
2013-07-04,42.47,43.81,42.54,42.28,5784973.0,68411184.0
2013-07-03,42.28,43.45,42.9,41.92,4517787.0,53167248.0
2013-07-02,42.54,43.12,43.01,41.74,5839552.0,68081112.0
2013-07-01,41.74,43.09,42.28,41.49,5156517.0,60017256.0
2013-06-28,40.9,41.38,41.38,39.09,5671068.0,62722372.0
2013-06-27,42.54,42.79,41.01,40.94,8827629.0,102023816.0
2013-06-26,42.07,43.27,42.21,41.52,9413968.0,109521808.0
2013-06-25,44.58,44.58,41.09,40.1,14741390.0,166266560.0
2013-06-24,47.27,47.59,44.58,43.74,3789152.0,47603764.0
2013-06-21,46.9,47.81,47.09,44.39,4503254.0,57274464.0
2013-06-20,50.65,50.79,47.92,47.88,4650359.0,63180216.0
2013-06-19,48.79,50.65,50.32,47.78,6899260.0,94396088.0
2013-06-18,48.14,48.69,48.65,46.9,3834151.0,50469360.0
2013-06-17,48.28,49.27,47.78,47.41,6554689.0,87016232.0
2013-06-14,46.5,48.14,47.34,46.28,4155217.0,54136772.0
2013-06-13,47.48,47.48,46.28,45.85,4548540.0,58400936.0
2013-06-07,49.45,49.92,47.7,46.9,4727912.0,62257180.0
2013-06-06,49.77,50.54,49.45,49.16,2874888.0,39262356.0
2013-06-05,49.19,51.34,50.07,49.12,5619507.0,78012472.0
2013-06-04,50.17,50.17,49.63,48.5,5228130.0,70694496.0
2013-06-03,52.28,52.54,49.81,49.63,10238040.0,142080704.0
2013-05-31,52.58,53.81,52.58,52.58,3861311.0,56561580.0
2013-05-30,53.34,53.7,52.79,51.59,6286725.0,90619248.0
2013-05-29,53.05,53.92,53.34,52.28,4864533.0,71039840.0
2013-05-28,55.01,56.17,53.27,53.27,6643932.0,99692808.0
2013-05-27,54.21,55.92,55.05,53.45,6463172.0,97411712.0
2013-05-24,52.61,54.47,54.14,52.43,8207079.0,120480192.0
2013-05-23,53.3,56.1,52.28,52.1,11621720.0,172965296.0
2013-05-22,56.61,56.68,54.1,53.85,10570325.0,160297600.0
2013-05-21,57.92,58.47,56.87,56.54,9490370.0,150411040.0
2013-05-20,55.12,58.5,56.76,55.12,9308323.0,145782704.0
2013-05-17,53.45,55.45,54.9,52.47,7564345.0,113558096.0
2013-05-16,53.7,53.7,53.12,52.17,8336289.0,121414064.0
2013-05-15,49.45,53.23,52.72,49.27,14286328.0,202872288.0
2013-05-14,48.32,49.81,49.52,47.16,9951041.0,131936544.0
2013-05-13,48.39,48.87,48.36,47.12,8410845.0,111117080.0
2013-05-10,47.34,48.9,48.03,47.3,9523436.0,125986672.0
2013-05-09,46.54,48.54,47.48,45.88,16719472.0,218163808.0
2013-05-08,43.99,46.98,46.47,43.85,16682029.0,210153056.0
2013-05-07,43.34,44.47,43.99,42.98,12443239.0,149544048.0
2013-05-06,42.14,43.45,43.3,41.99,11973809.0,141832592.0
2013-05-03,42.36,42.9,42.18,42.03,6581613.0,76900328.0
2013-05-02,40.9,42.58,42.47,40.9,7816301.0,90233344.0
2013-04-26,39.3,42.72,41.41,39.27,16553566.0,187719312.0
2013-04-25,40.18,40.36,40.07,39.7,5305857.0,58385508.0
2013-04-24,40.36,40.83,40.14,39.59,6499940.0,72088760.0
2013-04-23,40.98,40.98,40.21,40.1,6842768.0,76139184.0
2013-04-22,39.59,41.63,40.43,39.38,15033685.0,167843776.0
2013-04-19,41.27,42.5,42.1,41.12,9817260.0,113455176.0
2013-04-18,40.5,41.56,41.23,40.47,5528135.0,62520064.0
2013-04-17,40.5,40.83,40.8,39.7,6274686.0,69818640.0
2013-04-16,38.61,40.4,40.03,38.61,4920372.0,54115428.0
2013-04-15,38.76,39.23,39.09,38.25,1712535.0,18298232.0
2013-04-12,39.59,39.96,39.09,38.76,2228080.0,24051146.0
2013-04-11,40.03,40.61,39.85,39.27,2819683.0,30724504.0
2013-04-10,40.29,40.8,39.78,39.27,3078063.0,33839388.0
2013-04-09,39.27,40.4,39.81,39.27,2970886.0,32642002.0
2013-04-08,37.92,39.74,39.63,37.12,4321988.0,45768264.0
2013-04-03,38.47,38.9,38.32,37.89,2274048.0,23953316.0
2013-04-02,39.23,39.92,38.47,38.29,2509737.0,27077224.0
2013-04-01,39.05,39.99,39.27,38.69,2214621.0,24029646.0
2013-03-29,39.63,39.92,38.9,38.5,3724991.0,40109508.0
2013-03-28,40.54,40.8,39.63,39.59,6876201.0,76035992.0
2013-03-27,39.49,41.2,41.16,39.27,10475790.0,117245168.0
2013-03-26,38.65,39.92,39.49,37.89,8452569.0,91799848.0
2013-03-25,38.58,38.8,38.8,37.89,3819667.0,40281992.0
2013-03-22,38.87,38.94,38.58,37.99,5047154.0,53248916.0
2013-03-21,38.9,39.41,38.87,38.58,4484229.0,48061684.0
2013-03-20,37.7,38.98,38.87,37.63,3885903.0,41060984.0
2013-03-19,37.78,38.1,37.7,36.69,3686674.0,37939284.0
2013-03-18,39.56,39.56,37.78,37.56,6584030.0,69420880.0
2013-03-15,39.92,40.43,39.67,38.9,5166452.0,56507372.0
2013-03-14,39.78,40.21,39.81,39.52,3065375.0,33560864.0
2013-03-13,40.18,40.61,39.85,39.34,3506498.0,38434620.0
2013-03-12,41.78,42.18,40.32,39.67,7220281.0,81117848.0
2013-03-11,42.39,42.61,41.56,41.45,4851424.0,56052860.0
2013-03-08,43.3,43.52,42.58,42.47,6104708.0,72000752.0
2013-03-07,42.9,44.39,42.94,42.58,15812897.0,189307008.0
2013-03-06,41.12,42.83,42.43,41.12,8892771.0,103179816.0
2013-03-05,40.58,41.45,41.2,39.99,5954047.0,66705700.0
2013-03-04,42.54,42.61,40.47,39.99,11311042.0,128686392.0
2013-03-01,42.47,43.34,43.12,41.96,11642037.0,136333632.0
2013-02-28,41.78,42.76,42.69,41.63,9806786.0,114355392.0
2013-02-27,41.56,42.28,41.45,40.94,5394523.0,61834084.0
2013-02-26,41.27,42.47,41.38,41.12,7929929.0,91554800.0
2013-02-25,41.05,41.96,41.63,40.72,5428124.0,61766160.0
2013-02-22,41.34,42.25,41.01,40.98,4979913.0,57014440.0
2013-02-21,41.81,42.28,41.45,40.94,6896094.0,78962024.0
2013-02-20,41.01,42.18,42.18,40.72,6892508.0,78816104.0
2013-02-19,41.88,41.88,40.94,40.69,5765728.0,65199548.0
2013-02-18,40.87,41.88,41.81,40.47,8317700.0,94900840.0
2013-02-08,40.36,40.9,40.58,40.18,4754341.0,53052268.0
2013-02-07,38.9,40.5,40.36,38.9,7221714.0,79446744.0
2013-02-06,39.63,39.7,39.09,38.9,5654608.0,61085540.0
2013-02-05,38.54,39.49,39.45,38.5,4195746.0,45146144.0
2013-02-04,40.47,40.69,38.83,38.76,10039315.0,108648640.0
2013-02-01,40.07,41.12,40.4,39.99,6188713.0,69090672.0
2013-01-31,39.92,40.4,40.21,39.89,3382063.0,37304832.0
2013-01-30,40.14,40.58,39.96,39.74,5469777.0,60337692.0
2013-01-29,40.76,40.9,40.14,39.99,6784546.0,75276944.0
2013-01-28,40.14,40.83,40.69,39.96,4317666.0,48097632.0
2013-01-25,39.49,39.96,39.92,39.27,3923322.0,42767560.0
2013-01-24,40.83,41.41,39.49,39.12,8444477.0,94376152.0
2013-01-23,40.36,41.38,40.87,40.32,5163337.0,57983952.0
2013-01-22,41.74,41.88,40.43,40.1,10323626.0,116532536.0
2013-01-21,43.38,43.41,41.92,41.41,11401764.0,131991912.0
2013-01-18,43.74,44.72,43.12,42.69,7093793.0,84220664.0
2013-01-17,43.34,43.92,43.78,42.98,5557029.0,66552656.0
2013-01-16,44.28,44.54,43.63,42.83,8194321.0,98232280.0
2013-01-15,42.36,44.58,44.1,42.18,13691004.0,164352320.0
2013-01-14,41.09,42.72,42.32,41.01,13486064.0,155155392.0
2013-01-11,43.05,43.19,41.23,41.2,7335962.0,84690200.0
2013-01-10,43.05,44.1,43.05,42.36,9897311.0,117854264.0
2013-01-09,42.14,43.74,43.05,41.89,13242249.0,156697536.0
2013-01-08,42.1,42.36,41.99,41.23,9500898.0,109135872.0
2013-01-07,41.74,42.61,42.43,41.63,12623380.0,146420896.0
2013-01-04,41.81,42.83,41.52,40.9,12344984.0,140944208.0
2012-12-31,40.94,41.81,40.9,40.61,12117144.0,136640448.0
2012-12-28,41.7,42.07,41.56,40.69,11667439.0,132677976.0
2012-12-27,40.1,43.09,41.23,40.03,21136176.0,243181136.0
2012-12-26,39.56,39.92,39.92,38.72,15253348.0,164531328.0
2012-12-25,38.18,39.34,38.94,37.92,11902682.0,127214376.0
2012-12-24,37.96,38.83,38.18,37.7,5001512.0,52471548.0
2012-12-21,38.61,38.94,38.14,37.74,4100055.0,43202264.0
2012-12-20,39.63,39.92,39.01,38.58,5870371.0,63237984.0
2012-12-19,37.63,38.9,38.65,37.23,4776542.0,50222496.0
2012-12-18,38.9,39.09,37.85,37.63,5951217.0,62610272.0
2012-12-17,38.61,39.81,39.2,38.29,4334340.0,46287084.0
2012-12-14,37.45,38.8,38.54,37.45,6477504.0,68241216.0
2012-12-13,37.59,38.36,37.49,37.09,2557553.0,26395666.0
2012-12-12,38.18,38.47,37.99,37.12,3154267.0,32786434.0
2012-12-11,37.12,38.72,38.5,36.61,7346746.0,76998280.0
2012-12-10,35.63,37.45,37.12,35.52,5039498.0,51072948.0
2012-12-07,34.76,35.74,35.63,34.61,2354773.0,22885956.0
2012-12-06,35.45,35.45,34.8,34.72,1144244.0,11004730.0
2012-12-05,35.05,36.07,35.41,34.36,2392105.0,23219542.0
2012-12-04,33.67,34.36,34.25,33.12,986651.0,9162430.0
2012-12-03,34.54,35.2,33.45,33.09,959414.0,9034882.0
2012-11-30,34.21,34.72,34.51,34.07,902471.0,8558938.0
2012-11-29,33.92,35.09,34.51,33.92,2095348.0,19893668.0
2012-11-28,33.85,34.47,34.4,32.51,3029563.0,27961544.0
2012-11-27,34.54,35.09,34.18,34.1,2078278.0,19743488.0
2012-11-26,35.12,35.34,34.76,34.54,1690480.0,16200807.0
2012-11-23,34.87,35.85,35.49,34.25,3925635.0,38193080.0
2012-11-22,34.47,35.05,34.94,33.89,1891673.0,17949066.0
2012-11-21,34.54,34.87,34.69,33.27,3000876.0,28149424.0
2012-11-20,35.09,35.38,34.51,34.47,3443127.0,33089744.0
2012-11-19,33.81,35.16,34.91,33.81,3043348.0,28946194.0
2012-11-16,33.78,34.36,34.1,32.94,3340350.0,30736104.0
2012-11-15,34.83,34.91,33.81,33.63,2272616.0,21443890.0
2012-11-14,34.91,35.38,34.94,34.1,1957931.0,18718248.0
2012-11-13,35.63,35.78,35.27,34.72,2443960.0,23748834.0
2012-11-12,35.45,36.07,35.67,35.05,2264938.0,22129202.0
2012-11-09,37.3,37.49,35.38,35.23,5217749.0,51834056.0
2012-11-08,37.67,38.25,37.2,37.16,3237231.0,33504640.0
2012-11-07,38.43,38.8,38.4,37.78,2633598.0,27768854.0
2012-11-06,38.76,38.76,38.29,37.27,3036392.0,31711186.0
2012-11-05,38.03,38.83,38.65,37.52,3443450.0,36217056.0
2012-11-02,39.27,39.56,38.21,37.99,4625376.0,49066940.0
2012-11-01,39.16,39.74,39.59,38.9,4960390.0,53680568.0
2012-10-31,38.14,39.2,39.12,37.81,4293633.0,45620852.0
2012-10-30,38.4,38.9,38.14,37.52,2965137.0,31099904.0
2012-10-29,38.8,39.63,38.4,38.36,3721957.0,39959188.0
2012-10-26,40.29,40.29,38.76,37.81,6722438.0,71549328.0
2012-10-25,40.29,41.41,40.43,39.7,11409988.0,127792560.0
2012-10-24,39.7,40.32,39.99,39.34,3908725.0,42749900.0
2012-10-23,39.96,40.5,39.7,39.63,8809029.0,96964384.0
2012-10-22,37.99,40.76,40.32,37.81,18835402.0,204713792.0
2012-10-19,38.58,39.2,37.96,37.52,9014300.0,95199768.0
2012-10-18,36.21,38.69,38.21,36.21,6001568.0,62181968.0
2012-10-17,36.5,36.76,36.32,36.03,1806797.0,18058690.0
2012-10-16,35.7,37.92,36.8,35.49,4117776.0,41799636.0
2012-10-15,36.25,36.25,35.63,34.98,1104245.0,10761122.0
2012-10-12,36.29,37.2,36.18,35.96,2234911.0,22469666.0
2012-10-11,36.21,36.54,36.29,35.74,2658280.0,26429544.0
2012-10-10,36.18,36.54,36.21,35.67,2893583.0,28767282.0
2012-10-09,35.2,36.29,35.99,34.91,3498647.0,34463232.0
2012-10-08,34.14,35.3,34.94,33.92,3405034.0,32551898.0
2012-09-28,33.78,34.18,33.96,33.09,3003621.0,27875982.0
2012-09-27,32.72,34.29,33.81,32.18,3470895.0,31864380.0
2012-09-26,34.32,34.51,32.98,32.72,2379818.0,21753258.0
2012-09-25,34.72,35.09,34.4,34.32,953521.0,9089550.0
2012-09-24,34.18,34.8,34.58,34.18,1199732.0,11375317.0
2012-09-21,34.8,35.49,34.65,34.29,2274551.0,21917956.0
2012-09-20,34.87,35.23,34.87,33.96,3373380.0,32031112.0
2012-09-19,35.27,35.45,35.16,34.69,1134164.0,10926212.0
2012-09-18,34.69,35.34,34.72,34.25,1384713.0,13296255.0
2012-09-17,36.4,36.65,34.72,34.72,2971959.0,29143796.0
2012-09-14,35.92,37.2,36.65,35.81,3911798.0,39413012.0
2012-09-13,37.01,37.27,36.07,36.03,3399914.0,34209944.0
2012-09-12,37.49,38.1,37.23,36.32,4661379.0,47600608.0
2012-09-11,36.4,37.56,37.05,36.07,4123525.0,41868632.0
2012-09-10,36.32,37.01,36.72,35.99,5011340.0,50406680.0
2012-09-07,35.09,36.65,36.1,34.94,6709071.0,66149000.0
2012-09-06,35.27,35.45,35.23,34.69,4000863.0,38466788.0
2012-09-05,33.78,35.99,35.38,33.38,5575876.0,53836660.0
2012-09-04,34.54,34.8,33.78,33.63,2530139.0,23745200.0
2012-09-03,34.1,35.09,34.8,33.81,1757488.0,16674871.0
2012-08-31,34.0,34.36,34.1,33.63,1920306.0,17964764.0
2012-08-30,36.47,36.83,34.0,32.98,4452308.0,42461480.0
2012-08-29,36.1,37.59,36.65,36.1,3915724.0,39808900.0
2012-08-28,37.2,37.38,36.47,35.63,6264991.0,63010192.0
2012-08-21,37.81,38.72,38.69,37.27,5710944.0,59812364.0
2012-08-20,37.09,38.03,37.59,36.72,1852698.0,18984344.0
2012-08-17,37.89,38.47,37.41,37.01,3023922.0,31240932.0
2012-08-16,36.9,38.72,37.85,36.9,4089607.0,42749300.0
2012-08-15,37.63,38.1,37.09,37.01,2051366.0,21124958.0
2012-08-14,38.25,38.36,37.78,36.69,4383205.0,45067164.0
2012-08-13,38.58,38.61,38.14,37.99,3674284.0,38711708.0
2012-08-10,39.12,39.16,38.36,37.92,3609840.0,38088312.0
2012-08-09,38.83,39.23,39.05,38.03,4489419.0,47803268.0
2012-08-08,38.87,39.01,38.69,37.96,3002937.0,31849462.0
2012-08-07,38.5,39.01,38.87,38.1,4907612.0,52096872.0
2012-08-06,37.45,38.83,38.58,37.23,4101363.0,43204664.0
2012-08-03,36.4,37.85,37.85,36.36,2835560.0,29011834.0
2012-08-02,36.98,37.16,36.32,36.32,1517571.0,15293048.0
2012-08-01,36.21,37.27,36.98,36.21,1773241.0,17964064.0
2012-07-31,37.09,37.41,36.14,36.14,2683840.0,26952268.0
2012-07-30,38.58,38.83,37.41,37.23,2543462.0,26485226.0
2012-07-27,37.99,38.83,38.54,37.23,3528188.0,36941212.0
2012-07-26,37.45,38.5,37.89,37.45,2914199.0,30536704.0
2012-07-25,39.16,39.16,37.67,37.2,4934909.0,51675592.0
2012-07-24,38.54,39.92,38.9,38.18,5290353.0,57060324.0
2012-07-23,38.65,39.05,38.72,38.1,3482491.0,36903752.0
2012-07-20,38.54,39.01,38.83,38.1,5008762.0,53189184.0
2012-07-19,37.89,39.27,38.47,37.63,9101936.0,96851432.0
2012-07-18,36.07,37.92,37.92,36.07,4453508.0,45650056.0
2012-07-17,35.63,36.36,35.99,35.56,1155431.0,11438892.0
2012-07-16,37.23,37.45,35.92,35.7,3245317.0,32386258.0
2012-07-13,37.99,38.4,37.27,37.23,3936211.0,40842672.0
2012-07-12,37.59,38.47,38.25,37.3,4548794.0,47591000.0
2012-07-11,37.67,38.07,37.74,37.09,4152897.0,42913200.0
2012-07-10,36.29,38.07,37.81,35.89,6849415.0,70300544.0
2012-07-09,35.63,37.23,36.32,35.27,5587033.0,56290120.0
2012-07-06,35.63,36.1,35.96,34.83,2051620.0,20016388.0
2012-07-05,35.96,35.96,35.2,34.47,2141617.0,20788314.0
2012-07-04,35.63,36.21,36.1,35.27,2910462.0,28615340.0
2012-07-03,35.45,36.32,35.52,34.94,3201801.0,31431286.0
2012-07-02,35.96,36.72,35.49,35.09,3381141.0,33486942.0
2012-06-29,34.72,35.63,35.41,34.21,1802871.0,17361068.0
2012-06-28,35.96,36.18,34.83,34.83,1691270.0,16527998.0
2012-06-27,35.92,36.21,35.89,35.45,2064213.0,20397874.0
2012-06-26,35.49,36.47,36.14,34.98,2004426.0,19771210.0
2012-06-25,36.65,36.9,35.89,35.85,2006570.0,20042602.0
2012-06-21,37.12,37.45,37.16,36.18,3258182.0,32886722.0
2012-06-20,37.49,38.18,37.23,36.98,3869644.0,39927420.0
2012-06-19,37.81,38.76,37.63,37.45,7699590.0,80855520.0
2012-06-18,36.5,37.92,37.92,36.25,5836647.0,59921228.0
2012-06-15,36.61,36.9,36.54,35.56,2469077.0,24603266.0
2012-06-14,36.72,37.34,36.61,36.21,3205621.0,32342800.0
2012-06-13,35.63,37.3,37.05,35.63,4491734.0,45464548.0
2012-06-12,35.41,36.07,35.56,35.12,1667967.0,16405376.0
2012-06-11,35.01,35.7,35.45,34.43,2230136.0,21481076.0
2012-06-08,36.9,37.01,35.05,35.05,3539653.0,35051032.0
2012-06-07,36.83,37.89,36.18,36.1,3526950.0,35808440.0
2012-06-06,36.07,36.87,36.36,36.07,2457829.0,24609460.0
2012-06-05,36.43,36.61,36.03,35.63,2446604.0,24330896.0
2012-06-04,36.03,36.98,36.4,34.98,4795436.0,47356424.0
2012-06-01,36.4,37.38,36.58,36.4,4074118.0,41187896.0
2012-05-31,36.43,38.65,36.98,36.36,12129789.0,125294368.0
2012-05-30,34.43,37.67,36.65,34.43,10839725.0,107525688.0
2012-05-29,34.14,34.61,34.4,33.89,3837565.0,36250412.0
2012-05-28,33.45,33.96,33.96,32.76,2684948.0,24681870.0
2012-05-25,33.85,34.32,33.67,33.16,3410039.0,31521342.0
2012-05-24,33.52,34.54,33.92,33.34,5127416.0,48032344.0
2012-05-23,35.41,35.59,33.52,33.34,8268232.0,77411960.0
2012-05-22,35.16,35.63,35.34,34.87,3122373.0,30237770.0
2012-05-21,37.41,37.41,35.12,34.18,6130406.0,59621096.0
2012-05-18,37.27,38.76,36.94,36.94,8035336.0,83909992.0
2012-05-17,37.38,38.18,37.27,36.36,5721488.0,58617012.0
2012-05-16,36.54,39.27,37.59,35.96,12523823.0,131166944.0
2012-05-15,37.41,37.47,36.94,36.2,2855264.0,58028616.0
2012-05-14,36.96,38.17,37.69,36.96,6133155.0,127717584.0
2012-05-11,37.05,37.36,36.71,36.69,1657290.0,33917592.0
2012-05-10,36.73,37.18,37.09,36.58,1706817.0,34842280.0
2012-05-09,37.61,37.9,36.91,36.71,3535161.0,72552848.0
2012-05-08,37.69,37.92,37.54,37.0,3808375.0,79023760.0
2012-05-07,35.91,37.74,37.72,35.88,4550151.0,93085784.0
2012-05-04,35.35,36.11,35.97,35.1,2346620.0,46294908.0
2012-05-03,35.01,35.59,35.26,34.79,1458457.0,28374228.0
2012-05-02,34.74,35.26,35.01,34.47,1696918.0,32744122.0
2012-04-27,34.21,34.74,34.39,34.12,1026780.0,19508604.0
2012-04-26,34.76,34.88,34.52,34.19,1732960.0,33104074.0
2012-04-25,34.38,34.84,34.48,33.94,1569471.0,29742352.0
2012-04-24,34.86,35.42,34.65,33.11,2497056.0,47527452.0
2012-04-20,36.02,36.42,36.33,35.79,2221502.0,44400388.0
2012-04-19,35.33,36.42,36.29,35.33,3220879.0,64145000.0
2012-04-18,35.42,35.48,35.15,33.98,3989312.0,76385112.0
2012-04-17,36.0,36.17,35.21,35.12,1429778.0,28007932.0
2012-04-16,36.44,36.44,36.06,35.89,1270459.0,25374442.0
2012-04-13,36.35,36.82,36.55,36.15,1544741.0,31178804.0
2012-04-12,35.44,36.17,36.11,35.33,1333816.0,26401156.0
2012-04-11,35.28,35.57,35.33,34.76,1311522.0,25528800.0
2012-04-10,36.17,36.17,35.64,34.41,2415720.0,46964376.0
2012-04-09,36.91,36.91,36.18,36.18,1117205.0,22535772.0
2012-04-06,36.85,37.07,36.98,36.47,1139473.0,23181480.0
2012-04-05,35.77,36.91,36.8,35.44,1271434.0,25609046.0
2012-03-30,36.69,36.69,35.64,35.42,1019285.0,20147002.0
2012-03-29,37.07,37.09,36.18,35.46,1576416.0,31759170.0
2012-03-28,38.77,38.77,36.64,36.38,1986928.0,40973716.0
2012-03-27,38.92,39.42,38.81,38.55,1404282.0,30187808.0
2012-03-26,38.54,38.92,38.81,38.17,1168159.0,24840742.0
2012-03-23,40.2,40.24,38.63,38.45,2097681.0,45383624.0
2012-03-22,39.53,40.76,40.27,39.26,2889125.0,63908676.0
2012-03-20,40.89,40.89,39.42,39.28,2566828.0,56651104.0
2012-03-19,40.34,41.07,41.03,40.06,3422523.0,76804808.0
2012-03-16,38.55,40.09,40.06,38.41,3102729.0,67319624.0
2012-03-15,39.1,39.26,38.34,37.78,2843813.0,60587876.0
2012-03-14,40.71,41.3,39.08,38.63,5261183.0,117085160.0
2012-03-13,40.42,40.71,40.69,39.97,3262637.0,72653272.0
2012-03-12,39.59,40.51,40.31,39.57,4342096.0,96350080.0
2012-03-09,39.78,39.78,39.55,38.65,3621603.0,78494672.0
2012-03-08,38.77,39.71,39.53,38.73,2809650.0,60946200.0
2012-03-07,37.92,39.19,38.61,37.79,2873969.0,61537464.0
2012-03-06,39.17,39.39,38.54,37.94,4713595.0,100282904.0
2012-03-05,40.24,40.33,39.49,39.44,4914133.0,107972144.0
2012-03-02,39.17,40.18,40.16,39.17,5172690.0,113607480.0
2012-03-01,38.64,39.51,39.06,38.34,5449363.0,117383400.0
2012-02-29,41.67,41.79,39.04,38.9,11766495.0,258547888.0
2012-02-28,42.15,42.79,42.64,41.2,5929207.0,138006896.0
2012-02-27,41.88,43.19,42.19,41.27,7851516.0,183541584.0
2012-02-24,41.41,42.84,41.61,41.0,7693938.0,178315008.0
2012-02-23,39.71,41.79,41.58,39.62,5455059.0,124339480.0
2012-02-22,38.81,40.67,39.89,38.68,4210061.0,92957200.0
2012-02-21,38.3,38.81,38.72,37.78,2125632.0,45035028.0
2012-02-20,38.86,38.86,38.35,38.3,2567350.0,54736324.0
2012-02-17,38.93,39.12,38.35,38.03,1886168.0,40092820.0
2012-02-16,39.35,39.35,38.95,37.99,3276950.0,70122072.0
2012-02-15,37.99,38.86,38.5,37.63,2514987.0,53195856.0
2012-02-14,38.41,38.54,37.9,37.65,2589020.0,54342984.0
2012-02-13,35.73,39.04,38.68,35.64,7685952.0,159868016.0
2012-02-10,35.37,36.18,35.95,35.17,2559908.0,50676200.0
2012-02-09,35.35,35.77,35.35,35.19,2105143.0,41282684.0
2012-02-08,34.01,35.28,35.23,33.67,1847284.0,35458040.0
2012-02-07,34.79,34.79,33.96,33.69,1386910.0,26201538.0
2012-02-06,35.04,35.42,34.83,34.66,1894819.0,36754504.0
2012-02-03,34.19,35.39,35.04,33.99,2716659.0,52307736.0
2012-02-02,33.58,34.21,34.19,33.42,1197823.0,22442950.0
2012-02-01,33.56,33.98,33.34,33.25,811754.0,15076217.0
2012-01-31,33.4,33.74,33.54,33.11,665700.0,12298755.0
2012-01-30,33.98,33.99,33.52,33.11,995477.0,18517728.0
2012-01-20,32.93,33.74,33.52,32.66,1261724.0,23198460.0
2012-01-19,32.2,33.25,32.8,32.01,1451252.0,26245234.0
2012-01-18,34.28,34.54,32.55,32.38,2051681.0,38091360.0
2012-01-17,32.13,34.47,34.38,32.11,2636727.0,48761596.0
2012-01-16,32.24,32.57,32.49,31.53,2015298.0,35659156.0
2012-01-13,34.45,34.56,32.8,32.71,3615851.0,66898376.0
2012-01-12,36.09,36.37,34.74,34.72,6033674.0,118516160.0
2012-01-11,36.13,36.73,36.56,35.68,2083840.0,41547540.0
2012-01-10,34.5,36.29,36.2,34.39,2800287.0,54751432.0
2012-01-09,33.11,34.54,34.52,33.05,2008473.0,37825268.0
2012-01-05,33.92,34.19,32.75,32.06,1597453.0,29237572.0
2012-01-04,35.15,35.28,34.34,33.83,936835.0,17930502.0
