date,open,high,close,low,volume,amount
2015-07-08,13.48,14.65,14.4,13.48,65475000.0,364585408.0
2015-07-07,15.52,16.09,14.97,14.97,38603264.0,237360688.0
2015-07-06,18.84,18.84,16.63,15.42,72957376.0,491438048.0
2015-07-03,17.88,19.12,17.13,17.13,54383500.0,385530400.0
2015-07-02,21.18,21.35,19.04,19.04,49986172.0,399221600.0
2015-07-01,22.69,23.81,21.15,21.15,45199560.0,413987200.0
2015-06-30,22.05,23.78,23.51,20.23,57236064.0,502774848.0
2015-06-29,25.22,26.07,22.47,22.47,48994136.0,463754432.0
2015-06-26,26.86,27.09,24.95,24.95,43844192.0,454425248.0
2015-06-25,27.26,28.68,27.73,27.06,47761856.0,533755488.0
2015-06-24,26.99,27.73,27.43,26.52,36679868.0,402339456.0
2015-06-23,26.71,27.43,26.71,24.08,37891040.0,397250144.0
2015-06-19,28.72,29.54,26.71,26.71,35562240.0,404887168.0
2015-06-18,30.16,31.28,29.69,29.47,33914208.0,416935840.0
2015-06-17,30.02,30.49,30.26,28.33,39830600.0,474102016.0
2015-06-16,31.21,31.31,29.59,29.07,50331148.0,613593344.0
2015-06-15,33.22,33.52,31.8,31.65,60605068.0,794145984.0
2015-06-12,33.27,33.76,33.22,32.57,61713880.0,824076352.0
2015-06-11,32.52,33.64,33.24,32.12,57085444.0,756913664.0
2015-06-10,31.33,32.7,32.27,30.79,58085944.0,750737024.0
2015-06-09,31.63,32.17,31.31,30.91,46681736.0,590467200.0
2015-06-08,32.65,32.65,31.85,31.06,65574532.0,836301568.0
2015-06-05,33.37,34.24,32.82,31.58,64542268.0,858378240.0
2015-06-04,33.14,33.86,32.77,29.94,71850552.0,930197312.0
2015-06-03,33.39,35.6,33.14,32.27,97786896.0,1340468224.0
2015-06-02,30.68,32.97,32.97,30.16,84053184.0,1077332096.0
2015-06-01,28.45,30.04,29.97,28.2,59476592.0,704518976.0
2015-05-29,28.2,29.32,28.45,26.27,69831760.0,793357760.0
2015-05-28,31.41,32.75,28.3,28.25,88300904.0,1097099008.0
2015-05-27,29.44,32.03,31.36,28.45,87260048.0,1069678912.0
2015-05-26,28.41,29.75,29.43,27.62,75169344.0,869298688.0
2015-05-25,27.54,29.08,28.41,27.22,76638504.0,875509632.0
2015-05-22,25.96,28.29,28.11,25.71,98999464.0,1082259840.0
2015-05-21,25.21,26.16,25.83,24.69,62000732.0,633895360.0
2015-05-20,25.26,26.38,25.19,24.82,68408800.0,708044992.0
2015-05-19,24.84,25.51,25.09,24.84,41197244.0,416856352.0
2015-05-18,24.07,25.26,24.84,23.87,43646868.0,434497152.0
2015-05-15,24.82,25.24,24.39,23.52,58587908.0,579675840.0
2015-05-14,23.87,26.38,25.43,23.33,96968776.0,985649536.0
2015-05-13,23.75,24.44,23.97,23.05,56785548.0,541424768.0
2015-05-12,23.57,24.12,23.62,23.33,35167164.0,335688416.0
2015-05-11,22.7,23.62,23.52,22.7,34518912.0,323146656.0
2015-05-08,22.09,22.7,22.68,21.89,29706602.0,266893168.0
2015-05-07,22.7,22.9,21.79,21.49,34738456.0,311318752.0
2015-05-06,23.48,23.8,22.7,22.51,39255900.0,367717632.0
2015-05-05,24.82,24.82,23.38,22.93,55145184.0,534207456.0
2015-05-04,25.26,26.38,25.09,24.94,71930112.0,740778880.0
2015-04-30,24.52,25.31,24.54,24.34,38320732.0,384131776.0
2015-04-29,24.29,25.26,24.64,23.45,47733048.0,471259552.0
2015-04-28,25.56,25.63,24.44,24.07,72301896.0,725819520.0
2015-04-27,24.07,26.43,25.76,23.38,91774224.0,903745280.0
2015-04-24,24.09,24.96,24.05,23.5,97817952.0,954318400.0
2015-04-23,21.36,23.45,23.45,21.36,67907480.0,622871744.0
2015-04-22,20.75,21.51,21.32,20.65,49029784.0,418314528.0
2015-04-21,19.88,20.77,20.75,19.85,43256132.0,356014112.0
2015-04-20,20.8,20.84,19.85,19.85,55467588.0,454851872.0
2015-04-17,20.77,21.34,20.8,20.6,44389264.0,374324096.0
2015-04-16,20.45,21.09,20.7,20.12,35189928.0,293117120.0
2015-04-15,21.94,21.96,20.62,20.62,46907020.0,399946240.0
2015-04-14,21.41,22.31,21.94,21.17,58702168.0,516734784.0
2015-04-13,21.32,21.81,21.41,21.02,48901968.0,421493216.0
2015-04-10,20.52,21.49,21.22,20.37,45576060.0,386908672.0
2015-04-09,21.34,21.34,20.65,20.2,49756928.0,413162080.0
2015-04-08,21.51,22.23,21.34,20.6,56313708.0,487630240.0
2015-04-07,21.44,21.49,21.49,20.89,57279260.0,489506048.0
2015-04-03,20.72,21.54,21.17,20.6,48021104.0,407198464.0
2015-04-02,20.37,21.46,21.02,20.27,57376584.0,480430912.0
2015-04-01,20.2,20.62,20.4,20.12,37901920.0,311290240.0
2015-03-31,20.05,20.99,20.32,19.93,60443676.0,496712384.0
2015-03-30,19.88,20.6,20.02,19.63,47272272.0,383689280.0
2015-03-27,20.05,20.2,19.78,19.73,49734052.0,398860992.0
2015-03-26,19.95,20.92,20.15,19.63,99214680.0,811150016.0
2015-03-25,17.74,19.63,19.63,17.49,71429072.0,534019584.0
2015-03-24,18.44,18.44,17.84,17.37,69326208.0,499076160.0
2015-03-23,18.09,18.44,18.44,18.04,42672624.0,314214656.0
2015-03-20,17.94,18.29,17.99,17.89,35916452.0,260748464.0
2015-03-19,18.31,18.44,18.09,17.92,36120664.0,264250624.0
2015-03-18,18.21,18.39,18.31,17.99,27634976.0,202752016.0
2015-03-17,17.94,18.56,18.24,17.82,49251176.0,360215680.0
2015-03-16,17.52,17.82,17.77,17.47,32492104.0,231324000.0
2015-03-13,17.47,17.72,17.54,17.34,21854370.0,153987136.0
2015-03-12,17.67,17.82,17.42,17.32,20154384.0,142258640.0
2015-03-11,17.37,17.79,17.57,17.27,30914236.0,218397536.0
2015-03-10,17.37,17.69,17.32,17.3,26917764.0,189713856.0
2015-03-09,16.65,17.74,17.49,16.53,36876664.0,255074640.0
2015-03-06,17.02,17.2,16.7,16.63,29601904.0,201994960.0
2015-03-05,16.82,17.2,17.0,16.65,23558288.0,160711296.0
2015-03-04,16.63,16.97,16.82,16.55,17215664.0,116526016.0
2015-03-03,16.9,17.3,16.63,16.6,32179328.0,219030448.0
2015-03-02,16.23,17.37,16.87,16.11,46869584.0,316255840.0
2015-02-27,16.01,16.23,16.13,15.88,17824808.0,115265432.0
2015-02-26,15.53,16.25,16.11,15.51,30904140.0,199400752.0
2015-02-25,15.53,15.73,15.58,15.46,15798113.0,99236696.0
2015-02-17,15.51,15.53,15.51,15.38,9301181.0,57980728.0
2015-02-16,15.46,15.53,15.48,15.31,12672079.0,78862616.0
2015-02-13,15.19,15.46,15.38,15.14,15028929.0,92768024.0
2015-02-12,15.01,15.14,15.11,14.96,7966185.0,48358896.0
2015-02-11,14.91,15.19,15.04,14.86,8736576.0,52971140.0
2015-02-10,14.89,14.94,14.86,14.79,6812117.0,40794096.0
2015-02-09,14.84,14.94,14.84,14.74,6014960.0,35930400.0
2015-02-06,15.14,15.14,14.81,14.79,9928742.0,59862948.0
2015-02-05,15.29,15.29,15.01,14.99,12355741.0,75330880.0
2015-02-04,15.24,15.34,15.19,15.19,10577693.0,65022120.0
2015-02-03,15.01,15.29,15.24,15.01,9494963.0,58034120.0
2015-02-02,15.16,15.24,15.04,14.99,11706674.0,71150200.0
2015-01-30,15.56,15.58,15.26,15.21,15757257.0,97741488.0
2015-01-29,15.46,15.73,15.61,15.46,12840802.0,80845968.0
2015-01-28,15.61,15.63,15.61,15.44,12810109.0,80360864.0
2015-01-27,15.66,15.73,15.68,15.41,13627344.0,85562048.0
2015-01-26,15.41,15.68,15.63,15.41,15698908.0,98293704.0
2015-01-23,15.78,15.78,15.46,15.38,14517266.0,90796688.0
2015-01-22,15.56,15.73,15.73,15.46,16942956.0,106681760.0
2015-01-21,15.24,15.63,15.56,15.16,20293986.0,126463432.0
2015-01-20,14.77,15.26,15.24,14.74,15135732.0,91716224.0
2015-01-19,14.94,15.26,14.69,14.57,17134000.0,102966616.0
2015-01-16,15.09,15.24,15.14,14.94,12471522.0,75834728.0
2015-01-15,14.81,15.31,15.06,14.81,11154647.0,67893296.0
2015-01-14,15.01,15.01,14.81,14.74,8692612.0,52110340.0
2015-01-13,14.69,15.09,14.96,14.69,11568463.0,69544424.0
2015-01-12,15.38,15.38,14.84,14.81,16831938.0,102105944.0
2015-01-09,15.36,15.83,15.46,15.26,17602928.0,110460328.0
2015-01-08,15.56,15.58,15.34,15.29,11337842.0,70389896.0
2015-01-07,15.66,15.71,15.51,15.34,13067776.0,81690400.0
2015-01-06,15.09,15.83,15.68,15.06,17489236.0,108972704.0
2015-01-05,15.16,15.34,15.29,15.04,13716821.0,84030576.0
2014-12-31,15.14,15.16,15.14,15.01,9513430.0,57817708.0
2014-12-30,15.46,15.48,15.01,15.01,13130677.0,80685712.0
2014-12-29,15.71,15.78,15.44,15.34,15525070.0,96824872.0
2014-12-26,15.91,15.96,15.78,15.63,14621438.0,92772152.0
2014-12-25,15.76,16.05,15.91,15.73,9729625.0,62325684.0
2014-12-24,15.51,15.76,15.73,15.46,10603069.0,66789648.0
2014-12-23,15.63,15.91,15.38,15.34,12928998.0,81430680.0
2014-12-22,16.8,16.8,15.58,15.48,29495080.0,189232176.0
2014-12-19,16.87,17.2,16.85,16.53,25694640.0,175271264.0
2014-12-18,16.77,16.82,16.7,16.35,19996966.0,133410344.0
2014-12-17,17.02,17.02,16.8,16.65,19390360.0,131331944.0
2014-12-16,17.22,17.25,17.02,16.87,18784068.0,128730760.0
2014-12-15,17.1,17.25,17.22,16.95,24263370.0,167552720.0
2014-12-12,16.6,17.25,17.1,16.6,29879190.0,203905840.0
2014-12-11,16.25,16.68,16.65,16.15,16524994.0,109324072.0
2014-12-10,15.83,16.4,16.35,15.66,15902143.0,103322704.0
2014-12-09,16.45,16.7,15.88,15.83,31141708.0,206069440.0
2014-12-08,16.48,16.77,16.58,16.18,23402246.0,155834512.0
2014-12-05,17.25,17.32,16.58,16.13,36436300.0,245698176.0
2014-12-04,17.05,17.47,17.35,16.9,47646624.0,329365248.0
2014-12-03,16.85,17.22,17.05,16.7,40078544.0,273124256.0
2014-12-02,16.82,17.12,16.92,16.8,21137016.0,144516176.0
2014-12-01,17.42,17.59,16.8,16.73,26621386.0,182780928.0
2014-11-28,17.32,17.59,17.32,17.12,27841928.0,194667472.0
2014-11-27,17.1,17.52,17.47,16.82,37731188.0,260562992.0
2014-11-26,16.9,17.15,17.07,16.75,25114536.0,172044176.0
2014-11-25,17.02,17.22,16.9,16.75,35551332.0,241653056.0
2014-11-24,17.54,17.84,17.15,17.0,58550564.0,406616256.0
2014-11-21,17.02,17.57,17.42,16.95,23430372.0,163343312.0
2014-11-20,17.37,17.37,17.05,17.02,19070684.0,131771560.0
2014-11-19,16.87,17.97,17.37,16.75,53033640.0,372476352.0
2014-11-18,16.8,17.2,17.0,16.68,37292988.0,254546544.0
2014-11-17,15.91,17.25,16.9,15.81,48565852.0,326922400.0
2014-11-14,16.08,16.08,15.83,15.63,12914191.0,82260360.0
2014-11-13,15.78,16.3,16.08,15.48,23540900.0,151054048.0
2014-11-12,15.51,15.76,15.71,15.44,8981118.0,56639420.0
2014-11-11,16.15,16.18,15.56,15.38,20866224.0,132112248.0
2014-11-10,16.18,16.28,16.15,15.88,15867702.0,102685520.0
2014-11-07,16.35,16.55,16.18,16.13,16785024.0,110790216.0
2014-11-06,16.15,16.4,16.33,16.15,13817986.0,90669072.0
2014-11-05,16.5,16.6,16.3,16.08,15844136.0,104093800.0
2014-11-04,16.28,16.8,16.53,16.23,23648528.0,157334864.0
2014-11-03,16.43,16.48,16.25,16.13,16509487.0,108501024.0
2014-10-31,16.6,16.65,16.3,16.08,19895336.0,130981784.0
2014-10-30,16.63,16.87,16.6,16.48,18560164.0,124729912.0
2014-10-29,16.6,16.8,16.63,16.43,18357566.0,122740040.0
2014-10-28,15.83,16.63,16.6,15.83,13173328.0,86659184.0
2014-10-27,15.68,16.03,15.96,15.48,11642806.0,74117992.0
2014-10-24,15.78,16.03,15.83,15.63,10315510.0,65732268.0
2014-10-23,16.18,16.33,15.86,15.63,14177811.0,91011432.0
2014-10-22,16.63,16.82,16.25,16.18,11903821.0,79244128.0
2014-10-21,16.58,17.0,16.63,16.55,15448333.0,104600728.0
2014-10-20,16.28,16.7,16.53,16.28,13645625.0,90847624.0
2014-10-17,16.5,16.65,16.25,15.63,20481540.0,133983288.0
2014-10-16,16.97,17.15,16.45,16.4,21419712.0,145386368.0
2014-10-15,16.85,17.25,17.1,16.75,13910186.0,95343928.0
2014-10-14,17.37,17.37,17.0,16.63,22187748.0,152684112.0
2014-10-13,17.54,17.54,17.37,17.02,24691332.0,171186576.0
2014-10-10,18.11,18.11,17.59,17.52,22892756.0,163458304.0
2014-10-09,17.74,18.31,18.02,17.72,35519416.0,257744672.0
2014-10-08,17.45,17.82,17.72,17.32,24978768.0,177058272.0
2014-09-30,17.45,17.49,17.45,17.22,25239652.0,176487744.0
2014-09-29,17.77,17.87,17.37,17.27,34917856.0,246869824.0
2014-09-26,17.59,17.99,17.74,17.52,18499596.0,132551584.0
2014-09-25,17.77,18.11,17.67,17.64,24273936.0,174570080.0
2014-09-24,17.22,18.04,17.74,17.12,31869672.0,226526848.0
2014-09-23,17.15,17.45,17.32,17.1,22834624.0,158875824.0
2014-09-22,17.05,17.54,17.22,16.85,28350104.0,197405168.0
2014-09-19,17.15,17.25,17.05,16.58,38061732.0,259867632.0
2014-09-18,17.02,17.35,17.15,16.95,22221656.0,153811232.0
2014-09-17,17.27,17.62,17.2,16.5,43033984.0,295201632.0
2014-09-16,18.29,18.46,17.22,17.05,51934340.0,373218048.0
2014-09-15,18.61,19.11,18.24,18.11,59597096.0,443278048.0
2014-09-12,18.36,18.71,18.61,17.94,41656636.0,306905824.0
2014-09-11,18.69,18.96,18.31,18.14,52785768.0,393080064.0
2014-09-10,18.51,18.91,18.66,18.29,34111932.0,256500912.0
2014-09-09,17.49,18.88,18.64,17.49,59602568.0,438175104.0
2014-09-05,17.22,17.57,17.42,16.95,34807744.0,242410864.0
2014-09-04,17.27,18.04,17.17,16.8,63287464.0,440858272.0
2014-09-03,16.4,17.45,17.1,16.38,38693836.0,265652880.0
2014-09-02,15.96,16.55,16.4,15.88,33017310.0,217684400.0
2014-09-01,15.73,16.13,15.96,15.66,19000816.0,122309504.0
2014-08-29,15.71,15.88,15.71,15.38,15929113.0,100256816.0
2014-08-28,15.93,16.3,15.73,15.66,37180056.0,236975360.0
2014-08-27,15.88,16.23,16.11,15.46,31141062.0,198387952.0
2014-08-26,16.0,16.45,15.93,15.76,33115450.0,213525232.0
2014-08-25,15.88,16.63,16.13,15.73,49886628.0,327540160.0
2014-08-22,15.34,16.53,15.93,15.19,64053980.0,403748608.0
2014-08-21,15.26,15.63,15.36,15.04,45593196.0,279770336.0
2014-08-20,14.94,15.44,15.38,14.89,43218896.0,265515520.0
2014-08-19,14.91,15.06,14.94,14.81,21201924.0,127592064.0
2014-08-18,14.69,14.96,14.91,14.66,27457172.0,164088064.0
2014-08-15,14.71,14.91,14.71,14.57,38025276.0,224833504.0
2014-08-14,14.62,14.99,14.79,14.52,25255068.0,150240224.0
2014-08-13,14.91,15.21,14.62,14.42,42753952.0,253066048.0
2014-08-12,14.59,15.19,15.01,14.49,26008440.0,155824608.0
2014-08-11,14.32,14.62,14.49,14.29,13466792.0,78725224.0
2014-08-08,14.47,14.62,14.34,14.22,16555704.0,96173584.0
2014-08-07,14.91,15.51,14.59,14.52,37057312.0,221298864.0
2014-08-06,14.54,15.26,14.91,14.32,20472344.0,121853560.0
2014-08-05,14.37,14.59,14.54,14.17,14531534.0,84371120.0
2014-08-04,14.1,14.34,14.34,14.04,9460403.0,54270284.0
2014-08-01,14.37,14.44,14.04,14.02,14095163.0,80813536.0
2014-07-31,14.39,14.54,14.44,14.24,14459602.0,83876728.0
2014-07-30,14.07,14.71,14.49,14.0,26407390.0,152462512.0
2014-07-29,14.0,14.17,14.07,13.95,15270679.0,86538200.0
2014-07-28,13.97,14.34,14.1,13.8,35517484.0,199431008.0
2014-07-25,13.55,14.24,14.07,13.43,12539685.0,70165176.0
2014-07-24,13.4,13.5,13.5,13.18,7609756.0,41006504.0
2014-07-23,13.7,13.77,13.38,13.35,9313260.0,50619652.0
2014-07-22,13.6,13.75,13.72,13.6,4906458.0,27061000.0
2014-07-21,13.87,13.92,13.6,13.52,5128990.0,28302744.0
2014-07-18,13.85,13.99,13.87,13.72,4203520.0,23544046.0
2014-07-17,13.72,13.97,13.87,13.72,3572545.0,19922698.0
2014-07-16,14.24,14.32,13.82,13.77,7799908.0,44013856.0
2014-07-15,14.34,14.42,14.27,14.12,6461618.0,37086148.0
2014-07-14,14.12,14.47,14.32,14.1,8140595.0,46867148.0
2014-07-11,13.97,14.19,14.1,13.87,6933664.0,39282092.0
2014-07-10,13.62,14.24,13.97,13.62,8973467.0,50273464.0
2014-07-09,14.14,14.24,13.67,13.67,10686738.0,60182124.0
2014-07-08,14.22,14.34,14.17,13.82,9051765.0,51391080.0
2014-07-07,14.0,14.39,14.29,13.82,9606247.0,54745148.0
2014-07-04,13.8,14.39,13.95,13.67,14291168.0,80837704.0
2014-07-03,13.43,14.47,14.0,13.38,19602676.0,111367952.0
2014-07-02,13.35,13.52,13.35,13.28,7037954.0,37991104.0
2014-07-01,13.32,13.47,13.4,13.28,7567066.0,40742688.0
2014-06-30,13.2,13.4,13.35,13.13,6781330.0,36360972.0
2014-06-27,13.18,13.28,13.2,13.08,5465375.0,29061660.0
2014-06-26,13.1,13.23,13.18,13.03,5916359.0,31396310.0
2014-06-25,13.0,13.23,13.08,12.78,6177403.0,32394726.0
2014-06-24,12.85,13.03,13.03,12.73,5841698.0,30303362.0
2014-06-23,12.85,12.93,12.83,12.78,4594731.0,23781552.0
2014-06-20,12.88,12.88,12.8,12.58,5682442.0,29148054.0
2014-06-19,13.0,13.32,12.88,12.73,13882426.0,73194672.0
2014-06-18,12.73,12.83,12.76,12.58,7050166.0,36109264.0
2014-06-17,13.4,13.43,12.85,12.78,22792196.0,119372128.0
2014-06-16,13.43,13.65,13.55,13.4,5013169.0,27319346.0
2014-06-13,13.5,13.72,13.52,13.35,6565243.0,35798364.0
2014-06-12,13.28,13.77,13.55,13.2,10125341.0,55053352.0
2014-06-11,12.88,13.65,13.43,12.85,13760837.0,74293952.0
2014-06-10,12.85,12.93,12.88,12.73,4170345.0,21598882.0
2014-06-09,12.8,12.98,12.85,12.76,4603643.0,23855112.0
2014-06-06,12.73,12.9,12.85,12.63,4675814.0,24067582.0
2014-06-05,12.65,12.76,12.73,12.61,3455575.0,17671518.0
2014-06-04,12.78,12.78,12.66,12.56,2966479.0,15104127.0
2014-06-03,12.66,12.88,12.78,12.61,3830562.0,19731778.0
2014-05-30,12.66,12.71,12.66,12.51,3818492.0,19411594.0
2014-05-29,12.88,12.98,12.66,12.51,5523038.0,28366604.0
2014-05-28,12.76,12.88,12.88,12.58,6285428.0,32281184.0
2014-05-27,12.93,12.95,12.71,12.71,5225600.0,27006404.0
2014-05-26,12.9,13.08,12.95,12.83,5496470.0,28667944.0
2014-05-23,12.76,12.9,12.83,12.73,5397085.0,27863070.0
2014-05-22,12.9,13.1,12.88,12.71,8605115.0,44590840.0
2014-05-21,12.76,12.95,12.83,12.61,4448743.0,22977106.0
2014-05-20,12.58,12.8,12.71,12.58,6191442.0,31694788.0
2014-05-19,12.56,12.76,12.53,12.41,7039597.0,35630520.0
2014-05-16,12.9,13.0,12.56,12.56,10498066.0,53852312.0
2014-05-15,13.25,13.35,12.95,12.9,3817512.0,20184942.0
2014-05-14,13.4,13.45,13.25,13.2,3497843.0,18793570.0
2014-05-13,13.49,13.69,13.37,13.27,6752474.0,36785044.0
2014-05-12,13.4,13.52,13.49,13.3,8803304.0,47799164.0
2014-05-09,13.4,13.42,13.25,13.1,4404329.0,23632318.0
2014-05-08,13.0,13.54,13.54,12.78,8859772.0,47561376.0
2014-05-07,13.2,13.57,12.98,12.93,8331432.0,44416904.0
2014-05-06,13.42,13.67,13.3,13.22,6651445.0,36236484.0
2014-05-05,13.25,13.47,13.45,12.93,3637425.0,19476286.0
2014-04-30,13.27,13.47,13.22,13.1,5838219.0,31381812.0
2014-04-29,12.83,13.37,13.35,12.46,9872131.0,51333336.0
2014-04-28,13.27,13.3,12.85,12.73,6062313.0,31690010.0
2014-04-25,13.74,13.77,13.35,13.12,5332074.0,28844694.0
2014-04-24,13.96,14.21,13.69,13.62,7118322.0,40323168.0
2014-04-23,14.78,14.78,14.01,13.87,7682784.0,44484084.0
2014-04-22,15.0,15.2,14.9,14.53,4938516.0,29671532.0
2014-04-21,15.57,15.57,15.05,14.78,7805120.0,47829224.0
2014-04-18,15.42,15.87,15.57,15.42,4351570.0,27517338.0
2014-04-17,16.04,16.07,15.67,15.57,6161027.0,39149416.0
2014-04-16,15.97,16.44,15.99,15.87,7247313.0,47594492.0
2014-04-15,16.31,16.44,16.09,16.02,7336708.0,48056692.0
2014-04-14,15.92,16.54,16.46,15.92,12266330.0,81107704.0
2014-04-11,16.26,16.26,16.04,15.6,10732453.0,68979112.0
2014-04-10,16.34,16.68,16.34,16.16,10384168.0,68864240.0
2014-04-09,16.31,16.88,16.39,16.26,14351977.0,95758768.0
2014-04-08,16.19,16.41,16.41,15.72,15686545.0,101887592.0
2014-04-04,15.84,16.73,16.39,15.7,25602916.0,168344928.0
2014-04-03,15.79,15.79,15.6,15.2,13096923.0,82305704.0
2014-04-02,16.02,16.26,15.84,15.72,11904484.0,76802344.0
2014-04-01,15.67,15.87,15.87,15.3,11652898.0,73833528.0
2014-03-31,15.87,16.29,15.6,15.13,14845547.0,94091880.0
2014-03-28,16.07,16.39,16.07,15.28,25339612.0,162528896.0
2014-03-27,17.62,18.02,16.51,16.49,40941832.0,286973952.0
2014-03-26,17.45,17.45,17.0,16.68,18984450.0,131000408.0
2014-03-25,17.43,18.22,17.48,16.83,42297976.0,299355520.0
2014-03-24,16.34,17.82,17.82,16.24,51083168.0,357355712.0
2014-03-21,16.31,16.54,16.19,15.65,29513624.0,192441104.0
2014-03-20,16.51,17.87,17.05,15.82,60197388.0,414301088.0
2014-03-19,14.93,16.49,16.49,14.78,31610198.0,204211120.0
2014-03-18,14.68,15.1,14.98,14.46,12251329.0,73292480.0
2014-03-17,14.48,14.93,14.73,14.38,10860118.0,64269612.0
2014-03-14,14.68,15.23,14.71,14.48,22398340.0,134021800.0
2014-03-13,13.0,14.31,14.31,13.0,8634184.0,48854980.0
2014-03-12,12.83,13.05,13.0,12.7,3895905.0,20346488.0
2014-03-11,12.65,13.07,12.93,12.61,2151468.0,11156471.0
2014-03-10,13.1,13.1,12.7,12.56,3351325.0,17405476.0
2014-03-07,13.25,13.27,13.1,13.07,2606942.0,13882711.0
2014-03-06,13.37,13.37,13.17,13.0,4941803.0,26382488.0
2014-03-05,13.59,13.64,13.49,13.47,2373165.0,13021715.0
2014-03-04,13.69,13.77,13.62,13.45,2562080.0,14062444.0
2014-03-03,13.35,13.82,13.77,13.17,3337692.0,18362746.0
2014-02-28,13.15,13.32,13.32,13.0,3167153.0,16865078.0
2014-02-27,13.47,13.57,13.15,13.1,3681815.0,19888746.0
2014-02-26,13.57,13.72,13.49,13.22,4455742.0,24224164.0
2014-02-25,14.71,14.78,13.74,13.59,5160596.0,29703006.0
2014-02-24,14.46,14.71,14.68,14.41,3829505.0,22545016.0
2014-02-21,14.34,14.66,14.61,14.34,3480994.0,20482266.0
2014-02-20,14.73,14.9,14.53,14.41,5322106.0,31402652.0
2014-02-19,14.83,15.03,14.78,14.63,5802966.0,34790216.0
2014-02-18,15.45,15.77,14.83,14.8,7567922.0,46208756.0
2014-02-17,15.18,15.45,15.35,15.08,3755349.0,23206252.0
2014-02-14,14.98,15.13,15.08,14.83,2728413.0,16576209.0
2014-02-13,15.08,15.55,15.05,14.88,4954704.0,30384774.0
2014-02-12,14.9,15.13,15.08,14.8,2948101.0,17903466.0
2014-02-11,15.0,15.15,14.9,14.68,4001479.0,24158492.0
2014-02-10,14.66,15.1,15.0,14.63,4681227.0,28311152.0
2014-02-07,14.11,14.66,14.56,14.09,3641226.0,21191526.0
2014-01-30,14.04,14.36,14.24,14.04,2329543.0,13407491.0
2014-01-29,14.29,14.36,14.19,14.09,2841614.0,16361159.0
2014-01-28,14.53,14.58,14.31,14.09,4256791.0,24624086.0
2014-01-27,13.99,14.56,14.44,13.91,8383486.0,48729504.0
2014-01-24,14.14,14.26,14.06,13.96,3309064.0,18892030.0
2014-01-23,13.96,14.26,14.01,13.77,3884421.0,22077258.0
2014-01-22,13.45,13.92,13.92,13.37,3745927.0,20866252.0
2014-01-21,13.07,13.37,13.35,13.03,1685046.0,9052779.0
2014-01-20,13.32,13.35,13.1,12.9,2046598.0,10814134.0
2014-01-17,13.49,13.49,13.35,13.17,2972368.0,16021568.0
2014-01-16,13.27,13.59,13.49,13.25,4578748.0,24882542.0
2014-01-15,13.64,13.82,13.25,13.25,3699539.0,20180700.0
2014-01-14,13.4,13.64,13.64,13.2,1932038.0,10488440.0
2014-01-13,12.95,13.32,13.27,12.95,3036707.0,16141039.0
2014-01-10,14.11,14.11,12.95,12.88,6558755.0,35380676.0
2014-01-09,14.48,14.48,14.11,14.01,2819158.0,16255775.0
2014-01-08,14.41,14.73,14.34,14.31,2662703.0,15614685.0
2014-01-07,14.8,14.9,14.38,14.26,3868870.0,22755100.0
2014-01-06,15.05,15.2,14.9,14.71,5221328.0,31658518.0
2014-01-03,14.66,15.25,15.03,14.56,6104706.0,36857216.0
2014-01-02,14.29,14.71,14.63,14.29,4205979.0,24699940.0
2013-12-31,14.29,14.36,14.29,14.09,2533234.0,14596834.0
2013-12-30,14.34,14.38,14.26,14.04,3496221.0,20087772.0
2013-12-27,14.09,14.56,14.11,14.01,3669487.0,21197634.0
2013-12-26,14.78,14.78,14.06,13.84,3082477.0,17851596.0
2013-12-25,14.61,14.73,14.71,14.46,1931248.0,11440816.0
2013-12-24,14.86,14.86,14.63,14.46,3466260.0,20532682.0
2013-12-23,15.32,15.32,14.66,14.56,2556766.0,15276916.0
2013-12-20,15.55,15.65,15.2,15.08,2717310.0,16810272.0
2013-12-19,15.74,15.84,15.72,15.1,4964124.0,31146502.0
2013-12-18,16.07,16.21,15.74,15.57,3011758.0,19365756.0
2013-12-17,16.09,16.26,16.09,15.97,1212056.0,7908641.0
2013-12-16,16.68,16.71,16.09,16.07,3208646.0,21288550.0
2013-12-13,16.66,16.68,16.68,16.39,3275145.0,21925010.0
2013-12-12,16.16,16.73,16.66,16.07,3372403.0,22354484.0
2013-12-11,15.97,16.16,16.16,15.92,2280781.0,14816054.0
2013-12-10,16.51,16.61,16.07,16.04,4767425.0,31401564.0
2013-12-09,16.46,16.73,16.54,16.44,2416821.0,16184468.0
2013-12-06,16.56,16.73,16.49,16.36,2648619.0,17734212.0
2013-12-05,16.61,16.68,16.56,16.44,2335374.0,15661065.0
2013-12-04,16.59,16.98,16.59,16.49,3648493.0,24742696.0
2013-12-03,16.19,16.86,16.59,16.07,3501907.0,23413232.0
2013-12-02,17.45,17.45,16.59,16.44,4498028.0,30763418.0
2013-11-29,17.84,18.17,17.67,17.55,9370217.0,67268272.0
2013-11-28,17.15,17.77,17.67,17.05,8084998.0,57187716.0
2013-11-27,17.25,17.3,17.2,16.68,4999847.0,34363056.0
2013-11-26,17.65,17.65,17.23,17.18,5817645.0,40900276.0
2013-11-25,17.6,17.8,17.77,17.28,4351523.0,30883970.0
2013-11-22,18.34,18.46,17.57,17.52,5786827.0,41853324.0
2013-11-21,17.82,18.34,18.34,17.43,4602657.0,33164442.0
2013-11-20,18.19,18.27,17.82,17.55,4115406.0,29625326.0
2013-11-19,18.61,18.73,18.19,17.99,4550575.0,33671476.0
2013-11-18,18.44,18.79,18.61,18.44,4035136.0,30382660.0
2013-11-15,18.76,19.13,18.64,18.22,6391386.0,48361428.0
2013-11-14,18.51,18.91,18.76,18.44,5387081.0,40780588.0
2013-11-13,18.04,18.56,18.51,17.75,4171068.0,30739382.0
2013-11-12,18.44,18.44,18.04,17.67,2435255.0,17684370.0
2013-11-11,17.45,18.24,17.8,16.81,3972630.0,28343606.0
2013-11-08,17.55,17.87,17.75,17.18,2393030.0,16916222.0
2013-11-07,17.94,18.29,17.92,17.67,2295095.0,16744375.0
2013-11-06,17.99,18.61,18.07,17.84,3029593.0,22370240.0
2013-11-05,17.75,18.12,17.97,17.6,1346785.0,9764306.0
2013-11-04,17.89,17.92,17.82,17.57,1389357.0,9982065.0
2013-11-01,17.7,17.87,17.6,17.43,1347089.0,9593313.0
2013-10-31,17.75,18.17,17.77,17.67,2459330.0,17824864.0
2013-10-30,17.05,18.02,17.87,16.56,3748895.0,26751890.0
2013-10-29,17.99,18.36,17.13,16.26,5690032.0,40144740.0
2013-10-28,18.02,18.24,18.04,17.65,3325783.0,24110444.0
2013-10-25,19.43,19.87,18.14,17.65,5965477.0,45100692.0
2013-10-24,19.65,19.97,19.6,19.2,3096315.0,24607174.0
2013-10-23,20.46,20.69,19.77,19.57,6873053.0,55448376.0
2013-10-22,20.69,20.81,20.54,20.46,6431420.0,53656768.0
2013-10-21,20.81,20.98,20.71,20.19,6749460.0,56349452.0
2013-10-18,20.56,20.89,20.79,19.9,4948200.0,41125480.0
2013-10-17,21.21,21.7,20.66,20.27,7806383.0,65975096.0
2013-10-16,20.66,21.36,20.93,20.56,6011120.0,50650856.0
2013-10-15,20.89,21.01,20.96,20.24,7131506.0,59301740.0
2013-10-14,20.79,21.5,20.89,20.56,8666374.0,73607640.0
2013-10-11,20.86,21.48,20.76,20.46,12048832.0,102787272.0
2013-10-10,19.72,21.11,20.86,19.35,11987940.0,97315592.0
2013-10-09,19.77,19.85,19.57,19.3,4786438.0,37911252.0
2013-10-08,19.92,20.02,19.65,19.4,5571689.0,44260324.0
2013-09-30,19.25,20.14,19.92,18.91,8003184.0,63173188.0
2013-09-27,19.95,20.17,19.23,18.81,10376694.0,81761184.0
2013-09-26,21.63,22.27,19.92,19.77,16070356.0,137888320.0
2013-09-25,20.34,21.85,21.7,20.32,16660195.0,142757472.0
2013-09-24,20.61,21.01,20.32,20.27,12021385.0,99718376.0
2013-09-23,20.66,20.91,20.76,20.14,12124440.0,100365864.0
2013-09-18,19.48,21.21,20.71,18.93,11898437.0,96946992.0
2013-09-17,18.36,20.12,19.38,18.32,14518345.0,113244928.0
2013-09-16,17.8,18.54,18.29,17.8,3688585.0,27280928.0
2013-09-13,17.82,18.69,18.17,17.82,8560412.0,63445284.0
2013-09-12,17.99,18.17,17.82,17.75,5592420.0,40654980.0
2013-09-11,17.43,18.27,17.94,17.38,8108561.0,58845236.0
2013-09-10,17.33,17.82,17.43,17.25,8039772.0,57072992.0
2013-09-09,16.81,17.55,17.52,16.59,6177258.0,42672760.0
2013-09-06,17.08,17.25,16.88,16.51,3486650.0,23551102.0
2013-09-05,17.3,17.4,16.96,16.88,2285305.0,15777334.0
2013-09-04,17.4,17.45,17.25,17.15,1327132.0,9283241.0
2013-09-03,16.88,17.43,17.38,16.88,1500097.0,10493877.0
2013-09-02,16.81,17.15,17.1,16.76,2008883.0,13789706.0
2013-08-30,17.5,17.67,16.91,16.88,2642165.0,18474054.0
2013-08-29,17.1,17.84,17.65,16.98,4528914.0,31927688.0
2013-08-28,17.82,17.89,17.1,17.05,5908135.0,41360708.0
2013-08-27,17.97,18.27,17.99,17.89,2801182.0,20369226.0
2013-08-26,18.07,18.44,18.07,18.02,4367326.0,32203694.0
2013-08-23,17.99,18.17,18.04,17.52,4347226.0,31447838.0
2013-08-22,17.89,18.24,17.99,17.67,6230563.0,45291576.0
2013-08-21,16.95,17.92,17.87,16.93,6330442.0,45015816.0
2013-08-20,17.13,17.25,17.13,16.81,1864835.0,12855786.0
2013-08-19,16.78,17.23,17.13,16.41,2068619.0,14173482.0
2013-08-16,17.52,17.57,16.88,16.86,5052861.0,35113736.0
2013-08-15,17.0,17.72,17.52,17.0,5782669.0,40990140.0
2013-08-14,16.91,17.2,17.0,16.88,2189591.0,15118929.0
2013-08-13,17.08,17.23,17.03,16.78,3926718.0,26943466.0
2013-08-12,17.33,17.35,17.2,16.95,2790054.0,19362128.0
2013-08-09,17.13,17.43,17.2,16.63,4227508.0,29196444.0
2013-08-08,17.03,17.47,17.18,17.03,3832830.0,26784500.0
2013-08-07,17.52,17.6,17.03,16.88,5636142.0,39150596.0
2013-08-06,17.28,17.6,17.4,17.15,4229617.0,29834892.0
2013-08-05,16.76,17.48,17.38,16.56,6199988.0,42995352.0
2013-08-02,16.88,17.15,16.63,16.44,6261883.0,42254880.0
2013-08-01,16.76,17.35,17.0,16.51,7965723.0,54345932.0
2013-07-31,15.64,16.95,16.86,15.64,5440167.0,36007492.0
2013-07-30,15.77,16.21,15.79,15.42,2520239.0,16028188.0
2013-07-29,16.46,16.51,15.84,15.67,4762646.0,31061026.0
2013-07-26,16.02,16.59,16.46,15.82,5353075.0,35363752.0
2013-07-25,15.55,16.76,16.02,15.47,11078782.0,72836600.0
2013-07-24,15.25,15.7,15.7,15.03,8107359.0,50404280.0
2013-07-23,15.47,15.7,15.32,14.83,9424014.0,58008592.0
2013-07-22,13.91,15.3,15.3,13.74,6755255.0,39960564.0
2013-07-19,14.88,14.93,13.91,13.72,5237571.0,30352020.0
2013-07-18,14.63,15.08,14.88,14.58,5500619.0,33055678.0
2013-07-17,14.86,15.2,14.98,14.38,10428330.0,62358056.0
2013-07-16,13.45,14.76,14.76,13.35,11403185.0,66116284.0
2013-07-15,12.95,13.57,13.42,12.95,5222758.0,28146596.0
2013-07-12,13.05,13.27,12.93,12.88,5024496.0,26534596.0
2013-07-11,12.61,13.05,13.0,12.48,7014148.0,36270180.0
2013-07-10,12.38,12.61,12.58,12.28,4685533.0,23576196.0
2013-07-09,12.33,12.65,12.36,12.16,3730129.0,18707088.0
2013-07-08,13.22,13.22,12.36,12.36,3399140.0,17363114.0
2013-07-05,13.17,13.37,13.27,13.1,2940138.0,15801975.0
2013-07-04,13.07,13.4,13.2,12.88,3264701.0,17357568.0
2013-07-03,13.77,13.77,13.12,12.85,4440090.0,23690934.0
2013-07-02,13.79,13.87,13.77,13.54,3062655.0,16971096.0
2013-07-01,14.09,14.16,13.84,13.72,3270424.0,18340926.0
2013-06-28,13.79,15.03,14.06,13.54,3810808.0,21737270.0
2013-06-27,14.04,14.24,13.84,13.57,3768403.0,21293450.0
2013-06-26,14.43,14.48,14.01,13.79,3808340.0,21660290.0
2013-06-25,14.8,14.83,14.46,13.57,5865827.0,33464888.0
2013-06-24,16.49,16.61,15.08,14.98,2610808.0,16459069.0
2013-06-21,16.56,16.76,16.63,16.24,2342607.0,15670921.0
2013-06-20,16.96,17.23,16.93,16.68,3931524.0,27072262.0
2013-06-19,17.05,17.2,17.0,16.56,4640600.0,31751580.0
2013-06-18,16.95,17.28,17.15,16.83,3568917.0,24646486.0
2013-06-17,16.54,17.13,16.96,16.51,3505785.0,23965324.0
2013-06-14,16.49,16.76,16.56,16.34,1786716.0,11946675.0
2013-06-13,16.93,16.98,16.34,16.09,1943438.0,12821274.0
2013-06-07,16.91,17.43,17.03,16.66,2649705.0,18207684.0
2013-06-06,17.48,17.6,16.96,16.83,3098034.0,21516586.0
2013-06-05,16.81,17.4,17.33,16.73,3642534.0,25236018.0
2013-06-04,17.8,17.84,16.93,16.93,5665276.0,39661448.0
2013-06-03,18.66,18.66,17.82,17.6,7342670.0,53816404.0
2013-05-31,18.24,18.64,18.46,18.17,8857663.0,66032296.0
2013-05-30,18.14,18.41,18.24,18.02,6262267.0,46151032.0
2013-05-29,18.17,18.39,18.17,18.02,6481994.0,47723588.0
2013-05-28,18.04,18.51,18.17,17.84,8353272.0,61108408.0
2013-05-27,17.62,18.39,18.09,17.35,10935514.0,79435712.0
2013-05-24,17.7,17.82,17.62,17.5,3149908.0,22456746.0
2013-05-23,17.8,18.02,17.7,17.55,4762882.0,34209516.0
2013-05-22,17.77,17.94,17.84,17.45,9339052.0,67130944.0
2013-05-21,17.97,18.07,17.72,17.5,6125568.0,43820552.0
2013-05-20,17.97,18.17,17.94,17.8,5624130.0,40730924.0
2013-05-17,17.87,17.99,17.82,17.62,5499340.0,39552120.0
2013-05-16,17.77,18.12,17.87,17.67,5964766.0,43108164.0
2013-05-15,17.48,17.97,17.77,17.45,6207223.0,44652980.0
2013-05-14,17.8,17.84,17.55,17.43,3044129.0,21639692.0
2013-05-13,17.94,18.21,17.82,17.55,5622365.0,40682572.0
2013-05-10,17.33,18.04,17.97,17.15,12298944.0,88685992.0
2013-05-09,17.45,17.55,17.43,17.08,3445828.0,24103464.0
2013-05-08,17.5,17.62,17.3,17.06,6544231.0,45859904.0
2013-05-07,17.43,17.7,17.55,17.2,7351408.0,52274392.0
2013-05-06,17.13,17.6,17.33,16.96,6568848.0,46115864.0
2013-05-03,16.41,17.23,17.03,16.41,7869235.0,53831196.0
2013-05-02,16.96,17.11,16.49,16.32,3702191.0,24971350.0
2013-04-26,16.83,17.55,17.11,16.79,3772417.0,26217732.0
2013-04-25,16.91,17.23,17.13,16.76,5691181.0,39319492.0
2013-04-24,16.41,17.06,16.96,16.39,5971872.0,40794824.0
2013-04-23,16.88,16.98,16.49,16.29,2692565.0,18110942.0
2013-04-22,16.76,17.15,16.98,16.64,4735246.0,32429116.0
2013-04-19,16.71,17.11,16.96,16.59,7600702.0,52108312.0
2013-04-18,15.85,17.25,16.88,15.68,8384612.0,56399416.0
2013-04-17,15.77,16.14,15.85,15.63,1761840.0,11320420.0
2013-04-16,15.65,16.09,15.8,15.23,2249337.0,14205196.0
2013-04-15,16.51,16.54,16.0,15.8,2682546.0,17478450.0
2013-04-12,16.81,17.33,16.66,16.59,3413921.0,23423878.0
2013-04-11,16.86,17.08,16.88,16.66,2825372.0,19340906.0
2013-04-10,16.71,17.18,16.81,16.44,4170176.0,28392096.0
2013-04-09,16.64,16.88,16.61,16.56,2343635.0,15826055.0
2013-04-08,16.02,17.11,16.76,15.77,7068286.0,47452424.0
2013-04-03,15.8,16.56,16.24,15.5,6094312.0,39839948.0
2013-04-02,16.02,16.24,15.75,15.75,2705771.0,17523274.0
2013-04-01,15.77,16.22,16.05,15.77,3422238.0,22175474.0
2013-03-29,15.7,16.0,15.82,15.65,3908006.0,25171872.0
2013-03-28,15.97,16.12,15.77,15.36,6626311.0,41948336.0
2013-03-27,16.39,16.49,16.12,15.77,8711190.0,56897796.0
2013-03-26,17.67,17.67,16.51,16.02,8324606.0,56388496.0
2013-03-25,18.39,18.48,17.67,17.57,5295864.0,38389312.0
2013-03-22,18.86,18.86,18.46,18.26,4397972.0,32872606.0
2013-03-21,18.88,19.15,18.81,18.71,5210993.0,39893124.0
2013-03-20,18.73,18.95,18.9,18.51,6449607.0,49213060.0
2013-03-19,18.73,18.83,18.71,18.31,3582957.0,27048704.0
2013-03-18,18.48,19.08,18.63,18.44,4804859.0,36378828.0
2013-03-15,18.41,18.83,18.61,18.16,8805773.0,66433148.0
2013-03-14,18.12,18.41,18.31,17.97,3874303.0,28652768.0
2013-03-13,18.39,18.78,18.16,17.87,3025579.0,22234532.0
2013-03-12,19.0,19.18,18.56,17.92,4087995.0,30800454.0
2013-03-11,18.9,19.15,18.95,18.58,3303889.0,25306906.0
2013-03-08,18.98,19.0,18.81,18.66,2465180.0,18766206.0
2013-03-07,19.1,19.55,18.98,18.48,5608126.0,43091536.0
2013-03-06,18.51,19.2,19.13,18.51,8116991.0,62219136.0
2013-03-05,18.14,18.71,18.56,17.94,5506297.0,41018308.0
2013-03-04,18.41,18.68,18.16,17.75,3644408.0,26908390.0
2013-03-01,18.54,19.0,18.78,18.36,6443444.0,48956140.0
2013-02-28,17.77,18.66,18.54,17.62,9159456.0,67754616.0
2013-02-27,17.62,17.84,17.75,17.08,4376764.0,31127054.0
2013-02-26,17.8,17.92,17.6,17.4,2844142.0,20313646.0
2013-02-25,17.75,18.16,17.87,17.33,3800218.0,27568934.0
2013-02-22,18.02,18.21,17.75,17.57,4016472.0,28980996.0
2013-02-21,18.88,18.88,18.14,17.8,4177102.0,30883930.0
2013-02-20,18.78,19.1,18.9,18.73,3228298.0,24738946.0
2013-02-19,19.59,19.59,18.95,18.73,3553513.0,27431246.0
2013-02-18,19.55,20.19,19.37,19.23,7520421.0,59602312.0
2013-02-08,18.93,19.42,19.27,18.93,4818784.0,37567328.0
2013-02-07,18.76,19.32,19.1,18.73,3681733.0,28388440.0
2013-02-06,19.5,19.67,19.03,18.68,6677120.0,52047436.0
2013-02-05,19.74,19.74,19.5,19.3,4684954.0,37026084.0
2013-02-04,19.55,19.82,19.62,19.2,8704306.0,68819928.0
2013-02-01,18.95,19.96,19.35,18.86,8925131.0,70317136.0
2013-01-31,18.71,19.03,18.95,18.63,3885356.0,29795340.0
2013-01-30,19.2,19.2,18.93,18.58,4847404.0,37077584.0
2013-01-29,19.08,19.35,18.93,18.51,6927397.0,53320720.0
2013-01-28,19.05,19.3,19.13,18.21,8570806.0,65690192.0
2013-01-25,19.3,19.69,19.08,19.0,7349461.0,57425116.0
2013-01-24,19.1,19.5,19.23,18.68,7738091.0,59852036.0
2013-01-23,19.13,19.23,19.1,18.88,4466784.0,34491816.0
2013-01-22,19.4,19.4,19.1,18.78,5978249.0,46332716.0
2013-01-21,19.05,20.04,19.27,18.98,11789057.0,92635200.0
2013-01-18,18.71,19.08,18.9,18.36,6658646.0,50573944.0
2013-01-17,18.73,18.88,18.56,18.44,4192076.0,31708512.0
2013-01-16,18.73,19.3,18.81,18.34,7787687.0,59167876.0
2013-01-15,18.29,18.93,18.86,18.16,14203597.0,107260536.0
2013-01-14,17.75,18.48,18.44,17.57,11215607.0,82662464.0
2013-01-11,18.41,18.54,17.89,17.75,5807053.0,42823384.0
2013-01-10,18.31,18.58,18.41,17.92,7774860.0,57762540.0
2013-01-09,17.7,18.36,18.07,17.57,6458589.0,46863064.0
2013-01-08,17.4,18.09,17.97,17.08,7998974.0,57145228.0
2013-01-07,16.96,18.48,17.45,16.93,7099412.0,50355908.0
2013-01-04,17.18,17.35,17.25,16.32,11146685.0,77107456.0
2012-12-31,17.13,17.28,16.96,16.79,6149962.0,42419560.0
2012-12-28,17.08,17.33,17.13,16.81,7308072.0,50456456.0
2012-12-27,16.93,17.48,16.88,16.61,6754609.0,46256616.0
2012-12-26,16.44,17.15,16.81,16.41,7811947.0,53273256.0
2012-12-25,16.27,16.66,16.44,15.92,8066994.0,53533452.0
2012-12-24,16.51,16.73,16.39,16.07,8889036.0,59357560.0
2012-12-21,15.87,16.64,16.37,15.55,10366637.0,67798680.0
2012-12-20,15.85,16.19,15.87,15.5,9757698.0,62594636.0
2012-12-19,15.65,16.71,16.24,15.08,18286396.0,118106480.0
2012-12-18,16.02,16.02,15.5,15.26,20114184.0,127828584.0
2012-12-17,14.29,14.69,14.57,14.17,5950170.0,34889448.0
2012-12-14,13.75,14.37,14.25,13.75,5965370.0,34322784.0
2012-12-13,14.27,14.27,13.83,13.75,3327795.0,18880218.0
2012-12-12,14.07,14.52,14.29,13.8,5972516.0,34212112.0
2012-12-11,14.07,14.66,14.1,13.83,7068522.0,41056180.0
2012-12-10,13.78,14.17,14.07,13.68,5553650.0,31531056.0
2012-12-07,13.23,14.25,13.8,13.06,7345820.0,40734856.0
2012-12-06,13.26,13.38,13.14,13.09,3438891.0,18426584.0
2012-12-05,12.64,13.38,13.26,12.62,6673653.0,35502056.0
2012-12-04,13.23,13.29,12.79,12.08,5221185.0,26690842.0
2012-12-03,13.8,13.93,13.26,13.19,2082614.0,11530646.0
2012-11-30,13.7,13.97,13.8,13.63,1457327.0,8160478.0
2012-11-29,14.05,14.15,13.73,13.68,2953341.0,16715986.0
2012-11-28,13.78,14.1,14.07,13.56,4058060.0,22844296.0
2012-11-27,14.94,14.98,13.78,13.73,4652424.0,26809522.0
2012-11-26,15.21,15.23,14.94,14.79,2480757.0,15073032.0
2012-11-23,15.13,15.28,15.13,15.04,3403115.0,20932328.0
2012-11-22,15.21,15.23,15.13,14.81,5211951.0,31818170.0
2012-11-21,15.77,15.77,15.48,14.76,11191421.0,68754024.0
2012-11-20,17.67,17.84,15.9,15.87,8535630.0,56676076.0
2012-11-19,17.77,18.04,17.65,17.5,1493825.0,10720174.0
2012-11-16,17.99,18.31,17.89,17.43,1967685.0,14361933.0
2012-11-15,19.03,19.13,17.99,17.92,1446149.0,10842152.0
2012-11-14,18.98,19.3,19.0,18.81,1043045.0,8030411.0
2012-11-13,19.59,19.59,19.2,18.78,1358848.0,10524790.0
2012-11-12,18.93,19.72,19.35,18.88,1440081.0,11252973.0
2012-11-09,18.88,19.15,18.93,18.73,892400.0,6872884.0
2012-11-08,19.27,19.27,18.88,18.78,1497190.0,11533734.0
2012-11-07,19.3,19.4,19.05,19.03,1880693.0,14668232.0
2012-11-06,19.86,19.86,19.25,18.98,2662606.0,20897892.0
2012-11-05,19.69,20.06,19.86,19.59,3177015.0,25514688.0
2012-11-02,19.52,19.77,19.67,19.32,1883348.0,14939470.0
2012-11-01,19.0,19.59,19.47,19.0,1980574.0,15563114.0
2012-10-31,18.98,19.35,19.08,18.98,1315710.0,10234775.0
2012-10-30,19.23,19.23,19.1,18.86,904706.0,6999081.0
2012-10-29,19.0,19.27,18.93,18.78,1195628.0,9221519.0
2012-10-26,19.22,19.32,19.18,18.86,1629953.0,12651072.0
2012-10-25,19.5,19.62,19.27,19.27,1836439.0,14499319.0
2012-10-24,19.74,19.91,19.55,19.4,2153685.0,17181354.0
2012-10-23,19.99,20.09,19.79,19.72,1755113.0,14107629.0
2012-10-22,19.62,19.96,19.96,19.42,3179437.0,25564028.0
2012-10-19,19.69,20.11,19.59,19.5,3573098.0,28653566.0
2012-10-18,19.18,19.55,19.45,19.08,2177885.0,17158946.0
2012-10-17,19.47,19.57,19.18,18.95,2360789.0,18408778.0
2012-10-16,19.52,19.91,19.45,19.42,2579000.0,20624036.0
2012-10-15,19.62,19.74,19.62,19.37,1426200.0,11315535.0
2012-10-12,19.67,19.96,19.52,19.23,2558698.0,20329300.0
2012-10-11,19.67,20.04,19.74,19.5,3443501.0,27643926.0
2012-10-10,19.57,19.84,19.72,19.4,2294350.0,18280210.0
2012-10-09,18.93,19.79,19.57,18.93,2740631.0,21565786.0
2012-10-08,19.03,19.25,19.0,18.83,1090748.0,8403690.0
2012-09-28,18.93,19.13,18.95,18.83,2116287.0,16272297.0
2012-09-27,18.48,19.13,18.95,18.48,2173899.0,16709183.0
2012-09-26,18.81,19.2,18.78,18.48,1773455.0,13503446.0
2012-09-25,18.76,18.95,18.61,18.61,1223618.0,9315942.0
2012-09-24,18.68,18.95,18.78,18.44,1150631.0,8757407.0
2012-09-21,18.76,19.1,18.68,18.53,1437300.0,11003633.0
2012-09-20,19.22,19.42,18.93,18.8,1770462.0,13734850.0
2012-09-19,19.25,19.35,19.23,19.1,1275187.0,9947703.0
2012-09-18,19.42,19.42,19.15,19.03,1171066.0,9136738.0
2012-09-17,19.89,19.99,19.32,18.9,4570339.0,35932264.0
2012-09-14,20.36,20.95,20.04,19.86,4929021.0,40627324.0
2012-09-13,19.86,21.05,20.33,19.52,8511621.0,70680520.0
2012-09-12,20.06,20.21,19.79,19.59,3154644.0,25402796.0
2012-09-11,20.11,20.28,20.01,19.74,3227204.0,26284442.0
2012-09-10,19.84,20.16,20.11,19.47,4838574.0,38975840.0
2012-09-07,19.42,20.33,19.84,19.27,5078824.0,40707844.0
2012-09-06,18.81,19.23,19.23,18.81,1642547.0,12719855.0
2012-09-05,18.73,18.93,18.78,18.51,1425985.0,10825044.0
2012-09-04,19.23,19.4,18.78,18.71,1683146.0,12994708.0
2012-09-03,19.1,19.35,19.23,18.93,1645837.0,12815435.0
2012-08-31,19.03,19.42,19.0,18.9,1220712.0,9438606.0
2012-08-30,18.88,19.32,19.1,18.71,2527313.0,19509946.0
2012-08-29,18.31,19.1,18.88,18.31,2374227.0,18111772.0
2012-08-28,18.21,18.61,18.29,17.94,1681615.0,12461203.0
2012-08-27,18.63,18.76,18.29,18.26,1427548.0,10731879.0
2012-08-24,19.0,19.03,18.66,18.66,1553484.0,11838931.0
2012-08-23,18.9,19.22,19.13,18.73,1984148.0,15285326.0
2012-08-22,19.47,19.47,19.1,19.03,1409755.0,10983764.0
2012-08-21,19.18,19.45,19.42,18.93,2259279.0,17685102.0
2012-08-20,19.0,19.23,19.13,18.76,1624670.0,12454872.0
2012-08-17,19.13,19.37,19.15,18.73,1915881.0,14756964.0
2012-08-16,19.35,19.74,19.23,19.23,1962768.0,15478192.0
2012-08-15,19.91,20.14,19.55,19.5,3102411.0,24788932.0
2012-08-14,20.09,20.09,20.01,19.55,4724051.0,38049956.0
2012-08-13,19.15,20.04,20.04,19.15,6955132.0,55767180.0
2012-08-10,19.77,19.84,19.13,18.98,3662376.0,28689500.0
2012-08-09,19.77,19.82,19.77,19.5,2465310.0,19684726.0
2012-08-08,19.74,20.16,19.82,19.52,2894043.0,23240104.0
2012-08-07,19.67,19.86,19.77,19.35,3690663.0,29418162.0
2012-08-06,18.68,19.55,19.37,18.58,3521916.0,27432504.0
2012-08-03,18.39,18.68,18.68,18.39,1202674.0,9041992.0
2012-08-02,18.61,18.76,18.39,18.34,1386454.0,10406357.0
2012-08-01,18.48,18.81,18.58,18.29,1452203.0,10984839.0
2012-07-31,18.21,18.68,18.41,18.04,1873285.0,14037988.0
2012-07-30,18.76,18.88,18.21,17.75,2997179.0,22328026.0
2012-07-27,19.35,19.55,18.71,18.29,5258398.0,40307524.0
2012-07-26,19.82,20.16,19.25,19.23,3673792.0,29353770.0
2012-07-25,20.48,20.48,19.86,19.82,4504899.0,36706376.0
2012-07-24,20.51,20.8,20.46,20.31,3920096.0,32694828.0
2012-07-23,20.21,20.7,20.68,19.79,5509424.0,45553108.0
2012-07-20,20.16,20.51,20.11,19.91,6138941.0,50378744.0
2012-07-19,19.82,20.78,20.48,19.79,9642540.0,79855824.0
2012-07-18,19.64,19.94,19.94,19.3,3950196.0,31581516.0
2012-07-17,19.13,19.86,19.64,19.13,3866037.0,30792060.0
2012-07-16,19.72,20.16,19.3,19.1,6081688.0,48851668.0
2012-07-13,19.47,20.04,19.84,19.37,7535973.0,60527448.0
2012-07-12,19.08,19.52,19.5,18.98,3746308.0,29446290.0
2012-07-11,18.66,19.13,19.08,18.66,1833269.0,14132336.0
2012-07-10,19.1,19.27,18.88,18.86,3401517.0,26237888.0
2012-07-09,19.15,19.84,19.32,19.13,3804213.0,30131052.0
2012-07-06,19.25,19.55,19.47,18.66,3920202.0,30419382.0
2012-07-05,19.96,19.96,19.2,19.2,4133767.0,32557634.0
2012-07-04,18.9,19.62,19.62,18.68,5962364.0,46507964.0
2012-07-03,19.2,19.84,19.18,18.83,6712205.0,52827988.0
2012-07-02,18.76,19.1,19.0,18.41,3669396.0,28019228.0
2012-06-29,18.11,18.56,18.48,17.45,3779996.0,27548558.0
2012-06-28,18.66,19.0,18.04,17.99,3035679.0,22696776.0
2012-06-27,18.09,18.86,18.71,17.87,4468763.0,33651360.0
2012-06-26,17.8,18.14,18.02,17.3,4484941.0,32202056.0
2012-06-25,19.47,19.47,18.09,18.09,4030474.0,30428938.0
2012-06-21,19.69,19.79,19.52,19.13,5219429.0,41150052.0
2012-06-20,19.52,20.33,19.69,19.5,7705668.0,62276548.0
2012-06-19,19.25,19.52,19.37,18.98,4629520.0,36182828.0
2012-06-18,18.68,19.27,19.27,18.68,5470953.0,42289884.0
2012-06-15,18.68,18.81,18.51,18.19,2849845.0,21333550.0
2012-06-14,18.48,18.93,18.56,18.44,3704728.0,28038340.0
2012-06-13,18.29,18.86,18.63,18.19,4401019.0,33225586.0
2012-06-12,18.88,18.98,18.29,18.24,6810338.0,51037704.0
2012-06-11,18.9,19.18,19.05,18.14,5062204.0,38487856.0
2012-06-08,20.21,20.36,19.08,18.98,6253626.0,49808852.0
2012-06-07,19.84,20.16,19.84,19.57,6324023.0,51027824.0
2012-06-06,20.04,20.38,19.64,19.35,7355573.0,59201420.0
2012-06-05,20.51,21.15,20.01,19.79,9283438.0,76784792.0
2012-06-04,20.85,21.74,20.51,20.46,14683680.0,126113800.0
2012-06-01,20.28,21.57,21.25,20.23,15275870.0,131088216.0
2012-05-31,20.19,20.88,20.41,19.91,10104843.0,83757336.0
2012-05-30,19.47,20.95,20.31,19.37,17316828.0,143351024.0
2012-05-29,19.62,19.91,19.64,19.3,7334864.0,58508548.0
2012-05-28,19.47,20.09,19.77,18.53,10203384.0,80519824.0
2012-05-25,19.42,20.09,19.67,19.25,7566973.0,60488832.0
2012-05-24,19.62,19.91,19.35,19.3,8218605.0,65278320.0
2012-05-23,19.08,20.46,19.84,18.98,16979084.0,136324496.0
2012-05-22,18.53,19.35,19.18,18.51,7948929.0,61036328.0
2012-05-21,18.31,19.23,18.58,18.14,6420674.0,48734932.0
2012-05-18,18.56,19.32,18.39,18.31,8016713.0,61066968.0
2012-05-17,19.55,19.55,18.81,18.48,8766335.0,67354104.0
2012-05-16,19.18,19.42,18.95,18.76,7621147.0,59052228.0
2012-05-15,18.71,19.62,19.47,18.36,14339648.0,111944976.0
2012-05-14,18.83,19.45,19.05,18.31,16060269.0,123589968.0
2012-05-11,19.18,19.3,18.68,18.56,14704904.0,112288360.0
2012-05-10,19.79,19.89,19.42,19.18,18782000.0,148438192.0
2012-05-09,18.86,20.53,19.84,18.56,30739868.0,245204448.0
2012-05-08,18.98,19.47,18.73,18.36,26432192.0,200555360.0
2012-05-07,16.22,17.94,17.94,16.19,19445632.0,137859904.0
2012-05-04,16.19,16.39,16.32,16.17,2659931.0,17575060.0
2012-05-03,16.29,16.46,16.22,16.12,3101178.0,20453534.0
2012-05-02,16.27,16.56,16.39,16.14,3764139.0,24985864.0
2012-04-27,16.71,16.76,16.07,16.02,3791007.0,25083708.0
2012-04-26,16.64,16.73,16.69,16.19,4493201.0,29920076.0
2012-04-25,16.76,16.76,16.46,16.27,5321189.0,35636008.0
2012-04-24,16.69,17.06,16.66,15.8,8760955.0,58804528.0
2012-04-23,16.39,16.93,16.76,16.17,7610713.0,51104260.0
2012-04-20,16.46,16.64,16.51,16.05,5292683.0,35288764.0
2012-04-19,16.07,16.86,16.39,15.97,10379861.0,69282304.0
2012-04-18,15.53,16.24,16.07,15.36,7902926.0,50883460.0
2012-04-17,15.92,16.12,15.46,15.31,4368674.0,27936822.0
2012-04-16,15.58,16.05,15.92,15.48,5464924.0,35439672.0
2012-04-13,15.65,16.02,15.73,15.36,7579292.0,48643868.0
2012-04-12,15.04,15.9,15.68,14.97,7648687.0,48290852.0
2012-04-11,14.9,15.34,15.09,14.72,4473125.0,27619742.0
2012-04-10,14.65,15.07,15.07,14.65,4640032.0,28235694.0
2012-04-09,14.92,14.95,14.63,14.5,3414032.0,20602762.0
2012-04-06,14.87,15.14,14.95,14.77,3964131.0,24234476.0
2012-04-05,14.41,15.04,14.87,14.41,4964792.0,30131536.0
2012-03-30,15.14,15.29,14.41,14.31,6879828.0,41234540.0
2012-03-29,15.58,15.87,15.24,15.24,10981950.0,69192744.0
2012-03-27,17.59,17.59,16.93,16.83,15853116.0,111245368.0
2012-03-26,16.09,17.76,17.61,16.05,21018236.0,146357088.0
2012-03-23,16.17,16.88,16.49,16.02,18996544.0,128721760.0
2012-03-22,15.87,16.12,16.02,15.58,6669570.0,43361496.0
2012-03-21,16.24,16.27,15.92,15.51,4716734.0,30540512.0
2012-03-20,15.8,16.0,15.82,15.29,5802673.0,37023504.0
2012-03-19,15.41,16.14,15.82,15.29,5057629.0,32464912.0
2012-03-16,15.38,15.56,15.56,15.04,4926533.0,30935416.0
2012-03-15,15.65,15.8,15.16,15.04,6184885.0,38749376.0
2012-03-14,16.78,16.9,15.73,15.56,9307892.0,62027100.0
2012-03-13,16.34,16.85,16.73,16.29,8023225.0,54405456.0
2012-03-12,16.34,16.46,16.36,16.17,4415838.0,29427938.0
2012-03-09,16.36,16.41,16.34,16.07,7055277.0,46817308.0
2012-03-08,16.09,16.51,16.24,16.02,7396805.0,49106440.0
2012-03-07,15.78,16.17,16.07,15.61,6098927.0,39672508.0
2012-03-06,16.34,16.39,16.02,15.78,6109108.0,39922028.0
2012-03-05,16.27,16.58,16.39,16.12,6220909.0,41540412.0
2012-03-02,16.07,16.31,16.29,16.05,4546948.0,30109382.0
2012-03-01,15.87,16.36,16.07,15.68,5331145.0,34958108.0
2012-02-29,16.83,16.83,15.97,15.92,8428646.0,56156264.0
2012-02-28,16.49,17.29,16.88,16.14,16041507.0,110181816.0
2012-02-27,16.02,16.78,16.51,16.02,10716734.0,71486760.0
2012-02-24,15.9,16.09,16.0,15.78,5660637.0,36923252.0
2012-02-23,16.07,16.29,15.97,15.82,7795525.0,51097076.0
2012-02-22,15.46,16.31,16.22,15.38,11599543.0,75441064.0
2012-02-21,15.41,15.58,15.53,15.02,4194102.0,26174558.0
2012-02-20,15.48,15.65,15.41,15.29,4970216.0,31385628.0
2012-02-17,15.48,15.58,15.21,15.16,4653373.0,29203982.0
2012-02-16,15.65,15.85,15.43,15.21,6001397.0,38107148.0
2012-02-15,15.58,15.78,15.7,15.36,7324789.0,46709504.0
2012-02-14,15.04,15.85,15.61,14.99,9845573.0,62586684.0
2012-02-13,15.04,15.36,15.12,14.85,6125647.0,37820204.0
2012-02-10,14.6,15.24,15.14,14.48,8560764.0,52023856.0
2012-02-09,14.43,14.8,14.65,14.41,7747981.0,46349864.0
2012-02-08,13.87,14.95,14.68,13.84,10982391.0,65116084.0
2012-02-07,14.16,14.16,13.7,13.53,3967296.0,22388030.0
2012-02-06,14.02,14.36,14.21,13.92,4650109.0,26841582.0
2012-02-03,13.75,14.36,14.09,13.62,4988252.0,28668870.0
2012-02-02,13.31,13.82,13.75,13.28,2860460.0,15824706.0
2012-02-01,13.48,13.65,13.28,13.26,1875956.0,10295929.0
2012-01-31,13.57,13.75,13.53,13.36,1437991.0,7933321.0
2012-01-30,13.72,13.87,13.6,13.57,1799845.0,10075733.0
2012-01-20,13.43,13.7,13.67,13.4,2247909.0,12475859.0
2012-01-19,13.18,13.6,13.4,13.18,2075372.0,11381202.0
2012-01-18,13.67,13.75,13.26,13.23,4275115.0,23698154.0
2012-01-17,12.74,13.6,13.57,12.74,3833920.0,20776220.0
2012-01-16,13.33,13.33,12.77,12.77,3264808.0,17330886.0
2012-01-13,14.14,14.26,13.43,13.38,4331464.0,24310464.0
2012-01-12,14.19,14.43,14.14,14.06,3190808.0,18573882.0
2012-01-11,14.23,14.55,14.33,14.16,5172260.0,30340154.0
2012-01-10,13.79,14.36,14.33,13.65,5862756.0,33892000.0
2012-01-09,13.21,13.82,13.79,12.94,3679196.0,20398948.0
2012-01-06,12.72,13.28,13.26,12.69,2528020.0,13413374.0
2012-01-05,13.36,13.45,12.87,12.77,2080200.0,11104190.0
2012-01-04,13.89,14.14,13.36,13.33,3000467.0,16900648.0
