date,open,high,close,low,volume,amount
2015-07-07,32.98,34.31,31.12,31.12,23622126.0,284177344.0
2015-07-06,37.64,37.64,34.58,30.83,42960268.0,552227136.0
2015-07-03,36.26,39.66,34.21,33.62,28595028.0,381048032.0
2015-07-02,41.63,42.72,37.34,37.34,27601956.0,408603968.0
2015-07-01,45.43,46.18,41.49,41.15,22967020.0,384846240.0
2015-06-30,40.43,45.64,45.59,38.38,23234242.0,368685984.0
2015-06-29,46.95,46.95,41.49,41.23,20234014.0,330313344.0
2015-06-26,49.63,49.63,45.8,45.8,17651328.0,315373344.0
2015-06-25,54.48,55.27,50.88,50.27,17871396.0,356161152.0
2015-06-24,53.2,55.38,55.06,51.68,24799264.0,499944320.0
2015-06-23,52.48,54.26,52.35,49.16,19697396.0,384899712.0
2015-06-19,57.85,59.26,54.48,54.48,19904768.0,417899648.0
2015-06-18,63.84,67.24,60.51,60.51,29589166.0,701785152.0
2015-06-10,63.83,68.47,67.22,63.83,25114812.0,737574016.0
2015-06-09,65.53,65.53,64.17,62.6,15803680.0,445698144.0
2015-06-08,63.38,67.67,65.48,62.27,23658532.0,683261376.0
2015-06-05,63.83,65.19,63.15,60.61,23318262.0,650287872.0
2015-06-04,64.71,66.66,62.47,58.67,21660468.0,598062976.0
2015-06-03,67.81,68.51,65.19,63.6,20869522.0,608706112.0
2015-06-02,61.02,65.82,65.82,60.12,22037176.0,612389504.0
2015-06-01,56.97,60.09,59.84,56.81,14933475.0,387852608.0
2015-05-29,56.77,58.15,56.97,54.09,14981798.0,373124416.0
2015-05-28,62.97,62.97,56.7,56.67,21364716.0,568157888.0
2015-05-27,63.78,64.01,62.97,61.18,16989376.0,469203296.0
2015-05-26,62.15,63.69,63.08,60.79,20334472.0,562407168.0
2015-05-25,58.37,62.15,61.93,57.26,21839444.0,580924224.0
2015-05-22,59.19,59.98,58.3,56.81,18479406.0,473663232.0
2015-05-21,56.59,58.92,58.78,56.18,23146994.0,590752256.0
2015-05-20,53.78,57.42,56.31,53.55,23430996.0,573581120.0
2015-05-19,50.77,53.87,53.71,50.72,16460348.0,381579328.0
2015-05-18,51.76,51.76,51.33,50.7,10738634.0,243076976.0
2015-05-15,54.43,54.43,52.24,51.85,11855630.0,276697056.0
2015-05-14,53.6,55.59,54.77,53.23,13250327.0,319171488.0
2015-05-13,54.09,54.71,53.87,52.85,10444114.0,248271472.0
2015-05-12,52.96,54.09,54.09,52.74,12060568.0,283311360.0
2015-05-11,51.11,53.12,52.96,50.7,10526086.0,241766016.0
2015-05-08,51.04,51.27,50.97,49.5,8182600.0,182715728.0
2015-05-07,51.15,51.67,49.86,49.45,6066786.0,134347744.0
2015-05-06,52.87,53.62,51.09,50.88,9535912.0,221588224.0
2015-05-05,55.18,55.81,52.92,52.53,13149545.0,311205440.0
2015-05-04,55.0,57.13,55.95,55.0,11817830.0,293016992.0
2015-04-30,58.87,58.94,56.0,55.95,27772540.0,705017984.0
2015-04-29,54.66,57.9,57.9,53.89,37103076.0,942549248.0
2015-04-28,53.03,53.19,52.62,49.68,15868775.0,359524960.0
2015-04-27,53.66,54.77,53.08,52.28,16401989.0,387599584.0
2015-04-24,53.42,53.87,52.85,52.06,15545159.0,363559584.0
2015-04-23,51.83,53.14,52.17,51.49,12432675.0,287038272.0
2015-04-22,51.83,52.67,52.17,51.33,14420799.0,331685696.0
2015-04-21,49.12,51.15,51.02,48.73,13386280.0,297973024.0
2015-04-20,49.12,49.7,48.05,47.55,9029143.0,193286944.0
2015-04-17,49.79,50.5,49.93,49.3,9850963.0,216739264.0
2015-04-16,48.66,50.7,49.86,48.44,6229784.0,137627520.0
2015-04-15,51.33,51.33,49.05,47.94,8226929.0,180591024.0
2015-04-14,52.4,52.92,51.67,51.13,8192259.0,187588400.0
2015-04-13,52.01,53.78,52.74,51.4,11683859.0,270815424.0
2015-04-10,50.9,52.71,51.99,50.07,9857353.0,225826272.0
2015-04-09,52.96,53.01,50.7,49.77,12354349.0,277509024.0
2015-04-08,54.23,56.06,53.23,52.42,13657825.0,325997792.0
2015-04-07,54.05,54.68,53.85,52.83,13443412.0,318773568.0
2015-04-03,52.6,56.36,54.66,52.38,25032234.0,601243776.0
2015-04-02,49.34,52.38,52.38,48.35,14690060.0,325765440.0
2015-04-01,46.67,47.85,47.62,46.51,12573324.0,263227360.0
2015-03-31,46.4,46.92,46.67,46.1,11881716.0,244342352.0
2015-03-30,46.67,47.53,46.51,46.04,15247772.0,314344992.0
2015-03-27,51.04,51.04,46.4,45.72,27579132.0,579401536.0
2015-03-26,47.76,47.76,47.76,47.76,1593216.0,33616856.0
2015-03-25,43.41,43.41,43.41,43.41,245693.0,4712392.0
2015-01-09,39.47,40.67,39.47,39.38,7791038.0,138359136.0
2015-01-08,39.11,39.95,39.59,38.86,6191671.0,108255848.0
2015-01-07,39.36,40.45,39.16,38.98,8173258.0,143280656.0
2015-01-06,37.66,39.31,39.11,37.44,7474822.0,127857776.0
2015-01-05,37.21,38.12,37.93,36.69,4663597.0,77385624.0
2014-12-31,36.78,37.46,36.98,36.62,2403010.0,39280956.0
2014-12-30,37.64,37.73,36.46,36.37,2994642.0,48887144.0
2014-12-29,36.87,37.93,37.69,36.37,5531079.0,90968752.0
2014-12-26,37.03,37.53,37.01,36.69,4346349.0,71426712.0
2014-12-25,36.12,37.03,36.85,35.83,4016562.0,64662880.0
2014-12-24,35.99,36.55,36.03,35.26,4732009.0,74658520.0
2014-12-23,35.53,36.44,35.67,35.31,3158900.0,50218164.0
2014-12-22,37.37,37.41,35.53,34.99,6404222.0,101225128.0
2014-12-19,38.68,38.98,37.41,37.16,4857351.0,81120784.0
2014-12-18,39.38,39.38,38.64,38.61,4259582.0,73164816.0
2014-12-17,38.45,39.36,39.34,38.43,7088750.0,121913624.0
2014-12-16,38.84,38.88,38.27,38.09,3708732.0,62900084.0
2014-12-15,38.21,38.79,38.75,37.78,4051863.0,68824592.0
2014-12-12,38.07,38.59,38.3,38.05,4404338.0,74472864.0
2014-12-11,37.3,38.12,38.09,37.3,5478781.0,91455848.0
2014-12-10,36.49,37.44,37.3,36.21,4616340.0,75133160.0
2014-12-09,37.84,38.0,36.24,36.21,9072709.0,149327440.0
2014-12-08,38.05,38.91,38.05,37.8,6931555.0,117305000.0
2014-12-05,39.77,39.81,38.39,37.91,7299976.0,124504224.0
2014-12-04,39.41,40.22,39.77,39.36,7562946.0,133124832.0
2014-12-03,38.55,39.31,39.29,37.89,7053047.0,120229680.0
2014-12-02,38.25,38.64,38.55,38.07,5296556.0,89924560.0
2014-12-01,39.31,39.31,38.14,37.84,8080287.0,137257024.0
2014-11-28,40.42,40.7,39.34,39.11,6399204.0,112224560.0
2014-11-27,40.36,41.13,40.38,40.04,5891046.0,105478392.0
2014-11-26,40.49,40.74,40.24,39.99,4626046.0,82452968.0
2014-11-25,40.06,40.92,40.6,39.84,5038338.0,90339128.0
2014-11-24,39.61,40.15,39.99,39.25,5984305.0,105297024.0
2014-11-21,39.07,39.43,39.2,38.95,4095221.0,70878296.0
2014-11-20,39.04,39.47,39.07,38.84,3637329.0,62910544.0
2014-11-19,39.22,39.34,39.04,38.5,3304178.0,56745888.0
2014-11-18,39.11,39.68,39.16,38.93,3048377.0,52855556.0
2014-11-17,38.84,39.59,39.2,38.73,3641499.0,63185828.0
2014-11-14,38.93,39.36,38.7,38.34,4337966.0,74451264.0
2014-11-13,40.58,40.58,38.93,38.7,7868494.0,136394144.0
2014-11-12,40.31,40.74,40.65,40.04,5363015.0,95842256.0
2014-11-11,42.57,42.73,40.11,39.95,10247452.0,186189776.0
2014-11-10,42.55,43.86,42.78,42.23,8428023.0,160039120.0
2014-11-07,41.69,44.27,42.73,41.56,16934292.0,322699296.0
2014-11-06,40.85,42.28,42.21,40.15,9962452.0,181958672.0
2014-11-05,40.76,41.19,40.85,40.02,6033530.0,108522728.0
2014-11-04,40.29,41.08,40.76,39.9,6306605.0,113313680.0
2014-11-03,41.03,41.26,40.49,40.4,6533338.0,117296568.0
2014-10-31,40.47,41.08,41.03,39.84,8554263.0,152893168.0
2014-10-30,42.12,42.14,40.65,40.58,13257384.0,241899920.0
2014-10-29,41.83,42.48,42.46,41.22,12940482.0,238650160.0
2014-10-28,40.63,42.73,41.74,40.33,14141010.0,262170496.0
2014-10-27,40.29,41.03,40.74,39.68,12806964.0,228453200.0
2014-10-24,43.0,43.0,41.13,40.47,29018352.0,535773248.0
2014-10-23,41.4,41.4,41.4,40.74,14622103.0,267123712.0
2014-10-22,37.71,38.07,37.64,37.26,4217384.0,69986400.0
2014-10-21,38.48,38.48,37.8,37.5,6212743.0,103982688.0
2014-10-20,38.14,38.61,38.52,38.14,4569665.0,77411824.0
2014-10-17,38.91,40.27,38.48,37.96,14258733.0,244896944.0
2014-10-16,39.88,40.36,39.52,38.88,19459004.0,340731232.0
2014-10-15,38.25,40.4,39.54,37.96,19377600.0,335465408.0
2014-10-14,38.16,38.32,37.57,37.01,9293287.0,154612688.0
2014-10-13,36.67,38.32,38.18,36.51,16780240.0,278846816.0
2014-10-10,36.89,37.28,36.67,36.46,5264241.0,85709184.0
2014-10-09,37.12,37.53,37.03,36.51,7455658.0,121922384.0
2014-10-08,36.4,37.3,37.1,36.26,5605067.0,91321280.0
2014-09-30,36.3,36.33,36.17,36.03,3714550.0,59394452.0
2014-09-29,35.94,36.3,36.17,35.78,4794256.0,76485656.0
2014-09-26,35.42,35.94,35.78,35.38,3499083.0,55131644.0
2014-09-25,35.99,36.06,35.58,35.45,4115492.0,65096048.0
2014-09-24,35.22,35.81,35.81,35.2,4254632.0,66853260.0
2014-09-23,35.13,35.47,35.15,35.06,4107500.0,63944676.0
2014-09-22,35.76,35.76,35.04,34.9,4458444.0,69356816.0
2014-09-19,36.44,36.44,35.78,35.49,5703666.0,90174280.0
2014-09-18,35.83,36.15,36.12,35.53,2432351.0,38612452.0
2014-09-17,35.99,36.12,35.83,35.35,3791921.0,59825836.0
2014-09-16,37.96,37.98,36.12,36.1,7505686.0,122591264.0
2014-09-15,37.84,38.39,37.84,37.69,6747327.0,113148184.0
2014-09-12,36.78,37.82,37.82,36.78,7663182.0,126919696.0
2014-09-11,36.62,37.3,36.62,36.53,4545318.0,73977592.0
2014-09-10,36.8,37.01,36.62,36.42,4206321.0,68036696.0
2014-09-09,37.35,37.55,36.98,36.67,3826974.0,62609772.0
2014-09-05,36.98,37.44,37.1,36.71,5233128.0,85733384.0
2014-09-04,36.96,37.23,37.01,36.62,3431194.0,56038224.0
2014-09-03,36.73,36.98,36.96,36.35,4674418.0,75927016.0
2014-09-02,37.1,37.28,36.71,36.51,5993013.0,97445368.0
2014-09-01,35.65,36.67,36.64,35.49,3853545.0,61581984.0
2014-08-29,35.08,35.83,35.69,34.95,1662861.0,25972860.0
2014-08-28,35.45,35.47,34.99,34.81,2265722.0,35181816.0
2014-08-27,34.9,35.56,35.29,34.77,3013932.0,46780696.0
2014-08-26,35.78,36.06,35.04,34.95,2970743.0,46535504.0
2014-08-25,35.9,36.1,35.81,35.49,1985363.0,31404420.0
2014-08-22,36.08,36.44,35.85,35.56,3233848.0,51364104.0
2014-08-21,36.78,36.78,36.26,35.81,5387590.0,85901008.0
2014-08-20,36.73,37.01,36.76,36.6,2410459.0,39208172.0
2014-08-19,37.14,37.14,36.73,36.46,3052602.0,49562420.0
2014-08-18,37.28,37.53,37.14,36.78,3676081.0,60188084.0
2014-08-15,36.44,36.94,36.8,36.28,1758867.0,28486278.0
2014-08-14,36.69,36.98,36.44,36.44,2779781.0,45037236.0
2014-08-13,37.75,37.75,36.96,36.58,5512415.0,90220352.0
2014-08-12,37.03,38.39,37.78,36.85,6371838.0,106320920.0
2014-08-11,36.8,36.94,36.92,36.49,3974437.0,64449844.0
2014-08-08,36.64,36.94,36.67,36.03,2875900.0,46447104.0
2014-08-07,36.94,37.53,36.44,36.35,3843931.0,62648528.0
2014-08-06,37.46,37.53,37.05,36.89,4179737.0,68605896.0
2014-08-05,37.03,38.09,37.73,36.69,6135185.0,101760424.0
2014-08-04,36.85,37.23,37.01,36.55,4485001.0,73137552.0
2014-08-01,37.1,37.71,36.87,36.71,8437397.0,138801008.0
2014-07-31,34.63,37.84,37.23,34.45,11554502.0,184205392.0
2014-07-30,35.53,35.88,34.74,34.67,6266660.0,97111808.0
2014-07-29,35.74,36.17,35.72,35.49,5499664.0,86967544.0
2014-07-28,35.26,36.33,35.76,34.88,7450212.0,116887096.0
2014-07-25,35.31,35.78,35.29,35.02,3363051.0,52512312.0
2014-07-24,35.53,35.63,35.51,34.81,4316785.0,67219672.0
2014-07-23,35.49,36.42,35.4,34.86,6955703.0,109392744.0
2014-07-22,34.74,35.63,35.45,34.34,5796769.0,89793664.0
2014-07-21,34.95,35.83,34.9,34.74,4825611.0,75105880.0
2014-07-18,35.2,35.67,34.88,34.67,4760626.0,73786776.0
2014-07-17,35.76,36.44,35.69,34.92,8283247.0,130372064.0
2014-07-16,34.18,36.49,35.53,34.18,14515762.0,227782992.0
2014-07-15,33.25,34.36,33.7,33.25,4757111.0,71135144.0
2014-07-14,33.84,34.81,33.32,33.25,8875183.0,133207000.0
2014-07-11,32.75,33.7,33.57,32.48,8000937.0,117089472.0
2014-07-10,32.0,32.84,32.68,31.69,5017265.0,71898296.0
2014-07-09,32.55,32.71,32.03,32.0,5869335.0,84022632.0
2014-07-08,32.48,32.64,32.37,32.03,5161758.0,73910368.0
2014-07-07,32.05,32.5,32.39,31.98,8975739.0,128208768.0
2014-07-04,31.42,32.21,31.91,31.3,4495322.0,63288748.0
2014-07-03,31.55,31.55,31.44,31.23,2706277.0,37501432.0
2014-07-02,31.44,31.87,31.55,31.26,2519446.0,35065420.0
2014-07-01,31.96,32.37,31.62,31.46,6509329.0,91871912.0
2014-06-30,30.89,31.6,31.55,30.76,4308002.0,59498148.0
2014-06-27,30.87,31.08,30.92,30.78,1495941.0,20449916.0
2014-06-26,30.46,31.12,30.89,30.46,1572247.0,21491144.0
2014-06-25,30.42,30.71,30.58,30.38,1041606.0,14064920.0
2014-06-24,30.4,30.65,30.56,30.31,1130506.0,15242336.0
2014-06-23,30.33,30.71,30.44,30.31,1339147.0,18070116.0
2014-06-20,30.56,31.01,30.46,30.19,1476550.0,19909356.0
2014-06-19,30.51,30.6,29.85,29.83,1849514.0,24663594.0
2014-06-18,31.21,31.32,30.49,30.31,2612307.0,35329816.0
2014-06-17,31.37,31.53,31.21,31.08,1615071.0,22307878.0
2014-06-16,30.94,31.64,31.44,30.92,2795110.0,38680548.0
2014-06-13,30.89,31.35,31.08,30.76,2288284.0,31443796.0
2014-06-12,31.01,31.14,30.94,30.53,2326571.0,31742564.0
2014-06-11,31.21,31.37,31.01,30.89,1800270.0,24760260.0
2014-06-10,31.01,31.28,31.21,30.56,1664372.0,22783086.0
2014-06-09,31.51,31.51,30.87,30.83,1339913.0,18453572.0
2014-06-06,31.23,31.57,31.51,31.01,2704201.0,37422404.0
2014-06-05,30.62,31.17,31.12,30.56,2507253.0,34309672.0
2014-06-04,30.69,30.76,30.4,30.28,1420992.0,19121530.0
2014-06-03,30.4,31.19,30.69,30.33,1708691.0,23143056.0
2014-05-30,30.46,30.71,30.35,30.31,1375732.0,18521684.0
2014-05-29,30.8,31.1,30.44,30.42,2078165.0,28296448.0
2014-05-28,30.78,31.01,30.76,30.28,3413625.0,46188668.0
2014-05-27,31.32,31.57,30.89,30.83,2027789.0,27962592.0
2014-05-26,31.96,31.96,31.37,31.19,2929325.0,40715928.0
2014-05-23,31.17,31.8,31.75,31.01,2139512.0,29640648.0
2014-05-22,31.91,32.05,31.03,31.01,2850226.0,39831028.0
2014-05-21,31.78,31.85,31.8,31.48,1127871.0,15787644.0
2014-05-20,31.8,32.0,31.78,31.44,1505808.0,21102676.0
2014-05-19,31.26,31.75,31.64,31.26,3167661.0,44179604.0
2014-05-16,31.26,31.53,31.3,30.83,1327663.0,18293366.0
2014-05-15,32.12,32.12,31.23,31.21,3531024.0,49294216.0
2014-05-14,32.82,33.59,32.32,32.32,6546044.0,95025504.0
2014-05-13,32.25,32.59,32.39,31.64,3289472.0,46570580.0
2014-05-12,31.46,32.48,32.37,31.32,4681260.0,66188696.0
2014-05-09,30.62,31.51,31.46,30.44,2621770.0,35980940.0
2014-05-08,30.69,31.23,30.53,30.49,1163611.0,15885480.0
2014-05-07,31.12,31.12,30.49,30.49,992875.0,13520101.0
2014-05-06,30.6,31.26,31.19,30.6,2680355.0,36786308.0
2014-05-05,30.53,30.89,30.78,30.28,1178271.0,15933416.0
2014-04-30,30.35,30.71,30.71,30.19,1632938.0,21978918.0
2014-04-29,29.83,30.33,30.33,29.81,1513210.0,20059104.0
2014-04-28,29.81,30.06,29.83,29.38,2734259.0,35892536.0
2014-04-25,29.88,30.13,29.81,29.67,1428001.0,18822592.0
2014-04-24,30.62,30.62,29.81,29.72,2116301.0,28083436.0
2014-04-23,30.44,30.71,30.56,30.33,1264873.0,17065702.0
2014-04-22,30.51,30.65,30.44,30.24,1837035.0,24662010.0
2014-04-21,31.05,31.35,30.53,30.44,4520879.0,61326672.0
2014-04-18,32.12,32.25,31.19,31.17,4674067.0,65442640.0
2014-04-17,32.84,32.84,32.14,32.03,2633725.0,37533936.0
2014-04-16,32.09,32.46,32.16,31.69,5026492.0,71420856.0
2014-04-15,32.89,32.95,32.07,32.05,2781405.0,39876268.0
2014-04-14,32.34,32.95,32.77,32.28,3959497.0,57204660.0
2014-04-11,32.34,32.71,32.34,31.98,3997383.0,57070840.0
2014-04-10,32.55,32.55,32.34,32.14,2996481.0,42831796.0
2014-04-09,32.8,32.93,32.55,32.34,6923289.0,99557952.0
2014-04-08,31.46,32.93,32.68,31.26,4963874.0,70694160.0
2014-04-04,31.37,32.03,31.64,31.03,3605881.0,50549684.0
2014-04-03,31.69,32.37,31.66,30.94,6339300.0,89224464.0
2014-04-02,32.07,32.19,32.07,31.75,1896033.0,26792796.0
2014-04-01,31.3,32.37,32.0,31.01,3007060.0,42299948.0
2014-03-31,31.19,31.69,31.23,30.78,1230100.0,17032244.0
2014-03-28,32.07,32.59,31.14,31.03,2411945.0,33773608.0
2014-03-27,32.46,32.82,32.07,31.71,3738594.0,53461428.0
2014-03-26,32.38,32.7,32.34,32.03,1780349.0,25685516.0
2014-03-25,32.12,32.56,32.39,31.89,2396481.0,34480512.0
2014-03-24,31.74,32.27,32.12,31.54,2164293.0,30880362.0
2014-03-21,30.95,31.89,31.74,30.46,3485163.0,48575028.0
2014-03-20,32.5,32.54,31.0,30.95,2461536.0,35104956.0
2014-03-19,31.8,32.81,32.48,31.6,4635364.0,66835740.0
2014-03-18,31.94,32.23,31.8,31.56,2239646.0,31889734.0
2014-03-17,31.51,32.01,32.01,31.4,1883958.0,26696446.0
2014-03-14,30.8,32.45,31.51,30.57,3521717.0,49629960.0
2014-03-13,31.04,31.24,30.93,30.82,1968715.0,27240180.0
2014-03-12,30.73,31.16,31.0,30.48,2823935.0,38877952.0
2014-03-11,30.24,30.93,30.62,30.24,2401919.0,32830266.0
2014-03-10,31.09,31.16,30.44,30.26,3228180.0,44196220.0
2014-03-07,31.85,32.07,31.29,31.22,4426637.0,62437048.0
2014-03-06,32.3,32.3,31.62,31.2,5458357.0,77212160.0
2014-03-05,33.08,33.3,32.34,32.25,5462248.0,80037128.0
2014-03-04,33.24,33.59,33.12,32.63,5340507.0,78886616.0
2014-03-03,33.08,33.84,33.73,32.45,7457296.0,110532912.0
2014-02-28,33.8,33.93,33.26,32.65,9674074.0,143018832.0
2014-02-27,34.58,35.65,34.24,33.57,20220342.0,313439616.0
2014-02-26,33.57,35.61,34.4,33.08,23542124.0,365661952.0
2014-02-25,33.84,34.56,33.91,32.68,11486720.0,173143872.0
2014-02-24,31.87,34.18,33.84,31.11,9368968.0,136688944.0
2014-02-21,33.12,33.12,32.01,31.83,5234177.0,75689456.0
2014-02-20,33.19,33.68,33.12,32.52,7078304.0,104709704.0
2014-02-19,33.53,33.55,33.08,32.95,5112958.0,75988720.0
2014-02-18,33.21,33.73,33.55,32.45,7765964.0,114579568.0
2014-02-17,32.7,33.53,33.12,32.7,8758892.0,130022816.0
2014-02-14,31.6,32.61,32.5,31.45,4981677.0,71788200.0
2014-02-13,33.01,33.08,31.6,31.6,6951058.0,100427128.0
2014-02-12,31.38,32.14,32.12,31.13,4601827.0,65433296.0
2014-02-11,31.47,31.83,31.38,30.93,3641101.0,51055476.0
2014-02-10,30.55,31.65,31.54,30.44,3695481.0,51400840.0
2014-02-07,30.21,30.44,30.42,29.97,2030048.0,27449936.0
2014-01-30,31.6,31.6,29.99,29.54,5836082.0,79034472.0
2014-01-29,32.43,32.45,32.12,31.89,2925425.0,42016636.0
2014-01-28,32.12,32.54,32.3,31.74,2534316.0,36345336.0
2014-01-27,31.51,32.5,32.23,31.36,3769671.0,53917920.0
2014-01-24,31.36,31.87,31.56,31.22,2908995.0,41023484.0
2014-01-23,31.07,31.74,31.51,30.89,3476341.0,48653208.0
2014-01-22,30.46,31.16,31.09,30.21,3790602.0,52196208.0
2014-01-21,30.21,30.8,30.44,30.21,2457878.0,33560132.0
2014-01-20,30.66,30.98,30.21,29.95,2243197.0,30342222.0
2014-01-17,31.11,31.71,30.68,30.68,4209321.0,58732440.0
2014-01-16,30.95,31.24,31.02,30.73,1899455.0,26355444.0
2014-01-15,31.09,31.22,31.07,30.57,3027251.0,41736748.0
2014-01-14,30.15,31.11,31.07,30.01,3247329.0,44595696.0
2014-01-13,29.54,30.21,30.21,29.54,2709371.0,36273224.0
2014-01-10,29.68,29.92,29.66,29.36,2505484.0,33281260.0
2014-01-09,30.1,30.12,29.9,29.14,3454864.0,45791812.0
2014-01-08,30.82,31.29,30.12,29.83,4205246.0,57235836.0
2014-01-07,30.84,31.22,30.84,30.62,1892021.0,26105612.0
2014-01-06,31.49,31.49,30.86,30.77,2338079.0,32333988.0
2014-01-03,31.29,31.58,31.4,31.13,2797352.0,39200540.0
2014-01-02,32.01,32.03,31.33,31.07,5160534.0,72292728.0
2013-12-31,31.6,32.01,32.01,31.54,2491737.0,35362612.0
2013-12-30,32.14,32.21,31.78,31.6,2848125.0,40565208.0
2013-12-27,31.56,31.92,31.87,31.24,4524200.0,64079464.0
2013-12-26,33.62,33.77,31.56,31.54,7263891.0,104785320.0
2013-12-25,33.08,33.53,33.53,32.86,2943386.0,43676088.0
2013-12-24,32.68,33.53,33.06,32.61,3195059.0,47297252.0
2013-12-23,33.03,33.48,32.83,32.45,3765977.0,55532120.0
2013-12-20,32.97,33.28,33.03,32.59,2484227.0,36556044.0
2013-12-19,32.68,33.44,32.9,32.68,3595149.0,53247976.0
2013-12-18,32.68,33.03,32.54,32.34,2071318.0,30337090.0
2013-12-17,32.32,33.24,32.45,32.3,3277222.0,47987932.0
2013-12-16,34.45,34.78,32.41,32.23,5760062.0,85646320.0
2013-12-13,33.51,34.45,34.24,33.39,4413901.0,67377672.0
2013-12-12,33.57,33.98,33.62,33.26,2862485.0,42918484.0
2013-12-11,34.35,34.45,33.59,33.24,4965403.0,74610328.0
2013-12-10,34.35,34.8,34.53,33.68,5001529.0,76818008.0
2013-12-09,34.42,35.41,34.22,33.84,6088099.0,93853160.0
2013-12-06,35.05,35.09,34.22,33.98,5058168.0,77634432.0
2013-12-05,35.16,35.54,35.07,34.47,6086518.0,95226384.0
2013-12-04,33.93,35.7,34.96,33.75,14049746.0,219523952.0
2013-12-03,31.47,34.35,34.02,31.36,9488682.0,140581952.0
2013-12-02,32.18,32.9,31.51,31.11,4915056.0,70349880.0
2013-11-29,32.41,33.12,33.06,32.14,4415006.0,64400172.0
2013-11-28,31.92,32.61,32.3,31.92,4249189.0,61544528.0
2013-11-27,31.89,32.16,31.92,31.54,2647122.0,37693092.0
2013-11-26,31.49,32.18,31.89,31.24,2628016.0,37293940.0
2013-11-25,30.89,31.76,31.49,30.89,2587066.0,36369448.0
2013-11-22,31.76,32.41,31.71,31.51,3376568.0,48183068.0
2013-11-21,32.65,32.88,31.85,31.71,4353852.0,62378856.0
2013-11-20,31.47,31.85,31.67,31.11,3295634.0,46367356.0
2013-11-19,31.29,32.56,31.56,31.29,6264456.0,89305480.0
2013-11-18,30.12,30.8,30.73,29.81,3041902.0,41408980.0
2013-11-15,29.27,30.35,30.12,29.27,2528394.0,34003524.0
2013-11-14,28.76,29.43,29.34,28.76,1435040.0,18728198.0
2013-11-13,29.14,29.39,28.92,28.8,1270509.0,16508882.0
2013-11-12,29.14,29.68,29.27,28.87,2132113.0,27867046.0
2013-11-11,28.69,29.5,29.39,28.38,1967540.0,25391252.0
2013-11-08,29.07,29.16,28.8,28.42,3291985.0,42379732.0
2013-11-07,29.77,29.86,29.21,29.18,2004460.0,26348676.0
2013-11-06,30.04,30.39,29.9,29.66,2694899.0,36158312.0
2013-11-05,29.95,30.28,30.1,29.32,2658624.0,35347940.0
2013-11-04,29.9,30.39,29.95,29.9,1592944.0,21422394.0
2013-11-01,29.75,29.97,29.9,29.45,2046981.0,27193128.0
2013-10-31,30.35,30.35,30.1,29.7,2694662.0,36022856.0
2013-10-30,29.54,30.37,30.35,29.23,3261918.0,43597072.0
2013-10-29,31.74,31.74,29.95,29.01,9927559.0,133575664.0
2013-10-28,33.68,33.91,32.23,31.67,4960856.0,72127424.0
2013-10-25,33.01,33.98,33.19,32.92,4768279.0,71251048.0
2013-10-24,33.17,33.33,33.12,32.77,3069945.0,45382476.0
2013-10-23,34.29,34.45,33.17,32.7,5299045.0,79239680.0
2013-10-22,33.95,35.12,34.24,33.93,8258122.0,127432160.0
2013-10-21,33.1,33.91,33.91,32.3,7851597.0,117157168.0
2013-10-18,32.63,33.62,32.79,32.48,5147207.0,76011912.0
2013-10-17,33.15,33.93,32.63,32.56,7370343.0,109918888.0
2013-10-16,33.12,34.15,32.83,32.83,13080826.0,196475984.0
2013-10-15,31.89,33.01,32.9,31.89,8309838.0,121378584.0
2013-10-14,31.78,32.41,32.05,31.78,7890693.0,113402016.0
2013-10-11,30.86,31.22,31.11,30.66,5528086.0,76414696.0
2013-10-10,31.87,32.05,30.66,30.66,5616644.0,78100792.0
2013-10-09,31.56,32.09,31.85,31.4,4292837.0,60923760.0
2013-10-08,31.24,31.54,31.4,31.04,3215782.0,45059828.0
2013-09-30,31.58,31.76,31.29,31.11,3499570.0,48991052.0
2013-09-27,32.01,32.01,31.29,30.93,3407695.0,47736340.0
2013-09-26,31.96,32.12,31.4,31.31,3825730.0,54121224.0
2013-09-25,31.49,32.52,31.96,31.36,7598132.0,109038096.0
2013-09-24,31.45,32.16,31.58,31.22,7991563.0,113221592.0
2013-09-23,30.44,30.86,30.77,30.28,4393385.0,60070812.0
2013-09-18,30.35,30.77,30.59,29.61,5135717.0,69516456.0
2013-09-17,31.11,31.58,30.82,30.55,10209254.0,142075088.0
2013-09-16,30.42,31.27,30.84,30.42,7632632.0,105392584.0
2013-09-13,30.35,30.62,30.04,29.97,3699942.0,49877096.0
2013-09-12,30.93,30.93,30.35,30.28,3398995.0,46454132.0
2013-09-11,30.37,31.11,30.98,29.99,5809349.0,79268248.0
2013-09-10,30.59,30.62,30.33,30.15,4080242.0,55310088.0
2013-09-09,30.21,30.64,30.48,30.17,4784566.0,64972288.0
2013-09-06,30.39,30.66,30.28,29.88,4705203.0,63475888.0
2013-09-05,30.44,30.89,30.24,30.08,3972579.0,54070300.0
2013-09-04,29.72,30.48,30.42,29.59,4800257.0,64744060.0
2013-09-03,29.43,29.77,29.72,29.1,2807191.0,37000552.0
2013-09-02,28.85,29.5,29.39,28.56,3673885.0,47962488.0
2013-08-30,29.45,29.7,28.22,28.16,5053101.0,65090612.0
2013-08-29,29.66,30.04,29.48,29.45,3421024.0,45432148.0
2013-08-28,29.7,29.92,29.5,29.1,3753277.0,49463188.0
2013-08-27,29.9,30.42,30.12,29.68,4239522.0,56993364.0
2013-08-26,29.45,30.12,29.9,29.32,3679487.0,49066984.0
2013-08-23,30.44,30.71,29.36,28.65,5586241.0,74102296.0
2013-08-22,30.19,30.55,30.44,29.81,3609131.0,48868412.0
2013-08-21,30.46,30.68,30.3,29.45,4261115.0,57122532.0
2013-08-20,30.44,31.24,30.55,30.1,3980282.0,54518840.0
2013-08-19,29.83,30.77,30.59,29.77,4251583.0,57613140.0
2013-08-16,32.56,32.68,30.19,29.95,8406248.0,117723880.0
2013-08-15,32.56,32.9,32.01,31.74,6116270.0,87998856.0
2013-08-14,32.34,33.62,33.03,31.78,9964963.0,145886576.0
2013-08-13,32.56,33.17,32.09,31.98,7432235.0,107736880.0
2013-08-12,32.23,32.83,32.72,31.33,11737374.0,169247968.0
2013-08-09,30.24,32.65,31.89,30.24,14201059.0,200447520.0
2013-08-08,29.61,30.42,29.99,29.54,6099851.0,81680408.0
2013-08-07,29.5,29.88,29.54,29.34,5387331.0,71108320.0
2013-08-06,29.39,29.97,29.75,28.85,7963848.0,105127992.0
2013-08-05,28.34,29.81,29.36,28.31,8326157.0,108716976.0
2013-08-02,28.04,28.31,27.95,27.6,3979701.0,49785096.0
2013-08-01,27.55,28.02,27.91,27.19,4089473.0,50565068.0
2013-07-31,28.83,29.05,27.37,27.35,6066795.0,75879640.0
2013-07-30,28.8,29.27,28.27,27.77,4809010.0,61140292.0
2013-07-29,27.98,29.52,28.92,27.91,6300775.0,81105656.0
2013-07-26,28.38,28.38,28.13,27.3,4454097.0,55598360.0
2013-07-25,27.8,28.76,27.86,27.75,6342922.0,80080376.0
2013-07-24,28.07,28.07,27.64,27.33,6062193.0,74660760.0
2013-07-23,27.22,28.2,28.09,26.88,6800347.0,84152896.0
2013-07-22,26.63,27.24,27.22,25.85,4060839.0,48373692.0
2013-07-19,26.61,27.71,26.95,26.59,7624040.0,92786416.0
2013-07-18,25.98,26.81,26.59,25.98,2655799.0,31300892.0
2013-07-17,27.08,27.08,26.3,26.1,5121106.0,60744108.0
2013-07-16,27.13,27.33,27.06,26.75,4356864.0,52453252.0
2013-07-15,26.43,27.22,27.1,26.36,5231112.0,62897784.0
2013-07-12,27.01,27.08,26.43,26.3,5370515.0,64079864.0
2013-07-11,26.14,27.51,27.01,26.14,7649665.0,91641512.0
2013-07-10,24.87,26.12,26.1,24.87,5049463.0,57699492.0
2013-07-09,24.8,24.98,24.71,24.15,4089934.0,44696152.0
2013-07-08,25.96,25.96,24.93,24.89,6567521.0,74544960.0
2013-07-05,27.26,28.2,26.81,26.63,13391776.0,163242608.0
2013-07-03,26.16,26.16,25.78,25.36,4348733.0,49997116.0
2013-07-02,25.92,26.59,26.36,25.63,4825278.0,56051044.0
2013-07-01,25.85,26.07,25.92,25.38,4077148.0,47011636.0
2013-06-28,25.85,26.19,25.63,25.25,4932347.0,56625200.0
2013-06-27,25.96,26.81,25.85,25.67,5453857.0,63843004.0
2013-06-26,25.85,25.85,25.4,24.86,5424293.0,60961052.0
2013-06-25,26.62,27.13,25.65,24.21,6095066.0,69171632.0
2013-06-24,30.0,30.0,26.91,26.84,3688986.0,46262864.0
2013-06-21,29.71,30.22,29.82,29.45,1358750.0,18339308.0
2013-06-20,30.95,31.48,30.33,30.33,1255673.0,17636870.0
2013-06-19,31.54,31.54,31.23,30.79,1133436.0,15982835.0
2013-06-18,31.9,32.23,31.79,31.72,2280466.0,32920774.0
2013-06-17,31.15,31.81,31.74,30.79,2070622.0,29302032.0
2013-06-14,31.06,31.28,31.21,30.66,1509025.0,21177618.0
2013-06-13,31.81,31.81,31.01,30.46,1463186.0,20533108.0
2013-06-07,32.83,32.89,32.21,31.45,2278207.0,32987606.0
2013-06-06,32.87,33.24,32.38,32.27,1825013.0,27025690.0
2013-06-05,32.91,33.13,33.02,32.69,1683410.0,25050294.0
2013-06-04,33.91,33.91,32.98,32.76,3098658.0,46598016.0
2013-06-03,34.17,34.33,33.97,33.8,2987478.0,46122436.0
2013-05-31,34.02,34.79,34.24,34.02,4697331.0,73268008.0
2013-05-30,34.39,34.46,33.99,33.75,4604572.0,70859152.0
2013-05-29,34.24,34.57,34.48,33.86,3382954.0,52517168.0
2013-05-28,35.48,35.5,34.33,33.93,5892731.0,91794704.0
2013-05-27,35.67,35.96,35.43,35.14,6780660.0,109146960.0
2013-05-24,35.23,35.5,35.3,34.97,2565273.0,40905276.0
2013-05-23,35.65,35.87,35.39,35.01,2345615.0,37530776.0
2013-05-22,35.76,36.2,35.61,35.17,3583042.0,57797400.0
2013-05-21,35.32,36.07,35.76,35.19,4686066.0,75939168.0
2013-05-20,34.44,35.3,35.19,34.28,4864207.0,77043120.0
2013-05-17,33.58,34.5,34.37,33.27,3621677.0,55351808.0
2013-05-16,33.58,33.91,33.75,32.91,4645152.0,70200888.0
2013-05-15,33.53,33.99,33.97,33.31,1329579.0,20242200.0
2013-05-14,34.35,34.35,33.71,32.98,2894297.0,43953108.0
2013-05-13,34.22,34.86,34.39,33.71,2182447.0,33919800.0
2013-05-10,34.13,34.3,34.06,33.31,1717271.0,26292600.0
2013-05-09,34.37,34.9,34.13,33.99,3181690.0,49389740.0
2013-05-08,33.97,34.92,34.35,33.84,2052236.0,32007620.0
2013-05-07,33.8,34.04,33.99,33.35,2039567.0,31111936.0
2013-05-06,33.24,34.19,33.97,32.91,6414964.0,96672032.0
2013-05-03,32.54,33.8,33.22,32.27,2874185.0,43369724.0
2013-05-02,34.24,34.24,32.54,32.16,3265020.0,48323360.0
2013-04-26,35.17,35.76,34.24,33.82,2120640.0,33287014.0
2013-04-25,34.64,35.81,35.3,34.28,2355619.0,37812980.0
2013-04-24,33.86,34.72,34.68,33.69,1879437.0,29158804.0
2013-04-23,34.35,34.79,34.19,33.8,1984048.0,30808934.0
2013-04-22,34.61,34.61,34.35,33.82,2301618.0,35455660.0
2013-04-19,33.8,34.86,34.7,33.75,2011271.0,31410730.0
2013-04-18,33.69,34.02,33.8,33.49,999660.0,15248165.0
2013-04-17,34.39,34.39,34.08,33.58,1078722.0,16550481.0
2013-04-16,33.62,34.46,34.39,33.16,560381.0,8586402.0
2013-04-15,34.22,34.22,33.8,33.27,1002707.0,15340558.0
2013-04-12,35.7,35.7,34.44,34.0,2056417.0,32151992.0
2013-04-11,35.98,35.98,35.48,35.34,852464.0,13755675.0
2013-04-10,36.18,36.18,35.85,35.12,1620562.0,26205654.0
2013-04-09,34.33,36.4,36.31,34.33,2638324.0,42748916.0
2013-04-08,34.24,34.66,34.28,33.73,1656633.0,25604278.0
2013-04-03,34.3,35.28,34.79,34.04,1225057.0,19348560.0
2013-04-02,34.13,34.57,34.33,34.02,1230586.0,19127402.0
2013-04-01,34.37,35.08,34.37,33.75,2564488.0,39612736.0
2013-03-29,34.75,34.9,34.64,34.46,731990.0,11500082.0
2013-03-28,35.56,35.98,34.75,34.68,1326414.0,21038974.0
2013-03-27,35.9,36.4,35.98,35.67,1470179.0,23965846.0
2013-03-26,35.54,35.9,35.9,34.88,1462446.0,23386216.0
2013-03-25,35.67,36.12,35.72,35.52,1074945.0,17449554.0
2013-03-22,35.92,36.42,35.7,35.48,1689162.0,27434564.0
2013-03-21,35.96,36.16,35.92,35.74,1628475.0,26489050.0
2013-03-20,34.86,36.14,35.96,34.72,2037276.0,32873168.0
2013-03-19,34.46,35.01,34.99,33.58,2005805.0,31136036.0
2013-03-18,35.52,35.52,34.46,34.24,2720260.0,42715464.0
2013-03-15,35.5,36.47,35.81,34.95,2172801.0,35286832.0
2013-03-14,36.73,36.84,35.52,34.9,5353980.0,86060176.0
2013-03-13,36.36,37.22,36.73,36.36,1335941.0,22282612.0
2013-03-12,37.55,37.97,36.45,36.23,2329210.0,38973900.0
2013-03-11,37.91,38.22,37.71,37.6,931125.0,15937378.0
2013-03-08,38.7,39.1,37.91,37.77,1421280.0,24632958.0
2013-03-07,39.32,39.36,38.7,38.06,3492686.0,60854524.0
2013-03-06,38.63,39.43,39.32,38.44,3506280.0,61938440.0
2013-03-05,37.71,38.44,38.44,37.35,2223013.0,38268464.0
2013-03-04,39.74,39.74,37.68,37.11,3304634.0,57041788.0
2013-03-01,40.23,40.25,39.92,39.32,2328125.0,41855212.0
2013-02-28,40.09,40.23,40.2,38.83,2757283.0,49376036.0
2013-02-27,39.32,40.93,39.76,39.32,3671861.0,66700108.0
2013-02-26,40.53,40.53,39.21,39.1,2293045.0,41178672.0
2013-02-25,39.12,40.87,40.76,39.12,2220219.0,40328788.0
2013-02-22,39.61,39.98,39.43,38.85,2658394.0,47268836.0
2013-02-21,40.78,40.8,40.03,38.61,3727472.0,66789172.0
2013-02-20,40.73,41.46,40.89,40.31,2484585.0,45988152.0
2013-02-19,41.99,42.15,40.76,40.05,4101101.0,75580616.0
2013-02-18,41.31,42.39,41.99,41.31,3318799.0,63078432.0
2013-02-08,40.8,41.42,41.15,40.49,2395372.0,44517196.0
2013-02-07,40.11,41.53,40.8,40.11,3722265.0,69105568.0
2013-02-06,39.65,40.31,40.09,39.5,3473051.0,62852420.0
2013-02-05,37.77,40.14,39.85,37.4,6225900.0,110501560.0
2013-02-04,37.68,38.39,37.38,37.15,2978171.0,50945620.0
2013-02-01,36.87,37.73,37.55,36.38,2132615.0,35940920.0
2013-01-31,37.31,37.38,36.89,36.4,2002779.0,33322998.0
2013-01-30,37.44,37.82,37.31,36.82,2841345.0,48034788.0
2013-01-29,37.6,37.84,37.57,37.15,2548868.0,43271120.0
2013-01-28,36.23,37.73,37.6,36.07,5377855.0,90267320.0
2013-01-25,35.23,36.07,36.01,34.9,2314780.0,37274740.0
2013-01-24,35.52,35.92,35.03,34.46,2297031.0,36683624.0
2013-01-23,35.43,35.61,35.43,34.75,1976541.0,31526374.0
2013-01-22,36.18,36.23,35.59,35.3,2403742.0,38816468.0
2013-01-21,36.42,36.76,36.27,36.09,2413821.0,39624252.0
2013-01-18,36.09,36.87,36.54,36.09,1702937.0,28138348.0
2013-01-17,37.09,37.09,36.31,35.74,3523742.0,57662832.0
2013-01-16,37.88,37.95,37.11,36.42,4078762.0,68143776.0
2013-01-15,37.22,38.24,37.97,37.11,3811148.0,65452656.0
2013-01-14,35.34,37.29,37.11,35.34,3966653.0,65648868.0
2013-01-11,36.14,36.31,35.34,35.01,3578091.0,57774696.0
2013-01-10,37.62,37.62,36.14,35.78,5377410.0,88719408.0
2013-01-09,37.99,38.77,37.64,37.29,3117342.0,53736276.0
2013-01-08,37.2,38.48,37.99,36.8,3870508.0,66264420.0
2013-01-07,37.04,37.33,37.18,36.01,2446407.0,40683716.0
2013-01-04,37.04,38.1,37.02,36.25,3462138.0,58446956.0
2012-12-31,35.92,37.22,37.02,35.67,3938626.0,65471684.0
2012-12-28,35.34,35.9,35.76,35.08,2389068.0,38507268.0
2012-12-27,35.5,36.4,35.5,35.21,3550956.0,57505832.0
2012-12-26,35.32,35.63,35.5,34.79,3161066.0,50455392.0
2012-12-25,33.05,35.74,35.3,33.02,7203560.0,113848808.0
2012-12-24,33.02,33.11,33.11,32.1,1758966.0,26124392.0
2012-12-21,33.24,33.91,33.05,32.91,2965890.0,44733552.0
2012-12-20,32.83,33.13,32.96,32.47,1538272.0,22835862.0
2012-12-19,32.58,33.09,33.02,32.21,1690298.0,24922088.0
2012-12-18,32.16,33.51,32.71,31.94,3780955.0,56077048.0
2012-12-17,31.7,33.93,32.45,31.7,6339092.0,94015600.0
2012-12-14,30.06,31.65,31.45,30.06,2156560.0,30519332.0
2012-12-13,30.26,30.48,30.26,30.13,1019571.0,13961848.0
2012-12-12,30.33,30.62,30.48,29.91,1136535.0,15561235.0
2012-12-11,30.84,30.95,30.48,30.42,1529222.0,21232202.0
2012-12-10,29.82,31.08,30.84,29.56,2899075.0,39704684.0
2012-12-07,28.94,29.93,29.82,28.54,2827500.0,37694156.0
2012-12-06,29.22,29.29,28.78,28.72,935569.0,12249220.0
2012-12-05,27.92,29.36,29.16,27.68,1843457.0,24149166.0
2012-12-04,27.57,28.25,28.05,27.19,987829.0,12346127.0
2012-12-03,28.1,28.27,27.68,27.19,1673760.0,20908880.0
2012-11-30,28.27,28.58,28.16,27.96,2173936.0,27729222.0
2012-11-29,28.78,29.09,28.19,28.19,1087545.0,14070253.0
2012-11-28,29.82,29.91,28.78,28.72,1319489.0,17324168.0
2012-11-27,29.95,30.42,29.93,29.82,1069503.0,14567698.0
2012-11-26,31.23,31.39,30.55,30.46,1016297.0,14171589.0
2012-11-23,31.26,32.01,31.48,31.26,1508739.0,21664098.0
2012-11-22,31.65,31.65,31.21,31.08,1325028.0,18814998.0
2012-11-21,30.42,31.79,31.61,30.42,2361279.0,33486246.0
2012-11-20,30.9,31.19,30.44,30.26,651989.0,9071631.0
2012-11-19,29.93,30.99,30.75,29.93,1010081.0,13945946.0
2012-11-16,29.95,30.39,30.11,29.45,715587.0,9729991.0
2012-11-15,30.7,30.75,30.0,29.75,1313488.0,17927068.0
2012-11-14,30.5,31.01,30.82,30.5,893651.0,12433590.0
2012-11-13,31.37,31.68,30.7,30.59,1020697.0,14303257.0
2012-11-12,31.7,31.94,31.74,31.01,1300345.0,18548312.0
2012-11-09,31.52,32.03,31.72,31.32,1965372.0,28233644.0
2012-11-08,30.7,32.01,31.37,30.17,2071023.0,29245710.0
2012-11-07,30.95,31.04,30.82,30.59,1624451.0,22617674.0
2012-11-06,31.45,31.61,31.04,30.04,1943607.0,27034732.0
2012-11-05,31.59,31.96,31.63,31.15,1283017.0,18330520.0
2012-11-02,31.54,32.07,31.81,31.32,1395842.0,20064046.0
2012-11-01,30.48,31.32,31.3,30.46,1744833.0,24518806.0
2012-10-31,30.48,30.64,30.48,29.82,1938355.0,26436104.0
2012-10-30,30.26,30.77,30.46,30.15,1076341.0,14848618.0
2012-10-29,30.93,31.28,30.55,29.38,2878354.0,39308696.0
2012-10-26,31.72,32.01,31.19,29.6,3382353.0,46599168.0
2012-10-25,32.69,33.07,31.7,31.61,1337035.0,19387960.0
2012-10-24,32.8,33.09,32.67,32.47,811707.0,12038467.0
2012-10-23,34.24,34.3,33.11,33.09,1488423.0,22551010.0
2012-10-22,33.84,34.46,34.26,33.05,1767424.0,27186958.0
2012-10-19,33.31,34.41,33.8,33.31,1991104.0,30657490.0
2012-10-18,32.69,33.66,33.22,32.52,1828598.0,27430508.0
2012-10-17,32.23,33.09,32.69,31.85,1105202.0,16217930.0
2012-10-16,32.16,32.89,32.25,31.72,1363735.0,20005252.0
2012-10-15,33.38,33.71,32.25,31.63,2436064.0,35511200.0
2012-10-12,34.13,34.3,33.73,33.16,1884555.0,28787294.0
2012-10-11,33.24,34.64,34.24,32.91,4800596.0,74286696.0
2012-10-10,32.49,33.18,33.11,32.05,1744581.0,25701630.0
2012-10-09,31.77,32.69,32.65,31.5,2274402.0,33035208.0
2012-10-08,31.81,32.14,31.45,31.28,1408873.0,20226264.0
2012-09-28,30.88,31.98,31.74,30.48,2188801.0,31255248.0
2012-09-27,30.04,31.65,30.77,29.56,2401091.0,33353472.0
2012-09-26,31.63,32.14,30.09,29.6,4513567.0,62550308.0
2012-09-25,34.68,35.59,32.27,31.9,4211575.0,63999808.0
2012-09-21,34.24,35.26,34.73,33.24,1725830.0,26939358.0
2012-09-20,34.72,35.59,34.24,34.24,2067163.0,32665326.0
2012-09-19,34.79,34.88,34.73,34.3,938898.0,14710351.0
2012-09-18,35.32,35.48,34.64,34.48,1886567.0,29787510.0
2012-09-17,36.67,37.31,35.56,35.17,3427991.0,56131804.0
2012-09-14,35.12,36.87,36.45,34.92,6898518.0,112530208.0
2012-09-13,35.26,35.26,34.55,34.55,1338277.0,21189762.0
2012-09-12,35.17,35.48,34.84,34.3,1785041.0,28144884.0
2012-09-11,35.3,35.48,34.99,34.53,2297415.0,36501132.0
2012-09-10,33.64,35.3,34.79,33.31,2513593.0,38979796.0
2012-09-07,31.85,34.15,33.77,31.85,3584953.0,54274492.0
2012-09-06,31.37,31.79,31.74,31.28,1253918.0,17912120.0
2012-09-05,31.37,31.5,31.26,30.93,980192.0,13836436.0
2012-09-04,32.05,32.18,31.39,31.37,781598.0,11231666.0
2012-09-03,31.59,32.16,32.03,31.37,1014022.0,14595269.0
2012-08-31,31.59,32.03,31.72,31.28,1203029.0,17158620.0
2012-08-30,33.47,33.64,31.72,30.95,2173364.0,31628386.0
2012-08-29,33.2,34.22,33.58,33.2,515987.0,7910824.0
2012-08-28,33.69,34.24,33.97,33.2,825986.0,12638230.0
2012-08-27,35.21,35.21,33.71,33.2,1419893.0,21777354.0
2012-08-24,35.98,35.98,35.28,35.23,1140985.0,18326448.0
2012-08-23,35.94,36.23,36.03,35.48,1379353.0,22456252.0
2012-08-22,35.67,36.34,35.67,35.63,1655278.0,26971402.0
2012-08-21,35.45,36.05,35.74,35.34,1258608.0,20422348.0
2012-08-20,34.79,35.48,35.43,34.53,840631.0,13348635.0
2012-08-17,34.97,35.34,34.7,34.44,1038061.0,16304027.0
2012-08-16,35.17,35.41,35.06,34.95,813711.0,12936213.0
2012-08-15,35.94,35.94,35.23,35.12,1242233.0,19863994.0
2012-08-14,35.63,36.18,35.96,34.9,1554114.0,25022762.0
2012-08-13,38.04,38.04,35.63,35.45,3923378.0,64496076.0
2012-08-10,37.53,38.41,37.99,37.38,2642398.0,45269852.0
2012-08-09,37.8,37.84,37.57,37.04,2027543.0,34358800.0
2012-08-08,37.97,38.22,37.8,37.22,1556060.0,26543414.0
2012-08-07,37.73,38.57,37.95,37.27,1835825.0,31668754.0
2012-08-06,36.34,37.57,37.42,36.34,1791400.0,30210998.0
2012-08-03,35.83,36.56,36.56,35.34,1503886.0,24553560.0
2012-08-02,36.23,36.38,35.7,35.37,755883.0,12232659.0
2012-08-01,35.34,36.25,36.14,35.28,1129119.0,18390066.0
2012-07-31,37.07,37.11,35.32,35.28,1850809.0,29971912.0
2012-07-30,36.93,37.75,37.11,36.71,1463808.0,24618444.0
2012-07-27,37.09,37.51,37.33,36.71,1410146.0,23667530.0
2012-07-26,36.82,38.1,37.02,36.56,3184473.0,53944812.0
2012-07-25,37.99,37.99,36.84,36.84,4070213.0,68544192.0
2012-07-24,38.06,39.32,38.72,37.71,3185448.0,55603720.0
2012-07-23,40.31,40.34,38.48,38.37,4294785.0,75589072.0
2012-07-20,40.64,41.86,40.29,40.25,4329734.0,80527048.0
2012-07-19,41.09,41.93,40.58,40.38,5885604.0,109824368.0
2012-07-18,39.76,41.68,40.87,39.56,6662626.0,123061056.0
2012-07-17,38.88,40.18,39.76,38.88,3724261.0,67003660.0
2012-07-16,39.14,39.89,38.66,38.55,2315469.0,40997984.0
2012-07-13,39.67,40.36,39.27,38.88,3213820.0,57590760.0
2012-07-12,38.44,39.98,39.67,38.22,5507181.0,98299216.0
2012-07-11,37.11,38.61,38.61,36.69,3240490.0,55641816.0
2012-07-10,37.66,38.06,36.82,35.54,3982106.0,66586988.0
2012-07-09,38.39,39.45,37.64,37.55,4308543.0,75579928.0
2012-07-06,37.69,38.79,38.52,36.93,4565783.0,78737496.0
2012-07-05,38.06,38.06,37.55,36.93,3657018.0,62045392.0
2012-07-04,37.73,39.43,37.99,37.73,8422166.0,147048208.0
2012-07-03,36.89,37.95,37.53,36.8,3725711.0,63030512.0
2012-07-02,36.29,37.97,37.64,35.96,5519113.0,93542256.0
2012-06-29,36.62,36.62,35.92,34.9,4645803.0,74956856.0
2012-06-28,33.58,34.44,34.08,33.49,1717711.0,26448894.0
2012-06-27,33.47,34.11,33.6,33.47,1477162.0,22642440.0
2012-06-26,34.33,34.33,33.47,32.76,1565167.0,23745676.0
2012-06-25,35.12,35.12,34.24,34.06,1650599.0,25616556.0
2012-06-21,36.03,36.03,35.28,34.99,1857210.0,29690990.0
2012-06-20,36.14,36.62,36.05,35.92,1670871.0,27401118.0
2012-06-19,36.69,36.69,36.03,35.9,2091088.0,34251276.0
2012-06-18,36.51,36.93,36.69,36.51,1399917.0,23310298.0
2012-06-15,37.33,37.69,36.51,36.12,2070708.0,34374536.0
2012-06-14,38.3,38.3,37.31,37.29,1629286.0,27804938.0
2012-06-13,37.82,38.35,38.28,37.77,1808321.0,31166498.0
2012-06-12,38.13,38.22,37.8,37.29,2167746.0,36994536.0
2012-06-11,37.39,38.48,38.46,37.19,2583515.0,53999672.0
2012-06-08,37.34,38.23,37.57,37.1,2410626.0,50147068.0
2012-06-07,37.34,37.72,36.99,36.92,2093923.0,43116784.0
2012-06-06,37.88,38.26,36.96,36.52,2153035.0,44437192.0
2012-06-05,38.64,39.17,38.1,37.74,3174496.0,67392096.0
2012-06-04,38.05,40.08,38.5,37.88,8019930.0,173846240.0
2012-06-01,37.07,38.75,38.3,36.67,3845172.0,80503408.0
2012-05-31,36.1,37.12,36.99,35.6,1713056.0,34446996.0
2012-05-30,36.65,36.83,36.34,36.32,1130819.0,22804424.0
2012-05-29,36.05,36.88,36.65,35.92,1592359.0,32009270.0
2012-05-28,36.5,36.58,36.01,34.83,1617029.0,31653786.0
2012-05-25,36.65,37.14,36.5,36.48,778619.0,15791793.0
2012-05-24,37.23,37.3,36.77,36.65,1198316.0,24385780.0
2012-05-23,37.19,37.32,37.27,37.01,1546715.0,31681470.0
2012-05-22,36.38,37.28,37.19,36.34,1276749.0,25956672.0
2012-05-21,36.56,36.74,36.3,36.01,1829687.0,36672436.0
2012-05-18,37.01,37.12,36.56,36.3,1046966.0,21160452.0
2012-05-17,36.34,37.47,37.3,36.29,1519625.0,30949748.0
2012-05-16,36.81,36.92,36.3,36.23,1865062.0,37450520.0
2012-05-15,38.19,38.19,36.94,36.2,3013364.0,61524340.0
2012-05-14,39.55,39.55,38.53,38.21,1409836.0,30146142.0
2012-05-11,38.41,39.57,38.93,38.41,1678000.0,36152980.0
2012-05-10,38.45,39.19,38.46,38.3,1745672.0,37280784.0
2012-05-08,39.66,39.79,39.19,38.83,1380380.0,29834028.0
2012-05-07,39.37,39.77,39.55,39.1,1656854.0,36039640.0
2012-05-04,38.5,39.55,39.55,38.15,2483795.0,53434412.0
2012-05-03,38.39,38.52,38.5,37.97,1788513.0,37762648.0
2012-05-02,37.74,38.59,38.41,37.34,2776016.0,58301888.0
2012-04-27,37.19,37.43,37.12,36.88,1222198.0,24989634.0
2012-04-26,37.65,37.81,37.19,37.16,1532206.0,31613718.0
2012-04-25,37.01,37.66,37.57,37.01,1474447.0,30381214.0
2012-04-24,37.86,38.06,36.94,36.52,2753617.0,56325340.0
2012-04-23,39.33,39.66,37.92,37.19,5440494.0,114016088.0
2012-04-20,39.55,39.82,39.68,39.01,4833638.0,105293024.0
2012-04-19,40.49,40.68,40.49,40.19,1951140.0,43465008.0
2012-04-18,39.91,40.75,40.42,39.31,3247680.0,71931544.0
2012-04-17,40.66,41.55,39.66,39.46,2970908.0,66130496.0
2012-04-16,39.35,41.13,40.55,38.93,3322197.0,73658360.0
2012-04-13,39.06,39.88,39.57,38.88,2555226.0,55649512.0
2012-04-12,38.43,39.1,39.06,38.19,2465587.0,52637700.0
2012-04-11,37.76,38.93,38.52,37.37,2194018.0,46482372.0
2012-04-10,37.27,38.32,38.17,36.67,2462497.0,50946940.0
2012-04-09,38.17,38.17,37.56,36.85,2219638.0,45886496.0
2012-04-06,38.21,38.61,38.21,37.86,2614644.0,55162700.0
2012-04-05,36.99,38.24,38.21,36.59,2562450.0,53151724.0
2012-03-30,37.01,37.56,36.69,35.94,2395154.0,48382592.0
2012-03-29,37.56,37.83,36.96,36.47,3572148.0,72981536.0
2012-03-28,40.78,40.78,37.56,37.56,4254483.0,91547528.0
2012-03-27,41.75,41.85,40.97,40.97,2008317.0,45843756.0
2012-03-26,42.02,42.27,41.33,41.15,1761714.0,40349332.0
2012-03-23,41.62,42.33,41.98,40.89,2837636.0,65021476.0
2012-03-22,42.74,43.07,41.78,41.42,4378384.0,101181432.0
2012-03-21,43.91,44.45,43.09,42.09,4359991.0,104075432.0
2012-03-20,45.65,45.65,43.8,43.76,4604490.0,112495824.0
2012-03-19,43.51,45.32,45.32,43.51,5624087.0,138074496.0
2012-03-16,42.22,43.51,43.2,42.18,4846387.0,114673560.0
2012-03-15,43.78,44.05,42.2,41.55,7109133.0,167059136.0
2012-03-14,45.81,46.54,43.8,43.54,7988604.0,197701712.0
2012-03-13,46.23,46.25,45.74,45.03,5080149.0,127476640.0
2012-03-12,46.59,47.44,46.23,45.61,6027484.0,153727152.0
2012-03-09,44.69,46.81,46.43,44.69,8100151.0,206399680.0
2012-03-08,44.34,45.25,44.65,44.34,4958753.0,122344768.0
2012-03-07,44.74,46.03,44.21,44.18,8611879.0,213570928.0
2012-03-06,43.0,46.81,45.23,42.82,14228199.0,349857664.0
2012-03-05,41.42,42.94,42.94,41.42,7338583.0,172113776.0
2012-03-02,41.09,41.67,41.37,41.09,3841084.0,87674664.0
2012-03-01,40.49,41.62,41.0,40.24,3538643.0,80014048.0
2012-02-29,42.31,42.38,40.6,40.53,6650800.0,151074160.0
2012-02-28,42.82,43.16,42.31,42.07,4762968.0,111540600.0
2012-02-27,42.76,43.83,43.14,42.42,8584833.0,204122560.0
2012-02-24,42.27,42.73,42.73,41.95,4952479.0,115524456.0
2012-02-23,42.96,43.6,42.6,42.45,5924776.0,140358496.0
2012-02-22,42.44,43.11,43.05,41.69,7868035.0,183408304.0
2012-02-21,42.84,43.23,42.65,41.84,4253434.0,99497288.0
2012-02-20,44.05,44.4,42.87,42.84,5133532.0,122975392.0
2012-02-17,42.36,42.89,42.84,41.95,3422465.0,80330976.0
2012-02-16,42.49,43.27,42.29,41.85,4436485.0,103746472.0
2012-02-15,42.45,42.87,42.71,41.77,4218870.0,98663400.0
2012-02-14,41.49,44.0,42.67,41.35,7473630.0,176986224.0
2012-02-13,41.08,42.2,41.53,40.77,4607788.0,105208384.0
2012-02-10,41.2,41.66,41.55,41.04,4509075.0,102676272.0
2012-02-09,41.37,42.2,41.53,41.0,6607374.0,151207856.0
2012-02-08,40.06,41.53,41.53,39.46,5739394.0,128311344.0
2012-02-07,41.06,41.06,39.95,39.59,5676449.0,125067336.0
2012-02-06,40.53,42.26,41.26,40.53,7444093.0,170266736.0
2012-02-03,40.42,41.49,40.46,39.91,8043233.0,180778288.0
2012-02-02,40.06,40.78,40.68,39.31,6870398.0,151736336.0
2012-02-01,38.88,41.37,40.4,38.88,10403374.0,232028096.0
2012-01-31,37.7,38.73,38.43,37.39,3772538.0,79266440.0
2012-01-30,36.7,39.24,37.9,36.7,7255279.0,152702944.0
2012-01-20,35.2,36.45,36.27,35.2,3974751.0,79034184.0
2012-01-19,35.23,35.99,35.34,34.74,2434972.0,47488464.0
2012-01-18,35.56,36.48,35.2,35.02,4564843.0,90338928.0
2012-01-17,33.35,35.47,35.34,32.88,3391812.0,64440328.0
2012-01-16,33.91,34.65,33.02,32.98,1965016.0,36669780.0
2012-01-13,35.8,36.1,34.51,34.38,4914757.0,94669568.0
2012-01-12,35.47,36.38,36.07,35.34,5046572.0,100141216.0
2012-01-11,35.94,36.21,35.65,35.43,4949899.0,97555416.0
2012-01-10,35.38,36.63,36.4,34.89,8375601.0,165143152.0
2012-01-09,34.62,35.83,35.67,33.82,6654624.0,128348864.0
2012-01-06,33.18,34.74,34.69,32.59,5266994.0,97471600.0
2012-01-05,32.31,33.84,33.18,32.17,6193156.0,113082864.0
2012-01-04,33.38,33.91,32.57,32.38,4393899.0,80412952.0
