date,open,high,close,low,volume,amount
2015-07-10,67.53,68.13,68.13,63.68,17274214.0,272715328.0
2015-07-09,56.29,61.93,61.93,56.29,27012656.0,377917440.0
2015-07-08,46.37,56.72,56.29,46.37,113000272.0,1330855808.0
2015-07-07,54.28,54.66,51.54,51.54,19879936.0,242233872.0
2015-07-06,65.73,65.73,57.27,53.77,46644168.0,646362304.0
2015-07-03,63.26,69.67,59.75,59.75,32005568.0,465579648.0
2015-07-02,74.03,76.72,66.38,66.38,26296436.0,434942048.0
2015-07-01,77.62,82.4,73.73,72.66,26744744.0,497146304.0
2015-06-30,71.16,79.07,78.98,65.95,38105640.0,634041472.0
2015-06-29,84.54,84.62,73.26,73.26,28707452.0,513617696.0
2015-06-26,88.26,88.26,81.38,81.38,19951008.0,385139232.0
2015-06-25,100.65,101.12,90.39,89.2,19440144.0,440018144.0
2015-06-24,96.38,100.22,98.64,96.17,26197260.0,602599808.0
2015-06-23,99.16,100.78,96.08,89.5,25118494.0,553198720.0
2015-06-19,106.42,109.24,99.46,99.46,21924148.0,534073152.0
2015-06-18,110.65,116.25,110.48,108.99,27831584.0,736254464.0
2015-06-17,115.4,115.7,110.65,104.07,31002402.0,800431872.0
2015-06-16,108.45,114.94,114.22,106.11,39276440.0,1037767040.0
2015-06-15,109.08,114.05,109.85,109.08,32973230.0,869134656.0
2015-06-12,104.0,111.2,108.66,104.0,35687712.0,910268480.0
2015-06-11,104.93,105.39,104.0,102.64,20941436.0,511441920.0
2015-06-10,102.64,107.01,104.97,100.73,27980346.0,685705664.0
2015-06-09,100.94,103.91,102.64,100.26,23156316.0,558018048.0
2015-06-08,106.03,107.43,101.66,100.26,28412324.0,690218560.0
2015-06-05,106.54,110.48,105.82,100.94,32239292.0,811404608.0
2015-06-04,109.21,110.19,104.84,98.91,26646648.0,653417536.0
2015-06-03,111.84,111.84,109.08,104.59,34862968.0,896508928.0
2015-06-02,99.33,109.08,109.08,97.72,40174464.0,984633600.0
2015-06-01,94.16,100.47,99.16,94.16,20670828.0,477260640.0
2015-05-29,95.98,98.31,93.27,88.22,23938984.0,533875968.0
2015-05-28,103.06,105.56,95.56,95.0,27037020.0,646387648.0
2015-05-27,105.52,105.52,103.36,99.25,28236364.0,681372288.0
2015-05-26,102.43,105.95,104.67,102.43,29040130.0,713572352.0
2015-05-25,97.89,103.66,102.0,97.55,28488122.0,679884224.0
2015-05-22,103.4,105.99,100.47,96.7,28647716.0,681596288.0
2015-05-21,97.04,105.18,102.98,97.04,32140992.0,766890624.0
2015-05-20,95.85,103.1,96.74,95.85,42125676.0,990983168.0
2015-05-19,87.37,94.07,93.73,87.37,25269654.0,538877504.0
2015-05-18,87.16,89.7,87.2,85.67,14848179.0,308375136.0
2015-05-15,92.03,92.03,87.62,86.94,20103036.0,419982016.0
2015-05-14,91.95,94.24,92.12,91.19,18399584.0,400685440.0
2015-05-13,94.16,94.16,91.91,90.42,25286898.0,546080192.0
2015-05-12,94.54,95.85,93.48,90.97,29794508.0,652588672.0
2015-05-11,89.24,96.66,94.2,87.2,31428346.0,681057792.0
2015-05-08,85.16,88.56,88.05,85.16,20015184.0,410526784.0
2015-05-07,85.89,88.01,84.27,83.98,17760614.0,360333184.0
2015-05-06,85.93,89.62,86.99,84.91,33452040.0,691353024.0
2015-05-05,86.1,89.41,83.98,82.7,29824508.0,602658752.0
2015-05-04,86.48,90.17,85.67,85.16,26731078.0,549885120.0
2015-04-30,90.34,92.46,86.61,86.52,32205100.0,672624448.0
2015-04-29,93.56,93.56,90.13,86.14,52444116.0,1113724672.0
2015-04-21,80.29,85.5,85.04,80.29,34396576.0,678309568.0
2015-04-20,79.65,84.83,79.95,78.72,50566424.0,969771968.0
2015-04-17,75.71,81.81,79.82,74.65,46083228.0,856397184.0
2015-04-16,72.61,76.17,75.71,70.66,31175630.0,544878528.0
2015-04-15,73.03,77.06,74.65,72.02,36257468.0,642141312.0
2015-04-14,75.03,75.03,73.08,72.78,19012588.0,329600480.0
2015-04-13,74.18,75.49,75.07,73.03,21315820.0,374287520.0
2015-04-10,70.91,74.52,74.09,70.91,22775292.0,394271616.0
2015-04-09,74.22,74.22,70.79,69.64,24983324.0,418809728.0
2015-04-08,76.26,76.94,74.01,72.1,26932136.0,471985184.0
2015-04-07,75.49,77.02,76.26,74.65,28638252.0,508129920.0
2015-04-03,73.54,75.32,75.07,72.82,23955296.0,420861376.0
2015-04-02,72.44,74.26,73.63,72.31,23689552.0,409334048.0
2015-04-01,71.0,72.44,72.14,71.0,22861602.0,387277952.0
2015-03-31,72.86,72.95,71.68,67.86,35839728.0,599904192.0
2015-03-30,72.02,74.69,72.95,72.02,19261612.0,332243232.0
2015-03-27,71.34,72.74,72.02,70.62,20057984.0,339945984.0
2015-03-26,72.99,76.22,71.51,70.45,37922292.0,653567040.0
2015-03-25,70.83,77.11,73.88,70.32,41185632.0,721036416.0
2015-03-24,68.07,72.44,71.51,67.9,50687332.0,835880320.0
2015-03-23,67.22,67.78,67.69,66.33,34779448.0,550530752.0
2015-03-20,68.58,69.34,67.1,67.01,23966030.0,382286080.0
2015-03-19,67.86,69.85,68.37,67.14,24232072.0,392101536.0
2015-03-18,67.35,68.07,67.86,66.38,23267560.0,368878656.0
2015-03-17,67.94,68.41,67.31,66.29,32386606.0,514569824.0
2015-03-16,64.47,68.92,67.9,64.0,33824756.0,531448960.0
2015-03-13,63.45,64.42,64.13,62.47,16153808.0,241852240.0
2015-03-12,64.34,64.85,63.11,62.05,21169552.0,315208256.0
2015-03-11,61.71,64.38,64.0,61.62,25614204.0,382475808.0
2015-03-10,60.99,62.69,61.46,60.99,18955264.0,276254176.0
2015-03-09,58.44,61.75,61.12,58.1,21230428.0,302326368.0
2015-03-06,60.69,61.03,58.27,58.1,17245000.0,240098720.0
2015-03-05,61.71,62.26,60.56,60.06,15251799.0,218605840.0
2015-03-04,59.97,61.5,61.5,59.38,19015552.0,269991808.0
2015-03-03,61.24,61.24,59.97,59.76,16920516.0,241614736.0
2015-03-02,61.5,62.98,61.46,60.69,18789996.0,274371456.0
2015-02-27,59.38,61.8,61.29,59.34,18703720.0,269581248.0
2015-02-26,59.51,59.8,59.25,58.4,12175437.0,169668944.0
2015-02-25,57.51,59.97,59.59,57.17,18115450.0,252141728.0
2015-02-17,58.32,58.44,57.43,57.21,9121778.0,123785304.0
2015-02-16,57.98,58.53,57.85,56.96,14960771.0,204182864.0
2015-02-13,56.92,57.68,57.6,56.62,11692061.0,157640608.0
2015-02-12,55.05,57.0,56.79,54.75,8556284.0,113286056.0
2015-02-11,55.31,55.81,54.84,54.46,7151667.0,92703424.0
2015-02-10,54.12,55.56,55.52,54.08,4781850.0,61920616.0
2015-02-09,56.41,56.58,54.29,54.03,10284796.0,133212768.0
2015-02-06,58.19,58.7,56.75,56.49,10599189.0,143312176.0
2015-02-05,56.83,58.95,58.19,56.15,23870200.0,325876448.0
2015-02-04,56.75,57.21,55.9,55.69,12153782.0,162215408.0
2015-02-03,55.35,56.96,56.75,55.18,10934671.0,144834144.0
2015-02-02,54.33,55.81,55.26,54.03,5874890.0,76184864.0
2015-01-30,55.39,55.73,54.54,53.86,6228770.0,80589024.0
2015-01-29,55.22,56.03,54.92,54.8,6971571.0,91143432.0
2015-01-28,56.2,56.28,55.98,55.43,7917904.0,104434744.0
2015-01-27,57.09,57.21,56.62,55.52,9079931.0,120783704.0
2015-01-26,55.35,56.41,56.15,55.18,9040039.0,119159464.0
2015-01-23,57.13,57.17,55.31,55.18,11390044.0,150237392.0
2015-01-22,57.05,57.89,57.17,56.7,10147681.0,137114928.0
2015-01-21,56.41,57.26,57.05,56.03,15554335.0,208452784.0
2015-01-20,53.91,56.41,56.37,53.91,16602321.0,216827776.0
2015-01-19,52.59,55.39,53.61,51.53,14658311.0,186738192.0
2015-01-16,53.86,54.46,53.74,53.06,11404951.0,144266912.0
2015-01-15,53.48,55.77,53.82,53.31,11454171.0,147389984.0
2015-01-14,53.65,54.92,53.44,53.23,13860490.0,177101856.0
2015-01-13,50.47,53.61,53.14,50.47,13072461.0,161698848.0
2015-01-12,51.36,51.91,50.9,50.51,6667460.0,80297808.0
2015-01-09,50.51,52.59,51.49,50.51,11297954.0,138663232.0
2015-01-08,50.9,51.4,50.9,50.13,8745216.0,104673560.0
2015-01-07,51.23,52.25,51.23,50.39,12474196.0,150841568.0
2015-01-06,48.44,51.23,51.15,47.97,18296984.0,217010416.0
2015-01-05,47.59,48.6,48.44,46.27,11194656.0,126095928.0
2014-12-31,46.99,48.1,47.5,46.7,9353486.0,104853320.0
2014-12-30,49.96,49.96,47.08,45.21,22254858.0,247767056.0
2014-12-29,52.63,52.76,50.0,48.99,20291584.0,240897200.0
2014-12-26,53.27,53.27,52.59,52.42,9767997.0,121197408.0
2014-12-25,54.29,54.59,53.4,52.89,11018628.0,139053920.0
2014-12-24,53.19,54.2,53.95,52.55,6691828.0,84456584.0
2014-12-23,53.69,55.31,53.14,52.34,11463803.0,146108368.0
2014-12-22,54.5,55.31,53.31,52.21,10805828.0,136584560.0
2014-12-19,54.8,55.09,53.65,52.17,14437513.0,181145808.0
2014-12-18,55.77,56.15,54.8,54.63,11010536.0,142944016.0
2014-12-17,57.21,57.34,55.77,55.05,11202763.0,147277456.0
2014-12-16,57.72,58.02,57.09,56.45,9863905.0,132317112.0
2014-12-15,56.83,57.85,57.55,56.32,11257929.0,152136832.0
2014-12-12,55.94,57.26,57.13,55.65,10027167.0,133551096.0
2014-12-11,55.39,56.45,55.81,54.63,8497676.0,111412448.0
2014-12-10,53.69,55.56,55.26,53.48,10249138.0,132198120.0
2014-12-09,58.32,58.32,53.69,53.44,20487812.0,270635104.0
2014-12-08,56.83,58.95,58.44,55.98,16600135.0,226888928.0
2014-12-05,58.53,58.95,56.88,55.14,24484732.0,328385440.0
2014-12-04,59.38,60.56,59.25,58.95,15262346.0,214104608.0
2014-12-03,59.38,59.38,59.04,57.21,15506600.0,212634336.0
2014-12-02,58.57,60.18,59.38,58.57,12157156.0,170576112.0
2014-12-01,61.37,63.62,59.55,59.46,18095440.0,260329104.0
2014-11-28,61.96,63.36,61.46,60.56,16380218.0,238992112.0
2014-11-27,62.56,62.77,62.09,60.78,19301420.0,280924992.0
2014-11-26,58.91,62.77,62.05,58.91,24496454.0,354955456.0
2014-11-25,57.21,59.04,58.74,57.17,16339162.0,224615312.0
2014-11-24,56.45,57.3,56.66,55.35,10106428.0,133685936.0
2014-11-21,56.03,57.0,56.28,56.03,5562748.0,74104240.0
2014-11-20,55.39,56.75,56.03,55.14,8359911.0,110531104.0
2014-11-19,54.24,56.54,55.77,53.99,7238695.0,94620848.0
2014-11-18,54.24,54.88,54.37,53.86,3284412.0,42092992.0
2014-11-17,54.46,55.14,54.24,53.86,6155663.0,79198320.0
2014-11-14,54.5,55.22,54.63,53.95,3432525.0,44261940.0
2014-11-13,55.52,56.79,54.71,54.16,8403881.0,109737264.0
2014-11-12,53.14,55.26,55.22,53.1,4465676.0,57097768.0
2014-11-11,55.05,55.52,53.06,53.02,12431272.0,158742528.0
2014-11-10,56.37,56.83,54.75,54.67,9159744.0,119485896.0
2014-11-07,58.78,59.12,56.32,56.11,8204210.0,110943496.0
2014-11-06,58.1,58.74,58.57,56.7,7418004.0,100682416.0
2014-11-05,57.72,59.12,58.19,57.72,6426135.0,88487832.0
2014-11-04,59.08,59.76,58.61,58.44,11165407.0,155127792.0
2014-11-03,55.81,59.0,59.0,55.48,16456662.0,225120000.0
2014-10-31,57.21,57.26,55.94,55.14,6377661.0,84157768.0
2014-10-30,56.41,57.09,56.66,56.11,7364939.0,98441336.0
2014-10-29,56.28,56.58,55.98,55.6,6829456.0,90324840.0
2014-10-28,54.2,56.54,55.98,54.2,9205034.0,120804448.0
2014-10-27,52.21,54.03,53.91,51.32,4860139.0,60634804.0
2014-10-24,52.42,53.06,52.12,52.04,4696326.0,58202732.0
2014-10-23,53.78,54.33,52.42,51.83,6379681.0,79440744.0
2014-10-22,55.14,55.52,54.33,54.33,5480118.0,70893640.0
2014-10-21,55.31,56.28,55.09,54.75,7655789.0,100163592.0
2014-10-20,54.29,55.01,54.75,54.2,4512853.0,58225292.0
2014-10-17,55.48,55.56,54.16,52.97,13334980.0,170092784.0
2014-10-16,56.11,56.79,55.81,55.81,10045387.0,132917056.0
2014-10-15,57.68,57.68,56.96,55.31,9841322.0,131099048.0
2014-10-14,57.89,59.16,56.79,55.73,14348210.0,193333424.0
2014-10-13,59.29,59.29,57.6,55.56,11019851.0,147876400.0
2014-10-10,56.96,59.76,58.27,56.88,12684787.0,175528864.0
2014-10-09,57.21,57.98,57.81,56.49,15065473.0,203662848.0
2014-10-08,55.48,57.21,57.21,54.2,18833568.0,247461648.0
2014-09-30,55.22,55.86,55.14,54.37,9613168.0,124429040.0
2014-09-29,55.18,56.32,55.18,54.37,12301704.0,160570480.0
2014-09-26,56.15,56.15,54.97,53.95,13790824.0,178601056.0
2014-09-25,57.64,57.94,56.49,56.15,11102503.0,148674512.0
2014-09-24,56.15,58.74,57.09,55.94,18157768.0,246870320.0
2014-09-23,56.03,56.54,55.94,55.14,11343291.0,149580032.0
2014-09-22,56.66,57.68,55.14,54.97,15999248.0,210687584.0
2014-09-19,54.5,58.02,56.62,53.69,17438772.0,230472896.0
2014-09-18,52.89,54.97,54.33,52.21,12686253.0,160820256.0
2014-09-17,52.85,54.67,53.69,50.39,22352836.0,276353760.0
2014-09-16,55.26,58.53,53.82,52.63,31298240.0,411432512.0
2014-09-15,52.17,55.14,54.88,52.08,23913804.0,303850272.0
2014-09-12,51.53,52.29,51.95,51.11,10410500.0,126947616.0
2014-09-11,49.54,54.37,51.95,49.54,31570964.0,386242080.0
2014-09-10,47.76,50.77,50.13,46.65,21530056.0,246322784.0
2014-09-09,48.05,48.35,47.76,47.03,9636449.0,108039512.0
2014-09-05,47.12,48.14,47.97,46.95,12766246.0,142725920.0
2014-09-04,47.46,48.1,47.38,46.78,11289864.0,126079744.0
2014-09-03,46.31,47.71,47.46,46.23,19315668.0,214085184.0
2014-09-02,47.25,48.18,46.78,46.06,14646355.0,162597216.0
2014-09-01,43.94,46.82,46.7,43.52,12072874.0,130160248.0
2014-08-29,43.26,43.52,43.52,42.92,2510250.0,25616642.0
2014-08-28,44.49,44.87,42.96,42.75,8018791.0,82482024.0
2014-08-27,44.28,44.58,44.58,43.69,4750289.0,49378824.0
2014-08-26,44.96,45.17,44.11,43.52,4846629.0,50579244.0
2014-08-25,45.89,45.89,44.83,44.11,5958503.0,63213140.0
2014-08-22,45.34,46.36,45.85,45.0,5387789.0,58331648.0
2014-08-21,46.27,46.27,45.8,44.58,11914832.0,127617352.0
2014-08-20,46.06,46.99,46.57,45.3,8855245.0,96182432.0
2014-08-19,45.68,46.65,46.06,45.21,11645415.0,126983176.0
2014-08-18,44.7,45.8,45.68,44.53,8968376.0,95821328.0
2014-08-15,44.58,45.21,44.74,44.07,7875501.0,82653392.0
2014-08-14,44.24,46.1,44.58,44.24,11488839.0,122421784.0
2014-08-13,43.56,44.74,44.7,43.18,13491086.0,140554720.0
2014-08-12,43.39,43.6,43.13,42.92,4154677.0,42269840.0
2014-08-11,43.52,43.69,43.43,42.96,4660826.0,47572012.0
2014-08-08,42.88,43.64,43.47,42.84,5630741.0,57525708.0
2014-08-07,43.13,43.26,43.05,42.62,6505988.0,65865020.0
2014-08-06,41.56,43.39,43.22,41.14,13165415.0,131822528.0
2014-08-05,41.65,41.73,41.56,41.14,7225777.0,70670352.0
2014-08-04,40.97,41.65,41.56,40.72,5847555.0,56936536.0
2014-08-01,41.86,41.86,41.27,41.18,8137276.0,79425568.0
2014-07-31,41.48,42.03,41.86,41.4,5302437.0,52193124.0
2014-07-30,42.03,42.03,41.69,41.1,7995121.0,78272336.0
2014-07-29,42.2,42.79,42.07,41.86,7811366.0,77885208.0
2014-07-28,41.14,42.03,41.99,40.97,5648531.0,55525260.0
2014-07-25,40.59,41.31,41.05,40.5,4705325.0,45468900.0
2014-07-24,40.97,40.97,40.55,39.87,4565733.0,43293492.0
2014-07-23,41.14,41.9,40.8,40.29,6798726.0,65998396.0
2014-07-22,40.04,41.01,40.8,39.74,5729232.0,54975724.0
2014-07-21,42.16,42.33,39.87,39.74,8875129.0,84580808.0
2014-07-18,42.24,43.01,42.07,41.9,3711139.0,37175652.0
2014-07-17,42.41,42.71,42.45,41.78,6682061.0,66507868.0
2014-07-16,44.66,44.7,42.88,42.84,7743246.0,79555936.0
2014-07-15,43.18,44.62,44.58,43.13,9863572.0,102261280.0
2014-07-14,42.88,43.47,43.09,42.58,6295174.0,63845568.0
2014-07-11,43.52,43.69,42.84,42.03,12745280.0,127677704.0
2014-07-10,44.66,47.03,43.69,43.35,15334981.0,159858640.0
2014-07-09,43.05,45.72,44.74,42.88,18629684.0,194055344.0
2014-07-08,42.41,43.43,43.35,42.33,7913378.0,80112712.0
2014-07-07,42.41,43.77,42.41,41.95,12828238.0,129139496.0
2014-07-04,41.05,42.58,42.28,41.05,9696993.0,96056712.0
2014-07-03,41.61,42.28,41.14,40.97,5882661.0,57680896.0
2014-07-02,40.25,41.78,41.61,40.08,9168300.0,88997176.0
2014-07-01,40.29,40.46,40.25,39.74,3204084.0,30314746.0
2014-06-30,40.42,41.05,40.29,40.08,4411227.0,42140100.0
2014-06-27,40.21,40.84,40.42,40.21,3621240.0,34541348.0
2014-06-26,39.66,40.63,40.5,39.66,5442741.0,51737612.0
2014-06-25,38.94,39.61,39.53,38.59,2695304.0,24972412.0
2014-06-24,38.94,39.19,39.06,38.34,2077276.0,19029844.0
2014-06-23,38.85,39.57,38.77,38.59,2141817.0,19722578.0
2014-06-20,37.87,38.81,38.77,37.15,2601638.0,23293666.0
2014-06-19,38.94,39.57,37.96,37.49,4286801.0,39031584.0
2014-06-18,40.16,40.67,39.02,38.89,4345862.0,40273880.0
2014-06-17,40.21,40.84,40.5,39.87,5203955.0,49447416.0
2014-06-16,39.44,41.56,40.21,39.27,11706897.0,112199168.0
2014-06-13,37.87,39.7,39.4,37.53,11690818.0,107803704.0
2014-06-12,38.3,38.38,37.87,37.66,3826606.0,34119960.0
2014-06-11,37.41,38.38,38.21,37.24,4966645.0,44565632.0
2014-06-10,37.03,37.49,37.37,36.56,3522080.0,30827834.0
2014-06-09,36.94,37.28,36.94,36.56,3869973.0,33781604.0
2014-06-06,37.11,37.2,37.07,36.56,3726407.0,32355714.0
2014-06-05,36.94,37.24,37.2,36.39,2687257.0,23375428.0
2014-06-04,37.2,37.32,36.94,36.9,2059337.0,17978456.0
2014-06-03,37.53,37.53,37.15,37.07,2436947.0,21386572.0
2014-05-30,37.03,37.92,37.49,36.77,3783164.0,33327776.0
2014-05-29,37.92,37.92,37.15,37.11,4906847.0,43227860.0
2014-05-28,36.9,38.17,38.0,36.73,5898631.0,52074300.0
2014-05-27,37.15,37.37,36.86,36.69,3429770.0,29891210.0
2014-05-26,36.81,37.32,37.28,36.6,4244321.0,37159092.0
2014-05-23,36.3,36.86,36.81,36.22,2049132.0,17642690.0
2014-05-22,36.73,37.32,36.35,36.22,3376387.0,29276328.0
2014-05-21,36.01,36.77,36.69,35.16,5019698.0,42566856.0
2014-05-20,37.19,37.48,35.97,35.6,7393046.0,64011308.0
2014-05-19,37.44,37.44,36.9,36.48,2987325.0,26272018.0
2014-05-16,37.23,37.95,37.36,36.06,6924837.0,61174432.0
2014-05-15,39.58,39.83,37.65,37.36,5561674.0,50759628.0
2014-05-14,39.41,39.91,39.2,38.99,3654326.0,34365784.0
2014-05-13,38.78,39.87,39.41,38.15,8573131.0,80142928.0
2014-05-12,37.82,38.57,38.53,37.82,5871347.0,53460360.0
2014-05-09,38.62,38.7,37.65,36.98,4182234.0,37670592.0
2014-05-08,38.83,39.66,38.62,37.19,7439406.0,68219720.0
2014-05-07,39.24,39.96,38.78,38.03,3990271.0,37323132.0
2014-05-06,38.49,40.0,39.54,37.9,6553184.0,61681460.0
2014-05-05,37.4,38.53,38.49,37.23,3386244.0,30629172.0
2014-04-30,36.73,37.73,37.48,36.73,2054518.0,18308930.0
2014-04-29,37.52,37.61,36.65,36.23,4670267.0,40975156.0
2014-04-28,38.87,38.99,37.23,36.9,4037255.0,36227888.0
2014-04-25,38.24,39.87,38.87,38.24,4321643.0,40485540.0
2014-04-24,39.41,39.96,38.78,38.49,6483063.0,60422380.0
2014-04-23,39.33,39.96,39.54,38.83,7158577.0,67141448.0
2014-04-22,40.46,40.84,39.2,38.15,8437675.0,78089720.0
2014-04-21,41.47,41.93,40.46,40.46,5499432.0,53891244.0
2014-04-18,41.84,42.72,41.97,41.72,4805183.0,48351308.0
2014-04-17,40.46,42.85,41.84,40.46,7682507.0,76977992.0
2014-04-16,39.96,40.42,40.34,39.75,3135411.0,30005288.0
2014-04-15,40.67,40.71,39.91,39.83,4585348.0,43833708.0
2014-04-14,42.35,42.35,40.84,39.79,8075073.0,78581776.0
2014-04-11,41.76,42.68,42.39,41.01,4991072.0,49950044.0
2014-04-10,42.39,42.56,41.51,41.26,5643892.0,56182968.0
2014-04-09,42.47,43.52,42.39,42.26,3558472.0,36346200.0
2014-04-08,41.05,42.77,42.3,40.71,5335538.0,53583584.0
2014-04-04,39.03,41.34,41.01,38.99,4771991.0,45957188.0
2014-04-03,39.62,40.21,39.41,38.83,5488093.0,51746560.0
2014-04-02,38.41,40.04,39.62,38.24,7077893.0,66441472.0
2014-04-01,37.19,39.29,38.41,36.9,5666658.0,51709464.0
2014-03-31,37.4,37.73,37.11,36.31,4596774.0,40465376.0
2014-03-28,38.99,39.2,37.65,37.32,5908206.0,53311316.0
2014-03-27,41.17,41.17,38.91,38.49,10425313.0,98028888.0
2014-03-26,41.01,41.59,41.38,40.71,3334769.0,32931830.0
2014-03-25,41.34,41.59,41.17,40.17,4731276.0,46030352.0
2014-03-24,42.05,42.52,41.51,40.88,5097181.0,50437176.0
2014-03-21,41.51,42.43,42.05,39.91,6879039.0,67250968.0
2014-03-20,42.77,43.4,41.38,41.3,4928528.0,49966180.0
2014-03-19,42.68,43.35,43.02,42.35,5290939.0,54111184.0
2014-03-18,42.39,43.19,42.77,42.1,5669084.0,57780592.0
2014-03-17,42.35,42.98,42.3,41.84,7299127.0,73319936.0
2014-03-14,41.72,43.02,42.43,41.34,4048130.0,40908120.0
2014-03-13,41.13,42.56,41.93,41.09,5543091.0,55565216.0
2014-03-12,41.26,42.68,41.09,40.88,5661639.0,56348236.0
2014-03-11,39.87,42.56,41.68,39.83,7769283.0,77444256.0
2014-03-10,44.91,44.99,40.96,40.92,12203516.0,123779168.0
2014-03-07,46.29,46.29,45.45,44.32,10366009.0,111672152.0
2014-03-06,47.17,47.17,46.41,44.86,5260141.0,58019008.0
2014-03-05,46.92,47.63,47.17,46.25,5620212.0,62914988.0
2014-03-04,47.38,47.8,46.88,45.78,7904370.0,88145896.0
2014-03-03,46.88,48.22,48.05,46.46,9167436.0,103791528.0
2014-02-28,46.33,47.42,47.17,44.44,9954594.0,109311384.0
2014-02-27,45.62,47.67,45.7,45.07,12781432.0,142172336.0
2014-02-26,46.04,46.92,45.62,43.48,14977776.0,160509504.0
2014-02-25,47.38,49.27,46.08,45.37,23055888.0,261929184.0
2014-02-24,45.28,47.17,47.17,44.95,14775471.0,162794496.0
2014-02-21,43.86,45.49,44.86,43.56,9106804.0,97056416.0
2014-02-20,44.23,45.45,43.73,43.4,14067355.0,149306704.0
2014-02-19,45.16,45.2,44.44,42.93,15832151.0,165004208.0
2014-02-18,46.2,46.46,45.24,45.07,8713062.0,94515840.0
2014-02-17,44.91,46.46,46.16,44.44,10975204.0,118936928.0
2014-02-14,45.66,46.46,45.66,44.23,12046727.0,130377952.0
2014-02-13,46.08,47.67,46.12,44.95,13410192.0,148451344.0
2014-02-12,46.75,46.75,46.16,44.91,11545176.0,126119480.0
2014-02-11,45.74,48.17,46.67,44.91,18726552.0,208280704.0
2014-02-10,42.26,47.04,45.74,42.05,26135572.0,284578400.0
2014-02-07,42.93,43.19,42.77,41.22,13998311.0,140687888.0
2014-01-30,40.54,42.73,42.73,40.46,11613065.0,115958224.0
2014-01-29,39.2,41.47,40.67,39.2,11487398.0,110729720.0
2014-01-28,39.2,40.0,39.29,38.78,10990867.0,103533528.0
2014-01-27,37.73,40.29,39.2,37.73,16287850.0,152390480.0
2014-01-24,37.61,38.57,38.28,37.32,7423844.0,67420096.0
2014-01-23,37.69,38.15,37.69,37.23,6998259.0,63176196.0
2014-01-22,36.69,38.15,37.69,36.69,8609505.0,76840104.0
2014-01-21,37.11,37.19,36.56,36.35,4509598.0,39453020.0
2014-01-20,36.52,37.44,36.85,36.02,6033664.0,53100688.0
2014-01-17,36.27,37.27,36.69,35.64,7518720.0,65684168.0
2014-01-16,36.39,37.44,36.27,36.06,10111030.0,88623408.0
2014-01-15,36.02,36.52,36.31,35.09,7616132.0,65427652.0
2014-01-14,33.25,36.27,36.02,33.25,10361954.0,87117760.0
2014-01-13,34.13,34.63,33.5,33.42,4931386.0,39782268.0
2014-01-10,34.38,35.09,34.59,33.75,6319112.0,51747128.0
2014-01-09,34.97,36.06,34.8,34.63,8455155.0,71319432.0
2014-01-08,34.76,35.85,34.93,34.76,8696229.0,73254816.0
2014-01-07,34.0,34.93,34.8,33.04,9459408.0,76952408.0
2014-01-06,35.22,35.85,34.26,34.21,9955633.0,82684728.0
2014-01-03,34.0,35.39,35.22,33.75,12522486.0,104152744.0
2014-01-02,34.21,34.3,34.0,33.67,4952462.0,40080624.0
2013-12-31,34.21,34.3,34.13,33.84,3908415.0,31740540.0
2013-12-30,34.42,34.72,34.3,33.58,8107642.0,65756800.0
2013-12-27,33.29,34.76,34.42,32.91,12518426.0,102035744.0
2013-12-26,32.16,33.79,33.38,32.08,18945944.0,148698000.0
2013-12-25,32.58,32.58,32.2,31.57,12112228.0,92088456.0
2013-12-24,32.62,32.91,32.66,32.2,7712261.0,59844692.0
2013-12-23,32.24,33.38,32.66,32.24,7801318.0,61018096.0
2013-12-20,32.03,33.08,32.49,31.86,11543704.0,89560344.0
2013-12-19,32.28,33.12,32.28,31.7,21370096.0,164961824.0
2013-12-18,35.64,36.06,33.58,33.58,25294900.0,203524928.0
2013-12-17,36.94,37.32,37.32,35.85,9020947.0,78859784.0
2013-12-16,37.11,37.65,37.27,36.56,6942511.0,61483796.0
2013-12-13,35.89,37.65,37.4,35.68,8548881.0,75331136.0
2013-12-12,35.72,36.31,36.23,35.6,4623150.0,39684544.0
2013-12-11,36.73,36.73,36.02,35.77,7317991.0,62880836.0
2013-12-10,36.81,37.02,36.9,36.06,8355572.0,72744776.0
2013-12-09,37.23,37.95,37.11,36.1,11183583.0,98015856.0
2013-12-06,38.16,38.66,37.23,36.94,9071066.0,81339624.0
2013-12-05,37.95,38.78,38.45,37.15,14424542.0,130475040.0
2013-12-04,35.39,38.11,37.99,35.22,19555432.0,172501472.0
2013-12-03,34.21,35.81,35.43,33.75,11691621.0,98281808.0
2013-12-02,34.8,35.97,34.26,33.88,18315104.0,151785408.0
2013-11-29,33.88,35.93,35.6,33.79,23668080.0,199371760.0
2013-11-28,33.12,34.05,33.79,32.91,15311339.0,122786608.0
2013-11-27,32.83,33.79,33.16,32.62,9879940.0,78328328.0
2013-11-26,32.75,33.96,32.75,32.41,10993250.0,87166448.0
2013-11-25,31.86,33.42,32.91,31.49,12464498.0,97635008.0
2013-11-22,31.66,32.24,31.95,31.66,5691833.0,43310676.0
2013-11-21,32.28,32.33,31.82,31.57,9435427.0,71758376.0
2013-11-20,32.33,33.25,32.62,31.95,12737247.0,98819480.0
2013-11-19,34.17,34.17,32.62,32.08,32579526.0,255984496.0
2013-11-18,29.01,31.86,31.86,29.01,15664027.0,117424520.0
2013-11-15,28.3,29.1,28.97,28.18,5019168.0,34476452.0
2013-11-14,28.09,28.39,28.18,27.63,3846651.0,25747790.0
2013-11-13,28.93,29.06,28.09,27.92,4224866.0,28576834.0
2013-11-12,29.06,29.43,29.01,28.8,3403377.0,23536316.0
2013-11-11,29.43,29.56,29.18,29.18,2520125.0,17650396.0
2013-11-08,28.97,29.52,29.14,28.93,2631922.0,18323390.0
2013-11-07,29.48,29.81,29.14,28.59,4215719.0,29426968.0
2013-11-06,29.56,30.15,29.68,29.22,5003005.0,35402808.0
2013-11-05,29.81,29.81,29.52,28.85,3750819.0,26160168.0
2013-11-04,29.64,30.06,29.81,29.56,2973918.0,21095882.0
2013-11-01,29.98,29.98,29.73,29.56,2738184.0,19430700.0
2013-10-31,30.19,30.48,29.81,29.68,4445496.0,31853294.0
2013-10-30,28.72,30.31,30.15,28.51,8004064.0,56728052.0
2013-10-29,30.06,30.19,28.89,27.92,5261159.0,36673400.0
2013-10-28,30.19,30.52,30.02,29.64,3979376.0,28459218.0
2013-10-25,29.56,30.82,30.19,29.56,6878417.0,49951168.0
2013-10-24,29.81,29.98,29.64,29.43,2372084.0,16789178.0
2013-10-23,30.52,30.52,29.98,29.56,4870194.0,34766000.0
2013-10-22,30.73,30.94,30.52,30.27,4512708.0,32883846.0
2013-10-21,29.85,30.94,30.73,29.6,6303395.0,45605776.0
2013-10-18,30.4,30.44,29.77,29.56,7894321.0,56097036.0
2013-10-17,30.82,31.07,30.44,30.4,5756123.0,42208116.0
2013-10-16,31.45,31.45,30.77,30.65,4786306.0,35242480.0
2013-10-15,31.28,31.61,31.32,31.07,5278395.0,39413212.0
2013-10-14,31.11,31.28,31.24,30.82,5053669.0,37428260.0
2013-10-11,31.03,31.36,31.07,30.82,5829672.0,43169832.0
2013-10-10,31.4,31.53,30.94,30.65,4769425.0,35217888.0
2013-10-09,31.53,31.78,31.4,31.11,6638887.0,49601376.0
2013-10-08,31.11,31.53,31.53,30.61,6154830.0,45424592.0
2013-09-30,32.7,32.7,31.36,30.61,10398841.0,77578872.0
2013-09-27,33.0,33.29,32.37,32.2,7166468.0,55698716.0
2013-09-26,31.03,33.33,32.66,31.03,13146286.0,101962832.0
2013-09-25,31.28,31.66,31.03,30.98,4461929.0,33322384.0
2013-09-24,31.95,31.95,31.32,31.19,5663929.0,42432164.0
2013-09-23,31.74,32.03,31.82,31.15,4362676.0,32956074.0
2013-09-18,31.66,32.03,31.74,31.03,2636260.0,19764042.0
2013-09-17,32.33,32.54,31.57,31.49,3354778.0,25516970.0
2013-09-16,31.53,32.33,32.24,31.28,4687933.0,35812504.0
2013-09-13,31.36,31.78,31.53,31.03,2829378.0,21184444.0
2013-09-12,31.47,31.97,31.51,31.45,2385942.0,36039828.0
2013-09-11,31.57,31.95,31.86,30.77,2643199.0,39557200.0
2013-09-10,32.24,32.33,31.55,31.32,3616570.0,54516388.0
2013-09-09,33.12,33.16,32.14,32.08,4645161.0,71824352.0
2013-09-06,32.89,33.04,32.64,32.37,2274521.0,35421320.0
2013-09-05,32.37,33.02,32.87,32.08,2507423.0,39116436.0
2013-09-04,32.41,33.06,32.37,32.03,3486669.0,54144840.0
2013-09-03,31.38,32.45,32.39,31.17,3548666.0,54374384.0
2013-09-02,30.63,31.4,31.4,30.57,1842343.0,27411482.0
2013-08-30,32.49,32.6,31.01,30.82,4312568.0,65030332.0
2013-08-29,32.08,32.73,32.49,32.08,2910206.0,45049012.0
2013-08-28,32.28,32.33,32.16,31.76,3676524.0,56209476.0
2013-08-27,32.75,32.77,32.49,31.82,3667143.0,56372440.0
2013-08-26,32.39,33.02,32.7,32.39,4153458.0,64689352.0
2013-08-23,33.31,33.35,32.33,32.03,3870795.0,60383104.0
2013-08-22,33.23,33.54,33.16,33.0,3066448.0,48526688.0
2013-08-21,33.86,34.28,33.12,32.81,5681298.0,89795832.0
2013-08-20,35.64,35.97,33.94,33.44,9319907.0,151951152.0
2013-08-19,33.12,34.78,34.78,32.93,5414670.0,88555048.0
2013-08-16,33.54,34.07,33.19,33.16,3187536.0,51082524.0
2013-08-15,32.91,33.35,33.14,32.54,2346384.0,36877304.0
2013-08-14,33.29,33.71,32.98,32.89,2671178.0,42343888.0
2013-08-13,33.69,33.79,33.31,33.14,2707223.0,43066336.0
2013-08-12,33.23,34.17,33.63,33.23,2692587.0,43366380.0
2013-08-09,32.81,34.02,33.16,32.73,2932419.0,46678704.0
2013-08-08,32.81,33.33,32.81,32.24,3077282.0,48022180.0
2013-08-07,33.02,34.02,33.02,32.85,4996277.0,79718840.0
2013-08-06,31.97,33.44,33.12,31.97,5108526.0,80261272.0
2013-08-05,32.01,32.47,31.86,31.53,3640980.0,55593436.0
2013-08-02,31.97,32.68,31.78,31.45,4494280.0,68308072.0
2013-08-01,31.38,32.2,31.97,31.03,6572784.0,99256816.0
2013-07-31,29.73,31.66,31.47,29.73,6333403.0,93982752.0
2013-07-30,30.38,30.82,29.77,29.41,3650753.0,52206828.0
2013-07-29,30.61,31.43,30.71,29.77,5617233.0,82388408.0
2013-07-26,28.93,30.96,30.57,28.7,6915219.0,99670784.0
2013-07-25,29.66,29.87,28.89,28.76,3461424.0,48079404.0
2013-07-24,28.68,29.71,29.62,28.57,5094275.0,71296144.0
2013-07-23,27.92,28.85,28.64,27.71,3367816.0,45843792.0
2013-07-22,27.3,28.3,28.03,27.3,1789963.0,23919882.0
2013-07-19,28.51,28.76,27.63,27.63,2220084.0,29971028.0
2013-07-18,28.3,28.66,28.47,27.59,2717789.0,36540260.0
2013-07-17,29.66,29.89,28.36,28.11,5030035.0,69304152.0
2013-07-16,29.56,29.89,29.66,29.08,3303408.0,46521168.0
2013-07-15,28.05,29.48,29.37,28.05,4448286.0,61862564.0
2013-07-12,28.78,29.1,28.49,28.45,3315332.0,45508156.0
2013-07-11,28.32,29.12,28.83,28.13,4050416.0,55504348.0
2013-07-10,27.92,28.45,28.32,27.67,2651874.0,35652472.0
2013-07-09,27.99,28.45,28.09,27.76,1892754.0,25320952.0
2013-07-08,28.24,29.08,28.05,27.27,2419468.0,32609010.0
2013-07-05,28.76,29.33,28.41,28.34,2515577.0,34660512.0
2013-07-04,28.82,29.56,28.93,28.57,3671907.0,51021124.0
2013-07-03,29.35,29.35,29.04,28.34,3896953.0,53683716.0
2013-07-02,28.09,29.58,29.54,27.69,5681721.0,78202128.0
2013-07-01,27.11,27.88,27.78,26.56,2881626.0,37650760.0
2013-06-28,26.79,27.76,27.11,26.5,1918432.0,24984514.0
2013-06-27,27.57,28.28,27.04,27.04,4136429.0,54932760.0
2013-06-26,26.75,28.03,27.73,26.75,4257824.0,55809656.0
2013-06-25,25.2,27.23,27.02,24.23,5358771.0,66331720.0
2013-06-24,26.18,26.62,25.58,25.05,2835682.0,35019260.0
2013-06-21,25.97,26.67,26.27,25.39,3896595.0,48637188.0
2013-06-20,27.25,27.55,26.31,26.0,2888547.0,37076796.0
2013-06-19,28.28,28.28,27.38,27.15,3579508.0,46793372.0
2013-06-18,28.74,28.93,28.39,27.95,2402537.0,32452744.0
2013-06-17,28.93,29.31,28.74,28.47,2338522.0,32206078.0
2013-06-14,27.46,29.1,28.93,27.46,3834659.0,52081776.0
2013-06-13,27.21,27.88,27.61,26.0,2601041.0,33268712.0
2013-06-07,27.76,28.47,27.34,27.25,2791202.0,36983196.0
2013-06-06,28.72,28.99,27.76,27.63,3419722.0,45961164.0
2013-06-05,28.64,29.25,28.95,28.53,1831382.0,25285774.0
2013-06-04,29.43,29.77,28.64,28.05,3790479.0,52179220.0
2013-06-03,30.19,30.19,29.43,29.2,3956140.0,55677160.0
2013-05-31,30.73,30.8,30.34,30.29,2756455.0,40050400.0
2013-05-30,30.5,30.92,30.8,30.08,4069598.0,59313236.0
2013-05-29,29.41,30.9,30.5,29.35,5061634.0,73229928.0
2013-05-28,29.58,29.62,29.37,28.83,4384219.0,61238376.0
2013-05-27,28.91,29.87,29.79,28.51,5855503.0,81655448.0
2013-05-24,26.94,28.7,28.7,26.94,4628518.0,61917536.0
2013-05-23,27.67,28.16,26.92,26.83,3634393.0,47734808.0
2013-05-22,28.85,28.93,27.8,27.57,3719895.0,50002140.0
2013-05-21,28.55,28.83,28.83,28.18,3027874.0,41222996.0
2013-05-20,28.59,28.7,28.55,28.22,4359877.0,59183752.0
2013-05-17,27.99,28.72,28.49,27.67,6010281.0,81006696.0
2013-05-16,26.27,28.24,28.09,26.2,7213309.0,94779536.0
2013-05-15,26.41,26.73,26.52,26.08,4515335.0,56714300.0
2013-05-14,26.9,27.78,26.41,26.27,3322416.0,42395504.0
2013-05-13,27.4,27.4,27.18,26.72,4599863.0,60665392.0
2013-05-10,26.07,26.85,26.85,25.7,3976563.0,51059120.0
2013-05-09,26.27,26.6,26.15,25.7,3075309.0,39050516.0
2013-05-08,26.07,26.5,26.35,25.74,3790166.0,48185356.0
2013-05-07,25.86,26.43,26.17,25.82,4037524.0,51420900.0
2013-05-06,25.55,26.15,25.86,25.49,3701535.0,46507744.0
2013-05-03,25.47,25.84,25.68,25.14,3712865.0,46159476.0
2013-05-02,24.67,25.37,25.22,24.44,2073554.0,25288886.0
2013-04-26,24.87,25.59,24.83,24.67,3375449.0,41261068.0
2013-04-25,24.46,25.35,24.83,24.21,4589542.0,55412180.0
2013-04-24,23.41,24.77,24.26,23.41,4077879.0,47869272.0
2013-04-23,24.46,24.5,23.23,23.23,1958200.0,22539762.0
2013-04-22,24.15,24.57,24.42,23.89,1869108.0,22030284.0
2013-04-19,23.76,24.5,24.38,23.76,1875570.0,22207144.0
2013-04-18,23.62,24.11,23.87,23.56,1430853.0,16577191.0
2013-04-17,23.58,24.11,24.01,23.58,2126013.0,24761142.0
2013-04-16,23.02,23.58,23.54,22.63,1526947.0,17344098.0
2013-04-15,23.23,23.7,23.15,22.51,2411741.0,27039330.0
2013-04-12,23.64,23.97,23.23,23.19,2669706.0,30377728.0
2013-04-11,23.64,24.61,23.8,23.58,3314957.0,38381936.0
2013-04-10,24.24,24.46,24.36,24.09,1255170.0,14818311.0
2013-04-09,24.5,24.63,24.34,24.17,2132191.0,25279460.0
2013-04-08,24.81,24.81,24.44,23.76,2000499.0,23613398.0
2013-04-03,25.0,25.12,25.0,24.69,1136667.0,13798176.0
2013-04-02,25.63,25.86,24.91,24.75,2447329.0,29938644.0
2013-04-01,25.7,26.09,25.63,25.32,2614797.0,32729446.0
2013-03-29,24.59,26.21,25.59,24.59,5058795.0,62715924.0
2013-03-28,24.83,24.83,24.26,24.26,2247514.0,26762412.0
2013-03-27,25.18,25.47,24.87,24.77,1474883.0,17961108.0
2013-03-26,25.92,25.92,25.32,24.98,3348518.0,41169232.0
2013-03-25,24.93,26.0,25.8,24.73,4645245.0,58057812.0
2013-03-22,25.22,25.45,24.95,24.83,2580621.0,31462898.0
2013-03-21,24.65,25.28,25.22,24.42,3043343.0,37023584.0
2013-03-20,23.8,24.67,24.67,23.54,2520052.0,29876130.0
2013-03-19,23.87,24.15,23.8,23.43,844090.0,9739230.0
2013-03-18,24.13,24.36,23.89,23.41,845117.0,9780544.0
2013-03-15,23.62,24.46,23.93,23.25,1714332.0,20035414.0
2013-03-14,23.25,23.78,23.54,23.25,604469.0,6913751.0
2013-03-13,23.97,24.03,23.45,22.84,985515.0,11210266.0
2013-03-12,24.85,24.85,23.91,23.7,1944346.0,22827806.0
2013-03-11,24.79,25.47,24.85,24.63,1500571.0,18153928.0
2013-03-08,24.5,25.02,24.81,24.5,926356.0,11178634.0
2013-03-07,25.18,25.59,24.77,24.42,2836718.0,34421112.0
2013-03-06,23.6,25.24,25.18,23.6,3305963.0,39852080.0
2013-03-05,23.21,23.8,23.56,23.15,2034909.0,23213344.0
2013-03-04,24.26,24.61,23.21,22.61,3726763.0,42901976.0
2013-03-01,24.48,24.83,24.63,24.28,1407637.0,16802952.0
2013-02-28,23.82,24.63,24.63,23.64,1946890.0,22893332.0
2013-02-27,24.11,24.48,23.78,23.45,2505457.0,29177534.0
2013-02-26,24.5,25.18,24.11,24.01,3018089.0,36119120.0
2013-02-25,24.91,25.24,24.79,24.67,2536973.0,30802340.0
2013-02-22,24.87,25.14,24.91,24.05,3928214.0,47340468.0
2013-02-21,24.71,25.78,24.87,24.59,6492997.0,79554568.0
2013-02-20,24.57,25.18,24.87,24.46,3455540.0,41938524.0
2013-02-19,24.48,25.02,24.57,24.05,5204882.0,62394100.0
2013-02-18,23.11,24.71,24.48,22.98,8710332.0,102320976.0
2013-02-08,22.67,23.23,23.09,22.51,2377483.0,26490746.0
2013-02-07,22.53,22.84,22.61,22.43,1310954.0,14400416.0
2013-02-06,22.57,22.65,22.53,22.41,1388826.0,15212509.0
2013-02-05,22.78,22.78,22.53,22.32,1564127.0,17086068.0
2013-02-04,22.82,22.94,22.71,22.49,2047894.0,22554440.0
2013-02-01,22.67,22.88,22.73,22.65,1151179.0,12737528.0
2013-01-31,22.94,23.0,22.71,22.63,1771067.0,19637982.0
2013-01-30,22.88,23.23,22.92,22.63,2949385.0,32990670.0
2013-01-29,22.36,23.06,22.71,22.22,2829813.0,31318324.0
2013-01-28,21.58,22.41,22.36,21.58,1784581.0,19232838.0
2013-01-25,21.52,21.62,21.46,21.4,1463322.0,15300481.0
2013-01-24,22.3,22.45,21.52,21.21,3069041.0,32439596.0
2013-01-23,22.0,22.39,22.36,21.85,1519760.0,16355463.0
2013-01-22,22.32,22.49,22.0,21.87,1929764.0,20794790.0
2013-01-21,22.67,22.71,22.36,22.1,2578499.0,28018974.0
2013-01-18,22.1,23.41,22.78,22.0,2593321.0,28850420.0
2013-01-17,22.08,22.47,22.22,21.75,4234663.0,45471664.0
2013-01-16,23.09,23.15,22.57,21.97,4397043.0,48251652.0
2013-01-15,23.25,23.35,23.13,22.9,3664299.0,41205496.0
2013-01-14,22.57,23.39,23.23,22.45,3367742.0,37899024.0
2013-01-11,22.92,23.0,22.57,22.2,4710893.0,51705972.0
2013-01-10,22.92,23.45,22.92,22.82,5110339.0,57417060.0
2013-01-09,22.24,23.31,23.02,22.22,9180628.0,102183640.0
2013-01-08,21.79,22.88,22.18,21.69,7365654.0,79994296.0
2013-01-07,21.69,22.14,22.0,21.58,5876540.0,62412348.0
2013-01-04,20.58,22.32,22.14,20.58,12810536.0,135552672.0
2012-12-31,20.14,20.62,20.29,20.14,3197358.0,31698990.0
2012-12-28,19.8,20.27,20.27,19.63,2797900.0,27225940.0
2012-12-27,20.52,20.56,19.9,19.9,3421988.0,33551918.0
2012-12-26,20.56,20.7,20.54,20.14,2684642.0,26695438.0
2012-12-25,20.04,20.76,20.56,19.96,3703448.0,36804020.0
2012-12-24,19.45,20.25,20.21,19.36,4584193.0,44563696.0
2012-12-21,19.57,19.92,19.49,19.38,3018751.0,28792042.0
2012-12-20,19.55,19.88,19.77,19.45,3545328.0,33886056.0
2012-12-19,19.12,20.29,19.69,19.06,6740660.0,65210740.0
2012-12-18,19.3,19.63,19.24,19.12,2994440.0,28229474.0
2012-12-17,18.91,19.73,19.49,18.91,4867395.0,46132680.0
2012-12-14,18.19,19.12,19.08,18.09,3983343.0,36515800.0
2012-12-13,18.71,18.79,18.21,18.19,1801257.0,16187737.0
2012-12-12,18.75,19.1,18.79,18.54,2658838.0,24218602.0
2012-12-11,18.52,19.26,19.01,18.52,4956051.0,45676424.0
2012-12-10,18.23,18.97,18.83,18.13,4422012.0,40023816.0
2012-12-07,18.56,19.49,18.48,18.32,5192212.0,47069336.0
2012-12-06,17.93,18.07,17.82,17.76,1730830.0,15063675.0
2012-12-05,17.68,18.34,18.09,17.47,3981621.0,34807656.0
2012-12-04,17.29,17.78,17.64,17.27,2369298.0,20094068.0
2012-12-03,17.31,17.47,17.31,17.12,1441823.0,12130463.0
2012-11-30,16.96,17.23,17.1,16.77,933388.0,7754058.0
2012-11-29,17.29,17.47,16.96,16.77,1238988.0,10341349.0
2012-11-28,17.31,17.31,17.12,16.9,823097.0,6869383.0
2012-11-27,17.84,17.99,17.31,17.31,1849272.0,15766593.0
2012-11-26,18.87,18.87,17.9,17.88,2417884.0,21558178.0
2012-11-23,18.66,19.08,18.75,18.62,1686921.0,15443964.0
2012-11-22,19.04,19.04,18.79,18.62,1099193.0,10049136.0
2012-11-21,19.04,19.16,19.08,18.6,1809408.0,16636184.0
2012-11-20,18.87,19.14,19.08,18.71,2604188.0,24021482.0
2012-11-19,18.6,19.08,18.75,18.19,2742729.0,24934086.0
2012-11-16,18.3,18.48,18.42,18.19,1417991.0,12679302.0
2012-11-15,18.21,18.54,18.21,17.93,1431059.0,12716847.0
2012-11-14,18.4,18.54,18.27,17.88,1735478.0,15358974.0
2012-11-13,19.14,19.16,18.4,18.32,2584899.0,23391722.0
2012-11-12,19.2,19.38,19.18,18.91,1726096.0,16080242.0
2012-11-09,19.01,19.18,19.18,18.87,1743604.0,16160641.0
2012-11-08,19.45,19.63,19.02,18.91,3296191.0,30899908.0
2012-11-07,20.31,20.54,19.84,18.5,5940681.0,57298532.0
2012-11-06,19.98,21.67,20.41,19.94,9649524.0,96174840.0
2012-11-05,19.77,19.82,19.69,19.43,2051558.0,19515832.0
2012-11-02,19.38,20.1,19.9,19.38,5033077.0,48549232.0
2012-11-01,19.14,19.75,19.32,19.08,3926931.0,37138496.0
2012-10-31,18.85,19.12,19.1,18.79,1449091.0,13364451.0
2012-10-30,18.87,19.2,18.99,18.83,2440910.0,22557644.0
2012-10-29,18.15,19.26,18.95,18.11,5316423.0,48840356.0
2012-10-26,19.32,19.36,18.19,18.05,7226873.0,64940868.0
2012-10-25,21.19,21.23,19.47,19.3,8008797.0,78613328.0
2012-10-24,20.47,21.4,21.17,20.19,8147601.0,82909480.0
2012-10-23,20.35,20.68,20.5,19.84,7852157.0,77714176.0
2012-10-22,18.85,20.74,20.25,18.85,11764337.0,114097896.0
2012-10-19,19.08,19.24,19.1,18.6,3310756.0,30527338.0
2012-10-18,18.85,19.32,19.1,18.6,5608028.0,51783576.0
2012-10-17,18.97,19.24,18.95,18.77,8209109.0,75991352.0
2012-10-16,19.08,19.18,18.91,18.77,2982080.0,27580932.0
2012-10-15,19.26,19.41,19.14,18.62,4614639.0,42676540.0
2012-10-12,19.82,19.82,19.26,18.75,9595203.0,89667720.0
2012-10-11,18.36,19.45,19.45,18.36,7592648.0,71492944.0
2012-10-10,17.41,17.72,17.68,17.35,1137783.0,9720518.0
2012-10-09,17.14,17.66,17.53,17.14,2387325.0,20254966.0
2012-10-08,17.1,17.33,17.16,16.98,1037997.0,8653648.0
2012-09-28,16.96,17.16,17.06,16.77,1749792.0,14429078.0
2012-09-27,16.57,17.14,16.96,16.51,1685715.0,13781332.0
2012-09-26,17.08,17.29,16.69,16.65,881759.0,7273763.0
2012-09-25,17.84,17.99,17.16,17.06,1667009.0,14117305.0
2012-09-24,18.07,18.19,17.9,17.7,1211659.0,10568468.0
2012-09-21,17.88,18.15,18.13,17.86,1222083.0,10715240.0
2012-09-20,18.36,18.38,17.95,17.68,1587275.0,13953230.0
2012-09-19,18.42,18.71,18.4,18.19,1955217.0,17594366.0
2012-09-18,18.3,18.44,18.23,18.19,1897845.0,16888590.0
2012-09-17,19.04,19.12,18.32,18.21,3458023.0,31269098.0
2012-09-14,19.57,19.75,19.12,18.99,3430277.0,32107152.0
2012-09-13,19.22,19.86,19.45,19.18,5573010.0,53042856.0
2012-09-12,19.26,19.32,19.18,18.97,2380798.0,22170198.0
2012-09-11,19.2,19.36,19.18,18.93,2512956.0,23394668.0
2012-09-10,19.51,19.65,19.2,19.12,4798217.0,44977088.0
2012-09-07,19.43,20.02,19.51,19.32,3906293.0,37347384.0
2012-09-06,19.38,19.43,19.34,18.91,2337816.0,21804752.0
2012-09-05,19.84,19.84,19.24,19.2,3027930.0,28625940.0
2012-09-04,19.32,19.94,19.94,19.04,3707224.0,35170876.0
2012-09-03,19.32,19.55,19.43,19.01,2999335.0,28171492.0
2012-08-31,19.34,19.65,19.45,18.95,3036711.0,28511250.0
2012-08-30,18.77,19.84,19.38,18.75,6555303.0,61443564.0
2012-08-29,18.64,19.16,18.85,18.5,3677480.0,33942736.0
2012-08-28,18.13,18.85,18.64,17.93,2850669.0,25767204.0
2012-08-27,18.01,18.6,18.09,17.93,1635765.0,14484960.0
2012-08-24,18.71,18.77,18.11,18.11,2285799.0,20595862.0
2012-08-23,17.76,18.83,18.79,17.76,3653092.0,32679826.0
2012-08-22,17.7,18.21,17.88,17.68,1788628.0,15591812.0
2012-08-21,17.29,17.82,17.7,17.29,1419595.0,12205662.0
2012-08-20,17.8,17.8,17.47,17.06,1421019.0,12018776.0
2012-08-17,18.11,18.23,17.88,17.76,1005723.0,8757344.0
2012-08-16,18.09,18.34,18.13,18.05,837588.0,7416296.0
2012-08-15,18.4,18.48,18.19,18.17,1262342.0,11232627.0
2012-08-14,18.09,18.5,18.46,17.93,2059469.0,18241186.0
2012-08-13,18.91,19.04,18.15,18.13,4606534.0,41745216.0
2012-08-10,17.99,19.9,18.99,17.74,7123330.0,64423980.0
2012-08-09,18.17,18.17,18.13,17.68,2133651.0,18657690.0
2012-08-08,17.95,18.17,18.17,17.76,2205699.0,19283022.0
2012-08-07,18.19,18.27,18.05,17.84,2394314.0,21015326.0
2012-08-06,17.88,18.25,18.25,17.7,3671616.0,32264760.0
2012-08-03,17.49,18.15,18.07,17.33,1514073.0,13223186.0
2012-08-02,17.39,17.58,17.35,17.21,514563.0,4343944.0
2012-08-01,17.04,17.66,17.39,17.04,630918.0,5363839.0
2012-07-31,17.78,17.78,17.23,17.23,842340.0,7136798.0
2012-07-30,18.09,18.42,17.7,17.7,887524.0,7733738.0
2012-07-27,18.09,18.32,18.21,17.88,1363715.0,12049851.0
2012-07-26,18.25,18.36,18.05,17.88,2105261.0,18481066.0
2012-07-25,18.34,18.66,18.13,18.05,3660228.0,32767826.0
2012-07-24,17.78,18.42,18.34,17.64,3352950.0,29578146.0
2012-07-23,17.33,17.8,17.74,17.06,2213474.0,18927028.0
2012-07-20,17.47,17.82,17.35,17.33,1432608.0,12244336.0
2012-07-19,17.27,17.95,17.68,17.16,3306570.0,28397090.0
2012-07-18,17.23,17.29,17.27,16.82,2542621.0,21141532.0
2012-07-17,16.55,17.23,16.98,16.49,1949526.0,16081463.0
2012-07-16,17.06,17.33,16.65,16.59,2005755.0,16497146.0
2012-07-13,17.14,17.2,16.96,16.75,1273579.0,10481617.0
2012-07-12,16.86,17.29,17.1,16.75,1432370.0,11872399.0
2012-07-11,17.04,17.18,16.86,16.84,1586286.0,13074806.0
2012-07-10,16.79,17.27,16.94,16.49,948167.0,7819969.0
2012-07-09,17.47,17.49,16.88,16.82,1434472.0,11928893.0
2012-07-06,17.12,17.78,17.49,16.77,2204242.0,18434398.0
2012-07-05,17.47,17.49,17.06,16.9,1500568.0,12464830.0
2012-07-04,17.68,17.74,17.55,17.29,1547063.0,13155393.0
2012-07-03,17.88,18.07,17.6,17.51,2455461.0,21308232.0
2012-07-02,18.17,18.17,17.88,17.78,1370101.0,11920355.0
2012-06-29,18.42,18.42,17.9,17.41,1635363.0,14150824.0
2012-06-28,18.54,18.6,18.42,18.32,561815.0,5036380.0
2012-06-27,18.44,18.77,18.54,18.42,573629.0,5176373.0
2012-06-26,18.5,18.62,18.54,18.27,508588.0,4562413.0
2012-06-25,18.93,19.16,18.54,18.46,623376.0,5660921.0
2012-06-21,19.53,19.55,19.18,19.12,757702.0,7083281.0
2012-06-20,19.34,19.73,19.53,19.16,1272274.0,12069683.0
2012-06-19,19.77,19.92,19.3,19.24,1404730.0,13409464.0
2012-06-18,19.69,19.94,19.71,19.51,1422434.0,13590872.0
2012-06-15,19.28,20.29,19.69,19.22,2913532.0,27965960.0
2012-06-14,19.43,19.63,19.14,19.04,1229786.0,11539816.0
2012-06-13,18.79,19.49,19.49,18.71,1984631.0,18600448.0
2012-06-12,18.64,18.87,18.79,18.48,666307.0,6070511.0
2012-06-11,18.6,18.73,18.66,18.3,617710.0,5578537.0
2012-06-08,18.71,18.83,18.44,18.19,595653.0,5356970.0
2012-06-07,18.44,18.75,18.46,18.32,932996.0,8403289.0
2012-06-06,18.42,18.5,18.3,18.19,598704.0,5336337.0
2012-06-05,18.4,18.54,18.38,18.21,665185.0,5950117.0
2012-06-04,19.08,19.08,18.32,18.27,1434024.0,12976680.0
2012-06-01,19.18,19.36,19.24,19.14,664932.0,6222033.0
2012-05-31,19.22,19.38,19.28,18.99,791556.0,7397969.0
2012-05-30,18.91,19.53,19.3,18.91,1062410.0,9936872.0
2012-05-29,18.93,19.3,19.1,18.89,1554142.0,14454838.0
2012-05-28,18.11,18.97,18.93,18.11,978643.0,8863926.0
2012-05-25,19.69,19.69,18.52,18.5,2184922.0,20120012.0
2012-05-24,19.84,19.88,19.53,19.51,1266070.0,12127644.0
2012-05-23,20.14,20.19,19.88,19.86,715502.0,6957226.0
2012-05-22,20.1,20.19,20.14,19.94,786189.0,7684019.0
2012-05-21,20.08,20.1,19.94,19.65,715518.0,6929578.0
2012-05-18,20.14,20.39,20.12,19.98,978049.0,9593109.0
2012-05-17,20.12,20.37,20.37,19.65,1323958.0,12947207.0
2012-05-16,19.82,20.19,19.94,19.59,1222818.0,11820410.0
2012-05-15,20.14,20.14,19.8,19.47,1853271.0,17858050.0
2012-05-11,20.82,20.97,20.47,20.43,1649497.0,16595154.0
2012-05-10,20.74,20.91,20.82,20.6,1129297.0,11422243.0
2012-05-09,21.54,21.54,20.76,20.76,1778095.0,18193070.0
2012-05-08,21.52,21.71,21.54,21.19,1997108.0,20894704.0
2012-05-07,20.95,21.67,21.61,20.82,2530504.0,26021822.0
2012-05-04,20.8,21.15,21.07,20.76,1636196.0,16695684.0
2012-05-03,20.8,20.95,20.89,20.68,1417025.0,14369472.0
2012-05-02,20.8,21.03,20.8,20.68,2157719.0,21850538.0
2012-04-27,20.54,20.66,20.6,20.25,1542520.0,15338258.0
2012-04-26,20.56,20.91,20.54,20.17,3146490.0,31343924.0
2012-04-25,20.78,20.93,20.93,20.45,2703761.0,27196452.0
2012-04-24,21.79,22.14,20.8,20.25,4114060.0,41965628.0
2012-04-23,22.92,22.96,22.06,21.91,2017106.0,21809716.0
2012-04-20,22.43,23.0,22.82,22.43,2814944.0,31148914.0
2012-04-19,22.14,22.82,22.71,22.0,1911947.0,20890486.0
2012-04-18,21.77,22.47,22.28,21.44,1818148.0,19458830.0
2012-04-17,22.59,22.59,21.73,21.71,1941547.0,20784698.0
2012-04-16,22.41,22.98,22.61,22.41,1853722.0,20526962.0
2012-04-13,22.0,22.84,22.71,21.95,3904569.0,42783008.0
2012-04-12,21.17,22.2,22.04,20.82,2667698.0,27938798.0
2012-04-11,20.68,21.15,20.95,20.56,1192220.0,12118758.0
2012-04-10,20.76,21.13,21.05,20.29,1253099.0,12595669.0
2012-04-09,20.97,21.32,20.84,20.76,899547.0,9188363.0
2012-04-06,21.01,21.17,21.01,20.78,1416365.0,14455688.0
2012-04-05,20.1,21.09,20.99,20.0,1962345.0,19754558.0
2012-03-30,19.94,20.19,20.0,19.8,1441134.0,14005118.0
2012-03-29,20.72,20.72,19.94,19.32,2873644.0,28230028.0
2012-03-28,22.16,22.16,20.66,20.58,2953601.0,30700622.0
2012-03-27,22.14,22.82,22.22,22.1,2345148.0,25632346.0
2012-03-26,22.61,22.92,22.14,21.79,2720635.0,29267906.0
2012-03-23,23.02,23.31,22.71,22.61,2040230.0,22710168.0
2012-03-22,23.13,23.35,23.31,22.73,2196745.0,24599700.0
2012-03-21,23.66,23.84,23.19,22.67,3803213.0,42725624.0
2012-03-20,24.26,24.26,23.64,23.43,4534545.0,52291532.0
2012-03-19,24.26,24.44,24.34,23.76,5005806.0,58783896.0
2012-03-16,23.13,25.04,24.48,23.13,10111773.0,118991696.0
2012-03-15,22.82,23.21,23.11,22.41,5672370.0,63312540.0
2012-03-14,23.95,25.02,22.84,22.32,10540129.0,122343048.0
2012-03-13,23.93,24.15,23.91,23.56,6225881.0,72060296.0
2012-03-12,23.11,24.36,24.07,23.02,14068307.0,162086784.0
2012-03-09,23.06,23.35,23.25,22.73,8856012.0,99200744.0
2012-03-08,23.43,24.05,23.33,23.15,17314268.0,197829568.0
2012-03-07,20.7,23.04,23.04,20.52,12069680.0,131557696.0
2012-03-06,21.03,21.07,20.95,20.45,3181083.0,32133888.0
2012-03-05,20.86,21.48,20.93,20.86,3489281.0,35924120.0
2012-03-02,20.33,20.78,20.78,20.33,2512946.0,25213128.0
2012-03-01,20.12,20.56,20.35,20.1,2304639.0,22784342.0
2012-02-29,20.68,20.72,20.27,20.21,2967292.0,29548478.0
2012-02-28,20.89,20.93,20.56,20.39,3320687.0,33300184.0
2012-02-27,21.11,21.52,20.93,20.91,3917511.0,40480084.0
2012-02-24,20.74,21.01,20.95,20.64,3549302.0,35999212.0
2012-02-23,20.97,21.13,20.8,20.56,4097569.0,41546416.0
2012-02-22,20.35,21.01,20.97,20.31,4673888.0,46977684.0
2012-02-21,20.45,20.52,20.25,19.75,2970946.0,29080012.0
2012-02-20,20.7,20.72,20.37,20.35,3095509.0,30944630.0
2012-02-17,20.66,20.82,20.45,20.23,3128412.0,31123416.0
2012-02-16,20.1,20.86,20.74,19.96,5254967.0,52193180.0
2012-02-15,19.86,20.21,20.1,19.53,3437440.0,33295522.0
2012-02-14,19.75,20.19,19.96,19.63,2410233.0,23339864.0
2012-02-13,19.43,19.86,19.73,19.34,1972291.0,18872024.0
2012-02-10,19.61,19.84,19.59,19.43,2193729.0,20956812.0
2012-02-09,19.38,19.92,19.57,19.22,2779578.0,26596496.0
2012-02-08,18.89,19.47,19.43,18.81,2284112.0,21293028.0
2012-02-07,19.32,19.32,18.87,18.81,1724642.0,15923317.0
2012-02-06,19.34,19.57,19.41,19.16,1714439.0,16144456.0
2012-02-03,18.93,19.38,19.3,18.93,1998863.0,18689838.0
2012-02-02,18.71,19.08,19.08,18.64,1636084.0,15065928.0
2012-02-01,18.42,18.97,18.71,18.34,1894337.0,17229974.0
2012-01-31,18.66,18.81,18.54,18.36,1043266.0,9385544.0
2012-01-30,18.5,18.83,18.69,18.5,1230415.0,11191155.0
2012-01-20,18.52,18.87,18.56,18.46,1598960.0,14531001.0
2012-01-19,18.3,18.6,18.32,17.88,2167928.0,19283400.0
2012-01-18,18.54,18.89,18.17,18.07,1598902.0,14372286.0
2012-01-17,17.78,18.64,18.58,17.57,1818843.0,16193158.0
2012-01-16,17.88,18.19,17.6,17.55,991462.0,8573719.0
2012-01-13,19.14,19.2,17.99,17.78,2330031.0,20850444.0
2012-01-12,19.28,19.53,19.16,18.97,1681443.0,15756445.0
2012-01-11,19.24,19.51,19.36,19.08,2308956.0,21661856.0
2012-01-10,18.54,19.45,19.24,18.54,3172976.0,29444142.0
2012-01-09,17.86,18.66,18.66,17.53,2007559.0,17849460.0
2012-01-06,17.6,17.97,17.86,17.1,1337728.0,11369219.0
2012-01-05,18.66,18.77,17.68,17.47,2192324.0,19373142.0
2012-01-04,19.43,19.53,18.73,18.73,1608352.0,15091105.0
