date,open,high,close,low,volume,amount
2015-07-10,18.41,19.99,19.99,18.35,17603348.0,169576688.0
2015-07-09,16.51,18.17,18.17,16.51,17598536.0,151331248.0
2015-07-08,14.47,17.35,16.51,14.47,46701024.0,353063744.0
2015-07-07,16.25,17.27,16.09,16.09,11196420.0,89727064.0
2015-07-06,20.91,20.91,17.86,17.11,28473556.0,257755296.0
2015-07-03,19.93,21.5,19.01,18.41,22014858.0,211678176.0
2015-07-02,21.97,23.22,20.46,20.05,20626470.0,216848080.0
2015-07-01,24.16,25.02,22.09,22.09,18948072.0,221622752.0
2015-06-30,22.5,24.71,24.55,20.68,20213676.0,221623600.0
2015-06-29,26.04,26.04,22.97,22.95,17138108.0,202687408.0
2015-06-26,27.59,27.59,25.51,25.51,16491386.0,212927216.0
2015-06-25,30.09,30.13,28.35,27.65,14152957.0,201294080.0
2015-06-24,28.82,30.25,29.9,28.82,16328917.0,235953376.0
2015-06-23,28.61,29.41,29.19,25.98,16898724.0,231890048.0
2015-06-19,31.68,31.68,28.84,28.84,16008142.0,236896016.0
2015-06-18,32.8,33.68,32.05,31.95,15058493.0,243016528.0
2015-06-17,33.58,33.58,33.21,31.02,16827240.0,266739840.0
2015-06-16,34.36,34.36,33.01,32.33,17577248.0,288219520.0
2015-06-15,35.4,35.69,34.77,34.68,19433192.0,333564800.0
2015-06-12,34.97,36.79,35.4,34.56,26213628.0,460500960.0
2015-06-11,33.46,35.13,34.95,32.93,23445240.0,391036192.0
2015-06-10,32.33,33.99,33.38,32.33,18468944.0,302281536.0
2015-06-09,33.15,33.68,33.25,32.31,18188456.0,292559040.0
2015-06-08,34.09,34.7,33.15,33.07,20426022.0,335728480.0
2015-06-05,33.72,35.4,34.07,33.31,28067064.0,471146848.0
2015-06-04,33.64,33.68,33.34,30.31,25836072.0,410054016.0
2015-06-03,31.82,34.74,33.68,31.82,34411444.0,563479808.0
2015-06-02,30.64,31.68,31.68,30.25,27244692.0,414475104.0
2015-06-01,28.65,30.25,30.19,28.29,21502000.0,310004576.0
2015-05-29,28.23,29.39,28.49,26.36,24154436.0,333526016.0
2015-05-28,31.25,32.39,28.29,28.27,34093668.0,513515456.0
2015-05-27,32.15,32.35,31.41,30.66,29763760.0,459107488.0
2015-05-26,30.29,31.99,31.76,29.84,32374628.0,487476448.0
2015-05-25,28.98,30.62,30.25,28.63,30125640.0,440130656.0
2015-05-22,29.43,29.53,29.06,28.45,29872276.0,423738048.0
2015-05-21,27.8,28.8,28.53,27.59,24076100.0,333162272.0
2015-05-20,28.25,29.43,27.98,27.73,35469688.0,498816960.0
2015-05-19,27.41,28.61,28.02,26.98,25162788.0,342690976.0
2015-05-18,25.77,27.59,27.39,25.55,24215068.0,319025056.0
2015-05-15,27.08,27.08,25.98,25.85,18014964.0,231778160.0
2015-05-14,27.2,27.39,27.18,26.71,21564898.0,285739968.0
2015-05-13,26.55,27.18,26.94,25.88,23479816.0,307533728.0
2015-05-12,26.39,26.75,26.55,26.06,18781588.0,242460416.0
2015-05-11,25.1,26.32,26.04,24.65,18689616.0,232975888.0
2015-05-08,24.28,24.81,24.75,24.02,12951335.0,154650416.0
2015-05-07,25.65,25.65,23.91,23.83,17650064.0,211253024.0
2015-05-06,27.57,27.77,25.65,25.08,24419344.0,317127712.0
2015-05-05,27.45,28.41,27.45,27.2,29552372.0,401095936.0
2015-05-04,27.18,27.88,27.47,26.98,24136272.0,323503616.0
2015-04-30,27.86,29.53,27.41,27.29,50749436.0,708511040.0
2015-04-29,25.24,28.04,28.04,25.08,39968900.0,524436320.0
2015-04-28,26.49,27.12,25.49,25.34,28294152.0,363106176.0
2015-04-27,26.75,27.49,26.45,26.22,36973788.0,484764064.0
2015-04-24,25.91,26.94,26.9,25.57,43556816.0,564161664.0
2015-04-23,26.3,26.43,26.28,25.81,28918544.0,369421056.0
2015-04-22,26.39,26.63,26.3,25.98,43670496.0,562223168.0
2015-04-21,25.04,26.86,26.39,24.55,56050652.0,704592768.0
2015-04-20,23.81,25.32,25.14,23.55,47821536.0,574153536.0
2015-04-17,23.34,24.32,24.12,23.22,30310496.0,354279136.0
2015-04-16,22.79,23.44,23.22,22.48,14147992.0,159848864.0
2015-04-15,24.38,24.4,22.93,22.89,19874484.0,229837120.0
2015-04-14,24.36,24.57,24.46,23.95,23947584.0,284465088.0
2015-04-13,23.97,24.46,24.28,23.73,22217356.0,262701312.0
2015-04-10,23.4,23.89,23.83,23.16,18138792.0,210009392.0
2015-04-09,24.02,24.44,23.32,22.52,18563104.0,212014144.0
2015-04-08,24.63,24.63,24.08,23.55,24799404.0,292873600.0
2015-04-07,23.93,25.12,24.71,23.77,34224988.0,409099168.0
2015-04-03,23.61,23.89,23.83,23.26,26451840.0,305698400.0
2015-04-02,23.4,24.04,23.81,23.16,28451620.0,327214240.0
2015-04-01,22.89,23.5,23.34,22.79,19970440.0,226292048.0
2015-03-31,23.3,23.32,22.87,22.81,19318482.0,217845568.0
2015-03-30,23.3,23.57,23.34,23.09,19426476.0,221674672.0
2015-03-27,23.55,23.69,23.34,22.95,19315444.0,220188064.0
2015-03-26,22.85,23.95,23.61,22.64,38912704.0,446448512.0
2015-03-25,21.89,23.03,22.97,21.89,26138592.0,288032192.0
2015-03-24,22.64,22.75,22.07,21.46,23901048.0,258977296.0
2015-03-23,22.26,22.87,22.73,22.07,26654330.0,293747040.0
2015-03-20,22.07,22.32,22.24,21.91,17019136.0,183888912.0
2015-03-19,21.97,22.36,22.28,21.73,24626578.0,265346992.0
2015-03-18,21.38,22.18,21.99,21.38,25229312.0,270238496.0
2015-03-17,21.36,21.6,21.54,21.15,24639764.0,257792560.0
2015-03-16,20.95,21.3,21.28,20.83,14796690.0,153223888.0
2015-03-13,20.7,20.93,20.89,20.68,7286636.0,74183568.0
2015-03-12,20.79,21.05,20.68,20.52,8877812.0,90303912.0
2015-03-11,21.17,21.36,20.79,20.68,13593182.0,139370304.0
2015-03-10,21.21,21.54,21.17,21.05,17066020.0,177512544.0
2015-03-09,21.48,21.48,21.15,20.93,17531526.0,181149936.0
2015-03-06,20.77,21.46,21.42,20.56,28787104.0,295804736.0
2015-03-05,20.58,20.83,20.5,20.21,14549546.0,145433488.0
2015-03-04,20.87,21.23,20.77,20.58,17761652.0,180721728.0
2015-03-03,20.4,20.85,20.79,20.15,21050876.0,211806272.0
2015-03-02,20.05,20.44,20.34,20.01,13661530.0,135362224.0
2015-02-27,19.89,20.19,20.01,19.87,9120583.0,89312920.0
2015-02-26,19.64,20.07,20.03,19.58,10341274.0,100473896.0
2015-02-25,19.87,19.87,19.6,19.54,6383239.0,61507272.0
2015-02-17,19.74,19.93,19.74,19.52,8741751.0,84381256.0
2015-02-16,19.33,19.74,19.68,19.33,7738898.0,74146096.0
2015-02-13,19.17,19.58,19.31,19.13,7043535.0,66901524.0
2015-02-12,19.15,19.38,19.13,18.93,4245207.0,39752936.0
2015-02-11,18.89,19.27,19.09,18.82,3668048.0,34303620.0
2015-02-10,18.7,18.84,18.8,18.58,3354362.0,30750678.0
2015-02-09,18.76,19.07,18.7,18.68,3679018.0,33959940.0
2015-02-06,19.17,19.31,18.82,18.62,5529197.0,51278628.0
2015-02-05,19.58,19.82,19.21,19.13,8740729.0,82912000.0
2015-02-04,19.66,20.54,19.58,19.38,13037782.0,127412304.0
2015-02-03,19.72,20.13,19.99,19.62,11799214.0,115038072.0
2015-02-02,19.15,19.99,19.58,19.09,11494140.0,110516888.0
2015-01-30,19.33,19.68,19.03,19.01,7193080.0,67786152.0
2015-01-29,19.52,19.82,19.4,19.31,9097934.0,87079808.0
2015-01-28,19.54,20.34,19.91,19.54,23255116.0,227392144.0
2015-01-27,19.38,19.64,19.48,19.11,9462853.0,89675800.0
2015-01-26,18.93,19.38,19.36,18.93,9037673.0,85073256.0
2015-01-23,19.21,19.52,18.93,18.82,15787310.0,148096592.0
2015-01-22,18.37,20.23,19.5,18.29,29163216.0,274978208.0
2015-01-21,17.74,18.52,18.48,17.68,14505773.0,128424760.0
2015-01-20,17.35,17.82,17.74,17.35,6443529.0,55600484.0
2015-01-19,17.95,17.95,17.35,16.55,7525476.0,64267908.0
2015-01-16,18.13,18.41,18.23,18.09,5114104.0,45609036.0
2015-01-15,18.23,18.48,18.29,18.11,4692284.0,42041480.0
2015-01-14,18.11,18.23,18.23,18.01,3814942.0,33827684.0
2015-01-13,17.68,18.15,18.09,17.54,4713939.0,41247872.0
2015-01-12,18.11,18.13,17.68,17.54,4650385.0,40394396.0
2015-01-09,18.39,18.56,18.13,18.13,6485843.0,58398632.0
2015-01-08,18.39,19.17,18.68,18.23,10785068.0,99509912.0
2015-01-07,18.39,18.5,18.41,18.05,6517099.0,58398216.0
2015-01-06,18.07,18.43,18.39,17.82,6799199.0,60459588.0
2015-01-05,17.64,18.29,18.15,17.37,6734226.0,58790112.0
2014-12-31,17.39,17.68,17.64,17.25,5951666.0,50947528.0
2014-12-30,18.19,18.29,17.39,17.37,7884581.0,68067032.0
2014-12-29,18.7,18.74,18.27,18.19,6348475.0,57033080.0
2014-12-26,18.62,18.74,18.74,18.5,5883373.0,53585884.0
2014-12-25,18.64,18.7,18.6,18.39,5657237.0,51321244.0
2014-12-24,18.19,18.76,18.46,18.19,5743665.0,52044136.0
2014-12-23,18.5,18.84,18.17,18.15,5646759.0,51134724.0
2014-12-22,20.07,20.21,18.5,18.21,11530218.0,107158672.0
2014-12-19,20.79,20.79,20.23,19.66,11252774.0,110873808.0
2014-12-18,20.56,21.05,20.79,20.44,8128420.0,82367400.0
2014-12-17,21.23,21.23,20.6,20.48,10759805.0,109714200.0
2014-12-16,21.01,21.5,21.23,20.56,18715868.0,192446176.0
2014-12-15,20.42,21.05,21.01,20.25,14339848.0,145930352.0
2014-12-12,20.5,20.58,20.44,20.25,7114914.0,71113128.0
2014-12-11,19.97,20.54,20.38,19.78,8753251.0,86331944.0
2014-12-10,19.21,20.07,20.03,19.11,8685332.0,83798336.0
2014-12-09,20.44,20.46,19.48,19.42,12975611.0,127221696.0
2014-12-08,20.23,20.85,20.44,19.97,9950195.0,99718416.0
2014-12-05,21.42,21.52,20.4,19.84,13735367.0,138423888.0
2014-12-04,20.87,21.42,21.4,20.87,14747752.0,153214464.0
2014-12-03,20.5,21.03,21.01,20.23,14409760.0,145536240.0
2014-12-02,20.27,20.66,20.5,20.23,7880823.0,79045416.0
2014-12-01,20.85,20.85,20.3,20.23,10359796.0,103025144.0
2014-11-28,21.36,21.52,20.89,20.79,15852547.0,163495216.0
2014-11-27,21.54,22.01,21.64,21.36,14053284.0,148696448.0
2014-11-26,21.54,21.62,21.54,21.11,13235526.0,138389792.0
2014-11-25,21.07,21.66,21.62,21.01,15746186.0,164438400.0
2014-11-24,20.93,21.09,21.05,20.7,13581865.0,138785488.0
2014-11-21,20.85,21.05,20.93,20.68,9911001.0,101276712.0
2014-11-20,20.54,21.07,20.81,20.46,15503985.0,158145392.0
2014-11-19,20.64,20.81,20.6,20.17,11390160.0,114368080.0
2014-11-18,20.54,20.77,20.54,20.44,5750945.0,57914984.0
2014-11-17,20.44,20.79,20.6,20.17,7429810.0,74671856.0
2014-11-14,20.01,20.36,20.36,19.82,5742879.0,56635196.0
2014-11-13,20.54,20.7,20.17,19.8,9464747.0,93489504.0
2014-11-12,20.48,20.79,20.5,20.05,12931735.0,129158368.0
2014-11-11,22.58,22.58,20.66,20.23,12010908.0,125589608.0
2014-11-10,22.01,22.44,22.38,21.97,6171756.0,67191552.0
2014-11-07,23.05,23.09,22.13,22.01,11712167.0,129537016.0
2014-11-06,22.79,23.28,22.95,22.69,12631397.0,141987856.0
2014-11-05,22.07,23.26,23.07,21.89,18879348.0,210119184.0
2014-11-04,22.62,22.62,22.16,22.09,6460898.0,70522920.0
2014-11-03,22.03,22.56,22.52,21.95,9822939.0,107252296.0
2014-10-31,22.3,22.38,22.13,21.6,8602427.0,92671816.0
2014-10-30,22.3,22.69,22.3,22.24,11239547.0,123406848.0
2014-10-29,22.36,22.6,22.46,22.11,13690421.0,149755296.0
2014-10-28,21.87,22.46,22.44,21.75,10621050.0,115232552.0
2014-10-27,21.44,21.89,21.81,21.17,6871193.0,72810488.0
2014-10-24,21.21,21.52,21.46,21.07,6436622.0,67128976.0
2014-10-23,21.68,21.83,21.17,20.93,11405011.0,118563360.0
2014-10-22,21.97,22.28,21.7,21.7,6280532.0,67579864.0
2014-10-21,22.73,22.73,22.07,22.07,7399439.0,80987104.0
2014-10-20,22.26,22.73,22.6,22.07,10558446.0,115337648.0
2014-10-17,22.79,23.01,22.11,21.56,13345227.0,145880224.0
2014-10-16,24.12,24.12,22.95,22.93,19228048.0,221665520.0
2014-10-15,24.48,25.0,24.3,23.91,14090673.0,167669168.0
2014-10-14,25.4,25.75,24.77,24.69,33671048.0,414738240.0
2014-10-13,24.02,24.98,24.85,23.93,26992848.0,323374176.0
2014-10-10,24.04,24.14,24.02,23.73,13027192.0,152624848.0
2014-10-09,24.4,24.5,24.12,23.73,16585472.0,195791024.0
2014-10-08,23.75,24.42,24.4,23.61,19670904.0,231143712.0
2014-09-30,24.14,24.48,23.75,23.55,29760104.0,347166144.0
2014-09-29,24.71,25.55,24.42,24.34,41409992.0,501169920.0
2014-09-26,24.53,25.53,25.12,24.28,33055538.0,404569504.0
2014-09-25,24.89,25.16,24.73,24.48,28420804.0,344514144.0
2014-09-24,25.28,25.61,24.91,24.24,30204128.0,367895840.0
2014-09-23,24.93,25.98,25.18,24.73,35086840.0,433056448.0
2014-09-22,24.42,26.69,25.53,24.1,64103280.0,802571776.0
2014-09-19,25.2,26.73,24.89,24.63,78257920.0,976514432.0
2014-09-18,21.99,25.16,25.16,21.77,55881460.0,650784960.0
2014-09-17,21.97,23.77,22.87,21.77,54174856.0,610030208.0
2014-09-16,22.24,22.6,21.6,21.52,39149612.0,425803584.0
2014-09-15,22.07,23.4,22.99,21.68,71824656.0,795913984.0
2014-09-12,19.93,21.28,21.28,19.93,28170516.0,286803840.0
2014-09-11,19.29,19.72,19.33,19.13,15081497.0,143224288.0
2014-09-10,19.33,19.76,19.54,19.23,12177754.0,116472368.0
2014-09-09,19.52,19.52,19.38,19.17,8760056.0,82837616.0
2014-09-05,19.74,19.78,19.5,19.25,10115548.0,96212104.0
2014-09-04,19.64,19.68,19.68,19.36,13294673.0,127016024.0
2014-09-03,19.29,19.95,19.7,19.15,22613960.0,216293344.0
2014-09-02,19.15,19.36,19.27,18.99,13249265.0,124110200.0
2014-09-01,18.89,19.11,19.09,18.86,7853574.0,73090680.0
2014-08-29,18.8,18.99,18.86,18.58,5106967.0,46852212.0
2014-08-28,18.68,19.5,19.03,18.68,11282840.0,105661928.0
2014-08-27,18.41,18.74,18.68,18.41,4792572.0,43743776.0
2014-08-26,18.7,18.82,18.64,18.45,6431682.0,58716868.0
2014-08-25,18.95,19.15,18.6,18.56,7782877.0,71675960.0
2014-08-22,18.78,19.09,19.07,18.72,9051771.0,84083976.0
2014-08-21,18.7,18.86,18.78,18.54,6401499.0,58485360.0
2014-08-20,18.89,19.07,18.76,18.72,8140540.0,75287176.0
2014-08-19,19.23,19.31,18.89,18.76,9972968.0,92794384.0
2014-08-18,19.07,19.21,19.17,18.93,6607828.0,61765812.0
2014-08-15,19.07,19.23,19.07,18.86,6864486.0,64012196.0
2014-08-14,19.05,19.46,19.11,18.8,11238098.0,105586832.0
2014-08-13,19.21,19.5,19.11,18.82,11569070.0,108430840.0
2014-08-12,19.15,19.52,19.36,18.89,16425609.0,154633184.0
2014-08-11,18.82,19.17,19.15,18.74,13112051.0,122040232.0
2014-08-08,18.82,19.21,18.89,18.62,11704085.0,108804552.0
2014-08-07,18.64,18.93,18.84,18.6,11160997.0,102483816.0
2014-08-06,19.01,19.01,18.7,18.46,16733069.0,153169008.0
2014-08-05,18.05,19.62,19.01,17.92,28289534.0,261299232.0
2014-08-04,17.86,18.15,18.01,17.64,5893636.0,51738016.0
2014-08-01,18.31,18.54,17.76,17.74,10366762.0,92192448.0
2014-07-31,18.43,18.46,18.33,18.09,8976894.0,80098816.0
2014-07-30,17.7,18.64,18.43,17.64,16332057.0,146342432.0
2014-07-29,17.58,17.86,17.7,17.56,7328317.0,63534700.0
2014-07-28,17.25,17.64,17.58,17.25,6735069.0,57750364.0
2014-07-25,16.98,17.27,17.25,16.98,5633987.0,47278008.0
2014-07-24,17.76,17.9,17.02,16.86,11695905.0,98722624.0
2014-07-23,18.52,18.6,17.66,17.58,10171886.0,89800400.0
2014-07-22,18.15,18.54,18.52,18.15,6431137.0,57917968.0
2014-07-21,18.62,18.62,18.11,18.03,6771249.0,60671664.0
2014-07-18,18.19,18.76,18.64,18.19,9746166.0,88363584.0
2014-07-17,18.43,18.68,18.19,17.99,9343255.0,83789184.0
2014-07-16,19.23,19.31,18.58,18.52,14484177.0,133534248.0
2014-07-15,18.64,19.36,19.31,18.41,19461192.0,180052400.0
2014-07-14,18.54,18.78,18.7,18.17,10063268.0,91287184.0
2014-07-11,18.68,18.95,18.54,18.21,14019005.0,127912072.0
2014-07-10,18.19,18.76,18.56,18.03,12573306.0,112988296.0
2014-07-09,18.56,19.17,18.29,18.27,22232044.0,202987248.0
2014-07-08,18.64,18.91,18.62,18.15,20417308.0,185099456.0
2014-07-07,17.62,18.76,18.68,17.56,28842710.0,257332960.0
2014-07-04,17.11,18.13,17.78,16.92,26152736.0,225519936.0
2014-07-03,17.09,17.13,17.11,16.88,11996915.0,99748008.0
2014-07-02,17.37,17.5,17.17,17.02,10920921.0,91989632.0
2014-07-01,17.25,17.56,17.35,17.25,9079246.0,77301480.0
2014-06-30,17.37,17.56,17.37,17.11,12921196.0,109426088.0
2014-06-27,17.68,17.76,17.37,17.33,15993278.0,137032256.0
2014-06-26,17.58,18.23,17.66,17.52,25020824.0,217802928.0
2014-06-25,17.58,18.13,17.84,17.21,24221074.0,210153280.0
2014-06-24,16.84,17.9,17.74,16.74,26278558.0,224635808.0
2014-06-23,16.96,17.37,16.9,16.82,13621909.0,113957208.0
2014-06-20,16.55,17.27,17.11,16.06,16102449.0,131784288.0
2014-06-19,17.37,17.48,16.66,16.41,18337924.0,151886080.0
2014-06-18,16.35,17.5,17.5,16.31,28476858.0,236865296.0
2014-06-17,16.57,16.66,16.35,16.33,9991347.0,80476336.0
2014-06-16,16.19,16.92,16.76,16.11,18907216.0,153857024.0
2014-06-13,15.74,16.04,16.0,15.63,7883695.0,61488608.0
2014-06-12,16.13,16.23,15.84,15.84,8849227.0,69163920.0
2014-06-11,16.29,16.29,16.19,15.9,6692937.0,52545668.0
2014-06-10,16.06,16.33,16.25,15.78,8620412.0,68145984.0
2014-06-09,16.39,16.6,16.06,15.96,11832304.0,93702488.0
2014-06-06,17.07,17.68,16.62,16.39,15017532.0,125619288.0
2014-06-05,17.07,17.27,17.17,16.84,13460244.0,112266584.0
2014-06-04,16.64,17.56,17.27,16.6,25714688.0,214770992.0
2014-06-03,16.68,16.98,16.74,16.49,15483305.0,127016776.0
2014-05-30,16.11,16.86,16.72,16.04,19409672.0,157661088.0
2014-05-29,16.49,16.57,16.23,16.13,11011468.0,87853336.0
2014-05-28,16.17,16.64,16.62,15.96,16351638.0,130492576.0
2014-05-27,16.96,17.11,16.33,16.27,20593804.0,167145008.0
2014-05-26,16.45,17.19,17.09,16.35,22576832.0,185644624.0
2014-05-23,16.51,16.86,16.55,16.25,19137728.0,154321184.0
2014-05-22,16.9,17.56,16.74,16.68,22686496.0,189306896.0
2014-05-21,16.86,17.52,16.92,16.45,19088736.0,158833680.0
2014-05-20,17.17,18.01,16.94,16.84,27670148.0,234198480.0
2014-05-19,16.74,18.07,17.45,16.09,34995132.0,293644672.0
2014-05-16,15.57,17.39,17.0,15.37,35655624.0,293064288.0
2014-05-15,14.31,15.94,15.92,14.2,24561612.0,181964256.0
2014-05-14,15.19,15.19,14.49,14.47,15404218.0,110661288.0
2014-05-13,13.57,14.88,14.88,13.53,10739869.0,77123944.0
2014-05-12,13.16,13.57,13.53,13.16,3507489.0,23070426.0
2014-05-09,13.3,13.3,13.12,13.0,2247470.0,14431748.0
2014-05-08,13.08,13.41,13.26,13.04,1950949.0,12658543.0
2014-05-07,13.43,13.49,13.16,13.14,2608407.0,16894132.0
2014-05-06,13.45,13.63,13.47,13.41,2272164.0,15034981.0
2014-05-05,13.3,13.47,13.39,13.2,2478424.0,16204150.0
2014-04-30,13.12,13.37,13.29,13.02,2750057.0,17814988.0
2014-04-29,13.04,13.24,13.12,12.9,3420795.0,21880240.0
2014-04-28,13.9,14.0,13.04,12.96,6629898.0,43147748.0
2014-04-25,15.06,15.19,13.88,13.82,6469506.0,46079908.0
2014-04-24,15.49,15.62,15.1,15.06,4434545.0,33178652.0
2014-04-23,15.45,15.57,15.53,15.39,2458211.0,18624338.0
2014-04-22,15.41,15.51,15.43,15.23,2921743.0,21985434.0
2014-04-21,15.76,15.82,15.43,15.39,7278922.0,55620184.0
2014-04-18,15.57,16.04,15.96,15.33,9772086.0,75439528.0
2014-04-17,15.47,15.74,15.66,15.33,5651188.0,42972288.0
2014-04-16,15.47,15.57,15.41,15.31,2956336.0,22295788.0
2014-04-15,15.72,15.76,15.47,15.45,4482260.0,34119576.0
2014-04-14,15.45,15.78,15.74,15.39,4707316.0,36159704.0
2014-04-11,15.8,15.84,15.68,15.62,5148947.0,39578816.0
2014-04-10,15.72,16.04,15.94,15.59,7495481.0,57958340.0
2014-04-09,15.47,15.76,15.74,15.47,6137000.0,46843720.0
2014-04-08,15.23,15.49,15.47,15.19,5045941.0,37972984.0
2014-04-04,15.39,15.55,15.39,15.12,9279073.0,69338592.0
2014-04-03,15.78,15.78,15.45,15.41,6294524.0,47828696.0
2014-04-02,16.04,16.15,15.76,15.57,6516283.0,50326316.0
2014-04-01,15.74,16.17,16.0,15.04,12083269.0,93773712.0
2014-03-28,17.15,17.31,16.68,16.62,6453158.0,53485620.0
2014-03-27,17.39,17.8,17.23,17.17,11007659.0,94047024.0
2014-03-26,16.96,18.01,17.58,16.86,16110310.0,137419776.0
2014-03-25,16.6,17.56,17.29,16.57,16359316.0,137228576.0
2014-03-24,16.35,16.47,16.37,16.23,4232306.0,33860316.0
2014-03-21,16.0,16.45,16.45,15.82,4196476.0,33220772.0
2014-03-20,16.37,16.45,16.0,15.96,4222937.0,33634544.0
2014-03-19,16.25,16.72,16.49,16.02,5624977.0,44996168.0
2014-03-18,16.51,16.51,16.29,16.23,3710106.0,29696328.0
2014-03-17,16.02,16.41,16.35,15.96,3829910.0,30365042.0
2014-03-14,16.21,16.21,15.94,15.84,2876406.0,22493984.0
2014-03-13,16.11,16.27,16.23,16.0,2808976.0,22200160.0
2014-03-12,16.0,16.23,16.04,15.8,2758918.0,21597492.0
2014-03-11,16.15,16.29,16.04,15.78,4548029.0,35636556.0
2014-03-10,16.94,16.96,16.25,16.25,6104209.0,49583616.0
2014-03-07,17.17,17.64,17.17,16.98,7726616.0,65397656.0
2014-03-06,16.64,17.52,17.17,16.55,8204654.0,68372088.0
2014-03-05,16.68,16.98,16.8,16.6,6490390.0,53442064.0
2014-03-04,16.9,16.9,16.66,16.55,6364300.0,51891684.0
2014-03-03,16.98,17.13,16.96,16.7,6832602.0,56476052.0
2014-02-28,17.07,17.33,17.15,16.39,9845005.0,81006640.0
2014-02-27,17.76,18.21,17.7,17.7,5452446.0,47952688.0
2014-02-26,17.5,17.95,17.92,17.17,5673945.0,48718392.0
2014-02-25,18.62,18.72,17.62,17.29,9124123.0,81167520.0
2014-02-24,18.23,18.64,18.6,18.09,6718135.0,60510392.0
2014-02-21,18.82,18.95,18.19,18.03,11515136.0,103303856.0
2014-02-20,19.15,19.76,18.82,18.8,15575053.0,146772784.0
2014-02-19,18.68,19.64,19.17,18.56,18252482.0,171526352.0
2014-02-18,18.76,18.99,18.72,18.5,10065374.0,92024584.0
2014-02-17,18.48,18.84,18.78,18.46,11580443.0,105955256.0
2014-02-14,18.01,18.56,18.48,18.01,7866822.0,70468072.0
2014-02-13,18.68,18.68,18.01,17.98,8721178.0,78316272.0
2014-02-12,18.21,18.58,18.5,18.01,9248048.0,82707208.0
2014-02-11,18.11,18.35,18.21,17.92,9450823.0,83969112.0
2014-02-10,17.58,18.23,18.11,17.58,10466002.0,92012496.0
2014-02-07,17.21,17.68,17.58,17.15,6854056.0,58680496.0
2014-01-30,18.6,18.6,17.58,17.58,15044452.0,130820440.0
2014-01-29,19.68,19.78,19.52,19.4,7899747.0,75435896.0
2014-01-28,19.42,19.89,19.82,19.33,15571486.0,149757552.0
2014-01-27,19.21,19.4,19.38,18.89,10978195.0,103045312.0
2014-01-24,19.17,19.6,19.36,19.03,9484164.0,89600800.0
2014-01-23,19.21,19.56,19.21,19.09,10470431.0,98814712.0
2014-01-22,18.66,19.89,19.42,18.66,15620341.0,147414960.0
2014-01-21,18.91,19.36,18.84,18.54,8739456.0,80860088.0
2014-01-20,18.43,18.86,18.58,18.41,4086598.0,37230952.0
2014-01-17,19.42,19.44,18.66,18.62,7949827.0,73405168.0
2014-01-16,20.15,20.17,19.56,19.21,14197006.0,135967792.0
2014-01-15,19.99,20.44,20.34,19.84,5081062.0,50030348.0
2014-01-14,19.42,19.97,19.97,19.42,3915432.0,37856340.0
2014-01-13,19.8,20.07,19.52,19.25,6004566.0,57643644.0
2014-01-10,20.81,20.81,19.72,19.64,8429646.0,83535744.0
2014-01-09,20.99,21.52,21.01,20.99,8266554.0,85963480.0
2014-01-08,20.93,21.3,20.99,20.68,5725228.0,58781196.0
2014-01-07,20.58,21.17,20.91,20.48,5401822.0,55431380.0
2014-01-06,21.21,21.21,20.58,20.54,7998007.0,81334712.0
2014-01-03,21.89,22.22,21.52,21.26,9769650.0,103656656.0
2014-01-02,21.58,22.16,22.01,21.48,9091157.0,97702104.0
2013-12-31,21.66,21.97,21.58,21.32,8212043.0,86953520.0
2013-12-30,21.7,22.22,21.79,21.54,10184834.0,109276504.0
2013-12-27,20.91,21.77,21.64,20.91,10430001.0,109861104.0
2013-12-26,21.4,21.7,21.05,21.05,10090759.0,105275232.0
2013-12-25,20.74,21.6,21.56,20.58,11637308.0,120591112.0
2013-12-24,20.48,21.11,20.83,20.25,8567179.0,87007368.0
2013-12-23,20.54,20.74,20.48,20.05,7329099.0,73360792.0
2013-12-20,21.05,21.36,20.62,20.3,10950561.0,110920856.0
2013-12-19,20.95,21.81,21.17,20.87,15439925.0,160820160.0
2013-12-18,22.11,23.4,21.5,21.25,27473074.0,301324800.0
2013-12-17,21.75,23.05,22.2,21.48,28547538.0,312771072.0
2013-12-16,21.23,22.38,21.93,20.85,26640560.0,284142528.0
2013-12-13,20.83,21.46,21.23,20.64,10483203.0,107862288.0
2013-12-12,20.68,22.28,21.21,20.68,18918480.0,199493216.0
2013-12-11,21.01,21.19,20.7,20.48,8580605.0,87375104.0
2013-12-10,21.15,21.42,21.32,20.62,15541100.0,160462448.0
2013-12-09,20.77,21.34,21.15,20.44,16027860.0,164524160.0
2013-12-06,19.89,21.19,20.97,19.68,19175722.0,191836752.0
2013-12-05,19.72,20.11,19.62,19.54,6413215.0,62113440.0
2013-12-04,19.44,19.95,19.66,19.4,7332233.0,70754864.0
2013-12-03,19.01,19.58,19.44,18.8,7092109.0,66967272.0
2013-12-02,20.32,20.54,19.01,18.97,16466741.0,158466864.0
2013-11-29,20.81,21.44,21.07,20.7,13042583.0,134534176.0
2013-11-28,20.97,21.19,20.85,20.66,14563305.0,149263728.0
2013-11-27,20.11,21.95,20.99,20.03,23592428.0,243129264.0
2013-11-26,20.03,20.64,20.15,19.87,9440264.0,93784664.0
2013-11-25,20.52,20.75,20.03,19.95,10117462.0,100589184.0
2013-11-22,20.75,21.11,20.52,20.23,19117668.0,193730416.0
2013-11-21,20.03,20.79,20.79,19.82,20930188.0,209034752.0
2013-11-20,20.07,20.46,20.23,19.91,9843572.0,97075712.0
2013-11-19,19.84,20.52,20.23,19.66,15310753.0,151136512.0
2013-11-18,19.27,20.36,19.95,19.15,16079470.0,156143424.0
2013-11-15,19.11,19.97,19.29,18.97,15029501.0,143174464.0
2013-11-14,18.43,19.38,19.38,17.62,14113390.0,127776360.0
2013-11-13,19.72,19.72,18.6,18.56,14380619.0,133235328.0
2013-11-12,20.07,20.36,19.97,19.62,10971931.0,106833832.0
2013-11-11,19.58,20.42,20.36,19.38,14103154.0,138358560.0
2013-11-08,19.82,20.23,19.82,19.44,13216395.0,128410232.0
2013-11-07,20.03,20.56,19.74,19.72,20222612.0,198626816.0
2013-11-06,19.62,21.97,20.66,19.48,33517018.0,342275008.0
2013-11-05,19.17,20.66,20.05,18.7,17915344.0,173538624.0
2013-11-04,18.21,20.03,19.44,18.21,14457222.0,136394656.0
2013-11-01,18.8,19.17,18.23,17.88,13442581.0,120921784.0
2013-10-31,20.42,20.83,19.66,19.42,30045048.0,298076448.0
2013-10-30,17.21,18.93,18.93,17.0,9289013.0,83141344.0
2013-10-29,18.27,18.56,17.21,16.49,5751343.0,49111216.0
2013-10-28,18.15,18.66,18.15,18.09,3690694.0,33213296.0
2013-10-25,18.54,18.89,18.19,18.03,4928413.0,44705276.0
2013-10-24,19.09,19.09,18.52,18.45,6321943.0,57909076.0
2013-10-23,20.19,20.19,19.19,19.07,9907307.0,94447888.0
2013-10-22,19.52,20.4,20.17,19.36,13576058.0,133271656.0
2013-10-21,19.25,19.99,19.76,18.99,11650568.0,112181224.0
2013-10-18,19.17,19.5,19.33,18.82,7347947.0,68868640.0
2013-10-17,19.46,19.78,19.23,19.07,8906806.0,84887264.0
2013-10-16,20.03,20.03,19.54,19.15,8437693.0,80361168.0
2013-10-15,20.23,20.62,20.15,19.87,13361971.0,132348528.0
2013-10-14,20.17,21.46,20.81,19.82,19438528.0,196987280.0
2013-10-11,19.72,20.27,20.01,19.54,12689653.0,123951904.0
2013-10-10,19.93,20.38,19.48,19.44,13207201.0,128574704.0
2013-10-09,19.42,20.23,20.23,19.21,19036256.0,184226816.0
2013-10-08,18.99,19.82,19.66,18.48,16901896.0,159629056.0
2013-09-30,19.11,19.93,19.09,18.93,15235637.0,144405392.0
2013-09-27,20.27,20.44,19.38,19.15,28838868.0,279197152.0
2013-09-26,18.25,20.05,20.05,18.23,37662616.0,362889216.0
2013-09-25,18.48,18.68,18.23,18.17,4404564.0,39671196.0
2013-09-24,18.45,18.58,18.56,18.21,5191403.0,46702984.0
2013-09-23,18.21,18.58,18.41,18.09,4912246.0,44091216.0
2013-09-18,17.84,18.05,17.9,17.64,3094719.0,27007690.0
2013-09-17,18.11,18.39,17.88,17.86,3881351.0,34338684.0
2013-09-16,18.48,18.6,18.33,18.31,3957578.0,35680424.0
2013-09-13,18.93,18.93,18.46,18.41,7233873.0,65621088.0
2013-09-12,19.01,19.8,18.95,18.86,14713235.0,138413904.0
2013-09-11,18.62,18.95,18.64,18.5,8176441.0,74725968.0
2013-09-10,18.58,18.95,18.74,18.39,9566435.0,87233064.0
2013-09-09,18.23,19.11,18.66,18.09,11384300.0,103430248.0
2013-09-06,17.96,18.25,18.15,17.86,7151473.0,63409944.0
2013-09-05,17.68,18.13,18.07,17.62,6355185.0,55749440.0
2013-09-04,17.74,17.9,17.68,17.6,3258905.0,28264824.0
2013-09-03,17.56,17.92,17.78,17.41,3842679.0,33254076.0
2013-09-02,17.19,17.76,17.62,17.02,4125857.0,35209364.0
2013-08-30,17.95,17.95,17.23,17.19,4808916.0,41350144.0
2013-08-29,18.09,18.11,17.84,17.68,3882591.0,33952532.0
2013-08-28,18.03,18.33,18.13,17.68,6042065.0,53337076.0
2013-08-27,17.88,18.13,18.11,17.82,4387831.0,38599160.0
2013-08-26,17.58,17.96,17.9,17.56,3069494.0,26702170.0
2013-08-23,17.7,17.88,17.52,17.35,3611188.0,31219612.0
2013-08-22,17.88,17.9,17.64,17.58,3483920.0,30301860.0
2013-08-21,17.74,17.92,17.86,17.58,4305491.0,37397336.0
2013-08-20,18.19,18.35,17.82,17.7,3951030.0,34943920.0
2013-08-19,17.96,18.33,18.33,17.68,3411451.0,30259724.0
2013-08-16,18.56,18.93,18.09,18.01,5978824.0,53994248.0
2013-08-15,19.21,19.21,18.66,18.56,6142078.0,56726380.0
2013-08-14,19.01,19.33,19.15,18.93,7479632.0,69898152.0
2013-08-13,19.27,19.29,19.11,18.99,9039618.0,84585248.0
2013-08-12,18.8,19.36,19.21,18.41,15234826.0,140577216.0
2013-08-09,18.07,18.58,18.56,17.82,8059044.0,72122904.0
2013-08-08,18.09,18.37,18.15,18.01,3424519.0,30478750.0
2013-08-07,18.5,18.58,18.11,18.09,5901191.0,52751140.0
2013-08-06,18.58,18.66,18.48,18.31,7229292.0,65319204.0
2013-08-05,18.54,18.68,18.6,18.31,6925877.0,62691156.0
2013-08-02,18.17,18.97,18.6,18.09,13639501.0,123750672.0
2013-08-01,17.78,18.76,18.27,17.78,12699395.0,114078856.0
2013-07-31,17.74,17.86,17.52,17.39,4308607.0,37135544.0
2013-07-30,18.05,18.09,17.76,17.29,5493969.0,47652676.0
2013-07-29,17.58,18.29,18.09,17.47,10322585.0,90645704.0
2013-07-26,16.91,17.99,17.72,16.87,6597047.0,56679040.0
2013-07-25,17.5,17.64,17.07,17.07,4156255.0,35362464.0
2013-07-24,17.38,17.72,17.58,17.15,6886700.0,59234372.0
2013-07-23,16.81,17.27,17.19,16.79,4431790.0,37303032.0
2013-07-22,16.54,16.89,16.75,16.28,3762590.0,30688766.0
2013-07-19,17.19,17.36,16.56,16.52,4339441.0,36325616.0
2013-07-18,17.62,17.84,17.19,17.15,5160320.0,44325384.0
2013-07-17,18.31,18.39,17.72,17.6,6185027.0,54804908.0
2013-07-16,17.84,18.68,18.43,17.76,7626440.0,68248288.0
2013-07-15,17.76,17.97,17.91,17.5,4565271.0,39972052.0
2013-07-12,18.05,18.35,17.54,17.48,6436944.0,56866620.0
2013-07-11,17.42,18.19,18.05,17.32,7693250.0,67307360.0
2013-07-10,16.48,17.42,17.34,16.48,3812745.0,31837676.0
2013-07-09,16.26,16.77,16.6,16.26,2650618.0,21567168.0
2013-07-08,17.46,17.46,16.32,16.3,4402510.0,36829460.0
2013-07-05,17.68,18.17,17.72,17.5,6028676.0,52790920.0
2013-07-04,17.13,18.49,17.88,16.87,9929565.0,87099896.0
2013-07-03,17.36,17.36,17.01,16.73,4126169.0,34563124.0
2013-07-02,17.03,17.4,17.4,16.87,4216185.0,35648032.0
2013-07-01,16.73,17.15,17.03,16.6,2455395.0,20433832.0
2013-06-28,16.97,17.27,16.73,16.42,3478572.0,28979076.0
2013-06-27,17.48,17.8,17.01,17.01,5274134.0,45269688.0
2013-06-26,17.3,17.66,17.56,16.87,4874676.0,41651848.0
2013-06-25,17.13,17.88,17.25,15.73,5918079.0,48669720.0
2013-06-24,19.39,19.39,17.48,17.48,4140554.0,36997768.0
2013-06-21,18.9,19.82,19.43,18.25,4401582.0,41092340.0
2013-06-20,19.84,20.1,19.51,19.47,4135714.0,40375496.0
2013-06-19,20.12,20.16,19.92,19.37,3682802.0,35697344.0
2013-06-18,20.02,20.22,20.1,19.75,3151625.0,31084720.0
2013-06-17,20.16,20.22,20.0,19.63,3858196.0,37941392.0
2013-06-14,19.94,20.26,20.12,19.71,5061066.0,49785400.0
2013-06-13,20.93,20.93,19.82,19.47,5212259.0,51397116.0
2013-06-07,22.25,22.44,21.2,20.65,9722317.0,101795200.0
2013-06-06,22.74,22.74,22.21,22.17,5746940.0,63261884.0
2013-06-05,22.5,22.76,22.74,22.15,6524271.0,72360264.0
2013-06-04,23.37,23.45,22.44,22.25,9675179.0,108276864.0
2013-06-03,23.86,24.23,23.49,23.39,13047300.0,152859920.0
2013-05-31,23.78,24.96,24.23,23.59,27590828.0,330719296.0
2013-05-30,23.49,23.94,23.66,23.31,10585021.0,123077328.0
2013-05-29,23.43,23.94,23.53,23.29,10258079.0,119505448.0
2013-05-28,23.57,23.57,23.37,23.13,8036308.0,92280304.0
2013-05-27,23.11,23.82,23.62,22.96,12099161.0,139873008.0
2013-05-24,22.76,23.17,23.15,22.7,7038645.0,79481200.0
2013-05-23,23.01,23.47,22.78,22.76,8115356.0,92321320.0
2013-05-22,23.55,23.88,23.09,23.05,10318314.0,119221288.0
2013-05-21,23.49,23.68,23.55,23.19,11389428.0,131306632.0
2013-05-20,22.93,23.82,23.49,22.9,15738350.0,181323184.0
2013-05-17,22.76,23.05,22.86,22.52,7473443.0,83866136.0
2013-05-16,22.8,23.27,22.72,22.66,9316598.0,105014248.0
2013-05-15,22.96,22.96,22.86,22.58,7659225.0,85860000.0
2013-05-14,22.42,23.33,23.09,22.38,13928157.0,157641696.0
2013-05-13,22.76,23.05,22.68,22.38,7028660.0,78528080.0
2013-05-10,22.27,23.11,22.62,21.95,10510805.0,116655936.0
2013-05-09,22.11,22.4,22.4,21.85,8144307.0,88889552.0
2013-05-08,22.07,22.32,22.03,21.93,5062700.0,55014828.0
2013-05-07,21.91,22.19,22.09,21.6,5500968.0,59308444.0
2013-05-06,21.64,22.07,21.93,21.64,4050520.0,43707616.0
2013-05-03,21.14,22.07,21.75,21.12,4964444.0,53035720.0
2013-05-02,20.93,21.38,21.1,20.83,3289142.0,34227900.0
2013-04-26,22.05,22.3,21.05,21.03,6419428.0,68375952.0
2013-04-25,23.17,23.17,22.03,22.03,8429847.0,93698568.0
2013-04-24,22.96,23.47,23.25,22.72,7156689.0,81493288.0
2013-04-23,23.57,23.9,22.84,22.66,9970041.0,114408232.0
2013-04-22,22.86,24.39,23.78,22.48,16672259.0,192817904.0
2013-04-19,22.72,23.37,23.09,22.68,9081960.0,102844160.0
2013-04-18,22.46,22.99,22.8,22.27,6234060.0,69929192.0
2013-04-17,22.27,22.84,22.62,22.23,7080808.0,78846432.0
2013-04-16,21.89,22.25,22.17,21.36,4620445.0,49777528.0
2013-04-15,21.97,22.23,22.13,21.3,6084475.0,64881848.0
2013-04-12,22.05,22.74,22.34,22.03,4570867.0,50587160.0
2013-04-11,22.56,22.92,22.32,22.23,3858802.0,42585860.0
2013-04-10,22.44,22.84,22.38,21.97,4665635.0,51435220.0
2013-04-09,21.77,22.93,22.54,21.75,7782508.0,85720232.0
2013-04-08,21.95,21.95,21.75,20.93,6229880.0,65725216.0
2013-04-03,22.19,22.7,22.23,21.91,5930079.0,65091668.0
2013-04-02,22.93,23.11,22.13,22.09,8019683.0,89031256.0
2013-04-01,22.96,23.27,22.8,22.6,5525236.0,62433056.0
2013-03-29,23.45,23.68,22.8,22.56,9396278.0,106809064.0
2013-03-28,24.96,24.96,23.49,23.23,12728159.0,150840880.0
2013-03-27,24.43,25.2,25.14,24.33,12902487.0,157631984.0
2013-03-26,24.71,24.79,24.39,24.14,10060137.0,121190496.0
2013-03-25,25.36,25.61,24.82,24.82,11534115.0,142877360.0
2013-03-22,25.69,25.89,25.3,25.12,20926458.0,262507072.0
2013-03-21,24.86,25.91,25.77,24.49,30939612.0,383878752.0
2013-03-20,23.59,25.16,24.84,23.59,18064652.0,219666560.0
2013-03-19,24.25,24.79,24.25,23.68,10329878.0,123567008.0
2013-03-18,24.02,24.39,24.0,23.45,9055431.0,106752360.0
2013-03-15,24.04,24.57,23.92,23.37,12666455.0,149362112.0
2013-03-14,24.08,25.16,24.18,23.92,14701759.0,177689760.0
2013-03-13,24.9,25.91,24.47,24.33,24893284.0,307204288.0
2013-03-12,24.31,25.81,25.48,23.7,33248398.0,405891712.0
2013-03-11,24.37,25.32,24.77,24.2,22329412.0,272209856.0
2013-03-08,23.11,25.57,24.77,23.11,30843704.0,374995776.0
2013-03-07,23.68,24.12,23.37,23.03,10403761.0,121166112.0
2013-03-06,23.11,23.53,23.37,23.05,7632239.0,87616064.0
2013-03-05,22.76,23.23,23.17,22.48,6410865.0,72351304.0
2013-03-04,23.15,23.27,22.56,22.38,7846864.0,87841088.0
2013-03-01,23.07,23.68,23.59,22.88,10625601.0,122061752.0
2013-02-28,22.66,23.33,23.13,22.5,6149238.0,69613344.0
2013-02-27,22.82,22.99,22.66,22.34,5323642.0,59151856.0
2013-02-26,23.17,23.33,22.68,22.66,8090459.0,91197688.0
2013-02-25,23.25,23.7,23.41,23.19,4325496.0,49870144.0
2013-02-22,23.55,23.88,23.13,23.07,5632131.0,65255244.0
2013-02-21,24.35,24.35,23.57,23.19,9353060.0,109559400.0
2013-02-20,23.96,24.69,24.55,23.74,10265157.0,122823896.0
2013-02-19,24.45,24.55,23.9,23.68,9456254.0,111855840.0
2013-02-18,23.76,24.98,24.65,23.64,18229558.0,218879072.0
2013-02-08,23.66,23.82,23.7,23.39,6212759.0,72251800.0
2013-02-07,23.27,23.82,23.7,23.27,7609611.0,88380272.0
2013-02-06,23.39,23.66,23.37,23.25,5565668.0,64201196.0
2013-02-05,22.96,23.51,23.31,22.68,5069400.0,58129620.0
2013-02-04,23.7,24.04,23.09,23.05,8542713.0,98073072.0
2013-02-01,23.76,23.92,23.66,23.43,7565413.0,88021040.0
2013-01-31,23.45,24.18,23.94,23.45,7865731.0,92359296.0
2013-01-30,24.18,24.37,23.84,23.53,9700212.0,113884424.0
2013-01-29,23.53,24.39,24.16,23.53,11192277.0,132998104.0
2013-01-28,22.6,23.64,23.49,22.6,7205679.0,82774704.0
2013-01-25,22.9,23.66,23.03,22.9,5915826.0,67782304.0
2013-01-24,24.04,24.49,23.13,22.86,11527882.0,134601760.0
2013-01-23,24.45,24.45,24.16,23.62,11395007.0,134556096.0
2013-01-22,25.26,25.75,24.55,24.29,17556984.0,216565072.0
2013-01-21,24.71,25.69,25.08,24.23,19105250.0,235034592.0
2013-01-18,24.59,25.2,24.75,23.9,15121084.0,182591744.0
2013-01-17,24.02,25.67,24.69,24.02,29236144.0,360487200.0
2013-01-16,24.59,24.67,24.27,23.74,21433654.0,255989264.0
2013-01-15,24.59,25.83,25.14,23.57,48826584.0,597132672.0
2013-01-14,21.54,23.74,23.74,21.5,26067840.0,297726944.0
2013-01-11,22.76,22.88,21.58,21.54,11593039.0,126457488.0
2013-01-10,22.56,22.96,22.68,22.38,10398813.0,115631472.0
2013-01-09,23.27,24.02,22.6,22.42,20900208.0,239477120.0
2013-01-08,22.25,23.07,22.88,21.97,19224080.0,214545248.0
2013-01-07,21.77,22.34,22.15,21.54,9087226.0,98354104.0
2013-01-04,22.36,22.58,21.77,21.66,10548812.0,113966576.0
2012-12-31,22.64,22.68,22.27,22.09,9621540.0,105705664.0
2012-12-28,22.15,22.56,22.46,21.81,14344373.0,156411808.0
2012-12-27,22.25,23.62,22.27,22.21,27546856.0,309036992.0
2012-12-26,21.26,22.09,21.87,21.26,17526870.0,187503744.0
2012-12-25,20.63,21.7,21.32,20.55,15962575.0,166634784.0
2012-12-24,20.75,21.34,20.79,20.38,9507877.0,97896072.0
2012-12-21,20.87,21.48,20.73,20.65,11047806.0,114322560.0
2012-12-20,20.93,21.24,20.99,20.55,11316366.0,116378816.0
2012-12-19,20.57,22.07,21.36,20.45,20710558.0,217966224.0
2012-12-18,20.91,20.99,20.59,20.45,11146915.0,113329968.0
2012-12-17,20.47,21.3,21.05,20.47,16708642.0,171474576.0
2012-12-14,19.41,20.69,20.47,19.41,12171709.0,121711808.0
2012-12-13,20.45,20.79,19.69,19.69,9139009.0,90711720.0
2012-12-12,20.28,20.93,20.45,20.24,9588532.0,96817832.0
2012-12-11,20.57,20.79,20.38,20.24,12746216.0,128446832.0
2012-12-10,19.47,21.14,20.89,19.2,21285228.0,212802064.0
2012-12-07,19.27,19.61,19.45,18.94,13573144.0,128940736.0
2012-12-06,18.86,19.9,19.35,18.62,15004082.0,143398464.0
2012-12-05,18.05,19.55,18.84,17.95,16848232.0,156168768.0
2012-12-04,17.48,18.57,18.35,17.09,12063286.0,105625224.0
2012-12-03,17.8,18.21,17.03,17.01,5729767.0,49652800.0
2012-11-30,17.8,18.39,18.13,17.56,5523240.0,49172488.0
2012-11-29,18.29,18.9,17.8,17.7,7837799.0,70750080.0
2012-11-28,18.05,18.88,18.57,16.87,12840963.0,114917720.0
2012-11-27,19.67,19.67,18.29,18.11,8906535.0,82098488.0
2012-11-26,20.63,20.87,19.8,19.69,4807078.0,47896088.0
2012-11-23,20.59,21.04,20.59,20.57,4742396.0,48400812.0
2012-11-22,21.12,21.26,20.67,20.65,4725487.0,48584532.0
2012-11-21,21.26,21.42,21.3,20.32,6875212.0,70904848.0
2012-11-20,21.7,21.83,21.24,21.24,4284394.0,45326856.0
2012-11-19,21.6,21.7,21.58,20.95,4497301.0,47220808.0
2012-11-16,21.34,21.93,21.48,21.26,5211510.0,55432456.0
2012-11-15,21.24,22.27,21.56,20.87,8230673.0,87777536.0
2012-11-14,22.07,22.36,21.48,20.75,8641460.0,90832512.0
2012-11-13,23.13,23.27,22.09,22.07,6555162.0,72708120.0
2012-11-12,22.58,23.47,23.15,22.58,7837628.0,88807032.0
2012-11-09,22.4,22.9,22.52,22.27,4949479.0,55102700.0
2012-11-08,23.57,23.57,22.42,22.38,10368166.0,117188832.0
2012-11-07,24.47,24.47,23.82,23.62,10835661.0,127925440.0
2012-11-06,25.26,25.71,24.69,24.65,13066545.0,161540048.0
2012-11-05,24.96,25.08,24.55,24.41,9196524.0,111400152.0
2012-11-02,24.9,25.53,25.14,24.79,13938338.0,172964608.0
2012-11-01,24.71,25.02,24.88,24.37,9565734.0,116581248.0
2012-10-31,24.92,25.2,24.69,24.2,9179723.0,111225368.0
2012-10-30,24.04,25.73,24.98,24.04,16728005.0,206877760.0
2012-10-29,24.0,24.49,24.18,23.8,7279047.0,86605624.0
2012-10-26,24.59,24.86,23.96,23.25,11987310.0,140876112.0
2012-10-25,25.55,25.71,24.59,24.31,15089426.0,185282128.0
2012-10-24,26.42,26.93,25.26,24.94,19240736.0,245324112.0
2012-10-23,27.13,27.34,26.54,26.42,20488012.0,270157536.0
2012-10-22,25.36,27.54,27.19,25.22,31600780.0,415992032.0
2012-10-19,25.97,26.52,25.71,25.55,17695926.0,226418256.0
2012-10-18,24.73,26.38,26.05,24.73,23126224.0,291906432.0
2012-10-17,25.18,25.24,24.61,24.57,9071808.0,110670752.0
2012-10-16,24.77,25.3,24.86,24.45,10208002.0,125421704.0
2012-10-15,25.57,25.73,24.75,24.35,12957611.0,157923200.0
2012-10-12,25.81,26.28,25.51,25.22,12652618.0,160184192.0
2012-10-11,26.11,26.73,25.87,25.53,23694104.0,302779840.0
2012-10-10,26.01,27.82,26.64,25.83,38015060.0,502567232.0
2012-10-09,24.53,26.83,26.4,24.29,31569402.0,397101536.0
2012-10-08,23.98,25.16,24.51,23.82,19416034.0,234774000.0
2012-09-28,23.59,23.96,23.82,23.23,15062788.0,175364208.0
2012-09-27,22.78,23.98,23.53,22.76,18384606.0,213463168.0
2012-09-26,23.7,23.96,22.72,22.66,15674005.0,179843376.0
2012-09-25,22.76,24.79,24.08,22.58,27855822.0,325922016.0
2012-09-24,22.5,23.31,22.9,22.15,14475215.0,162937648.0
2012-09-21,23.98,24.29,22.58,22.38,19928244.0,227431824.0
2012-09-20,25.06,25.67,23.94,23.47,16737321.0,204176496.0
2012-09-19,25.3,25.91,25.22,24.79,13699037.0,170579024.0
2012-09-18,26.28,26.85,25.34,24.41,20057486.0,254196992.0
2012-09-17,26.5,27.44,26.77,25.91,25687588.0,337473600.0
2012-09-14,27.84,27.95,26.77,26.58,30760614.0,408917696.0
2012-09-13,28.66,29.65,27.92,27.92,37504568.0,532640608.0
2012-09-12,28.45,29.02,28.33,27.58,31731174.0,440698496.0
2012-09-11,27.21,29.67,28.15,26.93,59534720.0,834792960.0
2012-09-10,25.2,28.13,28.03,25.0,55500804.0,729874560.0
2012-09-07,25.63,26.68,25.57,25.22,37870240.0,481648192.0
2012-09-06,25.1,25.81,25.65,24.43,30482276.0,378847776.0
2012-09-05,24.9,25.91,24.86,24.29,30935016.0,381594816.0
2012-09-04,24.14,26.7,25.57,23.94,52957824.0,671274688.0
2012-09-03,24.27,25.83,24.69,22.72,46671220.0,556101440.0
2012-08-31,21.75,24.27,24.27,21.7,47648424.0,544389888.0
2012-08-30,23.68,24.08,22.05,22.05,37318576.0,417267552.0
2012-08-29,25.0,25.65,24.51,24.14,24047776.0,293482336.0
2012-08-28,25.0,25.55,25.18,23.9,31374280.0,379740224.0
2012-08-27,25.0,26.54,25.65,24.31,38294264.0,483772224.0
2012-08-24,25.73,26.42,25.1,25.02,38285712.0,482052704.0
2012-08-23,26.6,28.86,26.66,25.69,67085176.0,895684800.0
2012-08-22,23.92,26.6,26.6,23.59,62522572.0,780602240.0
2012-08-21,23.64,25.3,24.18,23.41,60185968.0,720073088.0
2012-08-20,20.73,23.39,23.39,20.47,50054080.0,552468096.0
2012-08-17,20.02,21.73,21.26,19.63,47288568.0,489067808.0
2012-08-16,20.32,20.83,19.92,19.73,36303008.0,360702496.0
2012-08-15,22.15,23.15,21.32,20.79,57817848.0,626174784.0
2012-08-14,19.2,21.22,21.22,19.2,53168344.0,533800160.0
2012-08-13,20.32,20.59,19.29,19.21,43977352.0,427778272.0
2012-08-10,19.1,20.18,20.18,18.78,60244464.0,584794304.0
2012-08-09,16.46,18.35,18.35,16.16,37901352.0,325788064.0
2012-08-08,15.65,17.03,16.68,15.49,35400784.0,282567808.0
2012-08-07,14.25,15.65,15.65,14.14,25306672.0,192630384.0
2012-08-06,13.66,14.29,14.23,13.54,6895683.0,47291628.0
2012-08-03,13.47,13.72,13.7,13.33,5095633.0,33932436.0
2012-08-02,13.54,13.8,13.47,13.27,4663290.0,31040734.0
2012-08-01,12.82,13.76,13.54,12.82,5751356.0,38127748.0
2012-07-31,14.02,14.12,13.13,12.97,6503648.0,43232864.0
2012-07-30,15.14,15.2,14.04,13.78,7640168.0,53881676.0
2012-07-27,15.79,15.93,15.1,15.08,7278834.0,55039752.0
2012-07-26,15.85,16.05,15.81,15.45,9668926.0,74882472.0
2012-07-25,15.36,16.2,15.93,15.36,10378389.0,81145456.0
2012-07-24,15.34,16.38,15.55,15.08,11012427.0,86009592.0
2012-07-23,15.61,15.75,15.4,14.9,10834931.0,81770592.0
2012-07-20,16.42,17.89,16.46,16.28,17651364.0,147796256.0
2012-07-19,17.16,17.16,16.46,15.97,8374177.0,136806672.0
2012-07-18,17.11,17.66,17.17,16.77,5581785.0,95617360.0
2012-07-17,16.66,17.17,17.11,16.37,4157777.0,69511256.0
2012-07-16,18.48,18.99,16.75,16.47,9599525.0,170024448.0
2012-07-13,18.33,18.56,18.3,17.99,4678418.0,84640128.0
2012-07-12,18.08,18.56,18.42,17.59,5239399.0,94255544.0
2012-07-11,17.62,18.15,18.13,17.45,3363331.0,59298336.0
2012-07-10,17.84,18.06,17.66,17.58,3621944.0,63848676.0
2012-07-09,18.79,18.99,17.98,17.67,6284050.0,114811296.0
2012-07-06,18.21,18.99,18.95,17.86,7463595.0,136572928.0
2012-07-05,18.33,18.47,18.16,17.84,4567819.0,81968904.0
2012-07-04,17.98,18.56,18.45,17.79,6611106.0,118887512.0
2012-07-03,17.42,19.02,18.18,17.41,12884686.0,233972448.0
2012-07-02,16.71,17.62,17.6,16.56,6158682.0,104335272.0
2012-06-29,16.7,16.7,16.5,15.86,6187571.0,99977536.0
2012-06-28,17.57,17.67,16.92,16.87,8794410.0,150639280.0
2012-06-27,16.51,18.22,17.75,16.51,15976225.0,281935840.0
2012-06-26,16.26,16.7,16.56,16.15,2850616.0,46560884.0
2012-06-25,16.49,16.82,16.22,16.22,2363327.0,38576548.0
2012-06-21,17.13,17.44,16.66,16.58,3294009.0,55097460.0
2012-06-20,17.33,17.56,17.1,17.06,3196661.0,54643360.0
2012-06-19,17.25,17.66,17.38,17.08,5774073.0,99542512.0
2012-06-18,16.56,17.47,17.34,16.46,7034767.0,119068640.0
2012-06-15,16.82,17.0,16.5,16.0,4270445.0,69926168.0
2012-06-14,16.97,17.17,16.72,16.66,3377015.0,56309860.0
2012-06-13,16.66,17.36,17.05,16.62,5700836.0,96495792.0
2012-06-12,16.82,16.97,16.61,16.38,4463701.0,73716696.0
2012-06-11,15.68,17.14,16.99,15.68,8191481.0,134648768.0
2012-06-08,15.63,16.01,15.67,15.45,4621471.0,72124664.0
2012-06-07,14.88,16.15,15.48,14.86,6827780.0,105001488.0
2012-06-06,14.95,14.95,14.7,14.6,1745464.0,25534444.0
2012-06-05,15.15,15.21,14.78,14.64,2644452.0,38959152.0
2012-06-04,15.86,15.86,14.96,14.96,3793871.0,57946164.0
2012-06-01,16.1,16.48,16.17,15.7,3301011.0,53265940.0
2012-05-31,15.86,16.31,16.09,15.8,3434773.0,54807736.0
2012-05-30,15.8,16.28,15.97,15.65,4350327.0,69176944.0
2012-05-29,15.7,16.14,15.9,15.35,4677073.0,72911072.0
2012-05-28,15.96,16.22,15.86,14.98,4817679.0,74494120.0
2012-05-24,16.99,17.21,16.46,16.41,4876197.0,80804128.0
2012-05-23,16.88,17.15,17.1,16.68,4781681.0,80422456.0
2012-05-22,17.1,17.17,16.96,16.66,3814661.0,63877680.0
2012-05-21,16.39,17.14,16.97,16.36,4194624.0,69889928.0
2012-05-18,16.77,17.53,16.6,16.52,5500396.0,92844992.0
2012-05-17,17.06,17.16,16.95,16.37,5119946.0,85095736.0
2012-05-16,16.66,17.5,16.95,16.56,7555552.0,128438584.0
2012-05-15,16.06,16.93,16.85,15.86,6172255.0,101011552.0
2012-05-14,16.46,16.82,16.28,15.87,5730550.0,93213152.0
2012-05-11,17.47,17.55,16.35,16.16,11468985.0,192338032.0
2012-05-10,16.66,18.28,17.7,16.46,14534014.0,250399104.0
2012-05-09,17.77,17.84,16.7,16.57,13416527.0,228880800.0
2012-05-08,15.99,17.58,17.58,15.96,14375371.0,240885168.0
2012-05-07,15.34,16.12,15.99,15.25,7398677.0,115468208.0
2012-05-04,15.42,15.65,15.55,15.25,4114754.0,63009004.0
2012-05-03,15.25,15.53,15.49,15.01,6266292.0,94943480.0
2012-05-02,14.85,16.03,15.6,14.69,11760767.0,180295008.0
2012-04-27,14.49,14.99,14.64,14.39,4119749.0,60191104.0
2012-04-26,14.79,15.0,14.52,14.45,4106484.0,59672216.0
2012-04-25,14.58,15.15,15.01,14.22,7975078.0,116799160.0
2012-04-24,14.33,15.17,14.71,14.22,5966510.0,86645704.0
2012-04-23,15.03,15.03,14.54,14.4,5018659.0,72696752.0
2012-04-20,14.83,15.27,15.1,14.57,6540162.0,96633264.0
2012-04-19,14.52,15.55,14.97,14.24,9499840.0,142226192.0
2012-04-18,14.43,14.92,14.64,14.26,6719219.0,97543768.0
2012-04-17,15.01,15.02,14.24,14.21,6998332.0,100285512.0
2012-04-16,14.64,15.31,15.06,14.56,7168743.0,106127264.0
2012-04-13,15.55,15.65,14.92,14.91,11524841.0,172624320.0
2012-04-12,14.0,15.33,15.33,14.0,13217535.0,196624160.0
2012-04-11,13.94,14.4,13.94,13.84,6045556.0,84176584.0
2012-04-10,13.69,14.44,14.44,13.24,8026239.0,109565800.0
2012-04-09,13.47,14.85,14.18,13.46,13172740.0,185357376.0
2012-04-06,13.94,14.01,13.69,13.46,9836108.0,133212624.0
2012-04-05,13.0,13.8,13.8,12.85,13196682.0,174510288.0
2012-03-30,11.77,12.54,12.54,11.7,5608909.0,68694152.0
2012-03-29,11.39,11.89,11.4,11.23,3159799.0,36037844.0
2012-03-28,12.7,12.7,11.71,11.63,3796930.0,45524092.0
2012-03-27,12.85,13.01,12.8,12.68,3231297.0,41156496.0
2012-03-26,12.89,13.25,12.77,12.65,3534761.0,45324120.0
2012-03-23,13.13,13.14,13.02,12.72,4538175.0,58239328.0
2012-03-22,13.56,13.84,13.29,13.2,6001295.0,80279992.0
2012-03-21,13.21,14.02,13.78,12.77,10823696.0,143855296.0
2012-03-20,12.72,13.82,13.33,12.63,10638530.0,139813040.0
2012-03-19,12.52,13.1,12.83,12.33,8228314.0,103956616.0
2012-03-16,11.46,12.62,12.62,11.39,8366164.0,100932624.0
2012-03-15,11.21,11.71,11.48,11.21,4100112.0,46572520.0
2012-03-14,11.92,12.0,11.18,11.09,3615317.0,41591808.0
2012-03-13,11.73,12.0,11.95,11.64,2539601.0,29724054.0
2012-03-12,11.74,11.8,11.72,11.56,1761206.0,20328928.0
2012-03-09,11.71,11.76,11.71,11.53,2085848.0,24060382.0
2012-03-08,11.77,11.98,11.71,11.61,3581341.0,41775092.0
2012-03-07,11.32,11.71,11.71,11.09,3343892.0,37829384.0
2012-03-06,11.45,11.49,11.37,11.21,1888264.0,21196432.0
2012-03-05,11.42,11.6,11.45,11.34,2958469.0,33637728.0
2012-03-02,10.94,11.49,11.42,10.94,2953563.0,33145846.0
2012-03-01,10.89,11.08,10.96,10.87,844423.0,9186527.0
2012-02-29,11.14,11.14,10.93,10.92,1170914.0,12749472.0
2012-02-28,11.21,11.27,11.15,10.93,2079366.0,22827366.0
2012-02-27,11.41,11.49,11.3,11.27,2559209.0,28800194.0
2012-02-24,11.29,11.41,11.37,11.17,2357012.0,26330126.0
2012-02-23,11.09,11.28,11.28,11.0,3113907.0,34462468.0
2012-02-22,10.81,11.1,11.08,10.76,2527955.0,27474290.0
2012-02-21,10.73,10.82,10.82,10.46,1398625.0,14803038.0
2012-02-20,10.94,10.94,10.77,10.7,1697793.0,18148598.0
2012-02-17,11.02,11.06,10.76,10.69,1710018.0,18283818.0
2012-02-16,10.9,11.09,10.99,10.83,2033975.0,22094270.0
2012-02-15,10.76,10.91,10.9,10.65,1519990.0,16291952.0
2012-02-14,10.65,10.86,10.76,10.6,1087860.0,11513199.0
2012-02-13,10.58,10.81,10.71,10.5,1336315.0,14138887.0
2012-02-10,10.71,10.86,10.64,10.52,1549488.0,16361754.0
2012-02-09,10.5,11.29,10.71,10.47,2827002.0,30423802.0
2012-02-08,10.32,10.63,10.53,10.28,2187712.0,22665950.0
2012-02-07,10.13,10.66,10.44,10.13,3346326.0,34636896.0
2012-02-06,10.19,10.25,10.22,10.11,1260939.0,12704430.0
2012-02-03,9.78,10.28,10.2,9.78,1955395.0,19525402.0
2012-02-02,9.72,9.87,9.85,9.59,739465.0,7116064.0
2012-02-01,9.78,9.96,9.68,9.66,809182.0,7865598.0
2012-01-31,9.89,9.89,9.78,9.7,593187.0,5740539.0
2012-01-30,9.61,10.07,9.9,9.61,1311497.0,12852914.0
2012-01-20,9.55,9.79,9.73,9.52,708898.0,6805438.0
2012-01-19,9.4,9.6,9.55,9.32,521541.0,4910206.0
2012-01-18,9.69,9.81,9.39,9.31,1208537.0,11504931.0
2012-01-17,9.09,9.69,9.66,9.09,1144072.0,10727010.0
2012-01-16,9.17,9.39,9.13,9.12,832704.0,7632572.0
2012-01-13,10.0,10.0,9.44,9.39,1243699.0,11861153.0
2012-01-12,10.0,10.15,10.03,9.94,1099512.0,10929614.0
2012-01-11,10.1,10.15,10.03,9.94,1597876.0,15868235.0
2012-01-10,9.7,10.2,10.1,9.61,2260741.0,22254204.0
2012-01-09,9.17,9.74,9.72,9.09,2250210.0,21189068.0
2012-01-06,8.97,9.19,9.1,8.85,1071764.0,9508173.0
2012-01-05,9.43,9.54,9.11,8.73,3175498.0,28611658.0
2012-01-04,9.98,10.19,9.7,9.69,1690475.0,16762289.0
