date,open,high,close,low,volume,amount
2015-07-10,51.95,54.12,54.12,50.15,20639228.0,1104304640.0
2015-07-09,44.72,49.2,49.2,43.55,23035292.0,1090391552.0
2015-07-08,42.33,46.64,44.72,42.33,50934240.0,2236148992.0
2015-07-07,48.95,49.9,47.04,45.73,43615564.0,2037049472.0
2015-07-06,54.25,54.25,50.8,45.95,29927440.0,1517176704.0
2015-07-03,48.55,53.0,49.6,45.66,27533630.0,1349516672.0
2015-07-02,53.05,55.23,49.32,47.8,25548324.0,1317805184.0
2015-07-01,55.15,58.03,53.04,52.63,24569668.0,1368399104.0
2015-06-30,49.38,55.28,55.28,45.62,29600160.0,1491820800.0
2015-06-29,57.16,57.33,50.26,50.26,23964296.0,1255322112.0
2015-06-26,59.96,60.97,55.84,55.84,20233600.0,1169166464.0
2015-06-25,63.92,64.68,62.05,61.26,15842653.0,1001999168.0
2015-06-24,63.41,64.56,63.64,61.56,18303012.0,1157977856.0
2015-06-23,61.86,63.41,63.18,58.15,19698324.0,1204132992.0
2015-06-19,66.92,66.95,61.96,61.64,20494700.0,1307006592.0
2015-06-18,71.03,72.94,67.71,67.47,20124874.0,1408886016.0
2015-06-17,72.97,73.84,70.97,70.16,18420604.0,1316898176.0
2015-06-16,74.57,75.07,72.94,72.06,14302634.0,1048463872.0
2015-06-15,75.04,77.58,75.84,72.61,30313828.0,2263020800.0
2015-06-12,74.07,76.58,74.97,73.56,20611178.0,1547423872.0
2015-06-11,75.72,75.72,74.07,72.97,19465342.0,1437425024.0
2015-06-10,74.21,78.0,75.91,74.07,27089912.0,2059268480.0
2015-06-09,75.02,77.03,74.21,73.6,18440816.0,1383725056.0
2015-06-08,78.84,78.84,75.02,73.32,27889092.0,2105844352.0
2015-06-05,85.98,87.69,79.57,79.08,41700208.0,3413771008.0
2015-06-04,83.68,83.68,83.68,80.09,26618544.0,2220425728.0
2015-05-22,75.23,80.15,76.08,75.23,35226424.0,2729553152.0
2015-05-21,67.07,72.88,72.88,66.08,25884628.0,1847246080.0
2015-05-20,64.63,68.75,66.25,64.47,27573210.0,1839636736.0
2015-05-19,63.61,66.96,64.62,62.86,25295408.0,1640835328.0
2015-05-18,61.4,62.66,62.56,60.54,20802678.0,1284634240.0
2015-05-15,62.66,63.26,60.88,60.44,14810972.0,910362944.0
2015-05-14,63.19,64.06,62.81,61.14,15377906.0,955488896.0
2015-05-13,64.26,64.54,63.19,61.82,17684038.0,1116497792.0
2015-05-12,63.17,65.23,64.56,62.06,24122056.0,1538169216.0
2015-05-11,59.86,63.86,63.15,59.44,24883248.0,1545565440.0
2015-05-08,59.27,59.91,59.56,58.04,13363321.0,787786240.0
2015-05-07,57.83,59.36,58.81,57.12,11216962.0,655754304.0
2015-05-06,59.56,60.66,58.21,57.76,13004855.0,771230976.0
2015-05-05,61.06,61.06,58.45,57.86,15861749.0,937090816.0
2015-05-04,60.06,64.66,61.45,60.06,18616192.0,1159606400.0
2015-04-30,62.26,62.62,60.06,59.94,16195042.0,994285696.0
2015-04-29,59.58,64.06,61.25,57.56,22242888.0,1355397504.0
2015-04-28,64.06,66.57,59.57,58.95,38541900.0,2393255424.0
2015-04-23,58.06,63.04,63.04,58.06,44092612.0,2724936960.0
2015-04-22,56.56,58.84,57.31,56.36,15582787.0,897460160.0
2015-04-21,54.86,56.55,56.16,54.86,12765327.0,713394176.0
2015-04-20,56.64,56.64,54.85,54.75,16906920.0,939476480.0
2015-04-17,58.68,59.05,57.21,57.06,16322590.0,946480320.0
2015-04-16,55.91,58.34,57.76,55.49,15081869.0,863928448.0
2015-04-15,56.1,57.03,56.05,55.51,12814342.0,719635008.0
2015-04-14,58.94,59.16,57.11,57.04,16044519.0,930473600.0
2015-04-13,56.96,59.26,59.26,55.55,21565772.0,1228043264.0
2015-04-10,56.74,58.01,56.96,56.64,15968479.0,911729536.0
2015-04-09,57.76,57.76,56.05,53.41,22485984.0,1250441984.0
2015-04-08,60.43,60.94,57.94,56.91,22123344.0,1294200960.0
2015-04-07,61.42,61.64,60.45,59.76,19310894.0,1163222528.0
2015-04-03,59.12,61.81,61.41,58.09,30811412.0,1850824192.0
2015-04-02,60.06,62.5,59.9,57.61,46844936.0,2808275456.0
2015-04-01,54.05,57.7,57.7,54.05,33653024.0,1886140032.0
2015-03-31,52.78,53.73,52.45,52.32,18740490.0,989549184.0
2015-03-30,53.1,53.65,52.76,52.35,18493964.0,975959936.0
2015-03-27,54.53,54.53,52.9,51.95,19541604.0,1029417024.0
2015-03-26,52.43,55.05,54.27,52.06,29585812.0,1583253376.0
2015-03-25,53.25,53.73,52.24,52.0,21332516.0,1120596480.0
2015-03-24,53.2,54.93,53.45,51.96,27855116.0,1482318464.0
2015-03-23,52.84,53.38,53.16,52.53,19659896.0,1040592448.0
2015-03-20,53.05,53.67,52.85,52.05,21847552.0,1147790208.0
2015-03-19,53.4,55.84,53.93,53.15,26297276.0,1430433280.0
2015-03-18,51.55,54.04,53.4,51.06,26989560.0,1429298688.0
2015-03-17,51.35,52.71,51.55,50.53,22345450.0,1149694464.0
2015-03-16,50.59,51.54,51.19,50.06,20111494.0,1022957568.0
2015-03-13,49.55,50.4,50.03,48.85,17509616.0,868710144.0
2015-03-12,50.63,50.63,49.17,48.35,19381482.0,951119680.0
2015-03-11,50.65,51.55,50.05,49.63,18830944.0,949154688.0
2015-03-10,51.15,52.93,51.25,50.75,21563600.0,1121268480.0
2015-03-09,50.55,52.05,51.25,49.13,25923700.0,1312632064.0
2015-03-06,59.21,59.66,52.35,51.85,51454068.0,2803548160.0
2015-03-05,51.55,57.25,57.25,51.44,37251620.0,2028158464.0
2015-03-04,51.05,53.93,52.04,50.41,29897664.0,1568522496.0
2015-03-03,51.05,54.73,51.41,50.58,32862700.0,1711219840.0
2015-03-02,52.15,55.7,51.83,51.35,50259944.0,2681467648.0
2015-02-27,49.0,50.85,50.63,48.15,36840416.0,1824774400.0
2015-02-26,49.94,50.85,49.33,48.32,33074280.0,1637213824.0
2015-02-25,52.55,52.6,49.94,49.42,50831084.0,2570060800.0
2015-02-17,48.85,50.47,50.47,45.88,35038792.0,1740619776.0
2015-02-16,43.9,45.88,45.88,43.62,37752752.0,1698779264.0
2015-02-13,38.53,41.71,41.71,38.1,36938736.0,1494306048.0
2015-02-12,36.69,38.01,37.92,36.49,10284868.0,382626240.0
2015-02-11,36.84,37.38,36.65,36.5,7137068.0,263054400.0
2015-02-10,36.53,37.36,37.18,36.15,5956994.0,218138688.0
2015-02-09,36.4,36.63,36.27,36.07,4800813.0,174416496.0
2015-02-06,38.03,38.16,36.27,35.95,10964533.0,401582880.0
2015-02-05,38.37,38.56,37.77,37.74,6962999.0,265432080.0
2015-02-04,39.39,39.39,38.31,38.04,9158483.0,354400000.0
2015-02-03,39.23,39.34,38.77,38.65,5874292.0,227921776.0
2015-02-02,38.04,38.95,38.51,37.54,5250615.0,201662544.0
2015-01-30,39.74,40.02,38.3,38.29,10189346.0,395335104.0
2015-01-29,40.58,40.63,39.8,39.46,9244837.0,368366464.0
2015-01-28,40.25,40.94,40.44,39.92,10893355.0,440078880.0
2015-01-27,40.14,40.44,40.04,39.64,10637339.0,426213920.0
2015-01-26,40.34,40.84,40.14,39.6,9529417.0,381414528.0
2015-01-23,39.99,41.0,40.15,39.92,14148146.0,571837120.0
2015-01-22,39.69,39.99,39.85,39.24,9529465.0,377569792.0
2015-01-21,39.13,39.82,39.52,38.99,9254367.0,364431904.0
2015-01-20,38.48,39.39,38.99,38.32,8750457.0,340120928.0
2015-01-19,39.46,40.47,38.35,37.83,10800447.0,421254528.0
2015-01-16,39.15,39.72,39.61,38.83,7273230.0,285132384.0
2015-01-15,39.64,39.92,39.12,38.62,5957550.0,232630832.0
2015-01-14,40.34,40.74,39.52,39.04,6989417.0,277811424.0
2015-01-13,40.04,40.93,40.36,39.54,13327085.0,539057984.0
2015-01-12,38.52,40.37,39.52,38.52,11348854.0,447585472.0
2015-01-09,38.58,39.54,38.48,38.39,8515094.0,331242752.0
2015-01-08,38.97,39.24,38.55,38.42,6891785.0,266454784.0
2015-01-07,40.29,40.29,38.98,38.94,11167398.0,438781184.0
2015-01-06,39.42,41.49,40.37,39.09,13889067.0,562214848.0
2015-01-05,38.34,41.14,40.3,37.79,19214892.0,749732288.0
2014-12-31,38.11,38.88,38.19,37.55,10696432.0,409463232.0
2014-12-30,38.03,39.27,38.1,37.49,16903728.0,647925632.0
2014-12-29,36.84,37.33,36.54,36.07,9118536.0,335076704.0
2014-12-26,37.18,37.18,36.8,36.26,9043572.0,331042720.0
2014-12-25,37.1,38.03,37.19,36.54,12062261.0,449960832.0
2014-12-24,35.4,36.98,36.72,34.88,13451809.0,485244064.0
2014-12-23,34.78,36.04,35.2,34.57,10643155.0,376762240.0
2014-12-22,37.24,37.25,34.84,33.83,16088542.0,562713856.0
2014-12-19,36.74,39.04,37.51,36.74,28531252.0,1073647872.0
2014-12-18,40.75,41.52,36.47,36.47,34959620.0,1337368832.0
2014-12-17,41.46,41.52,40.52,40.06,10507950.0,427093408.0
2014-12-16,42.16,42.23,41.76,41.43,10528003.0,438667552.0
2014-12-15,42.46,42.67,42.22,41.13,8517787.0,358141152.0
2014-12-12,40.18,43.04,42.32,39.94,18634736.0,777808896.0
2014-12-11,40.06,40.29,40.2,39.57,8129474.0,325000608.0
2014-12-10,39.92,40.44,40.29,39.52,15938681.0,637486592.0
2014-12-09,41.89,41.89,39.7,39.57,18316396.0,738368896.0
2014-12-08,43.04,43.22,42.0,41.74,16303431.0,688408128.0
2014-12-05,44.7,44.77,43.4,43.04,12893793.0,564595136.0
2014-12-04,43.23,44.89,44.62,43.23,17555164.0,774405696.0
2014-12-03,43.72,43.73,43.19,42.72,12452533.0,536217600.0
2014-12-02,43.44,43.87,43.56,43.16,6234539.0,271758144.0
2014-12-01,43.34,44.19,43.44,43.04,5234573.0,227036800.0
2014-11-28,43.74,43.76,43.34,42.92,6355359.0,274507072.0
2014-11-27,44.59,44.77,44.03,43.84,7429465.0,327465184.0
2014-11-26,44.29,45.15,44.55,44.29,6848753.0,306081856.0
2014-11-25,43.99,44.79,44.07,43.74,6400971.0,283077984.0
2014-11-24,43.38,44.01,43.89,42.95,6355631.0,276043040.0
2014-11-21,42.82,42.93,42.86,42.55,3339177.0,142550816.0
2014-11-20,42.76,43.24,42.64,42.4,3415077.0,146172208.0
2014-11-19,42.74,43.49,42.84,42.51,4314441.0,184994752.0
2014-11-18,44.04,44.04,42.87,42.64,4317093.0,185774592.0
2014-11-17,43.84,44.84,44.05,43.7,4358878.0,192953088.0
2014-11-14,42.94,44.99,44.23,42.42,6082076.0,266901120.0
2014-11-13,43.75,43.88,42.94,42.29,6781062.0,289922176.0
2014-11-12,44.54,44.9,43.94,43.03,5865414.0,257856000.0
2014-11-11,46.65,46.7,44.67,44.54,6077851.0,277231392.0
2014-11-10,46.15,46.6,46.59,46.01,4275566.0,198373120.0
2014-11-07,46.23,46.53,46.13,45.95,3317961.0,153640336.0
2014-11-06,45.97,46.34,46.2,45.9,2365871.0,108991128.0
2014-11-05,46.35,46.35,46.05,46.02,2587813.0,119361472.0
2014-11-04,46.25,46.61,46.39,46.22,2785700.0,129152136.0
2014-11-03,47.01,47.01,46.23,46.05,5916846.0,274244512.0
2014-10-31,47.22,47.23,47.02,46.39,5054421.0,235841920.0
2014-10-30,48.25,48.71,47.38,47.35,6911677.0,330607264.0
2014-10-29,47.48,48.28,48.15,47.47,5226858.0,250255840.0
2014-10-28,46.81,47.65,47.43,46.75,4226549.0,198888384.0
2014-10-27,47.44,47.73,46.81,46.25,3626326.0,169396512.0
2014-10-24,47.41,47.9,47.46,47.35,2424089.0,115191984.0
2014-10-23,47.35,47.83,47.35,47.15,2605822.0,123686392.0
2014-10-22,47.35,47.95,47.35,47.25,3337881.0,158488816.0
2014-10-21,48.26,48.48,47.36,47.35,3839376.0,183028256.0
2014-10-20,47.88,48.59,48.25,47.81,3659649.0,176673936.0
2014-10-17,48.05,48.45,47.92,47.45,4570145.0,218804576.0
2014-10-16,48.15,48.47,47.98,47.67,4232303.0,203049392.0
2014-10-15,48.31,48.52,48.4,47.63,4352055.0,208542592.0
2014-10-14,49.3,49.35,48.3,48.15,4980592.0,241958560.0
2014-10-13,49.55,49.56,49.13,48.39,4234407.0,206322864.0
2014-10-10,50.37,50.37,49.55,49.5,4790276.0,238248816.0
2014-10-09,49.6,50.91,50.37,49.58,7774714.0,390501216.0
2014-10-08,48.93,49.54,49.5,48.8,4532947.0,222534992.0
2014-09-30,49.2,49.44,48.88,48.75,3529231.0,172464688.0
2014-09-29,48.94,49.75,49.1,48.94,4378562.0,215882464.0
2014-09-26,49.1,49.38,48.93,48.73,2572969.0,125856360.0
2014-09-25,50.04,50.13,49.09,48.94,4677881.0,231682416.0
2014-09-24,49.03,49.75,49.59,48.57,5030495.0,246777248.0
2014-09-23,48.45,49.11,48.9,48.35,3030725.0,147469520.0
2014-09-22,50.01,50.07,48.5,48.15,3746736.0,183138832.0
2014-09-19,49.96,50.29,50.05,49.9,3053734.0,152801088.0
2014-09-18,49.92,50.45,49.96,49.66,2947667.0,147207824.0
2014-09-17,50.33,50.91,50.31,49.5,4195436.0,209811584.0
2014-09-16,51.53,51.54,50.03,50.0,5335099.0,269193984.0
2014-09-15,51.55,52.04,51.65,51.44,3079573.0,159116384.0
2014-09-12,52.6,52.69,51.95,51.51,3967774.0,205888832.0
2014-09-11,53.7,53.7,52.16,52.05,4756139.0,251256832.0
2014-09-10,53.43,54.03,53.71,53.11,6215650.0,333458976.0
2014-09-09,51.86,54.34,54.18,51.84,10548799.0,555227392.0
2014-09-05,51.8,51.99,51.8,51.24,3463816.0,178641472.0
2014-09-04,51.9,52.19,51.66,51.43,3405406.0,175865840.0
2014-09-03,51.55,51.93,51.81,51.53,5486001.0,283899808.0
2014-09-02,51.15,51.35,51.35,50.86,5191024.0,265306400.0
2014-09-01,51.05,51.6,51.14,50.61,4867929.0,248174976.0
2014-08-29,49.7,50.71,50.6,49.45,3693403.0,185304080.0
2014-08-28,50.37,50.38,49.29,49.14,2567252.0,127507912.0
2014-08-27,49.55,50.63,50.38,49.54,4365297.0,218520048.0
2014-08-26,49.77,49.99,49.4,48.99,2600390.0,128330744.0
2014-08-25,49.05,50.19,49.92,48.45,5806762.0,284571072.0
2014-08-22,50.95,50.95,50.03,49.88,4372960.0,218923568.0
2014-08-21,50.66,51.02,51.0,50.04,3379734.0,170149824.0
2014-08-20,51.23,51.23,50.65,50.29,3891018.0,197065408.0
2014-08-19,51.55,52.14,51.4,51.15,3645113.0,187895920.0
2014-08-18,51.67,52.3,51.55,51.36,3362001.0,174154976.0
2014-08-15,51.55,51.99,51.65,51.06,3247748.0,167076016.0
2014-08-14,50.95,51.95,51.6,50.7,3960521.0,203878944.0
2014-08-13,51.9,52.24,51.26,50.59,4077209.0,208812768.0
2014-08-12,51.85,52.19,51.59,51.27,3707496.0,191574736.0
2014-08-11,51.3,52.6,51.9,51.08,3447063.0,179231728.0
2014-08-08,51.5,52.28,51.45,51.22,3386874.0,175394768.0
2014-08-07,52.68,53.66,51.3,51.29,6228705.0,325731648.0
2014-08-06,50.8,52.5,52.5,50.6,7117226.0,370257696.0
2014-08-05,51.48,51.8,51.39,50.39,3529632.0,179941776.0
2014-08-04,49.99,51.49,51.47,49.8,5180492.0,264549984.0
2014-08-01,50.88,51.2,49.69,49.69,4999075.0,252787456.0
2014-07-31,51.45,51.86,50.71,50.5,5082513.0,259450464.0
2014-07-30,51.51,52.45,51.39,50.85,7271873.0,375434656.0
2014-07-29,49.1,52.7,51.41,48.55,12513846.0,638548224.0
2014-07-28,48.65,49.4,49.07,48.65,6901326.0,338823200.0
2014-07-25,47.8,48.58,48.43,47.8,4853161.0,234148864.0
2014-07-24,47.9,48.22,47.71,46.79,3967705.0,188541824.0
2014-07-23,48.2,48.49,47.7,47.2,5318670.0,254576000.0
2014-07-22,46.39,49.25,48.6,46.3,12471001.0,602510080.0
2014-07-21,46.36,46.5,46.03,45.91,3870151.0,178588768.0
2014-07-18,46.52,46.91,46.36,46.27,3066934.0,143083808.0
2014-07-17,47.6,47.64,46.49,46.3,3523687.0,164428656.0
2014-07-16,47.68,48.3,47.1,46.8,4042521.0,192249376.0
2014-07-15,48.69,48.69,47.71,47.33,6885858.0,328972928.0
2014-07-14,47.5,49.5,48.74,47.48,11563455.0,559960448.0
2014-07-11,45.89,47.0,46.91,44.5,8903576.0,408352224.0
2014-07-10,49.0,49.45,46.59,46.58,13717523.0,657638400.0
2014-07-09,49.22,49.25,47.96,47.59,7368969.0,356088096.0
2014-07-08,47.73,49.46,49.23,47.73,10329139.0,502775680.0
2014-07-07,48.39,48.8,47.75,47.6,4201252.0,201892480.0
2014-07-04,48.93,49.1,48.29,48.29,4995092.0,242779840.0
2014-07-03,47.95,49.49,48.85,47.5,8785740.0,427928032.0
2014-07-02,47.47,48.17,47.9,47.13,4109941.0,195965088.0
2014-07-01,47.5,48.42,47.7,47.01,6351375.0,304176032.0
2014-06-30,47.99,48.25,47.49,46.4,8616225.0,409053600.0
2014-06-27,49.99,51.08,48.91,48.51,9420195.0,472773568.0
2014-06-26,48.55,50.0,49.5,48.25,4900574.0,240679136.0
2014-06-25,48.52,49.08,48.85,48.1,6196785.0,301497120.0
2014-06-24,47.45,48.6,48.46,46.95,7987232.0,382208640.0
2014-06-23,47.0,47.36,46.8,46.5,2560361.0,120016816.0
2014-06-20,46.3,47.24,46.6,45.5,4545280.0,212481408.0
2014-06-19,47.0,47.37,45.8,45.2,2917385.0,135195904.0
2014-06-18,46.75,47.37,47.0,46.6,3670897.0,172522752.0
2014-06-17,46.9,47.69,46.67,46.59,4652470.0,219405680.0
2014-06-16,47.58,47.97,47.15,46.6,6049950.0,285677504.0
2014-06-13,45.7,48.0,47.8,45.16,10480645.0,493899712.0
2014-06-12,45.3,46.13,45.14,45.06,3345699.0,152811936.0
2014-06-11,45.31,45.55,45.3,44.91,1957640.0,88437288.0
2014-06-10,45.72,46.16,45.64,44.5,3750264.0,169362256.0
2014-06-09,46.1,46.36,45.7,45.5,1891740.0,86951720.0
2014-06-06,45.32,46.31,46.07,45.17,3921703.0,180205968.0
2014-06-05,44.34,45.35,45.35,44.12,2805275.0,126027776.0
2014-06-04,45.9,45.91,44.69,44.38,3468286.0,155793344.0
2014-06-03,46.68,46.93,45.91,45.65,3322672.0,153274624.0
2014-05-30,46.18,48.09,46.68,45.6,6101391.0,286252000.0
2014-05-29,47.83,47.99,46.29,46.2,4746446.0,223183312.0
2014-05-28,46.64,48.9,47.8,46.25,9700987.0,464148256.0
2014-05-27,46.18,46.65,46.65,45.25,6633026.0,304523008.0
2014-05-26,44.45,46.38,46.38,44.3,12211600.0,557563968.0
2014-05-23,42.21,42.69,42.16,42.01,919731.0,38973148.0
2014-05-22,41.6,43.22,42.16,41.59,3913417.0,166359968.0
2014-05-21,40.5,41.61,41.58,40.0,1836219.0,75337008.0
2014-05-20,41.1,41.64,40.69,40.51,1814717.0,74330848.0
2014-05-19,41.0,41.2,40.9,40.41,1322174.0,53905456.0
2014-05-16,40.8,41.53,40.97,40.8,1558660.0,64026200.0
2014-05-15,42.05,42.45,41.06,40.9,2041543.0,85160224.0
2014-05-14,41.82,42.4,42.01,41.52,1618103.0,68148888.0
2014-05-13,42.0,43.2,41.8,41.68,5310871.0,225639360.0
2014-05-12,40.82,42.2,41.83,40.8,3676696.0,152380688.0
2014-05-09,41.01,41.39,40.74,39.87,5292609.0,214866640.0
2014-05-08,43.0,43.65,42.07,41.15,6225113.0,264584416.0
2014-05-07,45.8,45.81,43.32,42.99,5585662.0,244919936.0
2014-05-06,45.65,46.43,45.9,45.65,2120669.0,97525008.0
2014-05-05,46.1,46.1,45.65,44.71,2764032.0,125476120.0
2014-04-30,46.4,46.7,46.22,46.11,1354384.0,62655412.0
2014-04-29,46.29,46.54,46.1,45.5,1916860.0,88162768.0
2014-04-28,46.18,46.99,46.25,45.5,2911363.0,134312272.0
2014-04-25,45.45,47.2,46.14,45.45,3886094.0,180877744.0
2014-04-24,45.84,46.33,45.26,45.0,3074151.0,140505984.0
2014-04-23,48.1,48.2,46.15,45.59,5638886.0,261200960.0
2014-04-22,49.1,49.58,47.99,47.0,4372784.0,209655632.0
2014-04-21,49.5,50.26,49.06,48.9,3150692.0,156325952.0
2014-04-18,48.51,49.4,49.28,48.19,2526709.0,123737320.0
2014-04-17,48.95,49.3,48.66,48.56,2069228.0,100996808.0
2014-04-16,48.5,49.1,48.78,48.34,2250557.0,109793352.0
2014-04-15,50.0,50.73,48.57,48.52,3856420.0,190314512.0
2014-04-14,49.8,50.76,50.07,49.65,2158057.0,108508712.0
2014-04-11,50.58,50.98,49.75,49.52,3243448.0,162123184.0
2014-04-10,50.12,51.63,51.0,49.4,5415725.0,274835616.0
2014-04-09,48.85,50.32,50.1,48.85,2533698.0,126411304.0
2014-04-08,49.03,49.84,49.69,48.5,3124814.0,153925040.0
2014-04-04,48.95,49.79,49.69,48.64,2107710.0,103833200.0
2014-04-03,49.25,49.85,48.95,48.78,2485348.0,122542608.0
2014-04-02,48.78,49.78,48.7,48.48,2299058.0,112801592.0
2014-04-01,48.1,49.1,48.5,48.08,2296672.0,111438144.0
2014-03-31,48.88,50.0,48.11,47.71,4318071.0,209355408.0
2014-03-28,50.0,50.31,49.1,48.89,3441648.0,170151120.0
2014-03-27,51.2,51.62,50.14,49.5,4733216.0,237768304.0
2014-03-26,50.5,51.92,51.2,49.96,5780820.0,296281408.0
2014-03-25,49.95,50.73,49.96,49.06,4380300.0,219322896.0
2014-03-24,51.99,51.99,49.95,49.7,5411434.0,271999488.0
2014-03-21,50.0,52.35,51.4,48.02,9109674.0,460050016.0
2014-03-20,52.39,53.0,50.42,49.98,11372957.0,587803200.0
2014-03-19,53.16,54.65,54.4,52.73,5144448.0,278336704.0
2014-03-18,53.45,54.92,53.15,52.98,6423730.0,346076480.0
2014-03-17,50.31,53.6,53.49,50.31,8967252.0,472444384.0
2014-03-14,52.0,52.05,50.23,49.84,7831526.0,398569632.0
2014-03-13,50.62,53.03,52.49,50.3,7394852.0,382312544.0
2014-03-12,51.5,52.68,50.63,49.3,9005498.0,457313728.0
2014-03-11,54.47,55.94,51.92,50.7,10835722.0,572298688.0
2014-03-10,55.0,57.59,54.75,54.0,8147423.0,454110720.0
2014-03-07,54.82,57.99,56.0,54.61,8238404.0,465786464.0
2014-03-06,55.01,55.78,55.1,53.5,8186782.0,446697664.0
2014-03-05,56.03,59.29,56.1,55.6,10594958.0,609022336.0
2014-03-04,55.85,56.99,56.48,55.3,8002056.0,449361600.0
2014-03-03,56.91,58.05,57.0,55.4,14736010.0,834030592.0
2014-02-28,53.28,57.88,56.91,51.51,22179698.0,1239742976.0
2014-02-27,55.92,57.0,52.95,52.83,26173796.0,1443345920.0
2014-02-26,50.0,53.42,53.42,49.99,24991080.0,1320899456.0
2014-02-25,48.69,50.45,48.56,47.8,12196632.0,600809792.0
2014-02-24,46.01,49.15,48.71,45.59,9569944.0,454881344.0
2014-02-21,48.01,48.48,46.7,46.32,7341011.0,346626912.0
2014-02-20,47.26,49.02,47.99,47.26,10472938.0,505710624.0
2014-02-19,49.67,49.99,48.06,46.76,11192678.0,538941312.0
2014-02-18,49.8,49.8,47.94,47.45,12319129.0,594298432.0
2014-02-17,49.14,50.48,50.15,48.0,13579717.0,668977280.0
2014-02-14,48.0,50.2,48.43,47.48,13265414.0,651997824.0
2014-02-13,46.2,49.79,49.0,46.01,22521684.0,1092764544.0
2014-02-12,44.2,46.23,45.26,43.5,13032723.0,586214656.0
2014-02-11,45.9,46.45,44.29,43.81,20075418.0,904745280.0
2014-02-10,40.3,43.45,43.45,40.3,11083742.0,475592832.0
2014-02-07,38.46,39.66,39.5,38.31,4815495.0,187686320.0
2014-01-30,39.92,40.45,38.65,38.51,4736481.0,187597856.0
2014-01-29,40.3,40.33,39.76,39.52,5574667.0,221854432.0
2014-01-28,39.7,40.68,40.2,39.12,13241201.0,529618912.0
2014-01-27,38.73,39.1,38.58,38.05,6388131.0,247015584.0
2014-01-24,37.45,38.8,38.6,37.4,6164890.0,236783424.0
2014-01-23,38.1,38.27,37.46,37.01,4143652.0,156108240.0
2014-01-22,37.45,38.1,38.04,37.07,3810145.0,143335168.0
2014-01-21,37.1,37.47,37.16,36.98,3096611.0,115113528.0
2014-01-20,37.44,37.98,37.01,36.7,3095805.0,115369984.0
2014-01-17,38.01,38.29,37.4,37.37,3242710.0,122435152.0
2014-01-16,39.17,39.17,38.0,37.99,4398679.0,169226032.0
2014-01-15,38.4,39.3,39.0,38.4,4281300.0,166542080.0
2014-01-14,37.99,38.5,38.18,37.61,2569642.0,98085040.0
2014-01-13,37.06,37.97,37.85,37.0,3276074.0,123123616.0
2014-01-10,38.7,38.81,37.01,37.01,5643153.0,213395664.0
2014-01-09,39.42,39.49,38.56,38.53,5381680.0,210489648.0
2014-01-08,38.5,39.56,39.54,38.49,6939918.0,271427936.0
2014-01-07,37.9,38.97,38.48,37.71,3996304.0,153426160.0
2014-01-06,38.35,39.2,38.0,37.6,5880937.0,226039520.0
2014-01-03,37.9,38.79,38.41,37.6,5234517.0,199728880.0
2014-01-02,37.68,38.05,37.97,37.2,5376373.0,203707632.0
2013-12-31,37.1,38.12,37.68,37.1,4671822.0,176795920.0
2013-12-30,37.09,37.69,37.5,36.98,4597853.0,172151040.0
2013-12-27,36.11,37.39,36.96,36.1,4283125.0,158532576.0
2013-12-26,37.23,37.45,36.1,36.0,3397634.0,124356880.0
2013-12-25,37.07,37.69,37.23,36.82,2584183.0,96198248.0
2013-12-24,36.4,37.2,37.0,36.4,3998519.0,147727712.0
2013-12-23,36.8,37.17,36.48,36.1,2954363.0,108208288.0
2013-12-20,37.6,37.85,36.55,36.3,4110384.0,151772224.0
2013-12-19,37.6,38.14,37.56,37.26,4825235.0,182118272.0
2013-12-18,38.46,38.9,37.3,37.3,5121209.0,194136000.0
2013-12-17,39.22,39.58,38.46,38.38,5564818.0,216900144.0
2013-12-16,38.79,39.46,39.18,38.2,7028005.0,273854240.0
2013-12-13,37.82,38.98,38.73,37.72,6216360.0,239904640.0
2013-12-12,37.13,38.95,38.34,37.01,6249715.0,238179904.0
2013-12-11,37.81,37.85,37.28,36.91,3793689.0,141839232.0
2013-12-10,38.18,38.74,38.0,37.73,4904740.0,187068480.0
2013-12-09,38.08,38.45,37.95,37.46,4997351.0,189190848.0
2013-12-06,37.66,38.8,38.02,37.5,8784887.0,335591520.0
2013-12-05,36.03,37.98,37.65,35.9,10264762.0,382382624.0
2013-12-04,36.13,36.78,36.03,35.78,6307180.0,228966976.0
2013-12-03,35.2,36.2,35.96,35.01,4923985.0,176377664.0
2013-12-02,36.8,37.34,35.4,35.18,7696533.0,278073984.0
2013-11-29,38.03,38.23,37.86,37.53,4462256.0,168819840.0
2013-11-28,38.11,38.6,38.1,37.82,4910479.0,186981104.0
2013-11-27,36.98,38.43,38.11,36.88,9014477.0,341146400.0
2013-11-26,36.53,37.5,37.0,36.25,5360436.0,197196064.0
2013-11-25,36.8,37.09,36.53,36.11,4224802.0,154953104.0
2013-11-22,35.47,37.92,37.0,35.31,9176306.0,339695488.0
2013-11-21,36.0,36.15,35.54,35.18,5439917.0,193318896.0
2013-11-20,36.36,36.57,36.36,35.9,3278720.0,118631840.0
2013-11-19,36.47,36.48,36.1,35.8,4406910.0,158977120.0
2013-11-18,36.1,36.58,36.48,35.79,5441784.0,197547440.0
2013-11-15,35.35,36.6,35.9,35.05,4961255.0,178491792.0
2013-11-14,34.95,35.4,35.04,34.7,4245281.0,148832240.0
2013-11-13,36.3,36.39,34.72,34.71,3861637.0,136701216.0
2013-11-12,36.2,36.64,36.08,35.7,2871885.0,103690360.0
2013-11-11,35.3,36.68,36.01,35.3,4286310.0,155050128.0
2013-11-08,35.15,35.58,35.09,34.53,4318863.0,151665504.0
2013-11-07,37.0,37.0,35.6,35.0,9230270.0,333913664.0
2013-11-06,38.91,39.21,37.85,37.8,4742790.0,183023856.0
2013-11-05,38.15,39.2,38.85,37.5,7049590.0,271130432.0
2013-11-04,37.9,38.6,38.52,37.0,5208739.0,197524592.0
2013-11-01,38.29,38.95,38.07,37.81,4666747.0,178686272.0
2013-10-31,39.2,39.2,37.98,37.7,4869153.0,186164416.0
2013-10-30,38.18,39.3,39.3,37.81,5954003.0,230479040.0
2013-10-29,39.47,39.89,38.08,37.28,8172733.0,312776608.0
2013-10-28,41.25,41.48,39.45,38.75,7058685.0,279315296.0
2013-10-25,40.98,42.15,40.95,39.84,8123211.0,333122272.0
2013-10-24,41.18,41.4,40.68,39.6,7827621.0,316801056.0
2013-10-23,41.69,43.66,41.51,40.7,13788159.0,585142400.0
2013-10-22,42.5,43.56,41.7,41.5,14048029.0,596941440.0
2013-10-21,40.36,42.6,41.89,40.1,13972938.0,578739520.0
2013-10-18,37.85,41.2,40.75,37.79,12451978.0,495888864.0
2013-10-17,38.15,38.71,37.85,37.79,4385490.0,167076880.0
2013-10-16,38.9,38.9,37.9,37.63,6801676.0,259031360.0
2013-10-15,38.64,39.61,39.08,38.64,6055714.0,236762256.0
2013-10-14,40.0,40.0,38.75,38.49,8447466.0,328610816.0
2013-10-11,39.72,40.1,39.9,38.9,8097285.0,320374624.0
2013-10-10,40.98,41.35,39.5,39.45,10103417.0,406376000.0
2013-10-09,39.8,41.21,40.8,39.5,8563552.0,348231584.0
2013-10-08,41.0,41.5,40.15,40.0,9792552.0,398088736.0
2013-09-30,38.01,39.78,39.36,38.0,7202541.0,282920320.0
2013-09-27,38.9,39.83,38.19,37.96,7920449.0,305907072.0
2013-09-26,38.55,39.87,39.13,38.1,10240108.0,400311904.0
2013-09-25,40.87,41.3,39.0,39.0,12111113.0,482518464.0
2013-09-24,41.0,42.48,40.92,40.76,16125967.0,671137088.0
2013-09-23,39.0,42.33,41.55,38.55,24698616.0,1001651456.0
2013-09-18,39.73,40.28,39.0,36.52,25632032.0,974382528.0
2013-09-17,39.98,40.5,39.0,38.5,12567389.0,492353440.0
2013-09-16,40.27,41.49,39.58,39.28,14554393.0,587800128.0
2013-09-13,40.64,41.26,40.52,39.8,16930828.0,685531136.0
2013-09-12,41.5,42.96,40.51,40.3,26640356.0,1102287872.0
2013-09-11,39.4,41.71,41.71,37.94,35041000.0,1409805056.0
2013-09-10,37.5,39.3,37.92,36.94,21561396.0,825355776.0
2013-09-09,37.88,39.25,37.62,37.27,29299452.0,1114430080.0
2013-09-06,33.15,36.52,36.52,33.03,28845148.0,1023390208.0
2013-09-05,33.11,33.45,33.2,32.67,7023731.0,232680256.0
2013-09-04,33.45,33.98,33.29,33.13,7655852.0,256478096.0
2013-09-03,32.24,33.46,33.24,32.07,10376519.0,341800000.0
2013-09-02,31.77,32.59,31.95,31.6,8970937.0,288262880.0
2013-08-30,33.39,33.5,31.77,30.98,14904542.0,476847232.0
2013-08-29,33.24,33.95,33.18,33.09,7567115.0,252822160.0
2013-08-28,34.12,34.15,33.25,33.21,13946742.0,467127584.0
2013-08-27,34.9,34.9,34.46,33.87,13200806.0,452197440.0
2013-08-26,35.8,35.8,35.1,34.6,17320696.0,606759680.0
2013-08-23,35.36,36.18,35.96,34.75,14293136.0,508302112.0
2013-08-22,33.86,35.44,35.26,33.66,8948744.0,308922880.0
2013-08-21,33.96,34.06,33.85,33.43,4163619.0,140188000.0
2013-08-20,34.11,34.49,33.75,33.5,5104018.0,173480416.0
2013-08-19,33.3,34.59,34.28,33.01,5152486.0,175472736.0
2013-08-16,34.29,35.0,33.47,33.32,6805082.0,232989104.0
2013-08-15,35.35,35.59,34.46,34.46,7886665.0,274932864.0
2013-08-14,36.02,36.68,35.69,35.5,7147310.0,257357456.0
2013-08-13,35.5,36.3,36.08,35.08,8836756.0,316751456.0
2013-08-12,35.79,36.08,35.76,35.1,8622642.0,305917440.0
2013-08-09,36.92,37.2,35.49,35.01,10289173.0,370041664.0
2013-08-08,36.36,36.95,36.29,36.0,9525374.0,347464960.0
2013-08-07,36.45,36.8,36.0,35.6,9867534.0,355418560.0
2013-08-06,35.18,37.45,36.79,35.18,17319448.0,630330496.0
2013-08-05,34.53,35.38,35.1,34.35,7268445.0,253598432.0
2013-08-02,35.26,35.44,34.53,34.41,6397082.0,223648768.0
2013-08-01,33.11,35.2,35.09,33.1,10580923.0,361872576.0
2013-07-31,33.58,34.08,33.1,33.0,5908257.0,197413344.0
2013-07-30,34.56,34.82,33.58,33.2,6436338.0,217796848.0
2013-07-29,34.29,34.89,34.07,33.8,5399687.0,185342736.0
2013-07-26,34.88,35.47,34.16,33.92,8792277.0,302190144.0
2013-07-25,35.37,36.59,35.4,35.21,11233916.0,403675872.0
2013-07-24,36.0,36.0,35.4,34.68,9054705.0,319635456.0
2013-07-23,35.51,36.2,35.91,35.36,10711513.0,384836224.0
2013-07-22,34.76,35.28,35.08,34.38,6941560.0,242097808.0
2013-07-19,35.18,35.79,35.31,34.05,12242303.0,426767168.0
2013-07-18,35.57,35.93,35.22,35.02,10570091.0,375651360.0
2013-07-17,36.42,36.45,35.02,34.88,20826748.0,742474944.0
2013-07-16,37.35,38.27,37.66,37.1,13061463.0,490726784.0
2013-07-15,37.55,38.5,36.92,36.76,18419706.0,692267008.0
2013-07-12,35.5,36.74,35.67,35.3,12669936.0,457512224.0
2013-07-11,35.7,36.75,35.68,35.34,15986970.0,575168512.0
2013-07-10,34.89,36.11,36.0,34.7,14554113.0,515553472.0
2013-07-09,35.98,36.4,34.93,34.24,17006978.0,597007104.0
2013-07-08,36.0,37.8,36.28,35.19,15152887.0,552160256.0
2013-07-05,39.0,39.0,37.09,36.7,18226712.0,688209664.0
2013-07-04,36.0,39.5,38.55,35.4,25970782.0,982744960.0
2013-07-03,35.1,36.4,35.96,34.25,19278584.0,685296832.0
2013-07-02,33.9,35.8,35.17,33.44,18746332.0,652008448.0
2013-07-01,30.3,32.9,32.9,30.0,14372054.0,454158784.0
2013-06-28,29.33,30.69,29.91,28.95,6876602.0,205043984.0
2013-06-27,30.91,31.21,29.57,29.02,10256919.0,310677920.0
2013-06-26,30.12,30.9,30.7,29.55,11649521.0,353382848.0
2013-06-25,28.35,30.27,29.96,26.55,14907461.0,432100992.0
2013-06-24,32.3,32.3,29.34,29.34,11566487.0,353537312.0
2013-06-21,30.6,32.88,32.6,29.55,12037513.0,374956256.0
2013-06-20,33.86,33.86,31.84,31.8,13613410.0,446084544.0
2013-06-19,34.69,35.34,34.69,34.4,9147209.0,318463072.0
2013-06-18,34.29,35.16,34.74,34.07,10000629.0,346929728.0
2013-06-17,33.49,35.0,33.82,33.0,11624616.0,396434560.0
2013-06-14,31.45,33.94,33.5,31.45,11621038.0,383127136.0
2013-06-13,32.3,32.32,31.4,30.03,9674515.0,302828736.0
2013-06-07,33.08,33.72,32.9,32.25,7791811.0,257875680.0
2013-06-06,33.43,33.8,33.4,32.65,10534985.0,351526528.0
2013-06-05,33.96,34.2,33.23,32.78,10061191.0,336162688.0
2013-06-04,35.0,35.76,34.01,33.15,10499824.0,361814336.0
2013-06-03,35.2,35.95,35.12,34.4,6867295.0,242004304.0
2013-05-31,36.62,36.9,35.29,35.25,10442135.0,374403424.0
2013-05-30,36.5,37.05,36.75,36.0,18110604.0,660654976.0
2013-05-29,35.55,38.12,37.73,34.9,32907588.0,1212347648.0
2013-05-28,34.9,35.29,34.65,33.6,13751553.0,475029280.0
2013-05-27,35.4,35.87,35.33,34.87,12583189.0,445116672.0
2013-05-24,34.92,35.33,35.0,34.3,10738998.0,375091520.0
2013-05-23,36.68,36.7,34.82,34.5,22641904.0,800830592.0
2013-05-22,35.99,37.38,37.25,35.78,22187064.0,812052480.0
2013-05-21,36.15,37.49,35.85,35.5,17812536.0,650549312.0
2013-05-20,35.76,36.87,36.14,35.3,19293140.0,694139712.0
2013-05-17,37.13,37.8,36.4,36.1,21041820.0,778123968.0
2013-05-16,36.68,37.52,37.23,35.96,19731332.0,726134656.0
2013-05-15,35.4,37.96,36.7,34.5,28683920.0,1044143488.0
2013-05-14,33.91,36.52,36.52,32.3,29680368.0,1026137728.0
2013-05-13,33.0,35.58,33.2,32.1,23641664.0,801947456.0
2013-05-10,32.8,34.1,33.98,32.05,32883024.0,1094651136.0
2013-05-09,29.67,32.64,32.64,29.67,33571168.0,1068622464.0
2013-05-08,29.0,30.13,29.67,28.72,15353513.0,451462752.0
2013-05-07,29.2,30.35,29.46,28.73,25911262.0,764331584.0
2013-05-06,26.48,28.82,28.82,26.25,25601656.0,720511872.0
2013-05-03,24.95,27.0,26.2,24.9,14526546.0,380915040.0
2013-05-02,24.38,25.05,24.6,23.8,6337717.0,155481264.0
2013-04-26,24.78,25.1,24.55,24.36,7882916.0,194928304.0
2013-04-25,24.35,25.16,23.82,23.5,8854062.0,216733072.0
2013-04-24,23.22,24.52,24.38,23.1,6940412.0,167096656.0
2013-04-23,23.91,23.99,23.26,23.14,6359579.0,149046096.0
2013-04-22,22.5,23.94,23.91,22.45,8223219.0,191601408.0
2013-04-19,21.98,23.08,22.65,21.98,6980072.0,157526800.0
2013-04-18,21.05,21.99,21.9,21.0,3811783.0,82138160.0
2013-04-17,21.02,21.25,21.23,20.86,2185724.0,46081496.0
2013-04-16,20.22,21.15,21.02,19.96,2823805.0,57905068.0
2013-04-15,21.4,21.5,20.53,20.31,3365415.0,69633312.0
2013-04-12,21.21,21.49,21.3,21.11,1568970.0,33393972.0
2013-04-11,21.35,21.74,21.43,21.32,3268588.0,70483536.0
2013-04-10,21.41,21.78,21.12,21.03,3178659.0,67948720.0
2013-04-09,21.37,21.85,21.44,21.35,2853045.0,61438028.0
2013-04-08,20.88,21.4,21.37,20.54,5956922.0,124842600.0
2013-04-03,21.79,22.11,21.73,21.48,2024918.0,44039284.0
2013-04-02,21.85,22.36,21.7,21.6,3520758.0,77364272.0
2013-04-01,21.96,22.01,21.6,21.43,3460953.0,74969528.0
2013-03-29,22.89,23.01,22.07,21.99,3341342.0,74933464.0
2013-03-28,23.19,23.19,22.7,22.01,3451881.0,78140320.0
2013-03-27,23.13,23.65,23.33,23.1,2733959.0,63971268.0
2013-03-26,23.4,23.4,23.13,22.91,3023198.0,69854520.0
2013-03-25,24.01,24.15,23.51,23.37,3844632.0,90952192.0
2013-03-22,23.4,23.57,23.4,23.14,3095527.0,72317960.0
2013-03-21,23.95,23.99,23.5,23.1,7204881.0,169520608.0
2013-03-20,22.45,23.9,23.75,22.45,7441810.0,174292112.0
2013-03-19,22.24,22.48,22.36,21.9,3300045.0,73195336.0
2013-03-18,22.77,23.14,22.18,22.15,5097207.0,114741256.0
2013-03-15,23.26,24.03,23.37,22.85,4601075.0,108430216.0
2013-03-14,23.19,23.37,23.28,22.85,3882733.0,89720592.0
2013-03-13,23.25,23.6,23.04,22.74,2977116.0,68843896.0
2013-03-12,23.97,24.19,23.21,22.82,4639978.0,108519544.0
2013-03-11,23.58,24.45,23.86,23.43,3591323.0,86345672.0
2013-03-08,24.04,24.35,23.58,23.38,4779438.0,114672912.0
2013-03-07,25.27,25.3,23.79,23.27,10514611.0,253934544.0
2013-03-06,25.59,25.78,25.41,25.09,5597057.0,142180800.0
2013-03-05,25.02,25.6,25.6,24.81,4679067.0,118145616.0
2013-03-04,25.5,26.0,25.03,24.79,5967552.0,151656352.0
2013-03-01,25.02,25.56,25.55,24.6,6911830.0,174209888.0
2013-02-28,24.66,25.48,25.22,24.66,5237115.0,131770808.0
2013-02-27,25.0,25.49,24.9,24.84,3633154.0,91004432.0
2013-02-26,25.0,25.69,24.81,24.8,4363930.0,109981280.0
2013-02-25,25.25,25.65,25.2,24.58,4273072.0,107210016.0
2013-02-22,25.16,25.88,25.15,24.91,4778057.0,120897592.0
2013-02-21,26.1,26.39,25.33,25.1,6281396.0,161137056.0
2013-02-20,26.0,27.0,26.5,25.8,4957368.0,131217192.0
2013-02-19,27.0,27.2,26.15,25.93,6706150.0,176302096.0
2013-02-18,27.0,27.97,27.17,26.58,11000823.0,300089952.0
2013-02-08,24.61,25.6,25.43,24.61,7096605.0,178704480.0
2013-02-07,24.0,24.46,24.46,23.92,5285432.0,127902840.0
2013-02-06,23.51,24.12,23.94,23.35,5869554.0,140119632.0
2013-02-05,23.36,23.85,23.46,22.98,3987435.0,93119160.0
2013-02-04,24.1,24.6,23.54,23.4,6041058.0,144970608.0
2013-02-01,23.52,24.17,23.6,23.23,5553307.0,131748704.0
2013-01-31,22.8,23.47,23.47,22.43,5682925.0,130500736.0
2013-01-30,22.51,22.9,22.79,22.31,5226051.0,118490376.0
2013-01-29,23.01,23.03,22.51,22.21,7154104.0,160952016.0
2013-01-28,22.6,23.15,23.04,22.48,5281270.0,120629416.0
2013-01-25,22.52,23.0,22.46,22.41,3894904.0,88147864.0
2013-01-24,23.0,23.98,22.44,22.12,7524566.0,174423936.0
2013-01-23,23.2,23.47,23.14,22.68,4220512.0,96938008.0
2013-01-22,23.95,23.95,23.2,22.96,5527287.0,129069384.0
2013-01-21,24.14,24.55,23.97,23.62,6231366.0,149974752.0
2013-01-18,22.29,24.26,23.96,22.29,9799289.0,227492320.0
2013-01-17,23.39,23.48,22.29,22.22,7552230.0,171869840.0
2013-01-16,23.8,24.85,23.6,22.6,9937072.0,236254816.0
2013-01-15,22.5,24.66,23.85,22.49,7738479.0,182723744.0
2013-01-14,21.42,22.5,22.49,21.41,5468236.0,121378736.0
2013-01-11,21.85,22.2,21.57,21.38,6776716.0,146938256.0
2013-01-10,21.26,22.56,21.83,21.24,10749746.0,236547024.0
2013-01-09,20.25,21.7,21.26,20.22,9212403.0,193045808.0
2013-01-08,20.38,20.9,20.2,20.08,5096367.0,103785560.0
2013-01-07,19.99,20.51,20.1,19.89,5292805.0,107077584.0
2013-01-04,20.35,20.6,20.01,19.6,7721327.0,154636016.0
2012-12-31,19.48,20.48,20.35,19.48,9150069.0,183544144.0
2012-12-28,18.96,19.58,19.32,18.85,6320657.0,122304384.0
2012-12-27,18.89,19.4,18.96,18.68,6103133.0,116781512.0
2012-12-26,19.41,19.41,18.95,18.8,6877338.0,131028032.0
2012-12-25,19.37,19.74,19.43,19.02,7541072.0,145878896.0
2012-12-24,18.51,19.41,19.35,18.4,8307493.0,158463728.0
2012-12-21,18.56,19.1,18.62,18.3,6613119.0,123927720.0
2012-12-20,18.4,18.78,18.56,18.21,5841715.0,107741792.0
2012-12-19,17.54,19.08,18.69,17.28,10969985.0,200553760.0
2012-12-18,16.88,17.68,17.57,16.68,10459070.0,180866240.0
2012-12-17,17.0,17.35,16.92,16.8,6404168.0,109260160.0
2012-12-14,16.4,17.14,16.99,16.4,8037479.0,135627424.0
2012-12-13,16.2,16.96,16.46,16.1,5026157.0,83635560.0
2012-12-12,16.48,16.6,16.26,16.05,2978465.0,48437080.0
2012-12-11,16.89,16.89,16.53,16.49,3578270.0,59475956.0
2012-12-10,16.5,16.96,16.75,16.44,6616476.0,110915544.0
2012-12-07,16.02,16.52,16.44,16.0,5660822.0,92605320.0
2012-12-06,16.33,16.44,16.02,16.01,3179209.0,51449256.0
2012-12-05,15.35,16.53,16.33,15.3,7055879.0,113243232.0
2012-12-04,15.47,15.54,15.41,14.98,2609403.0,39928292.0
2012-12-03,15.37,15.67,15.46,15.12,3497775.0,53883048.0
2012-11-30,14.97,15.47,15.43,14.97,2488105.0,38011480.0
2012-11-29,15.05,15.34,14.87,14.8,1849590.0,27891410.0
2012-11-28,15.44,15.44,15.04,14.72,3876838.0,57991496.0
2012-11-27,15.87,15.95,15.52,15.51,2957920.0,46255280.0
2012-11-26,16.47,16.48,15.86,15.86,2566073.0,41531752.0
2012-11-23,16.29,16.7,16.48,16.23,5971728.0,98639640.0
2012-11-22,16.22,16.27,16.27,15.9,2997229.0,48183932.0
2012-11-21,15.7,16.23,16.23,15.7,4385615.0,70438680.0
2012-11-20,15.92,16.05,15.74,15.65,3789554.0,59931304.0
2012-11-19,15.75,16.04,15.91,15.46,5332190.0,83921632.0
2012-11-16,15.97,16.28,16.23,15.8,3952773.0,63364396.0
2012-11-15,16.25,16.28,16.0,15.8,4883947.0,78081528.0
2012-11-14,16.38,16.95,16.25,16.1,7068024.0,116664920.0
2012-11-13,16.9,17.09,16.39,16.38,8353913.0,138873632.0
2012-11-12,16.36,17.5,17.05,16.36,16819964.0,286375520.0
2012-11-09,15.34,16.45,16.24,15.3,8342634.0,133199480.0
2012-11-08,16.1,16.18,15.49,15.49,7413933.0,117354840.0
2012-11-07,15.57,16.48,16.3,15.37,11128641.0,178165456.0
2012-11-06,15.08,15.69,15.57,15.0,7576309.0,117413032.0
2012-11-05,14.74,15.28,15.2,14.71,5207432.0,78714880.0
2012-11-02,14.82,14.87,14.72,14.57,2394962.0,35157036.0
2012-11-01,14.5,14.91,14.77,14.42,2530371.0,37284808.0
2012-10-31,14.14,14.5,14.41,14.01,2015911.0,28746924.0
2012-10-30,14.11,14.35,14.18,14.1,3496631.0,49611436.0
2012-10-29,14.45,14.81,14.35,14.28,2081223.0,30123074.0
2012-10-26,15.0,15.15,14.45,14.42,3948584.0,57644772.0
2012-10-25,14.93,15.38,15.0,14.91,3174418.0,48008524.0
2012-10-24,15.12,15.17,14.97,14.91,3025503.0,45501160.0
2012-10-23,15.38,15.49,15.18,15.08,3620861.0,55244788.0
2012-10-22,15.43,15.43,15.37,15.25,2337588.0,35862456.0
2012-10-19,15.35,15.77,15.5,15.27,5398751.0,83945080.0
2012-10-18,15.02,15.4,15.31,15.02,3712041.0,56752016.0
2012-10-17,15.0,15.13,15.03,14.87,1726157.0,25893768.0
2012-10-16,15.18,15.24,15.0,14.94,2430525.0,36674952.0
2012-10-15,15.12,15.29,15.18,14.97,3033555.0,45978496.0
2012-10-12,15.02,15.38,15.13,14.75,3565620.0,53825296.0
2012-10-11,15.58,15.65,15.07,15.0,4270359.0,65205188.0
2012-10-10,14.9,15.58,15.57,14.9,8723663.0,134115560.0
2012-10-09,14.31,14.97,14.84,14.31,4548544.0,66935624.0
2012-10-08,14.29,14.49,14.3,14.22,3004153.0,43076768.0
2012-09-28,13.93,14.35,14.32,13.85,5111299.0,72530120.0
2012-09-27,14.25,14.32,14.13,13.51,6891112.0,96101736.0
2012-09-26,14.74,14.87,13.99,13.9,6493159.0,92126752.0
2012-09-25,14.79,15.1,14.78,14.68,2843697.0,42344436.0
2012-09-24,14.87,14.95,14.84,14.44,3845473.0,56472492.0
2012-09-21,15.49,15.52,14.97,14.8,5741037.0,86785600.0
2012-09-20,15.83,15.86,15.59,15.36,6278248.0,97830432.0
2012-09-19,15.75,16.04,15.91,15.73,3004048.0,47747544.0
2012-09-18,16.4,16.4,15.8,15.72,5489816.0,87662432.0
2012-09-17,16.93,17.17,16.45,16.39,8844893.0,148793440.0
2012-09-14,16.48,16.77,16.67,16.21,6793544.0,112335584.0
2012-09-13,16.78,16.95,16.33,16.33,6231948.0,104041400.0
2012-09-12,16.86,17.16,16.78,16.51,7346161.0,123516552.0
2012-09-11,16.57,17.0,16.8,16.25,8669870.0,145167088.0
2012-09-10,16.55,17.35,16.67,16.55,13159410.0,221199824.0
2012-09-07,15.86,16.53,16.34,15.75,14183747.0,230452304.0
2012-09-06,15.42,15.86,15.77,15.35,7696888.0,120622416.0
2012-09-05,15.5,15.79,15.48,15.32,6608417.0,102732176.0
2012-09-04,15.59,15.64,15.59,15.3,8943178.0,138351536.0
2012-09-03,15.65,15.98,15.63,15.55,11584665.0,182750944.0
2012-08-31,15.51,15.74,15.65,15.43,8290885.0,129438240.0
2012-08-30,15.56,15.78,15.55,15.13,10978417.0,170219264.0
2012-08-29,14.9,15.7,15.69,14.83,15439237.0,238633664.0
2012-08-28,14.7,15.39,15.13,14.5,8493753.0,128090040.0
2012-08-27,14.78,15.45,15.08,14.3,9650155.0,143985792.0
2012-08-24,15.1,15.21,14.91,14.81,5514294.0,82510952.0
2012-08-23,14.95,15.24,15.13,14.9,6043420.0,91057720.0
2012-08-22,15.2,15.27,14.84,14.75,6149976.0,92214928.0
2012-08-21,14.86,15.43,15.2,14.73,10441875.0,158036032.0
2012-08-20,14.54,14.88,14.81,14.33,5709189.0,83525064.0
2012-08-17,14.26,14.65,14.54,14.23,4530584.0,65722772.0
2012-08-16,14.4,14.51,14.26,14.2,2915337.0,41951568.0
2012-08-15,14.7,14.7,14.43,14.42,3167335.0,45996856.0
2012-08-14,14.58,14.86,14.72,14.24,5328758.0,77684208.0
2012-08-13,15.42,15.42,14.73,14.68,6528109.0,97784944.0
2012-08-10,15.42,15.61,15.43,15.25,7774606.0,119840280.0
2012-08-09,14.95,15.65,15.4,14.7,12021229.0,184361376.0
2012-08-08,15.39,15.4,15.03,14.97,7048075.0,106520768.0
2012-08-07,15.5,15.52,15.37,15.2,9762006.0,149919328.0
2012-08-06,14.66,15.6,15.45,14.65,18292612.0,277858240.0
2012-08-03,14.36,14.47,14.41,13.91,6619794.0,94384920.0
2012-08-02,14.2,14.57,14.3,14.12,5466233.0,78435104.0
2012-08-01,13.98,14.5,14.27,13.91,5214923.0,74648664.0
2012-07-31,14.2,14.25,14.2,13.58,5547797.0,77928816.0
2012-07-30,15.0,15.0,14.2,13.92,13221165.0,190590096.0
2012-07-27,15.36,15.47,15.13,14.75,8236170.0,123945296.0
2012-07-26,15.9,15.95,15.3,15.2,10994836.0,171077008.0
2012-07-25,16.87,16.91,16.3,16.21,4579186.0,75476968.0
2012-07-24,16.63,16.99,16.86,16.5,2682207.0,45168300.0
2012-07-23,16.65,16.98,16.65,15.96,2987165.0,49593252.0
2012-07-20,17.0,17.17,16.72,16.58,5534076.0,93388464.0
2012-07-19,17.18,17.51,17.39,17.11,3247967.0,56457416.0
2012-07-18,16.96,17.25,17.18,16.76,3358446.0,57447616.0
2012-07-17,16.6,17.15,16.96,16.51,3574486.0,60308256.0
2012-07-16,18.45,18.45,17.15,17.15,9744871.0,170302960.0
2012-07-13,19.45,19.45,19.05,18.8,9791356.0,186213952.0
2012-07-12,19.06,19.85,19.65,19.05,4747112.0,91955840.0
2012-07-11,19.09,19.54,19.01,18.57,4040452.0,77261808.0
2012-07-10,19.1,19.35,19.07,18.96,3381702.0,64719308.0
2012-07-09,19.32,19.66,19.04,18.95,4778069.0,91371352.0
2012-07-06,19.3,19.69,19.64,18.91,3702779.0,71610144.0
2012-07-05,18.7,19.35,19.12,18.55,3214084.0,61046772.0
2012-07-04,19.4,19.55,19.08,19.06,5876957.0,113202568.0
2012-07-03,19.8,19.9,19.82,19.46,6213109.0,122203000.0
2012-07-02,19.69,20.38,20.27,19.13,4487290.0,88292272.0
2012-06-29,20.36,20.36,19.86,18.65,3447807.0,67254312.0
2012-06-28,21.43,21.68,20.4,20.31,2992535.0,62411820.0
2012-06-27,21.23,21.78,21.43,21.23,1321974.0,28514754.0
2012-06-26,21.5,21.79,21.6,21.14,1795751.0,38505720.0
2012-06-25,22.64,22.64,21.8,21.8,1964795.0,43431620.0
2012-06-21,23.17,23.2,22.72,22.57,1889003.0,42904824.0
2012-06-20,23.21,23.53,23.17,23.03,1639276.0,38035604.0
2012-06-19,23.48,23.69,23.21,23.2,2073095.0,48380364.0
2012-06-18,23.33,24.18,23.57,23.3,3662540.0,87152160.0
2012-06-15,23.03,23.43,23.13,22.81,2429730.0,56223236.0
2012-06-14,22.58,24.17,23.34,22.58,5291206.0,124794592.0
2012-06-13,22.35,22.67,22.57,22.2,1942696.0,43627620.0
2012-06-12,22.85,22.85,22.36,22.35,2028839.0,45609620.0
2012-06-11,22.85,23.16,22.94,22.3,2491482.0,56583692.0
2012-06-07,23.41,23.5,22.81,22.75,1746744.0,40352544.0
2012-06-06,23.26,23.65,23.17,23.01,1714348.0,39938208.0
2012-06-05,23.8,23.9,23.2,23.01,2419099.0,56368164.0
2012-06-04,23.78,24.31,23.65,23.5,3269424.0,77772600.0
2012-06-01,24.64,24.66,24.28,24.0,3167787.0,76729312.0
2012-05-31,24.79,24.79,24.6,24.43,4782266.0,117811384.0
2012-05-30,24.3,24.74,24.46,24.3,5593863.0,137188640.0
2012-05-29,23.73,24.7,24.3,22.8,8598110.0,204299600.0
2012-05-28,23.51,23.95,23.75,21.94,6282323.0,144503744.0
2012-05-25,24.26,24.64,24.38,24.06,2054508.0,49904448.0
2012-05-24,24.79,25.0,24.15,24.07,3363244.0,82738896.0
2012-05-23,24.77,25.09,24.79,24.52,3263260.0,80804120.0
2012-05-22,24.59,24.87,24.87,24.59,2699968.0,66868852.0
2012-05-21,24.2,24.81,24.58,24.01,2995104.0,73216640.0
2012-05-18,24.9,25.1,24.2,24.17,3753917.0,92469632.0
2012-05-17,24.24,25.34,25.12,24.24,6548464.0,164091696.0
2012-05-16,24.21,24.37,24.15,23.94,2698947.0,65121132.0
2012-05-15,24.56,24.58,24.2,23.7,5141007.0,123442456.0
2012-05-14,25.4,25.74,24.87,24.84,3906855.0,98166520.0
2012-05-11,25.38,25.79,25.35,25.18,2328092.0,59315492.0
2012-05-10,25.82,26.09,25.59,25.28,4366592.0,111693184.0
2012-05-09,26.58,26.58,25.83,25.78,3932146.0,102409032.0
2012-05-08,26.89,26.89,26.67,26.32,4247149.0,112768728.0
2012-05-07,26.55,27.55,26.78,26.32,6259507.0,169367216.0
2012-05-04,26.4,26.73,26.61,26.37,2879145.0,76562568.0
2012-05-03,26.29,26.43,26.33,25.98,2671101.0,69911792.0
2012-05-02,25.77,26.64,26.29,25.76,4674095.0,123018472.0
2012-04-27,26.2,26.36,25.76,25.57,4955135.0,128070224.0
2012-04-26,27.02,27.38,26.39,26.36,5903028.0,157527952.0
2012-04-25,27.79,27.79,27.4,27.1,4510254.0,123398872.0
2012-04-24,26.83,28.19,27.95,26.7,8278934.0,228743904.0
2012-04-23,27.79,27.88,27.1,27.0,5662414.0,155304928.0
2012-04-20,28.2,28.3,27.79,27.5,10617839.0,294956704.0
2012-04-19,31.82,32.7,28.79,28.5,19824616.0,595122816.0
2012-04-18,30.5,31.65,31.35,30.3,7239816.0,225640944.0
2012-04-17,30.94,31.46,30.66,30.08,4571290.0,140436176.0
2012-04-16,30.69,31.25,30.66,30.06,4314766.0,132559816.0
2012-04-13,31.3,31.6,30.85,30.71,4332775.0,134673040.0
2012-04-12,30.02,31.9,31.4,29.98,7420490.0,230078576.0
2012-04-11,28.28,31.11,30.6,28.09,9895903.0,299891008.0
2012-04-10,28.2,28.83,28.74,27.49,4221222.0,118870352.0
2012-04-09,28.04,28.6,28.39,27.6,4290278.0,120218312.0
2012-04-06,28.8,29.22,28.37,28.2,6711401.0,193116336.0
2012-04-05,28.2,29.1,28.93,27.63,8670498.0,245273008.0
2012-03-30,27.22,28.3,28.3,26.85,10245919.0,283343136.0
2012-03-29,26.0,27.35,27.2,25.3,8082741.0,215625312.0
2012-03-28,27.0,27.1,26.25,26.05,6415648.0,171008032.0
2012-03-27,26.46,27.08,26.92,26.26,6703194.0,179847328.0
2012-03-26,25.25,26.48,26.47,25.0,5192528.0,133654520.0
2012-03-23,26.75,27.17,26.0,25.65,3717461.0,98109880.0
2012-03-22,26.33,27.15,26.97,26.11,6865815.0,183897264.0
2012-03-21,26.02,26.44,26.33,25.6,3424709.0,89134584.0
2012-03-20,26.53,26.79,25.97,25.84,4394017.0,115424680.0
2012-03-19,25.38,26.41,26.37,25.0,5758902.0,149222480.0
2012-03-16,24.59,25.44,25.35,24.54,3623460.0,90642144.0
2012-03-15,25.33,25.7,24.61,24.25,5074650.0,125686096.0
2012-03-14,27.17,27.27,25.35,24.95,6283474.0,165400160.0
2012-03-13,27.12,27.15,27.13,26.76,2949561.0,79474880.0
2012-03-12,27.38,27.39,27.12,26.9,3452383.0,93546712.0
2012-03-09,27.0,27.65,27.39,26.7,5100273.0,138429280.0
2012-03-08,27.55,28.2,27.13,27.0,10493578.0,289337824.0
2012-03-07,26.05,27.3,27.29,25.75,8143026.0,216707824.0
2012-03-06,26.49,27.38,26.65,26.49,7299094.0,195776800.0
2012-03-05,26.29,26.5,26.4,26.05,3659408.0,96046728.0
2012-03-02,25.75,26.16,26.16,25.75,3229261.0,83958760.0
2012-03-01,26.11,26.25,25.74,25.62,3415167.0,88369088.0
2012-02-29,26.17,26.58,26.14,26.01,2995069.0,78530112.0
2012-02-28,26.29,26.98,26.38,26.0,4335643.0,114483216.0
2012-02-27,27.75,28.4,26.57,26.52,8443842.0,231570720.0
2012-02-24,26.61,26.69,26.52,26.0,4698344.0,123487424.0
2012-02-23,26.6,27.18,26.52,26.21,4427647.0,117920672.0
2012-02-22,25.68,27.1,26.74,25.68,8035899.0,214277552.0
2012-02-21,25.32,25.86,25.77,25.3,2699585.0,69059160.0
2012-02-20,26.5,26.5,25.6,25.58,4122407.0,107147840.0
2012-02-17,26.1,27.14,26.09,26.01,5011202.0,132648024.0
2012-02-16,26.1,26.52,25.97,25.81,4439236.0,116198864.0
2012-02-15,26.05,26.41,26.29,25.84,4486658.0,117460672.0
2012-02-14,25.82,26.38,26.06,25.56,3901099.0,101528896.0
2012-02-13,25.8,26.5,26.0,25.5,4227317.0,109958232.0
2012-02-10,26.01,26.22,25.96,25.81,4072458.0,105740240.0
2012-02-09,26.3,26.8,26.22,25.88,7485118.0,196563136.0
2012-02-08,24.82,26.68,26.58,24.63,11655869.0,301837536.0
2012-02-07,23.94,25.55,24.81,23.6,7168412.0,177178720.0
2012-02-06,24.29,24.52,24.03,23.73,2564449.0,61517772.0
2012-02-03,24.09,24.46,24.3,23.89,3082223.0,74590176.0
2012-02-02,23.2,24.09,24.09,23.2,2772228.0,65966200.0
2012-02-01,23.8,23.99,23.48,23.4,1732586.0,41103840.0
2012-01-31,24.33,24.43,23.75,23.3,3048647.0,72071840.0
2012-01-30,24.5,24.75,24.25,24.11,2074673.0,50702772.0
2012-01-20,24.3,24.69,24.32,24.2,2215021.0,54114392.0
2012-01-19,24.56,24.93,24.22,23.87,3310003.0,80692160.0
2012-01-18,25.29,25.78,24.67,24.31,4510507.0,112990104.0
2012-01-17,23.69,25.45,25.3,23.68,5738473.0,141487120.0
2012-01-16,23.72,24.75,23.55,23.55,4984132.0,120408936.0
2012-01-13,24.4,24.79,23.87,23.5,4498785.0,108629768.0
2012-01-12,23.98,25.16,24.4,23.86,5818429.0,143948384.0
2012-01-11,23.51,25.9,24.35,23.45,7604238.0,186988096.0
2012-01-10,22.4,24.2,23.75,22.26,6368847.0,149230096.0
2012-01-09,21.75,22.9,22.81,20.4,4787523.0,104956816.0
2012-01-06,21.3,21.9,21.88,21.02,2251370.0,48216940.0
2012-01-05,22.02,22.53,21.53,21.49,2905916.0,63797564.0
2012-01-04,23.4,23.42,22.43,22.27,4099659.0,94161296.0
