date,open,high,close,low,volume,amount
2015-07-07,48.23,49.74,45.25,45.25,9799832.0,146920224.0
2015-07-06,60.15,60.15,50.29,49.25,13705211.0,237539408.0
2015-07-03,56.68,61.13,54.71,54.71,9912891.0,180673520.0
2015-07-02,67.28,69.12,60.8,60.8,11078045.0,228391344.0
2015-07-01,73.08,77.11,67.56,67.34,11712367.0,281238112.0
2015-06-30,68.51,75.79,74.81,63.84,13685008.0,305896256.0
2015-06-29,82.03,82.03,70.94,70.94,11446424.0,278613376.0
2015-06-26,82.95,86.63,78.8,78.8,11207246.0,299574016.0
2015-06-25,89.46,93.7,87.56,85.4,16014165.0,471747040.0
2015-06-24,84.14,89.03,88.75,84.14,11322402.0,320558176.0
2015-06-23,80.8,83.56,83.44,78.28,9218136.0,245285840.0
2015-06-19,83.71,87.19,80.21,79.57,9719327.0,265131008.0
2015-06-18,90.23,90.26,83.81,82.67,9046723.0,256774304.0
2015-06-17,87.8,92.01,90.11,82.95,11396333.0,323107840.0
2015-06-16,93.08,93.08,88.02,86.57,13227882.0,385604000.0
2015-06-15,97.32,101.99,95.94,95.23,15154011.0,486207392.0
2015-06-12,93.08,97.02,96.16,90.63,16666726.0,508811552.0
2015-06-11,92.16,94.25,92.87,89.58,11606564.0,345340928.0
2015-06-10,90.93,94.68,92.53,88.17,16415278.0,493095712.0
2015-06-09,85.71,93.33,90.81,83.87,19800696.0,578368448.0
2015-06-08,86.94,89.34,85.96,83.59,14843935.0,417168544.0
2015-06-05,83.65,89.52,88.05,83.65,21156168.0,598100736.0
2015-06-04,85.71,86.42,83.65,77.14,12671808.0,337254240.0
2015-06-03,87.77,89.37,85.71,82.95,15886164.0,445878432.0
2015-06-02,82.33,89.64,88.78,81.26,18954726.0,525020448.0
2015-06-01,76.77,82.58,81.96,76.77,12556994.0,327585344.0
2015-05-29,78.64,80.67,77.08,73.05,14144254.0,355925344.0
2015-05-28,81.96,85.93,78.74,77.72,17898016.0,484123904.0
2015-05-27,82.95,83.31,82.06,79.87,14618269.0,387862080.0
2015-05-26,80.49,84.48,83.28,80.03,14157312.0,382692864.0
2015-05-25,79.87,81.9,80.55,77.66,14336691.0,374964736.0
2015-05-22,84.76,86.42,81.9,79.87,18310778.0,492932192.0
2015-05-21,78.98,85.71,84.76,77.72,24668292.0,652254976.0
2015-05-20,70.97,79.72,79.2,70.97,25232236.0,627053504.0
2015-05-19,69.31,74.34,72.47,68.2,17126920.0,393841408.0
2015-05-18,66.05,69.34,69.12,65.28,12161477.0,269472256.0
2015-05-15,69.52,69.52,66.69,66.05,11765087.0,257979408.0
2015-05-14,69.43,71.43,69.52,68.57,14605968.0,331184224.0
2015-05-13,65.19,70.66,70.66,64.51,22485716.0,497032544.0
2015-05-12,65.77,66.02,65.19,63.75,12396707.0,262349312.0
2015-05-11,62.49,66.08,65.74,61.13,14819946.0,306885056.0
2015-05-08,58.59,61.99,61.93,58.59,7024049.0,138697664.0
2015-05-07,60.21,60.49,58.52,57.51,5425127.0,104474776.0
2015-05-06,60.46,61.63,60.0,59.57,6286601.0,124150400.0
2015-05-05,60.83,61.87,60.37,59.91,6059412.0,120298880.0
2015-05-04,61.29,61.93,61.04,59.91,5459708.0,107909904.0
2015-04-30,62.52,63.22,61.29,61.2,6481625.0,130247728.0
2015-04-29,60.15,62.82,62.27,59.91,6316320.0,127613096.0
2015-04-28,64.18,64.21,61.26,59.6,11729686.0,235752192.0
2015-04-27,66.2,67.59,64.33,63.9,13338950.0,283158208.0
2015-04-24,66.08,68.81,66.14,64.51,14713171.0,317837120.0
2015-04-23,67.15,67.53,65.78,65.55,5495547.0,237829920.0
2015-04-22,65.24,67.12,67.12,64.72,5043373.0,218641376.0
2015-04-21,61.57,64.4,64.29,61.57,3941322.0,162842160.0
2015-04-20,64.64,64.64,61.1,61.07,5686818.0,233398736.0
2015-04-17,65.88,68.22,65.33,64.63,5136822.0,221372304.0
2015-04-16,62.64,65.13,63.76,61.21,4399758.0,182821120.0
2015-04-15,68.14,68.16,63.73,63.48,5407694.0,230928384.0
2015-04-14,68.75,71.73,68.37,67.0,6783562.0,308186752.0
2015-04-13,64.6,70.89,69.08,64.6,8824757.0,391992640.0
2015-04-10,63.99,64.94,64.45,62.64,5967430.0,250108272.0
2015-04-09,66.05,66.92,62.9,60.02,7660619.0,316354272.0
2015-04-08,64.43,66.71,65.19,63.45,9293547.0,395448096.0
2015-04-07,64.34,65.68,64.42,63.41,7666236.0,322872384.0
2015-04-03,62.83,64.16,64.16,62.12,6556559.0,270838016.0
2015-04-02,62.12,63.65,63.25,61.73,4795397.0,197061056.0
2015-04-01,60.49,62.45,62.11,60.37,5532305.0,223449264.0
2015-03-31,60.64,61.39,60.7,60.23,4192781.0,166575248.0
2015-03-30,61.73,61.73,60.61,60.05,4133242.0,163908896.0
2015-03-27,61.12,61.94,61.27,59.98,3990244.0,159209024.0
2015-03-26,63.1,64.17,61.33,61.12,6914414.0,282923680.0
2015-03-25,62.03,65.21,64.84,62.03,14263222.0,597372928.0
2015-03-24,60.35,62.0,59.28,57.77,7667621.0,300137760.0
2015-03-23,58.34,60.18,60.18,57.59,5545972.0,214736896.0
2015-03-20,57.3,58.82,57.72,57.1,3820259.0,144406256.0
2015-03-19,57.89,58.34,57.3,56.65,4761523.0,178768192.0
2015-03-18,54.55,59.59,58.4,54.41,6933346.0,255165472.0
2015-03-17,55.57,55.62,54.67,54.39,3995010.0,142992400.0
2015-03-16,54.09,55.46,55.29,54.09,3974917.0,142765648.0
2015-03-13,52.6,53.9,53.9,52.16,2525741.0,87727632.0
2015-03-12,53.14,54.27,52.62,52.42,2419654.0,84648648.0
2015-03-11,53.48,53.86,53.06,52.5,2938111.0,101759632.0
2015-03-10,54.42,54.82,53.89,53.63,3506701.0,124218456.0
2015-03-09,53.16,53.87,53.72,51.96,2519735.0,87603736.0
2015-03-06,55.78,56.65,53.19,53.17,4745534.0,169195616.0
2015-03-05,54.91,56.07,55.42,54.41,6349682.0,229560064.0
2015-03-04,56.2,56.47,54.7,54.06,7536270.0,270522752.0
2015-03-03,53.32,55.49,55.49,53.32,7653296.0,275632000.0
2015-03-02,49.78,50.6,50.45,48.97,2312894.0,75563776.0
2015-02-27,49.08,49.93,49.78,49.05,2205620.0,71452304.0
2015-02-26,49.12,49.96,48.97,48.74,1744988.0,56172340.0
2015-02-25,49.53,50.92,49.41,49.2,3396047.0,111324608.0
2015-02-17,49.38,49.58,49.43,48.56,2457595.0,78982616.0
2015-02-16,47.82,49.17,49.03,47.78,2732495.0,86793712.0
2015-02-13,46.81,48.25,47.62,46.81,2475889.0,77590696.0
2015-02-12,45.27,47.2,46.77,45.2,1854369.0,56496388.0
2015-02-11,44.37,45.48,45.27,44.37,742424.0,21821170.0
2015-02-10,44.28,44.51,44.4,43.64,803947.0,23157476.0
2015-02-09,43.68,44.32,43.96,43.41,535791.0,15450128.0
2015-02-06,46.13,46.13,44.11,44.0,1225465.0,36093420.0
2015-02-05,46.91,47.64,45.81,45.73,1565009.0,47585072.0
2015-02-04,46.92,47.79,47.06,46.77,1552808.0,48108292.0
2015-02-03,46.57,47.17,46.89,46.4,1063086.0,32614928.0
2015-02-02,45.65,46.83,46.57,45.61,1043945.0,31716426.0
2015-01-30,46.31,47.06,46.14,45.77,1162913.0,35224720.0
2015-01-29,47.01,47.61,46.97,46.74,1334648.0,41068000.0
2015-01-28,48.13,48.52,47.33,47.23,1535662.0,48044060.0
2015-01-27,48.2,48.43,48.16,47.1,2186574.0,68455184.0
2015-01-26,46.3,48.49,48.14,46.16,3184444.0,99693816.0
2015-01-23,47.18,47.27,46.57,46.23,2311789.0,70844784.0
2015-01-22,45.85,46.75,46.6,45.85,1914449.0,58183976.0
2015-01-21,45.84,46.39,45.85,45.53,3268977.0,98406712.0
2015-01-20,44.29,46.17,45.99,44.16,3216696.0,95665256.0
2015-01-19,43.82,45.15,44.31,42.78,2198808.0,63815232.0
2015-01-16,44.14,44.6,44.17,43.76,1136107.0,32782302.0
2015-01-15,44.31,45.36,44.26,43.54,1787865.0,52220548.0
2015-01-14,44.46,44.71,44.41,43.68,1838880.0,53094512.0
2015-01-13,41.95,44.9,44.31,41.89,2203917.0,63605884.0
2015-01-12,42.78,42.8,42.08,40.64,1413349.0,38856680.0
2015-01-09,44.32,45.01,43.35,43.35,1955280.0,56455456.0
2015-01-08,44.61,45.44,44.84,44.58,4075132.0,120072408.0
2015-01-07,43.77,44.92,44.61,42.48,2492977.0,71086336.0
2015-01-06,42.29,43.77,43.77,41.77,2142771.0,60343252.0
2015-01-05,41.56,42.54,42.25,40.72,1688316.0,46154312.0
2014-12-31,40.43,41.25,41.21,39.73,1004643.0,26702732.0
2014-12-30,40.84,41.16,40.26,39.91,774466.0,20651718.0
2014-12-29,41.16,41.16,40.46,40.12,1055302.0,27933826.0
2014-12-26,41.1,41.5,41.15,40.79,1043391.0,28050794.0
2014-12-25,41.3,41.53,41.25,40.81,991907.0,26750970.0
2014-12-24,40.34,41.47,41.1,40.15,1407456.0,37672812.0
2014-12-23,37.72,41.53,39.73,37.72,1762378.0,46255588.0
2014-12-22,44.26,44.26,41.56,41.25,2411567.0,66512768.0
2014-12-19,46.63,46.65,44.58,43.73,2800921.0,82101792.0
2014-12-18,46.91,47.12,46.72,46.57,1027930.0,31454414.0
2014-12-17,47.36,47.36,46.6,46.49,1729362.0,52892412.0
2014-12-16,47.91,48.1,47.49,47.06,1850785.0,57511484.0
2014-12-15,47.04,48.05,47.9,46.75,1909194.0,59438456.0
2014-12-12,46.57,47.29,47.29,46.45,2054877.0,62955392.0
2014-12-11,47.29,47.29,46.59,46.48,2045066.0,62473072.0
2014-12-10,45.91,47.24,46.97,45.64,1573000.0,47950032.0
2014-12-09,47.64,47.67,45.91,45.91,3235909.0,99405768.0
2014-12-08,48.42,48.42,47.69,47.4,3242994.0,101171928.0
2014-12-05,50.47,50.47,48.66,48.14,3291332.0,105806944.0
2014-12-04,50.28,50.62,50.54,49.93,3146097.0,103389304.0
2014-12-03,49.73,50.19,50.19,49.26,2454624.0,79742944.0
2014-12-02,49.03,49.93,49.72,48.92,1603705.0,52023432.0
2014-12-01,50.22,50.7,49.35,49.3,2490590.0,81368744.0
2014-11-28,49.5,49.76,49.73,49.06,1987816.0,64397152.0
2014-11-27,49.98,49.98,49.41,49.14,1707594.0,55169520.0
2014-11-26,48.77,49.76,49.5,48.6,1958110.0,63075348.0
2014-11-25,47.99,48.82,48.8,47.99,1781051.0,56488248.0
2014-11-24,48.23,48.85,48.31,48.02,1842421.0,58432192.0
2014-11-21,47.79,48.59,48.07,47.78,1590681.0,50218588.0
2014-11-20,47.69,47.96,47.69,47.61,849510.0,26574318.0
2014-11-19,47.67,48.05,47.91,47.41,1654340.0,51723620.0
2014-11-18,47.69,48.25,47.67,47.46,1284865.0,40167796.0
2014-11-17,47.36,48.08,47.61,47.36,1320590.0,41194040.0
2014-11-14,47.06,47.55,47.33,46.8,872307.0,26985162.0
2014-11-13,48.05,48.07,47.15,46.98,1330719.0,41215608.0
2014-11-12,47.61,48.1,48.1,47.44,1074248.0,33605360.0
2014-11-11,49.58,49.66,47.64,47.4,1653120.0,52443816.0
2014-11-10,49.35,49.63,49.43,48.89,1581465.0,50817956.0
2014-11-07,50.68,50.92,49.32,49.18,1795567.0,58828204.0
2014-11-06,49.66,51.03,50.66,49.59,1696785.0,55886568.0
2014-11-05,49.58,50.05,49.85,49.21,1307178.0,42419588.0
2014-11-04,50.95,51.03,49.58,49.34,2251516.0,73802712.0
2014-11-03,50.98,51.41,50.94,50.63,1930649.0,64412532.0
2014-10-31,50.45,51.0,50.95,50.25,1591747.0,52705720.0
2014-10-30,50.71,51.08,50.24,50.15,1633790.0,54080744.0
2014-10-29,50.73,50.83,50.66,50.27,1806467.0,59804764.0
2014-10-28,49.81,50.57,50.51,49.66,1324523.0,43584444.0
2014-10-27,49.03,49.59,49.53,48.74,1524856.0,48992592.0
2014-10-24,51.02,51.02,49.7,49.53,1954032.0,64211316.0
2014-10-23,50.91,52.02,51.34,50.73,1796526.0,60255016.0
2014-10-22,53.14,53.14,51.69,51.6,1977045.0,67782792.0
2014-10-21,53.22,53.89,53.14,53.06,1488160.0,52072072.0
2014-10-20,53.2,53.99,53.22,53.12,1351067.0,47356956.0
2014-10-17,54.24,54.48,53.17,52.5,2718356.0,95019984.0
2014-10-16,55.25,55.57,54.52,54.48,2946136.0,105974832.0
2014-10-15,53.81,55.28,55.26,53.61,3744893.0,133915768.0
2014-10-14,54.06,54.62,53.81,53.74,1808014.0,64078888.0
2014-10-13,54.77,54.77,54.3,53.77,2181671.0,77358336.0
2014-10-10,55.28,55.62,54.79,54.61,2947990.0,106144968.0
2014-10-09,54.99,55.84,55.37,54.59,3822662.0,138215856.0
2014-10-08,54.97,55.43,54.82,54.1,2733999.0,97683600.0
2014-09-30,53.63,54.79,54.79,53.16,3471562.0,123006408.0
2014-09-29,52.82,53.63,53.22,52.7,1958002.0,68227000.0
2014-09-26,53.32,53.32,52.57,52.38,2310783.0,79581512.0
2014-09-25,53.34,54.47,53.58,53.32,3257054.0,114831360.0
2014-09-24,52.74,53.25,53.12,52.44,2253071.0,78097928.0
2014-09-23,52.42,52.91,52.76,52.1,1854123.0,63780608.0
2014-09-22,53.6,53.63,52.34,52.28,2161902.0,74509016.0
2014-09-19,53.61,54.16,53.54,52.85,1808951.0,63300908.0
2014-09-18,52.97,53.74,53.48,52.59,1615192.0,56334288.0
2014-09-17,53.48,53.77,52.97,52.27,2312639.0,80180392.0
2014-09-16,55.48,55.63,53.32,53.22,3715885.0,133087048.0
2014-09-15,55.89,56.33,55.77,55.31,3476058.0,127069592.0
2014-09-12,55.16,55.55,55.33,54.48,3607634.0,129469600.0
2014-09-11,55.94,56.47,55.03,54.85,4685236.0,170600736.0
2014-09-10,56.68,56.68,55.86,55.63,5094597.0,186805088.0
2014-09-09,56.74,57.88,57.66,55.63,6382355.0,237392368.0
2014-09-05,55.46,57.04,56.75,54.74,7327659.0,268461760.0
2014-09-04,54.85,55.4,55.39,54.21,3481256.0,124734656.0
2014-09-03,55.62,55.62,54.99,54.71,3087196.0,111324992.0
2014-09-02,55.08,55.31,55.22,54.55,3220723.0,115888480.0
2014-09-01,53.93,54.97,54.62,53.55,3412856.0,121089880.0
2014-08-29,52.56,54.32,53.81,52.1,2121192.0,74588080.0
2014-08-28,53.22,53.93,52.24,52.19,1674228.0,58181112.0
2014-08-27,54.26,54.52,53.23,53.03,2244807.0,78448448.0
2014-08-26,54.21,55.29,54.16,54.06,3247738.0,116211072.0
2014-08-25,55.23,55.31,54.06,53.99,2241680.0,79674736.0
2014-08-22,55.43,55.49,55.09,54.71,2564510.0,92367752.0
2014-08-21,56.62,56.87,55.34,54.67,2939080.0,106949920.0
2014-08-20,55.35,57.11,56.67,55.31,4471755.0,165253888.0
2014-08-19,55.6,55.83,55.35,54.85,2568701.0,92939304.0
2014-08-18,55.63,55.72,55.54,54.77,2851695.0,103049824.0
2014-08-15,54.82,56.12,55.51,54.82,2800759.0,101741704.0
2014-08-14,55.92,56.49,54.65,54.55,2961278.0,107675480.0
2014-08-13,53.98,56.0,55.92,53.98,3975054.0,143282016.0
2014-08-12,54.21,54.74,54.41,53.17,3002649.0,105826208.0
2014-08-11,54.09,55.0,54.18,53.78,3173895.0,112819368.0
2014-08-08,54.74,55.28,54.71,53.78,2446223.0,87486848.0
2014-08-07,51.95,57.75,54.71,51.95,5561103.0,197318800.0
2014-08-06,53.77,53.78,52.73,51.89,5713413.0,197673136.0
2014-08-05,53.77,53.77,53.77,52.71,6257278.0,219611888.0
2014-06-27,48.89,49.81,48.88,48.39,2280043.0,73162216.0
2014-06-26,47.26,49.27,48.66,47.26,2303031.0,73151792.0
2014-06-25,48.1,48.22,47.24,47.04,1385748.0,42966924.0
2014-06-24,47.9,48.62,48.1,47.44,1409844.0,44380800.0
2014-06-23,47.36,48.59,48.05,46.92,3191561.0,99491424.0
2014-06-20,50.11,50.11,47.87,46.16,5829230.0,181048720.0
2014-06-19,53.41,53.43,50.22,49.67,2605458.0,86693296.0
2014-06-18,53.43,53.93,53.17,53.0,900956.0,31504646.0
2014-06-17,54.36,54.64,53.46,52.94,1527497.0,53419912.0
2014-06-16,53.74,54.91,54.64,53.63,1878360.0,67032160.0
2014-06-13,53.09,54.48,53.95,52.73,1400161.0,49356328.0
2014-06-12,54.53,54.53,53.09,53.02,1349155.0,47239704.0
2014-06-11,54.36,54.94,54.65,53.81,1646387.0,58742472.0
2014-06-10,52.65,54.55,54.32,52.56,1855337.0,65322896.0
2014-06-09,53.35,53.97,52.68,52.64,2061006.0,71760984.0
2014-06-06,54.67,54.8,53.45,53.23,1718885.0,60622368.0
2014-06-05,54.13,54.73,54.73,52.96,2247955.0,79012160.0
2014-06-04,55.77,55.92,54.09,53.63,1795804.0,64025180.0
2014-06-03,57.23,57.88,56.07,56.01,1988700.0,73942352.0
2014-05-30,56.03,57.34,57.22,54.5,2353452.0,86189544.0
2014-05-29,58.35,58.35,56.0,55.63,2546226.0,94873376.0
2014-05-28,57.3,58.82,58.23,56.62,3702277.0,140048448.0
2014-05-27,55.66,57.3,57.3,55.46,3199295.0,118483168.0
2014-05-26,56.07,57.3,55.91,55.06,2911318.0,106666152.0
2014-05-23,55.52,56.06,55.92,55.0,1614879.0,58669092.0
2014-05-22,54.76,56.53,55.74,53.93,2564959.0,93676552.0
2014-05-21,53.48,54.64,54.39,51.96,1786104.0,62907232.0
2014-05-20,55.0,56.81,53.49,52.96,2462343.0,88711544.0
2014-05-19,55.63,56.15,54.52,54.24,1252921.0,45273960.0
2014-05-16,55.72,56.38,55.63,54.55,1500756.0,54250812.0
2014-05-15,58.41,58.44,56.0,55.62,3185551.0,118061008.0
2014-05-14,56.56,58.98,58.44,55.77,2868580.0,108681576.0
2014-05-13,57.16,59.89,57.13,56.96,3836049.0,146782512.0
2014-05-12,55.78,57.83,57.46,55.2,2997299.0,110767888.0
2014-05-09,56.53,56.98,55.91,54.39,3225546.0,116960096.0
2014-05-08,56.55,58.7,57.04,55.77,4008912.0,150717760.0
2014-05-07,57.39,59.33,56.82,56.2,4186059.0,157705056.0
2014-05-06,55.08,60.12,58.56,55.08,6913501.0,261825920.0
2014-05-05,53.4,54.99,54.9,52.79,3101070.0,109521944.0
2014-04-30,52.25,54.53,53.41,52.13,3815814.0,133459904.0
2014-04-29,48.89,53.41,53.32,48.86,4220934.0,142677920.0
2014-04-28,51.26,51.26,48.71,48.43,2614626.0,84594296.0
2014-04-25,51.24,52.84,51.44,51.2,2912112.0,99749856.0
2014-04-24,53.22,53.9,51.91,50.94,3754620.0,128971368.0
2014-04-23,54.28,55.46,53.22,52.66,4677235.0,166652592.0
2014-04-22,53.34,55.86,54.1,52.96,5989694.0,213792144.0
2014-04-21,51.2,56.8,54.28,50.67,8192549.0,290506688.0
2014-04-18,51.67,52.62,51.65,50.71,8403230.0,286396640.0
2014-04-17,45.78,50.15,50.15,45.67,4432328.0,142077472.0
2014-04-16,46.54,46.67,45.59,45.22,1571742.0,47286412.0
2014-04-15,47.54,47.54,46.54,46.46,1123681.0,34609256.0
2014-04-14,47.77,47.77,47.54,46.99,806583.0,25166292.0
2014-04-11,46.49,47.98,47.51,45.67,1967704.0,61039904.0
2014-04-10,47.51,48.57,47.01,46.96,2984438.0,94083280.0
2014-04-09,45.93,47.99,46.83,45.93,2360720.0,73429504.0
2014-04-08,45.37,46.32,45.91,45.02,1452319.0,43775396.0
2014-04-04,44.46,45.84,45.84,44.03,1753047.0,52261236.0
2014-04-03,44.79,45.43,44.61,44.61,1434533.0,42494532.0
2014-04-02,45.22,45.78,45.0,44.56,1447777.0,42876432.0
2014-04-01,43.39,45.25,45.22,43.36,2205329.0,64753500.0
2014-03-31,42.68,44.15,43.36,42.68,1776280.0,50899024.0
2014-03-28,45.22,45.22,42.66,42.22,3748433.0,106919384.0
2014-03-27,47.84,47.84,45.81,45.7,2046586.0,62785736.0
2014-03-26,46.92,48.21,47.92,46.61,2754860.0,86022520.0
2014-03-25,46.83,47.25,46.92,46.31,2051190.0,63183764.0
2014-03-24,47.37,47.63,46.75,46.19,2699867.0,82995008.0
2014-03-21,48.6,48.62,47.63,45.67,4366002.0,135162656.0
2014-03-20,49.54,50.6,49.12,48.94,2092339.0,68419248.0
2014-03-19,52.23,52.38,49.63,49.59,2637583.0,87856416.0
2014-03-18,52.08,53.26,52.59,51.71,1799588.0,62337376.0
2014-03-17,50.1,52.0,52.0,49.73,1250922.0,42224324.0
2014-03-14,50.67,50.67,50.32,49.76,876653.0,28961050.0
2014-03-13,49.5,50.86,50.86,49.18,1313027.0,43365820.0
2014-03-12,49.8,50.86,49.47,48.63,1239389.0,40472228.0
2014-03-11,48.74,50.77,49.8,48.3,1299313.0,42614344.0
2014-03-10,51.61,51.61,48.89,48.59,2248997.0,73845736.0
2014-03-07,54.2,54.2,52.05,51.93,1930817.0,67439536.0
2014-03-06,54.83,55.99,54.36,54.36,2670527.0,96699160.0
2014-03-05,52.75,54.64,54.45,52.69,2206770.0,78323024.0
2014-03-04,52.99,53.08,52.76,51.41,1441882.0,49627136.0
2014-03-03,53.14,53.48,53.16,52.29,2426088.0,84643088.0
2014-02-28,52.0,53.43,53.14,50.56,1875231.0,63884448.0
2014-02-27,55.6,56.94,51.62,50.97,2897731.0,103716472.0
2014-02-26,55.71,56.33,55.84,52.84,3105361.0,111347336.0
2014-02-25,61.26,61.75,56.63,56.48,3980577.0,155278768.0
2014-02-24,61.46,61.87,61.17,58.38,4470222.0,175773792.0
2014-02-21,62.51,63.27,61.49,60.79,2726420.0,111272624.0
2014-02-20,66.4,66.4,63.18,62.95,2151451.0,90987736.0
2014-02-19,66.53,66.68,66.17,64.41,1736595.0,74862416.0
2014-02-18,68.25,68.61,66.33,66.12,2967836.0,130126416.0
2014-02-17,67.11,70.6,68.17,67.11,3315598.0,150678640.0
2014-02-14,63.6,67.81,66.94,63.25,3402662.0,148030208.0
2014-02-13,65.29,65.29,63.25,63.18,2344940.0,99346200.0
2014-02-12,62.22,65.91,65.38,61.49,3608565.0,152296288.0
2014-02-11,63.01,63.57,62.24,60.58,2684817.0,109906536.0
2014-02-10,60.88,63.28,62.68,60.0,3161012.0,128485328.0
2014-02-07,57.32,61.07,61.07,56.63,2182918.0,84645272.0
2014-01-30,57.97,58.99,57.97,56.97,1037730.0,39740136.0
2014-01-29,58.0,59.64,58.0,57.18,2112088.0,80945152.0
2014-01-28,61.64,61.72,58.24,58.23,2545101.0,99615048.0
2014-01-27,62.3,63.77,62.8,61.8,2175167.0,89601152.0
2014-01-24,60.26,63.21,63.02,60.25,2495621.0,102833864.0
2014-01-23,60.76,61.49,60.4,60.05,1666882.0,66477540.0
2014-01-22,59.82,61.77,61.05,59.55,2131017.0,85091208.0
2014-01-21,57.85,59.2,59.2,57.85,983586.0,37924240.0
2014-01-20,58.23,59.47,57.82,57.48,1084164.0,41761444.0
2014-01-17,61.16,61.17,58.42,56.95,2084840.0,80500696.0
2014-01-16,62.48,62.81,61.26,60.43,2530617.0,102637824.0
2014-01-15,56.94,61.64,61.51,56.8,3113063.0,122626584.0
2014-01-14,54.2,57.1,57.1,54.02,1496961.0,55106684.0
2014-01-13,56.38,57.12,54.81,52.55,2328302.0,83811168.0
2014-01-10,58.3,58.3,56.33,56.13,2128683.0,79860168.0
2014-01-09,61.8,62.25,58.76,58.62,1855996.0,74401864.0
2014-01-08,60.11,63.59,61.8,59.7,4013123.0,164479728.0
2014-01-07,57.85,60.37,60.16,56.81,2725301.0,106169784.0
2014-01-06,59.97,61.92,58.77,58.59,3496382.0,139045200.0
2014-01-03,57.7,63.01,59.52,57.6,5568223.0,221246896.0
2014-01-02,54.07,58.33,57.6,53.41,3614138.0,135074912.0
2013-12-31,54.78,55.18,54.36,53.49,1637184.0,58455248.0
2013-12-30,54.6,55.65,55.4,53.34,2249403.0,80894952.0
2013-12-27,53.02,54.51,54.43,52.32,1779933.0,62777840.0
2013-12-26,52.53,55.12,53.26,51.52,2139162.0,74963872.0
2013-12-25,50.58,52.37,52.29,50.58,1890767.0,64289380.0
2013-12-24,49.66,52.14,51.11,49.66,2245704.0,75814552.0
2013-12-23,49.03,49.79,49.48,48.77,892492.0,28999678.0
2013-12-20,49.62,49.65,48.57,47.98,982533.0,31562356.0
2013-12-19,50.18,50.95,49.59,49.47,866260.0,28567772.0
2013-12-18,51.62,51.74,50.23,49.94,860302.0,28673208.0
2013-12-17,51.62,52.5,51.94,49.62,1571385.0,52438648.0
2013-12-16,54.17,54.39,51.62,51.52,1479369.0,51214160.0
2013-12-13,53.75,54.9,54.31,53.57,845887.0,30195118.0
2013-12-12,52.61,54.63,54.36,52.4,1301049.0,46277384.0
2013-12-11,53.37,53.82,52.81,52.7,1029233.0,36074212.0
2013-12-10,54.8,54.95,53.49,53.23,1594312.0,56554928.0
2013-12-09,55.07,55.81,54.54,53.41,1444053.0,51569100.0
2013-12-06,55.55,55.95,55.24,54.84,811647.0,29547696.0
2013-12-05,57.24,58.47,55.97,55.89,1835110.0,69225920.0
2013-12-04,55.54,58.06,56.95,55.54,2240355.0,84251568.0
2013-12-03,52.41,56.18,55.4,52.41,1672036.0,60776692.0
2013-12-02,56.03,57.06,54.05,53.98,2960846.0,107131936.0
2013-11-29,58.24,58.59,58.14,57.04,2873940.0,109770736.0
2013-11-28,57.09,58.76,58.09,55.9,3957209.0,149429360.0
2013-11-27,55.78,59.2,57.07,54.81,5377670.0,203261248.0
2013-11-26,51.94,56.48,56.07,51.94,5267172.0,189358656.0
2013-11-25,49.65,52.02,51.42,49.5,2179308.0,73907048.0
2013-11-22,49.77,50.6,50.09,49.65,1067516.0,35306980.0
2013-11-21,50.6,50.68,49.79,49.62,1659540.0,54710568.0
2013-11-20,50.1,50.98,50.55,50.1,902127.0,29996768.0
2013-11-19,51.2,51.59,50.1,49.85,1797641.0,59815536.0
2013-11-18,47.87,51.11,51.11,47.87,3214474.0,105256704.0
2013-11-15,48.28,49.34,47.84,47.45,2364077.0,74781104.0
2013-11-14,45.25,47.36,47.36,44.62,1811146.0,55278604.0
2013-11-13,46.29,46.45,45.49,45.49,1231109.0,37318440.0
2013-11-12,45.56,46.76,46.19,45.46,1578525.0,47999676.0
2013-11-11,45.52,46.61,45.47,44.35,2192131.0,65976564.0
2013-11-08,48.36,48.36,45.52,45.25,3112263.0,94455184.0
2013-11-07,50.21,50.55,48.45,48.07,1045239.0,33748224.0
2013-11-06,51.27,51.62,50.21,50.13,1221129.0,40961504.0
2013-11-05,50.56,51.32,51.29,49.89,1162545.0,38810532.0
2013-11-04,50.36,50.85,50.56,49.65,1709197.0,56583676.0
2013-11-01,49.03,50.41,50.39,48.02,1768724.0,57394104.0
2013-10-31,51.58,51.58,49.12,49.04,1399676.0,46019060.0
2013-10-30,51.93,52.31,51.58,50.89,1148889.0,39017892.0
2013-10-29,54.63,54.63,52.08,50.3,1796502.0,61892088.0
2013-10-28,54.11,54.95,54.13,53.14,1210519.0,43014896.0
2013-10-25,57.1,57.59,54.13,53.46,2736638.0,99700080.0
2013-10-24,61.33,61.33,57.7,56.03,3734188.0,143441952.0
2013-10-23,63.77,65.45,62.08,62.02,3018095.0,126960824.0
2013-10-22,62.37,63.59,62.51,61.9,2084411.0,85969936.0
2013-10-21,61.54,62.2,62.16,60.73,1117335.0,45420648.0
2013-10-18,63.13,63.27,61.57,61.35,1387896.0,56534936.0
2013-10-17,61.69,63.39,63.02,61.43,2184014.0,90332176.0
2013-10-16,62.46,62.96,61.07,61.01,1384030.0,56208144.0
2013-10-15,61.96,62.68,62.46,60.93,2014064.0,82140296.0
2013-10-14,62.28,62.99,61.77,61.26,1825676.0,74648200.0
2013-10-11,62.75,63.3,62.27,61.83,1787489.0,73321792.0
2013-10-10,63.88,63.92,62.74,62.3,969152.0,40183784.0
2013-10-09,65.26,65.97,64.38,62.83,2469353.0,103178168.0
2013-10-08,66.35,66.35,65.2,65.0,1057841.0,45679912.0
2013-09-30,64.57,67.05,66.35,64.57,771628.0,33728212.0
2013-09-27,66.81,67.41,65.08,64.83,756118.0,32877444.0
2013-09-26,67.56,68.99,66.81,66.65,1173756.0,51885596.0
2013-09-25,66.99,69.54,68.48,66.2,1531410.0,68627992.0
2013-09-24,68.32,71.36,67.78,67.72,3136790.0,143360736.0
2013-09-23,63.01,66.05,65.83,63.01,2014406.0,86662648.0
2013-09-18,62.02,63.28,62.72,61.77,1144478.0,46970848.0
2013-09-17,64.91,64.91,62.25,61.95,1404006.0,58836016.0
2013-09-16,65.29,66.24,65.18,64.24,1530731.0,65832908.0
2013-09-13,63.91,65.82,65.29,63.13,2257521.0,96313240.0
2013-09-12,61.95,65.06,65.01,59.97,3510848.0,143501504.0
2013-09-11,65.56,68.2,62.87,62.86,5238794.0,220132784.0
2013-09-10,72.39,72.8,69.84,69.51,2589196.0,119677320.0
2013-09-09,71.72,72.67,72.14,70.31,1971283.0,92553736.0
2013-09-06,73.03,73.79,72.23,71.47,2225764.0,105842000.0
2013-09-05,76.22,76.22,73.08,72.23,2048920.0,99702800.0
2013-09-04,72.42,75.02,74.85,71.97,1524595.0,74254304.0
2013-09-03,71.51,73.79,72.71,71.38,910489.0,43583596.0
2013-09-02,70.15,73.62,72.06,70.15,1227910.0,58016156.0
2013-08-30,73.79,74.43,71.42,69.84,1232664.0,58404788.0
2013-08-29,75.87,76.23,74.06,73.87,1127826.0,55421160.0
2013-08-28,78.65,78.65,75.87,75.69,1884118.0,95319672.0
2013-08-27,78.5,80.64,79.56,78.5,2262637.0,118489272.0
2013-08-26,75.61,79.73,78.44,74.4,3593817.0,184736560.0
2013-08-23,71.65,75.99,75.84,71.6,4590343.0,224381024.0
2013-08-22,69.98,71.94,71.6,69.54,2365247.0,110946736.0
2013-08-21,69.84,70.6,70.25,69.05,1724960.0,79489560.0
2013-08-20,69.92,71.13,70.19,69.07,3084155.0,142182064.0
2013-08-19,69.84,70.04,69.99,66.82,4331385.0,194097248.0
2013-08-16,76.69,76.69,70.07,70.04,6412606.0,301871424.0
2013-08-15,79.41,80.24,77.81,77.81,1137249.0,59053632.0
2013-08-14,82.11,82.9,80.14,79.86,1525287.0,81253080.0
2013-08-13,82.29,83.2,82.13,81.35,1283912.0,69163120.0
2013-08-12,84.97,85.54,82.29,81.84,1410158.0,77126632.0
2013-08-09,86.8,86.8,84.87,84.1,1016278.0,56903940.0
2013-08-08,81.08,86.79,85.89,80.62,2092872.0,116946120.0
2013-08-07,83.52,84.72,81.53,81.38,1558655.0,84364624.0
2013-08-06,81.99,85.03,84.11,81.31,1126340.0,61637016.0
2013-08-05,81.47,82.87,81.99,80.49,731533.0,39513512.0
2013-08-02,83.9,86.48,81.79,81.38,1249274.0,68511576.0
2013-08-01,81.58,84.16,83.99,81.23,775043.0,42518764.0
2013-07-31,81.99,83.19,81.58,81.23,685679.0,37109884.0
2013-07-30,84.02,85.03,81.53,81.23,1002960.0,54529668.0
2013-07-29,83.36,85.77,83.93,82.09,1043052.0,58145612.0
2013-07-26,84.27,85.78,83.19,81.44,1122989.0,61482384.0
2013-07-25,86.53,88.52,85.78,81.69,2357616.0,132706912.0
2013-07-24,81.23,88.2,86.53,80.64,3921348.0,218057504.0
2013-07-23,78.39,83.6,81.85,78.39,3009017.0,161515584.0
2013-07-22,75.93,79.86,78.22,75.16,1523938.0,78371344.0
2013-07-19,77.48,79.68,76.93,75.92,2646587.0,135047568.0
2013-07-18,79.03,80.47,78.04,75.92,3111159.0,157553696.0
2013-07-17,82.06,83.33,79.86,79.64,2164860.0,115990464.0
2013-07-16,77.27,84.57,82.78,76.22,3827651.0,203105152.0
2013-07-15,74.47,79.86,79.12,71.36,5802255.0,283007520.0
2013-07-12,77.87,81.69,78.31,77.43,1909806.0,100689792.0
2013-07-11,77.74,79.65,78.34,75.67,2086090.0,107097632.0
2013-07-10,76.52,80.0,77.77,76.51,2043582.0,105433264.0
2013-07-09,75.92,77.89,77.47,73.64,1794913.0,89687408.0
2013-07-08,80.62,80.62,77.74,74.17,2824456.0,144247488.0
2013-07-05,82.9,84.25,81.97,81.06,2070765.0,112134232.0
2013-07-04,79.71,86.98,84.42,79.03,3539204.0,194344704.0
2013-07-03,79.26,81.99,80.82,77.43,3056798.0,161351056.0
2013-07-02,69.75,76.66,76.66,69.75,3078846.0,149757488.0
2013-07-01,68.32,69.81,69.69,67.84,2509143.0,113935872.0
2013-06-28,67.69,70.3,68.43,66.94,924713.0,41819488.0
2013-06-27,69.86,71.13,68.48,67.38,1513837.0,69447672.0
2013-06-26,66.79,70.48,70.37,66.35,1975139.0,89192104.0
2013-06-25,64.53,67.02,66.12,59.3,2125131.0,89619800.0
2013-06-24,72.88,72.88,65.73,65.73,2069798.0,93329856.0
2013-06-21,72.24,73.64,73.03,70.6,1794314.0,85814528.0
2013-06-20,76.81,76.81,73.33,71.28,3298375.0,160239760.0
2013-06-19,79.26,79.26,77.22,76.6,1277676.0,64958256.0
2013-06-18,82.75,83.33,78.95,78.65,1287533.0,67527776.0
2013-06-17,83.19,84.49,82.06,81.82,1373396.0,75146544.0
2013-06-14,78.8,83.36,82.84,77.89,1603814.0,85431632.0
2013-06-13,80.02,80.29,78.8,73.35,1060095.0,53913000.0
2013-06-07,80.93,83.43,81.35,78.95,1438164.0,77525328.0
2013-06-06,80.47,82.29,80.09,79.95,1203109.0,64380636.0
2013-06-05,78.88,83.36,80.94,77.59,1430066.0,76613824.0
2013-06-04,84.45,84.48,78.95,78.95,1220356.0,64638152.0
2013-06-03,85.03,86.54,84.45,84.42,657311.0,36968636.0
2013-05-31,87.0,87.41,86.0,83.13,1127278.0,62942824.0
2013-05-30,86.62,87.29,86.62,86.04,752160.0,42923308.0
2013-05-29,86.24,87.12,86.62,85.33,694850.0,39415104.0
2013-05-28,89.64,90.19,86.22,85.54,1362428.0,78187896.0
2013-05-27,89.58,90.52,90.16,88.53,1166561.0,68986280.0
2013-05-24,88.35,89.26,89.26,87.32,1246052.0,72437448.0
2013-05-23,89.05,90.78,88.35,86.73,1788844.0,104254744.0
2013-05-22,93.51,93.54,89.93,88.08,1936070.0,115462576.0
2013-05-21,89.4,96.87,94.71,88.2,2729818.0,166849152.0
2013-05-20,88.03,91.05,89.88,87.03,2953972.0,172742272.0
2013-05-17,89.88,91.63,88.55,86.66,2273668.0,201271888.0
2013-05-16,83.13,89.78,89.78,82.4,2742419.0,240445264.0
2013-05-15,73.62,81.62,81.62,73.4,1288570.0,100021632.0
2013-05-14,73.27,74.66,74.2,72.06,704772.0,51618056.0
2013-05-13,72.68,73.35,73.24,70.95,555644.0,39782596.0
2013-05-10,73.56,74.22,72.65,71.25,466473.0,33615412.0
2013-05-09,74.64,75.78,74.33,72.15,770213.0,56328904.0
2013-05-08,72.05,74.85,74.57,71.24,944893.0,69475600.0
2013-05-07,70.56,72.75,72.25,70.28,1123856.0,79471792.0
2013-05-06,68.02,70.84,70.64,67.72,1060041.0,73847448.0
2013-05-03,65.6,69.39,67.79,65.0,962676.0,65144344.0
2013-05-02,61.4,66.39,65.6,61.4,1240649.0,79368208.0
2013-04-26,66.0,66.01,61.43,61.27,1492497.0,93678976.0
2013-04-25,68.02,69.53,66.01,65.5,1627969.0,109045976.0
2013-04-24,64.49,70.53,70.28,63.02,2760412.0,183263920.0
2013-04-23,74.57,76.18,66.89,66.89,3481067.0,239914912.0
2013-04-22,74.37,76.46,74.32,73.81,1223995.0,91079384.0
2013-04-19,76.08,78.25,74.57,74.06,1984457.0,147657616.0
2013-04-18,74.17,76.08,76.06,72.95,872862.0,64879328.0
2013-04-17,69.84,74.33,74.27,69.84,1157111.0,83453344.0
2013-04-16,68.62,70.39,69.69,68.02,453673.0,31319148.0
2013-04-15,68.7,70.31,69.63,66.68,860647.0,58491512.0
2013-04-12,69.33,71.91,68.63,68.32,719738.0,50214396.0
2013-04-11,69.56,71.2,69.58,67.41,700316.0,48112096.0
2013-04-10,70.47,71.88,69.93,66.81,747342.0,51163956.0
2013-04-09,71.02,72.55,71.19,70.37,865420.0,61209608.0
2013-04-08,67.51,73.56,70.94,66.61,942863.0,66312636.0
2013-04-03,68.4,70.4,69.05,66.39,821468.0,55470664.0
2013-04-02,71.95,74.56,69.53,67.56,1161456.0,81391080.0
2013-04-01,74.22,74.97,72.65,72.44,685224.0,49929480.0
2013-03-29,69.53,76.28,74.98,69.13,1042417.0,74371024.0
2013-03-28,69.89,72.01,70.34,68.52,613331.0,42918148.0
2013-03-27,67.51,71.24,70.53,67.51,736394.0,51075000.0
2013-03-26,67.02,68.3,67.52,65.47,534956.0,35517488.0
2013-03-25,67.05,68.06,67.02,65.0,644052.0,42159000.0
2013-03-22,66.51,69.33,66.91,65.4,800183.0,53115268.0
2013-03-21,62.56,66.96,66.91,61.6,1127943.0,71866392.0
2013-03-20,62.38,63.66,62.48,60.97,664048.0,41093616.0
2013-03-19,62.38,63.77,61.82,59.18,1209665.0,74187792.0
2013-03-18,59.97,63.47,62.29,59.47,1168363.0,72052312.0
2013-03-15,59.2,61.13,60.06,57.56,989146.0,58719188.0
2013-03-14,55.83,59.34,59.23,55.83,906815.0,52464644.0
2013-03-13,53.41,58.45,56.18,52.92,719930.0,39512120.0
2013-03-12,54.62,56.18,54.02,52.64,669213.0,35893352.0
2013-03-11,55.42,57.72,54.86,54.01,847687.0,46683060.0
2013-03-08,58.22,59.65,55.67,55.62,709586.0,40381256.0
2013-03-07,59.44,59.76,58.24,57.52,954752.0,55507136.0
2013-03-06,57.46,59.7,59.45,56.71,1018894.0,59653860.0
2013-03-05,54.41,57.88,57.42,54.31,1478925.0,83445840.0
2013-03-04,56.62,57.94,55.91,54.96,1051150.0,58891128.0
2013-03-01,53.36,57.44,56.93,53.34,1423375.0,78981432.0
2013-02-28,54.45,54.45,53.37,51.63,1494590.0,79000928.0
2013-02-27,55.42,57.83,54.71,54.55,1538812.0,86586056.0
2013-02-26,53.39,56.23,55.77,53.3,1458785.0,80234456.0
2013-02-25,52.93,54.39,53.67,52.48,837663.0,44460160.0
2013-02-22,53.04,53.9,53.1,52.2,826646.0,43450396.0
2013-02-21,52.93,53.55,53.41,51.41,1635033.0,85774656.0
2013-02-20,52.1,53.02,52.56,50.67,1601946.0,83392808.0
2013-02-19,51.9,52.78,51.91,49.87,1638199.0,83850360.0
2013-02-18,49.38,52.89,51.59,49.02,1914386.0,96112624.0
2013-02-08,48.45,50.13,49.34,48.45,1246955.0,61503076.0
2013-02-07,48.03,48.8,48.42,47.76,941761.0,45364232.0
2013-02-06,47.98,48.87,48.03,47.98,784183.0,37644812.0
2013-02-05,47.36,48.83,47.99,46.91,1718691.0,81496128.0
2013-02-04,46.33,50.38,49.03,43.83,2484688.0,113872432.0
2013-02-01,46.76,47.11,46.2,46.15,790061.0,36474448.0
2013-01-31,46.25,47.1,46.76,45.75,1477588.0,68294568.0
2013-01-30,45.95,47.23,46.25,45.62,1321402.0,60926008.0
2013-01-29,44.19,46.49,46.34,43.48,1961062.0,88019848.0
2013-01-28,42.94,43.78,43.78,42.81,1359874.0,58533596.0
2013-01-25,43.33,43.35,42.83,42.34,1687583.0,71787456.0
2013-01-24,46.53,46.66,43.84,43.12,3149349.0,140417696.0
2013-01-23,47.86,48.04,47.18,45.53,1794033.0,83249112.0
2013-01-22,49.17,50.28,48.37,47.37,1452803.0,70396320.0
2013-01-21,48.27,49.83,49.24,48.02,1133643.0,55287188.0
2013-01-18,48.87,49.83,48.79,48.25,1170036.0,56720744.0
2013-01-17,49.12,50.86,49.12,48.85,1743061.0,85853208.0
2013-01-16,49.38,49.56,48.28,47.77,1792844.0,86263968.0
2013-01-15,47.97,50.38,49.96,47.86,2535621.0,123251808.0
2013-01-14,45.75,49.23,48.77,45.45,2426236.0,114701696.0
2013-01-11,47.56,47.86,45.75,45.58,1929161.0,89913480.0
2013-01-10,45.77,47.51,47.4,45.48,2002804.0,92440288.0
2013-01-09,46.35,46.5,45.8,45.06,2404564.0,109521728.0
2013-01-08,45.34,47.06,46.65,44.54,2564193.0,116852656.0
2013-01-07,45.04,45.75,45.5,44.25,1732336.0,77123608.0
2013-01-04,47.46,47.86,45.9,44.38,2188041.0,99138400.0
2012-12-31,46.36,47.48,47.34,45.67,2307150.0,106591544.0
2012-12-28,46.2,47.36,46.7,44.91,1896911.0,86769080.0
2012-12-27,46.04,47.81,46.55,45.35,2932211.0,136229744.0
2012-12-26,43.23,46.79,46.05,42.62,2952163.0,132797720.0
2012-12-25,42.35,44.14,44.09,41.91,4896234.0,211185808.0
2012-12-24,42.6,44.33,42.35,41.82,4470863.0,190129968.0
2012-12-21,37.84,41.63,41.63,37.84,2634122.0,104433568.0
2012-12-20,38.04,38.14,37.84,36.88,1858373.0,69459904.0
2012-12-19,36.29,38.39,38.07,36.28,1817654.0,68405760.0
2012-12-18,35.82,37.05,36.78,35.82,2210752.0,79894480.0
2012-12-17,40.51,40.61,37.0,37.0,3352951.0,124396032.0
2012-12-14,40.16,43.03,41.11,40.1,1645845.0,68654392.0
2012-12-13,41.31,41.32,40.17,39.96,382575.0,15306513.0
2012-12-12,41.8,41.82,41.33,40.86,829557.0,33964668.0
2012-12-11,41.19,41.93,41.82,40.49,796057.0,32643838.0
2012-12-10,40.31,41.97,41.48,39.9,1404632.0,57248300.0
2012-12-07,40.29,40.43,40.41,39.6,1309065.0,52008032.0
2012-12-06,39.02,40.59,40.41,38.64,3281260.0,130391168.0
2012-12-05,35.49,39.02,39.02,35.07,3043883.0,114225704.0
2012-12-04,35.78,35.78,35.47,34.51,1640841.0,57016988.0
2012-12-03,37.51,37.67,35.97,35.78,923685.0,33746172.0
2012-11-30,37.18,38.09,37.78,36.54,1560555.0,57676772.0
2012-11-29,38.49,38.57,36.97,36.88,1721149.0,64145796.0
2012-11-28,39.7,39.8,38.19,37.9,1226462.0,47266968.0
2012-11-27,40.47,40.47,39.7,38.57,1217038.0,48167948.0
2012-11-26,40.51,41.11,40.48,40.12,421311.0,16897528.0
2012-11-23,43.23,43.28,41.21,41.21,699589.0,29027414.0
2012-11-22,43.33,43.44,43.23,42.37,809008.0,34268320.0
2012-11-21,43.66,44.34,43.85,42.93,979295.0,42537612.0
2012-11-20,43.33,44.08,43.65,42.73,767790.0,33316420.0
2012-11-19,43.23,43.59,42.73,40.86,665612.0,27625830.0
2012-11-16,44.19,44.34,43.33,43.13,315555.0,13666545.0
2012-11-15,43.45,44.48,44.22,42.87,880274.0,38557828.0
2012-11-14,43.33,43.94,43.69,42.5,567770.0,24282182.0
2012-11-13,44.66,44.66,43.33,43.14,661263.0,28684874.0
2012-11-12,43.71,44.64,44.62,43.29,1027745.0,44954360.0
2012-11-09,43.73,44.34,43.33,43.13,777807.0,33794664.0
2012-11-08,45.65,46.22,44.03,43.93,1293694.0,58193512.0
2012-11-07,45.65,46.03,46.0,45.14,841703.0,38021884.0
2012-11-06,46.04,46.25,45.6,44.74,1337171.0,60082732.0
2012-11-05,47.98,47.98,46.25,45.24,2199277.0,100450136.0
2012-11-02,48.98,49.16,48.37,48.09,1218179.0,58477440.0
2012-11-01,48.8,49.38,48.93,48.07,1034260.0,49943020.0
2012-10-31,48.87,49.96,48.65,48.54,542422.0,26443382.0
2012-10-30,48.4,49.17,49.15,48.25,854289.0,41420452.0
2012-10-29,48.23,49.72,48.58,47.37,957615.0,46276036.0
2012-10-26,47.76,48.6,48.25,47.26,2299544.0,109932784.0
2012-10-25,51.34,51.34,47.85,47.77,2687583.0,130837984.0
2012-10-24,52.42,53.89,51.58,51.09,1381184.0,71360120.0
2012-10-23,55.48,55.84,53.2,52.9,1270297.0,68163448.0
2012-10-22,55.38,56.06,55.42,54.68,744687.0,41007064.0
2012-10-19,53.0,55.61,55.4,53.0,1187957.0,64657688.0
2012-10-18,53.36,53.75,53.13,52.62,654822.0,34640608.0
2012-10-17,52.41,53.2,53.2,52.3,405827.0,21249766.0
2012-10-16,53.41,53.41,52.3,51.38,621692.0,32261056.0
2012-10-15,53.96,54.68,53.41,52.26,516775.0,27285782.0
2012-10-12,54.06,54.62,54.34,53.48,336191.0,18070046.0
2012-10-11,55.42,55.62,54.07,54.07,589153.0,31889014.0
2012-10-10,53.98,55.93,55.42,53.72,839098.0,45720376.0
2012-10-09,51.91,55.17,54.47,51.91,1275717.0,68350552.0
2012-10-08,52.26,52.37,52.2,50.59,854233.0,43670528.0
2012-09-28,51.39,52.96,52.24,51.39,627254.0,32565486.0
2012-09-27,50.38,52.47,51.78,50.38,792204.0,40464336.0
2012-09-26,50.28,50.83,50.38,49.39,1443017.0,71991584.0
2012-09-25,52.6,52.7,50.82,50.48,1321538.0,67642280.0
2012-09-24,52.17,53.29,52.9,48.77,1024566.0,52211624.0
2012-09-21,54.4,55.17,53.2,53.01,694618.0,37068576.0
2012-09-20,55.9,55.93,54.52,53.41,1825837.0,98378072.0
2012-09-19,56.81,56.93,56.11,56.04,763948.0,42681256.0
2012-09-18,54.92,56.72,56.68,54.92,1519819.0,84972008.0
2012-09-17,55.64,56.91,54.92,54.92,1546098.0,86092864.0
2012-09-14,56.43,56.86,55.2,54.26,1667655.0,91365496.0
2012-09-13,57.42,57.42,56.19,55.72,1586086.0,88596600.0
2012-09-12,57.6,57.94,57.44,56.33,1821610.0,102550800.0
2012-09-11,59.45,59.45,57.59,56.63,2259132.0,129039968.0
2012-09-10,58.99,59.96,59.57,57.84,1365706.0,79782600.0
2012-09-07,60.1,60.46,58.99,57.94,2755750.0,161621280.0
2012-09-06,59.95,60.74,59.89,59.05,1322770.0,78706344.0
2012-09-05,57.34,60.21,60.14,57.34,2083535.0,122901664.0
2012-09-04,58.14,59.84,57.84,57.44,1576108.0,91583560.0
2012-09-03,55.32,58.17,57.94,54.92,1594836.0,90385512.0
2012-08-31,55.0,55.88,55.52,53.86,872252.0,47572880.0
2012-08-30,56.62,57.82,55.02,53.11,1679085.0,92096496.0
2012-08-29,55.98,58.75,57.12,55.31,1942863.0,109890264.0
2012-08-28,54.49,58.04,56.19,54.49,2032714.0,113717392.0
2012-08-27,53.39,56.01,54.37,53.1,1861680.0,101376616.0
2012-08-24,54.56,55.36,53.71,53.41,851762.0,45792928.0
2012-08-23,55.68,56.23,55.58,52.9,1868098.0,101130272.0
2012-08-22,55.93,57.44,55.62,55.22,2710022.0,151407040.0
2012-08-21,52.9,57.98,57.98,52.9,2245539.0,126471840.0
2012-08-20,52.1,53.31,52.71,51.37,1184875.0,61622936.0
2012-08-17,54.23,54.52,52.4,51.54,1142163.0,59832368.0
2012-08-16,55.67,55.9,54.51,54.21,745457.0,40631204.0
2012-08-15,53.51,55.93,55.57,52.95,999945.0,54681536.0
2012-08-14,53.83,53.9,53.51,51.39,1096815.0,57200500.0
2012-08-13,54.19,55.3,53.81,53.41,719672.0,38678004.0
2012-08-10,52.42,55.8,54.29,52.42,1474694.0,79200552.0
2012-08-09,51.81,53.1,52.79,51.51,726861.0,37921836.0
2012-08-08,52.9,53.35,51.75,50.97,1069407.0,55367476.0
2012-08-07,50.62,53.61,52.85,50.27,1539527.0,79481336.0
2012-08-06,49.34,52.28,50.92,48.96,2029736.0,102732608.0
2012-08-03,47.35,49.68,49.58,46.87,1610006.0,77921832.0
2012-08-02,45.9,48.19,47.57,45.24,1703635.0,79906872.0
2012-08-01,44.87,47.14,45.9,44.87,1441657.0,65769264.0
2012-07-31,45.64,45.95,44.84,44.25,1909833.0,85730352.0
2012-07-30,47.16,48.06,45.75,45.75,1095305.0,50901364.0
2012-07-27,48.53,48.87,46.93,45.85,2076795.0,97498648.0
2012-07-26,49.48,50.56,48.67,48.67,1614682.0,79479664.0
2012-07-25,48.62,50.17,49.95,47.37,1939144.0,94253480.0
2012-07-24,49.07,50.53,48.95,48.37,1483243.0,72505024.0
2012-07-23,49.68,50.25,49.43,48.88,890665.0,43812464.0
2012-07-20,50.74,51.66,50.55,49.88,1304988.0,65745964.0
2012-07-19,48.67,52.62,51.8,47.88,1975961.0,99073080.0
2012-07-18,49.17,49.38,48.67,47.28,1169671.0,55993508.0
2012-07-17,48.4,49.86,49.17,47.48,1314866.0,63503444.0
2012-07-16,50.99,51.88,49.26,48.53,2005115.0,98911280.0
2012-07-13,50.41,51.38,51.08,49.69,1198985.0,60079568.0
2012-07-12,49.36,53.2,50.67,49.17,2820738.0,142803552.0
2012-07-11,46.86,49.94,49.46,46.41,3137883.0,149332560.0
2012-07-10,45.5,45.88,45.55,43.88,2575834.0,115098864.0
2012-07-09,47.66,48.57,46.05,45.97,1842922.0,86560512.0
2012-07-06,48.37,49.38,48.14,46.76,1983354.0,95109408.0
2012-07-05,47.51,48.35,48.22,46.57,1303280.0,61417688.0
2012-07-04,49.37,49.55,47.56,46.03,2188892.0,104143872.0
2012-07-03,48.12,49.69,49.37,47.82,1613281.0,78325600.0
2012-07-02,46.42,48.56,48.37,45.95,1602205.0,75583792.0
2012-06-29,46.82,48.85,46.92,45.63,2248408.0,105396584.0
2012-06-28,45.53,48.25,46.87,44.78,1992575.0,91859520.0
2012-06-27,43.11,46.76,45.34,42.52,2934152.0,130827904.0
2012-06-26,43.12,43.48,43.12,41.47,1203051.0,50612284.0
2012-06-25,43.13,44.34,43.33,42.42,1669325.0,72207816.0
2012-06-21,41.75,43.33,43.33,40.81,1801437.0,75338696.0
2012-06-20,41.41,42.52,41.5,41.32,817179.0,33991564.0
2012-06-19,42.16,42.67,41.23,41.23,949178.0,39516436.0
2012-06-18,41.9,42.73,42.16,41.41,741918.0,30995712.0
2012-06-15,42.12,42.57,41.93,40.61,1061156.0,43608468.0
2012-06-14,42.53,43.52,41.93,41.83,1041186.0,44002888.0
2012-06-13,42.02,42.91,42.53,41.37,1349274.0,56652700.0
2012-06-12,40.1,42.62,41.87,39.9,2156524.0,88850656.0
2012-06-11,38.86,40.56,40.23,38.59,1626201.0,63989208.0
2012-06-08,39.55,39.95,39.17,39.11,783178.0,30695912.0
2012-06-07,40.1,40.23,39.3,39.0,1152478.0,45305416.0
2012-06-06,39.85,40.87,39.56,39.2,1455905.0,58064460.0
2012-06-05,39.41,40.08,39.68,38.61,1103727.0,43260192.0
2012-06-04,38.19,40.46,39.69,36.79,2789277.0,108637736.0
2012-06-01,39.38,40.56,38.9,38.7,1699645.0,66442972.0
2012-05-31,38.54,40.31,39.38,38.04,2560888.0,99922960.0
2012-05-30,37.85,38.76,38.5,37.52,1394893.0,53267572.0
2012-05-29,36.98,38.6,37.85,36.9,1479761.0,56132272.0
2012-05-25,37.11,37.89,36.58,36.54,589083.0,21819208.0
2012-05-24,37.5,37.9,37.41,37.31,880672.0,33051358.0
2012-05-23,38.0,38.36,37.96,37.51,1029044.0,39039084.0
2012-05-22,38.5,39.36,38.45,37.92,1441026.0,55602764.0
2012-05-21,37.0,38.8,38.1,36.52,1831973.0,69202320.0
2012-05-18,36.9,37.37,37.07,36.64,839586.0,31105446.0
2012-05-17,36.51,37.5,37.47,35.51,1204545.0,44105936.0
2012-05-16,37.0,37.76,36.65,36.65,886429.0,32906176.0
2012-05-15,36.5,37.72,37.22,36.16,1289071.0,47453120.0
2012-05-14,37.38,37.8,36.94,36.0,1386545.0,51299020.0
2012-05-11,37.8,39.3,37.2,37.2,2232565.0,85259672.0
2012-05-10,37.7,38.0,37.69,36.92,1650289.0,61888816.0
2012-05-09,38.03,38.38,37.54,36.9,2884976.0,108010848.0
2012-05-07,35.4,38.39,38.39,35.1,3994631.0,149167040.0
2012-05-04,34.51,35.28,34.9,34.51,1433801.0,50163080.0
2012-05-03,33.98,34.65,34.55,33.63,1199288.0,41187768.0
2012-05-02,33.54,34.25,34.0,33.01,1019849.0,34268064.0
2012-04-27,32.25,33.4,33.21,32.05,748187.0,24711968.0
2012-04-26,33.66,34.44,32.88,32.6,1011617.0,33724840.0
2012-04-25,32.65,33.0,32.66,32.18,1134008.0,36986044.0
2012-04-24,33.0,33.52,32.6,31.5,1458285.0,47173864.0
2012-04-23,34.06,34.3,33.17,32.91,1481138.0,49685900.0
2012-04-20,35.0,35.2,34.34,33.9,1765253.0,60757148.0
2012-04-19,34.63,35.3,35.0,34.61,1468515.0,51296488.0
2012-04-18,33.9,34.7,34.43,33.5,1522643.0,52368144.0
2012-04-17,34.8,34.99,34.0,33.8,1463169.0,49975876.0
2012-04-16,34.68,35.48,35.06,34.35,1198657.0,41956348.0
2012-04-13,34.1,35.91,34.85,34.1,2539869.0,89371936.0
2012-04-12,34.2,34.66,34.38,33.51,1784626.0,60881036.0
2012-04-11,33.29,34.8,34.3,33.07,2034727.0,69439536.0
2012-04-10,33.45,33.49,33.29,31.5,1860783.0,60630072.0
2012-04-09,33.19,34.23,33.5,33.19,3053277.0,103201568.0
2012-04-06,33.37,33.67,32.98,32.54,2190783.0,72528560.0
2012-04-05,31.89,33.4,33.36,30.8,2126982.0,69321096.0
2012-03-30,33.2,34.8,32.57,32.5,2515825.0,84618560.0
2012-03-29,32.0,33.18,32.96,30.1,1535036.0,48588628.0
2012-03-28,32.75,33.79,32.28,32.26,3755250.0,124189752.0
2012-03-27,30.96,32.47,32.2,30.9,1935671.0,62035920.0
2012-03-26,29.6,31.19,30.96,29.6,1314966.0,40238292.0
2012-03-23,30.9,30.9,29.93,29.93,1183207.0,35753676.0
2012-03-22,31.37,31.55,30.9,30.88,1040232.0,32274642.0
2012-03-21,31.4,31.86,31.43,30.67,1319433.0,41177244.0
2012-03-20,32.5,32.5,31.4,30.7,2108395.0,66287512.0
2012-03-19,32.45,33.2,32.76,32.3,1424470.0,46488476.0
2012-03-16,31.92,32.84,32.39,31.49,1564945.0,50450780.0
2012-03-15,31.65,32.6,31.9,31.36,2310996.0,74025240.0
2012-03-14,34.5,34.88,31.92,31.0,3395191.0,112900896.0
2012-03-13,34.01,34.89,34.43,34.01,3178829.0,109763688.0
2012-03-12,34.64,34.85,34.21,33.45,1568163.0,53072960.0
2012-03-09,34.0,34.77,34.44,33.61,2371865.0,81260424.0
2012-03-08,34.2,34.2,33.76,33.25,2798261.0,94021568.0
2012-03-07,34.41,35.0,33.85,33.5,2213717.0,76029280.0
2012-03-06,34.5,35.88,34.99,34.1,2902973.0,101245432.0
2012-03-05,33.46,36.4,34.88,33.0,5115470.0,177372960.0
2012-03-02,32.9,33.5,33.31,32.5,3823238.0,126553120.0
2012-03-01,30.5,33.88,32.97,30.5,5667291.0,185431328.0
2012-02-29,31.79,32.79,30.8,30.75,3855668.0,122648736.0
2012-02-28,32.52,32.85,31.86,31.62,4495535.0,144432672.0
2012-02-27,30.3,33.18,33.18,29.72,9091282.0,287817216.0
2012-02-24,30.01,30.9,30.16,29.9,1838049.0,55641472.0
2012-02-23,30.46,31.28,30.0,29.6,2727288.0,82851256.0
2012-02-22,30.13,31.38,30.75,29.7,1773812.0,54122284.0
2012-02-21,29.94,30.32,30.15,29.51,1477645.0,44299364.0
2012-02-20,29.7,30.35,29.97,29.35,1950405.0,58484708.0
2012-02-17,29.94,30.2,29.4,29.14,1883776.0,55443108.0
2012-02-16,30.05,30.78,30.56,29.65,1496017.0,45077252.0
2012-02-15,30.0,31.2,30.26,29.62,1585607.0,48159580.0
2012-02-14,30.52,31.4,30.08,29.69,1370783.0,41306884.0
2012-02-13,29.1,31.5,30.41,28.88,2233423.0,67441112.0
2012-02-10,28.28,30.49,29.44,28.15,1629518.0,47360548.0
2012-02-09,27.81,28.9,28.34,27.6,1415575.0,40369284.0
2012-02-08,27.0,28.3,27.82,26.7,1121734.0,30603576.0
2012-02-07,27.25,27.94,27.09,27.09,728064.0,20012820.0
2012-02-06,27.17,28.1,27.63,26.8,1357858.0,37483800.0
2012-02-03,26.19,27.35,27.13,26.11,1094337.0,29451694.0
2012-02-02,25.87,26.38,26.19,25.62,537074.0,14055073.0
2012-02-01,25.8,26.47,25.6,25.51,605486.0,15743917.0
2012-01-31,25.9,26.2,26.07,25.41,525433.0,13528773.0
2012-01-30,25.78,26.88,26.02,25.4,1393171.0,36278516.0
2012-01-20,24.7,25.48,25.22,24.42,1909185.0,47515156.0
2012-01-19,24.08,25.1,24.8,23.55,2384857.0,58427116.0
2012-01-17,25.15,26.48,26.12,24.01,1459366.0,37054660.0
2012-01-16,26.18,26.38,25.1,24.9,1644702.0,42273760.0
2012-01-13,29.9,30.13,27.2,27.0,2374038.0,67042868.0
2012-01-12,30.01,30.2,29.8,29.63,1895831.0,56699456.0
2012-01-11,28.85,31.58,30.42,28.66,3438522.0,103974696.0
2012-01-10,28.66,29.8,29.06,28.64,2009282.0,58533036.0
2012-01-09,27.96,29.24,29.0,27.6,1508196.0,42995868.0
2012-01-06,27.19,28.2,27.85,26.5,953335.0,25981200.0
2012-01-05,29.0,29.27,27.5,25.92,2007874.0,55204556.0
2012-01-04,30.0,31.19,28.8,28.8,2000369.0,60556016.0
