date,open,high,close,low,volume,amount
2015-07-02,150.33,150.94,142.63,142.63,9393438.0,438026144.0
2015-07-01,171.58,184.8,158.46,158.46,15709885.0,864495296.0
2015-06-30,155.62,184.77,176.05,155.62,13169085.0,709524480.0
2015-06-29,196.44,196.87,172.91,172.91,5558275.0,316061376.0
2015-06-26,200.23,200.23,192.13,192.13,5841099.0,367818336.0
2015-06-25,237.81,243.91,213.48,213.48,10195673.0,752897472.0
2015-06-24,243.08,252.6,237.2,224.94,7397181.0,572993344.0
2015-06-23,252.29,258.45,241.82,230.39,7498701.0,598321984.0
2015-06-19,257.53,275.7,255.99,251.98,9112093.0,775599744.0
2015-06-18,287.68,296.91,268.26,258.85,10978188.0,996706880.0
2015-06-17,261.83,287.68,287.62,258.75,13927144.0,1235174656.0
2015-06-16,258.45,270.57,261.52,240.48,11507872.0,965972928.0
2015-06-15,258.75,267.86,258.45,247.68,11477925.0,967534848.0
2015-06-12,244.14,262.75,256.69,243.99,13673700.0,1137281152.0
2015-06-11,236.23,243.99,243.34,231.46,8068111.0,625945856.0
2015-06-10,230.76,239.46,235.34,225.22,7628583.0,580306432.0
2015-06-09,224.57,233.46,230.66,222.3,7074924.0,526240672.0
2015-06-08,246.23,246.23,227.43,222.02,11322549.0,844249280.0
2015-06-05,258.08,263.37,246.69,240.02,10371637.0,850739904.0
2015-06-04,271.37,271.37,252.29,246.26,12869674.0,1065251008.0
2015-06-03,272.88,286.75,273.62,259.74,12596114.0,1126957056.0
2015-06-02,243.09,267.37,267.37,242.76,15151693.0,1263994752.0
2015-06-01,238.17,248.57,243.06,231.86,16920500.0,1326842240.0
2015-05-29,227.68,235.68,229.19,206.14,12082419.0,888329344.0
2015-05-28,226.73,234.94,227.53,218.48,15756572.0,1163846400.0
2015-05-27,236.94,236.94,227.06,224.97,13095103.0,976138560.0
2015-05-26,230.17,241.49,237.22,216.3,14138204.0,1053699328.0
2015-05-25,226.45,231.68,230.05,224.2,11787789.0,872478784.0
2015-05-22,245.74,259.92,237.99,232.33,11561741.0,908547264.0
2015-05-21,234.48,249.99,245.68,227.68,11371570.0,889738560.0
2015-05-20,245.25,255.37,231.22,231.22,14051651.0,1115201792.0
2015-05-19,252.29,260.48,245.25,236.91,11445565.0,915920768.0
2015-05-18,224.91,249.28,249.28,221.59,13496471.0,1061119552.0
2015-05-15,244.08,244.08,226.6,222.14,12255104.0,922033984.0
2015-05-14,219.25,239.62,236.91,219.25,16765272.0,1260615296.0
2015-05-13,214.45,226.69,219.13,202.76,17133180.0,1202014208.0
2015-05-12,204.6,213.5,212.2,195.99,19410640.0,1287965184.0
2015-05-11,193.77,209.19,205.0,193.03,17376342.0,1134578816.0
2015-05-08,179.53,190.76,190.76,179.53,13247296.0,800770880.0
2015-05-07,190.76,199.99,179.07,178.73,13434504.0,818030848.0
2015-05-06,178.36,197.13,190.94,176.91,20179532.0,1244354304.0
2015-05-05,173.84,185.22,179.38,173.78,15758913.0,923230784.0
2015-05-04,170.76,175.31,172.61,166.15,10108063.0,566941952.0
2015-04-30,169.22,175.38,170.36,166.11,10849805.0,604636864.0
2015-04-29,157.84,170.61,167.68,157.28,8124952.0,441070368.0
2015-04-28,169.22,172.91,161.31,158.45,7653422.0,407926272.0
2015-04-27,164.61,175.28,168.24,164.3,9418749.0,518483488.0
2015-04-24,169.22,171.93,166.33,165.47,9526031.0,520199680.0
2015-04-23,167.31,176.88,173.22,163.68,15263176.0,847408384.0
2015-04-22,162.42,167.1,166.88,161.87,11585742.0,622936896.0
2015-04-21,153.84,162.36,162.36,153.84,9466276.0,490119744.0
2015-04-20,162.61,162.91,153.22,152.85,12977396.0,667261632.0
2015-04-17,170.15,171.9,164.61,164.36,8807156.0,478786112.0
2015-04-16,169.04,178.05,169.62,163.84,8220350.0,458698336.0
2015-04-15,176.91,185.62,171.59,167.84,9625878.0,550020672.0
2015-04-14,187.84,189.19,180.61,178.45,9701045.0,576622720.0
2015-04-13,183.44,192.91,187.84,178.73,17224092.0,1041893440.0
2015-04-10,170.76,188.54,183.44,167.47,15571124.0,910433728.0
2015-04-09,177.1,179.99,171.75,159.99,12601615.0,694300032.0
2015-04-08,186.73,192.54,176.76,168.94,13940479.0,821911872.0
2015-04-07,176.91,193.22,187.71,174.76,18863144.0,1135964160.0
2015-04-03,174.39,176.3,175.81,173.04,10592041.0,602070912.0
2015-04-02,179.07,180.24,176.88,174.3,14860475.0,851792576.0
2015-04-01,174.7,179.07,177.56,171.99,13754182.0,785491584.0
2015-03-31,168.42,180.36,176.24,165.99,16090919.0,910581120.0
2015-03-30,182.88,183.07,171.13,167.25,19666400.0,1096906368.0
2015-03-27,178.45,188.14,185.84,177.53,15166907.0,900930240.0
2015-03-26,207.07,207.4,192.88,192.88,12837945.0,826749888.0
2015-03-25,209.22,223.06,214.3,199.53,18292084.0,1251867776.0
2015-03-24,184.94,203.07,203.07,184.7,21476056.0,1385878272.0
2015-03-23,178.02,184.6,184.6,171.38,13431061.0,780056192.0
2015-03-20,167.53,179.99,175.04,167.53,15889239.0,902667840.0
2015-03-19,172.36,173.78,167.31,162.45,9561692.0,520305152.0
2015-03-18,169.99,173.07,171.1,165.53,8642615.0,478199520.0
2015-03-17,174.48,177.84,169.99,166.45,12038696.0,670922880.0
2015-03-16,164.79,177.38,172.76,164.79,19784172.0,1107081344.0
2015-03-13,155.65,163.71,161.87,152.3,13864964.0,719081856.0
2015-03-12,162.45,163.07,156.88,150.76,13093220.0,665325440.0
2015-03-11,172.3,172.3,163.71,159.68,14192112.0,759444736.0
2015-03-10,169.22,175.25,172.76,164.24,19284968.0,1070810496.0
2015-03-09,162.45,177.41,170.97,160.51,16045295.0,881260288.0
2015-03-06,173.22,175.22,164.54,160.3,22496592.0,1212906496.0
2015-03-05,187.68,195.68,177.07,174.14,17226548.0,1029496896.0
2015-03-04,166.14,179.96,179.96,165.53,8816294.0,502360448.0
2015-03-03,162.18,175.31,163.59,158.45,11004184.0,596467264.0
2015-03-02,154.79,172.61,166.48,151.41,16342442.0,862417792.0
2015-02-27,144.58,159.1,159.1,141.16,20259072.0,1001297728.0
2015-02-26,138.45,150.12,144.64,135.99,24712800.0,1166093824.0
2015-02-25,136.45,136.45,136.45,136.45,2037898.0,90380776.0
2015-02-17,124.06,124.06,124.06,124.06,525804.0,21200418.0
2015-01-30,114.06,116.76,112.76,112.3,4665486.0,173910864.0
2015-01-29,117.5,118.73,114.18,113.32,5713185.0,213399824.0
2015-01-28,119.5,119.99,117.41,116.39,5140144.0,196831040.0
2015-01-27,116.21,122.15,119.5,115.1,7053487.0,271403200.0
2015-01-26,108.61,118.21,116.64,108.61,8416835.0,310521216.0
2015-01-23,107.72,112.58,108.46,107.69,6843578.0,243844496.0
2015-01-22,106.49,109.22,107.41,104.46,6985730.0,243187440.0
2015-01-21,107.62,112.3,106.49,105.69,7632859.0,269217312.0
2015-01-20,99.38,107.99,107.53,99.38,8024742.0,272876608.0
2015-01-19,101.53,109.84,99.87,99.07,8909367.0,302593728.0
2015-01-16,101.53,107.01,105.19,99.38,6836781.0,231045888.0
2015-01-15,98.64,106.7,102.03,98.64,8847973.0,295035392.0
2015-01-14,98.73,101.78,100.0,95.93,10329440.0,334334656.0
2015-01-13,91.72,99.13,98.46,89.69,11373390.0,355319840.0
2015-01-12,88.89,93.35,90.83,88.0,5517176.0,162845088.0
2015-01-09,88.24,93.75,89.23,87.66,8790720.0,260546112.0
2015-01-08,88.3,89.47,88.3,87.69,5554014.0,159661424.0
2015-01-07,86.46,89.38,88.92,85.87,6323169.0,180402160.0
2015-01-06,83.29,87.56,87.35,80.0,7014078.0,192439648.0
2015-01-05,86.83,87.04,83.23,81.47,4139509.0,111983472.0
2014-12-31,84.76,86.98,86.09,84.76,2264813.0,63089172.0
2014-12-30,87.53,88.49,84.46,83.63,3906127.0,109058024.0
2014-12-29,86.76,90.73,87.53,86.0,6691741.0,192636912.0
2014-12-26,84.92,89.19,87.69,84.24,9110310.0,259952352.0
2014-12-25,85.53,87.07,84.8,83.07,7842367.0,217347536.0
2014-12-24,79.07,86.3,86.3,78.64,10705711.0,291708992.0
2014-12-23,81.81,86.09,78.46,77.53,6281341.0,164993680.0
2014-12-22,89.96,89.96,82.33,82.33,5690781.0,155229296.0
2014-12-19,96.76,96.76,91.47,91.01,4308104.0,129250256.0
2014-12-18,96.0,97.72,97.16,93.29,3908514.0,120976400.0
2014-12-17,98.15,98.15,96.3,95.56,3835070.0,120624304.0
2014-12-16,96.89,101.41,99.26,95.53,6980987.0,224635648.0
2014-12-15,92.3,98.92,97.35,89.47,10111589.0,308719232.0
2014-12-12,97.07,97.16,96.21,92.61,4062386.0,125479736.0
2014-12-11,95.38,98.92,96.33,94.61,4947432.0,155585696.0
2014-12-10,92.3,99.59,97.35,86.0,7983427.0,238667136.0
2014-12-09,106.36,108.61,95.44,95.44,8734136.0,281005792.0
2014-12-08,110.3,110.3,106.06,103.07,6359745.0,219189600.0
2014-12-05,112.76,115.38,109.84,107.93,6950355.0,252379600.0
2014-12-04,107.35,113.47,112.7,106.7,9932988.0,360741248.0
2014-12-03,109.04,109.13,107.35,103.38,8135229.0,281176000.0
2014-12-02,102.83,110.15,109.35,101.78,8964727.0,310374848.0
2014-12-01,108.24,108.61,102.86,100.61,7797948.0,262083184.0
2014-11-28,107.07,110.27,107.99,106.61,6808545.0,240303808.0
2014-11-27,109.1,109.1,107.13,106.06,6798353.0,237204528.0
2014-11-26,111.38,111.78,109.1,105.56,12667253.0,444145344.0
2014-11-25,118.79,121.84,110.73,109.22,14488003.0,539313344.0
2014-11-24,119.38,121.84,118.79,117.22,5242664.0,202713952.0
2014-11-21,122.3,124.61,119.38,118.15,6152906.0,241420592.0
2014-11-20,123.04,123.69,123.19,119.38,4312240.0,170134496.0
2014-11-19,117.38,127.69,122.45,115.38,8321367.0,329436896.0
2014-11-18,111.87,118.09,117.19,111.66,4341952.0,163291088.0
2014-11-17,113.22,115.93,111.66,109.22,4301466.0,156318256.0
2014-11-14,116.58,116.76,113.53,112.36,2722467.0,100678448.0
2014-11-13,116.3,117.69,116.58,112.42,4608813.0,173209424.0
2014-11-12,109.22,117.5,116.92,106.92,6295772.0,234914448.0
2014-11-11,111.93,113.16,109.01,105.53,3781563.0,134766816.0
2014-11-10,109.5,113.25,111.93,108.33,5164852.0,187175680.0
2014-11-07,107.99,110.3,108.33,106.64,5477436.0,192917776.0
2014-11-06,104.61,108.58,106.46,104.3,3319234.0,114858432.0
2014-11-05,106.03,106.39,104.64,102.76,2570480.0,87028136.0
2014-11-04,108.27,108.58,106.09,104.15,2718194.0,93541184.0
2014-11-03,103.93,108.58,107.99,103.69,3017457.0,104963808.0
2014-10-31,108.61,109.81,104.46,103.1,4206581.0,143650000.0
2014-10-30,110.61,110.61,108.24,107.69,4132997.0,146308288.0
2014-10-29,104.27,110.76,108.61,104.27,7013474.0,246134576.0
2014-10-28,104.24,105.22,102.61,101.26,3101086.0,103971568.0
2014-10-27,99.07,102.7,101.78,99.07,1738930.0,57459564.0
2014-10-24,96.86,101.78,101.35,96.86,2960878.0,96606024.0
2014-10-23,102.83,104.03,99.04,96.58,5162490.0,167570256.0
2014-10-22,103.38,103.69,102.83,100.61,2973255.0,98924280.0
2014-10-21,104.3,105.01,102.55,101.72,4228471.0,142093264.0
2014-10-20,99.16,106.12,105.47,99.16,5742594.0,194541440.0
2014-10-17,98.06,100.92,99.19,95.75,5739941.0,184625712.0
2014-10-16,98.3,100.7,97.78,97.22,4300974.0,139022944.0
2014-10-15,99.19,100.76,98.39,96.92,4975770.0,159949952.0
2014-10-14,95.26,102.76,98.7,95.23,9706953.0,313027104.0
2014-10-13,90.03,94.15,94.09,90.03,5315625.0,159627728.0
2014-10-10,91.07,93.26,89.81,89.23,3274658.0,96857040.0
2014-10-09,95.69,95.69,91.84,90.8,6165167.0,184621264.0
2014-10-08,94.15,96.3,94.98,93.93,3476897.0,106910664.0
2014-09-30,96.98,97.81,94.73,93.84,3733423.0,115354056.0
2014-09-29,97.44,98.52,96.98,96.8,2864293.0,90720280.0
2014-09-26,94.52,98.46,98.21,93.41,3914801.0,122670880.0
2014-09-25,92.27,96.06,95.26,92.24,5793347.0,178080272.0
2014-09-24,91.93,92.7,91.63,90.76,3652870.0,108793784.0
2014-09-23,91.69,94.09,91.93,90.43,2969544.0,88576584.0
2014-09-22,93.01,94.76,91.78,91.35,4404294.0,132448288.0
2014-09-19,89.84,94.43,93.04,88.89,6327264.0,190251328.0
2014-09-18,87.72,90.09,89.23,86.58,3019015.0,87440264.0
2014-09-17,87.07,89.04,88.0,84.92,3804524.0,107171584.0
2014-09-16,91.32,94.52,87.07,87.07,7736471.0,229174416.0
2014-09-15,92.7,92.76,91.29,89.72,4483921.0,132616888.0
2014-09-12,93.84,93.84,92.3,91.01,4618883.0,138234048.0
2014-09-11,89.23,98.46,93.19,88.33,12633546.0,381975488.0
2014-09-10,81.56,90.55,90.12,81.07,10424300.0,295421088.0
2014-09-09,81.44,83.07,82.3,80.61,4008984.0,106872488.0
2014-09-05,81.47,83.93,82.58,80.8,5664265.0,152000448.0
2014-09-04,81.47,82.86,81.41,80.06,5795200.0,153990336.0
2014-09-03,80.03,82.09,81.97,78.95,7642647.0,200282624.0
2014-09-02,78.83,81.38,79.93,78.3,7471141.0,193638736.0
2014-09-01,74.64,80.61,79.07,73.17,8063676.0,202824016.0
2014-08-29,75.5,75.5,74.4,71.69,6413294.0,153288960.0
2014-08-21,74.33,76.67,75.69,74.33,4979811.0,122311744.0
2014-08-20,75.32,75.69,74.36,73.84,2892916.0,70034584.0
2014-08-19,75.53,77.23,75.32,74.46,6283115.0,154452720.0
2014-08-18,72.92,76.8,75.32,72.46,5955176.0,145583248.0
2014-08-15,74.15,75.38,72.4,72.3,6555904.0,157084560.0
2014-08-14,73.84,77.44,74.21,73.26,6963476.0,171518688.0
2014-08-13,74.7,75.6,74.06,72.92,5001775.0,120138680.0
2014-08-12,72.55,75.38,75.01,71.72,6576377.0,158314896.0
2014-08-11,72.8,72.95,72.52,71.01,4569379.0,107156640.0
2014-08-08,71.29,73.97,72.89,70.8,7752830.0,183089552.0
2014-08-07,69.81,71.26,70.52,69.26,5882069.0,134812032.0
2014-08-06,69.07,70.21,69.44,68.83,4581594.0,103638000.0
2014-08-05,68.0,70.03,69.38,66.7,5024111.0,112345016.0
2014-08-04,67.32,68.12,67.66,66.09,2945905.0,64168904.0
2014-08-01,67.94,68.8,66.7,66.46,2634078.0,57990364.0
2014-07-31,69.38,69.38,67.94,67.94,2560425.0,56873404.0
2014-07-30,68.52,69.38,68.64,67.1,3974351.0,87944280.0
2014-07-29,67.69,70.03,68.58,67.69,5849199.0,131102592.0
2014-07-28,65.5,67.97,67.57,64.73,4022060.0,87002464.0
2014-07-25,64.03,65.23,64.77,63.1,2003420.0,41948844.0
2014-07-24,65.41,66.0,63.75,62.61,2383777.0,49509244.0
2014-07-23,64.37,66.64,65.01,64.37,3286590.0,70116872.0
2014-07-22,63.38,65.01,64.3,63.1,2646699.0,55349584.0
2014-07-21,64.49,65.14,63.41,62.03,3653152.0,74989216.0
2014-07-18,65.63,66.24,64.55,64.55,2427595.0,51515020.0
2014-07-17,65.07,65.9,65.72,64.92,2201519.0,46765092.0
2014-07-16,68.06,68.27,65.07,64.89,3997015.0,86413128.0
2014-07-15,70.33,70.61,68.15,67.94,4320912.0,96593072.0
2014-07-14,69.56,70.46,70.3,68.27,4035591.0,91019640.0
2014-07-11,70.15,71.1,69.87,68.61,3699641.0,83907984.0
2014-07-10,71.32,73.72,70.21,70.15,7045518.0,164839888.0
2014-07-09,71.23,74.03,72.3,70.46,8856920.0,208967008.0
2014-07-08,69.38,72.61,71.97,68.86,6941688.0,159654768.0
2014-07-07,70.83,72.36,69.53,69.53,4876771.0,111728088.0
2014-07-04,72.3,73.07,71.04,70.43,8431593.0,194824848.0
2014-07-03,69.17,73.53,73.53,69.17,13894695.0,324165216.0
2014-07-02,69.23,70.92,68.86,68.43,5558717.0,125128024.0
2014-07-01,70.61,70.61,69.72,68.0,8956530.0,201761392.0
2014-06-30,69.23,72.09,70.61,69.07,11553674.0,264340208.0
2014-06-27,64.37,70.49,68.55,63.84,10093070.0,221717408.0
2014-06-26,61.97,65.2,64.33,61.97,4341973.0,90345712.0
2014-06-25,62.46,62.58,62.03,61.53,2610681.0,52616236.0
2014-06-24,64.0,64.15,62.67,62.67,2479548.0,50983568.0
2014-06-23,61.81,63.38,62.52,61.53,3223133.0,65588592.0
2014-06-20,61.57,62.58,61.38,59.72,3538623.0,70566528.0
2014-06-19,66.15,67.01,61.84,60.06,5050080.0,104176368.0
2014-06-18,66.67,68.43,66.43,65.38,4395360.0,95782768.0
2014-06-17,68.77,68.8,66.67,66.52,5395396.0,118431624.0
2014-06-16,68.0,69.84,69.1,67.69,6822409.0,152833888.0
2014-06-13,68.3,69.9,68.15,67.1,6983985.0,155758400.0
2014-06-12,65.84,68.89,68.77,65.07,6967899.0,151880288.0
2014-06-11,68.61,70.36,67.69,67.56,10845450.0,243624464.0
2014-06-10,67.29,68.06,67.57,65.38,8374878.0,182001920.0
2014-06-09,65.29,68.98,67.69,62.92,9018959.0,193146224.0
2014-06-06,65.32,67.84,65.72,65.23,5897524.0,127087904.0
2014-06-05,63.38,65.23,65.1,62.8,3983207.0,83120720.0
2014-06-04,64.64,65.78,64.09,63.01,4303269.0,89196264.0
2014-06-03,65.2,68.24,65.69,65.14,7207441.0,156007472.0
2014-05-30,64.3,65.29,64.58,62.37,5441517.0,113666312.0
2014-05-29,66.52,66.86,63.84,62.52,7716813.0,161726048.0
2014-05-28,65.17,67.66,66.27,64.67,8306208.0,179161856.0
2014-05-27,63.87,68.24,65.97,63.32,14315112.0,307996800.0
2014-05-26,60.4,65.84,64.61,59.32,14228063.0,292055392.0
2014-05-23,57.87,60.12,59.84,56.8,7492934.0,142485856.0
2014-05-22,58.24,59.29,58.12,57.97,5661084.0,107706744.0
2014-05-21,58.09,58.58,58.15,56.95,4346563.0,81641168.0
2014-05-20,56.61,58.92,58.64,56.09,7808443.0,146159008.0
2014-05-19,57.53,58.4,56.86,55.32,8108956.0,149913456.0
2014-05-16,60.18,60.46,57.38,56.8,14273003.0,271805408.0
2014-05-15,60.06,63.38,61.26,60.06,15889913.0,317458944.0
2014-05-14,66.73,66.73,66.73,66.73,337600.0,7322544.0
2014-05-13,74.15,74.15,74.15,74.15,307800.0,7417980.0
2014-02-17,76.38,83.66,82.37,76.1,11108980.0,286988448.0
2014-02-14,73.27,76.65,76.07,72.88,10468311.0,255768432.0
2014-02-13,75.27,79.54,72.84,72.78,10147195.0,253469888.0
2014-02-12,77.27,77.42,75.82,73.73,10424426.0,255816304.0
2014-02-11,71.89,79.08,77.67,71.89,18524016.0,464910144.0
2014-02-10,69.77,73.37,71.89,69.77,10132030.0,235633168.0
2014-02-07,65.47,69.96,69.34,64.49,7812949.0,172891072.0
2014-01-30,68.36,70.02,66.21,66.05,6875331.0,151844688.0
2014-01-29,67.1,69.28,69.13,65.13,11025789.0,242601840.0
2014-01-28,65.01,66.67,66.39,63.44,5862470.0,124388600.0
2014-01-27,65.07,66.36,64.67,63.14,9289535.0,196413872.0
2014-01-24,67.53,67.9,65.69,65.56,14207480.0,308375104.0
2014-01-23,61.45,66.42,66.42,60.52,19139340.0,403903456.0
2014-01-22,58.83,60.74,60.37,58.19,7738602.0,150837488.0
2014-01-21,58.01,58.99,58.77,57.39,5240526.0,99284664.0
2014-01-20,57.76,58.93,58.68,56.31,5642172.0,106305504.0
2014-01-17,55.55,58.28,57.11,55.33,4591830.0,85565496.0
2014-01-16,56.9,58.28,55.92,55.67,4085155.0,75653024.0
2014-01-15,54.84,57.88,56.53,54.38,4549006.0,84115312.0
2014-01-14,51.86,54.66,54.38,51.86,2988738.0,51836712.0
2014-01-13,53.77,54.99,51.92,50.78,3928372.0,67638088.0
2014-01-10,57.17,57.51,53.95,53.49,4217082.0,76137312.0
2014-01-09,58.59,60.83,57.17,57.11,8035880.0,154511952.0
2014-01-08,56.38,58.59,58.59,56.01,6813423.0,127913504.0
2014-01-07,55.45,56.5,56.41,53.49,3481487.0,62481332.0
2014-01-06,55.45,58.04,55.95,55.21,6007364.0,110428184.0
2014-01-03,54.99,55.73,55.39,54.1,4088326.0,73428000.0
2014-01-02,52.78,55.52,54.9,52.75,3626164.0,64389368.0
2013-12-31,53.92,54.01,53.4,52.41,1397565.0,24185846.0
2013-12-30,53.46,53.8,53.77,52.78,2115918.0,36791412.0
2013-12-27,51.58,53.34,52.72,51.58,1502086.0,25837866.0
2013-12-26,52.84,54.23,52.26,52.08,2732094.0,47285592.0
2013-12-25,52.11,54.26,53.49,51.15,3801458.0,66020652.0
2013-12-24,50.17,51.31,50.69,49.96,1325373.0,21876660.0
2013-12-23,51.83,52.08,50.23,48.54,1806880.0,29551758.0
2013-12-19,51.92,53.43,51.95,51.8,1849463.0,31664066.0
2013-12-18,53.06,53.46,51.62,51.46,1777076.0,30099808.0
2013-12-17,54.23,55.09,52.23,52.23,2485615.0,43413412.0
2013-12-16,53.34,56.38,54.99,53.3,5167890.0,92704936.0
2013-12-13,53.09,53.55,52.54,52.32,1985119.0,34178768.0
2013-12-12,50.69,53.4,53.12,50.69,2911449.0,49728444.0
2013-12-11,52.2,52.2,51.46,50.94,1379476.0,23036180.0
2013-12-10,52.32,52.51,52.2,51.89,1341080.0,22751570.0
2013-12-09,51.65,52.44,52.32,51.55,1658828.0,28177806.0
2013-12-06,51.86,52.2,51.65,51.0,2327879.0,39119712.0
2013-12-05,52.23,52.94,51.09,50.75,3181875.0,53445968.0
2013-12-04,52.26,53.55,52.63,52.26,2796038.0,48255476.0
2013-12-03,51.43,53.3,53.15,48.63,4245262.0,70322368.0
2013-12-02,55.27,55.27,51.86,51.86,5252449.0,90951432.0
2013-11-29,57.76,58.1,57.64,57.33,3294202.0,61978340.0
2013-11-28,57.76,58.01,57.61,56.99,3384860.0,63267452.0
2013-11-27,57.91,58.37,57.45,56.99,4160537.0,77997352.0
2013-11-26,55.73,56.84,56.74,55.36,2836643.0,52004608.0
2013-11-25,54.72,55.85,55.24,54.32,1713645.0,30793710.0
2013-11-22,56.25,57.15,55.39,55.33,2623882.0,47707044.0
2013-11-21,57.76,57.76,56.22,56.07,3827956.0,70681648.0
2013-11-20,58.22,58.62,58.01,57.3,2948031.0,55476608.0
2013-11-19,57.79,59.51,57.76,57.7,4008820.0,76408104.0
2013-11-18,56.93,58.5,58.25,56.35,4932437.0,92386112.0
2013-11-15,56.56,57.76,56.9,56.35,3997466.0,74393208.0
2013-11-14,54.62,55.98,55.98,53.86,2764703.0,49667364.0
2013-11-13,55.88,56.84,54.59,54.53,2384066.0,43273896.0
2013-11-12,57.27,57.76,55.98,54.78,2983296.0,54381836.0
2013-11-11,55.3,59.3,57.15,55.18,4061101.0,75948176.0
2013-11-08,54.07,56.65,54.99,54.07,2971851.0,53588620.0
2013-11-07,54.32,55.88,54.23,53.8,2366917.0,42076772.0
2013-11-06,53.18,57.97,55.02,53.18,6061370.0,110343208.0
2013-11-05,51.03,53.12,53.12,51.0,3169706.0,53999944.0
2013-11-04,50.08,52.11,51.62,49.52,2274403.0,38140864.0
2013-11-01,51.98,52.01,50.6,49.49,3279714.0,54067400.0
2013-10-31,54.99,54.99,52.54,50.69,5316538.0,90533816.0
2013-10-30,54.32,55.76,55.21,53.09,3039285.0,54141268.0
2013-10-29,58.34,59.3,54.04,52.57,5106611.0,91692400.0
2013-10-28,59.6,61.41,58.37,56.99,5062562.0,97258144.0
2013-10-25,66.67,68.2,61.75,61.41,6782405.0,143172160.0
2013-10-24,64.18,70.66,68.24,58.5,12112137.0,258468064.0
2013-10-15,64.24,66.48,64.98,64.21,6858312.0,146278592.0
2013-10-14,63.63,64.43,63.84,62.92,6396474.0,132536120.0
2013-10-11,67.56,68.14,65.01,64.55,10762266.0,230700784.0
2013-10-10,63.9,66.12,66.05,63.04,10844543.0,228602720.0
2013-10-09,62.67,65.75,64.83,61.6,9746392.0,202811616.0
2013-10-08,62.37,63.44,62.95,61.54,9765665.0,199068608.0
2013-09-30,56.38,60.37,60.25,56.38,6046034.0,116420600.0
2013-09-27,57.17,57.67,56.38,56.22,2680760.0,49606572.0
2013-09-26,59.54,59.54,56.87,56.78,4699477.0,88747344.0
2013-09-25,61.14,61.14,59.88,59.23,4437176.0,86970112.0
2013-09-24,60.95,62.31,61.2,60.59,6598466.0,131804000.0
2013-09-23,57.91,61.45,61.14,57.91,6678805.0,130272632.0
2013-09-18,56.81,58.07,57.79,55.92,3596841.0,66779332.0
2013-09-17,59.54,59.54,57.21,57.17,4442999.0,84334488.0
2013-09-16,60.22,60.22,59.02,57.94,5070566.0,97506080.0
2013-09-13,56.5,59.3,58.99,56.01,9998013.0,189164368.0
2013-09-12,55.09,57.64,55.09,53.77,7037876.0,127394008.0
2013-09-11,62.27,62.37,56.35,56.35,11743669.0,220697552.0
2013-09-10,63.29,64.15,62.61,62.18,4910677.0,100482584.0
2013-09-09,62.67,64.06,63.5,62.15,5602441.0,115366752.0
2013-09-06,63.1,63.69,62.92,62.06,4918650.0,100328280.0
2013-09-05,62.49,64.36,63.69,61.08,6864785.0,140414576.0
2013-09-04,63.53,63.53,62.49,61.75,5937737.0,120839288.0
2013-09-03,62.61,64.8,64.18,62.06,5706118.0,117680392.0
2013-09-02,60.83,64.12,62.61,60.37,6030467.0,122583696.0
2013-08-30,67.59,67.59,62.58,62.58,16250494.0,339794048.0
2013-08-29,74.35,75.3,69.53,68.6,14108245.0,332903776.0
2013-08-28,70.36,75.12,71.61,69.8,17219480.0,410369856.0
2013-08-27,68.45,70.69,70.69,67.59,13982941.0,315930752.0
2013-08-26,65.44,71.28,69.19,65.19,14804986.0,333728704.0
2013-08-23,65.75,67.16,65.53,63.97,9590301.0,205488608.0
2013-08-22,64.21,67.28,66.18,62.98,12540280.0,269960736.0
2013-08-21,62.92,63.44,63.41,61.84,4959920.0,101314680.0
2013-08-20,62.55,63.87,63.29,62.0,5227724.0,107188176.0
2013-08-19,60.59,63.47,62.92,60.16,5080284.0,103551944.0
2013-08-16,63.84,65.69,61.51,61.48,7909183.0,163334400.0
2013-08-15,66.98,67.59,65.44,65.44,8443339.0,182344720.0
2013-08-14,63.75,67.53,66.88,62.92,11570319.0,246828240.0
2013-08-13,62.92,65.5,64.36,62.89,6853614.0,143812064.0
2013-08-12,63.75,64.06,62.92,61.35,7271496.0,148087744.0
2013-08-09,65.07,66.91,63.72,62.06,7775168.0,163035504.0
2013-08-08,66.05,66.33,65.01,64.15,6146360.0,130354800.0
2013-08-07,66.91,68.94,66.48,65.62,9139449.0,199428096.0
2013-08-06,65.41,68.48,66.85,64.83,12385860.0,270387520.0
2013-08-05,63.57,64.83,64.46,62.61,6812548.0,141225984.0
2013-08-02,65.19,67.38,64.15,63.84,10747918.0,229078656.0
2013-08-01,60.62,65.78,64.95,60.0,13407749.0,277207904.0
2013-07-31,60.98,62.83,59.85,59.45,7991345.0,159027744.0
2013-07-30,64.03,65.66,61.32,58.77,11220502.0,226581392.0
2013-07-29,64.36,65.9,65.32,61.81,9913161.0,207742192.0
2013-07-26,64.52,66.98,64.43,61.6,11421703.0,238865008.0
2013-07-25,68.57,71.55,65.22,64.52,16036867.0,356174592.0
2013-07-24,69.77,71.03,69.74,67.84,15607020.0,354016672.0
2013-07-23,73.43,74.04,70.54,69.74,14528168.0,335270496.0
2013-07-22,68.51,72.11,71.25,67.31,19161448.0,435806592.0
2013-07-19,66.85,73.52,69.56,65.16,28183740.0,636004736.0
2013-07-18,62.06,66.85,66.85,62.06,26916922.0,570464576.0
2013-07-17,59.08,62.67,60.77,57.85,21266632.0,421663488.0
2013-07-16,58.68,59.76,58.99,56.87,14562936.0,276224224.0
2013-07-15,55.79,60.06,58.59,55.33,20317820.0,381781184.0
2013-07-12,54.23,57.76,55.15,54.01,16064712.0,294011072.0
2013-07-11,52.54,55.15,54.69,51.65,13496620.0,233783872.0
2013-07-10,53.64,55.85,53.58,53.46,10443355.0,184615312.0
2013-07-09,51.31,53.73,53.34,51.0,9547132.0,164398592.0
2013-07-08,52.23,56.04,52.38,50.17,14693429.0,253171872.0
2013-07-05,56.07,59.82,55.61,55.61,20654420.0,390901984.0
2013-07-04,55.67,57.08,55.33,54.69,16479492.0,299637920.0
2013-07-03,56.99,59.17,57.51,54.32,27460128.0,506968704.0
2013-07-02,51.4,56.96,56.96,51.0,26284004.0,475370624.0
2013-07-01,49.37,52.08,51.77,48.08,12922282.0,212404576.0
2013-06-28,50.69,52.48,49.74,49.31,14716524.0,241792336.0
2013-06-27,55.12,56.28,52.75,51.52,25460296.0,449062336.0
2013-06-26,50.23,55.55,55.49,49.4,26484072.0,459236704.0
2013-06-25,50.17,53.09,50.91,47.34,23351696.0,377269248.0
2013-06-24,53.43,55.52,52.6,50.69,23049778.0,400034304.0
2013-06-21,48.76,54.84,53.43,48.39,23299200.0,398114144.0
2013-06-20,54.01,55.88,50.2,50.05,18909938.0,324837344.0
2013-06-19,53.15,57.21,55.15,52.91,20430684.0,366310816.0
2013-06-18,51.92,55.15,53.92,50.78,19948454.0,342597376.0
2013-06-17,50.11,54.5,52.84,48.7,24124182.0,406450336.0
2013-06-14,48.54,53.3,49.59,47.9,30776228.0,504803072.0
2013-06-13,44.24,49.37,49.37,44.21,23655540.0,364386304.0
2013-06-07,46.91,47.87,44.89,44.55,15486788.0,231291024.0
2013-06-06,47.31,49.86,47.25,46.12,22638672.0,354737536.0
2013-06-05,47.28,47.99,46.3,45.5,19809228.0,300281056.0
2013-06-04,43.9,49.06,48.7,43.56,34792840.0,522824064.0
2013-06-03,44.06,45.72,44.61,43.04,36386052.0,523918432.0
2013-05-31,42.15,42.15,42.15,42.15,10874361.0,149196240.0
2013-05-30,38.31,38.31,38.31,38.31,2969504.0,37029716.0
2013-05-29,34.84,34.84,34.84,34.84,267673.0,3035412.0
2013-05-28,31.68,31.68,31.68,31.68,310901.0,3205389.0
2013-03-07,29.52,30.03,28.83,28.63,5273924.0,76248240.0
2013-03-06,28.96,30.15,29.42,28.47,7936094.0,115652320.0
2013-03-05,27.5,28.89,28.89,27.46,4326926.0,60685872.0
2013-03-04,28.35,28.49,27.5,27.2,3532148.0,48603964.0
2013-03-01,28.07,28.86,28.65,28.0,4949849.0,69834864.0
2013-02-28,27.92,28.35,28.17,27.48,4745900.0,65760256.0
2013-02-27,26.99,28.15,27.92,26.99,4628065.0,63458124.0
2013-02-26,27.24,27.86,26.97,26.89,2155659.0,29206244.0
2013-02-25,26.79,27.56,27.44,26.79,1936083.0,26051186.0
2013-02-22,27.66,27.82,26.87,26.77,2995191.0,40358328.0
2013-02-21,27.58,28.11,27.74,27.07,3532135.0,48203072.0
2013-02-20,27.24,27.78,27.7,26.89,2808848.0,38068080.0
2013-02-19,28.05,28.27,26.99,26.89,3534297.0,47872420.0
2013-02-18,27.74,28.49,28.09,27.34,4682526.0,64876788.0
2013-02-08,26.65,28.07,27.6,26.51,5166180.0,70519984.0
2013-02-07,26.67,26.67,26.59,26.08,1832147.0,23878002.0
2013-02-06,26.87,27.04,26.63,26.43,1743358.0,22933992.0
2013-02-05,26.11,26.79,26.77,25.9,2541374.0,33271674.0
2013-02-04,25.78,26.61,26.35,25.72,2711389.0,35204680.0
2013-02-01,25.38,25.94,25.7,25.34,1214332.0,15459093.0
2013-01-31,25.92,26.29,25.58,25.32,1584746.0,20119280.0
2013-01-30,26.14,26.35,26.06,25.76,1482090.0,19075668.0
2013-01-29,26.02,26.49,26.16,25.68,1951363.0,25299824.0
2013-01-28,25.32,26.18,26.04,25.32,1341074.0,17053010.0
2013-01-25,25.28,25.64,25.28,25.07,1349187.0,16882712.0
2013-01-24,26.51,26.89,25.28,25.13,3189019.0,41069244.0
2013-01-23,26.69,26.87,26.55,25.88,3187066.0,41368812.0
2013-01-22,26.87,28.41,27.05,26.49,5475042.0,74376160.0
2013-01-21,27.05,27.14,26.85,26.53,2561558.0,33904748.0
2013-01-18,26.87,27.14,27.02,26.59,2913714.0,38757416.0
2013-01-17,26.51,27.26,26.81,26.35,3360042.0,44695588.0
2013-01-16,26.71,27.48,26.57,26.0,4287896.0,56724040.0
2013-01-15,26.79,27.14,26.99,26.37,4240067.0,56142556.0
2013-01-14,25.09,26.67,26.55,25.09,3238735.0,41837104.0
2013-01-11,26.12,27.05,25.48,25.4,4339835.0,56210408.0
2013-01-10,26.39,26.49,26.29,25.88,3521784.0,45496176.0
2013-01-09,25.52,27.22,26.39,25.3,6500848.0,84631352.0
2013-01-08,24.83,25.88,25.52,24.67,3804881.0,47568788.0
2013-01-07,24.12,25.03,24.99,23.96,2596150.0,31755828.0
2013-01-04,24.87,25.09,24.12,23.86,2620037.0,31521388.0
2012-12-31,24.77,25.07,24.77,24.61,1900436.0,23320406.0
2012-12-28,24.67,25.05,24.75,24.18,2871781.0,34969036.0
2012-12-27,25.86,26.49,24.69,24.65,3944446.0,49426736.0
2012-12-26,24.81,26.04,25.92,24.59,4699611.0,59205036.0
2012-12-25,24.04,24.93,24.75,23.92,3380101.0,41058008.0
2012-12-24,24.12,24.47,24.18,24.02,1883483.0,22523510.0
2012-12-21,23.76,24.43,24.3,23.29,4676182.0,55381672.0
2012-12-20,23.31,23.94,23.84,22.81,2765031.0,32077572.0
2012-12-19,23.88,24.43,23.52,23.23,2986622.0,34984300.0
2012-12-18,24.67,25.44,23.66,23.27,5791043.0,69183592.0
2012-12-17,22.81,24.99,23.9,22.34,6211173.0,72348048.0
2012-12-14,21.7,22.91,22.81,21.66,3532851.0,39436728.0
2012-12-13,22.16,22.55,21.88,21.84,1967114.0,21580760.0
2012-12-12,22.04,22.53,22.22,21.76,2636524.0,28785510.0
2012-12-11,23.03,23.15,22.3,22.04,3687396.0,41421720.0
2012-12-10,22.65,23.41,23.31,22.34,4020999.0,45672428.0
2012-12-07,21.86,23.46,23.03,21.7,5466607.0,61414988.0
2012-12-06,23.46,23.48,22.43,21.59,5552750.0,61975760.0
2012-12-05,20.0,21.33,21.33,19.65,1096823.0,11370878.0
2012-12-04,19.21,19.51,19.39,18.5,1139861.0,10674958.0
2012-12-03,20.14,20.4,18.89,18.8,835730.0,8165531.0
2012-11-30,20.02,20.5,20.28,19.86,822438.0,8210858.0
2012-11-29,20.22,20.62,20.08,19.9,746204.0,7483155.0
2012-11-28,20.85,20.85,20.42,20.22,1078167.0,10935560.0
2012-11-27,22.77,22.85,20.93,20.81,1546163.0,16577648.0
2012-11-26,23.78,23.96,22.85,22.77,727430.0,8372103.0
2012-11-23,23.6,24.12,23.76,23.6,532690.0,6307213.0
2012-11-22,24.32,24.32,23.86,23.8,611794.0,7243825.0
2012-11-21,24.12,24.59,24.47,23.72,932477.0,11158263.0
2012-11-20,23.96,24.32,24.12,23.72,982710.0,11723931.0
2012-11-19,24.14,24.14,23.96,23.52,615151.0,7228699.0
2012-11-16,24.39,24.39,23.7,23.48,848159.0,9951408.0
2012-11-15,24.93,25.07,24.39,24.29,615990.0,7532559.0
2012-11-14,24.77,25.15,25.13,24.59,595036.0,7335129.0
2012-11-13,25.15,25.28,24.77,24.75,603219.0,7452174.0
2012-11-12,25.03,25.82,25.15,24.87,582562.0,7254552.0
2012-11-09,25.07,25.28,24.97,24.89,676039.0,8374782.0
2012-11-08,26.35,26.35,25.23,25.18,1407572.0,17885038.0
2012-11-07,26.29,26.61,26.57,26.29,489764.0,6415034.0
2012-11-06,26.75,27.04,26.37,26.12,760726.0,9920046.0
2012-11-05,27.12,27.28,26.75,26.67,684687.0,9095904.0
2012-11-02,27.2,27.52,27.16,26.95,1000325.0,13467809.0
2012-11-01,26.29,27.14,27.12,26.29,1228766.0,16304941.0
2012-10-31,26.33,26.33,26.27,25.98,466624.0,6031479.0
2012-10-30,25.98,26.41,26.06,25.94,821036.0,10615104.0
2012-10-29,26.45,26.77,26.04,25.88,697945.0,9048132.0
2012-10-26,27.38,27.46,26.39,26.08,1617883.0,21358092.0
2012-10-25,27.64,27.86,27.38,27.36,753233.0,10261262.0
2012-10-24,27.4,27.84,27.6,27.34,775383.0,10575457.0
2012-10-23,28.63,28.71,27.74,27.66,1640092.0,22756020.0
2012-10-22,28.21,28.59,28.45,28.07,1231793.0,17236400.0
2012-10-19,27.8,28.89,28.59,27.8,1676855.0,23588122.0
2012-10-18,27.44,28.23,28.0,27.44,1182369.0,16364780.0
2012-10-17,27.82,27.98,27.6,27.42,933958.0,12766874.0
2012-10-16,27.7,27.98,27.76,27.32,724019.0,9942252.0
2012-10-15,28.0,28.17,27.68,27.3,1000948.0,13650216.0
2012-10-12,28.86,28.86,27.98,27.54,1217818.0,16985678.0
2012-10-11,29.08,29.54,28.39,28.33,1657202.0,23688856.0
2012-10-10,28.98,29.26,29.22,28.67,1550230.0,22212980.0
2012-10-09,28.21,29.2,28.96,28.19,1582558.0,22553832.0
2012-10-08,28.21,28.79,28.19,28.05,985239.0,13805456.0
2012-09-28,27.46,28.35,28.11,27.46,1088185.0,15057597.0
2012-09-27,26.97,27.82,27.68,26.93,1154960.0,15688356.0
2012-09-26,27.9,27.95,26.93,26.89,785304.0,10592772.0
2012-09-25,28.31,28.69,27.88,27.8,828832.0,11508390.0
2012-09-24,27.68,28.47,28.39,27.22,977967.0,13578085.0
2012-09-21,27.7,28.07,27.74,27.36,1210442.0,16607249.0
2012-09-20,29.36,29.87,27.95,27.9,2170180.0,30820696.0
2012-09-19,29.46,30.11,29.82,29.28,2536678.0,37361520.0
2012-09-18,28.55,29.28,29.08,28.39,1202275.0,17139724.0
2012-09-17,29.56,29.89,28.81,28.77,1387059.0,20069910.0
2012-09-14,30.19,30.19,29.64,29.3,1954652.0,28722012.0
2012-09-13,30.84,30.92,29.79,29.76,3022720.0,45239104.0
2012-09-12,31.08,31.68,30.84,30.49,3114083.0,47628500.0
2012-09-11,30.73,31.28,31.08,30.23,2833843.0,43161740.0
2012-09-10,30.23,32.72,31.06,29.97,6101507.0,94443016.0
2012-09-07,29.66,30.43,30.13,29.48,5382302.0,80118248.0
2012-09-06,29.12,29.62,29.4,29.0,3046031.0,44130872.0
2012-09-05,29.12,30.07,29.44,28.96,4728568.0,68841184.0
2012-09-04,27.68,30.33,29.7,27.66,7551024.0,109980288.0
2012-09-03,27.32,27.86,27.68,26.75,1313025.0,17861110.0
2012-08-31,27.46,27.76,27.36,27.12,1252065.0,16933982.0
2012-08-30,28.33,28.61,27.64,27.05,2316177.0,31817536.0
2012-08-29,28.0,28.91,28.51,27.72,2149547.0,30295524.0
2012-08-28,27.6,28.33,28.09,27.6,1214298.0,16848166.0
2012-08-27,27.7,28.27,27.6,27.52,1373965.0,18948086.0
2012-08-24,28.67,29.04,27.92,27.92,1810850.0,25501366.0
2012-08-23,28.47,29.26,29.18,28.43,1558126.0,22290086.0
2012-08-22,29.48,29.48,28.75,28.41,2208329.0,31602222.0
2012-08-21,28.31,29.99,29.54,28.19,2892825.0,41940916.0
2012-08-20,27.95,28.49,28.31,27.44,1318835.0,18164274.0
2012-08-17,28.47,28.61,28.25,27.9,1045359.0,14586902.0
2012-08-16,28.31,28.81,28.41,28.15,950456.0,13397305.0
2012-08-15,28.89,29.12,28.39,28.37,1413380.0,20080504.0
2012-08-14,28.91,29.4,29.28,28.07,2135868.0,30316534.0
2012-08-13,30.23,30.23,29.16,29.16,2887151.0,42325712.0
2012-08-10,29.74,30.92,30.61,29.52,3132955.0,46827972.0
2012-08-09,29.52,29.89,29.87,29.08,2117052.0,30921252.0
2012-08-08,30.17,30.17,29.52,29.08,2231908.0,32625210.0
2012-08-07,29.72,30.53,30.17,29.66,2810102.0,41725088.0
2012-08-06,28.51,30.13,29.82,28.35,2970591.0,43216836.0
2012-08-03,28.25,28.71,28.69,27.95,2240877.0,31423948.0
2012-08-02,28.27,28.67,28.25,27.76,2009879.0,28023396.0
2012-08-01,27.68,28.47,28.17,27.68,1675884.0,23277774.0
2012-07-31,29.12,29.52,27.62,27.32,2858624.0,39686820.0
2012-07-30,31.24,31.36,29.02,28.91,2321504.0,34699056.0
2012-07-27,30.82,31.4,31.12,30.37,1713613.0,26246446.0
2012-07-26,31.0,31.42,30.7,30.7,1550669.0,23807254.0
2012-07-25,31.54,31.75,31.14,31.12,1607901.0,24989460.0
2012-07-24,31.36,31.79,31.5,31.14,1700493.0,26449016.0
2012-07-23,30.73,31.99,31.52,30.59,2260204.0,35110436.0
2012-07-20,31.54,31.95,30.96,30.9,2235010.0,34641120.0
2012-07-19,31.71,32.11,31.73,31.36,2461487.0,38689616.0
2012-07-18,31.36,31.89,31.68,31.04,2289427.0,35618556.0
2012-07-17,30.33,31.71,31.3,30.13,2495010.0,38491012.0
2012-07-16,33.57,33.77,31.18,30.73,5252113.0,83631448.0
2012-07-13,34.74,34.74,33.61,33.4,4170772.0,70011112.0
2012-07-12,33.79,35.06,34.7,32.88,5927253.0,99559160.0
2012-07-11,33.16,33.89,33.81,33.0,3405226.0,56445728.0
2012-07-10,33.52,33.93,33.12,32.66,4387648.0,72042752.0
2012-07-09,34.54,35.71,33.79,33.75,7389485.0,127802608.0
2012-07-06,34.21,35.33,35.04,32.96,7143870.0,121233592.0
2012-07-05,35.02,35.02,34.17,33.99,5801070.0,98630624.0
2012-07-04,34.86,35.57,35.49,34.07,8815091.0,151255968.0
2012-07-03,33.57,35.89,35.02,33.36,13947741.0,240272240.0
2012-07-02,32.76,34.58,33.69,32.35,9089419.0,151235440.0
2012-06-28,33.3,33.48,31.54,31.44,6179300.0,98912848.0
2012-06-27,32.03,34.88,33.3,31.81,8944897.0,148657056.0
2012-06-26,32.13,32.45,31.91,30.75,4558820.0,71449512.0
2012-06-25,33.71,33.75,32.76,32.51,7476022.0,122301984.0
2012-06-21,31.95,35.39,34.33,31.75,14086101.0,234388832.0
2012-06-20,31.24,33.2,32.25,31.24,7165627.0,115103064.0
2012-06-19,31.38,31.64,31.14,30.84,3084675.0,47489384.0
2012-06-18,30.73,32.31,31.66,30.61,5542045.0,87218896.0
2012-06-15,30.73,31.12,30.51,29.99,2251506.0,33959144.0
2012-06-14,30.78,31.3,30.61,30.43,2477902.0,37748600.0
2012-06-13,30.45,31.1,30.94,30.35,3008122.0,45923588.0
2012-06-12,30.84,30.84,30.33,30.15,2337629.0,35186576.0
2012-06-11,30.35,31.34,31.14,29.93,2784585.0,42363844.0
2012-06-08,31.81,32.03,30.41,30.33,3381145.0,51477160.0
2012-06-07,31.85,32.39,31.46,31.26,3230351.0,50786448.0
2012-06-06,30.94,31.75,31.32,30.86,2259884.0,34935536.0
2012-06-05,30.94,31.48,30.9,30.73,2932090.0,45116220.0
2012-06-04,32.59,32.59,30.75,30.63,5305908.0,83342184.0
2012-06-01,33.47,33.77,33.34,32.8,4610464.0,75998688.0
2012-05-31,33.34,34.64,33.36,33.06,8299304.0,138527152.0
2012-05-30,31.32,34.44,34.21,31.0,11739203.0,192538176.0
2012-05-29,31.14,31.95,31.36,30.98,4093267.0,63566492.0
2012-05-28,31.14,31.14,30.98,29.32,4015787.0,60211908.0
2012-05-25,32.78,32.78,31.42,30.94,4929160.0,77557192.0
2012-05-24,32.23,33.32,32.9,32.03,5094090.0,82349576.0
2012-05-23,33.34,33.34,32.09,31.75,5708033.0,91255872.0
2012-05-22,32.66,33.95,33.36,32.66,4507928.0,74614104.0
2012-05-21,32.72,33.36,32.66,31.79,4534252.0,72758544.0
2012-05-18,33.38,34.58,33.28,32.96,6131253.0,102689888.0
2012-05-17,34.74,34.74,33.77,32.76,7805734.0,129554608.0
2012-05-16,35.99,35.99,34.66,34.17,10008456.0,173496928.0
2012-05-15,34.07,37.0,36.64,33.59,15940085.0,281048576.0
2012-05-14,34.92,34.98,33.75,33.48,6973769.0,117588424.0
2012-05-11,35.16,35.99,34.64,33.71,9831295.0,169339232.0
2012-05-10,35.99,36.52,35.08,34.76,12543478.0,220692080.0
2012-05-09,35.04,37.61,36.72,33.99,18421708.0,326787488.0
2012-05-08,36.2,38.03,35.39,35.0,23863538.0,428741216.0
2012-05-07,33.16,34.7,34.7,32.52,13485267.0,224408560.0
2012-05-04,29.06,31.54,31.54,28.86,6613465.0,100896960.0
2012-05-03,28.31,29.08,28.67,27.74,5433662.0,76167904.0
2012-05-02,28.81,28.94,28.35,27.74,4638584.0,64675932.0
2012-04-27,27.09,29.84,28.79,27.07,6319822.0,89981616.0
2012-04-26,29.48,29.48,27.5,27.36,6254122.0,87287448.0
2012-04-25,30.05,30.75,29.81,29.01,3214208.0,96064336.0
2012-04-24,30.0,30.97,30.68,28.01,3851214.0,114200080.0
2012-04-23,33.15,33.15,30.35,29.93,5853202.0,182614304.0
2012-04-20,32.28,33.98,33.26,31.69,6830862.0,224951888.0
2012-04-19,29.93,32.23,32.23,29.15,6367972.0,197106480.0
2012-04-18,28.3,29.5,29.3,28.0,2737450.0,78635912.0
2012-04-17,29.03,29.38,28.26,27.8,2255383.0,63885104.0
2012-04-13,29.5,30.22,29.55,29.32,3200071.0,95157328.0
2012-04-12,29.26,29.73,29.51,28.61,2776719.0,81365440.0
2012-04-11,29.31,29.7,29.43,29.08,2434878.0,71459872.0
2012-04-10,28.0,30.2,29.86,28.0,3463435.0,100645800.0
2012-04-09,28.7,28.79,28.38,28.2,1760142.0,50048508.0
2012-04-06,29.07,29.09,28.86,28.37,3451608.0,99102944.0
2012-04-05,27.38,29.37,29.2,27.2,4255481.0,120993856.0
2012-03-30,27.71,28.04,27.25,26.88,2471034.0,67670256.0
2012-03-29,29.0,29.74,27.7,27.6,3463591.0,99056584.0
2012-03-28,29.15,30.5,29.6,28.23,4549156.0,133853520.0
2012-03-27,29.3,29.8,29.56,29.08,2271695.0,66903180.0
2012-03-26,28.8,29.51,29.15,28.74,2155874.0,62722704.0
2012-03-23,30.29,30.6,28.9,28.51,3881547.0,115128736.0
2012-03-22,29.56,30.35,30.29,29.56,3968721.0,119226544.0
2012-03-21,31.7,31.7,29.71,28.89,4880847.0,146691584.0
2012-03-20,31.98,32.58,31.56,31.5,3839595.0,123034216.0
2012-03-19,31.3,32.1,31.98,31.15,2022708.0,64103688.0
2012-03-16,31.5,32.25,31.85,30.88,2922265.0,92358016.0
2012-03-15,33.25,33.49,31.47,31.01,5044057.0,162207248.0
2012-03-14,35.63,39.36,34.04,33.21,7839139.0,287533920.0
2012-03-13,35.39,35.95,35.95,34.11,4740407.0,165800912.0
2012-03-12,34.33,35.42,35.35,34.11,4318373.0,150681184.0
2012-03-09,34.95,35.25,34.52,34.4,3329738.0,115725960.0
2012-03-08,34.84,34.95,34.89,34.02,2731308.0,94332640.0
2012-03-07,34.0,35.24,34.79,33.91,3583848.0,124179840.0
2012-03-06,35.18,35.3,34.48,33.2,4334440.0,148385248.0
2012-03-05,35.1,36.18,35.23,34.9,4389325.0,154988064.0
2012-03-02,34.86,35.88,35.39,34.8,3455109.0,121872464.0
2012-03-01,35.08,35.79,35.0,34.9,3369492.0,118836592.0
2012-02-29,36.14,36.9,35.61,34.55,5404646.0,192741872.0
2012-02-28,37.4,37.8,36.02,35.41,5186585.0,188676784.0
2012-02-27,34.55,38.01,37.99,33.91,7722281.0,282409632.0
2012-02-24,31.27,34.55,34.55,31.01,6500656.0,213299744.0
2012-02-23,31.8,32.88,31.45,30.6,7492664.0,236793200.0
2012-02-22,27.4,30.25,30.25,27.35,5627983.0,162320208.0
2012-02-21,27.22,27.54,27.5,26.91,3084435.0,83964312.0
2012-02-20,27.45,28.18,27.54,26.87,4097196.0,112277376.0
2012-02-17,27.7,28.31,27.26,27.0,4176531.0,115412400.0
2012-02-16,26.63,28.39,27.95,26.5,6512148.0,177957248.0
2012-02-15,26.52,27.3,26.82,26.41,5851669.0,157175440.0
2012-02-14,25.8,27.46,26.66,25.71,11407897.0,300310432.0
2012-02-13,25.0,25.07,25.07,24.11,5198517.0,129702608.0
2012-02-10,22.79,22.79,22.79,22.79,441565.0,10063266.0
2012-02-09,20.38,21.12,20.72,20.25,2502139.0,51959904.0
2012-02-08,19.59,20.4,20.35,19.54,1495681.0,29920194.0
2012-02-07,19.91,20.08,19.61,19.4,1084034.0,21337612.0
2012-02-06,20.02,20.44,20.1,19.86,1754034.0,35284960.0
2012-02-03,19.68,20.11,20.04,19.45,1603204.0,31768460.0
2012-02-02,19.39,19.76,19.76,19.26,1259040.0,24610352.0
2012-02-01,19.28,19.65,19.38,19.09,1345993.0,26148702.0
2012-01-31,19.2,19.28,19.22,18.91,702249.0,13388625.0
2012-01-30,19.23,19.74,19.28,19.01,1125166.0,21839846.0
2012-01-20,18.72,19.21,19.0,18.64,999113.0,18996380.0
2012-01-19,18.29,18.84,18.64,18.18,1096976.0,20399940.0
2012-01-18,19.34,19.7,18.25,18.16,1746507.0,33273858.0
2012-01-17,18.5,19.55,19.49,18.11,1680057.0,31848464.0
2012-01-16,18.9,18.93,18.35,18.34,1354522.0,25177656.0
2012-01-13,20.16,20.35,19.2,18.94,1990190.0,38821356.0
2012-01-12,21.0,21.32,20.31,20.28,2510902.0,52020772.0
2012-01-11,20.61,22.22,21.19,20.5,3407373.0,73055440.0
2012-01-10,20.02,20.82,20.75,20.01,2746763.0,56187492.0
2012-01-09,19.21,20.34,20.23,19.05,2256292.0,44602676.0
2012-01-06,18.76,19.58,19.5,18.53,1916933.0,36685580.0
2012-01-05,19.85,19.89,18.78,18.69,2654814.0,51197060.0
2012-01-04,22.2,22.45,20.11,20.11,2946853.0,63655240.0
