date,open,high,close,low,volume,amount
2015-07-10,121.77,126.75,126.75,116.82,14864646.0,494398368.0
2015-07-09,104.72,115.21,115.21,104.72,15804101.0,473324672.0
2015-07-08,95.95,111.69,104.72,95.95,31299638.0,850275456.0
2015-07-07,112.4,117.46,106.63,106.63,19413294.0,575257216.0
2015-07-06,121.54,121.54,118.47,103.74,26896108.0,820785216.0
2015-07-03,107.57,118.02,110.53,97.79,21423868.0,617892096.0
2015-07-02,113.52,119.89,108.65,105.95,25477344.0,764367104.0
2015-07-01,110.15,113.19,113.19,106.03,23334372.0,696067712.0
2015-06-30,89.55,104.04,102.88,86.77,15882167.0,399520512.0
2015-06-29,109.78,110.34,96.4,96.4,12124579.0,320854752.0
2015-06-26,112.44,112.51,107.12,107.12,8612815.0,250165664.0
2015-06-25,133.04,133.64,119.03,119.03,11533446.0,387386272.0
2015-06-24,134.88,138.06,132.26,129.26,10969346.0,389765216.0
2015-06-23,134.88,140.87,133.91,129.45,11747026.0,415297280.0
2015-06-19,150.16,156.2,143.83,143.83,7691490.0,300578432.0
2015-06-18,172.72,172.79,159.79,157.36,10795824.0,477850688.0
2015-06-17,160.58,172.98,172.31,157.36,11266164.0,495774048.0
2015-06-16,157.96,168.15,160.73,156.65,9761214.0,424421504.0
2015-06-15,172.34,172.34,157.92,157.36,10826629.0,469725184.0
2015-06-12,179.34,179.9,172.42,171.15,7894290.0,667679616.0
2015-06-11,172.42,177.95,175.54,166.13,9434140.0,776150848.0
2015-06-10,170.34,175.31,172.21,166.19,8987832.0,738254720.0
2015-06-09,157.46,170.74,170.74,157.46,12203054.0,992851520.0
2015-06-08,164.94,164.94,155.22,154.35,5667320.0,427741440.0
2015-06-05,162.45,168.27,165.21,161.62,6099315.0,486468096.0
2015-06-04,173.46,174.08,160.89,155.03,7981482.0,621929920.0
2015-06-03,170.34,176.49,172.25,165.46,7395761.0,611916032.0
2015-06-02,158.92,169.93,168.39,156.97,7072851.0,559275392.0
2015-06-01,154.72,158.92,157.67,153.52,5345064.0,404645760.0
2015-05-29,153.52,159.87,153.52,141.63,6210875.0,457057280.0
2015-05-28,171.55,172.0,155.93,155.93,9850253.0,780715648.0
2015-05-27,180.94,181.25,173.25,172.73,7346489.0,621535616.0
2015-05-26,174.66,183.64,180.09,172.42,11737670.0,1011170368.0
2015-05-25,164.11,178.22,176.6,162.03,9187555.0,749366144.0
2015-05-22,166.52,170.34,168.12,160.16,11770523.0,945020928.0
2015-05-21,159.12,166.19,164.32,159.12,6034554.0,475091200.0
2015-05-20,158.67,167.33,160.37,158.67,6801127.0,535261120.0
2015-05-19,155.8,161.0,158.38,152.48,6541921.0,491915360.0
2015-05-18,155.8,160.89,158.15,151.65,6305294.0,477867648.0
2015-05-15,155.93,162.01,156.84,148.07,9153180.0,685605504.0
2015-05-14,175.22,176.84,159.58,159.12,8429909.0,677391104.0
2015-05-13,168.26,178.65,174.91,164.92,8592106.0,712261440.0
2015-05-12,168.29,170.8,166.65,163.55,7881940.0,632517440.0
2015-05-11,159.85,170.34,166.15,159.85,6534876.0,520318048.0
2015-05-08,153.52,160.37,158.34,152.69,6098847.0,461446944.0
2015-05-07,157.84,159.1,150.13,149.59,4331462.0,319123808.0
2015-05-06,159.54,169.76,160.72,157.9,8108079.0,639845312.0
2015-05-05,163.69,163.69,159.54,157.9,7706830.0,595582336.0
2015-05-04,193.17,193.17,170.7,170.7,15835038.0,1328512000.0
2015-04-30,172.28,189.66,189.66,168.26,9046528.0,799391488.0
2015-04-29,164.11,175.54,172.42,158.5,8696370.0,694518144.0
2015-04-28,155.8,164.11,164.07,151.56,9213018.0,699760384.0
2015-04-27,143.88,158.31,158.31,142.32,12395258.0,901152192.0
2015-04-24,140.84,147.89,143.92,139.29,7732179.0,535301984.0
2015-04-23,144.69,151.44,142.71,140.22,11910422.0,832834304.0
2015-04-22,135.11,141.9,141.9,130.85,9657318.0,635552256.0
2015-04-21,121.05,129.61,129.0,121.05,4900273.0,296923328.0
2015-04-20,126.95,128.92,120.76,120.49,6294913.0,377509632.0
2015-04-17,134.61,135.94,130.04,127.05,6449517.0,403110592.0
2015-04-16,129.83,140.22,132.95,128.8,6807511.0,441794816.0
2015-04-15,137.13,144.38,137.52,137.13,8624073.0,583941184.0
2015-04-14,128.82,140.84,134.55,120.49,8385151.0,545424576.0
2015-04-13,135.3,140.84,130.44,129.83,10838002.0,701833344.0
2015-04-10,123.06,135.36,131.7,120.34,13816247.0,855650624.0
2015-04-09,114.77,123.06,123.06,109.06,15273434.0,857115968.0
2015-04-08,117.5,118.51,111.86,110.93,10360090.0,565871808.0
2015-04-07,118.68,123.6,117.47,116.81,8095103.0,464886848.0
2015-04-03,114.11,121.73,118.2,112.2,7910386.0,448996832.0
2015-04-02,112.7,115.46,114.11,110.12,10127081.0,549311616.0
2015-04-01,110.93,117.79,112.8,107.81,13725898.0,752776320.0
2015-03-31,109.66,113.63,107.71,106.38,8555194.0,451396512.0
2015-03-30,111.24,111.24,109.66,104.93,7706145.0,401861344.0
2015-03-27,114.25,116.33,110.1,107.19,11566120.0,624322944.0
2015-03-26,103.24,114.25,111.35,100.75,24014442.0,1269706752.0
2015-03-25,95.14,103.87,103.87,93.23,14651760.0,698755392.0
2015-03-24,100.34,100.34,96.28,92.86,10973348.0,514636448.0
2015-03-23,100.34,103.87,100.96,98.05,9664878.0,468599488.0
2015-03-20,95.93,101.17,99.3,95.66,10307437.0,491020608.0
2015-03-19,96.22,97.05,95.85,94.23,6937710.0,319344384.0
2015-03-18,92.67,96.56,96.18,91.01,9071075.0,410010336.0
2015-03-17,94.94,95.52,92.67,91.76,7471160.0,336998656.0
2015-03-16,92.17,95.56,94.48,92.17,5764876.0,261509728.0
2015-03-13,91.49,92.42,92.03,89.35,5067643.0,222762368.0
2015-03-12,95.14,96.35,90.99,90.99,6741477.0,301470432.0
2015-03-11,94.37,96.78,95.56,91.05,8669780.0,390095552.0
2015-03-10,97.86,98.38,95.54,94.56,6088838.0,280962912.0
2015-03-09,95.77,98.16,96.6,93.17,4596122.0,211718720.0
2015-03-06,103.87,103.87,97.74,96.14,8978094.0,427926848.0
2015-03-05,103.66,105.86,104.51,100.77,8625497.0,430234688.0
2015-03-04,100.75,105.42,102.62,100.09,6800002.0,335484096.0
2015-03-03,102.41,106.88,100.71,100.69,8878546.0,443370848.0
2015-03-02,96.02,105.63,104.32,94.12,11838041.0,576589504.0
2015-02-27,95.93,97.59,96.04,94.29,5071293.0,234190848.0
2015-02-26,95.56,96.83,95.93,90.78,8249732.0,372268320.0
2015-02-25,99.05,102.41,95.93,92.9,7875365.0,372778368.0
2015-02-17,98.3,105.63,100.96,94.85,12481737.0,603819392.0
2015-02-16,101.37,103.35,97.97,97.64,9514772.0,455995680.0
2015-02-13,93.48,101.27,100.09,92.25,12753416.0,600699968.0
2015-02-12,90.36,95.56,93.94,87.89,9647804.0,423535424.0
2015-02-11,90.99,94.52,90.59,89.35,8398371.0,371596096.0
2015-02-10,86.52,92.44,91.61,84.78,10631186.0,457971648.0
2015-02-09,94.31,99.44,86.88,86.88,12792627.0,564992256.0
2015-02-06,99.69,103.85,96.53,94.42,9077039.0,434546112.0
2015-02-05,91.4,102.52,102.5,90.01,14366583.0,669428992.0
2015-02-04,99.71,100.13,93.19,92.69,11547047.0,531015616.0
2015-02-03,88.29,96.06,96.06,86.83,10352283.0,463016256.0
2015-02-02,83.92,87.33,87.33,79.56,8759389.0,352423104.0
2015-01-30,83.72,90.36,83.72,82.8,12399898.0,516024576.0
2015-01-29,83.61,89.95,85.44,81.72,13628760.0,565866112.0
2015-01-28,86.25,87.87,84.57,82.08,19312132.0,789680128.0
2015-01-27,74.78,81.72,81.72,74.78,9909182.0,379904800.0
2015-01-26,73.95,77.55,74.29,72.29,10696021.0,383374304.0
2015-01-23,72.04,75.45,74.37,70.8,9908223.0,347169024.0
2015-01-22,70.63,75.99,73.02,69.9,14401036.0,504729088.0
2015-01-21,69.11,72.44,69.34,68.55,16957016.0,572512064.0
2015-01-20,62.07,66.91,66.91,62.07,12691468.0,398159392.0
2015-01-19,57.4,64.27,60.83,56.88,6856108.0,202502240.0
2015-01-16,57.9,60.02,59.35,57.5,3267078.0,92650536.0
2015-01-15,58.58,59.33,58.5,57.98,1439455.0,40660888.0
2015-01-14,59.83,59.83,58.48,58.29,1843569.0,52425500.0
2015-01-13,59.62,60.16,59.99,57.02,4347091.0,122462352.0
2015-01-12,59.02,62.76,60.16,59.02,3877775.0,113678664.0
2015-01-09,60.03,61.39,59.62,59.52,2656790.0,77203040.0
2015-01-08,57.56,62.01,60.99,57.21,5933935.0,172396224.0
2015-01-07,58.35,58.41,57.25,56.88,1725741.0,47669708.0
2015-01-06,56.86,58.79,58.35,56.09,3082642.0,85386608.0
2015-01-05,56.92,56.92,56.84,54.53,2393506.0,64278516.0
2014-12-31,56.09,58.04,56.94,54.45,2163897.0,58833936.0
2014-12-30,58.58,59.33,56.01,55.8,3083415.0,84405136.0
2014-12-29,63.15,63.15,58.17,57.56,5296175.0,151195824.0
2014-12-17,61.78,64.4,62.82,61.03,4431799.0,134498512.0
2014-12-16,62.84,63.57,62.11,60.93,3987547.0,119516216.0
2014-12-15,60.24,65.02,63.84,59.83,6204988.0,187987232.0
2014-12-12,58.19,60.83,60.49,57.77,3709619.0,105958200.0
2014-12-11,57.75,59.06,58.25,56.92,1967698.0,55216676.0
2014-12-10,55.51,58.37,57.75,55.51,2528511.0,69835936.0
2014-12-09,58.12,58.12,55.63,55.61,4753299.0,129008936.0
2014-12-08,59.16,59.29,58.46,57.56,3590931.0,101074688.0
2014-12-05,63.38,63.38,60.03,57.25,4775994.0,140224896.0
2014-12-04,62.32,65.04,63.59,61.78,5495504.0,169313904.0
2014-12-03,63.13,63.13,62.38,61.3,3635148.0,108205344.0
2014-12-02,61.91,63.3,62.98,61.55,3497796.0,105570504.0
2014-12-01,63.32,63.36,62.32,61.24,4265021.0,127514160.0
2014-11-28,64.02,64.02,63.3,62.53,4349470.0,132202488.0
2014-11-27,64.4,65.75,64.05,63.63,5336347.0,165973024.0
2014-11-26,64.4,65.12,64.0,63.65,5261881.0,162530032.0
2014-11-25,64.15,65.0,65.0,63.28,6873927.0,213069504.0
2014-11-24,65.64,65.73,64.15,62.9,10451918.0,322490976.0
2014-11-21,58.41,64.19,64.19,58.25,11684567.0,354737440.0
2014-11-20,58.58,58.79,58.35,57.85,1878468.0,52706868.0
2014-11-19,57.56,59.6,58.98,57.56,2196112.0,62043608.0
2014-11-18,57.58,58.31,57.56,57.36,1360723.0,37844872.0
2014-11-17,56.71,59.0,57.9,56.19,2423296.0,67455936.0
2014-11-14,55.05,57.63,57.34,54.41,2627674.0,70910816.0
2014-11-13,58.73,58.73,55.84,54.7,3797293.0,102477552.0
2014-11-12,58.06,58.77,58.73,57.92,1663158.0,46676352.0
2014-11-11,60.24,60.76,58.06,57.5,2632761.0,74530096.0
2014-11-10,60.87,61.3,59.97,59.83,2478679.0,71787656.0
2014-11-07,62.51,62.94,60.87,60.76,2829647.0,84114544.0
2014-11-06,62.13,62.72,62.32,61.03,2933833.0,87648792.0
2014-11-05,63.21,63.3,62.13,61.7,2476701.0,74224952.0
2014-11-04,60.68,63.32,63.13,60.68,5319134.0,160421824.0
2014-11-03,59.52,60.95,60.58,59.52,2115836.0,61581712.0
2014-10-31,60.35,60.7,59.93,59.2,2354220.0,67729336.0
2014-10-30,60.89,62.24,60.58,60.45,2564878.0,75665816.0
2014-10-29,60.3,61.37,60.83,60.24,2720238.0,79724008.0
2014-10-28,59.58,60.55,60.37,59.14,2208626.0,63890568.0
2014-10-27,60.55,60.55,58.89,58.17,3052300.0,86832512.0
2014-10-24,62.94,62.94,61.18,61.01,2237250.0,66690304.0
2014-10-23,62.32,63.61,62.8,60.7,3227182.0,97117352.0
2014-10-22,62.38,63.15,62.07,61.93,2198931.0,66128220.0
2014-10-21,63.77,64.09,62.53,62.53,3029898.0,91922000.0
2014-10-20,64.05,64.75,64.25,63.73,2014925.0,62323136.0
2014-10-17,64.38,64.9,64.05,62.63,2999039.0,92057752.0
2014-10-16,63.61,65.12,63.77,63.34,3911288.0,121591752.0
2014-10-15,64.61,65.23,63.61,63.05,3602111.0,110578320.0
2014-10-14,66.37,66.66,64.83,64.71,3351278.0,105592504.0
2014-10-13,65.96,66.7,66.39,64.5,3581217.0,113022712.0
2014-10-10,66.37,66.85,66.06,65.71,3079370.0,98103400.0
2014-10-09,67.35,67.51,66.35,65.44,5898546.0,188504032.0
2014-10-08,67.41,67.72,67.35,66.12,4937327.0,158981072.0
2014-09-30,64.98,67.93,67.24,64.71,7086729.0,226790688.0
2014-09-29,64.83,65.31,64.81,64.52,4354875.0,135954416.0
2014-09-26,66.06,66.06,64.9,64.42,4688737.0,146698752.0
2014-09-25,65.52,66.83,66.27,64.94,7237307.0,229769872.0
2014-09-24,64.83,67.1,65.52,64.42,6991713.0,222491120.0
2014-09-23,63.94,65.44,64.98,63.67,5469037.0,170307520.0
2014-09-22,66.18,66.23,64.44,63.88,6172181.0,192647456.0
2014-09-19,64.73,69.8,66.99,64.38,10297751.0,333856384.0
2014-09-18,68.53,68.53,64.73,64.19,10652313.0,336351616.0
2014-09-17,74.78,74.78,68.36,66.33,18227360.0,615432192.0
2014-09-16,69.01,69.01,69.01,69.01,240941.0,8004060.0
2014-09-15,62.74,62.74,62.74,62.74,201625.0,6089075.0
2014-06-20,56.4,57.35,57.02,56.05,4627842.0,126471280.0
2014-06-19,61.37,62.11,56.65,55.9,11078446.0,309842880.0
2014-06-18,62.01,63.67,62.11,61.37,9435725.0,284456320.0
2014-06-17,63.34,63.34,62.01,61.49,8052723.0,241442832.0
2014-06-16,64.5,65.08,63.34,62.51,16131468.0,493340128.0
2014-06-13,57.21,62.57,62.57,56.9,20190860.0,595991488.0
2014-06-12,57.35,58.15,56.88,56.71,3546165.0,97414120.0
2014-06-11,57.58,59.1,57.9,56.96,4539495.0,127230352.0
2014-06-10,57.42,57.94,57.58,56.11,4183079.0,114985320.0
2014-06-09,58.52,59.39,57.44,57.13,4830598.0,134637568.0
2014-06-06,56.71,60.22,59.06,56.34,9421854.0,266950912.0
2014-06-05,56.5,57.25,56.73,55.59,3387156.0,91715320.0
2014-06-04,55.67,57.34,56.44,55.49,3287721.0,89733288.0
2014-06-03,55.84,56.61,55.8,55.49,2496532.0,67336568.0
2014-05-30,56.13,57.02,55.84,55.15,3892051.0,104812072.0
2014-05-29,58.89,58.98,56.13,56.09,6192161.0,171759856.0
2014-05-28,58.04,60.22,59.25,57.75,6443487.0,183641664.0
2014-05-27,60.03,60.03,58.29,57.79,6040411.0,170527376.0
2014-05-26,60.28,61.24,60.24,58.91,6127216.0,176293280.0
2014-05-23,59.95,60.74,60.24,59.45,5227401.0,151000736.0
2014-05-22,58.56,61.03,60.33,58.25,8918453.0,256559808.0
2014-05-21,58.1,58.66,58.48,56.52,3850972.0,106835904.0
2014-05-20,58.39,60.22,58.46,57.77,6195054.0,175809136.0
2014-05-19,56.98,58.17,58.15,55.01,5310453.0,145765696.0
2014-05-16,58.33,59.81,56.98,55.51,7736064.0,214245376.0
2014-05-15,60.87,61.91,58.31,57.75,9050808.0,258583104.0
2014-05-14,61.7,63.05,61.34,60.68,6173299.0,182442608.0
2014-05-13,63.07,64.92,62.11,61.7,8228960.0,249873824.0
2014-05-12,62.32,64.81,64.0,59.2,11819379.0,352772352.0
2014-05-09,61.78,67.68,63.19,61.66,13028439.0,408532832.0
2014-05-08,65.08,65.62,62.49,62.01,10331258.0,314915744.0
2014-05-07,63.21,66.08,65.64,63.19,13947374.0,436760160.0
2014-05-06,61.91,65.64,64.4,60.91,13186288.0,402696352.0
2014-05-05,58.37,64.88,62.92,57.75,14291208.0,426566944.0
2014-04-30,59.0,61.88,59.81,58.48,15588578.0,452574848.0
2014-04-29,51.93,58.27,58.27,50.58,10814967.0,286747584.0
2014-04-28,56.92,56.92,52.97,52.35,10430042.0,269576576.0
2014-04-25,57.11,61.07,58.17,56.63,19126668.0,544874304.0
2014-04-24,51.27,57.52,57.52,50.75,13454829.0,357922976.0
2014-04-23,52.97,55.65,52.29,50.31,8604220.0,220477088.0
2014-04-22,56.98,57.11,52.89,52.33,10065865.0,261899840.0
2014-04-21,54.72,59.84,58.11,54.58,6723913.0,373002368.0
2014-04-18,56.55,56.55,54.93,53.73,4219666.0,223457040.0
2014-04-17,52.59,55.63,55.63,51.66,6917115.0,362148480.0
2014-04-16,46.57,50.57,50.57,46.57,4295793.0,205842512.0
2014-04-15,47.5,47.5,45.97,45.43,1876729.0,84253640.0
2014-04-14,47.81,48.93,47.74,47.31,1539658.0,71840136.0
2014-04-11,46.76,48.17,47.87,45.85,2061936.0,93655928.0
2014-04-10,47.96,47.96,47.24,46.98,1867500.0,85662400.0
2014-04-09,44.86,48.49,47.91,44.86,3224740.0,147536400.0
2014-04-08,43.78,44.98,44.84,43.37,1545336.0,66286272.0
2014-04-04,43.47,44.3,44.29,42.54,1476875.0,62546512.0
2014-04-03,43.24,44.38,43.6,43.22,1582794.0,67145376.0
2014-04-02,44.46,45.02,43.11,42.44,2469407.0,103329296.0
2014-04-01,44.33,45.31,44.76,42.96,1921304.0,82283368.0
2014-03-31,49.15,50.08,44.34,44.33,3217241.0,144098320.0
2014-03-28,49.31,50.78,49.26,49.13,1349378.0,65101012.0
2014-03-27,50.55,50.59,49.48,49.27,1658881.0,80404536.0
2014-03-26,49.42,52.12,51.11,49.42,1810955.0,89847720.0
2014-03-25,49.36,50.6,49.72,48.74,1445540.0,69436896.0
2014-03-24,51.94,51.94,49.91,49.72,2046868.0,100244448.0
2014-03-21,51.32,52.45,51.93,49.53,2179654.0,107554984.0
2014-03-20,55.76,56.05,52.25,52.15,3209920.0,165832320.0
2014-03-19,56.48,57.7,55.74,55.41,2702281.0,148493536.0
2014-03-18,56.15,56.75,56.48,55.35,2232739.0,121362216.0
2014-03-17,53.57,56.64,56.01,53.57,1844500.0,98916696.0
2014-03-14,53.79,54.93,54.42,53.02,1592263.0,83461760.0
2014-03-13,53.27,53.78,53.75,51.64,1234249.0,63610168.0
2014-03-12,53.21,54.21,52.77,51.24,1834754.0,93553312.0
2014-03-11,52.01,55.12,53.76,52.01,2156306.0,112009904.0
2014-03-10,54.73,55.09,52.01,51.84,2437792.0,125549080.0
2014-03-07,57.83,58.75,56.09,55.77,2157978.0,119350656.0
2014-03-06,56.28,58.53,57.72,55.33,2684251.0,148645104.0
2014-03-05,54.93,57.69,56.48,54.52,2769612.0,151595584.0
2014-03-04,55.64,55.76,54.83,53.78,2510801.0,133260984.0
2014-03-03,55.76,57.0,56.23,54.51,2388767.0,129322768.0
2014-02-28,53.48,57.0,56.68,53.48,2811857.0,151399712.0
2014-02-27,59.17,60.05,54.13,54.0,4403998.0,243834480.0
2014-02-26,59.89,60.41,59.27,55.85,3424824.0,194521408.0
2014-02-25,67.89,68.34,61.12,60.41,5307530.0,329814816.0
2014-02-24,65.89,67.12,66.45,62.78,4213174.0,267044368.0
2014-02-21,68.67,71.01,66.06,63.94,6528802.0,425274240.0
2014-02-20,70.73,76.29,69.6,69.48,6751965.0,475576832.0
2014-02-19,70.72,71.97,71.61,68.28,6131716.0,415188256.0
2014-02-18,66.09,72.58,71.72,65.17,9175398.0,626435520.0
2014-02-17,65.87,66.74,65.98,63.57,5648603.0,356618048.0
2014-02-14,60.2,66.06,64.43,59.66,6647378.0,408737504.0
2014-02-13,63.89,64.37,60.2,60.01,5738141.0,346427520.0
2014-02-12,58.32,64.4,64.4,57.62,8860740.0,529816448.0
2014-02-11,60.8,61.75,58.55,58.12,4923298.0,284401856.0
2014-02-10,59.48,61.47,60.16,59.31,4484434.0,262202624.0
2014-02-07,59.89,59.89,59.49,57.45,2712004.0,155081296.0
2014-01-30,58.34,60.72,60.06,57.83,3611077.0,208403760.0
2014-01-29,57.75,60.09,58.27,57.73,3436746.0,196403040.0
2014-01-28,59.75,60.76,57.67,56.38,4289505.0,242068016.0
2014-01-27,54.87,61.54,60.42,54.53,6917972.0,393452192.0
2014-01-24,54.52,57.31,55.99,53.57,3872199.0,209570912.0
2014-01-23,55.16,57.14,55.02,54.84,3961190.0,214860832.0
2014-01-22,54.43,55.99,55.69,52.87,4546451.0,240139888.0
2014-01-21,53.81,55.41,55.41,51.42,6121071.0,316289152.0
2014-01-20,59.72,60.37,54.19,54.01,5508740.0,302499584.0
2014-01-17,59.89,61.34,60.0,58.91,3636449.0,212685264.0
2014-01-16,58.66,62.16,60.41,58.55,6118546.0,358830176.0
2014-01-15,60.01,60.61,59.01,58.72,5097005.0,293303232.0
2014-01-14,59.37,61.65,60.98,58.65,5162412.0,301887104.0
2014-01-13,60.72,60.98,59.89,58.15,4707982.0,272333984.0
2014-01-10,58.86,61.75,60.88,57.86,8598730.0,499361504.0
2014-01-09,58.86,61.83,57.86,57.86,11118056.0,646371264.0
2014-01-08,53.7,56.21,56.21,53.34,4306255.0,230628128.0
2014-01-07,49.77,52.28,51.1,49.77,3798975.0,188736192.0
2014-01-06,52.37,52.66,49.73,48.66,4256198.0,208605408.0
2014-01-03,51.42,53.14,52.78,49.56,5271069.0,261764800.0
2014-01-02,51.11,52.31,51.57,50.32,3775690.0,188544112.0
2013-12-31,50.18,51.84,50.52,49.9,3914228.0,193171936.0
2013-12-30,53.69,53.97,50.81,50.61,5596786.0,281927488.0
2013-12-27,50.61,54.28,53.6,50.6,4863528.0,250078736.0
2013-12-26,58.65,58.68,52.48,52.48,7362672.0,390775488.0
2013-12-25,57.77,59.34,58.31,56.32,5640339.0,315989632.0
2013-12-24,54.19,57.83,56.64,53.95,6777402.0,370106592.0
2013-12-23,51.26,54.72,54.7,48.54,6334049.0,315969440.0
2013-12-20,55.24,56.55,51.94,51.65,5467446.0,287928608.0
2013-12-19,55.24,58.02,54.93,54.73,5722199.0,311576480.0
2013-12-18,63.66,63.66,57.95,57.95,5854600.0,337116672.0
2013-12-17,60.44,64.85,64.38,59.77,8933565.0,535777504.0
2013-12-16,57.67,60.35,59.46,57.67,6506341.0,372003648.0
2013-12-13,55.22,60.29,58.51,54.11,8255245.0,462570944.0
2013-12-12,54.91,58.42,56.01,54.83,7460952.0,411293696.0
2013-12-11,53.78,55.31,55.19,52.69,7218748.0,377960896.0
2013-12-10,61.99,62.47,56.59,56.59,12604318.0,708842176.0
2013-12-09,58.3,62.88,62.88,57.31,12504381.0,737384704.0
2013-12-06,57.0,59.4,57.15,54.78,9810810.0,540558656.0
2013-12-05,62.55,63.48,60.06,60.06,6044317.0,356377664.0
2013-12-04,66.73,77.32,66.73,66.73,11189989.0,754282304.0
2013-11-29,67.33,74.14,74.14,66.92,8649301.0,590810688.0
2013-11-28,60.92,67.4,67.4,59.89,7220175.0,447592576.0
2013-11-27,58.2,61.31,61.27,56.8,6693484.0,383659552.0
2013-11-26,55.66,61.31,58.34,54.94,9116199.0,515651424.0
2013-11-25,51.35,57.46,56.23,50.66,7519160.0,399241152.0
2013-11-22,48.12,53.52,52.24,48.09,8341217.0,414813792.0
2013-11-21,48.95,52.86,48.66,48.66,7853410.0,384772768.0
2013-11-20,45.03,49.78,49.78,44.71,6285782.0,289746592.0
2013-11-19,44.28,45.42,45.26,43.66,4491355.0,193894688.0
2013-11-18,40.74,44.81,44.81,40.32,6892428.0,286735744.0
2013-11-15,41.66,43.35,40.74,40.58,5624689.0,228503184.0
2013-11-14,42.35,44.35,42.55,41.83,5690675.0,236533920.0
2013-11-13,40.41,44.4,43.01,40.3,5597934.0,229421344.0
2013-11-12,41.98,42.51,40.78,39.34,5293215.0,210287776.0
2013-11-11,36.41,40.64,40.64,36.31,3952519.0,148873888.0
2013-11-08,38.3,38.98,36.95,36.76,3778369.0,138208688.0
2013-11-07,38.91,40.15,38.68,37.17,4991617.0,186572112.0
2013-11-06,40.49,42.53,38.62,38.42,7617219.0,300807488.0
2013-11-05,36.2,40.32,40.32,35.68,5796398.0,212459888.0
2013-11-04,35.81,37.38,36.66,34.95,6351517.0,222576096.0
2013-11-01,31.68,35.44,35.44,31.68,6242932.0,206950672.0
2013-10-31,32.94,34.7,32.22,32.1,3791482.0,123486504.0
2013-10-30,31.62,33.5,33.14,31.37,3780694.0,118920040.0
2013-10-29,30.92,31.49,31.33,28.92,4386602.0,128565768.0
2013-10-28,32.56,33.03,31.03,30.93,4909093.0,150694784.0
2013-10-25,34.8,36.43,33.56,33.56,5707228.0,193868528.0
2013-10-24,33.04,34.7,33.77,32.53,2213434.0,72118168.0
2013-10-23,34.8,35.31,33.15,32.01,4466725.0,145283376.0
2013-10-22,33.78,36.53,35.46,33.25,4754559.0,161558608.0
2013-10-21,32.32,34.67,34.06,32.23,4494822.0,145577136.0
2013-10-18,32.96,33.6,32.08,31.82,3043334.0,95171424.0
2013-10-17,32.37,34.38,33.36,31.8,4635762.0,149868096.0
2013-10-16,31.8,34.05,32.44,30.99,6621573.0,209119392.0
2013-10-15,30.34,31.8,31.8,29.43,6435528.0,193577936.0
2013-10-14,28.84,30.03,28.91,28.49,2468973.0,69866208.0
2013-10-11,28.81,29.82,29.16,28.4,3466704.0,97639160.0
2013-10-10,29.54,31.29,28.75,28.5,4993506.0,144791600.0
2013-10-09,30.3,30.67,29.93,29.93,3023927.0,88651432.0
2013-10-08,29.92,30.77,30.77,29.18,4446994.0,128518792.0
2013-09-30,27.88,30.51,30.1,27.45,4611564.0,128783712.0
2013-09-27,26.33,28.75,28.24,25.82,4759933.0,127079352.0
2013-09-26,26.03,27.33,26.25,25.75,4263219.0,109714600.0
2013-09-25,24.81,27.54,26.43,24.63,5601277.0,141196464.0
2013-09-24,24.29,25.14,25.12,24.23,5747208.0,137338112.0
2013-09-23,22.75,24.82,24.82,22.53,8042665.0,188371120.0
2013-09-18,22.72,23.96,22.56,22.46,5419230.0,121876616.0
2013-09-17,21.12,23.24,23.0,20.73,6633010.0,142981664.0
2013-09-16,20.64,21.46,21.13,20.55,2260281.0,45984416.0
2013-09-13,20.16,20.67,20.61,20.16,1561302.0,30912438.0
2013-09-12,20.57,20.86,20.34,20.03,2621704.0,51786008.0
2013-09-11,22.28,22.28,20.58,20.45,4424423.0,89788840.0
2013-09-10,21.39,22.41,22.1,21.39,4160502.0,88429320.0
2013-09-09,21.52,22.06,21.32,21.1,3762877.0,78304368.0
2013-09-06,21.57,22.27,21.97,21.25,5451371.0,114845776.0
2013-09-05,22.1,23.08,22.07,21.61,8809094.0,191531664.0
2013-09-04,20.75,22.62,21.99,20.54,9535928.0,201102896.0
2013-09-03,20.39,20.6,20.57,20.04,2118719.0,41806856.0
2013-09-02,19.83,20.75,20.34,19.21,2571453.0,49975812.0
2013-08-30,21.16,21.42,19.95,19.84,4682102.0,94040688.0
2013-08-29,20.03,21.14,21.07,19.89,3820562.0,76526424.0
2013-08-28,20.75,20.85,20.11,19.94,3826668.0,75873136.0
2013-08-27,21.3,21.56,20.98,20.71,2740915.0,55521656.0
2013-08-26,20.82,21.53,21.29,20.82,2952294.0,60545276.0
2013-08-23,21.58,21.77,20.89,20.61,4349360.0,88839472.0
2013-08-22,21.53,22.19,21.58,21.45,4665904.0,98607736.0
2013-08-21,22.25,22.95,21.84,21.65,8423645.0,180472512.0
2013-08-20,20.75,21.63,21.47,20.65,5343863.0,109568048.0
2013-08-19,19.96,21.11,20.89,19.74,3816983.0,76544080.0
2013-08-16,19.87,21.14,20.17,19.77,4731986.0,94301640.0
2013-08-15,19.73,20.11,20.06,19.65,2261215.0,43623888.0
2013-08-14,20.14,20.23,19.84,19.42,3390770.0,65008672.0
2013-08-13,20.24,20.58,20.23,20.0,1886879.0,37092392.0
2013-08-12,20.65,20.9,20.16,19.94,2991601.0,58605132.0
2013-08-09,20.89,21.26,20.63,20.25,2420104.0,48449760.0
2013-08-08,20.53,21.35,20.89,20.04,3181931.0,64474180.0
2013-08-07,21.48,21.48,20.64,20.58,3896053.0,78894272.0
2013-08-06,21.04,21.53,21.41,20.82,4684468.0,96269296.0
2013-08-05,20.65,21.01,20.82,20.27,3268866.0,65087976.0
2013-08-02,20.86,21.68,20.82,20.54,4564535.0,93273960.0
2013-08-01,19.83,20.87,20.81,19.67,4179136.0,82368904.0
2013-07-31,20.67,20.86,19.83,19.83,3613185.0,70838864.0
2013-07-30,21.26,21.77,20.55,19.88,4019245.0,80690616.0
2013-07-29,21.15,22.0,21.3,20.75,4813396.0,99964424.0
2013-07-26,21.58,22.19,21.25,20.24,6040465.0,124412200.0
2013-07-25,23.41,23.63,21.65,21.58,8632273.0,187613280.0
2013-07-24,21.09,23.41,23.41,20.78,11258029.0,243181200.0
2013-07-23,21.0,21.89,21.28,20.94,6147954.0,127143888.0
2013-07-22,20.19,21.26,20.86,19.98,5765916.0,115074248.0
2013-07-19,20.03,21.46,20.57,19.98,8620406.0,174133392.0
2013-07-18,19.63,20.53,20.05,19.37,4823260.0,93711520.0
2013-07-17,20.7,20.7,19.96,19.83,5875217.0,115161576.0
2013-07-16,20.91,21.09,20.71,20.35,5633621.0,112519872.0
2013-07-15,20.55,21.13,20.98,20.25,6834297.0,137556704.0
2013-07-12,20.23,21.47,20.21,20.2,9889527.0,199211840.0
2013-07-11,19.76,20.14,20.11,19.21,7057601.0,134913488.0
2013-07-10,18.79,20.31,19.99,18.79,9615211.0,184421440.0
2013-07-09,18.58,18.99,18.52,18.09,4506290.0,80522712.0
2013-07-08,18.26,19.21,18.62,17.44,6056810.0,108237544.0
2013-07-05,19.13,20.63,19.07,18.88,9506453.0,182781168.0
2013-07-04,19.33,19.48,19.24,18.6,7095495.0,130983952.0
2013-07-03,18.59,20.45,19.52,18.17,12179532.0,226083664.0
2013-07-02,17.66,19.1,18.64,17.32,9817858.0,173998880.0
2013-07-01,16.51,17.72,17.65,16.51,5327546.0,88854224.0
2013-06-28,17.14,17.51,16.97,16.42,6724797.0,110403296.0
2013-06-27,18.48,18.93,17.76,17.46,7730061.0,136399408.0
2013-06-26,16.95,18.66,18.6,16.93,8262261.0,143850560.0
2013-06-25,16.4,17.48,17.25,15.28,6997009.0,112348112.0
2013-06-24,17.5,18.02,16.66,16.38,5796789.0,96742032.0
2013-06-21,16.66,18.02,17.74,16.66,6168608.0,103723608.0
2013-06-20,18.69,18.97,17.56,17.44,7514151.0,133380776.0
2013-06-19,18.74,19.35,18.61,18.36,8067031.0,146815584.0
2013-06-18,19.5,19.54,19.3,18.08,12378543.0,225419504.0
2013-06-17,17.61,19.08,19.08,17.61,10396734.0,186920256.0
2013-06-14,16.52,17.74,17.35,16.37,9880772.0,164426688.0
2013-06-13,16.26,16.68,16.36,15.05,7092833.0,109045472.0
2013-06-07,16.55,17.35,16.58,16.36,7684001.0,124808736.0
2013-06-06,17.53,17.75,16.86,16.62,8814612.0,146511440.0
2013-06-05,17.18,18.38,17.78,16.84,13797347.0,233497536.0
2013-06-04,18.59,18.86,16.78,16.77,15872635.0,266792992.0
2013-06-03,17.06,18.63,18.63,17.06,11790490.0,207078192.0
2013-05-31,16.6,17.73,16.93,16.44,11229525.0,187470672.0
2013-05-30,16.61,17.14,16.61,16.4,8900315.0,144380416.0
2013-05-29,16.37,18.03,17.09,15.93,13798759.0,225004096.0
2013-05-28,16.61,16.81,16.64,15.85,8909682.0,140761456.0
2013-05-27,16.73,16.98,16.76,16.34,9939555.0,160259808.0
2013-05-24,16.43,16.72,16.49,15.92,9723105.0,153955728.0
2013-05-23,15.7,17.24,16.62,15.68,15289503.0,242156480.0
2013-05-22,14.87,16.68,15.85,14.72,16513828.0,256699776.0
2013-05-21,14.83,15.73,15.16,14.71,13224623.0,194653616.0
2013-05-20,15.08,15.39,15.08,14.46,17980236.0,259088704.0
2013-05-17,13.99,14.45,14.45,13.89,15068624.0,209024192.0
2013-05-16,13.01,13.13,13.13,13.01,4913240.0,62373456.0
2013-05-15,11.52,12.27,11.94,11.48,7269288.0,83830232.0
2013-05-14,11.23,11.73,11.63,10.96,4718101.0,51793228.0
2013-05-13,10.96,11.31,11.3,10.84,3145800.0,34588132.0
2013-05-10,10.96,10.99,10.95,10.78,1361620.0,14638456.0
2013-05-09,10.98,11.01,10.94,10.75,1338099.0,14327844.0
2013-05-08,10.78,11.0,10.98,10.73,1586453.0,17009554.0
2013-05-07,10.92,10.96,10.79,10.64,1529012.0,16203343.0
2013-05-06,10.88,11.01,10.95,10.78,1667253.0,17947332.0
2013-05-03,10.79,10.95,10.89,10.71,2036450.0,21797462.0
2013-05-02,10.52,10.8,10.79,10.43,1440217.0,15128629.0
2013-04-26,10.52,10.61,10.52,10.44,770688.0,7996853.0
2013-04-25,10.47,10.69,10.51,10.4,1317662.0,13741597.0
2013-04-24,10.33,10.57,10.51,10.18,789543.0,8106927.0
2013-04-23,10.56,10.57,10.1,10.1,954502.0,9724494.0
2013-04-22,10.56,10.65,10.6,10.47,1037602.0,10799828.0
2013-04-19,10.35,10.63,10.57,10.27,1971342.0,20435772.0
2013-04-18,10.47,10.47,10.32,10.26,1077708.0,11017285.0
2013-04-17,10.09,10.4,10.28,10.09,970021.0,9815021.0
2013-04-16,9.97,10.45,10.12,9.94,1009163.0,10087428.0
2013-04-15,10.26,10.27,9.97,9.93,462560.0,4560275.0
2013-04-12,10.28,10.48,10.31,10.25,1554201.0,15876025.0
2013-04-11,10.2,10.3,10.26,10.02,701286.0,7023230.0
2013-04-10,10.12,10.21,10.09,9.98,307691.0,3061636.0
2013-04-09,10.02,10.16,10.1,9.98,463316.0,4609413.0
2013-04-08,9.81,10.03,10.02,9.75,322354.0,3153373.0
2013-04-03,10.05,10.12,9.93,9.84,582496.0,5714183.0
2013-04-02,10.3,10.37,10.07,10.0,905867.0,9058624.0
2013-04-01,10.27,10.37,10.3,10.18,292412.0,2963938.0
2013-03-29,10.25,10.29,10.19,10.16,416406.0,4186827.0
2013-03-28,10.58,10.58,10.16,10.15,844774.0,8560001.0
2013-03-27,10.74,10.8,10.62,10.56,752578.0,7919063.0
2013-03-26,10.56,10.92,10.73,10.55,1288387.0,13633486.0
2013-03-25,10.75,10.75,10.66,10.59,560809.0,5885227.0
2013-03-22,10.61,10.82,10.65,10.51,1167610.0,12308553.0
2013-03-21,10.55,10.71,10.61,10.47,831209.0,8671016.0
2013-03-20,10.26,10.58,10.57,10.23,1127346.0,11584800.0
2013-03-19,10.31,10.34,10.27,10.02,748490.0,7521479.0
2013-03-18,10.43,10.49,10.27,10.27,549326.0,5617414.0
2013-03-15,10.39,10.63,10.43,10.31,631309.0,6520556.0
2013-03-14,10.45,10.55,10.43,10.38,502780.0,5183743.0
2013-03-13,10.45,10.55,10.45,10.27,543706.0,5565326.0
2013-03-12,10.86,10.93,10.5,10.35,1457869.0,15259974.0
2013-03-11,10.91,11.0,10.9,10.77,815947.0,8725621.0
2013-03-08,10.98,11.21,10.91,10.87,1175137.0,12739144.0
2013-03-07,11.12,11.37,11.01,10.96,2295999.0,25314880.0
2013-03-06,10.96,11.2,11.16,10.96,2374680.0,25987380.0
2013-03-05,10.8,11.02,10.96,10.67,2979295.0,31974328.0
2013-03-04,11.19,11.4,11.08,11.04,2792591.0,30849014.0
2013-03-01,11.03,11.24,11.21,11.03,1837594.0,20230484.0
2013-02-28,10.81,11.11,11.11,10.73,1838492.0,19866712.0
2013-02-27,10.69,10.82,10.77,10.68,943830.0,10007402.0
2013-02-26,10.81,10.96,10.65,10.65,1060743.0,11326476.0
2013-02-25,10.8,10.89,10.85,10.74,1126406.0,12016364.0
2013-02-22,10.98,11.11,10.8,10.8,1231208.0,13330422.0
2013-02-21,11.24,11.34,11.04,11.03,2365868.0,26034182.0
2013-02-20,11.15,11.31,11.28,11.07,1692613.0,18695676.0
2013-02-19,11.34,11.35,11.11,10.97,2527460.0,27766364.0
2013-02-18,10.95,11.41,11.3,10.84,3008994.0,32913236.0
2013-02-08,10.74,10.93,10.91,10.71,1782496.0,19039724.0
2013-02-07,10.7,10.78,10.76,10.61,955776.0,10078524.0
2013-02-06,10.61,10.79,10.77,10.56,1106658.0,11688120.0
2013-02-05,10.51,10.63,10.61,10.37,1000669.0,10401222.0
2013-02-04,10.54,10.55,10.49,10.3,1136820.0,11701160.0
2013-02-01,10.38,10.53,10.47,10.33,1050566.0,10838727.0
2013-01-31,10.44,10.49,10.44,10.31,935973.0,9590025.0
2013-01-30,10.47,10.52,10.45,10.33,1029670.0,10588368.0
2013-01-29,10.41,10.53,10.47,10.36,1113423.0,11472840.0
2013-01-28,10.12,10.43,10.42,10.12,1052390.0,10691988.0
2013-01-25,10.11,10.26,10.14,10.11,813422.0,8152386.0
2013-01-24,10.48,10.67,10.14,10.12,1623480.0,16573909.0
2013-01-23,10.57,10.68,10.43,10.2,1793739.0,18463034.0
2013-01-22,11.02,11.04,10.61,10.61,1583870.0,16866148.0
2013-01-21,11.03,11.13,11.04,10.92,1493587.0,16204868.0
2013-01-18,10.86,11.11,11.07,10.8,1678681.0,18125880.0
2013-01-17,10.88,10.97,10.86,10.79,1335304.0,14297541.0
2013-01-16,11.06,11.16,10.96,10.77,2387650.0,25774408.0
2013-01-15,11.05,11.55,11.17,11.05,4169713.0,46456824.0
2013-01-14,10.55,10.95,10.95,10.41,3691183.0,39204788.0
2013-01-11,10.54,10.73,10.52,10.37,2184270.0,22752518.0
2013-01-10,10.62,10.7,10.54,10.47,1567348.0,16359105.0
2013-01-09,10.67,10.83,10.62,10.5,1923271.0,20250334.0
2013-01-08,10.71,10.86,10.72,10.56,2541845.0,26849270.0
2013-01-07,10.45,10.85,10.71,10.37,2769165.0,29151566.0
2013-01-04,10.6,10.64,10.46,10.3,1815126.0,18724532.0
2012-12-31,10.54,10.58,10.34,10.25,1806874.0,18461038.0
2012-12-28,10.31,10.64,10.47,10.27,2651929.0,27371468.0
2012-12-27,10.77,10.89,10.3,10.28,3621752.0,37431708.0
2012-12-26,10.33,10.84,10.78,10.16,5376440.0,55929560.0
2012-12-25,9.69,10.41,10.33,9.68,4586536.0,45750440.0
2012-12-24,9.48,9.73,9.73,9.32,2414441.0,22829960.0
2012-12-21,9.27,9.63,9.45,9.14,2773544.0,25673006.0
2012-12-20,9.0,9.25,9.21,8.95,1958993.0,17703094.0
2012-12-19,8.94,9.1,9.04,8.93,782703.0,6952661.0
2012-12-18,9.03,9.11,8.99,8.93,940947.0,8373791.0
2012-12-17,9.02,9.13,9.03,9.0,1434646.0,12800759.0
2012-12-14,8.59,9.06,9.01,8.59,1536984.0,13459180.0
2012-12-13,8.72,8.77,8.59,8.53,492548.0,4206708.0
2012-12-12,8.76,8.82,8.75,8.6,758061.0,6515024.0
2012-12-11,8.72,8.96,8.78,8.64,1292036.0,11150473.0
2012-12-10,8.63,8.82,8.79,8.6,1218281.0,10463963.0
2012-12-07,8.5,8.72,8.65,8.42,1037120.0,8780238.0
2012-12-06,8.48,8.58,8.45,8.4,690301.0,5770205.0
2012-12-05,8.17,8.58,8.52,8.13,1227891.0,10241671.0
2012-12-04,8.03,8.24,8.22,7.89,533959.0,4247551.0
2012-12-03,8.31,8.31,8.07,8.05,410975.0,3319780.0
2012-11-30,8.2,8.33,8.3,8.12,414672.0,3376576.0
2012-11-29,8.27,8.35,8.16,8.13,451223.0,3677125.0
2012-11-28,8.38,8.42,8.27,8.2,512733.0,4171629.0
2012-11-27,8.86,8.89,8.38,8.35,1122201.0,9462829.0
2012-11-26,8.93,9.03,8.89,8.87,576451.0,5079474.0
2012-11-23,8.94,9.06,8.93,8.91,619756.0,5487335.0
2012-11-22,9.01,9.05,8.97,8.93,557739.0,4936593.0
2012-11-21,8.93,9.07,9.06,8.85,736789.0,6504839.0
2012-11-20,8.84,8.98,8.97,8.82,1284696.0,11280085.0
2012-11-19,8.89,8.89,8.84,8.64,1333726.0,11510371.0
2012-11-16,9.59,9.59,8.92,8.84,2761119.0,24490126.0
2012-11-15,9.89,9.94,9.75,9.74,524441.0,5078068.0
2012-11-14,9.8,9.96,9.94,9.75,499145.0,4855531.0
2012-11-13,9.96,9.96,9.8,9.74,533723.0,5164244.0
2012-11-12,9.83,9.99,9.95,9.83,386222.0,3778276.0
2012-11-09,9.84,9.88,9.81,9.77,382925.0,3711052.0
2012-11-08,10.04,10.04,9.82,9.82,981549.0,9594116.0
2012-11-07,10.01,10.17,10.13,9.99,725488.0,7220433.0
2012-11-06,10.1,10.14,10.03,9.9,661798.0,6514616.0
2012-11-05,10.23,10.29,10.12,10.02,965322.0,9622012.0
2012-11-02,10.16,10.31,10.24,10.12,1089646.0,11003294.0
2012-11-01,9.98,10.2,10.15,9.97,869386.0,8670339.0
2012-10-31,10.0,10.02,10.01,9.87,522966.0,5133568.0
2012-10-30,9.96,10.07,9.96,9.92,636018.0,6261884.0
2012-10-29,9.81,9.98,9.94,9.74,614928.0,6004596.0
2012-10-26,10.18,10.18,9.84,9.8,1321487.0,12930922.0
2012-10-25,10.2,10.33,10.18,10.17,663091.0,6698132.0
2012-10-24,10.17,10.31,10.22,10.17,759700.0,7652927.0
2012-10-23,10.4,10.49,10.27,10.26,999592.0,10209654.0
2012-10-22,10.3,10.49,10.43,10.23,800515.0,8183345.0
2012-10-19,10.25,10.47,10.4,10.25,1390460.0,14211450.0
2012-10-18,10.09,10.35,10.3,10.09,1462838.0,14818961.0
2012-10-17,10.11,10.21,10.09,9.98,670710.0,6679688.0
2012-10-16,10.02,10.2,10.11,9.99,681033.0,6782800.0
2012-10-15,10.2,10.29,10.02,9.9,1134730.0,11235575.0
2012-10-12,10.23,10.35,10.28,10.1,958185.0,9658112.0
2012-10-11,10.54,10.54,10.21,10.21,1757140.0,17899340.0
2012-10-10,10.43,10.71,10.57,10.38,1808422.0,18795094.0
2012-10-09,10.12,10.5,10.44,10.12,1555357.0,15933069.0
2012-10-08,10.12,10.29,10.18,10.05,1266978.0,12695048.0
2012-09-28,10.04,10.24,10.16,9.9,1779583.0,17723402.0
2012-09-27,9.67,10.17,10.17,9.65,2135648.0,20985274.0
2012-09-26,9.87,9.94,9.66,9.62,1165398.0,11230221.0
2012-09-25,10.12,10.21,9.88,9.82,1491678.0,14648733.0
2012-09-24,9.94,10.28,10.22,9.85,1170820.0,11664106.0
2012-09-21,10.31,10.39,10.06,10.05,1542727.0,15534988.0
2012-09-20,10.94,10.94,10.35,10.2,2472634.0,25570068.0
2012-09-19,10.93,11.01,10.94,10.82,1332322.0,14352801.0
2012-09-18,10.7,10.98,10.92,10.67,1651139.0,17687926.0
2012-09-17,11.13,11.14,10.76,10.74,2024024.0,21765928.0
2012-09-14,11.46,11.52,11.14,10.99,3324399.0,36613640.0
2012-09-13,11.77,12.04,11.33,11.25,5962467.0,68214120.0
2012-09-12,11.46,11.95,11.74,11.35,5572008.0,64115636.0
2012-09-11,11.59,11.7,11.47,11.35,3710207.0,42065800.0
2012-09-10,11.52,12.03,11.75,11.16,7046296.0,80623664.0
2012-09-07,11.49,11.97,11.52,11.41,8262850.0,94749696.0
2012-09-06,11.53,11.82,11.48,11.35,7457394.0,84604640.0
2012-09-05,11.34,11.85,11.7,11.06,12341487.0,139769632.0
2012-09-04,10.23,11.27,11.27,10.22,9368907.0,101625920.0
2012-09-03,10.01,10.27,10.25,9.95,1150036.0,11503383.0
2012-08-31,9.84,10.05,9.97,9.79,833872.0,8178481.0
2012-08-30,10.2,10.41,9.96,9.74,1558539.0,15463699.0
2012-08-29,10.12,10.45,10.2,10.04,1555771.0,15752278.0
2012-08-28,10.0,10.19,10.14,9.98,1517713.0,15079179.0
2012-08-27,10.23,10.23,9.98,9.94,990217.0,9826169.0
2012-08-24,10.55,10.55,10.22,10.22,1581245.0,16161829.0
2012-08-23,10.37,10.6,10.58,10.32,1922615.0,19874788.0
2012-08-22,10.29,10.61,10.44,10.17,2378805.0,24441140.0
2012-08-21,9.97,10.34,10.24,9.97,1707499.0,17431292.0
2012-08-20,9.79,9.99,9.97,9.79,430010.0,4257285.0
2012-08-17,9.78,9.9,9.87,9.78,502619.0,4946828.0
2012-08-16,10.0,10.05,9.82,9.82,729959.0,7255979.0
2012-08-15,10.23,10.23,10.02,10.0,1142159.0,11515171.0
2012-08-14,10.1,10.28,10.28,9.98,1103713.0,11199707.0
2012-08-13,10.22,10.34,10.11,10.05,1610215.0,16439945.0
2012-08-10,10.25,10.4,10.27,10.13,2432923.0,25026688.0
2012-08-09,9.95,10.16,10.11,9.9,1500925.0,15096322.0
2012-08-08,9.98,10.07,9.96,9.85,797325.0,7931743.0
2012-08-07,9.95,10.04,9.98,9.85,1318013.0,13100591.0
2012-08-06,9.6,10.05,9.98,9.59,1532184.0,15062789.0
2012-08-03,9.42,9.67,9.67,9.42,1006744.0,9652710.0
2012-08-02,9.55,9.62,9.4,9.32,794461.0,7534917.0
2012-08-01,9.48,9.66,9.58,9.48,860864.0,8242792.0
2012-07-31,9.7,9.85,9.48,9.46,1169805.0,11176145.0
2012-07-30,10.06,10.15,9.78,9.72,1015656.0,10095659.0
2012-07-27,10.12,10.18,10.05,10.04,844795.0,8532899.0
2012-07-26,10.2,10.4,10.06,10.05,1070390.0,10967249.0
2012-07-25,10.15,10.56,10.29,9.95,1741826.0,18049378.0
2012-07-24,9.98,10.25,10.2,9.91,644379.0,6522099.0
2012-07-23,10.1,10.1,10.03,9.96,632931.0,6341943.0
2012-07-20,10.19,10.37,10.16,10.12,1340962.0,13760324.0
2012-07-19,10.06,10.35,10.18,10.05,1229154.0,12569494.0
2012-07-18,10.12,10.13,10.11,9.86,935813.0,9359958.0
2012-07-17,10.07,10.16,10.14,9.95,955061.0,9613036.0
2012-07-16,10.62,10.66,10.08,10.06,1623067.0,16619756.0
2012-07-13,10.79,10.84,10.58,10.55,1616272.0,17272066.0
2012-07-12,10.74,10.93,10.88,10.51,1959533.0,21068542.0
2012-07-11,11.14,11.18,10.8,10.6,3091223.0,33409024.0
2012-07-10,11.14,11.33,11.14,11.1,1664714.0,18642508.0
2012-07-09,11.41,11.47,11.15,11.12,2705924.0,30547948.0
2012-07-06,11.86,11.9,11.6,11.28,4487169.0,51679560.0
2012-07-05,11.98,11.98,11.84,11.68,3249863.0,38293644.0
2012-07-04,12.05,12.2,12.05,11.85,5195164.0,62402272.0
2012-07-03,11.65,12.18,12.14,11.61,7827045.0,93463104.0
2012-07-02,11.59,11.75,11.65,11.49,3481561.0,40424228.0
2012-06-29,11.37,11.65,11.59,11.08,4289281.0,48647644.0
2012-06-27,11.27,12.17,11.74,11.25,7508894.0,88467928.0
2012-06-26,11.15,11.37,11.27,11.03,1532606.0,17135446.0
2012-06-25,11.48,11.51,11.2,11.15,1847143.0,20980392.0
2012-06-21,11.56,11.59,11.51,11.37,1905438.0,21837898.0
2012-06-20,11.35,11.68,11.6,11.35,3483780.0,40205388.0
2012-06-19,11.57,11.58,11.34,11.3,2253437.0,25751414.0
2012-06-18,11.45,11.6,11.56,11.39,2604000.0,29967390.0
2012-06-15,11.4,11.53,11.38,11.28,2143240.0,24371780.0
2012-06-14,11.44,11.64,11.44,11.39,2964917.0,34133588.0
2012-06-13,11.35,11.46,11.44,11.28,2853681.0,32504594.0
2012-06-12,11.3,11.39,11.33,11.23,2918557.0,32964522.0
2012-06-11,11.57,11.59,11.42,11.22,3371848.0,38295964.0
2012-06-08,11.86,11.86,11.51,11.45,4303370.0,49899280.0
2012-06-07,11.91,11.94,11.82,11.76,4200787.0,49673628.0
2012-06-06,11.83,11.98,11.82,11.71,5823046.0,68876816.0
2012-06-05,12.21,12.47,11.93,11.82,15508627.0,186439920.0
