date,open,high,close,low,volume,amount
2015-04-10,73.61,78.9,78.9,70.59,10593492.0,809066880.0
2015-04-09,65.55,72.1,71.73,65.24,8394960.0,567262464.0
2015-04-08,67.22,68.0,65.8,64.6,4127983.0,272315904.0
2015-04-07,65.81,69.55,67.58,63.69,5838633.0,391395904.0
2015-04-03,61.42,66.8,65.44,60.75,6961009.0,449748864.0
2015-04-02,59.0,63.17,62.37,58.5,8235277.0,497757184.0
2015-04-01,57.15,57.79,57.5,56.55,2915310.0,166990112.0
2015-03-31,57.0,57.79,57.0,56.56,3436800.0,196280448.0
2015-03-30,58.2,58.28,57.2,56.52,4723435.0,270145696.0
2015-03-27,56.65,59.1,58.53,56.65,5409300.0,315129888.0
2015-03-26,57.5,59.8,56.75,56.11,5962982.0,347017664.0
2015-03-25,57.08,58.6,57.4,55.81,4854971.0,278090400.0
2015-03-24,58.0,58.37,57.23,55.48,6366016.0,364321856.0
2015-03-23,54.0,59.49,58.75,53.4,9687765.0,538473088.0
2015-03-20,55.36,56.2,54.85,54.15,3928585.0,216199632.0
2015-03-19,54.55,56.14,55.35,54.4,4133420.0,228396304.0
2015-03-18,53.63,54.6,54.55,53.2,4062448.0,219274256.0
2015-03-17,54.5,54.98,53.66,53.18,3762111.0,202779392.0
2015-03-16,52.01,54.46,54.0,52.01,5022815.0,269933408.0
2015-03-13,51.58,52.49,51.59,50.92,2548538.0,132213000.0
2015-03-12,51.01,51.51,51.5,49.89,3200681.0,161513696.0
2015-03-11,51.97,51.98,51.0,50.72,2717084.0,138741936.0
2015-03-10,52.08,53.09,51.88,51.75,3008943.0,157632128.0
2015-03-09,52.08,52.79,52.6,50.22,4456959.0,228580432.0
2015-03-06,54.69,55.5,52.47,52.37,3860480.0,206498256.0
2015-03-05,53.06,57.13,54.8,53.05,7149907.0,396442304.0
2015-03-04,52.8,53.37,52.99,52.26,2330304.0,123190376.0
2015-03-03,54.98,54.98,52.78,52.7,4381244.0,234588304.0
2015-03-02,52.83,55.79,55.0,52.21,5969382.0,323246272.0
2015-02-27,52.9,53.47,53.2,52.12,2710290.0,143433408.0
2015-02-26,52.7,53.77,52.88,52.0,2975556.0,157403424.0
2015-02-25,53.66,53.66,52.69,52.5,2891655.0,153312768.0
2015-02-17,53.8,53.97,53.82,52.24,5254982.0,278463232.0
2015-02-16,53.5,56.4,54.55,53.25,6644005.0,364773184.0
2015-02-13,52.8,56.9,53.8,52.71,9562393.0,517156288.0
2015-02-12,52.08,57.77,54.5,52.08,9961417.0,549440384.0
2015-02-11,49.4,54.98,53.65,48.01,13016272.0,676468224.0
2015-02-10,45.99,50.6,49.98,45.8,9603873.0,479200960.0
2015-02-09,46.7,47.4,46.0,45.75,1359661.0,63323828.0
2015-02-06,46.5,46.88,46.81,45.33,2182586.0,100496632.0
2015-02-05,48.0,48.39,46.5,46.5,2265836.0,107468592.0
2015-02-04,48.0,49.76,47.9,47.85,2569713.0,125445464.0
2015-02-03,47.95,48.53,48.32,47.21,2785257.0,134031824.0
2015-02-02,46.5,48.8,47.94,45.55,2727208.0,129837880.0
2015-01-30,47.45,48.85,47.65,47.2,2728342.0,130796336.0
2015-01-29,48.2,48.92,47.52,47.52,3519259.0,169371520.0
2015-01-28,45.8,50.58,49.03,45.02,9723338.0,467627136.0
2015-01-27,45.52,46.77,46.0,45.49,3429228.0,158181936.0
2015-01-26,45.32,45.96,45.51,44.88,2369440.0,107849728.0
2015-01-23,46.7,46.79,44.98,44.87,4321576.0,196599632.0
2015-01-22,46.58,47.49,46.8,46.3,4054602.0,189618736.0
2015-01-21,47.2,48.17,46.56,46.23,5863196.0,275169152.0
2015-01-20,45.4,47.3,47.1,45.1,7567754.0,352420864.0
2015-01-19,45.2,47.3,45.5,44.18,9686671.0,443295424.0
2015-01-16,39.97,43.97,43.97,39.5,7923124.0,338751584.0
2015-01-15,38.11,40.26,39.97,38.11,2338174.0,92376472.0
2015-01-14,40.06,40.37,39.5,39.46,1647562.0,65629996.0
2015-01-13,39.56,40.18,39.92,39.51,1691377.0,67430848.0
2015-01-12,40.4,40.43,39.58,39.18,2161868.0,86041504.0
2015-01-09,40.5,41.2,40.72,40.35,1734834.0,70775376.0
2015-01-08,40.83,41.51,40.69,40.58,2093235.0,85919904.0
2015-01-07,41.7,41.9,40.99,40.85,1988643.0,81709536.0
2015-01-06,40.18,42.09,41.88,39.85,3573124.0,146381664.0
2015-01-05,40.9,41.45,40.2,39.7,2489512.0,100215096.0
2014-12-31,40.61,41.53,41.11,40.46,2265924.0,93058448.0
2014-12-30,40.55,41.54,40.31,40.15,1880107.0,76441632.0
2014-12-29,41.69,41.69,40.54,40.12,2964618.0,120331056.0
2014-12-26,42.43,42.5,42.0,41.55,2395413.0,100395168.0
2014-12-25,43.21,43.6,42.7,42.0,2295512.0,98018264.0
2014-12-24,42.0,42.82,42.8,41.95,1930856.0,82023376.0
2014-12-23,41.8,42.95,41.49,41.02,2123784.0,89631896.0
2014-12-22,44.59,44.6,41.39,40.51,4039919.0,172779536.0
2014-12-19,46.0,46.1,44.88,44.7,3628106.0,163214032.0
2014-12-18,46.02,47.2,46.39,45.98,2283498.0,106378264.0
2014-12-17,47.6,47.62,46.35,45.7,3344584.0,155218944.0
2014-12-16,48.04,49.28,47.64,47.3,4934348.0,237606464.0
2014-12-15,45.67,48.5,48.18,45.52,7000393.0,332931232.0
2014-12-12,46.43,46.58,45.95,45.25,2731924.0,124945920.0
2014-12-11,45.11,47.1,46.39,45.11,4345560.0,202121616.0
2014-12-10,44.1,45.32,45.07,43.72,2641500.0,118097880.0
2014-12-09,44.5,45.49,43.85,43.78,4162835.0,185795216.0
2014-12-08,45.56,45.65,44.94,44.7,4243441.0,191359968.0
2014-12-05,47.6,47.6,45.89,45.45,7265107.0,334881344.0
2014-12-04,48.3,48.74,47.9,47.7,4542935.0,218095232.0
2014-12-03,47.43,48.38,48.2,46.51,6129560.0,292145184.0
2014-12-02,46.06,47.6,47.25,46.06,4913278.0,231239312.0
2014-12-01,46.59,46.59,45.9,45.3,4738317.0,216835312.0
2014-11-28,47.7,47.7,46.65,46.58,5652625.0,265339888.0
2014-11-27,47.11,48.38,47.72,47.11,5148905.0,246361936.0
2014-11-26,46.7,47.39,46.84,46.36,4075118.0,190559312.0
2014-11-25,47.55,47.94,46.88,46.08,4883529.0,228315344.0
2014-11-24,48.28,48.69,47.6,47.33,4951477.0,236762624.0
2014-11-21,47.68,48.96,48.04,47.16,4466192.0,215250640.0
2014-11-20,46.89,47.77,47.61,46.71,3955843.0,187297280.0
2014-11-19,46.3,47.21,47.18,45.9,3843457.0,179425792.0
2014-11-18,46.3,46.76,46.33,45.58,3734443.0,172315872.0
2014-11-17,45.8,47.46,46.38,45.5,4177444.0,194880096.0
2014-11-14,49.11,49.9,46.28,45.08,8227153.0,389488768.0
2014-11-13,51.0,52.26,49.95,49.26,12286581.0,622995456.0
2014-11-12,48.1,52.97,52.97,47.01,19717642.0,1012750144.0
2014-11-11,45.72,49.49,48.15,45.72,12553546.0,602665216.0
2014-11-10,46.18,46.6,45.99,45.58,3185574.0,146478864.0
2014-11-07,46.36,46.98,46.4,45.79,4484403.0,208164384.0
2014-11-06,45.3,46.75,46.29,45.3,3500245.0,161457456.0
2014-11-05,45.56,46.07,45.62,45.03,2606160.0,118975312.0
2014-11-04,47.89,47.99,45.8,45.76,4826193.0,224929232.0
2014-11-03,47.6,48.64,47.73,47.24,4192056.0,200377376.0
2014-10-31,46.68,48.65,47.5,46.12,6324931.0,300839712.0
2014-10-30,46.61,46.86,46.36,46.0,3072237.0,142650528.0
2014-10-29,47.3,48.8,46.6,46.24,6708126.0,316736672.0
2014-10-28,44.02,46.12,45.99,44.02,3098433.0,140795616.0
2014-10-27,45.2,45.2,44.67,42.84,4071646.0,179063888.0
2014-10-24,46.48,46.98,45.48,45.3,3464776.0,159760592.0
2014-10-23,45.95,47.47,46.63,45.5,3733999.0,173010768.0
2014-10-22,48.02,48.69,46.55,46.4,4308811.0,204984416.0
2014-10-21,46.78,48.47,48.29,46.22,5416541.0,258205936.0
2014-10-20,46.47,47.55,46.93,46.01,2894913.0,135864448.0
2014-10-17,47.48,47.65,46.7,45.02,5846003.0,271294368.0
2014-10-16,48.0,49.57,47.8,47.7,4324142.0,210791760.0
2014-10-15,48.0,48.96,48.1,47.0,4870815.0,233617296.0
2014-10-14,50.8,51.1,48.57,48.41,6165454.0,306460480.0
2014-10-13,48.4,51.55,50.76,48.2,6318282.0,318247040.0
2014-10-10,48.83,50.15,48.76,48.5,5771905.0,283977376.0
2014-10-09,46.45,50.35,49.59,45.9,9665255.0,464977664.0
2014-10-08,45.56,46.69,46.53,44.92,4571265.0,209576048.0
2014-09-30,45.29,45.75,45.42,44.88,2770112.0,125470808.0
2014-09-29,44.93,45.8,45.38,44.52,4361472.0,197048784.0
2014-09-26,47.0,47.0,44.93,44.48,6244342.0,282379360.0
2014-09-25,47.32,47.99,46.65,46.36,4750061.0,222821104.0
2014-09-24,46.9,47.6,47.35,46.6,5317082.0,250247088.0
2014-09-23,45.59,48.1,47.45,45.53,7910298.0,373579136.0
2014-09-22,46.6,47.15,45.45,45.4,5593885.0,259361200.0
2014-09-19,47.06,48.46,47.3,46.3,5334243.0,254250224.0
2014-09-18,46.2,48.19,47.66,45.68,6220595.0,291502688.0
2014-09-17,47.63,47.99,46.48,45.2,7887906.0,367178976.0
2014-09-16,48.24,50.5,48.25,47.44,10519199.0,515327072.0
2014-09-15,50.2,50.35,48.13,47.5,10158341.0,491594688.0
2014-09-12,50.88,51.78,50.51,50.2,6116714.0,310919680.0
2014-09-11,51.26,52.62,51.31,49.5,9659564.0,489804416.0
2014-09-10,47.0,51.85,51.26,46.64,12121218.0,607373120.0
2014-09-09,45.38,48.69,47.14,44.88,9502948.0,444425120.0
2014-09-05,44.75,47.0,45.93,44.32,11638995.0,529911296.0
2014-09-04,44.54,45.87,44.28,44.01,10506296.0,469307264.0
2014-09-03,43.7,45.08,44.99,42.99,10738376.0,471769472.0
2014-09-02,41.29,45.2,43.7,41.28,15215180.0,660937280.0
2014-09-01,41.02,41.79,41.21,40.0,10768196.0,439944800.0
2014-08-29,40.81,42.98,40.99,40.25,17473644.0,724817600.0
2014-08-28,41.8,42.38,39.21,38.98,16021432.0,657275456.0
2014-08-27,39.9,41.92,41.92,39.9,14923371.0,614643456.0
2014-08-26,38.0,38.96,38.11,37.0,18471468.0,703545536.0
2014-08-25,35.99,38.1,38.1,35.61,19784046.0,729558592.0
2014-08-22,33.2,34.98,34.64,32.91,13693175.0,467246496.0
2014-08-21,33.24,33.86,33.3,32.82,6547836.0,218122960.0
2014-08-20,32.3,33.88,33.52,32.08,11666674.0,386527392.0
2014-08-19,32.5,32.64,32.31,32.12,4060126.0,131449128.0
2014-08-18,32.15,32.47,32.42,32.08,4350534.0,140601040.0
2014-08-15,31.86,32.3,32.08,31.73,2894479.0,92570784.0
2014-08-14,31.65,32.16,31.96,31.61,3596637.0,114790824.0
2014-08-13,32.18,32.18,31.72,31.62,4090203.0,129975320.0
2014-08-12,32.35,32.46,32.2,31.98,3653354.0,117567672.0
2014-08-11,31.98,32.48,32.41,31.81,4092006.0,131997288.0
2014-08-08,31.69,32.1,31.9,31.63,2425705.0,77344768.0
2014-08-07,31.88,32.05,31.74,31.62,3668798.0,116893888.0
2014-08-06,32.4,32.45,31.96,31.88,5246397.0,168262880.0
2014-08-05,32.4,32.75,32.55,32.19,3974677.0,129118640.0
2014-08-04,32.35,32.74,32.49,32.18,4157504.0,135039712.0
2014-08-01,33.02,33.59,32.3,32.3,7328467.0,241639184.0
2014-07-31,33.6,33.7,33.3,33.09,7312847.0,243591840.0
2014-07-30,32.94,34.33,33.93,32.7,12366394.0,414513696.0
2014-07-29,32.32,33.27,32.95,32.3,8586429.0,282106240.0
2014-07-28,32.0,32.82,32.41,31.96,7693207.0,249423952.0
2014-07-25,33.09,33.14,32.06,31.41,11544449.0,372329408.0
2014-07-24,32.0,34.18,33.58,31.8,17771474.0,590293120.0
2014-07-23,32.12,32.96,32.16,31.42,11241757.0,361950272.0
2014-07-22,31.76,32.35,32.12,31.75,7806442.0,250411056.0
2014-07-21,32.09,32.31,32.02,31.32,9315468.0,296476032.0
2014-07-18,33.85,34.27,32.48,32.48,12538755.0,417887584.0
2014-07-17,35.11,35.6,34.16,33.53,14858866.0,512564384.0
2014-07-16,36.16,36.79,34.74,34.37,25008636.0,885021120.0
2014-07-15,41.43,41.43,38.18,37.7,46194816.0,1837941504.0
2014-07-14,37.66,37.66,37.66,37.66,1099496.0,41407020.0
2014-07-11,34.24,34.24,34.24,34.24,924819.0,31665802.0
2014-07-10,31.13,31.13,31.13,31.13,1009022.0,31410854.0
2014-07-09,28.3,28.3,28.3,28.3,748908.0,21194096.0
2014-07-08,25.73,25.73,25.73,25.73,471612.0,12134577.0
2014-07-07,23.39,23.39,23.39,23.39,147400.0,3447686.0
2014-07-04,21.26,21.26,21.26,21.26,78168.0,1661852.0
2014-07-03,19.33,19.33,19.33,19.33,65118.0,1258731.0
2014-07-02,14.64,17.57,17.57,14.64,192984.0,3381739.0
