date,open,high,close,low,volume,amount
2015-07-10,243.69,248.85,248.85,237.7,6632802.0,237300032.0
2015-07-09,205.62,226.21,226.21,205.62,22007240.0,701044928.0
2015-07-08,172.24,209.96,205.62,172.24,80435696.0,2225212416.0
2015-07-07,213.4,217.81,191.37,191.37,22371968.0,652825024.0
2015-07-06,245.07,245.07,212.64,200.73,26380092.0,835529280.0
2015-07-03,216.84,243.48,223.04,204.52,18943184.0,616652800.0
2015-07-02,229.78,240.11,226.48,216.84,15155904.0,503261376.0
2015-07-01,232.74,246.44,228.89,223.73,20258282.0,703950400.0
2015-06-30,211.27,232.19,231.99,199.63,22472328.0,716756160.0
2015-06-29,219.87,226.48,211.06,189.17,22344358.0,680109568.0
2015-06-26,220.28,240.11,209.55,207.14,18148388.0,581835008.0
2015-06-25,246.44,246.86,230.13,224.14,12323301.0,432004896.0
2015-06-24,236.25,243.97,237.29,231.3,10580030.0,365600416.0
2015-06-23,223.79,237.49,236.25,218.29,11871112.0,392962560.0
2015-06-19,237.84,240.8,222.69,217.53,11426959.0,384257856.0
2015-06-18,258.01,259.87,241.69,239.7,8678904.0,314744992.0
2015-06-17,249.88,257.39,256.15,247.06,10068478.0,368938048.0
2015-06-16,260.9,260.9,248.23,244.38,15976479.0,584791744.0
2015-06-15,281.55,284.24,263.79,263.03,13898927.0,549978688.0
2015-06-12,275.36,278.8,278.8,270.88,12531137.0,500287552.0
2015-06-11,279.49,280.59,275.01,272.95,10051104.0,402262240.0
2015-06-10,273.98,282.03,277.97,268.47,12169651.0,487113184.0
2015-06-09,266.75,276.04,272.81,264.89,10376717.0,409514656.0
2015-06-08,275.36,277.42,266.75,263.65,15246225.0,592439104.0
2015-06-05,280.11,287.47,275.15,268.47,14571043.0,588272768.0
2015-06-04,288.57,292.01,279.56,265.03,16228817.0,657071552.0
2015-06-03,282.79,295.87,292.22,279.14,20532876.0,860760832.0
2015-06-02,275.63,279.97,278.94,268.54,15396392.0,615952064.0
2015-06-01,264.0,275.08,273.15,260.0,12834080.0,502888640.0
2015-05-29,258.83,267.71,262.28,247.82,14047784.0,531400832.0
2015-05-28,269.71,278.8,254.22,253.53,16367360.0,638147584.0
2015-05-27,279.83,282.93,273.5,270.54,14354873.0,572587904.0
2015-05-26,272.26,285.54,279.83,272.26,14053127.0,569896576.0
2015-05-25,265.65,273.98,270.26,258.15,14414547.0,561561600.0
2015-05-22,284.31,287.75,273.5,265.03,17908928.0,713807040.0
2015-05-21,266.89,281.41,278.8,262.83,16002154.0,643690112.0
2015-05-20,247.68,269.37,262.83,246.44,18791646.0,718588160.0
2015-05-19,243.69,245.69,244.93,234.47,13627751.0,476999968.0
2015-05-18,234.26,245.48,240.11,232.33,12775873.0,447609024.0
2015-05-15,238.94,239.49,234.26,233.91,11064125.0,378928832.0
2015-05-14,243.76,249.88,241.69,240.94,12333212.0,437950560.0
2015-05-13,238.32,249.2,243.69,234.74,19904084.0,701565248.0
2015-05-12,246.99,249.54,243.07,235.29,18240624.0,642657792.0
2015-05-11,236.25,245.89,245.07,231.02,19304268.0,669070976.0
2015-05-08,223.66,234.47,234.33,223.45,13707552.0,456923456.0
2015-05-07,223.04,229.23,219.25,217.53,9377332.0,302664608.0
2015-05-06,227.99,236.12,226.34,222.35,12670154.0,424868064.0
2015-05-05,235.22,241.69,226.75,223.79,13961333.0,472864832.0
2015-05-04,234.4,244.1,237.49,228.89,13868415.0,478594368.0
2015-04-30,246.44,246.44,235.63,235.43,15015522.0,522468576.0
2015-04-29,248.27,248.32,240.55,236.54,16322396.0,746012352.0
2015-04-28,242.67,245.41,244.09,229.72,17953848.0,804544704.0
2015-04-27,250.96,253.55,239.44,236.22,18164614.0,837456768.0
2015-04-24,232.47,245.04,242.51,225.6,25063328.0,1126878464.0
2015-04-23,216.62,226.55,223.96,211.39,14578415.0,603515328.0
2015-04-22,211.76,219.16,213.08,211.34,11227027.0,455822080.0
2015-04-21,200.24,211.02,210.28,200.24,9991833.0,393186784.0
2015-04-20,204.84,210.44,201.35,200.77,10285257.0,398231424.0
2015-04-17,209.7,213.98,206.85,204.47,10584430.0,416780576.0
2015-04-16,205.0,215.03,209.01,202.25,9291725.0,370721120.0
2015-04-15,220.21,220.26,206.9,206.32,11832886.0,472911584.0
2015-04-14,234.58,234.58,221.32,220.21,11088423.0,472000352.0
2015-04-13,224.54,237.75,231.15,221.9,15207136.0,664893632.0
2015-04-10,216.09,224.33,221.22,211.92,11607163.0,484561376.0
2015-04-09,208.69,220.0,217.94,199.98,17724552.0,698664000.0
2015-04-08,222.7,224.12,211.87,207.11,16813216.0,678491264.0
2015-04-07,223.81,228.56,221.69,216.67,15171506.0,640482368.0
2015-04-03,213.56,225.5,221.06,212.39,13288711.0,553360320.0
2015-04-02,218.84,228.82,218.84,212.13,18525304.0,772984704.0
2015-04-01,201.3,214.4,214.4,199.61,19524470.0,770492864.0
2015-03-31,194.38,203.78,199.71,191.15,11601689.0,437778432.0
2015-03-30,188.51,202.78,194.69,188.51,11958346.0,443896352.0
2015-03-27,179.64,188.99,185.87,179.64,8501693.0,299882720.0
2015-03-26,194.43,194.43,183.7,183.33,16583673.0,589068480.0
2015-03-25,187.24,203.68,195.59,185.34,18097538.0,676627008.0
2015-03-24,176.47,192.32,189.57,174.35,22372194.0,777983616.0
2015-03-23,173.56,177.94,174.88,171.5,14222252.0,468673824.0
2015-03-20,170.65,175.73,172.77,169.33,14523363.0,474329472.0
2015-03-19,171.71,171.97,170.07,167.27,11413908.0,366094336.0
2015-03-18,169.97,172.56,171.45,166.75,12348577.0,397955808.0
2015-03-17,175.2,175.94,169.97,167.22,15237847.0,495394208.0
2015-03-16,169.07,176.68,171.97,168.81,17425548.0,568534144.0
2015-03-13,154.8,160.99,160.62,153.69,8826450.0,262980800.0
2015-03-12,155.54,156.12,153.48,151.58,9246243.0,268242240.0
2015-03-11,158.24,158.24,154.54,153.22,10219610.0,298795744.0
2015-03-10,159.77,163.15,158.29,157.92,6687862.0,202360608.0
2015-03-09,159.35,161.94,159.77,157.92,5541152.0,167194928.0
2015-03-06,165.26,165.95,159.35,156.92,10593678.0,320248128.0
2015-03-05,168.59,172.19,167.06,162.78,9866654.0,312779712.0
2015-03-04,166.32,172.56,168.54,163.84,9211782.0,293011072.0
2015-03-03,163.94,174.3,166.43,160.62,21069040.0,675217088.0
2015-03-02,164.31,167.22,164.84,157.87,38153744.0,1186081664.0
2015-02-27,152.69,154.12,152.0,150.58,5351788.0,154226064.0
2015-02-26,151.42,156.6,152.69,148.94,9341891.0,270245888.0
2015-02-25,147.94,156.86,151.26,147.94,7600481.0,219845552.0
2015-02-17,146.61,153.38,148.68,146.46,7035258.0,199737872.0
2015-02-16,144.66,147.94,145.77,143.07,7068689.0,195390256.0
2015-02-13,143.18,146.51,144.03,140.8,7493125.0,205084080.0
2015-02-12,137.26,142.97,141.59,136.84,7474810.0,199861856.0
2015-02-11,136.26,137.32,136.31,135.15,4288465.0,110799264.0
2015-02-10,134.73,136.58,136.21,133.35,3740676.0,95191720.0
2015-02-09,134.25,137.16,134.73,133.35,4351252.0,111119208.0
2015-02-06,141.54,142.12,135.52,133.46,7261749.0,187041200.0
2015-02-05,142.97,144.55,141.59,141.28,5204361.0,140423168.0
2015-02-04,138.48,145.29,142.65,138.48,10291534.0,278777664.0
2015-02-03,141.07,141.75,139.48,137.37,6715464.0,177086416.0
2015-02-02,135.68,140.96,139.69,134.88,9267755.0,243719600.0
2015-01-30,134.25,138.16,135.84,134.25,6628215.0,172015040.0
2015-01-29,132.4,136.1,134.36,132.4,2553655.0,65021180.0
2015-01-28,137.21,138.27,135.2,134.09,3563333.0,91942456.0
2015-01-27,138.9,139.75,137.05,135.1,6412772.0,166540672.0
2015-01-26,137.05,138.32,137.42,135.57,6630562.0,171821616.0
2015-01-23,136.15,137.37,135.62,134.36,4836084.0,124145976.0
2015-01-22,135.31,138.58,136.95,134.25,6592438.0,170846272.0
2015-01-21,134.2,138.21,135.62,133.09,10424324.0,268114528.0
2015-01-20,126.8,136.73,133.35,126.8,13125248.0,328351424.0
2015-01-19,124.27,128.28,124.74,121.73,6488715.0,153554736.0
2015-01-16,124.16,127.12,125.75,124.16,3557163.0,84659760.0
2015-01-15,124.32,127.54,125.53,124.32,3051250.0,72521824.0
2015-01-14,127.91,129.13,124.0,123.47,5615996.0,133508056.0
2015-01-13,127.33,129.97,128.7,127.22,3277395.0,79691448.0
2015-01-12,127.01,130.24,128.18,126.96,4035561.0,98403792.0
2015-01-09,126.27,130.87,127.86,126.27,7082203.0,173370128.0
2015-01-08,126.06,129.5,125.69,125.27,6292345.0,152317792.0
2015-01-07,129.44,130.87,125.69,124.85,7367989.0,177882144.0
2015-01-06,124.16,130.87,130.82,122.84,6034017.0,145248000.0
2015-01-05,127.91,127.91,124.42,122.58,7857625.0,184377328.0
2014-12-31,124.16,127.96,127.75,123.16,4600386.0,110143344.0
2014-12-30,131.82,133.14,124.79,121.52,8924450.0,212711824.0
2014-12-26,133.25,135.36,133.14,131.03,6571762.0,164984032.0
2014-12-25,137.37,137.37,134.94,131.82,5629016.0,142836112.0
2014-12-24,133.46,138.32,134.46,132.77,6344500.0,163465088.0
2014-12-23,137.31,137.31,133.14,132.24,4895119.0,124207856.0
2014-12-22,137.1,137.1,132.61,129.44,7302506.0,183775120.0
2014-12-19,133.93,140.64,136.73,133.72,10606233.0,275740704.0
2014-12-18,129.97,142.65,136.73,129.18,14180309.0,372342304.0
2014-12-17,134.73,134.83,130.6,130.45,8514363.0,213393488.0
2014-12-16,138.74,138.95,135.84,134.73,7465330.0,192704448.0
2014-12-15,138.85,141.75,138.58,135.25,8890456.0,233016256.0
2014-12-12,135.25,140.96,139.59,133.67,11805893.0,307255584.0
2014-12-11,132.09,139.48,134.15,130.24,11577093.0,296496736.0
2014-12-10,123.0,134.88,132.51,122.89,13266063.0,327729824.0
2014-12-09,126.75,130.82,123.1,116.23,16983824.0,407187456.0
2014-12-08,132.56,132.61,127.33,125.96,17508280.0,423443808.0
2014-12-05,140.01,140.38,133.35,131.56,14900023.0,380021312.0
2014-12-04,141.59,142.02,141.33,139.48,12445045.0,331197536.0
2014-12-03,139.43,141.91,141.38,133.19,20258860.0,527490176.0
2014-12-02,145.29,148.73,141.38,129.02,40630212.0,1061552768.0
2014-09-29,132.51,143.71,143.34,132.14,11356392.0,295695680.0
2014-09-26,130.5,132.82,131.19,129.39,3959928.0,98006072.0
2014-09-25,132.72,133.56,131.5,130.24,5058596.0,125811800.0
2014-09-24,127.7,132.19,132.19,126.54,8115896.0,199116816.0
2014-09-23,126.91,128.65,127.7,126.17,3305672.0,79712096.0
2014-09-22,128.39,128.81,127.12,125.75,4743722.0,113702368.0
2014-09-19,128.54,130.66,128.86,127.44,5781766.0,141457152.0
2014-09-18,127.44,129.23,127.38,126.27,5002554.0,120828112.0
2014-09-17,126.01,128.23,128.07,124.16,6617807.0,158800768.0
2014-09-16,132.72,133.93,125.75,125.75,13801448.0,336817088.0
2014-09-15,135.04,136.73,134.3,132.46,5980096.0,151462080.0
2014-09-12,134.36,136.05,135.68,133.78,3420000.0,87458720.0
2014-09-11,136.21,139.22,134.46,133.78,7745996.0,199479424.0
2014-09-10,135.36,139.43,136.58,133.14,7687827.0,199037632.0
2014-09-09,129.6,135.36,134.41,129.44,7369600.0,185370384.0
2014-09-05,130.03,133.09,129.6,127.91,6467310.0,159418944.0
2014-09-04,130.76,133.51,130.24,129.87,6175614.0,153431168.0
2014-09-03,128.7,133.56,131.13,127.86,9169607.0,226848096.0
2014-09-02,129.18,130.39,129.6,127.22,6195597.0,150879040.0
2014-09-01,126.8,129.44,129.02,125.8,8835392.0,214598944.0
2014-08-29,119.3,127.7,126.59,118.93,10733518.0,253671856.0
2014-08-28,122.05,122.58,119.88,117.56,6381559.0,144774384.0
2014-08-27,117.77,123.42,121.83,117.34,7275289.0,166602256.0
2014-08-26,120.04,122.52,117.77,116.61,6913141.0,156190112.0
2014-08-25,122.26,123.26,120.51,119.72,7251304.0,166651872.0
2014-08-22,120.2,123.9,121.78,119.14,8979206.0,207098608.0
2014-08-21,114.17,120.2,120.2,113.12,9823343.0,217211296.0
2014-08-20,117.08,117.13,114.12,113.91,6981529.0,152369216.0
2014-08-19,118.45,118.88,117.4,116.87,6178290.0,137733072.0
2014-08-18,116.5,117.92,117.66,116.5,4857212.0,107877760.0
2014-08-15,117.87,119.14,116.76,115.28,5597105.0,123800712.0
2014-08-14,118.19,119.83,117.56,116.23,7104608.0,158592976.0
2014-08-13,117.77,120.41,117.92,115.76,7456851.0,166388080.0
2014-08-12,116.13,118.08,116.39,115.28,8146167.0,180015584.0
2014-08-11,110.42,118.4,116.92,109.68,14471111.0,314090656.0
2014-08-08,111.06,112.01,109.37,108.73,5463788.0,113744160.0
2014-08-07,109.05,111.74,109.05,108.2,6228453.0,129663120.0
2014-08-06,105.46,110.42,109.21,105.14,7787332.0,159202832.0
2014-08-05,105.14,106.2,105.46,103.08,5284052.0,104971144.0
2014-08-04,106.46,106.72,105.56,103.98,5925295.0,117917528.0
2014-08-01,106.99,107.57,106.25,105.4,6759190.0,136549472.0
2014-07-31,107.09,107.25,106.67,105.67,3440654.0,69170136.0
2014-07-30,106.2,107.73,106.88,105.25,3643025.0,73208368.0
2014-07-29,105.67,107.2,106.46,105.14,3295150.0,66216248.0
2014-07-28,102.5,106.83,105.83,101.55,4627406.0,91703440.0
2014-07-25,101.86,103.82,102.34,101.07,3579354.0,69301984.0
2014-07-24,102.5,102.5,101.34,98.8,6602285.0,125582696.0
2014-07-23,105.14,106.94,101.97,101.23,5952110.0,116285528.0
2014-07-22,103.19,106.88,105.51,102.66,4771456.0,95271216.0
2014-07-21,109.53,109.53,103.56,102.66,8077541.0,160832128.0
2014-07-18,110.05,112.33,109.74,107.78,4881869.0,101720384.0
2014-07-17,109.26,110.95,110.27,108.2,3169209.0,65701464.0
2014-07-16,108.05,111.53,109.16,108.05,6222786.0,129717904.0
2014-07-15,109.84,111.74,108.89,106.72,5128404.0,106040280.0
2014-07-14,107.04,110.32,109.74,106.57,6016309.0,123020240.0
2014-07-11,107.89,110.42,106.57,105.88,7916935.0,161066576.0
2014-07-10,116.23,116.23,108.2,108.2,12936457.0,273044800.0
2014-07-09,112.43,117.03,113.44,111.9,10931321.0,236535104.0
2014-07-08,108.31,113.43,112.69,107.78,6625037.0,139406224.0
2014-07-07,113.22,113.54,109.37,107.25,7888408.0,163778256.0
2014-07-04,112.01,113.54,112.11,109.89,4836847.0,102310848.0
2014-07-03,108.78,114.02,112.06,106.83,8868625.0,186407104.0
2014-07-02,108.1,109.37,108.94,106.62,5216424.0,106952576.0
2014-07-01,105.61,108.1,108.05,104.72,6123638.0,123649744.0
2014-06-30,104.72,105.83,105.61,103.71,4451266.0,88538448.0
2014-06-27,105.61,105.93,104.93,104.08,3750948.0,74592424.0
2014-06-26,103.29,105.4,105.14,102.29,7637290.0,151088080.0
2014-06-25,102.5,104.88,102.08,102.08,4570399.0,89566816.0
2014-06-24,103.71,105.93,102.5,102.29,7465005.0,147841504.0
2014-06-23,99.91,104.08,102.81,99.7,6708512.0,130569064.0
2014-06-20,97.48,100.12,99.91,96.95,2319502.0,43339860.0
2014-06-19,97.9,100.7,98.8,96.21,5236319.0,97944632.0
2014-06-18,100.28,100.86,98.01,97.74,3286909.0,61641700.0
2014-06-17,100.38,101.02,99.59,98.8,3317355.0,62697076.0
2014-06-16,99.86,101.39,100.65,99.17,3965958.0,75346288.0
2014-06-13,96.05,100.86,99.17,96.05,6690361.0,125574544.0
2014-06-12,96.47,97.32,96.05,95.89,3487065.0,63746448.0
2014-06-11,93.25,97.27,96.58,92.72,7288724.0,132748432.0
2014-06-10,92.99,93.89,93.41,92.09,2921921.0,51415532.0
2014-06-09,94.47,94.47,92.78,92.51,2185768.0,38696228.0
2014-06-06,94.36,95.47,94.68,93.78,3290623.0,58967580.0
2014-06-05,93.89,95.0,94.41,93.36,3920408.0,69996808.0
2014-06-04,92.09,94.94,94.1,91.83,4523090.0,80272648.0
2014-06-03,91.72,92.78,91.83,91.72,1888541.0,32985736.0
2014-05-30,92.72,93.78,91.77,91.14,2588421.0,45142228.0
2014-05-29,94.84,95.68,92.67,92.51,2611336.0,46429212.0
2014-05-28,93.25,94.84,94.57,92.46,3436568.0,61206672.0
2014-05-27,94.68,94.78,93.15,92.78,2764621.0,48957220.0
2014-05-26,92.99,94.57,94.2,92.51,3742861.0,66439076.0
2014-05-23,91.14,92.94,92.46,90.77,3258499.0,56734840.0
2014-05-22,91.56,93.25,91.09,90.93,3278959.0,57102624.0
2014-05-21,90.29,91.4,91.35,90.29,2040374.0,35065652.0
2014-05-20,90.56,92.51,90.77,89.92,2948608.0,51111444.0
2014-05-19,90.61,91.14,89.87,89.5,2255850.0,38550660.0
2014-05-16,91.4,91.4,89.87,88.97,2891245.0,49213564.0
2014-05-15,95.1,95.1,90.77,89.92,4804163.0,83188768.0
2014-05-14,96.0,97.16,94.41,94.04,2486185.0,44825252.0
2014-05-13,98.94,98.94,95.73,95.57,2233229.0,41114340.0
2014-05-12,97.05,98.57,97.73,96.36,2321912.0,43009204.0
2014-05-09,96.47,97.2,96.68,94.26,2559613.0,46579940.0
2014-05-08,94.89,98.15,97.2,94.89,2590167.0,47804660.0
2014-05-07,96.78,97.26,95.2,95.05,2394642.0,43738048.0
2014-05-06,96.52,98.26,96.63,95.99,3163488.0,58560936.0
2014-05-05,93.78,97.1,96.47,93.57,3390546.0,61624740.0
2014-04-30,89.78,95.47,93.89,89.78,5376734.0,95459472.0
2014-04-29,88.41,89.83,89.52,87.41,2920480.0,49193312.0
2014-04-28,95.36,97.73,88.46,86.73,7432281.0,128669464.0
2014-04-25,98.1,99.42,96.36,96.26,3287764.0,61039408.0
2014-04-24,97.2,97.78,97.15,96.47,1795670.0,33149024.0
2014-04-23,98.1,98.78,96.94,96.31,4148378.0,76521128.0
2014-04-22,100.36,100.78,98.1,97.2,3961396.0,74348824.0
2014-04-21,102.68,102.68,100.1,100.1,4628218.0,88985224.0
2014-04-18,100.15,101.89,101.73,99.15,6367203.0,122371200.0
2014-04-17,100.0,100.58,100.0,99.36,2548295.0,48433292.0
2014-04-16,99.68,100.26,99.26,97.31,3164331.0,59235972.0
2014-04-15,99.94,101.42,99.57,99.31,4320011.0,82306312.0
2014-04-14,98.42,99.78,99.68,98.42,3644548.0,68599768.0
2014-04-11,99.63,99.78,98.36,98.1,2912443.0,54630004.0
2014-04-10,99.52,102.0,100.21,99.52,6448419.0,123546880.0
2014-04-09,98.36,100.94,99.26,98.36,4663018.0,88186664.0
2014-04-08,96.62,97.63,97.47,95.2,2722316.0,49987800.0
2014-04-04,96.05,96.89,96.73,94.78,2606706.0,47652212.0
2014-04-03,95.68,96.68,95.84,94.94,3213039.0,58549972.0
2014-04-02,96.62,97.26,95.62,94.26,2895940.0,52334416.0
2014-04-01,93.73,96.89,96.36,93.57,2456014.0,44686632.0
2014-03-31,96.84,98.47,94.26,93.57,4296494.0,78498128.0
2014-03-28,102.42,103.47,96.89,94.78,6039780.0,112111392.0
2014-03-27,104.68,105.26,102.31,102.26,4204035.0,82572312.0
2014-03-26,104.0,104.79,103.63,102.0,5067875.0,99744944.0
2014-03-25,103.36,104.21,101.79,100.94,3352956.0,65435328.0
2014-03-24,100.21,104.68,103.36,100.15,6332701.0,123685512.0
2014-03-21,97.89,101.73,99.89,95.84,3941214.0,74265928.0
2014-03-20,101.63,103.1,98.57,98.47,4925634.0,95141312.0
2014-03-19,104.26,104.31,102.26,101.63,5443273.0,106335848.0
2014-03-18,100.31,105.0,104.26,99.31,8433774.0,165360208.0
2014-03-17,96.62,100.42,100.31,95.94,4415267.0,82737216.0
2014-03-14,98.47,98.47,96.2,95.62,3697163.0,68069904.0
2014-03-13,94.83,99.0,98.94,94.83,4922276.0,90838520.0
2014-03-12,97.84,100.42,95.78,94.05,6138450.0,112805456.0
2014-03-11,98.94,101.36,98.73,96.31,4110826.0,77574048.0
2014-03-10,99.26,102.47,99.0,97.57,5088197.0,96757024.0
2014-03-07,101.0,103.47,100.42,99.0,3718287.0,71142688.0
2014-03-06,104.79,106.26,101.79,100.31,5058692.0,98596720.0
2014-03-05,106.47,106.89,104.84,103.73,5911605.0,118539928.0
2014-03-04,106.26,107.26,104.84,103.0,7223964.0,144038016.0
2014-03-03,98.73,106.89,106.42,98.63,10148588.0,198313168.0
2014-02-28,96.89,99.0,98.57,93.73,7576208.0,137187712.0
2014-02-27,103.52,104.26,96.89,96.89,7391307.0,141542192.0
2014-02-26,101.26,103.47,102.94,98.47,5960435.0,114522848.0
2014-02-25,105.84,107.42,101.68,100.05,9947711.0,197267680.0
2014-02-24,105.84,107.95,106.26,104.68,9649537.0,195127824.0
2014-02-21,103.68,105.31,103.73,101.0,6815286.0,133826232.0
2014-02-20,108.21,108.47,103.94,98.47,12142679.0,238842912.0
2014-02-19,112.74,114.21,108.47,106.63,12808823.0,264578240.0
2014-02-18,113.74,116.9,113.37,112.11,10582621.0,229401264.0
2014-02-17,113.84,117.69,113.74,113.11,14088019.0,308793248.0
2014-02-14,113.58,115.74,113.11,111.63,6565424.0,141234368.0
2014-02-13,116.42,118.22,113.32,112.58,10918499.0,239248224.0
2014-02-12,108.42,118.74,115.32,108.42,16880566.0,365260096.0
2014-02-11,113.42,115.58,107.95,106.31,13824139.0,292219904.0
2014-02-10,111.11,113.58,112.69,108.95,9020263.0,191166992.0
2014-02-07,109.89,114.06,111.11,108.89,6897692.0,146104592.0
2014-01-30,109.95,111.74,110.69,108.63,5340161.0,111773664.0
2014-01-29,106.1,110.63,110.63,105.52,7417052.0,152836496.0
2014-01-28,106.31,108.26,106.53,103.89,7590758.0,153427664.0
2014-01-27,101.94,108.47,106.31,101.0,11670836.0,233133456.0
2014-01-24,98.89,103.52,101.84,98.47,8074040.0,156457920.0
2014-01-23,100.1,101.05,99.1,99.0,6723250.0,127802152.0
2014-01-22,96.84,100.94,99.84,96.84,8421491.0,158486864.0
2014-01-21,96.36,98.1,97.47,95.99,3940209.0,72582240.0
2014-01-20,96.15,99.94,97.2,96.1,5412640.0,100638296.0
2014-01-17,96.36,98.47,96.1,95.89,4052378.0,74747648.0
2014-01-16,97.73,98.84,95.94,95.68,4308682.0,79545432.0
2014-01-15,96.89,98.89,97.15,95.99,5099781.0,94381712.0
2014-01-14,94.15,97.73,96.78,93.25,5142421.0,93855232.0
2014-01-13,93.2,95.52,94.15,92.41,4024048.0,71806080.0
2014-01-10,94.36,96.05,93.31,92.15,5654403.0,101221480.0
2014-01-09,95.73,99.0,94.52,94.36,10682688.0,197329168.0
2014-01-08,92.41,97.15,96.73,92.15,12673207.0,228163632.0
2014-01-07,88.67,91.41,90.83,88.2,6827549.0,117329544.0
2014-01-06,89.15,89.52,88.67,87.31,3373961.0,56636512.0
2014-01-03,89.67,89.94,89.2,88.62,3712293.0,62900756.0
2014-01-02,89.2,90.67,89.67,88.78,5153662.0,87647792.0
2013-12-31,88.2,90.1,89.2,87.73,4962343.0,83636576.0
2013-12-30,87.94,89.89,88.31,87.94,3992760.0,67228360.0
2013-12-27,86.31,88.73,87.67,86.04,5291513.0,88296952.0
2013-12-26,88.67,89.41,86.09,86.09,5485439.0,91259896.0
2013-12-25,85.3,89.25,89.15,84.36,4961677.0,81744064.0
2013-12-24,84.25,86.15,85.2,84.25,2771976.0,44944860.0
2013-12-23,85.41,85.72,83.72,82.67,4468129.0,71333448.0
2013-12-20,84.3,86.94,85.46,84.25,3358106.0,54548580.0
2013-12-19,87.15,88.04,84.3,84.3,3282058.0,53972248.0
2013-12-18,87.94,88.36,86.2,85.99,3174950.0,52436224.0
2013-12-17,89.99,90.15,87.62,87.15,2988006.0,50010984.0
2013-12-16,89.89,90.62,90.2,87.2,5218082.0,88315520.0
2013-12-13,91.1,91.1,90.52,90.04,2714713.0,46648704.0
2013-12-12,90.1,91.15,90.94,89.36,3506213.0,60292936.0
2013-12-11,90.57,90.99,89.89,89.31,3260361.0,55785608.0
2013-12-10,91.1,91.36,89.78,89.31,3838690.0,65604076.0
2013-12-09,89.46,91.04,91.04,89.25,7262146.0,124487728.0
2013-12-06,88.83,90.83,87.94,87.57,6332765.0,106824448.0
2013-12-05,89.25,92.62,88.78,88.73,7140164.0,122745144.0
2013-12-04,90.04,92.04,89.04,88.99,7133175.0,122727408.0
2013-12-03,89.52,91.31,89.83,84.83,9533633.0,160192720.0
2013-12-02,97.84,99.42,92.41,92.41,11749626.0,211372720.0
2013-11-29,101.05,102.94,102.68,101.05,5451668.0,105497344.0
2013-11-28,102.68,103.21,101.05,100.58,5458176.0,105262568.0
2013-11-27,99.31,102.63,102.42,99.05,7667647.0,147209440.0
2013-11-26,99.0,100.73,99.42,98.36,4676971.0,88165456.0
2013-11-25,99.15,100.89,99.05,99.0,3740288.0,70916816.0
2013-11-22,99.89,101.47,99.15,98.78,4305178.0,81777496.0
2013-11-21,102.1,102.1,99.94,99.1,4593746.0,87506808.0
2013-11-20,102.31,102.94,102.05,100.52,4734546.0,91032768.0
2013-11-19,101.89,104.94,102.58,101.15,7279494.0,142707456.0
2013-11-18,100.63,102.73,101.89,99.94,7900902.0,152316256.0
2013-11-15,98.2,100.84,99.78,97.42,8353431.0,157247232.0
2013-11-14,95.68,97.84,96.78,94.1,3809324.0,69625976.0
2013-11-13,98.42,98.42,95.68,95.57,4955858.0,91217528.0
2013-11-12,97.68,100.94,98.94,96.36,9642904.0,180747424.0
2013-11-11,97.15,97.36,94.15,92.52,4428149.0,79201016.0
2013-11-08,96.36,98.68,96.94,95.47,3704357.0,68327200.0
2013-11-07,96.36,99.63,97.63,95.31,4510004.0,83692072.0
2013-11-06,100.42,102.31,97.26,96.94,8409759.0,159685424.0
2013-11-05,97.52,100.31,100.21,94.83,6199322.0,116222408.0
2013-11-04,93.2,99.0,97.52,93.2,7359695.0,135637360.0
2013-11-01,93.68,95.31,92.62,91.25,4398023.0,77415920.0
2013-10-31,100.26,100.26,94.05,93.83,10546963.0,192879344.0
2013-10-30,99.0,100.68,100.21,98.2,4297254.0,81108608.0
2013-10-29,101.63,103.89,99.63,95.36,9691871.0,182287872.0
2013-10-28,104.79,104.94,102.84,99.42,5956995.0,115839272.0
2013-10-25,103.73,108.74,104.0,102.84,9578800.0,192235440.0
2013-10-24,107.37,107.37,104.73,103.21,9895197.0,196272112.0
2013-10-23,111.21,113.21,108.0,106.89,14137923.0,293460736.0
2013-10-22,118.48,124.22,112.26,112.16,22369252.0,505028608.0
2013-10-21,109.58,117.95,115.37,109.37,16521888.0,359232960.0
2013-10-18,109.53,111.05,108.58,105.37,9084971.0,186795504.0
2013-10-17,109.53,115.63,109.16,108.26,14775488.0,314689856.0
2013-10-16,113.74,115.84,107.89,105.16,16689487.0,350694304.0
2013-10-15,116.69,118.0,114.53,113.21,13183519.0,288979392.0
2013-10-14,108.68,118.32,117.58,106.95,13616801.0,289734880.0
2013-10-11,107.37,111.32,110.37,105.84,10052406.0,208160688.0
2013-10-10,109.58,111.42,107.16,106.84,10441787.0,215253008.0
2013-10-09,109.0,114.95,111.63,106.84,13223673.0,279786336.0
2013-10-08,109.0,115.42,109.53,108.95,20943372.0,444966880.0
2013-09-30,102.58,105.84,104.94,100.78,9282825.0,182576128.0
2013-09-27,103.36,104.47,100.58,100.05,10475390.0,202908752.0
2013-09-26,104.79,106.84,103.47,102.94,11205143.0,221865456.0
2013-09-25,108.47,109.84,105.84,103.89,23394770.0,475609568.0
2013-09-24,100.05,106.31,106.31,100.05,25435368.0,504114592.0
2013-09-23,95.62,98.47,96.62,93.99,13976323.0,256157856.0
2013-09-18,89.89,94.15,92.73,89.89,6070269.0,106065336.0
2013-09-17,95.26,95.31,90.73,90.73,9163836.0,161721376.0
2013-09-16,93.57,95.83,95.1,92.41,7707722.0,137910320.0
2013-09-13,95.26,96.99,93.57,92.15,7094612.0,126873864.0
2013-09-12,94.26,96.78,93.62,91.62,11133012.0,198890560.0
2013-09-11,96.62,99.26,95.1,92.73,11769900.0,212760192.0
2013-09-10,92.41,100.31,97.63,90.94,19604696.0,360472896.0
2013-09-09,90.31,93.73,92.41,88.57,13391100.0,231848080.0
2013-09-06,89.31,90.94,89.78,87.57,7701124.0,130398720.0
2013-09-05,87.94,90.31,89.94,86.94,8365163.0,141857424.0
2013-09-04,88.41,90.46,88.15,87.94,5736197.0,96901040.0
2013-09-03,86.83,88.78,87.88,85.83,5136902.0,85409384.0
2013-09-02,86.15,87.2,87.09,82.67,7365818.0,119577568.0
2013-08-30,91.89,93.2,87.15,86.88,14342682.0,246266032.0
2013-08-29,88.04,93.25,90.25,86.94,16008528.0,275263072.0
2013-08-28,88.15,88.15,86.25,86.25,6509087.0,107603464.0
2013-08-27,89.73,89.83,88.62,87.2,5879136.0,98656104.0
2013-08-26,89.09,89.52,89.46,87.94,8522406.0,143825408.0
2013-08-23,86.62,90.31,88.94,86.62,14872040.0,250165008.0
2013-08-22,86.67,87.73,86.46,85.46,8138667.0,134032160.0
2013-08-21,83.14,87.09,86.36,82.51,8609464.0,140512400.0
2013-08-20,84.25,84.51,83.36,82.67,4058193.0,64473484.0
2013-08-19,81.51,84.94,84.57,81.51,4542120.0,71989824.0
2013-08-16,83.51,85.57,82.51,81.88,6505582.0,103599768.0
2013-08-15,86.36,86.67,84.36,83.72,7472823.0,120253296.0
2013-08-14,88.36,88.36,86.72,86.41,7231582.0,119632688.0
2013-08-13,88.46,88.94,88.57,86.41,7755905.0,129586456.0
2013-08-12,89.52,90.31,88.41,86.25,16882684.0,282846464.0
2013-08-09,88.31,88.99,86.78,84.67,6940723.0,114893440.0
2013-08-08,89.52,89.99,87.15,86.83,7263586.0,121552160.0
2013-08-07,90.04,90.41,87.78,85.57,8394316.0,138730784.0
2013-08-06,88.83,89.94,88.73,88.31,6954639.0,117775312.0
2013-08-05,88.83,88.99,88.99,87.46,5764910.0,96513280.0
2013-08-02,87.41,88.94,87.67,86.09,7591613.0,126219144.0
2013-08-01,83.62,86.99,86.88,83.04,7986106.0,130128504.0
2013-07-31,83.25,86.52,82.99,82.72,6285568.0,100935864.0
2013-07-30,84.36,85.67,82.88,79.88,7233045.0,113156728.0
2013-07-29,89.2,89.2,84.46,84.25,7340663.0,120669184.0
2013-07-26,87.94,91.2,89.94,86.99,7315458.0,124182536.0
2013-07-25,93.04,93.2,88.78,87.3,11988340.0,205948816.0
2013-07-24,87.99,95.83,93.68,87.3,17038404.0,295004224.0
2013-07-23,88.46,91.52,89.09,87.73,12806079.0,218075024.0
2013-07-22,81.78,88.36,88.36,81.78,9482065.0,154864256.0
2013-07-19,84.04,86.78,82.93,82.41,8060975.0,130550288.0
2013-07-18,84.36,86.2,84.04,82.46,5920282.0,94616312.0
2013-07-17,88.41,88.41,85.04,84.62,7776505.0,127107784.0
2013-07-16,86.67,89.52,88.36,86.2,10225413.0,170512688.0
2013-07-15,84.2,86.57,86.2,83.2,12569521.0,203778928.0
2013-07-12,81.09,85.3,81.62,80.14,11759142.0,186453184.0
2013-07-11,79.78,81.83,80.72,78.25,10262036.0,156158496.0
2013-07-10,77.93,79.88,79.25,77.46,5648561.0,84484704.0
2013-07-09,77.46,79.41,76.09,76.09,5570706.0,82279360.0
2013-07-08,81.72,82.14,78.46,77.67,7063729.0,106619296.0
2013-07-05,84.72,87.88,84.78,84.57,5363015.0,87674016.0
2013-07-04,86.36,87.25,85.46,84.41,6865718.0,111675400.0
2013-07-03,87.57,88.46,87.15,83.72,10485934.0,172264432.0
2013-07-02,86.88,88.41,87.09,86.36,10724255.0,177426416.0
2013-07-01,84.25,87.09,86.46,83.25,8876013.0,144452896.0
2013-06-28,85.99,88.36,84.51,83.83,12964271.0,211408320.0
2013-06-27,79.93,88.73,87.83,79.83,31218540.0,518068480.0
2013-06-26,77.67,81.09,80.67,76.77,8133234.0,122608968.0
2013-06-25,76.19,79.78,77.41,70.67,7990089.0,114734408.0
2013-06-24,79.56,80.56,78.46,77.35,5706239.0,85071080.0
2013-06-21,77.19,81.62,80.56,76.88,5215399.0,78403480.0
2013-06-20,84.09,84.14,80.25,80.25,4957272.0,76921456.0
2013-06-19,83.14,85.57,84.04,82.41,5135190.0,82178824.0
2013-06-18,84.62,85.51,83.2,81.41,5426182.0,85404544.0
2013-06-17,87.25,88.41,85.15,84.46,9998901.0,163147088.0
2013-06-14,81.25,86.36,85.46,81.25,7996035.0,128423800.0
2013-06-13,82.56,82.56,81.67,79.56,7991243.0,122918568.0
2013-06-07,85.51,87.3,84.41,83.72,5725503.0,92770112.0
2013-06-06,88.46,89.25,85.51,85.46,6412781.0,105833048.0
2013-06-05,89.99,90.36,89.04,87.3,5193298.0,87470720.0
2013-06-04,90.57,91.46,89.89,88.04,6266286.0,106767752.0
2013-06-03,90.31,91.57,90.57,88.73,6516311.0,111459952.0
2013-05-31,92.36,93.47,89.94,88.46,15386172.0,265508512.0
2013-05-30,88.99,93.83,92.57,88.2,15497482.0,268892832.0
2013-05-29,88.88,89.67,88.99,87.3,8377746.0,140983440.0
2013-05-28,95.25,95.83,88.04,86.88,21448436.0,366143328.0
2013-05-27,94.36,98.05,95.25,93.68,16842204.0,305651296.0
2013-05-24,95.05,96.52,94.31,92.57,11771861.0,210655184.0
2013-05-23,93.1,96.52,95.2,92.15,9990456.0,179951440.0
2013-05-22,101.52,101.57,94.47,94.15,22995878.0,423285184.0
2013-05-21,101.31,105.52,103.52,100.26,14777132.0,287780992.0
2013-05-20,96.26,103.52,102.68,94.83,20990920.0,394043200.0
2013-05-17,94.68,97.1,96.26,93.57,15512482.0,280695936.0
2013-05-16,96.31,98.15,94.83,94.1,14919501.0,270898080.0
2013-05-15,96.26,98.84,96.1,94.73,12247893.0,224742512.0
2013-05-14,100.05,101.0,95.52,94.31,13084406.0,240621296.0
2013-05-13,104.0,104.05,101.89,96.36,12618496.0,240546208.0
2013-05-10,105.31,109.21,105.31,102.68,14432626.0,289374336.0
2013-05-09,104.38,109.15,103.25,103.09,19456162.0,513628160.0
2013-05-08,98.28,103.09,103.09,97.47,9556204.0,237859664.0
2013-05-07,96.5,100.18,98.64,93.99,7221330.0,174896592.0
2013-05-06,95.04,99.01,96.62,93.99,8051280.0,192633888.0
2013-05-03,92.58,95.0,94.6,91.36,5401566.0,125866616.0
2013-05-02,86.96,92.42,91.97,86.23,4878255.0,109566112.0
2013-04-26,93.18,94.4,88.13,87.77,7793849.0,174647040.0
2013-04-25,99.45,104.22,94.44,93.63,14533376.0,358660640.0
2013-04-24,99.09,100.87,100.26,97.43,14276726.0,351744320.0
2013-04-23,96.22,102.69,99.29,95.45,15351192.0,375164608.0
2013-04-22,93.59,98.36,96.98,92.17,11623597.0,273929280.0
2013-04-19,94.44,95.81,93.43,92.42,9504469.0,221038464.0
2013-04-18,90.76,94.84,94.6,89.38,9543488.0,220355840.0
2013-04-17,88.94,90.96,90.96,88.45,9167080.0,203827040.0
2013-04-16,86.51,89.83,88.94,86.27,8420436.0,185006160.0
2013-04-15,84.94,89.42,87.73,84.94,6601697.0,143768016.0
2013-04-12,86.92,86.92,85.83,85.22,2074602.0,44036724.0
2013-04-11,86.84,88.21,87.04,85.91,3261253.0,70398904.0
2013-04-10,84.61,86.55,86.51,82.88,3304345.0,69257728.0
2013-04-09,84.65,86.8,84.73,84.09,4361835.0,91573256.0
2013-04-08,83.2,86.31,84.9,80.05,6182741.0,126823360.0
2013-04-03,88.29,89.26,84.9,83.68,3805147.0,81053512.0
2013-04-02,88.45,92.54,88.25,87.16,8175824.0,181377680.0
2013-04-01,82.19,89.75,88.94,81.3,9617393.0,206586992.0
2013-03-29,84.09,85.62,81.99,81.26,3518783.0,72277088.0
2013-03-28,83.97,87.24,84.01,82.27,5748558.0,121340024.0
2013-03-27,86.23,86.55,84.78,83.6,4947837.0,103808632.0
2013-03-26,85.79,88.13,86.11,84.53,5889408.0,125880232.0
2013-03-25,86.72,87.24,85.5,83.81,6014687.0,127012304.0
2013-03-22,88.74,89.34,86.68,86.03,6166420.0,133051560.0
2013-03-21,84.9,92.13,89.47,84.9,11667249.0,255341328.0
2013-03-20,85.06,86.68,86.23,80.45,12469510.0,260587712.0
2013-03-19,90.23,91.57,85.1,84.09,6512073.0,139699184.0
2013-03-18,90.03,92.74,90.27,89.34,4467213.0,100659280.0
2013-03-15,94.28,96.94,91.69,89.38,8421435.0,194679472.0
2013-03-14,91.36,96.9,94.6,90.23,8038524.0,187699040.0
2013-03-13,88.13,94.44,91.89,87.56,8621514.0,195897680.0
2013-03-12,87.73,91.24,90.88,83.81,11730631.0,255031808.0
2013-03-11,85.14,89.67,88.29,85.1,6190519.0,135123136.0
2013-03-08,85.46,88.01,86.51,84.41,7416921.0,158587280.0
2013-03-07,91.77,92.86,85.62,84.9,15401951.0,334400736.0
2013-03-06,95.21,97.63,92.86,92.5,10335589.0,240731072.0
2013-03-05,94.32,98.04,96.34,91.0,12837105.0,301903968.0
2013-03-04,96.38,100.66,96.22,92.54,22112592.0,531179136.0
2013-03-01,89.83,99.13,99.13,88.62,16240713.0,384057632.0
2013-02-28,86.72,92.58,90.11,84.13,10968232.0,241661216.0
2013-02-27,82.19,88.45,88.01,78.63,12357533.0,250790928.0
2013-02-26,85.26,87.93,82.88,81.74,11548268.0,242169344.0
2013-02-25,81.06,86.51,85.67,80.0,11716050.0,243386400.0
2013-02-22,76.53,82.88,80.37,76.08,9984407.0,198074160.0
2013-02-21,74.39,76.73,76.53,73.98,7247626.0,135471024.0
2013-02-20,72.16,77.01,75.6,72.04,12222683.0,228035040.0
2013-02-19,74.63,74.75,72.36,71.96,8557870.0,154684352.0
2013-02-18,74.26,76.33,75.52,73.38,13958995.0,258797488.0
2013-02-08,67.47,74.43,74.43,67.03,11700341.0,204947840.0
2013-02-07,72.73,73.54,67.67,67.11,13663034.0,233299344.0
2013-02-06,68.52,69.9,69.29,67.92,6908933.0,117381328.0
2013-02-05,63.88,69.53,68.73,63.88,8024493.0,131744392.0
2013-02-04,63.83,65.9,64.2,63.19,10338667.0,164418176.0
2013-02-01,60.92,65.33,63.88,60.12,11877166.0,184411792.0
2013-01-31,61.0,61.29,59.95,59.02,4727932.0,70249960.0
2013-01-30,60.24,61.17,60.84,59.47,4323659.0,64681280.0
2013-01-29,60.2,61.41,59.95,59.15,4703871.0,70201512.0
2013-01-28,57.97,60.6,60.16,56.84,6190370.0,90176040.0
2013-01-25,55.87,58.17,58.01,55.38,5801014.0,82293856.0
2013-01-24,53.97,57.61,56.15,53.97,6431577.0,89767112.0
2013-01-23,53.4,57.37,55.38,53.4,4966390.0,68416432.0
2013-01-22,55.42,55.79,53.24,53.08,3236999.0,43474724.0
2013-01-21,53.77,56.48,55.67,53.77,4481840.0,61396052.0
2013-01-18,52.19,53.97,53.77,52.19,4974263.0,65714984.0
2013-01-17,52.55,54.09,52.43,52.15,3988130.0,52415092.0
2013-01-16,54.54,54.58,53.52,52.55,6718066.0,88436144.0
2013-01-15,50.33,54.17,53.97,50.33,10500868.0,137699424.0
2013-01-14,51.34,51.75,50.05,49.48,7491506.0,93076808.0
2013-01-11,48.03,50.53,48.03,47.74,4203379.0,51199524.0
2013-01-10,47.7,48.11,48.07,47.38,2720317.0,32137532.0
2013-01-09,47.46,47.95,47.3,46.53,1542477.0,18102012.0
2013-01-08,46.21,47.87,47.54,45.92,4263790.0,49936220.0
2013-01-07,45.28,47.1,46.21,45.28,4757817.0,54688608.0
2013-01-04,48.31,48.31,46.37,46.37,3674215.0,42706276.0
2012-12-31,46.81,48.31,48.31,46.17,5345777.0,62462220.0
2012-12-28,45.68,46.81,46.81,45.24,1965091.0,22350900.0
2012-12-27,45.88,46.94,45.6,45.08,2067711.0,23545948.0
2012-12-26,44.06,45.76,45.72,43.78,2309348.0,25536498.0
2012-12-25,42.69,44.35,44.15,42.25,2774265.0,29798256.0
2012-12-24,42.04,43.14,42.69,42.04,1752576.0,18502532.0
2012-12-21,42.57,43.26,42.49,42.04,775056.0,8141429.0
2012-12-20,42.53,42.57,42.53,41.64,714122.0,7457481.0
2012-12-19,42.12,42.65,42.29,41.92,761997.0,7963031.0
2012-12-18,42.65,43.34,42.41,42.41,1854037.0,19665524.0
2012-12-17,43.78,44.39,42.65,42.37,1914910.0,20313722.0
2012-12-14,41.64,43.82,43.82,41.24,2821890.0,29842268.0
2012-12-13,42.37,42.37,41.76,41.24,739703.0,7616135.0
2012-12-12,42.04,42.45,42.37,41.36,1231582.0,12762005.0
2012-12-11,41.44,42.61,42.21,40.79,1238134.0,12635467.0
2012-12-10,41.03,41.64,41.64,40.51,1224352.0,12494444.0
2012-12-07,39.94,40.99,40.99,39.54,1121998.0,11264169.0
2012-12-06,40.02,40.14,39.98,39.74,898828.0,8880273.0
2012-12-05,38.37,40.31,40.02,38.37,1585576.0,15597896.0
2012-12-04,37.03,38.41,38.41,37.03,2157807.0,20222556.0
2012-12-03,39.3,39.3,37.56,36.47,2484903.0,23300008.0
2012-11-30,38.85,39.94,39.3,38.81,1818932.0,17657636.0
2012-11-29,38.81,39.13,38.81,38.41,1096866.0,10508387.0
2012-11-28,39.78,39.78,38.89,38.37,3136459.0,30081336.0
2012-11-27,40.91,41.07,39.74,39.34,2166241.0,21507152.0
2012-11-26,41.32,41.56,41.07,40.91,760710.0,7750096.0
2012-11-23,42.33,42.33,41.28,40.83,2694707.0,27654170.0
2012-11-22,42.65,42.85,41.96,41.88,891205.0,9295027.0
2012-11-21,44.35,44.95,42.65,41.76,2911011.0,30805414.0
2012-11-20,45.2,45.52,44.51,44.39,889986.0,9836362.0
2012-11-19,46.05,46.17,45.2,44.51,900034.0,10107816.0
2012-11-16,45.6,46.41,45.8,45.52,1171336.0,13316933.0
2012-11-15,45.56,46.29,45.6,45.48,1182309.0,13446943.0
2012-11-14,45.28,45.68,45.68,44.11,792203.0,8789606.0
2012-11-13,45.16,45.48,45.32,44.87,675642.0,7539929.0
2012-11-12,45.2,46.57,45.44,45.08,761705.0,8651823.0
2012-11-09,44.59,45.2,44.95,44.51,755836.0,8378920.0
2012-11-08,46.17,46.41,45.32,44.51,1300281.0,14564982.0
2012-11-07,45.84,46.85,46.57,45.72,987922.0,11339629.0
2012-11-06,45.92,46.49,45.84,45.36,1093538.0,12387881.0
2012-11-05,46.53,47.18,45.92,45.48,1286174.0,14698762.0
2012-11-02,46.37,46.94,46.57,46.29,1047800.0,12100147.0
2012-11-01,46.05,46.94,46.37,46.01,1698092.0,19580062.0
2012-10-31,45.8,46.13,45.84,45.48,453671.0,5140359.0
2012-10-30,46.01,46.49,45.92,45.88,563353.0,6433054.0
2012-10-29,46.05,46.73,46.33,45.64,962422.0,10963707.0
2012-10-26,46.98,47.14,46.49,44.95,1722912.0,19515420.0
2012-10-25,47.91,48.27,47.3,46.41,1856455.0,21654122.0
2012-10-24,47.7,48.43,48.27,47.34,1484540.0,17672296.0
2012-10-23,48.11,48.84,48.07,47.3,2523698.0,30051904.0
2012-10-22,47.58,48.39,48.23,47.58,1662550.0,19765962.0
2012-10-19,48.51,49.16,48.43,48.15,3145609.0,37852944.0
2012-10-18,48.03,48.51,48.39,47.78,2124011.0,25320330.0
2012-10-17,47.3,48.31,48.11,46.94,1717482.0,20309674.0
2012-10-16,47.3,48.07,47.1,46.94,999267.0,11748348.0
2012-10-15,47.5,47.62,47.18,46.25,1910497.0,22043082.0
2012-10-12,47.66,48.43,47.46,46.41,1467666.0,17181272.0
2012-10-11,47.87,48.72,47.74,47.38,3347423.0,39772540.0
2012-10-10,46.94,49.12,47.83,46.65,3379638.0,40147932.0
2012-10-09,45.4,47.22,47.1,45.4,3063391.0,35393540.0
2012-10-08,45.4,45.52,44.83,44.63,713304.0,7940252.0
2012-09-28,44.47,45.52,45.4,44.31,1123999.0,12551949.0
2012-09-27,43.66,44.87,44.87,42.85,1358974.0,14830429.0
2012-09-26,44.83,45.08,43.94,42.65,1529812.0,16441581.0
2012-09-25,44.67,45.28,44.83,44.55,630107.0,7001320.0
2012-09-24,44.31,45.04,45.04,44.07,728700.0,8027726.0
2012-09-21,45.28,45.28,44.71,44.27,1406990.0,15546230.0
2012-09-20,45.28,45.64,44.87,43.66,4127143.0,45636812.0
2012-09-19,45.84,45.84,45.56,44.39,2960241.0,33000456.0
2012-09-18,45.68,46.01,45.84,45.08,1668369.0,18805870.0
2012-09-17,46.13,46.49,45.76,45.68,1088557.0,12372156.0
2012-09-14,47.99,48.27,46.49,45.24,3917596.0,44911696.0
2012-09-13,48.72,48.96,47.99,47.78,1106332.0,13213516.0
2012-09-12,49.2,49.44,48.51,48.03,2000477.0,24043810.0
2012-09-11,48.84,49.36,48.96,48.67,1671378.0,20255962.0
2012-09-10,49.52,49.93,49.0,48.43,3634870.0,43903752.0
2012-09-07,48.51,50.13,49.48,48.51,3957641.0,48366304.0
2012-09-06,47.7,48.31,48.31,46.98,1643691.0,19418702.0
2012-09-05,47.99,48.39,47.66,47.34,1366328.0,16136247.0
2012-09-04,47.78,48.51,47.78,47.5,2016150.0,23875190.0
2012-09-03,45.84,47.66,47.66,45.68,2275447.0,26497218.0
2012-08-31,45.2,45.97,45.84,44.91,1236480.0,13885006.0
2012-08-30,46.21,46.81,45.36,44.07,2554778.0,28690980.0
2012-08-29,45.92,47.42,46.45,45.8,1725893.0,19857970.0
2012-08-28,47.22,47.38,46.21,45.8,2775199.0,31796234.0
2012-08-27,48.31,48.67,47.38,46.9,2577369.0,30415902.0
2012-08-24,48.15,48.72,47.99,47.34,1941523.0,23025450.0
2012-08-23,48.15,49.04,48.15,47.62,2425506.0,28963408.0
2012-08-22,49.16,50.78,48.55,48.43,5413898.0,66151648.0
2012-08-21,47.1,48.8,48.27,46.94,2848961.0,34019352.0
2012-08-20,46.45,48.03,47.5,45.8,2045680.0,23859470.0
2012-08-17,46.53,46.94,46.85,45.16,2617978.0,29805484.0
2012-08-16,48.55,48.88,46.53,46.45,2961725.0,34735032.0
2012-08-15,49.04,49.4,48.72,48.39,2707231.0,32764192.0
2012-08-14,47.3,49.6,48.88,46.29,6660184.0,79797880.0
2012-08-13,46.98,48.11,47.14,46.61,3418290.0,40066324.0
2012-08-10,48.43,48.72,47.3,46.25,4032326.0,46924024.0
2012-08-09,46.53,49.0,47.78,46.37,3514090.0,41551076.0
2012-08-08,47.5,47.91,46.69,46.13,2721578.0,31454460.0
2012-08-07,47.38,48.03,47.54,46.9,3081980.0,36182016.0
2012-08-06,44.87,48.07,47.7,44.47,8268854.0,95247464.0
2012-08-03,43.34,45.52,45.2,42.65,4689786.0,51719344.0
2012-08-02,43.09,43.94,43.34,42.77,1462524.0,15675171.0
2012-08-01,42.65,43.86,43.54,42.17,1920201.0,20606388.0
2012-07-31,42.21,44.07,42.65,41.32,3109927.0,33198802.0
2012-07-30,44.07,44.07,42.45,41.6,3297288.0,34979164.0
2012-07-27,42.25,44.39,43.86,41.68,2921056.0,30926976.0
2012-07-26,42.17,42.77,42.25,41.48,3229033.0,33694560.0
2012-07-25,39.98,41.84,41.44,39.7,2386490.0,24361222.0
2012-07-24,40.1,40.79,40.19,39.74,1323933.0,13179561.0
2012-07-23,39.26,40.51,40.39,38.2,1644211.0,16021256.0
2012-07-20,39.66,40.02,39.66,39.58,1146074.0,11276521.0
2012-07-19,39.13,39.9,39.42,39.09,996310.0,9741934.0
2012-07-18,39.98,39.98,39.05,38.12,1997738.0,19200462.0
2012-07-17,39.05,40.19,39.74,39.05,750524.0,7396728.0
2012-07-16,40.87,40.87,39.54,39.46,1578701.0,15667322.0
2012-07-13,41.48,41.48,41.07,40.87,1549116.0,15788397.0
2012-07-12,40.1,41.4,41.12,40.1,1908954.0,19248810.0
2012-07-11,39.21,40.14,39.98,39.05,1306291.0,12814193.0
2012-07-10,40.1,40.14,39.46,38.81,2413467.0,23492646.0
2012-07-09,40.39,41.24,40.14,39.62,2451887.0,24589236.0
2012-07-06,42.0,42.04,40.59,37.68,8300318.0,80531408.0
2012-07-05,42.53,42.73,41.8,41.03,2518946.0,26130438.0
2012-07-04,42.41,42.77,42.25,41.96,1667493.0,17504450.0
2012-07-03,43.22,43.22,42.21,42.09,1942024.0,20524574.0
2012-07-02,42.49,43.26,43.02,42.04,1839157.0,19432772.0
2012-06-29,40.67,41.84,41.84,40.67,1294557.0,13238898.0
2012-06-28,41.12,41.96,41.03,40.87,1117511.0,11421488.0
2012-06-27,40.71,41.64,41.12,40.63,1519896.0,15518240.0
2012-06-26,40.67,40.99,40.79,40.27,1264126.0,12707336.0
2012-06-25,41.64,41.84,40.71,40.51,1355519.0,13814402.0
2012-06-21,42.65,43.22,42.09,40.87,2862377.0,29503706.0
2012-06-20,43.46,43.9,42.65,42.65,1686307.0,17976240.0
2012-06-19,44.23,44.27,43.18,43.14,2711270.0,29175998.0
2012-06-18,43.7,44.43,44.15,43.26,4250996.0,46332576.0
2012-06-15,43.58,43.9,43.46,42.89,2284743.0,24511454.0
2012-06-14,43.7,44.35,43.34,43.3,2684379.0,29135984.0
2012-06-13,43.66,44.55,44.19,43.42,3733287.0,40619808.0
2012-06-12,44.27,44.47,43.98,43.05,3801843.0,41001800.0
2012-06-11,42.12,45.44,44.43,41.84,6149305.0,66877184.0
2012-06-08,42.45,42.57,42.17,41.32,2393521.0,24865284.0
2012-06-07,43.66,44.07,41.92,41.92,2566916.0,27405684.0
2012-06-06,42.85,43.5,43.02,42.45,2479772.0,26346546.0
2012-06-05,42.45,43.05,42.69,41.72,2951755.0,31052586.0
2012-06-04,43.22,44.47,42.45,42.41,3856438.0,41394920.0
2012-06-01,44.27,44.75,44.07,43.34,3762555.0,40906568.0
2012-05-31,44.47,45.16,44.35,43.58,6324395.0,69652800.0
2012-05-30,42.37,45.6,44.27,42.0,11428671.0,124303928.0
2012-05-29,41.68,42.57,42.21,41.24,5185966.0,53683248.0
2012-05-28,39.82,41.8,41.68,39.82,5839095.0,59439584.0
2012-05-25,39.9,41.24,40.19,39.62,2505280.0,25111776.0
2012-05-24,39.26,40.59,39.9,39.05,2079468.0,20571858.0
2012-05-23,39.82,40.19,39.54,39.05,1293040.0,12635907.0
2012-05-22,39.9,40.27,39.82,39.54,1382295.0,13599104.0
2012-05-21,40.02,40.59,39.7,38.85,1690882.0,16563272.0
2012-05-18,40.83,41.48,39.94,39.94,2793509.0,28120032.0
2012-05-17,41.24,41.72,41.52,40.59,2555260.0,26011652.0
2012-05-16,40.87,42.73,41.36,40.83,5640272.0,58555276.0
2012-05-15,39.21,41.16,40.95,38.81,4476822.0,44511816.0
2012-05-14,40.23,40.27,39.66,38.41,3433844.0,33662928.0
2012-05-11,40.79,40.79,39.78,39.78,2941140.0,29266928.0
2012-05-10,40.39,40.99,40.27,40.02,2742313.0,27413894.0
2012-05-09,39.86,41.64,40.59,39.05,6475013.0,64969704.0
2012-05-08,40.23,40.87,40.06,39.21,5223740.0,51709428.0
2012-05-07,38.41,40.39,39.98,37.92,6075362.0,59613472.0
2012-05-04,37.88,39.13,38.77,37.88,6961177.0,66738916.0
2012-05-03,36.99,37.44,37.19,35.98,3950175.0,35932752.0
2012-05-02,37.44,37.96,37.35,37.03,2536850.0,23428126.0
2012-04-27,36.87,37.92,37.19,36.38,1819927.0,16783402.0
2012-04-26,37.11,37.35,37.01,36.59,906116.0,16600712.0
2012-04-25,36.99,37.39,37.11,36.23,981452.0,18013204.0
2012-04-24,36.35,37.55,37.01,35.91,1515698.0,27677562.0
2012-04-23,39.36,39.36,36.85,36.19,2716733.0,50741584.0
2012-04-20,39.75,39.99,39.55,39.24,2175434.0,42773176.0
2012-04-19,39.12,40.43,39.75,39.12,3067328.0,61033064.0
2012-04-18,37.8,39.36,39.16,37.63,2267618.0,43622380.0
2012-04-17,38.3,38.58,37.63,37.39,2040475.0,38391056.0
2012-04-16,38.14,38.68,38.26,37.62,1553991.0,29487602.0
2012-04-13,37.86,38.38,38.18,37.49,2016030.0,38057468.0
2012-04-12,36.63,37.86,37.78,36.39,2709329.0,50335792.0
2012-04-11,36.41,37.17,36.41,36.17,1891586.0,34480560.0
2012-04-09,37.7,37.7,36.19,36.09,1502381.0,27543450.0
2012-04-06,37.31,38.12,37.59,37.19,1496954.0,28068844.0
2012-04-05,36.43,37.8,37.7,36.03,2108381.0,38985896.0
2012-03-30,36.61,37.13,36.43,35.42,1660635.0,30069740.0
2012-03-29,37.31,37.98,37.05,36.41,2001810.0,37131552.0
2012-03-28,38.26,38.26,37.29,36.79,2822558.0,52600820.0
2012-03-27,38.74,39.14,38.4,38.3,1618179.0,31155624.0
2012-03-26,38.3,38.84,38.4,37.84,1869437.0,35609888.0
2012-03-23,39.2,40.05,38.8,38.6,3261278.0,63587168.0
2012-03-22,40.05,40.21,39.36,39.0,3462836.0,68420872.0
2012-03-21,39.16,41.11,40.45,38.7,7258504.0,144236432.0
2012-03-20,40.21,41.13,38.82,38.8,9691081.0,192791424.0
2012-03-19,36.25,37.53,37.39,36.25,2030763.0,37237196.0
2012-03-16,35.3,36.35,36.31,35.18,1726233.0,30817816.0
2012-03-15,35.16,36.15,35.0,34.98,1443169.0,25476416.0
2012-03-14,37.66,37.76,35.36,34.58,2123866.0,38718136.0
2012-03-13,36.69,37.49,37.43,36.69,1547276.0,28503398.0
2012-03-12,37.21,37.27,36.79,36.39,1414373.0,25823358.0
2012-03-09,36.25,37.09,37.09,35.95,1656986.0,30055894.0
2012-03-08,35.91,36.77,36.25,35.91,983830.0,17814728.0
2012-03-07,35.59,36.55,35.89,35.32,1047147.0,18733330.0
2012-03-06,36.57,36.57,35.91,35.4,1337668.0,23939148.0
2012-03-05,36.59,37.8,36.41,36.35,1927369.0,35604088.0
2012-03-02,36.15,36.79,36.57,35.91,1769230.0,31999982.0
2012-03-01,35.28,36.35,35.83,35.28,1874499.0,33469504.0
2012-02-29,35.6,36.49,35.04,34.96,2457857.0,43630352.0
2012-02-28,34.26,35.34,34.98,34.0,1730374.0,29838400.0
2012-02-27,34.58,35.24,34.5,34.3,1424862.0,24609538.0
2012-02-24,34.08,35.55,34.56,33.84,1815006.0,31335402.0
2012-02-23,34.2,34.52,34.16,33.66,1250376.0,21215364.0
2012-02-22,33.17,34.32,34.18,32.89,1732760.0,29160720.0
2012-02-21,32.99,33.27,33.15,32.01,898778.0,14645578.0
2012-02-20,33.67,33.67,33.19,32.93,641045.0,10609740.0
2012-02-17,32.99,33.49,33.27,32.87,781709.0,12890825.0
2012-02-16,33.55,33.57,33.29,32.89,775350.0,12778331.0
2012-02-15,32.69,33.66,33.57,32.31,1319836.0,21796554.0
2012-02-14,33.09,33.41,32.69,32.29,895302.0,14559306.0
2012-02-13,32.95,33.47,32.97,32.57,972496.0,16022093.0
2012-02-10,32.33,33.27,33.19,32.19,1117445.0,18211838.0
2012-02-09,32.19,32.93,32.57,32.01,1204704.0,19511564.0
2012-02-08,31.56,32.31,32.17,31.2,785449.0,12473217.0
2012-02-07,31.68,31.8,31.56,31.16,955694.0,14922719.0
2012-02-06,31.75,32.41,31.68,31.56,1000963.0,15900871.0
2012-02-03,31.12,31.93,31.73,30.86,991232.0,15542790.0
2012-02-02,30.6,31.16,31.12,30.6,531206.0,8156392.0
2012-02-01,30.9,31.77,30.58,30.52,776162.0,12011090.0
2012-01-31,31.1,31.12,30.9,30.34,521727.0,7977997.0
2012-01-30,30.42,31.26,31.16,29.75,1489362.0,22818038.0
2012-01-20,29.41,30.68,30.16,29.41,894805.0,13500573.0
2012-01-19,28.15,30.14,29.41,28.15,885193.0,12895855.0
2012-01-18,30.5,30.5,28.53,28.19,1363266.0,19952370.0
2012-01-17,28.71,30.54,30.5,28.31,1368895.0,20214886.0
2012-01-16,29.15,29.53,28.71,28.21,1782792.0,25741790.0
2012-01-13,31.77,31.91,29.77,29.75,1188253.0,18045928.0
2012-01-12,31.44,32.47,31.66,31.36,844471.0,13422256.0
2012-01-11,31.64,32.95,31.7,31.42,1599034.0,25563424.0
2012-01-10,30.88,32.17,31.79,30.76,1780686.0,28019804.0
2012-01-09,29.35,30.96,30.88,29.31,1462227.0,21988640.0
2012-01-06,28.17,29.88,29.53,28.17,1203426.0,17313520.0
2012-01-05,29.89,29.95,28.93,28.71,1421635.0,20658874.0
2012-01-04,31.04,31.7,29.98,29.91,1189491.0,18353080.0
