date,open,high,close,low,volume,amount
2015-07-07,271.61,279.23,264.29,264.29,31464254.0,1149105920.0
2015-07-06,358.64,358.64,293.66,293.66,27046664.0,1172252800.0
2015-07-03,335.8,366.4,326.3,299.82,22544556.0,1024602752.0
2015-07-02,352.12,361.18,333.12,327.82,20188116.0,965265984.0
2015-07-01,343.78,380.76,349.58,343.78,19942898.0,998268544.0
2015-06-30,326.37,361.83,353.86,300.33,22812076.0,1018116352.0
2015-06-29,384.39,384.39,333.69,333.69,19626792.0,938456320.0
2015-06-26,396.72,406.08,370.76,370.76,16464053.0,870365568.0
2015-06-25,445.31,448.79,411.95,408.9,18177850.0,1077582848.0
2015-06-24,419.93,437.33,434.43,411.95,20575170.0,1218382976.0
2015-06-23,391.93,416.1,415.38,380.93,14368635.0,794870144.0
2015-06-19,411.61,426.3,395.55,383.25,15197511.0,860256960.0
2015-06-18,421.89,445.05,421.46,419.72,19018298.0,1135430656.0
2015-06-17,400.04,427.54,425.65,399.46,21949920.0,1248492800.0
2015-06-16,412.85,416.1,400.98,390.77,15246763.0,843918208.0
2015-06-15,424.79,437.74,412.85,410.38,14025866.0,816579456.0
2015-06-12,434.48,437.09,425.58,419.43,15507755.0,917252288.0
2015-06-11,411.76,434.19,430.65,411.62,19234316.0,1124574208.0
2015-06-10,404.38,419.36,411.4,401.41,16635017.0,941165696.0
2015-06-09,401.63,411.4,401.41,397.65,18379972.0,1027030144.0
2015-06-08,422.62,422.62,402.71,395.12,22289140.0,1242628096.0
2015-06-05,442.01,446.5,423.34,412.92,19870738.0,1175230336.0
2015-06-04,434.19,439.98,434.56,388.31,21343096.0,1241698304.0
2015-06-03,447.07,447.07,429.92,424.13,19220796.0,1148161408.0
2015-06-02,441.43,451.27,444.69,430.57,21063944.0,1281474688.0
2015-06-01,423.77,438.39,435.13,416.46,20540068.0,1218346624.0
2015-05-29,416.83,433.4,421.89,405.32,19134238.0,1119329152.0
2015-05-28,446.79,448.59,415.45,413.86,20044780.0,1198667008.0
2015-05-27,455.9,466.76,446.71,445.12,20911398.0,1310972160.0
2015-05-26,453.73,461.69,449.39,445.99,20332950.0,1268782336.0
2015-05-25,447.22,460.25,449.03,432.75,17778552.0,1093233536.0
2015-05-22,427.82,455.9,442.51,422.98,20830090.0,1263239040.0
2015-05-21,418.27,429.71,426.96,411.04,17761652.0,1032877568.0
2015-05-20,426.96,439.98,418.27,418.27,15757735.0,933491008.0
2015-05-19,392.15,432.67,428.04,385.71,20497314.0,1165435776.0
2015-05-18,372.03,402.43,393.38,371.31,24670834.0,1347513344.0
2015-05-15,360.38,373.77,365.81,359.66,14137995.0,716025344.0
2015-05-14,369.06,370.51,363.85,360.38,12554620.0,630750016.0
2015-05-13,379.19,379.27,369.79,361.9,18162432.0,928876096.0
2015-05-12,377.89,389.33,379.92,369.93,19043716.0,995679360.0
2015-05-11,361.83,378.47,377.82,353.51,22715372.0,1166184832.0
2015-05-08,348.08,360.96,360.02,347.36,13083695.0,640200960.0
2015-05-07,354.95,365.45,343.01,340.12,11679372.0,564424576.0
2015-05-06,361.83,374.93,355.1,353.14,17351734.0,874448960.0
2015-05-05,376.01,376.08,355.31,350.83,17551884.0,873404480.0
2015-05-04,350.97,375.43,374.85,349.38,20389828.0,1019139520.0
2015-04-30,349.45,355.89,349.89,346.7,14775974.0,718209088.0
2015-04-29,339.39,352.71,348.44,336.5,12640672.0,608992768.0
2015-04-28,348.44,358.79,341.28,336.5,15929087.0,756603136.0
2015-04-27,345.55,366.1,351.33,345.55,24657084.0,1213421568.0
2015-04-24,338.67,346.7,344.1,332.88,18297148.0,861134528.0
2015-04-23,342.36,354.59,339.97,335.78,16216817.0,770262976.0
2015-04-22,332.88,342.14,338.09,332.88,16018699.0,748791872.0
2015-04-21,316.31,333.46,331.07,316.31,17931270.0,814195456.0
2015-04-20,329.26,329.63,315.15,314.79,20022652.0,891610304.0
2015-04-17,353.65,353.8,333.32,331.07,23279148.0,1094570624.0
2015-04-16,322.75,355.82,341.78,318.77,26218498.0,1246301056.0
2015-04-15,339.97,341.28,323.47,322.61,13483465.0,612815296.0
2015-04-14,344.46,344.61,336.93,336.07,13459301.0,632346880.0
2015-04-13,344.46,354.59,344.82,342.22,18149508.0,869279296.0
2015-04-10,334.33,342.87,342.29,329.26,16110531.0,754894592.0
2015-04-09,333.53,340.12,339.32,308.49,26253088.0,1171963648.0
2015-04-08,350.61,351.33,333.1,329.77,22187086.0,1033953728.0
2015-04-07,356.76,366.39,350.11,343.08,20440574.0,996325120.0
2015-04-03,331.43,352.2,348.73,329.77,24426108.0,1168163968.0
2015-04-02,321.16,350.9,335.63,318.41,24757142.0,1140648704.0
2015-04-01,313.7,324.7,319.64,311.17,19491686.0,861319616.0
2015-03-31,311.68,321.3,313.63,309.07,21702486.0,945979200.0
2015-03-30,309.72,314.72,311.61,303.79,19862692.0,847646208.0
2015-03-27,301.19,308.49,307.55,297.42,18811150.0,788896512.0
2015-03-26,318.99,318.99,301.91,295.25,28501988.0,1208401920.0
2015-03-25,325.64,337.8,321.74,318.41,37206744.0,1676447104.0
2015-03-24,292.21,313.42,313.42,291.92,42310312.0,1764910592.0
2015-03-23,279.33,287.22,284.9,274.99,24951100.0,972187520.0
2015-03-20,276.0,280.71,275.79,274.26,17228460.0,658355904.0
2015-03-19,282.37,282.37,276.36,274.99,15286473.0,587112832.0
2015-03-18,278.1,284.4,282.88,274.99,21183200.0,817535936.0
2015-03-17,279.48,281.86,277.88,275.35,15353821.0,591286400.0
2015-03-16,273.18,279.69,277.01,272.82,15839585.0,603930560.0
2015-03-13,268.55,274.99,271.66,268.55,9140069.0,343161056.0
2015-03-12,271.73,272.31,269.85,265.15,8038027.0,297623680.0
2015-03-11,276.22,276.73,268.77,267.75,8561660.0,319238528.0
2015-03-10,277.16,279.33,274.12,272.09,10522295.0,401082848.0
2015-03-09,268.19,278.61,276.94,267.75,14376767.0,543767936.0
2015-03-06,277.3,278.61,268.19,267.75,12478216.0,466191616.0
2015-03-05,281.28,289.39,277.3,274.99,12509082.0,483725632.0
2015-03-04,282.23,282.23,280.78,275.57,15506650.0,597401472.0
2015-03-03,289.1,294.38,285.12,281.5,30519992.0,1215312000.0
2015-03-02,278.68,294.31,285.77,278.61,38781232.0,1527089920.0
2015-02-27,266.59,267.75,267.54,261.67,9557280.0,349489952.0
2015-02-26,269.42,274.19,265.94,263.05,13349264.0,493014752.0
2015-02-25,263.41,278.97,267.61,263.41,25955268.0,977457088.0
2015-02-17,257.04,261.96,258.92,252.56,11832616.0,421018528.0
2015-02-16,248.14,259.65,257.62,247.85,16496752.0,580460160.0
2015-02-13,239.38,249.59,244.6,238.88,17905170.0,608434880.0
2015-02-12,237.72,240.33,237.43,235.91,6873453.0,225930832.0
2015-02-11,241.41,244.88,237.21,235.91,10020000.0,334347584.0
2015-02-10,234.54,240.98,240.69,233.89,8078929.0,265307328.0
2015-02-09,232.73,236.56,234.54,231.72,7492097.0,243241712.0
2015-02-06,238.81,238.81,231.06,228.68,11114122.0,357071680.0
2015-02-05,244.6,245.9,239.6,239.53,10683204.0,359151104.0
2015-02-04,242.57,245.18,244.6,239.53,12210334.0,409994816.0
2015-02-03,241.7,242.93,241.27,236.71,18677898.0,619892608.0
2015-02-02,245.18,245.68,240.98,238.81,25404096.0,851198272.0
2015-01-30,253.28,260.52,253.42,252.41,9080928.0,321119648.0
2015-01-29,262.32,262.32,253.71,252.41,11430631.0,405077888.0
2015-01-28,267.75,272.6,263.12,262.32,8328851.0,304609632.0
2015-01-27,265.94,274.12,267.82,265.94,17021548.0,635782144.0
2015-01-26,263.92,269.2,265.8,263.41,8378120.0,307846336.0
2015-01-23,268.84,271.3,263.7,260.95,9928837.0,363932576.0
2015-01-22,262.47,270.43,269.35,262.47,12569056.0,464054720.0
2015-01-21,262.69,274.05,264.5,262.69,17350288.0,641026304.0
2015-01-20,250.17,258.85,257.77,250.17,12083700.0,426083488.0
2015-01-19,251.62,265.37,249.88,244.6,16844062.0,598953088.0
2015-01-16,255.59,259.14,258.35,251.83,10813724.0,382551680.0
2015-01-15,250.24,263.41,255.59,249.3,11506944.0,410847136.0
2015-01-14,257.69,259.94,250.38,250.38,9339684.0,330855680.0
2015-01-13,253.28,257.33,256.9,251.83,7524624.0,264665104.0
2015-01-12,252.56,255.02,254.58,245.9,9887084.0,341358880.0
2015-01-09,259.43,263.7,252.63,252.41,11460519.0,409926560.0
2015-01-08,257.19,264.86,258.63,254.8,13224746.0,477235808.0
2015-01-07,262.69,265.94,258.35,254.15,15420632.0,552384704.0
2015-01-06,245.9,264.21,262.83,244.6,18783738.0,662155712.0
2015-01-05,248.94,251.11,245.9,241.56,16646387.0,566237504.0
2014-12-31,245.32,252.19,251.83,243.66,10614085.0,363632800.0
2014-12-30,255.67,257.55,243.15,238.88,16784264.0,567446400.0
2014-12-29,258.49,263.19,255.09,252.92,13441564.0,478678176.0
2014-12-26,260.52,261.89,256.68,254.07,9307481.0,331239840.0
2014-12-25,256.9,256.9,256.17,249.66,10888177.0,381695040.0
2014-12-24,249.73,256.9,253.93,245.9,12967163.0,452616800.0
2014-12-23,257.69,264.13,245.9,245.39,13509620.0,472942080.0
2014-12-22,263.41,267.17,259.07,249.66,14386890.0,515355424.0
2014-12-19,266.6,269.63,267.75,257.33,12625420.0,459454880.0
2014-12-18,263.48,282.15,268.84,263.41,19704358.0,746958848.0
2014-12-17,267.75,271.3,265.22,261.89,11007138.0,403717856.0
2014-12-16,275.35,276.94,270.5,266.31,15651187.0,587591744.0
2014-12-15,272.82,282.08,275.35,269.78,18300244.0,696873728.0
2014-12-12,263.41,278.54,274.77,254.15,29823660.0,1099350272.0
2014-12-11,262.69,271.37,262.47,256.9,40853656.0,1502292608.0
2014-12-10,230.7,253.93,253.93,228.82,35722312.0,1228203392.0
2014-12-09,239.17,245.97,230.85,230.12,22846560.0,754895360.0
2014-12-08,238.52,246.62,241.34,236.35,19327728.0,647782080.0
2014-12-05,247.34,248.21,240.11,231.57,25603152.0,855097536.0
2014-12-04,246.04,248.79,245.17,241.84,23198396.0,784979904.0
2014-12-03,231.57,250.31,247.49,225.78,45325396.0,1477964544.0
2014-12-02,235.19,237.94,228.6,227.23,34390756.0,1094666240.0
2014-11-28,225.27,226.94,225.49,222.16,13838166.0,428974496.0
2014-11-27,223.18,226.29,224.41,221.15,12253079.0,379922560.0
2014-11-26,220.71,227.23,222.38,219.63,13685842.0,423184928.0
2014-11-25,213.91,220.71,219.99,212.83,12208362.0,368597760.0
2014-11-24,215.94,216.23,213.91,211.38,10494179.0,309552416.0
2014-11-21,211.31,215.65,214.06,209.43,8066483.0,237945744.0
2014-11-20,212.54,213.48,210.0,208.49,5229564.0,151983520.0
2014-11-19,213.55,215.5,212.39,210.29,8161382.0,240142944.0
2014-11-18,205.52,212.97,212.68,205.52,13842714.0,401936128.0
2014-11-17,200.45,206.82,204.79,200.45,6400806.0,181473952.0
2014-11-14,199.44,202.84,200.74,199.29,4672844.0,129807744.0
2014-11-13,202.62,202.62,199.22,195.53,11018653.0,302505312.0
2014-11-12,203.49,205.88,202.84,201.18,5945248.0,166590160.0
2014-11-11,209.72,209.79,203.56,202.7,6919699.0,196056864.0
2014-11-10,208.41,211.31,209.72,206.89,6294903.0,181539728.0
2014-11-07,212.32,216.37,209.06,208.12,10360202.0,304265376.0
2014-11-06,204.0,212.25,212.25,202.99,10497971.0,302218496.0
2014-11-05,201.9,205.16,204.07,200.81,5602599.0,157309200.0
2014-11-04,207.76,208.34,202.62,202.55,9184517.0,258927008.0
2014-11-03,205.37,208.56,207.54,205.37,6085514.0,174153184.0
2014-10-31,208.41,208.85,205.16,204.0,7287439.0,207012768.0
2014-10-30,208.41,210.8,208.12,207.4,6033378.0,174288016.0
2014-10-29,209.93,211.67,208.7,206.6,7984473.0,230283456.0
2014-10-28,204.87,209.43,208.92,204.79,6381729.0,183737632.0
2014-10-27,199.0,204.79,204.5,197.92,5597325.0,157147760.0
2014-10-24,204.79,205.45,201.03,200.53,5791732.0,162042288.0
2014-10-23,212.32,212.32,203.78,201.75,8730213.0,248672208.0
2014-10-22,214.93,215.5,211.89,209.28,7168840.0,210292704.0
2014-10-21,215.43,218.18,214.64,213.69,6578979.0,196570736.0
2014-10-20,215.0,215.79,215.5,212.75,5695907.0,169217008.0
2014-10-17,216.37,216.37,214.2,209.14,7157524.0,209979200.0
2014-10-16,212.18,217.75,214.71,209.93,9592132.0,284493696.0
2014-10-15,215.29,215.79,214.2,211.74,8255665.0,243850992.0
2014-10-14,217.31,219.27,214.93,213.19,12198445.0,363666016.0
2014-10-13,220.86,220.86,218.25,216.23,6569402.0,197850912.0
2014-10-10,226.87,226.87,222.96,220.57,10125887.0,311825312.0
2014-10-09,224.12,229.33,225.64,223.61,12325543.0,385564672.0
2014-10-08,219.12,223.18,222.89,218.04,9938055.0,303218464.0
2014-09-30,217.24,218.98,218.98,215.87,10003082.0,300691520.0
2014-09-29,219.77,221.44,216.23,215.36,16607361.0,498564448.0
2014-09-26,221.44,221.44,219.7,217.1,9633803.0,291300224.0
2014-09-25,225.27,228.75,221.8,220.57,8533701.0,264714176.0
2014-09-24,223.03,225.42,225.35,221.22,8529275.0,263532192.0
2014-09-23,224.84,226.87,222.52,220.21,10742455.0,331016736.0
2014-09-22,231.57,231.57,223.61,223.25,6154640.0,192035616.0
2014-09-19,230.19,232.44,231.79,228.75,8088840.0,258100224.0
2014-09-18,224.98,228.53,227.95,223.61,8779022.0,275206432.0
2014-09-17,223.61,226.5,224.19,222.16,7155414.0,221403472.0
2014-09-16,226.43,231.35,222.74,221.44,12028091.0,376727584.0
2014-09-15,232.29,233.96,224.62,223.46,17612146.0,550405184.0
2014-09-12,237.5,237.94,234.1,231.42,9004829.0,291062432.0
2014-09-11,237.0,240.25,238.88,234.75,5994357.0,197076016.0
2014-09-10,238.81,240.25,236.49,234.03,6230828.0,204496512.0
2014-09-09,232.65,240.76,236.27,232.65,8970744.0,293378848.0
2014-09-05,230.92,234.17,231.42,228.75,7124567.0,228160832.0
2014-09-04,227.37,234.03,230.84,227.37,7329545.0,234048368.0
2014-09-03,230.63,234.46,229.98,228.17,5388402.0,172107120.0
2014-09-02,230.92,235.19,230.63,230.12,6744474.0,215926656.0
2014-09-01,224.4,230.7,230.48,222.59,10999155.0,347502368.0
2014-08-29,218.98,225.78,223.1,217.82,5138217.0,158285136.0
2014-08-28,222.74,224.84,218.54,217.75,6622426.0,202579616.0
2014-08-27,215.36,223.32,220.42,215.36,7683810.0,234523712.0
2014-08-26,223.97,226.0,216.08,215.29,7287510.0,220871008.0
2014-08-25,225.13,229.76,223.9,218.62,8876233.0,275382560.0
2014-08-22,221.29,229.32,225.13,218.54,10463803.0,326473952.0
2014-08-21,213.48,222.59,220.79,213.48,13842836.0,420255936.0
2014-08-20,217.09,217.53,212.83,211.81,6446024.0,191507152.0
2014-08-19,212.03,217.67,216.52,212.03,13321831.0,398156320.0
2014-08-18,207.69,211.6,211.16,207.69,6847051.0,198699440.0
2014-08-15,205.59,209.13,209.13,201.18,10519282.0,297420992.0
2014-08-14,209.35,211.88,205.37,204.79,6908169.0,199383728.0
2014-08-13,208.48,211.52,208.41,206.53,6908261.0,199417328.0
2014-08-12,209.35,210.58,209.13,207.54,5657058.0,163323104.0
2014-08-11,202.55,210.58,209.42,202.55,12957239.0,372348992.0
2014-08-08,203.35,205.3,201.97,201.68,5399032.0,151557504.0
2014-08-07,204.79,209.35,202.19,201.9,9989071.0,285014208.0
2014-08-06,203.93,205.44,204.0,201.18,9234713.0,259871296.0
2014-08-05,196.11,205.16,204.21,195.6,19275968.0,534978880.0
2014-08-04,193.94,198.06,196.83,193.94,7585985.0,206195888.0
2014-08-01,191.98,198.06,195.38,191.98,8702258.0,235945568.0
2014-07-31,195.1,195.38,193.79,192.56,5974877.0,159870896.0
2014-07-30,192.49,198.28,195.1,192.49,9028468.0,244048320.0
2014-07-29,189.96,196.54,194.01,187.5,13584403.0,362746400.0
2014-07-28,182.72,189.6,188.51,182.36,9743773.0,250590624.0
2014-07-25,181.78,183.44,182.07,180.19,5601347.0,140699120.0
2014-07-24,185.91,186.77,180.69,179.03,10069377.0,252209056.0
2014-07-23,191.04,192.35,185.69,184.1,7236467.0,186805328.0
2014-07-22,189.23,191.62,191.48,187.5,4594049.0,120582776.0
2014-07-21,192.35,192.49,188.22,183.95,6081743.0,158009392.0
2014-07-18,197.92,198.35,191.98,191.04,8668180.0,232500560.0
2014-07-17,195.38,199.0,197.92,194.37,4868554.0,132148712.0
2014-07-16,197.92,198.28,195.6,195.38,3492812.0,94910648.0
2014-07-15,198.64,199.87,197.7,196.33,5112417.0,139837056.0
2014-07-14,193.07,198.21,198.21,192.35,6672661.0,180539648.0
2014-07-11,191.77,194.16,192.85,191.62,7389021.0,196858256.0
2014-07-10,195.96,198.71,191.98,191.84,8214313.0,220120288.0
2014-07-09,199.0,200.6,196.98,196.18,6487467.0,178193248.0
2014-07-08,196.4,198.35,197.85,194.66,6955384.0,188890608.0
2014-07-07,206.89,207.33,196.47,195.38,17894876.0,490554432.0
2014-07-04,211.74,211.88,206.75,204.65,9558615.0,273199296.0
2014-07-03,212.03,213.69,212.17,211.38,3574080.0,104886320.0
2014-07-02,213.55,214.06,211.31,210.22,3795691.0,111171824.0
2014-07-01,212.54,214.2,211.88,210.37,3079507.0,90038344.0
2014-06-30,213.98,214.49,211.67,208.12,6070320.0,176777472.0
2014-06-27,213.48,215.86,213.84,213.26,3086589.0,91662312.0
2014-06-26,212.75,216.08,214.42,211.96,4513827.0,134024680.0
2014-06-25,213.33,214.92,212.75,207.76,3767763.0,110064824.0
2014-06-24,215.65,216.37,213.19,212.1,3770811.0,111607328.0
2014-06-23,212.1,217.46,214.27,212.1,4270321.0,126751824.0
2014-06-20,209.28,213.19,211.96,208.05,5720805.0,166597328.0
2014-06-19,213.48,216.95,208.48,205.88,6673439.0,195127232.0
2014-06-18,217.09,220.28,212.9,212.68,7003101.0,208639392.0
2014-06-17,216.08,218.25,211.31,210.22,7798347.0,230306912.0
2014-06-16,206.45,217.34,215.84,206.45,10088852.0,359450560.0
2014-06-13,200.55,209.28,207.17,200.55,6741630.0,230406992.0
2014-06-12,203.38,204.82,201.57,200.13,5734764.0,193216928.0
2014-06-11,198.93,207.95,205.55,198.93,11810458.0,402222752.0
2014-06-10,192.31,196.22,195.62,192.06,3742984.0,121007968.0
2014-06-09,195.13,196.82,192.06,191.7,3440892.0,110510208.0
2014-06-06,200.61,202.0,195.62,194.71,5578717.0,182211856.0
2014-06-05,198.62,200.85,200.43,195.92,4721184.0,155419248.0
2014-06-04,194.71,199.23,197.6,194.05,3216108.0,105070928.0
2014-06-03,202.24,202.24,195.25,194.71,4306169.0,140880000.0
2014-05-30,201.57,203.26,200.91,200.13,2648744.0,88758032.0
2014-05-29,200.31,203.2,200.85,198.69,4831104.0,161509904.0
2014-05-28,196.82,200.19,200.01,192.61,5450017.0,177940752.0
2014-05-27,199.89,200.97,196.58,194.53,3983931.0,130588288.0
2014-05-26,201.33,202.72,199.83,198.62,4759210.0,158156784.0
2014-05-23,197.84,199.23,199.17,196.52,2856965.0,93973800.0
2014-05-22,201.21,204.46,197.96,197.96,3415638.0,114643888.0
2014-05-21,194.47,199.95,199.83,193.81,2978405.0,97752384.0
2014-05-20,194.41,199.65,194.89,193.99,4598812.0,150825136.0
2014-05-19,197.12,197.12,191.04,190.56,5761324.0,185120864.0
2014-05-16,202.3,203.92,196.22,195.62,7210512.0,237940320.0
2014-05-15,213.13,213.67,204.64,201.63,6601621.0,225258240.0
2014-05-14,206.45,213.07,212.41,206.45,3372879.0,118398024.0
2014-05-13,208.68,211.26,208.07,207.77,2490196.0,86770888.0
2014-05-12,207.05,209.58,208.56,202.9,3134676.0,107809880.0
2014-05-09,204.34,207.47,205.79,201.15,3934117.0,134022416.0
2014-05-08,210.12,210.12,204.34,202.9,6469081.0,221342112.0
2014-05-07,215.54,216.02,211.87,208.86,4627444.0,163193312.0
2014-05-06,217.16,222.58,216.5,215.9,5006762.0,182901968.0
2014-05-05,212.47,217.89,217.4,210.9,5170336.0,185358928.0
2014-04-30,214.57,215.9,214.09,211.81,3006544.0,106872584.0
2014-04-29,203.44,214.15,214.15,202.12,5184044.0,181475072.0
2014-04-28,208.19,208.19,203.5,198.93,4817973.0,162009584.0
2014-04-25,211.75,215.54,208.86,208.38,3961369.0,140156864.0
2014-04-24,211.51,215.9,212.11,210.96,5959342.0,211925280.0
2014-04-23,208.56,212.47,210.96,205.25,5908174.0,206767888.0
2014-04-22,208.86,213.07,207.71,203.2,5231486.0,180496128.0
2014-04-21,207.05,214.27,208.25,205.97,5866731.0,205762224.0
2014-04-18,205.55,210.66,209.46,203.5,5929254.0,205181376.0
2014-04-17,199.29,205.85,205.37,199.29,4965807.0,167462640.0
2014-04-16,199.65,202.12,199.11,197.48,3687394.0,122011032.0
2014-04-15,205.85,207.29,201.03,200.49,3258489.0,109858808.0
2014-04-14,203.8,207.59,205.37,202.06,7786880.0,264880400.0
2014-04-11,204.1,204.1,200.61,198.38,5604637.0,187015008.0
2014-04-10,208.13,210.42,205.31,205.0,4672292.0,161363456.0
2014-04-09,209.34,213.19,207.83,206.45,6107426.0,212746352.0
2014-04-08,203.44,210.36,210.18,200.37,7039185.0,241370752.0
2014-04-04,204.16,205.61,204.52,200.43,4689227.0,158273184.0
2014-04-03,206.75,209.28,204.16,202.24,5570001.0,190820112.0
2014-04-02,205.85,210.06,206.63,201.69,7754852.0,264985424.0
2014-04-01,200.25,206.99,205.12,199.29,8890427.0,301854368.0
2014-03-31,195.62,202.12,198.81,192.61,7165856.0,235981952.0
2014-03-28,190.26,196.22,195.37,180.63,12130303.0,384267040.0
2014-03-27,196.88,197.42,190.2,189.24,6053532.0,192901024.0
2014-03-26,195.31,197.42,195.92,194.17,4620001.0,150462816.0
2014-03-25,194.05,197.72,195.25,192.91,6288526.0,204972016.0
2014-03-24,194.41,196.82,194.05,190.2,8750952.0,282077440.0
2014-03-21,190.14,194.17,193.09,187.19,9778866.0,310463264.0
2014-03-20,194.05,198.32,191.7,187.07,13891598.0,443808064.0
2014-03-19,212.17,212.17,194.89,194.89,17062876.0,568350912.0
2014-03-18,213.49,215.96,212.59,210.54,5613555.0,198836128.0
2014-03-17,211.56,214.27,213.13,210.12,4928341.0,173963808.0
2014-03-14,213.01,217.82,211.5,210.24,3518995.0,124073424.0
2014-03-13,207.23,214.88,214.33,207.23,6968618.0,245853728.0
2014-03-12,209.46,210.96,207.23,206.63,4676439.0,162224096.0
2014-03-11,207.17,211.14,209.46,205.85,4570983.0,158244016.0
2014-03-10,209.16,212.71,207.35,206.15,5095435.0,176993280.0
2014-03-07,211.87,214.27,209.16,207.71,6096929.0,212788576.0
2014-03-06,218.55,218.91,212.59,208.86,7146561.0,251977072.0
2014-03-05,222.16,224.63,219.15,217.52,4976950.0,181706880.0
2014-03-04,224.15,224.51,219.09,217.28,5480852.0,200620192.0
2014-03-03,215.84,225.65,224.02,215.6,6859621.0,253155936.0
2014-02-28,210.06,216.38,214.94,207.71,5153198.0,183183232.0
2014-02-27,212.29,218.79,210.96,210.66,9556423.0,340394656.0
2014-02-26,218.91,221.92,211.02,204.64,15152988.0,534955040.0
2014-02-25,237.21,237.75,219.03,216.68,12996231.0,491970368.0
2014-02-24,235.1,236.66,236.12,232.33,7488740.0,291943584.0
2014-02-21,233.9,237.75,233.53,232.33,7441632.0,289466272.0
2014-02-20,241.36,241.84,234.08,232.27,8691993.0,339040768.0
2014-02-19,244.37,246.17,240.76,238.95,7970040.0,319599008.0
2014-02-18,251.95,252.74,241.96,241.36,9737079.0,394995520.0
2014-02-17,255.2,257.61,251.41,250.39,6662595.0,279593568.0
2014-02-14,248.58,253.76,251.65,246.41,4506902.0,187253440.0
2014-02-13,258.69,258.69,247.98,247.98,9439501.0,395569728.0
2014-02-12,246.78,259.36,257.01,246.78,12958061.0,550481344.0
2014-02-11,232.03,244.37,242.68,232.03,11542791.0,461213376.0
2014-02-10,225.41,232.15,231.13,225.41,7761762.0,296597920.0
2014-02-07,223.3,227.82,224.51,223.06,6525197.0,243696384.0
2014-01-30,231.43,231.49,223.3,221.56,8718628.0,325155488.0
2014-01-29,233.66,237.87,232.09,229.32,5898898.0,227321200.0
2014-01-28,240.16,243.65,233.41,230.71,6172648.0,242005792.0
2014-01-27,245.27,247.98,240.76,240.7,5050769.0,204551936.0
2014-01-24,240.46,248.88,247.08,239.43,6263678.0,255564400.0
2014-01-23,239.55,242.38,239.25,238.47,5390745.0,214921760.0
2014-01-22,232.99,240.16,238.95,231.13,4129018.0,161909552.0
2014-01-21,229.2,236.48,232.39,229.2,2803349.0,108467152.0
2014-01-20,234.32,237.87,229.2,228.12,6191573.0,238709472.0
2014-01-17,237.45,241.6,234.74,234.2,4706790.0,184998320.0
2014-01-16,244.73,247.98,238.83,234.8,5697207.0,226531344.0
2014-01-15,245.57,254.6,244.97,244.91,3410296.0,141060608.0
2014-01-14,240.76,247.74,244.37,238.89,5972750.0,241101072.0
2014-01-13,250.09,251.59,237.15,234.14,10408508.0,417871136.0
2014-01-10,259.54,260.02,249.79,248.28,4041383.0,170410320.0
2014-01-09,259.66,264.71,259.78,255.87,3524535.0,152070736.0
2014-01-08,259.48,273.86,259.72,259.42,7323068.0,323699712.0
2014-01-07,243.71,260.02,256.47,242.02,7125338.0,298701184.0
2014-01-06,244.19,247.8,245.27,243.29,5430729.0,221522736.0
2014-01-03,242.86,245.39,243.04,240.82,3651888.0,147559376.0
2014-01-02,241.72,246.72,242.56,238.35,8792314.0,352306304.0
2013-12-31,245.09,248.82,246.72,239.85,4503993.0,182624880.0
2013-12-30,246.6,249.18,247.5,243.16,3489818.0,142895312.0
2013-12-27,235.64,245.09,243.77,235.64,3785016.0,152148960.0
2013-12-26,240.76,240.76,237.09,236.24,2366009.0,93827480.0
2013-12-25,237.69,242.68,239.25,236.54,3250702.0,129267000.0
2013-12-24,236.6,237.99,235.94,232.63,2559427.0,100140560.0
2013-12-23,234.14,236.36,232.87,231.73,1871315.0,72644504.0
2013-12-20,236.48,238.29,235.28,230.59,2252935.0,87532576.0
2013-12-19,234.8,240.76,235.28,233.53,2325338.0,91826416.0
2013-12-18,235.1,235.82,231.85,231.01,1756849.0,67942816.0
2013-12-17,240.52,240.52,235.04,230.89,3004477.0,117390264.0
2013-12-16,240.52,243.28,241.24,236.54,4056328.0,162102400.0
2013-12-13,237.81,242.56,237.15,235.7,4600063.0,182753920.0
2013-12-12,229.92,240.46,240.16,229.92,6185367.0,243119600.0
2013-12-11,226.43,232.39,229.08,226.43,3888130.0,148064736.0
2013-12-10,234.8,236.91,226.43,225.11,7395001.0,280882048.0
2013-12-09,231.13,235.94,234.62,231.13,4764870.0,185422736.0
2013-12-06,239.49,240.4,229.62,229.02,8534577.0,330500448.0
2013-12-05,250.09,251.89,239.49,238.35,9477233.0,383482560.0
2013-12-04,253.4,260.74,252.74,250.21,2972888.0,126304544.0
2013-12-03,250.39,255.8,252.79,246.84,4370061.0,182334160.0
2013-12-02,253.7,269.65,252.68,249.79,8327931.0,358163488.0
2013-11-29,266.64,273.8,270.85,266.64,2473770.0,111302120.0
2013-11-28,269.65,270.07,265.62,265.31,2796126.0,124334424.0
2013-11-27,264.71,268.99,267.0,262.91,2711599.0,120080000.0
2013-11-26,264.77,266.34,263.93,262.91,1840739.0,80925224.0
2013-11-25,260.98,266.1,264.05,258.45,3781332.0,166031072.0
2013-11-22,258.21,260.44,258.45,255.81,2426221.0,103841976.0
2013-11-21,262.43,262.43,255.93,252.19,4102759.0,174600144.0
2013-11-20,268.32,268.32,262.67,259.48,2123200.0,92305536.0
2013-11-19,266.64,269.05,263.63,261.22,3203565.0,140959392.0
2013-11-18,261.82,269.05,266.34,261.82,5043903.0,223459296.0
2013-11-15,255.81,264.11,260.32,255.08,5009174.0,217898816.0
2013-11-14,252.31,257.91,255.81,250.51,2318616.0,97983984.0
2013-11-13,254.0,257.49,251.17,249.97,2968052.0,125428008.0
2013-11-12,249.85,254.72,252.19,249.79,1968552.0,82512024.0
2013-11-11,244.19,252.07,249.49,242.08,2145467.0,88358464.0
2013-11-08,251.59,252.07,243.95,241.36,3870930.0,158347712.0
2013-11-07,252.91,257.43,251.59,248.88,3346798.0,141142096.0
2013-11-06,250.63,263.93,252.92,250.63,7441543.0,319910240.0
2013-11-05,245.51,250.99,250.63,240.46,4087691.0,167614288.0
2013-11-04,241.06,248.88,246.11,241.06,4467796.0,182637824.0
2013-11-01,256.29,257.01,241.3,239.55,7534780.0,304588384.0
2013-10-31,251.59,256.41,252.79,247.98,3349828.0,140445472.0
2013-10-30,248.7,254.18,252.25,247.98,3092414.0,128730744.0
2013-10-29,253.94,258.03,248.16,240.28,6324802.0,260941904.0
2013-10-28,261.7,263.63,255.81,251.47,5427264.0,230533792.0
2013-10-25,266.94,267.78,260.26,258.81,5148736.0,224239216.0
2013-10-24,263.15,267.72,263.09,258.81,3708335.0,161779264.0
2013-10-23,276.33,276.33,264.17,263.33,6527936.0,289904320.0
2013-10-22,283.43,295.41,276.33,276.09,10231947.0,485782336.0
2013-10-21,273.62,288.31,281.75,270.85,10806948.0,505658592.0
2013-10-18,268.38,273.74,273.62,257.25,9201113.0,406990432.0
2013-10-17,261.7,277.23,265.5,261.52,9419967.0,423542784.0
2013-10-16,267.9,269.53,256.95,251.59,7698176.0,330398912.0
2013-10-15,274.52,276.87,270.19,267.96,4551347.0,205416496.0
2013-10-14,276.87,283.19,276.87,267.84,9227096.0,419438816.0
2013-10-11,265.31,279.28,277.77,265.31,8663811.0,398027328.0
2013-10-10,270.73,272.0,264.23,261.22,4117081.0,182471680.0
2013-10-09,262.12,276.21,269.65,262.12,7474303.0,337060448.0
2013-10-08,245.03,268.5,263.99,245.03,11631130.0,500045216.0
2013-09-30,244.91,246.78,244.97,239.85,4794821.0,194282944.0
2013-09-27,241.84,244.07,242.86,240.28,2317796.0,93417504.0
2013-09-26,242.98,245.99,241.78,240.16,3089152.0,124890480.0
2013-09-25,248.58,250.39,243.04,242.56,4862291.0,199213584.0
2013-09-24,253.64,256.59,250.39,250.39,4288823.0,180411200.0
2013-09-23,252.8,255.69,254.06,250.39,4740395.0,199734768.0
2013-09-18,249.37,254.48,252.19,246.78,4622186.0,192935840.0
2013-09-17,244.97,253.82,249.61,244.37,6928579.0,288259744.0
2013-09-16,242.44,247.98,243.77,240.03,3910682.0,159298624.0
2013-09-13,244.49,244.49,242.44,240.09,3247561.0,130687928.0
2013-09-12,238.95,246.48,239.85,235.94,4662770.0,186790080.0
2013-09-11,244.07,246.78,239.85,236.54,6785236.0,271113152.0
2013-09-10,253.28,254.12,244.37,243.71,7885189.0,324314656.0
2013-09-09,255.2,256.35,252.79,243.77,6785830.0,281571584.0
2013-09-06,250.99,257.91,255.2,247.98,7493144.0,314934816.0
2013-09-05,246.66,249.12,248.04,244.97,3962531.0,162688400.0
2013-09-04,247.08,252.62,246.6,244.31,4469122.0,185221904.0
2013-09-03,248.76,249.6,246.96,243.59,4651670.0,190965296.0
2013-09-02,237.09,248.4,247.68,234.8,6234921.0,252333152.0
2013-08-30,241.3,246.05,234.74,234.74,4545590.0,180950240.0
2013-08-29,240.82,246.66,241.0,239.91,5243409.0,210912336.0
2013-08-28,252.79,254.48,240.76,240.58,7603462.0,313301824.0
2013-08-27,254.78,255.81,253.22,249.79,3853412.0,161843232.0
2013-08-26,255.75,257.31,254.48,250.39,5285625.0,223221472.0
2013-08-23,256.35,260.62,256.41,252.19,3999071.0,170274656.0
2013-08-22,259.66,261.82,254.6,254.0,4628701.0,197411408.0
2013-08-21,259.3,263.33,259.66,256.53,3422198.0,148141104.0
2013-08-20,257.61,265.13,260.02,256.47,5802497.0,252098336.0
2013-08-19,249.18,258.09,257.79,246.78,5611433.0,237034240.0
2013-08-16,254.12,259.18,249.0,248.58,5980464.0,253967680.0
2013-08-15,253.76,257.01,253.88,251.89,4950134.0,209854912.0
2013-08-14,255.62,257.49,254.0,250.21,6394938.0,269776928.0
2013-08-13,255.08,257.49,256.17,251.65,5006838.0,212164688.0
2013-08-12,262.73,267.42,253.22,246.78,12349732.0,526350400.0
2013-08-09,264.47,267.72,256.35,253.7,5957813.0,256104304.0
2013-08-08,261.28,267.72,264.47,257.91,6732185.0,294960832.0
2013-08-07,272.78,272.78,262.97,261.82,9241780.0,407309600.0
2013-08-06,279.88,280.48,274.28,270.25,9884931.0,449254656.0
2013-08-05,280.84,284.39,283.19,274.95,4525233.0,210174288.0
2013-08-02,280.24,285.24,280.18,277.23,5221068.0,244318976.0
2013-08-01,268.44,282.71,280.24,268.44,9267198.0,427342368.0
2013-07-31,255.5,266.7,264.65,255.5,4463849.0,194798000.0
2013-07-30,265.68,268.93,254.0,250.15,8084512.0,343553728.0
2013-07-29,271.45,276.09,263.69,263.39,4979960.0,222889872.0
2013-07-26,264.89,276.51,272.54,261.82,4850036.0,217725024.0
2013-07-25,284.21,285.18,266.94,266.76,7453392.0,338392000.0
2013-07-24,275.01,284.94,284.1,272.78,5568731.0,259225488.0
2013-07-23,270.85,282.23,274.82,269.05,5892111.0,270435200.0
2013-07-22,254.18,270.07,267.84,252.98,5318897.0,234346608.0
2013-07-19,252.86,265.07,254.9,252.86,4875095.0,211031344.0
2013-07-18,257.61,262.43,255.38,255.2,5026693.0,215089904.0
2013-07-17,258.21,268.99,260.32,255.81,5317894.0,231698464.0
2013-07-16,261.82,265.38,259.42,254.9,5364205.0,230893552.0
2013-07-15,246.78,263.63,263.63,244.37,9156258.0,386429984.0
2013-07-11,238.95,243.71,241.24,236.43,6873865.0,273954816.0
2013-07-10,237.75,243.77,239.92,234.74,4346121.0,174221552.0
2013-07-09,227.58,237.75,237.57,226.97,3181166.0,123060392.0
2013-07-08,229.5,238.35,228.12,226.31,3921097.0,150722320.0
2013-07-05,243.29,244.67,233.78,232.93,4212732.0,166728640.0
2013-07-04,247.38,248.34,241.42,238.95,4267097.0,172420224.0
2013-07-03,241.66,250.87,248.46,234.74,6083507.0,246271024.0
2013-07-02,237.75,242.56,241.36,234.8,5832139.0,233545488.0
2013-07-01,226.79,238.17,236.79,223.12,4967943.0,192597264.0
2013-06-28,224.33,231.01,226.79,218.85,3494408.0,131068464.0
2013-06-27,234.74,244.85,225.71,224.03,8966810.0,351775552.0
2013-06-26,217.89,234.02,233.41,217.89,8517852.0,322155872.0
2013-06-25,210.66,220.23,216.14,191.76,9862730.0,338586976.0
2013-06-24,226.31,228.66,213.07,212.05,6077766.0,219556768.0
2013-06-21,218.55,229.8,225.71,215.24,6017522.0,222870064.0
2013-06-20,235.34,236.3,223.0,221.92,7372801.0,278740480.0
2013-06-19,242.26,242.26,235.1,234.44,4819419.0,189322608.0
2013-06-18,243.77,244.97,241.66,234.74,4266223.0,170037376.0
2013-06-17,247.92,254.3,241.72,237.99,7004180.0,285576576.0
2013-06-14,233.53,250.09,247.92,233.53,6173826.0,248518016.0
2013-06-13,232.93,236.49,232.87,222.82,3978537.0,152490656.0
2013-06-07,227.52,238.35,234.26,226.97,5070800.0,196483472.0
2013-06-06,225.71,228.12,226.91,221.56,2322725.0,86921624.0
2013-06-05,219.09,228.72,227.76,219.09,5781373.0,215409984.0
2013-06-04,222.7,225.11,218.01,215.48,4460697.0,162057184.0
2013-06-03,234.74,236.91,222.7,222.04,6365602.0,239587440.0
2013-05-31,231.13,238.65,235.22,229.92,5095628.0,199287344.0
2013-05-30,235.64,237.45,231.31,227.64,3831663.0,146854160.0
2013-05-29,237.69,240.04,235.64,232.93,2897098.0,113414968.0
2013-05-28,240.16,240.46,236.49,232.93,3537113.0,138947856.0
2013-05-27,233.53,244.37,239.85,233.53,6039268.0,240614160.0
2013-05-24,226.97,233.78,232.57,226.97,2713714.0,104312336.0
2013-05-23,227.46,233.72,229.32,225.11,3609913.0,138029712.0
2013-05-22,237.27,237.45,229.8,227.4,4631099.0,177577984.0
2013-05-21,230.89,239.61,237.27,228.24,5550263.0,216185168.0
2013-05-20,232.21,243.77,234.14,227.52,7256621.0,284259584.0
2013-05-17,222.7,235.34,231.01,222.52,5673874.0,216775872.0
2013-05-16,224.15,237.45,227.03,216.56,11212088.0,423090880.0
2013-05-15,210.66,230.1,223.3,209.46,7960624.0,293079488.0
2013-05-14,212.47,216.08,212.23,207.95,4654366.0,164351616.0
2013-05-13,215.88,216.25,211.62,208.73,2883177.0,161695088.0
2013-05-10,211.17,216.63,214.26,210.99,4323021.0,245654800.0
2013-05-09,209.41,216.25,210.04,205.34,5033789.0,279198432.0
2013-05-08,209.48,212.08,209.41,206.85,3865350.0,214679360.0
2013-05-07,209.48,216.25,210.61,206.85,2027156.0,113971632.0
2013-05-06,201.21,211.14,209.86,201.21,2327179.0,129000864.0
2013-05-03,199.74,206.4,201.92,199.74,2442062.0,131665184.0
2013-05-02,192.18,200.83,198.57,191.96,2509627.0,131618560.0
2013-04-26,199.4,201.13,191.73,191.73,3081479.0,159582944.0
2013-04-25,204.97,206.85,200.08,198.39,3101980.0,166290736.0
2013-04-24,200.87,207.56,206.28,199.36,3399429.0,183879520.0
2013-04-23,212.49,212.49,200.53,200.19,3301981.0,179876688.0
2013-04-22,202.26,211.32,211.17,200.15,2798940.0,153767728.0
2013-04-19,198.88,204.89,201.7,197.71,2619337.0,140666592.0
2013-04-18,201.21,203.35,197.48,196.54,2587057.0,137218688.0
2013-04-17,196.51,203.09,201.43,195.11,2108787.0,111623704.0
2013-04-16,190.68,197.26,196.47,189.28,1277440.0,65674536.0
2013-04-15,189.92,192.18,191.24,188.8,1273121.0,64550820.0
2013-04-12,191.99,195.49,190.98,190.53,1097149.0,56053036.0
2013-04-11,194.44,194.81,191.43,191.24,1497837.0,76865392.0
2013-04-10,195.91,197.07,192.48,190.3,2489165.0,127661680.0
2013-04-09,193.69,198.76,196.51,192.18,2332775.0,121957152.0
2013-04-08,186.16,194.81,192.03,182.4,2881986.0,145323968.0
2013-04-03,192.93,192.93,188.04,187.22,3317402.0,166866896.0
2013-04-02,202.34,207.9,193.5,189.02,3404263.0,179166528.0
2013-04-01,198.01,208.62,203.95,198.01,2832380.0,153767968.0
2013-03-29,201.21,202.56,198.12,195.75,1843478.0,97394440.0
2013-03-28,193.87,203.84,201.62,191.81,3401512.0,180370752.0
2013-03-27,194.81,200.08,194.55,192.29,1555820.0,81069176.0
2013-03-26,196.81,197.94,194.81,189.93,1809211.0,93248832.0
2013-03-25,196.51,200.38,197.86,195.0,2085834.0,109863392.0
2013-03-22,198.57,198.57,195.94,193.76,2645835.0,137587312.0
2013-03-21,190.75,200.57,199.48,189.85,4343805.0,226424752.0
2013-03-20,181.05,191.17,188.01,181.05,3542576.0,176257360.0
2013-03-19,180.9,183.91,181.05,175.48,1438712.0,68723584.0
2013-03-18,180.15,187.25,182.74,179.69,2228505.0,108730688.0
2013-03-15,174.62,183.83,180.15,174.62,3258557.0,155766032.0
2013-03-14,170.18,177.51,173.98,170.18,1625185.0,75909504.0
2013-03-13,175.67,177.85,172.1,170.37,2349041.0,107913312.0
2013-03-12,178.75,183.87,178.04,170.56,2998297.0,140736672.0
2013-03-11,173.0,178.23,176.8,172.32,2206727.0,103714872.0
2013-03-08,176.08,177.85,174.69,173.0,1643929.0,76727864.0
2013-03-07,183.83,183.83,175.82,173.0,3507667.0,165172992.0
2013-03-06,183.53,185.41,182.29,180.9,2362866.0,115027176.0
2013-03-05,177.81,182.82,182.4,176.57,2877577.0,137936416.0
2013-03-04,187.67,193.31,179.54,176.01,5208249.0,255480928.0
2013-03-01,182.78,188.04,187.67,181.5,3074082.0,151168288.0
2013-02-28,176.8,183.49,181.84,176.76,2512072.0,121078280.0
2013-02-27,179.02,182.4,176.2,173.75,3043830.0,142590496.0
2013-02-26,183.91,187.93,180.52,180.52,3659635.0,177955808.0
2013-02-25,179.47,187.1,184.47,179.47,3494813.0,170459456.0
2013-02-22,181.65,181.84,178.04,177.25,2119521.0,100682640.0
2013-02-21,179.02,183.23,182.03,172.02,4612409.0,218096800.0
2013-02-20,172.62,181.57,179.69,172.47,3114065.0,147802320.0
2013-02-19,174.13,176.01,172.62,168.0,2898884.0,132368768.0
2013-02-18,170.18,174.77,174.13,170.18,3117070.0,143443184.0
2013-02-08,165.03,171.31,167.62,163.49,2881330.0,128357864.0
2013-02-07,156.45,166.19,166.04,155.62,3620805.0,156312992.0
2013-02-06,154.91,158.15,156.45,153.44,2165093.0,90059616.0
2013-02-05,153.48,156.08,154.65,151.3,2271559.0,93270600.0
2013-02-04,159.01,159.09,152.69,150.44,2735616.0,111023592.0
2013-02-01,150.96,158.67,157.43,150.96,2338379.0,97411976.0
2013-01-31,153.33,153.9,152.69,150.36,1538130.0,62034052.0
2013-01-30,154.2,154.2,151.94,150.02,2895298.0,116569336.0
2013-01-29,155.55,160.74,155.7,155.36,1577101.0,66251580.0
2013-01-28,153.86,155.55,154.2,151.64,2420046.0,98826272.0
2013-01-25,151.0,154.95,153.07,150.81,1886536.0,76838344.0
2013-01-24,154.95,156.79,152.01,149.68,1565021.0,63417724.0
2013-01-23,151.49,157.39,154.91,151.49,1395036.0,57318656.0
2013-01-22,157.99,159.76,153.75,151.38,1864264.0,76812216.0
2013-01-21,157.17,161.12,158.52,156.08,2009683.0,84979856.0
2013-01-18,149.23,157.81,157.5,149.23,2923965.0,120831856.0
2013-01-17,148.56,153.78,149.04,148.56,1837596.0,73674784.0
2013-01-16,153.07,156.08,149.31,148.37,5335489.0,213080944.0
2013-01-15,147.39,157.96,154.2,145.17,4541239.0,184804368.0
2013-01-14,143.66,149.38,145.4,142.91,3365388.0,130100856.0
2013-01-11,145.55,146.97,141.94,141.33,1995839.0,75993592.0
2013-01-10,146.41,148.93,145.55,145.25,1847783.0,72442360.0
2013-01-09,144.87,147.65,145.09,144.23,2003315.0,77774264.0
2013-01-08,143.06,148.33,145.92,140.36,3764545.0,145667600.0
2013-01-07,141.03,143.48,143.06,137.27,4759738.0,179528208.0
2013-01-04,149.68,149.68,141.03,138.32,6171967.0,231837856.0
2012-12-31,148.59,150.81,150.81,146.49,2856895.0,112816608.0
2012-12-28,147.01,149.95,148.74,144.83,2572020.0,101273384.0
2012-12-27,148.74,150.36,147.01,144.53,3726423.0,146469024.0
2012-12-26,141.78,149.31,148.37,141.78,3961940.0,153089312.0
2012-12-25,140.47,143.66,141.78,139.15,3248628.0,122371248.0
2012-12-24,135.09,139.9,138.85,135.09,2538126.0,93639464.0
2012-12-21,133.06,136.07,135.09,132.19,3089696.0,110336768.0
2012-12-20,130.5,133.7,132.98,129.37,1580146.0,55681424.0
2012-12-19,126.63,132.01,130.62,126.63,2151823.0,74348704.0
2012-12-18,125.8,129.49,126.59,125.8,2389437.0,80928696.0
2012-12-17,137.76,138.4,126.78,126.74,6296852.0,218267040.0
2012-12-14,133.47,137.76,137.65,132.83,2857503.0,103907472.0
2012-12-13,134.83,134.83,133.47,132.76,1049727.0,37259136.0
2012-12-12,135.2,135.66,134.45,132.61,975067.0,34695952.0
2012-12-11,135.01,136.26,135.2,134.15,1260959.0,45342240.0
2012-12-10,135.32,137.16,135.01,132.76,1168864.0,42020084.0
2012-12-07,135.24,136.75,134.98,133.55,849652.0,30647212.0
2012-12-06,135.01,136.52,134.07,132.19,835727.0,29781476.0
2012-12-05,129.0,137.46,135.05,127.91,1785098.0,63864476.0
2012-12-04,126.55,129.68,129.19,126.55,1176203.0,40012108.0
2012-12-03,124.79,128.81,127.87,124.15,1637992.0,55411828.0
2012-11-30,122.6,125.95,124.94,122.6,1504275.0,50023948.0
2012-11-29,123.02,126.18,123.36,122.98,995212.0,33015174.0
2012-11-28,120.35,124.11,123.02,120.35,1283838.0,41864560.0
2012-11-27,121.51,124.11,122.42,118.92,2103589.0,67847120.0
2012-11-26,126.82,127.68,122.23,121.48,2416386.0,79563896.0
2012-11-23,131.59,131.59,127.31,124.9,2587971.0,87217608.0
2012-11-22,129.41,131.14,128.7,128.62,948343.0,32685238.0
2012-11-21,132.76,134.07,130.92,128.81,1080131.0,37605240.0
2012-11-20,130.5,132.01,131.63,130.13,741264.0,25892540.0
2012-11-19,130.13,132.57,130.01,127.72,1346110.0,46524868.0
2012-11-16,134.6,136.41,131.37,130.92,1269772.0,44695272.0
2012-11-15,131.03,136.97,134.64,129.83,2319949.0,82660192.0
2012-11-14,133.89,136.82,131.63,127.16,3579593.0,124087096.0
2012-11-13,136.86,139.42,133.81,133.81,1700674.0,61657496.0
2012-11-12,138.4,142.76,136.93,136.93,1494328.0,55298892.0
2012-11-09,137.42,140.51,137.08,136.9,1196106.0,44148968.0
2012-11-08,136.14,138.78,137.08,135.43,1406638.0,51317616.0
2012-11-07,137.61,138.55,137.57,135.62,1493549.0,54411008.0
2012-11-06,140.24,140.39,137.65,137.12,2237544.0,82175952.0
2012-11-05,144.79,144.79,140.39,139.79,1788522.0,67129328.0
2012-11-02,145.13,146.3,144.91,144.08,754638.0,29083714.0
2012-11-01,141.78,145.28,145.13,140.28,1878972.0,71557752.0
2012-10-31,140.58,143.67,142.5,139.57,1160710.0,43782488.0
2012-10-30,142.16,143.78,140.69,140.32,1390031.0,52365876.0
2012-10-29,137.31,142.16,140.84,136.22,1732948.0,64179720.0
2012-10-26,139.19,140.77,136.71,135.17,2594710.0,94311968.0
2012-10-25,142.35,143.97,140.81,139.15,1539282.0,57879584.0
2012-10-24,138.4,147.43,143.59,137.38,2492341.0,95570504.0
2012-10-23,142.73,142.91,138.78,138.51,1218626.0,45423344.0
2012-10-22,140.47,142.91,142.43,139.53,723003.0,27211076.0
2012-10-19,142.72,144.38,141.03,140.66,1561331.0,59278640.0
2012-10-18,137.65,142.73,142.16,136.71,2426781.0,90713880.0
2012-10-17,137.95,138.4,136.56,135.77,713403.0,25955640.0
2012-10-16,134.15,138.51,137.46,132.61,1915906.0,69868088.0
2012-10-15,130.84,134.19,134.15,130.84,955602.0,33669488.0
2012-10-12,132.72,135.92,131.89,131.44,917572.0,32495916.0
2012-10-11,135.99,136.86,132.38,131.03,1806747.0,63810800.0
2012-10-10,136.71,138.4,136.86,136.07,1686064.0,61485320.0
2012-10-09,133.1,137.91,137.76,133.1,1651641.0,60125612.0
2012-10-08,130.62,133.7,133.1,129.49,1272025.0,44758836.0
2012-09-28,127.87,131.52,130.62,127.08,2040467.0,70532120.0
2012-09-27,125.09,129.75,128.74,125.09,1836046.0,62327496.0
2012-09-26,128.32,129.3,124.9,124.64,2120894.0,71096040.0
2012-09-25,127.91,131.1,129.22,127.91,1063396.0,36722068.0
2012-09-24,129.75,132.57,129.37,124.86,2732803.0,93882320.0
2012-09-21,127.46,132.95,130.88,127.46,1553097.0,54069012.0
2012-09-20,131.86,132.57,130.2,129.71,1232978.0,42994804.0
2012-09-19,132.83,133.44,132.01,130.69,1212320.0,42427240.0
2012-09-18,132.01,136.52,132.83,131.86,1386586.0,49366508.0
2012-09-17,135.01,135.01,133.66,131.67,1536331.0,54293256.0
2012-09-14,137.95,137.95,135.39,134.26,2204961.0,79862040.0
2012-09-13,135.39,139.42,136.22,134.68,3536696.0,129449736.0
2012-09-12,133.32,135.96,135.47,131.25,1732828.0,61592056.0
2012-09-11,134.26,134.3,133.13,131.18,2819956.0,99269776.0
2012-09-10,139.34,139.34,135.02,134.26,2363409.0,85550584.0
2012-09-07,135.35,139.53,138.02,132.99,4491401.0,163275424.0
2012-09-06,130.01,133.89,132.76,130.01,2647037.0,93077152.0
2012-09-05,129.64,130.69,129.75,128.43,1008101.0,34737380.0
2012-09-04,129.94,130.88,129.94,127.49,1694006.0,58292284.0
2012-09-03,122.23,129.94,129.86,121.1,2460220.0,83649144.0
2012-08-31,122.3,124.11,123.21,120.35,1215048.0,39519844.0
2012-08-30,126.55,127.8,122.79,120.35,2693598.0,88735336.0
2012-08-29,124.48,125.99,124.48,122.98,1488264.0,49405964.0
2012-08-28,123.73,125.99,124.03,121.48,1581509.0,52103932.0
2012-08-27,124.11,127.08,123.66,122.61,2338611.0,77629008.0
2012-08-24,130.16,130.16,125.24,125.05,1607063.0,54166560.0
2012-08-23,129.79,131.63,129.79,128.66,1544905.0,53239384.0
2012-08-22,131.67,135.39,129.75,128.62,3042781.0,107652984.0
2012-08-21,126.37,132.46,131.63,125.99,2261347.0,78525600.0
2012-08-20,123.7,126.97,125.8,122.27,2142580.0,71352016.0
2012-08-17,128.7,128.92,124.3,122.23,6906168.0,228452320.0
2012-08-16,128.92,132.38,132.16,126.89,1865655.0,64075136.0
2012-08-15,125.61,130.8,128.92,125.61,2249106.0,76934720.0
2012-08-14,125.65,128.43,126.55,123.02,2635113.0,87912968.0
2012-08-13,127.12,129.56,125.8,124.9,3045070.0,103685240.0
2012-08-10,128.81,129.68,127.76,125.43,3332707.0,113047744.0
2012-08-09,125.61,129.37,128.92,125.61,2548309.0,86755272.0
2012-08-08,127.16,127.46,125.99,124.94,1868378.0,62592012.0
2012-08-07,125.24,128.06,127.46,124.15,3915879.0,131680000.0
2012-08-06,118.47,127.23,125.58,118.13,5546732.0,182769184.0
2012-08-03,113.92,119.71,119.52,113.28,2958518.0,92518864.0
2012-08-02,112.75,114.37,114.14,110.98,2001417.0,60189564.0
2012-08-01,110.01,114.14,112.38,110.01,2467638.0,73626400.0
2012-07-31,112.38,113.2,109.97,107.79,4561779.0,133587392.0
2012-07-30,114.82,117.98,112.94,112.07,3053577.0,93402392.0
2012-07-27,115.65,118.02,114.89,113.05,3143793.0,96332064.0
2012-07-26,116.25,119.97,116.51,116.14,3707528.0,116396144.0
2012-07-25,112.56,117.64,116.02,112.07,3558244.0,109747248.0
2012-07-24,112.45,114.93,113.58,111.58,1947192.0,58635632.0
2012-07-23,115.83,116.55,113.58,112.11,2336415.0,70858832.0
2012-07-20,113.95,116.78,114.71,113.95,1275745.0,39192420.0
2012-07-19,115.35,117.3,114.41,113.99,1631328.0,50265992.0
2012-07-18,114.71,115.46,115.23,110.95,2949442.0,88505488.0
2012-07-17,112.79,116.74,115.46,112.11,1852202.0,56100236.0
2012-07-16,118.47,119.52,113.31,113.13,4012270.0,124396336.0
2012-07-13,119.29,121.48,119.93,117.72,2338928.0,74483120.0
2012-07-12,116.96,122.04,119.18,116.21,3189039.0,101619240.0
2012-07-11,116.55,117.38,117.38,109.06,5957924.0,180829696.0
2012-07-10,118.28,120.31,118.88,118.09,2987421.0,94531480.0
2012-07-09,121.06,121.66,119.59,119.22,2102942.0,67271904.0
2012-07-06,119.41,122.53,122.0,114.52,4701058.0,148345568.0
2012-07-05,118.47,119.03,118.47,116.21,3895482.0,122005072.0
2012-07-04,116.89,119.9,117.04,115.19,2778638.0,86956024.0
2012-07-03,119.07,119.07,116.59,116.51,3209095.0,100666248.0
2012-07-02,113.88,118.62,118.24,113.88,5290321.0,164522336.0
2012-06-29,107.67,112.86,112.45,107.45,2363170.0,69481064.0
2012-06-28,111.62,111.66,107.71,107.41,2184285.0,63375720.0
2012-06-27,109.82,113.58,110.68,109.18,3299844.0,98077544.0
2012-06-26,110.57,110.57,109.18,107.48,2882387.0,83379232.0
2012-06-25,115.08,115.08,110.91,110.91,2364640.0,70780608.0
2012-06-21,116.21,117.34,115.46,113.09,2557987.0,78364736.0
2012-06-20,115.87,117.49,116.96,114.14,3824715.0,117941344.0
2012-06-19,118.09,118.47,115.16,114.74,3574192.0,110083776.0
2012-06-18,115.23,119.07,118.47,115.23,4516398.0,141351024.0
2012-06-15,117.3,118.73,114.74,112.83,3704567.0,113729240.0
2012-06-14,115.8,117.34,116.21,114.71,3298504.0,101792232.0
2012-06-13,115.08,116.51,115.83,114.33,3232504.0,99148448.0
2012-06-12,114.89,117.83,114.67,113.92,4143242.0,127488064.0
2012-06-11,108.69,116.7,115.53,108.61,6021975.0,182090128.0
2012-06-08,112.07,112.71,109.4,107.94,3301950.0,96631016.0
2012-06-07,110.38,113.54,110.98,109.82,4249058.0,125871176.0
2012-06-06,108.31,110.83,108.88,107.94,2999438.0,87044856.0
2012-06-05,110.12,111.32,108.2,108.05,2641255.0,76738768.0
2012-06-04,107.97,112.45,109.74,107.56,5005119.0,147168560.0
2012-06-01,110.76,113.54,110.12,109.82,4863214.0,144127280.0
2012-05-31,116.59,118.84,112.26,111.96,10239074.0,311986624.0
2012-05-30,114.37,120.2,117.41,113.58,6559835.0,205152080.0
2012-05-29,114.25,118.32,114.22,111.7,5408633.0,164792496.0
2012-05-28,113.92,115.08,113.95,110.19,4228179.0,126561568.0
2012-05-25,112.04,116.59,113.69,111.73,7903411.0,240630720.0
2012-05-24,110.12,112.71,112.45,109.14,4865047.0,143479888.0
2012-05-23,107.3,111.96,111.7,106.39,8002502.0,233672288.0
2012-05-22,103.88,107.45,107.18,103.69,5917776.0,166788944.0
2012-05-21,102.97,103.8,102.48,98.83,4282649.0,115198416.0
2012-05-18,104.21,107.37,103.42,103.35,6958159.0,194651344.0
2012-05-17,104.55,105.68,103.23,101.09,4350978.0,119152632.0
2012-05-16,103.05,107.56,103.99,103.05,5518739.0,154018784.0
2012-05-15,104.14,104.85,102.78,101.84,4511295.0,123437488.0
2012-05-14,101.17,108.99,105.94,101.09,6824004.0,189774656.0
2012-05-11,100.75,103.95,100.23,99.74,4214291.0,113728696.0
2012-05-10,100.26,102.16,99.89,99.33,1694083.0,77727520.0
2012-05-09,100.88,103.57,100.66,98.74,2924137.0,133747816.0
2012-05-08,103.31,105.91,101.01,100.0,2491620.0,116011288.0
2012-05-07,94.28,102.51,102.4,94.21,3519721.0,158828704.0
2012-05-04,93.7,96.02,94.28,93.48,2442953.0,104539768.0
2012-05-03,91.63,92.03,91.63,91.06,830022.0,34435032.0
2012-05-02,91.61,92.22,91.72,90.94,778023.0,32294134.0
2012-04-27,88.27,91.14,90.72,88.27,987905.0,40285904.0
2012-04-26,88.74,91.39,89.4,88.74,868415.0,35390396.0
2012-04-25,87.81,89.62,89.58,86.11,1111365.0,44177656.0
2012-04-24,85.8,88.23,87.79,83.99,1318964.0,51966360.0
2012-04-23,88.76,89.84,86.09,85.67,2001399.0,78939488.0
2012-04-20,90.92,90.92,89.18,87.83,2716732.0,109324608.0
2012-04-18,89.91,91.34,90.97,88.67,1820577.0,74122984.0
2012-04-17,92.53,93.48,89.69,89.62,2324446.0,96233192.0
2012-04-16,92.71,93.53,92.91,92.33,1067115.0,44979364.0
2012-04-13,92.36,94.65,93.26,91.96,2277374.0,96597760.0
2012-04-12,90.83,92.09,91.94,89.97,1408776.0,58278684.0
2012-04-11,89.62,92.22,90.83,89.02,1240653.0,51194556.0
2012-04-10,88.3,90.46,90.39,87.79,2370956.0,95748272.0
2012-04-09,87.48,89.44,88.58,86.31,1192789.0,47864116.0
2012-04-06,86.53,88.52,87.41,86.4,978512.0,38850692.0
2012-04-05,84.52,86.91,86.84,83.9,1276173.0,49706156.0
2012-03-30,83.75,84.98,83.66,82.78,1078724.0,40970628.0
2012-03-29,83.75,84.43,82.69,81.43,1495924.0,56333624.0
2012-03-28,87.35,87.35,83.77,83.57,2161951.0,83061584.0
2012-03-27,87.3,88.8,87.19,86.2,1581544.0,62776824.0
2012-03-26,89.18,89.62,86.86,86.09,2155991.0,85264456.0
2012-03-23,92.0,92.0,89.51,89.33,1451642.0,59337796.0
2012-03-22,92.93,93.48,92.56,91.52,864620.0,36204328.0
2012-03-21,94.26,94.39,93.59,89.62,1658331.0,69298080.0
2012-03-20,95.03,96.07,93.81,93.26,1082556.0,46144872.0
2012-03-19,93.37,96.09,96.0,92.82,2045474.0,88166840.0
2012-03-16,90.72,95.14,93.35,90.5,2097486.0,88640856.0
2012-03-15,92.11,92.6,90.83,88.32,2394111.0,97846456.0
2012-03-14,95.51,96.88,91.72,90.24,2755425.0,116985200.0
2012-03-13,96.02,96.02,95.4,93.84,1216582.0,52312660.0
2012-03-12,94.63,97.46,95.03,94.03,1809300.0,78248032.0
2012-03-09,93.81,94.43,94.14,92.27,2695058.0,114152880.0
2012-03-08,91.06,93.28,93.15,91.06,1851526.0,77453672.0
2012-03-07,88.65,92.07,90.59,88.65,2302488.0,94250096.0
2012-03-06,91.87,91.92,89.97,88.41,1949771.0,79131928.0
2012-03-05,92.93,94.48,91.72,90.53,3076205.0,128960872.0
2012-03-02,88.76,91.78,91.76,88.76,2560474.0,105055624.0
2012-03-01,87.35,88.72,88.05,86.53,1160338.0,46247684.0
2012-02-29,89.11,91.32,87.41,87.08,2263288.0,91582416.0
2012-02-28,88.52,89.86,89.4,85.89,2759618.0,110057616.0
2012-02-27,87.85,90.06,88.76,87.85,1840874.0,74190568.0
2012-02-24,88.25,88.8,87.85,87.15,1535384.0,61223208.0
2012-02-23,88.87,89.51,87.77,87.48,1345118.0,53806868.0
2012-02-22,86.53,89.58,88.87,85.87,2557002.0,102120008.0
2012-02-21,85.43,87.17,86.53,84.01,1636311.0,63507380.0
2012-02-20,87.85,88.27,85.87,85.23,1880856.0,73582624.0
2012-02-17,88.3,88.74,87.3,85.03,2795164.0,109668608.0
2012-02-16,87.61,89.33,88.3,85.38,1923666.0,76050496.0
2012-02-15,85.96,88.08,87.85,85.16,2009008.0,78688584.0
2012-02-14,86.64,88.54,85.85,84.94,1773240.0,69198136.0
2012-02-13,82.78,87.97,86.38,82.56,2210702.0,86140120.0
2012-02-10,82.82,84.92,83.62,82.8,1569997.0,59912268.0
2012-02-09,82.69,84.68,83.53,81.72,2024983.0,76577384.0
2012-02-08,79.05,82.62,82.34,79.05,1381131.0,50894972.0
2012-02-07,82.56,82.56,79.69,79.14,2373506.0,86700288.0
2012-02-06,80.53,84.54,82.64,80.53,2581927.0,96991104.0
2012-02-03,78.36,80.9,80.5,77.7,1868708.0,67432512.0
2012-02-02,77.48,78.58,78.58,76.6,1811939.0,63694180.0
2012-02-01,75.78,78.36,77.15,74.65,3515527.0,122964504.0
2012-01-31,74.59,76.33,75.01,73.84,1964001.0,66730368.0
2012-01-30,73.95,75.85,74.17,72.87,2026300.0,68662904.0
2012-01-20,70.66,73.93,73.77,70.5,2765754.0,90808424.0
2012-01-19,69.53,71.52,69.64,66.44,2736657.0,86052792.0
2012-01-18,73.75,75.01,69.09,67.77,3553598.0,114191296.0
2012-01-17,70.57,75.05,73.51,70.42,3267051.0,108225104.0
2012-01-16,74.34,76.13,71.3,68.67,4532809.0,149265088.0
2012-01-13,81.76,81.76,74.43,73.88,6390923.0,220140720.0
2012-01-12,85.38,85.38,82.09,80.97,3220316.0,120986400.0
2012-01-11,84.43,87.35,85.43,83.66,3018925.0,116868152.0
2012-01-10,84.21,86.51,85.01,83.77,2580825.0,99474960.0
2012-01-09,80.81,84.1,84.1,79.91,2111087.0,78515072.0
2012-01-06,80.26,81.59,81.59,77.94,1768341.0,63799092.0
2012-01-05,86.11,86.2,82.34,77.66,2607678.0,96556784.0
2012-01-04,92.73,92.73,85.87,85.32,1232201.0,49761224.0
