date,open,high,close,low,volume,amount
2015-07-10,488.28,525.03,525.03,488.28,14960220.0,767695296.0
2015-07-09,409.35,477.31,477.31,409.35,31742460.0,1451534848.0
2015-07-08,388.21,443.99,433.92,388.21,104706520.0,4274324736.0
2015-07-07,434.93,463.11,431.3,431.3,16602982.0,721299200.0
2015-07-06,526.24,526.24,479.22,430.6,40202708.0,1888795904.0
2015-07-03,432.81,487.28,478.42,401.5,41596648.0,1901480704.0
2015-07-02,478.72,500.87,442.98,424.05,29563374.0,1357054464.0
2015-07-01,532.88,569.83,471.17,471.17,30960808.0,1642365184.0
2015-06-30,431.3,523.52,523.52,428.58,34607280.0,1636062848.0
2015-06-29,528.55,533.08,476.2,476.2,17528922.0,845322880.0
2015-06-26,554.73,558.76,529.16,529.16,14702554.0,785569792.0
2015-06-25,654.4,664.37,587.95,584.53,22356580.0,1378545024.0
2015-06-24,664.47,687.62,649.47,629.23,17635252.0,1155445632.0
2015-06-23,664.47,682.49,655.91,599.43,20664970.0,1305672704.0
2015-06-19,723.66,734.94,665.98,665.98,17697384.0,1218946432.0
2015-06-18,814.58,824.14,739.98,733.03,18143100.0,1406769280.0
2015-06-17,756.18,838.13,814.48,750.04,19489870.0,1528166912.0
2015-06-16,763.74,814.48,769.67,738.26,21770572.0,1662499584.0
2015-06-15,865.82,865.82,789.11,783.07,24037932.0,1960477184.0
2015-06-12,805.52,879.61,870.05,791.92,26961488.0,2212383744.0
2015-06-11,830.68,850.72,805.21,793.13,20971794.0,1696874112.0
2015-06-10,816.49,854.75,839.44,790.31,20266200.0,1666619648.0
2015-06-09,804.41,852.23,816.49,785.38,19884536.0,1620003328.0
2015-06-08,879.31,895.82,824.85,824.85,28502908.0,2378754304.0
2015-06-05,1004.25,1016.64,916.46,906.6,32707502.0,3092861184.0
2015-06-04,930.25,979.28,979.28,845.18,52331512.0,4856660480.0
2015-06-03,803.4,890.29,890.29,789.31,44362000.0,3759934720.0
2015-06-02,765.14,827.77,809.34,749.64,35492324.0,2815520512.0
2015-06-01,724.87,767.16,761.12,715.51,25573182.0,1899918336.0
2015-05-29,709.57,726.89,715.51,669.5,21002126.0,1472397568.0
2015-05-28,754.77,755.08,694.27,693.66,24953332.0,1803303680.0
2015-05-27,771.19,781.86,754.67,727.89,25463844.0,1890969472.0
2015-05-26,724.37,774.41,758.9,721.85,24635632.0,1840243712.0
2015-05-25,714.81,739.77,720.85,694.67,28407472.0,2038144000.0
2015-05-22,835.92,843.98,761.62,748.13,44858292.0,3475657472.0
2015-05-21,740.58,807.33,807.33,740.58,44179992.0,3470805760.0
2015-05-20,698.4,741.99,733.94,681.58,34273308.0,2431227648.0
2015-05-19,723.87,734.84,698.3,667.99,30002382.0,2068235648.0
2015-05-18,704.14,749.94,721.75,703.53,24166012.0,1748411136.0
2015-05-15,694.57,716.72,696.38,664.57,17976208.0,1231985152.0
2015-05-14,722.56,744.91,687.52,678.56,26390112.0,1846428288.0
2015-05-13,760.11,775.72,728.0,714.81,26698224.0,1980567296.0
2015-05-12,775.21,809.14,790.32,755.08,33602736.0,2617895424.0
2015-05-11,764.95,818.4,794.34,723.87,42175028.0,3297372928.0
2015-05-08,686.62,744.0,744.0,678.87,28039296.0,2015796736.0
2015-05-07,642.82,688.13,676.35,634.27,18190948.0,1207211136.0
2015-05-06,636.28,669.5,642.82,636.28,16967632.0,1103316992.0
2015-05-05,645.44,661.05,636.18,630.44,13620324.0,865783936.0
2015-05-04,703.73,704.74,662.46,661.45,15723222.0,1047472640.0
2015-04-30,696.18,735.95,703.73,696.18,25877652.0,1841659136.0
2015-04-29,648.06,699.81,686.12,647.96,25011600.0,1679405568.0
2015-04-28,668.19,668.19,647.46,621.88,22004692.0,1393478144.0
2015-04-27,698.9,713.3,669.6,659.44,20500912.0,1380033152.0
2015-04-24,722.86,732.93,695.68,679.87,18533268.0,1301429248.0
2015-04-23,726.69,736.86,736.86,701.32,19742698.0,1402812928.0
2015-04-22,742.49,781.25,730.41,728.0,20152322.0,1505980800.0
2015-04-21,660.95,726.49,726.49,660.64,16670635.0,1169796352.0
2015-04-20,674.54,698.5,660.44,634.27,15131384.0,1004443072.0
2015-04-17,727.59,730.82,674.54,670.51,24984024.0,1719125376.0
2015-04-16,678.66,758.0,727.59,674.74,16874020.0,1214512256.0
2015-04-15,748.53,755.08,691.65,691.05,18090268.0,1297711104.0
2015-04-14,815.38,820.82,767.87,729.91,21283340.0,1656876288.0
2015-04-13,795.35,838.14,800.49,785.28,19997712.0,1599892096.0
2015-04-10,815.49,894.01,827.06,783.27,22372292.0,1887185664.0
2015-04-09,771.91,832.27,829.06,686.47,9671454.0,1823238784.0
2015-04-08,726.55,790.02,758.99,726.55,9647426.0,1822419456.0
2015-04-07,722.69,735.08,726.43,696.25,7433024.0,1322920960.0
2015-04-03,682.56,732.47,700.27,682.56,5588791.0,981733952.0
2015-04-02,736.49,780.76,707.39,692.22,9544893.0,1733372160.0
2015-04-01,657.21,722.04,722.04,644.77,7672114.0,1316355328.0
2015-03-31,595.63,661.8,656.4,591.61,9424811.0,1492747904.0
2015-03-30,668.52,672.06,601.63,601.63,9524822.0,1479775616.0
2015-03-27,609.72,668.48,668.48,592.94,6308126.0,989773440.0
2015-03-26,595.63,613.78,607.71,547.34,7996142.0,1153199488.0
2015-03-25,639.9,651.05,598.45,598.45,8258384.0,1274314368.0
2015-03-24,615.92,643.93,634.27,573.5,6099886.0,927487232.0
2015-03-23,548.95,603.84,603.84,545.12,6420905.0,927689536.0
2015-03-20,499.04,548.95,548.95,499.04,7679238.0,1026001280.0
2015-03-19,505.08,515.1,499.04,486.97,4490763.0,552704256.0
2015-03-18,502.87,518.68,511.08,493.01,4046998.0,511068832.0
2015-03-17,519.17,519.89,502.87,501.01,4083354.0,516107552.0
2015-03-16,495.02,523.19,511.24,479.89,7387823.0,924202752.0
2015-03-13,433.12,479.89,479.89,433.12,6311122.0,736600320.0
2015-03-12,447.45,455.18,436.26,424.63,3031384.0,328776224.0
2015-03-11,442.7,457.19,447.21,430.75,4311622.0,479440640.0
2015-03-10,422.58,452.4,443.83,422.09,6958879.0,761430464.0
2015-03-09,392.39,426.24,424.31,385.95,6587073.0,671195968.0
2015-03-06,403.66,406.08,397.22,382.33,5328277.0,515309408.0
2015-03-05,418.55,418.55,402.25,398.43,4675950.0,469759456.0
2015-03-04,413.72,418.47,415.33,401.53,5728422.0,581952640.0
2015-03-03,444.71,444.71,413.72,410.5,6833618.0,715191040.0
2015-03-02,428.89,444.71,439.28,414.53,4889401.0,521906592.0
2015-02-27,411.95,426.6,423.02,411.95,4577641.0,477098656.0
2015-02-26,424.35,432.24,414.93,398.43,4543917.0,467744032.0
2015-02-25,455.13,458.76,422.62,410.5,5138859.0,546445632.0
2015-02-17,466.85,470.43,453.57,448.9,3720674.0,423411776.0
2015-02-16,430.59,464.83,462.78,426.6,5343730.0,600797312.0
2015-02-13,434.65,446.24,429.66,419.36,4842941.0,518171552.0
2015-02-12,438.68,459.24,434.93,431.43,5287928.0,582960896.0
2015-02-11,408.01,440.69,437.31,406.68,5449324.0,581785408.0
2015-02-10,402.65,414.37,407.65,386.4,3566152.0,351234528.0
2015-02-09,402.09,432.64,398.79,393.6,3706296.0,376639616.0
2015-02-06,415.01,422.09,405.63,398.87,2959779.0,299480672.0
2015-02-05,398.43,433.73,414.97,394.61,5583400.0,582287360.0
2015-02-04,410.38,416.94,405.11,398.19,4734933.0,477753088.0
2015-02-03,382.41,422.78,414.53,381.0,9980109.0,1016212416.0
2015-02-02,368.17,389.9,384.34,362.41,5653188.0,536276352.0
2015-01-30,380.76,382.33,370.26,362.21,3736408.0,344684064.0
2015-01-29,388.77,398.31,377.1,375.81,4061928.0,387040192.0
2015-01-28,402.45,408.49,394.0,389.25,3184647.0,314339072.0
2015-01-27,392.39,413.04,401.61,388.41,6432182.0,638386304.0
2015-01-26,364.22,397.58,397.58,358.19,6868034.0,658023296.0
2015-01-23,370.26,370.3,361.44,352.55,7269579.0,653281984.0
2015-01-22,367.04,381.85,374.28,365.31,6463310.0,599239424.0
2015-01-21,385.91,386.36,366.84,365.47,9896201.0,915050944.0
2015-01-20,348.12,384.34,384.34,348.12,7623438.0,706337728.0
2015-01-19,338.06,378.03,356.94,334.04,8596449.0,766502784.0
2015-01-16,313.75,349.77,349.77,309.93,9646525.0,792802240.0
2015-01-15,334.04,337.06,317.98,315.12,4753151.0,380880096.0
2015-01-14,315.93,334.04,329.01,309.09,6527674.0,530005344.0
2015-01-13,324.7,338.02,315.93,309.49,6085194.0,488223968.0
2015-01-12,301.84,329.61,319.55,301.8,6460682.0,509004640.0
2015-01-09,281.72,316.25,301.64,281.72,8086481.0,610953664.0
2015-01-08,271.25,293.79,288.96,270.05,7887563.0,565048512.0
2015-01-07,261.6,273.67,271.25,254.88,7317580.0,480303072.0
2015-01-06,257.57,272.87,265.62,251.53,10030254.0,653954752.0
2015-01-05,277.65,280.47,253.43,253.43,8571212.0,553778496.0
2014-12-31,262.44,281.68,281.6,262.44,7635441.0,524546432.0
2014-12-30,261.19,269.61,266.55,251.82,5674996.0,366103104.0
2014-12-29,262.08,265.22,263.05,252.78,4659265.0,297839424.0
2014-12-26,251.53,268.8,262.0,251.53,5755430.0,376141856.0
2014-12-25,262.8,263.77,255.56,252.74,5258881.0,335774784.0
2014-12-24,249.52,268.24,262.6,249.52,6167693.0,397896768.0
2014-12-23,258.18,265.62,248.35,239.62,6546130.0,413783392.0
2014-12-22,281.72,281.72,254.35,253.63,8331403.0,533843008.0
2014-12-19,301.88,305.67,281.8,273.47,7989355.0,565600256.0
2014-12-18,323.49,325.95,303.85,299.02,8255189.0,637201664.0
2014-12-17,295.4,329.37,323.45,294.48,6604210.0,519355008.0
2014-12-16,297.82,313.11,299.43,286.19,5374375.0,398575648.0
2014-12-15,296.97,311.7,295.0,288.48,8973251.0,674166656.0
2014-12-12,258.38,283.37,283.37,258.38,5073751.0,346903744.0
2014-12-11,244.29,260.55,257.61,244.29,4732902.0,299583040.0
2014-12-10,253.51,270.85,260.99,253.51,12313969.0,785307648.0
2014-12-04,260.39,287.76,281.68,260.07,8135773.0,559204672.0
2014-12-03,262.72,270.97,262.4,245.9,8031405.0,512156224.0
2014-12-02,268.96,282.04,264.49,262.4,6409318.0,428164736.0
2014-12-01,273.99,287.76,275.36,261.6,6127357.0,415190432.0
2014-11-28,248.96,275.68,273.63,241.92,7294863.0,478323328.0
2014-11-27,245.86,252.66,251.53,237.45,5662534.0,346169888.0
2014-11-26,235.84,257.09,245.5,233.87,8504827.0,518783296.0
2014-11-25,224.97,243.49,237.37,221.75,7520492.0,443615808.0
2014-11-24,209.96,229.24,225.38,209.96,6893096.0,381539040.0
2014-11-21,205.66,212.46,208.47,205.25,3446595.0,179015808.0
2014-11-20,205.25,216.52,207.99,203.24,5936766.0,311253536.0
2014-11-19,194.79,209.28,208.47,194.19,6902759.0,349389536.0
2014-11-18,195.19,199.18,195.19,194.19,3145530.0,153704752.0
2014-11-17,187.54,196.36,195.39,187.14,4627953.0,222561600.0
2014-11-14,187.1,191.89,186.98,185.13,3617194.0,169136656.0
2014-11-13,200.95,200.95,188.19,186.74,7911179.0,377112224.0
2014-11-12,199.62,203.16,202.07,196.4,5311396.0,263276912.0
2014-11-11,210.44,210.44,201.07,198.13,7404813.0,373084160.0
2014-11-10,212.5,213.82,211.37,206.94,8570505.0,447155552.0
2014-11-07,198.41,212.5,212.5,196.72,17053796.0,888336896.0
2014-11-06,191.97,198.85,193.18,191.29,4474288.0,217499168.0
2014-11-05,197.85,198.37,192.37,191.89,4402641.0,212297728.0
2014-11-04,193.26,199.42,197.97,193.26,5686551.0,278678656.0
2014-11-03,192.78,199.22,193.22,191.65,7512790.0,365652512.0
2014-10-31,188.67,192.13,190.36,187.91,5404215.0,254603648.0
2014-10-30,197.2,197.2,192.05,191.17,8517509.0,409358016.0
2014-10-29,201.59,206.06,199.26,196.44,8241153.0,410848768.0
2014-10-28,201.23,203.24,201.03,195.91,6290745.0,310707808.0
2014-10-27,188.83,199.18,198.33,185.37,5770928.0,280701312.0
2014-10-24,187.14,190.36,188.83,185.17,2120133.0,99157016.0
2014-10-23,186.7,191.89,188.59,183.12,3592150.0,167960080.0
2014-10-22,189.03,192.7,187.14,186.86,3423125.0,161265280.0
2014-10-21,195.19,200.02,191.57,190.2,6258000.0,300795296.0
2014-10-20,181.91,196.2,194.99,181.71,5548193.0,261657408.0
2014-10-17,189.15,190.97,180.5,173.94,6422301.0,292144288.0
2014-10-16,193.18,199.7,189.4,189.15,5006851.0,241718912.0
2014-10-15,197.97,204.81,194.59,193.5,6953361.0,343755456.0
2014-10-14,191.97,208.47,197.49,189.92,9745373.0,484008672.0
2014-10-13,185.13,195.91,193.26,184.65,7949220.0,379194944.0
2014-10-10,193.02,193.18,186.94,184.57,8785819.0,409647584.0
2014-10-09,197.2,202.88,193.5,192.45,14616506.0,715570944.0
2014-10-08,177.04,191.69,191.69,176.28,12060073.0,559293248.0
2014-09-30,163.2,174.99,174.26,162.23,7653133.0,325499904.0
2014-09-29,162.99,164.0,163.2,162.31,2473975.0,100304128.0
2014-09-26,165.65,166.25,162.91,161.1,3406383.0,137869504.0
2014-09-25,168.39,169.8,166.25,165.77,2701655.0,112484400.0
2014-09-24,165.01,169.96,168.63,164.24,3886076.0,162593296.0
2014-09-23,158.69,166.05,165.77,157.84,5034563.0,203708528.0
2014-09-22,162.99,163.03,158.69,157.36,3885860.0,153639680.0
2014-09-19,161.22,163.76,163.07,161.18,2755189.0,111288592.0
2014-09-18,160.38,161.67,160.9,157.4,3261567.0,129546424.0
2014-09-17,163.8,164.64,160.18,157.36,4769610.0,189296576.0
2014-09-16,172.85,173.42,165.49,165.49,5285388.0,222819792.0
2014-09-15,177.68,177.76,172.85,172.29,5750647.0,247361088.0
2014-09-12,177.56,180.1,177.72,177.12,4648249.0,206177152.0
2014-09-11,175.43,178.93,177.32,173.82,6228373.0,273472640.0
2014-09-10,172.33,175.19,175.03,172.33,5268633.0,227966928.0
2014-09-09,177.48,177.48,172.33,171.08,8623642.0,370974304.0
2014-09-05,179.13,179.66,177.48,176.92,4759599.0,210061488.0
2014-09-04,179.5,180.1,179.01,177.08,5464866.0,241917264.0
2014-09-03,180.1,180.46,179.13,176.56,6832160.0,303195584.0
2014-09-02,188.39,193.1,179.82,178.21,8282670.0,375530848.0
2014-09-01,187.75,189.11,185.73,184.32,2418770.0,111743976.0
2014-08-29,181.1,189.15,186.46,180.74,2931497.0,136189984.0
2014-08-28,180.3,185.93,183.12,177.48,2767990.0,124449160.0
2014-08-27,171.65,179.57,179.09,171.57,2187295.0,95601968.0
2014-08-26,174.22,176.07,171.53,169.75,1869013.0,80091040.0
2014-08-25,180.34,180.54,174.99,174.95,2117318.0,92686000.0
2014-08-22,179.62,180.66,178.89,175.87,1981428.0,87847400.0
2014-08-21,176.76,180.66,179.37,175.11,2656575.0,117866336.0
2014-08-20,182.23,182.71,176.48,174.54,2969666.0,130911400.0
2014-08-19,175.59,191.12,181.83,174.26,6579041.0,297776864.0
2014-08-18,167.02,176.56,176.07,165.37,4952693.0,211757024.0
2014-08-15,165.01,166.98,166.82,162.91,1953738.0,80061000.0
2014-08-14,164.76,167.02,165.29,162.31,1783082.0,72989136.0
2014-08-13,169.92,169.92,164.6,162.19,4388685.0,179337584.0
2014-08-12,172.73,176.07,169.27,168.83,3073760.0,130812136.0
2014-08-11,174.83,175.55,173.26,168.95,2903610.0,124414936.0
2014-08-08,172.73,175.83,174.06,172.57,1845129.0,79589296.0
2014-08-07,173.06,177.56,173.26,171.89,3950445.0,171115296.0
2014-08-06,166.62,176.35,175.07,165.01,5982148.0,255878480.0
2014-08-05,154.94,170.0,168.91,154.54,4707466.0,190156560.0
2014-08-04,152.93,158.89,156.15,151.32,3894400.0,151148032.0
2014-08-01,150.92,161.79,155.43,147.06,8545636.0,328161920.0
2014-05-27,167.82,167.82,163.12,161.38,2194922.0,89415552.0
2014-05-26,171.97,175.19,168.23,165.81,2972409.0,125843080.0
2014-05-23,164.6,171.93,171.24,161.47,2774541.0,116227296.0
2014-05-22,159.09,169.63,164.64,159.09,2320535.0,95951136.0
2014-05-21,156.51,161.02,160.94,154.22,2151647.0,85176984.0
2014-05-20,152.93,161.83,157.76,152.93,3361502.0,132287440.0
2014-05-19,145.09,148.91,147.1,142.07,906966.0,32981158.0
2014-05-16,153.25,155.51,145.12,142.87,1727847.0,63245556.0
2014-05-15,158.97,160.78,153.34,153.34,943624.0,36905052.0
2014-05-14,159.21,161.54,159.37,157.64,735886.0,29195548.0
2014-05-13,160.26,162.91,159.77,156.96,794972.0,31483308.0
2014-05-12,160.86,160.94,160.3,156.84,1003609.0,39656264.0
2014-05-09,160.98,162.79,156.96,156.88,1470407.0,58083212.0
2014-05-08,162.79,164.81,162.19,161.1,1131183.0,45810332.0
2014-05-07,167.02,167.02,162.19,161.83,1676457.0,68071152.0
2014-05-06,162.87,169.8,168.83,161.87,3159527.0,130928720.0
2014-05-05,157.76,162.91,162.63,155.35,1861788.0,73873952.0
2014-04-30,157.76,160.46,156.92,155.75,2345787.0,92097504.0
2014-04-29,161.87,166.62,157.56,151.65,3643355.0,143445408.0
2014-04-28,164.0,164.6,162.83,159.57,1782445.0,71758744.0
2014-04-25,168.23,168.59,163.96,161.99,2577462.0,105674992.0
2014-04-24,170.24,171.24,169.84,163.8,2992543.0,125068984.0
2014-04-23,172.57,173.86,170.56,166.66,2779846.0,116394552.0
2014-04-22,173.66,176.6,174.5,166.21,3354369.0,143160480.0
2014-04-21,181.31,182.92,173.34,172.85,3652620.0,161501280.0
2014-04-18,181.22,184.12,183.08,179.46,1580954.0,71886440.0
2014-04-17,179.86,183.8,181.31,179.09,2198205.0,99025768.0
2014-04-16,184.61,185.13,179.82,177.76,3093044.0,138975584.0
2014-04-15,186.94,188.71,186.3,183.52,4015150.0,184863680.0
2014-04-14,204.04,211.21,185.45,183.44,8213527.0,383981440.0
2014-04-11,209.48,215.72,203.8,201.43,2179733.0,111460704.0
2014-04-10,208.23,222.97,215.16,208.23,1006621.0,107969912.0
2014-04-09,202.89,209.92,207.95,202.89,593160.0,61280716.0
2014-04-08,204.49,207.87,203.49,200.42,933782.0,94446512.0
2014-04-04,201.88,210.92,210.6,197.26,651290.0,67195112.0
2014-04-03,205.3,213.13,204.75,196.48,1442701.0,146247360.0
2014-04-02,226.75,230.99,205.3,202.77,1975953.0,207889216.0
2014-04-01,216.97,227.79,225.28,215.94,358254.0,39813396.0
2014-03-31,213.63,226.73,220.97,211.12,847522.0,91850216.0
2014-03-28,220.97,225.38,221.03,208.91,932097.0,100732152.0
2014-03-27,232.11,238.86,224.18,219.56,563988.0,63288944.0
2014-03-26,230.11,244.03,236.03,230.0,747184.0,88425408.0
2014-03-25,229.46,237.02,229.0,226.49,395984.0,45764316.0
2014-03-24,238.64,240.51,232.72,218.72,639038.0,73057456.0
2014-03-21,243.66,249.61,239.04,237.46,530408.0,64285052.0
2014-03-20,256.32,262.33,249.11,245.07,655174.0,83626816.0
2014-03-19,261.14,264.11,256.32,247.42,638229.0,81436048.0
2014-03-18,242.86,264.11,262.15,242.26,995597.0,127568784.0
2014-03-17,234.99,244.87,242.82,231.05,703176.0,84347176.0
2014-03-14,243.06,245.05,233.68,231.83,524087.0,62582956.0
2014-03-13,218.96,243.06,243.06,209.09,1143799.0,134365008.0
2014-03-12,219.76,227.62,220.97,209.09,976897.0,106329616.0
2014-03-11,229.97,236.03,220.28,217.51,1013625.0,112491144.0
2014-03-10,238.04,238.04,230.61,220.97,1131884.0,129102352.0
2014-03-07,237.04,250.7,238.97,229.12,908638.0,109384528.0
2014-03-06,247.08,249.09,240.81,223.92,1541766.0,180771104.0
2014-03-05,255.32,270.98,248.81,246.84,1481902.0,190528944.0
2014-03-04,235.83,253.11,252.12,235.83,1147839.0,141654096.0
2014-03-03,223.44,235.83,235.83,223.4,431857.0,49424944.0
2014-02-28,214.14,228.6,227.39,214.14,928244.0,103330128.0
2014-02-27,237.04,240.81,218.96,214.88,1857182.0,211658688.0
2014-02-26,231.21,240.55,238.76,224.98,1055661.0,123796752.0
2014-02-25,250.9,261.68,236.84,226.99,1529929.0,188222144.0
2014-02-24,238.6,251.82,251.1,235.63,894777.0,110388504.0
2014-02-21,235.03,244.39,239.03,235.03,845012.0,101326440.0
2014-02-20,224.98,242.06,239.03,220.93,2021006.0,235641696.0
2014-02-19,225.04,234.85,224.98,214.94,1029884.0,115527376.0
2014-02-18,235.05,241.03,227.5,223.64,1243756.0,142211648.0
2014-02-17,225.79,241.05,237.08,225.37,894361.0,104924152.0
2014-02-14,208.07,227.59,227.59,206.5,1620083.0,180287280.0
2014-02-13,212.95,220.95,206.91,203.89,831490.0,88027688.0
2014-02-12,203.15,220.97,213.09,201.9,1447768.0,153688736.0
2014-02-11,196.56,203.89,201.88,192.84,858012.0,85343736.0
2014-02-10,191.22,204.66,196.58,189.83,1107961.0,107769552.0
2014-02-07,184.81,192.84,191.24,182.82,629320.0,59066404.0
2014-01-30,188.42,191.72,185.93,185.05,445689.0,41849928.0
2014-01-29,174.54,190.84,188.42,172.76,837267.0,76797440.0
2014-01-28,177.03,177.94,174.36,174.16,571075.0,50076792.0
2014-01-27,179.95,183.4,177.03,175.77,914251.0,81740384.0
2014-01-24,177.72,184.25,179.79,173.8,686784.0,60915772.0
2014-01-23,175.77,180.53,177.78,171.17,1122575.0,98916616.0
2014-01-22,159.46,174.56,174.56,159.46,1453557.0,123665688.0
2014-01-21,154.92,161.09,158.69,154.31,991628.0,77941528.0
2014-01-20,160.9,161.0,155.12,153.57,885748.0,69257472.0
2014-01-17,161.25,163.51,160.66,158.9,523265.0,41904296.0
2014-01-16,167.53,170.53,163.01,161.83,889282.0,73576568.0
2014-01-15,163.44,167.71,167.71,158.94,808954.0,65907124.0
2014-01-14,165.72,165.72,163.34,159.2,904847.0,73398352.0
2014-01-13,165.72,166.73,164.92,161.31,819060.0,66980540.0
2014-01-10,168.72,168.72,166.73,160.7,790177.0,64912364.0
2014-01-09,166.73,169.34,168.34,163.82,548739.0,45771376.0
2014-01-08,171.75,173.92,168.7,162.73,1060378.0,88625128.0
2014-01-07,159.5,168.2,166.73,158.69,599622.0,49044180.0
2014-01-06,162.79,170.43,158.79,158.05,1210110.0,99475160.0
2014-01-03,145.19,161.57,161.57,145.19,1421748.0,110701016.0
2014-01-02,146.9,147.65,146.88,144.63,614843.0,44819444.0
2013-12-31,145.84,148.41,145.86,140.62,810972.0,58471648.0
2013-12-30,141.22,146.1,145.8,141.22,1067514.0,76719008.0
2013-12-27,138.65,144.23,142.38,138.65,751771.0,53242064.0
2013-12-26,139.21,147.61,142.02,137.38,1755831.0,124004272.0
2013-12-25,130.89,145.6,139.61,129.73,1458916.0,96081112.0
2013-12-24,133.58,133.58,132.52,130.57,545768.0,35771600.0
2013-12-23,132.18,133.59,133.59,128.78,997293.0,64794852.0
2013-12-20,133.48,134.51,133.59,127.18,779959.0,50882308.0
2013-12-19,133.24,134.19,133.48,131.7,236142.0,15670860.0
2013-12-18,132.62,133.18,133.18,130.81,131122.0,8641586.0
2013-12-17,132.38,132.92,132.88,130.59,149583.0,9816371.0
2013-12-16,132.5,133.44,132.54,130.67,230712.0,15163451.0
2013-12-13,132.26,133.59,132.5,131.17,188435.0,12418561.0
2013-12-12,130.57,134.19,132.38,130.57,394841.0,25976288.0
2013-12-11,130.63,135.35,130.53,128.16,584661.0,38687552.0
2013-12-10,129.73,132.56,130.57,126.15,552569.0,35459632.0
2013-12-09,125.15,128.16,128.16,122.33,454910.0,28488948.0
2013-12-06,124.99,126.15,126.15,118.92,424173.0,25832958.0
2013-12-05,124.75,128.24,125.35,118.76,915184.0,56632872.0
2013-12-04,128.56,131.58,127.86,125.35,665673.0,42522640.0
2013-12-03,122.98,130.73,127.4,122.98,695581.0,44113140.0
2013-12-02,132.58,134.27,127.14,124.77,1204185.0,77094904.0
2013-11-29,139.81,140.21,138.63,136.2,841555.0,57883836.0
2013-11-28,134.99,140.29,138.61,133.59,686900.0,46847476.0
2013-11-27,129.16,138.21,133.59,128.16,965382.0,65015092.0
2013-11-26,127.76,129.57,129.51,127.76,209763.0,13448209.0
2013-11-25,128.18,129.22,128.52,126.61,365947.0,23340160.0
2013-11-22,127.06,128.56,128.2,126.55,246350.0,15609426.0
2013-11-21,124.44,130.15,127.26,124.14,807938.0,51391520.0
2013-11-20,125.27,125.27,124.53,122.74,272940.0,16800528.0
2013-11-19,122.58,125.55,124.44,122.58,541792.0,33558708.0
2013-11-18,119.52,124.77,124.04,119.32,1438859.0,87676816.0
2013-11-15,111.49,121.13,118.52,111.49,966809.0,57212360.0
2013-11-14,110.06,114.56,113.66,106.47,476906.0,26552052.0
2013-11-13,110.7,111.67,110.38,109.08,229444.0,12607295.0
2013-11-12,109.14,111.09,111.09,107.87,543098.0,29492104.0
2013-11-11,110.46,111.25,110.46,107.49,435249.0,23608308.0
2013-11-08,110.48,112.29,110.48,108.21,424343.0,23062654.0
2013-11-07,110.48,114.06,110.28,107.89,561034.0,30841258.0
2013-11-06,112.39,117.72,112.05,111.27,911219.0,52176396.0
2013-11-05,104.68,112.91,112.39,104.68,1430823.0,78032152.0
2013-11-04,110.08,110.08,107.01,105.48,1217452.0,64719048.0
2013-11-01,107.95,110.86,110.48,105.5,1110572.0,59602424.0
2013-10-31,106.97,110.97,110.68,104.46,496565.0,26478328.0
2013-10-30,105.16,108.45,107.87,104.86,332264.0,17719052.0
2013-10-29,107.35,109.08,104.96,102.65,805148.0,42446104.0
2013-10-28,109.34,110.48,107.09,106.47,904914.0,48820128.0
2013-10-25,115.53,116.27,112.39,106.59,1080475.0,59463532.0
2013-10-24,114.26,117.88,115.71,113.8,362747.0,20770316.0
2013-10-23,118.62,119.52,116.51,109.48,1234935.0,70643392.0
2013-10-22,125.65,129.57,119.32,117.61,1125698.0,68759816.0
2013-10-21,118.46,127.08,126.53,116.93,739043.0,45587024.0
2013-10-18,119.91,119.91,118.5,115.93,179948.0,10611747.0
2013-10-17,118.54,121.93,118.08,114.7,672620.0,39745140.0
2013-10-16,120.53,124.1,118.54,114.62,1813903.0,105954248.0
2013-10-15,121.45,124.53,121.41,118.62,500576.0,30177234.0
2013-10-14,116.09,121.49,121.43,112.89,1206020.0,70534240.0
2013-10-11,118.54,120.05,116.01,114.5,468918.0,27054994.0
2013-10-10,124.32,124.32,119.5,117.98,432852.0,26037320.0
2013-10-09,124.55,124.55,124.32,120.69,565752.0,34520900.0
2013-10-08,118.22,125.27,123.84,115.93,819392.0,49562200.0
2013-09-30,116.47,120.06,117.66,116.41,948561.0,55965172.0
2013-09-27,112.69,117.21,116.47,110.48,834193.0,47662592.0
2013-09-26,110.48,115.77,112.67,108.5,984991.0,55623220.0
2013-09-25,116.01,116.01,111.51,110.48,479663.0,26804240.0
2013-09-24,110.3,115.67,114.16,110.06,1053608.0,59495124.0
2013-09-23,106.08,110.28,110.08,106.08,481461.0,26155080.0
2013-09-18,108.88,109.78,106.81,104.58,497281.0,26321176.0
2013-09-17,110.68,111.19,108.88,106.51,316889.0,17133542.0
2013-09-16,108.86,113.5,109.48,107.09,884679.0,48952616.0
2013-09-13,105.62,108.07,107.27,105.62,633676.0,33649252.0
2013-09-12,107.07,109.62,106.27,104.74,554856.0,29445808.0
2013-09-11,109.62,109.62,107.17,106.08,510174.0,27421330.0
2013-09-10,114.52,114.52,110.28,108.01,1106071.0,60536900.0
2013-09-09,119.12,120.69,114.4,113.9,705910.0,40787192.0
2013-09-06,120.53,122.3,120.73,119.3,644848.0,38839136.0
2013-09-05,112.49,121.03,120.39,112.49,826344.0,48571784.0
2013-09-04,113.46,115.28,113.26,111.29,520945.0,29170566.0
2013-09-03,107.67,115.22,114.62,106.57,534664.0,29636844.0
2013-09-02,105.46,110.48,109.18,103.45,376912.0,20237424.0
2013-08-30,111.11,114.3,106.47,101.44,840156.0,45202960.0
2013-08-29,114.1,114.1,112.69,109.48,554685.0,30789186.0
2013-08-28,116.27,123.72,113.38,112.75,849867.0,49421740.0
2013-08-27,118.52,119.42,116.17,112.83,863089.0,49818268.0
2013-08-26,120.11,125.55,120.12,116.21,835514.0,50095912.0
2013-08-23,114.5,125.59,119.38,114.5,1111294.0,65762648.0
2013-08-22,113.9,118.12,116.51,113.9,873121.0,50562428.0
2013-08-21,110.28,115.71,114.64,109.38,944620.0,53063400.0
2013-08-20,109.86,111.45,110.77,108.52,696313.0,38144132.0
2013-08-19,105.56,110.84,110.48,104.88,1067153.0,57816944.0
2013-08-16,113.48,113.48,106.1,104.46,1674983.0,90291568.0
2013-08-15,116.27,118.32,113.48,112.89,849500.0,48757236.0
2013-08-14,113.5,116.47,116.47,111.63,1140072.0,64634420.0
2013-08-13,112.09,116.31,113.7,111.69,819470.0,46382084.0
2013-08-12,117.72,118.42,112.49,110.94,1577531.0,88512584.0
2013-08-09,117.51,119.52,117.81,115.04,1311798.0,77098064.0
2013-08-08,122.74,124.1,118.74,115.71,2283064.0,134176856.0
2013-08-07,133.28,133.28,125.89,124.55,1064861.0,67338784.0
2013-08-06,130.57,132.8,132.56,127.06,776269.0,50329084.0
2013-08-05,131.56,132.36,130.57,128.6,512348.0,33179510.0
2013-08-02,127.26,132.58,130.97,125.57,880482.0,56869604.0
2013-08-01,117.73,128.56,126.53,117.72,783832.0,48696600.0
2013-07-31,115.5,119.72,118.96,112.67,854816.0,49624232.0
2013-07-30,120.12,122.3,115.5,112.49,591516.0,34465776.0
2013-07-29,123.3,123.34,120.43,117.72,1000878.0,59678444.0
2013-07-26,111.75,122.62,122.62,108.47,1747689.0,101870000.0
2013-07-25,116.51,116.71,111.47,106.06,1846730.0,101210208.0
2013-07-24,109.18,116.49,114.88,108.09,1241112.0,69467616.0
2013-07-23,106.67,115.75,108.17,106.67,1432457.0,78350296.0
2013-07-22,98.21,106.22,105.22,95.42,1377976.0,70049352.0
2013-07-19,98.43,100.22,98.23,96.42,1270079.0,62162308.0
2013-07-18,97.69,101.44,97.83,96.52,1757657.0,86529808.0
2013-07-17,99.19,102.45,97.69,97.02,904578.0,44916836.0
2013-07-16,100.44,104.44,100.18,98.43,1204577.0,60513464.0
2013-07-15,96.42,104.22,101.67,96.24,2187462.0,109586512.0
2013-07-12,92.4,96.02,95.32,90.39,1333480.0,62498880.0
2013-07-11,89.91,92.3,91.0,89.07,932270.0,42042912.0
2013-07-10,88.69,91.2,89.91,87.82,1245767.0,55717488.0
2013-07-09,84.97,89.49,88.59,83.57,1156295.0,50188128.0
2013-07-08,88.39,88.39,84.97,83.36,730412.0,31298880.0
2013-07-05,90.6,94.15,88.93,87.58,1210328.0,54238404.0
2013-07-04,93.19,94.17,92.18,89.75,1682189.0,77003696.0
2013-07-03,88.95,92.73,92.4,88.95,1330188.0,60267592.0
2013-07-02,90.4,91.88,89.77,88.53,1143359.0,51445292.0
2013-07-01,82.36,89.71,89.71,81.76,1084984.0,47404620.0
2013-06-28,81.36,82.96,81.56,79.75,999066.0,40389588.0
2013-06-27,82.26,84.57,81.36,80.75,1783507.0,73172888.0
2013-06-26,72.11,80.43,80.43,72.11,1838181.0,71106000.0
2013-06-25,72.72,74.28,73.12,66.27,2468606.0,85781448.0
2013-06-24,73.32,76.21,73.62,71.71,952023.0,34998820.0
2013-06-21,72.34,74.33,73.32,68.7,1064439.0,38210472.0
2013-06-20,76.33,77.74,73.92,73.68,796287.0,29933030.0
2013-06-19,80.09,80.09,76.64,76.53,680099.0,26383034.0
2013-06-18,79.71,80.21,79.97,76.78,705324.0,27695484.0
2013-06-17,76.41,81.08,79.71,75.61,2002437.0,79006824.0
2013-06-14,71.09,77.5,76.41,71.09,1582383.0,59254864.0
2013-06-13,69.7,71.81,71.49,66.33,841314.0,29367882.0
2013-06-07,71.37,72.32,71.41,70.37,530120.0,18818994.0
2013-06-06,72.54,72.92,71.37,70.39,683132.0,24351516.0
2013-06-05,69.91,72.52,72.11,69.34,927704.0,33043126.0
2013-06-04,69.5,72.34,70.91,67.5,1352104.0,47164944.0
2013-06-03,73.34,73.92,70.31,69.3,1718788.0,61233256.0
2013-05-31,74.83,78.06,74.83,73.92,941074.0,35244560.0
2013-05-30,73.56,75.19,74.73,72.34,1146719.0,42116404.0
2013-05-29,73.08,74.79,74.17,70.88,1159350.0,42460892.0
2013-05-28,73.83,76.57,73.52,71.98,2210591.0,81571088.0
2013-05-27,74.19,78.54,74.99,73.7,2471520.0,92919128.0
2013-05-24,67.49,73.94,73.68,67.49,1452875.0,51758048.0
2013-05-23,67.53,70.42,68.11,66.17,1155520.0,39670024.0
2013-05-22,71.28,71.28,68.77,68.57,1098830.0,38149244.0
2013-05-21,71.14,71.9,71.3,69.19,1435826.0,50489428.0
2013-05-20,67.77,71.56,70.98,67.77,2684795.0,93329808.0
2013-05-17,58.15,67.23,67.23,58.15,2972117.0,96704736.0
2013-05-16,60.45,64.14,61.11,59.95,2555870.0,79991624.0
2013-05-15,57.54,60.05,59.55,57.2,1622567.0,47656064.0
2013-05-14,58.93,59.07,57.95,57.26,1418818.0,40753300.0
2013-05-13,58.15,60.11,58.65,57.95,2025055.0,59648676.0
2013-05-10,57.06,58.49,57.88,55.66,1753159.0,50229112.0
2013-05-09,56.76,57.54,56.94,55.32,2339171.0,65558016.0
2013-05-08,56.74,57.68,56.74,55.54,1513406.0,42737508.0
2013-05-07,56.34,57.14,56.54,55.14,1107993.0,30980394.0
2013-05-06,53.13,57.72,56.96,53.13,2283128.0,63279240.0
2013-05-03,53.03,54.5,53.13,52.33,1419042.0,37811424.0
2013-05-02,50.45,54.03,53.03,50.45,1092741.0,28589320.0
2013-04-26,51.53,52.59,51.49,51.11,734358.0,18939504.0
2013-04-25,54.13,56.08,51.91,51.73,1343491.0,35974880.0
2013-04-24,51.43,54.54,54.52,51.35,1276846.0,33887292.0
2013-04-23,52.57,53.69,51.73,51.39,1121894.0,29262230.0
2013-04-22,51.13,54.34,52.69,50.99,1349078.0,35669376.0
2013-04-19,49.22,52.17,51.13,49.16,1029389.0,26043916.0
2013-04-18,49.4,49.92,49.56,49.24,449942.0,11124259.0
2013-04-17,47.54,50.12,49.54,47.3,809290.0,19900664.0
2013-04-16,46.9,47.52,47.46,46.52,343653.0,8068317.0
2013-04-15,46.88,47.84,46.96,46.88,527765.0,12394232.0
2013-04-12,47.1,47.24,46.86,46.78,159901.0,3747605.0
2013-04-11,46.9,47.28,46.86,46.52,457079.0,10696193.0
2013-04-10,47.06,47.28,46.92,46.62,506865.0,11872254.0
2013-04-09,47.12,47.48,47.12,46.72,412530.0,9684816.0
2013-04-08,46.32,47.62,46.94,44.99,386650.0,9015393.0
2013-04-03,48.06,48.06,46.7,46.12,562588.0,13174111.0
2013-04-02,48.48,49.32,47.78,47.12,955448.0,23042838.0
2013-04-01,47.72,49.12,48.58,47.44,599486.0,14519507.0
2013-03-29,47.4,47.82,47.42,47.12,596852.0,14141348.0
2013-03-28,48.16,48.16,47.42,46.72,643140.0,15238086.0
2013-03-27,47.66,48.92,48.12,47.66,343516.0,8295266.0
2013-03-26,46.24,48.72,48.28,46.12,751091.0,17794340.0
2013-03-25,47.14,47.76,47.52,45.71,471056.0,11025416.0
2013-03-22,47.92,47.92,47.54,46.52,630911.0,14908631.0
2013-03-21,47.14,47.92,47.92,47.14,771711.0,18330548.0
2013-03-20,46.74,47.28,47.14,46.64,349401.0,8205505.0
2013-03-19,45.99,47.02,46.74,45.99,882387.0,20540386.0
2013-03-18,46.88,47.02,45.99,45.99,397220.0,9235038.0
2013-03-15,46.58,47.32,46.48,45.9,631833.0,14710263.0
2013-03-14,45.57,47.22,46.5,45.03,999457.0,23065230.0
2013-03-13,45.01,45.81,45.57,44.31,633810.0,14260394.0
2013-03-12,45.37,46.46,45.01,44.33,1337707.0,30323520.0
2013-03-11,44.11,45.84,45.37,44.11,752326.0,16977530.0
2013-03-08,46.68,47.26,44.39,44.31,1952719.0,44271360.0
2013-03-07,48.92,49.77,46.62,46.48,1436483.0,34465976.0
2013-03-06,49.3,50.53,48.92,48.12,1259556.0,31101890.0
2013-03-05,47.56,49.22,49.04,47.52,825621.0,19860702.0
2013-03-04,49.84,49.84,48.08,47.72,715111.0,17324996.0
2013-03-01,49.68,50.41,49.92,49.16,1394360.0,34588508.0
2013-02-28,47.48,50.01,49.62,46.72,871279.0,20891510.0
2013-02-27,48.14,48.6,47.48,46.74,1268213.0,29992202.0
2013-02-26,50.12,50.12,48.14,48.12,1417490.0,34662140.0
2013-02-25,49.42,50.51,50.37,48.92,806648.0,20041082.0
2013-02-22,49.02,50.69,49.83,48.9,1458174.0,36154160.0
2013-02-21,51.29,51.29,48.82,48.56,1610798.0,39899424.0
2013-02-20,49.83,51.09,50.93,49.32,1602718.0,40328344.0
2013-02-19,49.28,50.33,49.8,48.8,1531458.0,37825404.0
2013-02-18,48.4,50.91,49.34,47.52,1519123.0,37496196.0
2013-02-08,48.72,49.08,48.28,47.78,504535.0,12150635.0
2013-02-07,48.56,48.56,48.16,47.52,777657.0,18606136.0
2013-02-06,47.52,49.66,48.54,46.72,1654592.0,40178160.0
2013-02-05,46.22,47.82,47.76,46.22,2335490.0,54874476.0
2013-02-04,45.91,47.5,47.48,45.85,2395899.0,55873828.0
2013-02-01,46.18,47.28,46.09,45.71,1489615.0,34460880.0
2013-01-31,45.13,46.58,46.28,45.13,1065205.0,24355700.0
2013-01-30,46.02,46.42,45.88,45.11,1663542.0,37976484.0
2013-01-29,46.28,47.3,45.71,45.55,2368138.0,54264044.0
2013-01-28,45.27,46.84,46.64,44.61,1043062.0,24004948.0
2013-01-25,44.91,45.51,45.19,43.95,1781880.0,39838572.0
2013-01-24,46.28,46.28,44.71,44.51,3520587.0,79266264.0
2013-01-23,47.12,47.62,46.2,45.21,1738024.0,40133432.0
2013-01-22,48.1,49.12,47.38,47.28,2099090.0,50424672.0
2013-01-21,46.05,48.72,48.38,45.98,3028262.0,72205560.0
2013-01-18,45.71,46.08,45.95,45.33,906141.0,20667406.0
2013-01-17,46.32,46.42,45.72,45.31,1106534.0,25329772.0
2013-01-16,46.12,47.08,46.22,45.21,1301601.0,29881316.0
2013-01-15,45.37,46.44,46.12,44.93,1458914.0,33380460.0
2013-01-14,43.87,45.41,45.41,43.01,1502465.0,33321364.0
2013-01-11,45.53,46.8,44.21,44.21,1677998.0,37971608.0
2013-01-10,44.61,46.32,45.77,44.51,2083019.0,47613708.0
2013-01-09,43.81,45.27,44.69,43.55,1060532.0,23597610.0
2013-01-08,43.31,44.07,43.95,42.71,1403489.0,30446392.0
2013-01-07,42.95,43.61,43.29,42.87,1087095.0,23389506.0
2013-01-04,44.23,44.83,43.55,43.31,525284.0,11510876.0
2012-12-31,44.21,45.47,44.15,44.13,667946.0,14807529.0
2012-12-28,43.35,45.05,44.79,43.35,1064904.0,23630378.0
2012-12-27,45.39,45.51,43.81,43.57,1824796.0,40130304.0
2012-12-26,43.97,45.51,45.31,43.71,1271710.0,28366796.0
2012-12-25,42.91,45.11,44.07,42.71,848940.0,18597322.0
2012-12-24,43.11,43.43,43.09,42.19,526298.0,11299070.0
2012-12-21,43.75,44.47,43.05,42.53,1558248.0,33509586.0
2012-12-20,42.91,44.47,44.17,42.67,844622.0,18501778.0
2012-12-19,42.21,43.07,43.07,42.21,193720.0,4128941.0
2012-12-18,42.41,42.99,42.69,42.12,301840.0,6390781.0
2012-12-17,43.37,43.37,42.91,41.87,520345.0,11038975.0
2012-12-14,41.98,44.07,43.47,41.84,1238688.0,26717192.0
2012-12-13,43.03,43.03,42.69,42.29,220110.0,4664982.0
2012-12-12,42.57,42.99,42.77,42.31,476060.0,10145007.0
2012-12-11,42.51,43.11,42.57,41.91,500549.0,10635639.0
2012-12-10,43.61,44.11,42.85,42.55,677606.0,14512489.0
2012-12-07,42.51,43.71,43.61,41.7,1024078.0,22095142.0
2012-12-06,41.77,42.87,42.51,41.3,470105.0,9923480.0
2012-12-05,40.7,41.58,41.3,40.26,347743.0,7146451.0
2012-12-04,39.1,40.66,40.26,38.74,197806.0,3936581.0
2012-12-03,40.0,40.2,39.24,38.9,272133.0,5344886.0
2012-11-30,39.1,40.48,40.28,39.1,91790.0,1830284.0
2012-11-29,39.2,39.38,39.1,38.72,301720.0,5878081.0
2012-11-28,39.9,39.9,38.72,38.52,223191.0,4326056.0
2012-11-27,40.1,40.76,39.84,39.7,442853.0,8908248.0
2012-11-26,41.95,42.31,41.66,40.58,140970.0,2888460.0
2012-11-23,42.27,42.65,42.33,41.56,124310.0,2618450.0
2012-11-22,41.91,42.11,42.06,41.32,44300.0,922949.0
2012-11-21,41.14,42.1,41.91,41.1,59706.0,1234247.0
2012-11-20,41.62,41.66,41.4,41.08,150160.0,3081942.0
2012-11-19,40.68,41.7,41.68,38.32,228858.0,4609089.0
2012-11-16,41.1,41.1,40.1,38.62,389730.0,7806027.0
2012-11-15,40.72,41.46,41.1,40.72,59401.0,1218561.0
2012-11-14,40.9,41.3,41.18,40.14,112691.0,2298524.0
2012-11-13,41.22,41.56,41.02,41.02,112900.0,2323976.0
2012-11-12,42.27,43.07,41.7,41.02,375779.0,7749124.0
2012-11-09,42.37,43.33,42.27,41.91,367135.0,7832825.0
2012-11-08,41.26,42.06,42.02,41.14,254646.0,5322675.0
2012-11-07,41.16,41.84,41.62,41.12,115592.0,2387943.0
2012-11-06,41.12,41.34,41.16,40.92,317951.0,6521173.0
2012-11-05,41.08,41.28,41.0,40.56,307500.0,6279310.0
2012-11-02,41.1,41.1,40.84,40.64,82459.0,1679554.0
2012-11-01,40.7,40.98,40.98,40.3,164669.0,3347595.0
2012-10-31,40.48,40.64,40.6,40.1,95388.0,1913829.0
2012-10-30,40.42,41.04,40.36,39.92,127589.0,2567582.0
2012-10-29,39.68,40.46,40.44,39.62,272118.0,5473017.0
2012-10-26,39.6,39.66,39.62,38.34,92689.0,1820749.0
2012-10-25,39.74,40.04,39.72,39.56,116103.0,2298752.0
2012-10-24,40.3,40.5,39.74,39.3,113774.0,2265861.0
2012-10-23,40.64,41.04,40.16,40.06,169719.0,3408029.0
2012-10-22,39.82,40.56,40.38,39.82,130179.0,2619427.0
2012-10-19,40.6,40.76,40.62,39.94,126329.0,2548059.0
2012-10-18,41.5,41.5,40.6,40.4,81693.0,1657080.0
2012-10-17,40.6,40.88,40.6,40.26,52894.0,1068847.0
2012-10-16,40.02,40.74,40.68,39.92,228600.0,4626908.0
2012-10-15,40.38,40.96,40.1,39.74,360350.0,7203227.0
2012-10-12,40.8,41.4,40.9,40.26,236560.0,4806040.0
2012-10-11,40.26,41.77,40.46,40.26,1098515.0,22680574.0
2012-10-10,39.8,40.1,40.08,39.42,252599.0,5011218.0
2012-10-09,39.6,40.36,40.24,39.3,314916.0,6222323.0
2012-10-08,39.8,39.84,39.4,39.12,101400.0,1986370.0
2012-09-28,39.1,40.08,39.8,38.72,153552.0,3021240.0
2012-09-27,36.49,39.7,39.64,36.29,587732.0,11171694.0
2012-09-26,39.6,39.6,37.88,37.25,309021.0,5859485.0
2012-09-25,41.2,41.2,39.0,38.98,217867.0,4310094.0
2012-09-24,39.0,40.04,40.0,39.0,137511.0,2713073.0
2012-09-21,41.28,41.5,39.76,39.5,572707.0,11530024.0
2012-09-20,42.29,42.39,41.5,41.1,705810.0,14585768.0
2012-09-19,41.73,42.49,42.02,41.5,398147.0,8324691.0
2012-09-18,41.26,42.31,41.74,40.74,645458.0,13458001.0
2012-09-17,41.73,41.92,41.36,41.1,285400.0,5895608.0
2012-09-14,42.23,42.61,41.97,41.2,239740.0,5004417.0
2012-09-13,42.27,42.37,41.91,41.83,647461.0,13576658.0
2012-09-12,42.69,43.47,42.41,42.1,1648364.0,34876420.0
2012-09-11,42.71,43.75,42.97,42.57,972513.0,20971078.0
2012-09-10,42.69,43.49,43.43,41.77,2157469.0,45754008.0
2012-09-07,41.98,43.15,42.61,41.48,1069469.0,22588338.0
2012-09-06,42.51,42.89,41.98,41.7,833548.0,17497936.0
2012-09-05,41.54,43.09,42.67,41.54,625896.0,13234575.0
2012-09-04,41.4,41.97,41.54,40.94,348881.0,7236989.0
2012-09-03,41.1,41.48,41.46,40.7,258516.0,5297554.0
2012-08-31,40.34,41.4,41.22,40.32,509478.0,10443298.0
2012-08-30,40.34,41.1,40.5,39.94,686578.0,13851216.0
2012-08-29,40.4,41.58,40.9,39.82,1247266.0,25429466.0
2012-08-28,38.62,40.3,40.08,38.62,1131438.0,22369222.0
2012-08-27,38.09,39.5,38.4,38.09,727906.0,14151184.0
2012-08-24,40.06,40.68,39.3,38.56,1395687.0,27508214.0
2012-08-23,40.52,41.91,40.7,40.4,1176064.0,23928456.0
2012-08-22,41.52,42.33,41.6,40.42,2456257.0,50125472.0
2012-08-21,41.04,42.51,42.33,40.9,1370979.0,28578840.0
2012-08-20,41.83,42.01,41.42,40.62,448204.0,9231883.0
2012-08-17,40.82,41.91,41.91,40.06,365522.0,7397538.0
2012-08-16,41.1,41.64,40.72,40.6,631236.0,12922732.0
2012-08-15,41.54,42.83,41.62,40.54,1018595.0,21294922.0
2012-08-14,42.39,42.67,41.6,40.24,639602.0,13261558.0
2012-08-13,44.11,44.51,42.71,42.1,964133.0,20620096.0
2012-08-10,45.09,45.09,44.31,43.47,749256.0,16601609.0
2012-08-09,45.09,45.71,44.69,44.15,633554.0,14143919.0
2012-08-08,45.88,47.72,45.01,43.87,700000.0,15799411.0
2012-08-07,46.09,46.5,45.88,45.47,705408.0,16179498.0
2012-08-06,44.71,46.52,46.26,44.21,619167.0,14145664.0
2012-08-03,43.43,45.11,44.73,43.13,561537.0,12403193.0
2012-08-02,41.7,43.89,43.71,41.3,656212.0,14164920.0
2012-08-01,41.5,43.11,42.43,41.32,853925.0,18048684.0
2012-07-31,42.91,43.47,41.97,41.84,831007.0,17578844.0
2012-07-30,42.31,43.91,43.29,42.29,461276.0,9935103.0
2012-07-27,42.51,42.85,42.29,41.73,213827.0,4524032.0
2012-07-26,41.88,42.81,42.51,41.4,777232.0,16345309.0
2012-07-25,41.5,42.13,41.92,40.6,396651.0,8271602.0
2012-07-24,40.3,42.21,41.52,40.1,736766.0,15086734.0
2012-07-23,42.11,42.51,41.97,40.1,502882.0,10490887.0
2012-07-20,41.91,43.71,42.27,41.24,369480.0,7807804.0
2012-07-19,41.1,43.27,42.06,41.02,424847.0,8962056.0
2012-07-18,42.31,42.31,41.1,39.54,1122762.0,22848918.0
2012-07-17,41.2,42.83,42.27,41.2,173965.0,3667219.0
2012-07-16,41.12,42.69,41.98,41.12,621470.0,13033417.0
2012-07-13,43.43,44.37,42.35,42.06,678433.0,14460974.0
2012-07-12,45.03,45.27,44.41,44.13,563931.0,12556649.0
2012-07-11,44.47,44.87,44.87,43.91,227918.0,5074449.0
2012-07-10,44.11,44.69,44.43,43.15,477674.0,10511627.0
2012-07-09,45.03,45.43,44.11,43.91,507000.0,11257019.0
2012-07-06,43.99,45.72,44.75,43.51,318967.0,7068084.0
2012-07-05,43.31,45.11,43.69,43.03,489473.0,10699766.0
2012-07-04,44.95,45.29,43.67,43.29,595667.0,13142523.0
2012-07-03,45.72,47.28,45.03,44.73,793521.0,18186774.0
2012-07-02,44.37,46.32,45.72,43.27,1373644.0,30990354.0
2012-06-29,42.77,44.51,43.89,41.84,821306.0,17810792.0
2012-06-28,42.55,43.83,42.89,42.33,652021.0,13959073.0
2012-06-27,41.44,43.31,42.91,41.44,1170517.0,24990414.0
2012-06-26,41.3,41.78,41.48,40.52,451448.0,9236904.0
2012-06-25,41.91,42.87,41.6,41.2,632847.0,13224827.0
2012-06-21,42.89,43.35,42.31,41.73,919651.0,19327416.0
2012-06-20,42.91,44.03,43.33,41.91,1802971.0,38671068.0
2012-06-19,42.99,43.91,43.19,42.13,1213084.0,25938934.0
2012-06-18,42.1,44.51,43.51,41.04,1658363.0,34894900.0
2012-06-15,40.0,43.45,42.09,39.52,2049425.0,42344772.0
2012-06-14,39.22,40.3,39.88,38.62,697422.0,13772658.0
2012-06-13,38.44,39.66,39.22,38.44,457325.0,8914179.0
2012-06-12,38.58,38.7,38.5,38.2,294689.0,5651229.0
2012-06-11,39.34,39.5,39.06,38.52,293488.0,5719465.0
2012-06-08,39.2,39.54,38.74,38.66,192622.0,3754537.0
2012-06-07,39.1,39.94,39.3,38.6,254304.0,4998517.0
2012-06-06,37.99,39.9,38.9,37.85,238068.0,4613692.0
2012-06-05,38.7,39.3,38.62,37.09,397232.0,7595059.0
2012-06-04,39.3,40.04,38.92,38.62,459130.0,9003195.0
2012-06-01,39.98,41.08,40.08,39.2,471906.0,9441700.0
2012-05-31,39.24,40.24,39.98,38.78,592024.0,11742156.0
2012-05-30,39.8,39.88,39.79,39.13,239481.0,9458258.0
2012-05-29,39.4,39.8,39.38,38.9,267263.0,10528825.0
2012-05-28,38.88,39.48,39.34,38.19,233117.0,9005171.0
2012-05-25,39.7,39.8,39.01,38.82,221832.0,8697037.0
2012-05-24,39.48,40.65,39.3,39.0,367905.0,14511776.0
2012-05-23,39.01,39.68,39.56,38.69,169745.0,6650349.0
2012-05-22,37.88,39.5,39.48,37.88,194561.0,7518289.0
2012-05-21,37.51,38.46,38.45,37.5,86217.0,3271990.0
2012-05-18,38.52,38.58,37.8,37.72,180904.0,6863481.0
2012-05-17,38.56,39.07,38.87,38.49,140110.0,5418392.0
2012-05-16,40.0,40.0,38.53,38.53,115650.0,4532509.0
2012-05-15,39.67,40.82,39.85,39.67,106350.0,4266446.0
2012-05-14,39.99,40.45,40.1,39.55,336197.0,13428440.0
2012-05-11,39.79,40.36,39.7,38.87,254161.0,10057927.0
2012-05-10,38.5,39.8,39.2,38.28,310920.0,12156292.0
2012-05-09,39.49,40.51,38.5,38.11,279487.0,10787036.0
2012-05-08,39.99,39.99,39.66,38.73,330651.0,12979876.0
2012-05-07,38.25,39.9,39.82,38.1,306166.0,11978952.0
2012-05-04,37.79,38.6,38.6,37.13,342233.0,12970241.0
2012-05-03,37.22,37.98,37.6,37.22,80355.0,3014345.0
2012-05-02,38.95,39.0,37.82,37.2,95733.0,3617283.0
2012-04-27,37.1,38.59,37.8,37.1,84422.0,3207226.0
2012-04-26,38.12,38.12,38.0,37.6,72404.0,2740298.0
2012-04-25,38.95,39.0,38.14,37.66,249512.0,9529869.0
2012-04-24,37.06,38.88,38.39,37.03,251181.0,9578239.0
2012-04-23,38.3,38.37,37.83,37.02,245316.0,9257498.0
2012-04-20,37.85,38.47,38.25,37.84,82357.0,3153465.0
2012-04-19,37.77,38.6,38.3,37.25,226560.0,8643162.0
2012-04-18,36.7,38.0,37.8,36.5,248377.0,9281626.0
2012-04-17,36.69,36.86,36.83,36.1,100296.0,3660017.0
2012-04-16,36.89,36.97,36.7,35.82,113527.0,4143955.0
2012-04-13,36.98,37.78,36.98,36.5,244902.0,9071986.0
2012-04-12,36.5,36.84,36.58,36.26,90747.0,3313610.0
2012-04-11,35.4,36.58,36.47,34.62,184905.0,6636456.0
2012-04-10,35.35,35.5,35.4,34.4,381825.0,13297713.0
2012-04-09,34.93,35.78,35.06,34.61,241860.0,8534245.0
2012-04-06,34.1,35.26,34.93,34.1,382056.0,13251961.0
2012-03-30,32.88,34.2,33.4,32.0,533548.0,17551514.0
2012-03-29,33.99,34.16,33.6,33.0,424657.0,14163918.0
2012-03-28,36.1,36.12,33.99,33.18,485741.0,16615035.0
2012-03-27,37.18,37.36,36.69,36.36,306094.0,11250159.0
2012-03-26,37.68,37.68,36.9,36.58,199666.0,7367823.0
2012-03-23,38.1,38.11,37.58,36.8,242440.0,9105944.0
2012-03-22,38.1,38.87,38.23,37.8,220302.0,8406583.0
2012-03-21,39.2,39.3,38.1,37.52,295030.0,11321037.0
2012-03-20,39.59,40.24,39.11,38.73,442772.0,17453464.0
2012-03-19,39.0,40.08,40.04,38.05,660379.0,25720190.0
2012-03-16,38.8,38.98,38.85,37.6,395082.0,15183395.0
2012-03-15,36.76,38.88,37.8,36.76,726630.0,27521674.0
2012-03-14,38.66,39.8,36.77,35.6,1283189.0,48691184.0
2012-03-13,38.55,39.24,38.65,38.1,413104.0,15958251.0
2012-03-12,37.7,39.18,38.55,37.6,729694.0,28134762.0
2012-03-09,36.0,38.24,37.66,36.0,933450.0,34851852.0
2012-03-08,35.49,36.02,35.93,35.48,235215.0,8417622.0
2012-03-07,35.29,35.85,35.49,35.05,411425.0,14610978.0
2012-03-06,36.09,36.77,35.75,35.4,444716.0,15935333.0
2012-03-05,36.83,37.18,36.4,36.18,324063.0,11842294.0
2012-03-02,35.66,36.97,36.83,35.5,325747.0,11779149.0
2012-03-01,35.22,35.77,35.59,35.11,546279.0,19338470.0
2012-02-29,36.21,36.54,35.22,35.1,417302.0,14925362.0
2012-02-28,37.15,37.29,36.48,36.33,526592.0,19334434.0
2012-02-27,37.97,37.97,37.15,36.96,793880.0,29662582.0
2012-02-24,37.25,37.75,37.68,36.9,589674.0,21995900.0
2012-02-23,37.89,38.13,37.61,36.75,620459.0,23187282.0
2012-02-22,36.8,38.3,37.76,36.3,816036.0,30419508.0
2012-02-21,35.51,37.26,37.15,35.5,546486.0,19882904.0
2012-02-20,36.39,36.98,35.86,35.74,527077.0,19128834.0
2012-02-17,36.64,37.2,35.88,34.8,361891.0,12899672.0
2012-02-16,35.5,36.6,36.21,35.5,660367.0,23906036.0
2012-02-15,34.8,35.67,35.5,34.53,545073.0,19213388.0
2012-02-14,35.6,35.7,34.96,34.6,293150.0,10268613.0
2012-02-13,34.77,35.91,35.4,34.58,492914.0,17459864.0
2012-02-10,35.49,35.89,34.9,34.53,490818.0,17242580.0
2012-02-09,35.49,36.5,35.49,35.35,405045.0,14486438.0
2012-02-08,35.05,36.18,35.5,34.7,641324.0,22741252.0
2012-02-07,33.9,35.8,35.62,33.36,679868.0,23497002.0
2012-02-06,34.0,34.5,34.0,33.75,500814.0,17111572.0
2012-02-03,32.58,34.3,33.95,32.36,771596.0,25779210.0
2012-02-02,31.98,32.65,32.4,31.66,377499.0,12107994.0
2012-02-01,32.0,32.88,32.11,31.55,425759.0,13816539.0
2012-01-31,31.98,32.38,32.09,31.05,254020.0,8074490.0
2012-01-30,31.5,32.86,31.98,31.5,474638.0,15273708.0
2012-01-20,30.03,31.5,31.2,29.8,442600.0,13695362.0
2012-01-19,30.4,31.8,30.42,29.6,618980.0,18996690.0
2012-01-18,32.26,32.5,30.8,30.78,1979607.0,61997652.0
2012-01-17,31.85,33.28,32.95,30.94,623736.0,19929002.0
2012-01-16,32.51,33.88,31.85,31.8,673636.0,22245090.0
2012-01-13,37.02,38.2,34.48,33.35,1058408.0,37389924.0
2012-01-12,38.0,38.14,37.02,36.88,781895.0,29189582.0
2012-01-11,37.7,40.2,38.3,37.7,1069410.0,41749820.0
2012-01-10,36.5,38.88,38.0,36.06,634757.0,24256644.0
2012-01-09,36.5,38.0,37.28,35.0,924272.0,34136116.0
2012-01-06,35.8,36.16,35.9,34.21,806599.0,28301564.0
2012-01-05,36.8,38.0,36.16,36.0,962707.0,35474692.0
2012-01-04,42.81,42.92,38.68,38.68,1015917.0,40479616.0
