date,open,high,close,low,volume,amount
2015-07-03,245.98,257.97,242.38,221.09,11579054.0,411593856.0
2015-07-02,261.38,261.38,245.65,231.77,7824898.0,290123040.0
2015-07-01,255.09,275.33,257.51,255.02,5157478.0,209905760.0
2015-06-30,248.73,280.63,264.65,229.93,7635641.0,288858304.0
2015-06-29,272.31,275.13,255.48,241.4,10425956.0,406954912.0
2015-06-26,288.89,301.33,268.19,268.19,6278515.0,261120512.0
2015-06-25,304.61,311.82,297.99,291.51,4488101.0,207844448.0
2015-06-24,301.33,308.61,304.02,290.13,7373591.0,338616960.0
2015-06-23,317.06,330.16,300.02,289.87,6522634.0,308345056.0
2015-06-19,314.44,331.86,317.71,311.16,3405178.0,167656144.0
2015-06-18,340.64,347.19,325.31,325.11,6739794.0,340960608.0
2015-06-17,332.12,348.37,343.92,327.73,4933558.0,254853696.0
2015-06-16,342.67,349.55,327.54,324.98,5871133.0,300080832.0
2015-06-15,351.12,365.53,341.36,339.33,4783639.0,254301744.0
2015-06-12,339.26,357.28,355.71,336.51,5264880.0,276339424.0
2015-06-11,337.43,343.13,340.64,335.4,2937879.0,152101792.0
2015-06-10,336.64,347.85,336.19,324.26,4995258.0,254445504.0
2015-06-09,347.32,357.02,337.23,328.45,5119669.0,267077280.0
2015-06-08,361.6,379.29,347.25,343.78,5293893.0,284403072.0
2015-06-05,366.84,393.05,368.81,360.29,6049425.0,346731136.0
2015-06-04,378.63,383.22,366.84,341.23,5174727.0,290509312.0
2015-06-03,360.29,392.91,379.16,352.56,6886229.0,389023808.0
2015-06-02,334.09,366.06,366.06,334.09,9725856.0,533713248.0
2015-06-01,314.83,337.63,332.78,312.14,6757583.0,336325440.0
2015-05-29,312.14,317.58,314.44,301.33,6761773.0,319245280.0
2015-05-28,327.54,333.69,313.13,310.51,6208593.0,305375424.0
2015-05-27,319.68,330.09,326.1,306.64,6607224.0,326203008.0
2015-05-26,309.13,320.66,315.75,305.13,5182815.0,248636912.0
2015-05-25,309.52,314.44,308.61,302.97,4538619.0,213544928.0
2015-05-22,320.73,325.25,312.47,305.26,5078560.0,240852720.0
2015-05-21,312.73,319.68,315.09,307.88,6262008.0,301951264.0
2015-05-20,321.05,339.46,311.69,308.41,7944002.0,387440192.0
2015-05-19,324.26,324.26,320.2,310.51,4949818.0,239845248.0
2015-05-18,294.78,322.23,319.68,292.95,8090392.0,393245568.0
2015-05-15,293.61,299.76,292.95,288.89,3397681.0,152633280.0
2015-05-14,289.08,300.42,293.61,286.79,4830960.0,217278800.0
2015-05-13,295.31,295.31,289.94,288.3,3050101.0,135774976.0
2015-05-12,291.97,296.68,292.95,288.23,5258975.0,234449088.0
2015-05-11,270.48,291.51,290.79,270.48,6027967.0,261543456.0
2015-05-08,263.34,271.07,270.48,263.34,4945918.0,201518752.0
2015-05-07,264.0,270.55,261.38,260.72,1965819.0,78643704.0
2015-05-06,268.58,271.2,264.98,260.39,4159380.0,168384816.0
2015-05-05,275.13,278.93,266.09,258.75,3883192.0,158635808.0
2015-05-04,277.42,280.9,274.48,274.41,2305391.0,97493424.0
2015-04-30,272.25,287.45,277.43,272.25,4000293.0,171906624.0
2015-04-29,265.5,277.43,274.02,264.65,2857324.0,118449456.0
2015-04-28,281.68,288.1,265.63,265.31,3688451.0,155059296.0
2015-04-27,286.66,288.23,282.99,280.44,3598986.0,155818352.0
2015-04-24,284.3,290.2,286.92,282.4,2994881.0,131503824.0
2015-04-23,282.99,293.93,287.51,281.88,4680690.0,205656480.0
2015-04-22,287.97,290.07,282.99,278.08,3757558.0,162207744.0
2015-04-21,276.12,290.13,283.52,275.2,2840058.0,123112768.0
2015-04-20,280.37,286.92,277.75,263.34,4327009.0,183441824.0
2015-04-17,278.74,286.79,278.08,269.89,5033033.0,213189616.0
2015-04-16,288.3,288.3,277.36,262.82,4783110.0,202870928.0
2015-04-15,294.78,297.6,288.89,284.83,6754790.0,298962976.0
2015-04-14,294.78,300.68,292.16,291.57,2685000.0,120987664.0
2015-04-13,297.01,306.58,294.78,290.39,5028286.0,227078800.0
2015-04-10,278.41,308.21,301.33,275.79,5230576.0,230263376.0
2015-04-09,285.48,287.97,284.5,269.96,5279478.0,225185808.0
2015-04-08,282.01,289.68,285.42,275.13,9848578.0,424196224.0
2015-04-07,288.23,292.95,282.01,281.81,6184425.0,269166720.0
2015-04-03,258.75,287.25,287.25,258.75,9790857.0,419034048.0
2015-04-02,258.04,267.07,261.11,255.28,2864376.0,113434448.0
2015-04-01,255.48,269.37,258.62,254.82,4998204.0,200498112.0
2015-03-31,260.0,260.06,254.96,251.88,4861339.0,190037360.0
2015-03-30,267.27,274.48,261.9,261.38,4283708.0,172951424.0
2015-03-27,240.41,266.62,266.62,240.41,6602790.0,258294128.0
2015-03-26,256.0,256.0,242.38,238.32,5504606.0,205901200.0
2015-03-25,255.15,262.03,256.66,250.31,5337390.0,208902832.0
2015-03-24,242.77,261.7,260.72,233.14,14646545.0,561653504.0
2015-03-23,220.11,240.09,240.09,219.45,10695944.0,385971392.0
2015-03-20,209.49,220.43,218.27,207.66,7752693.0,255476688.0
2015-03-19,208.18,211.72,208.38,206.41,5910545.0,188349744.0
2015-03-18,206.02,208.97,208.18,203.73,7361845.0,233135648.0
2015-03-17,201.76,208.31,206.48,197.24,10439167.0,321065856.0
2015-03-16,194.49,201.11,200.26,194.49,7330138.0,222226160.0
2015-03-13,194.3,196.0,194.49,193.25,3709927.0,110052616.0
2015-03-12,193.77,195.34,193.9,193.12,1912317.0,56658908.0
2015-03-11,195.34,197.96,194.3,192.33,2510613.0,74169280.0
2015-03-10,194.62,199.41,195.41,194.49,2896240.0,86761376.0
2015-03-09,194.88,195.02,194.62,192.59,3102321.0,91666808.0
2015-03-06,196.98,198.42,194.95,193.77,2756569.0,82389040.0
2015-03-05,199.67,200.52,196.92,196.26,3795746.0,114365328.0
2015-03-04,197.05,199.67,199.67,196.46,3034475.0,91705152.0
2015-03-03,202.09,202.48,198.16,197.44,3132891.0,95445672.0
2015-03-02,199.73,205.04,202.09,199.67,3147092.0,97323160.0
2015-02-27,196.85,201.11,199.47,196.85,2871890.0,87363200.0
2015-02-26,195.87,198.23,196.85,195.21,1534857.0,46076624.0
2015-02-25,199.54,199.8,196.65,195.74,1621625.0,48864168.0
2015-02-17,200.45,201.76,198.62,197.31,2048386.0,62117548.0
2015-02-16,196.39,200.52,200.19,195.87,5760420.0,174778864.0
2015-02-13,197.7,200.32,196.39,195.93,2092813.0,62921940.0
2015-02-12,199.8,202.94,196.33,196.0,1455863.0,44156464.0
2015-02-11,192.33,196.52,196.52,192.33,2018891.0,60203600.0
2015-02-10,192.59,194.03,192.33,191.02,990725.0,29209856.0
2015-02-09,191.41,194.3,191.68,189.97,1646717.0,48357244.0
2015-02-06,199.73,202.75,193.05,191.81,3156318.0,95004952.0
2015-02-05,195.02,203.07,198.03,193.9,5394416.0,164257856.0
2015-02-04,192.59,197.18,195.02,190.3,3858222.0,113880888.0
2015-02-03,191.87,196.13,192.99,189.97,1825721.0,53745064.0
2015-02-02,189.32,194.56,191.15,188.01,1831246.0,53517876.0
2015-01-30,197.18,198.82,190.3,190.04,2143464.0,63256256.0
2015-01-29,196.52,198.49,197.05,195.21,1499095.0,45077232.0
2015-01-28,202.35,202.75,198.49,197.83,1148775.0,35027096.0
2015-01-27,201.44,204.38,200.13,197.37,2381135.0,73019992.0
2015-01-26,192.66,201.7,201.04,192.66,3111906.0,94255656.0
2015-01-23,196.98,198.95,192.66,192.53,1758330.0,52218136.0
2015-01-22,197.77,202.03,197.57,197.57,2661360.0,80997168.0
2015-01-21,192.33,199.86,197.7,191.61,5491996.0,165406144.0
2015-01-20,186.7,192.59,191.22,186.7,2334271.0,67773824.0
2015-01-19,185.58,192.59,187.88,183.49,2199916.0,63548700.0
2015-01-16,188.14,190.3,189.78,184.73,2569085.0,73561280.0
2015-01-15,187.35,193.84,189.71,184.14,3495077.0,101036944.0
2015-01-14,192.33,193.9,189.97,187.81,1310232.0,38077032.0
2015-01-13,193.9,195.47,193.9,189.32,2420492.0,70963312.0
2015-01-12,191.28,195.15,193.57,190.1,2162620.0,63842108.0
2015-01-09,188.66,194.29,190.63,188.01,2419221.0,70669664.0
2015-01-08,187.22,191.22,188.66,187.22,1919344.0,55519320.0
2015-01-07,191.22,196.33,189.32,189.12,2168309.0,63174828.0
2015-01-06,188.99,193.25,191.74,185.45,2649138.0,76353936.0
2015-01-05,202.68,202.68,189.84,184.73,3798025.0,110862856.0
2014-12-31,196.46,202.94,202.35,193.44,6094420.0,186251664.0
2014-12-30,193.25,198.23,198.23,191.48,4586591.0,136007264.0
2014-12-29,204.06,204.06,199.67,185.65,7092624.0,208140224.0
2014-12-26,201.44,204.38,203.6,198.49,1298805.0,39850312.0
2014-12-25,199.27,202.62,200.78,197.96,1122595.0,34182580.0
2014-12-24,200.12,204.38,200.06,196.78,1023803.0,31509630.0
2014-12-23,201.57,205.37,198.16,195.21,1830245.0,55556092.0
2014-12-22,206.68,211.98,201.63,193.38,2380291.0,73872288.0
2014-12-19,213.1,215.06,211.98,209.56,1534209.0,49466188.0
2014-12-18,213.49,216.83,215.26,212.57,2190184.0,71795128.0
2014-12-17,219.12,219.12,214.21,212.9,3091092.0,101280640.0
2014-12-16,218.6,220.56,217.22,213.1,3542110.0,117309504.0
2014-12-15,206.41,218.79,218.66,206.22,6491026.0,211940336.0
2014-12-12,198.95,210.93,206.41,198.29,4517989.0,140043696.0
2014-12-11,200.32,202.29,198.95,196.39,4094719.0,124157864.0
2014-12-10,195.54,204.12,199.8,193.57,4397487.0,133460312.0
2014-12-09,200.26,206.68,195.54,191.94,3794296.0,114533856.0
2014-12-08,206.68,208.77,200.52,198.49,4339583.0,134366064.0
2014-12-05,209.62,210.87,208.77,199.99,4217888.0,133431400.0
2014-12-04,208.58,215.91,209.36,206.48,4547416.0,145989056.0
2014-12-03,207.59,210.21,208.64,201.63,4080065.0,128743144.0
2014-12-02,201.76,213.88,206.28,199.34,7137397.0,226811888.0
2014-12-01,189.97,203.6,201.76,188.66,7461121.0,221516112.0
2014-11-28,189.97,192.59,188.01,186.7,3040996.0,87773448.0
2014-11-27,190.5,196.46,189.32,188.66,5359824.0,157285984.0
2014-11-26,187.35,197.31,190.1,187.35,6924252.0,203932496.0
2014-11-25,178.12,187.35,187.22,177.53,7331450.0,206508944.0
2014-11-24,179.75,180.08,178.18,176.08,1600815.0,43490260.0
2014-11-21,177.85,180.08,178.12,177.46,1029184.0,28091608.0
2014-11-20,177.72,179.29,177.66,177.07,1050947.0,28491522.0
2014-11-19,179.23,181.39,177.79,176.87,912800.0,24978550.0
2014-11-18,177.72,180.28,179.49,176.22,1840668.0,50262644.0
2014-11-17,174.05,177.53,176.22,172.48,1693528.0,45610220.0
2014-11-14,174.25,176.87,174.05,172.48,1177085.0,31311172.0
2014-11-13,178.64,178.7,174.25,171.5,1842725.0,48811208.0
2014-11-12,174.71,180.15,176.41,174.71,1058463.0,28616736.0
2014-11-11,180.47,181.39,174.71,173.92,2214619.0,60004312.0
2014-11-10,181.78,181.78,180.47,179.82,1305108.0,35950372.0
2014-11-07,182.11,182.9,181.39,180.8,1378098.0,38159148.0
2014-11-06,183.03,183.03,181.98,180.47,1968025.0,54456108.0
2014-11-05,181.98,181.98,181.39,179.88,1264948.0,34915748.0
2014-11-04,182.77,183.42,181.78,181.13,1495137.0,41578752.0
2014-11-03,181.19,184.08,183.16,180.15,1910620.0,53017312.0
2014-10-31,182.5,184.67,181.65,181.32,2250453.0,62770616.0
2014-10-30,187.35,187.35,183.49,183.42,1925342.0,54369040.0
2014-10-29,187.35,192.26,185.39,185.25,3285250.0,94415872.0
2014-10-28,186.04,187.02,186.7,183.75,1466628.0,41579012.0
2014-10-27,181.91,184.67,183.75,181.91,773832.0,21655440.0
2014-10-24,181.91,184.01,181.91,180.21,1079621.0,29924384.0
2014-10-23,185.06,185.06,182.18,181.46,1309447.0,36605844.0
2014-10-22,181.72,185.52,185.32,179.49,2234373.0,62193912.0
2014-10-21,183.35,184.27,182.11,181.65,1294818.0,36084052.0
2014-10-20,183.35,185.32,183.42,181.26,1975963.0,55059652.0
2014-10-17,185.39,187.22,182.77,180.6,2078075.0,57914604.0
2014-10-16,190.69,190.82,186.04,186.04,1988757.0,57286564.0
2014-10-15,191.87,191.87,190.63,188.2,2358178.0,68392760.0
2014-10-14,189.97,192.2,189.45,188.2,2614700.0,75804752.0
2014-10-13,188.53,191.22,190.04,183.75,2474796.0,71034456.0
2014-10-10,190.56,190.63,188.53,187.74,2546026.0,73441592.0
2014-10-09,191.02,194.23,190.95,189.97,2754083.0,80580520.0
2014-10-08,185.78,193.9,191.02,185.71,3974461.0,116035016.0
2014-09-30,180.8,187.61,185.78,179.62,4981137.0,140676144.0
2014-09-29,176.35,180.15,180.15,176.35,2714725.0,73693944.0
2014-09-26,177.85,178.12,176.28,175.1,1268205.0,34127336.0
2014-09-25,179.49,180.8,177.85,174.58,2752620.0,74602856.0
2014-09-24,177.53,181.78,179.49,176.94,2798191.0,76865928.0
2014-09-23,171.43,178.84,178.77,171.1,4652563.0,124957424.0
2014-09-22,173.27,174.64,171.43,170.97,1700931.0,44741312.0
2014-09-19,174.91,174.91,173.27,172.87,1068237.0,28301148.0
2014-09-18,174.58,175.56,173.99,173.59,983175.0,26192644.0
2014-09-17,173.66,175.43,174.45,172.09,1578108.0,41884704.0
2014-09-16,176.74,177.39,173.66,172.42,2974263.0,79200248.0
2014-09-15,180.01,180.01,177.0,175.56,4939501.0,133294320.0
2014-09-12,180.93,180.93,179.49,177.92,1973141.0,53923428.0
2014-09-11,178.7,182.63,179.49,178.25,3040266.0,83705880.0
2014-09-10,178.12,179.1,178.7,176.28,2270728.0,61757144.0
2014-09-09,178.77,179.56,176.81,175.95,1981042.0,53525272.0
2014-09-05,180.74,181.78,178.84,177.85,2078926.0,56913544.0
2014-09-04,180.15,182.44,180.74,172.28,2573952.0,70506008.0
2014-09-03,179.36,183.55,180.15,179.36,3413036.0,94412072.0
2014-09-02,179.49,180.8,179.36,176.61,2925254.0,79626096.0
2014-09-01,179.16,180.74,179.88,177.33,1354129.0,36903308.0
2014-08-29,176.8,180.08,178.18,175.56,1294954.0,35050452.0
2014-08-28,182.63,184.73,176.67,173.79,4755661.0,129006272.0
2014-08-27,187.29,189.91,183.49,183.42,2347392.0,66561436.0
2014-08-26,186.63,191.81,188.73,181.78,4058633.0,114750648.0
2014-08-25,175.69,191.28,186.83,175.69,5207630.0,145359360.0
2014-08-22,173.27,176.22,175.62,172.09,2251351.0,60119884.0
2014-08-21,172.28,172.74,172.22,170.84,1463666.0,38340840.0
2014-08-20,173.0,173.33,172.28,170.97,1395178.0,36700544.0
2014-08-19,173.4,173.4,172.81,171.63,1235340.0,32522362.0
2014-08-18,171.24,173.53,172.15,170.32,1918604.0,50158280.0
2014-08-15,169.99,172.42,171.1,168.49,2572465.0,66728548.0
2014-08-14,172.81,173.59,169.99,169.6,2051426.0,53500452.0
2014-08-13,174.91,176.08,172.94,172.28,1369875.0,36280636.0
2014-08-12,175.69,177.85,174.91,174.45,1434033.0,38502340.0
2014-08-11,173.53,177.53,175.69,173.53,1771542.0,47551160.0
2014-08-08,171.96,174.58,174.58,171.43,840990.0,22242538.0
2014-08-07,174.91,174.91,172.02,171.96,1382655.0,36691176.0
2014-08-06,176.35,176.67,173.86,171.89,1380190.0,36563256.0
2014-08-05,173.14,176.61,175.04,171.37,1599999.0,42613496.0
2014-08-04,172.22,176.87,173.07,171.83,2391664.0,63598304.0
2014-08-01,170.32,174.91,172.28,169.34,1898174.0,49915272.0
2014-07-31,173.59,175.43,170.84,170.52,1610770.0,42177692.0
2014-07-30,174.77,180.15,174.84,173.46,2126972.0,57131364.0
2014-07-29,173.46,175.23,175.04,172.81,1657562.0,44070412.0
2014-07-28,173.53,175.17,174.64,170.32,1569638.0,41401476.0
2014-07-25,173.79,176.8,173.53,172.94,774954.0,20632994.0
2014-07-24,172.48,178.57,176.87,169.21,3057425.0,81693912.0
2014-07-23,176.8,177.85,174.91,170.32,6202070.0,163701808.0
2014-07-22,170.65,177.46,176.87,169.01,1657047.0,44024192.0
2014-07-21,174.25,175.1,172.87,167.7,2373462.0,61916752.0
2014-07-18,172.28,175.56,174.12,169.01,1093478.0,28694530.0
2014-07-17,171.63,174.12,172.41,167.7,2435994.0,63321948.0
2014-07-16,178.84,180.15,173.0,172.68,1663020.0,44415144.0
2014-07-15,181.78,183.35,180.93,173.59,2786963.0,75425728.0
2014-07-14,182.77,183.42,182.11,176.87,2156347.0,59424072.0
2014-07-11,181.72,184.01,182.44,179.75,1240767.0,34434376.0
2014-07-10,182.11,185.39,182.44,177.2,2749242.0,75954032.0
2014-07-09,188.66,192.53,183.42,182.44,2371265.0,67673600.0
2014-07-08,186.5,191.09,188.66,184.47,2075447.0,59761884.0
2014-07-07,186.89,188.01,186.7,183.42,1403039.0,39694784.0
2014-07-04,188.4,191.28,188.66,184.6,2126934.0,60623048.0
2014-07-03,183.42,192.53,189.91,182.11,5154948.0,147907808.0
2014-07-02,183.42,185.91,184.08,181.91,3229805.0,90787776.0
2014-07-01,183.22,185.52,183.42,181.46,2414528.0,67672112.0
2014-06-30,175.43,183.16,183.16,174.12,3900176.0,107589368.0
2014-06-27,181.91,185.06,176.61,175.1,5047443.0,138143328.0
2014-06-26,180.15,184.08,183.42,177.07,2960943.0,81755792.0
2014-06-25,172.94,183.29,181.13,172.94,4417234.0,119951256.0
2014-06-24,172.15,173.46,172.87,168.09,2184775.0,57259552.0
2014-06-23,169.66,174.84,171.24,166.39,1824854.0,47374380.0
2014-06-20,169.01,174.25,169.66,166.39,1832563.0,47747852.0
2014-06-19,165.8,172.22,169.66,161.28,3107501.0,80236096.0
2014-06-18,165.6,171.3,167.11,162.46,2167651.0,54804064.0
2014-06-17,160.87,168.13,166.25,160.87,1919594.0,87799848.0
2014-06-16,163.05,164.14,160.87,159.09,1167481.0,51888852.0
2014-06-13,159.78,163.74,162.61,158.69,1847216.0,82149416.0
2014-06-12,154.37,158.73,158.73,153.25,1548137.0,65899256.0
2014-06-11,153.79,154.99,154.59,151.79,1780340.0,75295920.0
2014-06-10,153.21,154.33,154.33,151.87,1231376.0,51830860.0
2014-06-09,151.1,154.66,153.21,149.72,1353537.0,57075044.0
2014-06-06,152.52,153.32,151.07,149.5,1362504.0,56606312.0
2014-06-05,143.8,152.81,152.16,143.15,2482586.0,102444880.0
2014-06-04,144.53,145.98,143.8,142.9,1979126.0,78586840.0
2014-06-03,144.89,145.95,145.95,139.44,1545461.0,61720496.0
2014-05-30,143.15,147.62,145.26,143.11,1446136.0,57566648.0
2014-05-29,151.28,151.28,144.53,143.33,2274417.0,91135816.0
2014-05-28,143.37,153.61,151.36,143.37,2116001.0,88383288.0
2014-05-27,144.31,144.49,143.22,142.06,427231.0,16802754.0
2014-05-26,145.26,145.76,144.31,143.19,797404.0,31696982.0
2014-05-23,141.99,145.11,145.11,139.66,723750.0,28246568.0
2014-05-22,142.06,144.53,142.35,141.66,383415.0,15106869.0
2014-05-21,142.9,143.4,141.91,139.81,939776.0,36586680.0
2014-05-20,141.99,145.18,143.44,141.99,396143.0,15692734.0
2014-05-19,145.26,145.26,142.53,141.26,655201.0,25731496.0
2014-05-16,145.62,146.31,145.07,143.8,493471.0,19744572.0
2014-05-15,146.89,146.96,145.91,144.53,554233.0,22218006.0
2014-05-14,145.18,149.43,146.96,144.6,861379.0,35084124.0
2014-05-13,142.93,146.63,145.91,141.62,673235.0,26604546.0
2014-05-12,144.68,145.98,142.9,141.66,653980.0,25755748.0
2014-05-09,145.44,147.07,143.62,143.44,757606.0,30173836.0
2014-05-08,146.27,148.16,146.34,145.76,416989.0,16901824.0
2014-05-07,144.53,147.94,147.36,141.62,633873.0,25515918.0
2014-05-06,148.16,148.16,145.62,145.37,794408.0,31974724.0
2014-05-05,142.68,148.67,148.16,140.9,1080587.0,43673260.0
2014-04-30,135.31,143.73,142.68,135.16,775904.0,29856586.0
2014-04-29,138.5,140.9,136.83,134.8,796687.0,30168068.0
2014-04-28,143.08,143.08,139.08,137.59,938993.0,36058908.0
2014-04-25,141.04,143.22,141.84,139.55,855027.0,33407188.0
2014-04-24,143.84,144.89,142.46,141.33,626969.0,24594866.0
2014-04-23,145.15,146.64,144.53,143.48,616205.0,24541968.0
2014-04-22,142.86,144.53,144.13,142.17,727268.0,28744628.0
2014-04-21,144.02,147.18,144.17,142.02,952113.0,37855452.0
2014-04-18,142.57,145.62,144.89,142.21,712018.0,28172024.0
2014-04-17,145.26,145.73,143.26,143.26,724406.0,28707558.0
2014-04-16,145.33,145.76,145.26,144.17,594379.0,23751182.0
2014-04-15,144.64,146.16,145.33,144.17,372403.0,14903121.0
2014-04-14,146.34,146.34,145.33,142.28,1523697.0,60712900.0
2014-04-11,148.6,150.56,147.51,144.6,1673321.0,67615760.0
2014-04-10,150.19,155.71,150.34,149.32,1306250.0,55036816.0
2014-04-09,148.45,151.79,150.19,148.45,915511.0,37795652.0
2014-04-08,151.43,152.34,149.36,147.11,1382970.0,57282720.0
2014-04-04,153.46,153.46,151.43,149.58,929200.0,38832640.0
2014-04-03,148.89,153.39,152.01,148.89,1233189.0,51721164.0
2014-04-02,150.63,152.84,149.4,147.0,1746564.0,72214672.0
2014-04-01,145.98,147.07,147.0,144.17,1018649.0,41053000.0
2014-03-31,140.72,147.14,145.98,140.39,1625598.0,65076436.0
2014-03-28,144.53,146.34,143.04,139.84,974804.0,38396092.0
2014-03-27,147.07,147.36,146.09,143.62,1518322.0,61136052.0
2014-03-26,147.44,148.56,145.84,144.17,921531.0,36891948.0
2014-03-25,146.16,148.41,147.14,143.8,1782333.0,72081352.0
2014-03-24,133.93,146.53,146.34,132.98,3200023.0,123914496.0
2014-03-21,132.55,134.4,134.32,131.53,912026.0,33551880.0
2014-03-20,131.82,135.45,134.36,131.67,1288840.0,47663208.0
2014-03-19,132.87,134.18,133.71,130.73,1010171.0,36774352.0
2014-03-18,136.0,136.65,133.24,132.18,1735720.0,63869176.0
2014-03-17,133.42,139.63,136.0,132.73,1261341.0,47177564.0
2014-03-14,132.18,134.36,133.13,132.18,387128.0,14218031.0
2014-03-13,132.18,134.87,133.53,131.67,635567.0,23326876.0
2014-03-12,134.43,136.79,132.18,130.88,595872.0,21861338.0
2014-03-11,134.98,136.18,135.81,132.58,403526.0,14893508.0
2014-03-10,134.36,135.38,134.94,132.91,432481.0,16003915.0
2014-03-07,136.54,136.54,135.09,134.36,291477.0,10840986.0
2014-03-06,134.72,137.19,136.1,131.09,597044.0,22136552.0
2014-03-05,136.47,136.87,135.89,134.65,382676.0,14263039.0
2014-03-04,136.0,137.27,136.87,133.82,686070.0,25572608.0
2014-03-03,139.08,140.79,137.23,132.91,1088010.0,40439036.0
2014-02-28,137.19,139.45,139.01,134.43,505140.0,19177986.0
2014-02-27,137.67,142.53,136.98,136.94,1252226.0,48285772.0
2014-02-26,137.49,137.49,135.45,127.1,1402139.0,50870856.0
2014-02-25,145.95,146.64,137.52,131.86,1660801.0,63631704.0
2014-02-24,141.84,146.27,145.95,141.66,918713.0,36484760.0
2014-02-21,145.26,145.62,141.84,140.53,1363803.0,53821088.0
2014-02-20,147.47,148.31,144.71,144.46,1263676.0,50638256.0
2014-02-19,145.62,149.47,146.49,145.62,1022628.0,41520756.0
2014-02-18,150.7,150.96,146.27,146.16,1003326.0,40769816.0
2014-02-17,151.07,152.26,150.19,145.91,1300665.0,53647320.0
2014-02-14,147.54,151.68,151.1,146.71,630616.0,26115756.0
2014-02-13,149.65,152.19,148.16,146.67,632731.0,26037744.0
2014-02-12,152.3,153.97,151.1,144.82,1573387.0,64302840.0
2014-02-11,153.94,153.94,152.3,149.43,984177.0,40941792.0
2014-02-10,157.24,157.28,153.14,152.05,1746995.0,73912096.0
2014-02-07,159.49,159.49,157.35,152.52,766114.0,33052532.0
2014-01-30,152.52,161.6,160.47,152.16,841279.0,36042108.0
2014-01-29,147.8,155.79,153.9,147.8,1425687.0,60424152.0
2014-01-28,151.83,153.24,149.76,148.56,811047.0,33556244.0
2014-01-27,152.66,156.15,153.9,150.74,2077471.0,88249200.0
2014-01-24,147.69,154.33,154.08,145.29,1392030.0,58197816.0
2014-01-23,143.11,148.12,147.72,142.42,1801182.0,72454304.0
2014-01-22,139.74,142.17,142.17,137.88,1215044.0,47044704.0
2014-01-21,132.11,143.8,139.74,132.11,2201884.0,83875280.0
2014-01-20,132.36,132.36,130.73,127.17,988483.0,35220740.0
2014-01-17,131.75,132.33,132.33,127.72,751789.0,26882198.0
2014-01-16,136.14,136.43,132.51,129.93,1047363.0,38074484.0
2014-01-15,135.12,137.99,135.45,132.58,639796.0,23810940.0
2014-01-14,135.45,137.27,136.9,131.27,1051845.0,38755488.0
2014-01-13,136.25,138.61,135.81,134.65,414818.0,15612662.0
2014-01-10,137.99,138.43,138.43,130.77,1255996.0,46413192.0
2014-01-09,143.0,144.53,137.99,136.47,730106.0,28069798.0
2014-01-08,140.46,147.03,143.4,140.46,841884.0,33262110.0
2014-01-07,139.12,141.12,140.24,139.12,389018.0,14998867.0
2014-01-06,139.3,141.62,140.17,138.94,501166.0,19429560.0
2014-01-03,141.95,143.26,141.15,140.57,249679.0,9720743.0
2014-01-02,138.32,142.35,142.35,138.32,1359270.0,52430320.0
2013-12-31,138.03,141.48,140.46,137.16,506474.0,19523096.0
2013-12-30,138.21,141.37,139.08,136.58,863307.0,33062364.0
2013-12-27,137.52,139.04,138.36,136.69,310881.0,11789223.0
2013-12-26,137.99,139.81,137.99,136.18,394822.0,14983788.0
2013-12-25,137.92,139.08,138.72,135.09,905147.0,34001508.0
2013-12-24,135.67,137.99,137.27,134.36,519890.0,19599080.0
2013-12-23,132.98,136.1,136.1,128.91,469897.0,17195124.0
2013-12-20,135.23,135.41,134.58,129.64,561614.0,20490020.0
2013-12-19,136.0,141.55,135.23,132.98,1060763.0,40580172.0
2013-12-18,138.97,138.97,137.19,131.16,528574.0,19779726.0
2013-12-17,139.04,139.81,139.63,136.18,458926.0,17416532.0
2013-12-16,140.93,143.08,139.04,136.54,768093.0,29544156.0
2013-12-13,140.9,142.97,142.31,139.81,1755200.0,68563456.0
2013-12-12,137.63,143.26,140.9,136.18,2741642.0,106033912.0
2013-12-11,137.88,137.88,137.23,135.12,596138.0,22463544.0
2013-12-10,132.73,137.92,137.74,132.73,941724.0,35359672.0
2013-12-09,134.32,134.72,134.0,132.91,650224.0,23891212.0
2013-12-06,135.96,137.92,134.32,132.91,1206907.0,44889608.0
2013-12-05,132.54,136.25,136.25,127.68,2762286.0,99696280.0
2013-12-04,133.93,133.93,131.64,128.84,2215195.0,79710856.0
2013-12-03,130.69,134.36,134.03,127.13,2026880.0,73100312.0
2013-12-02,134.47,135.81,130.44,129.31,3296673.0,119964912.0
2013-11-29,139.44,143.4,140.53,134.36,2271445.0,87611064.0
2013-11-28,137.56,144.13,139.44,136.18,1479824.0,57251208.0
2013-11-27,133.67,137.23,137.23,132.36,733823.0,27336566.0
2013-11-26,134.32,134.36,134.03,132.51,413595.0,15200344.0
2013-11-25,133.53,134.8,134.36,131.56,952367.0,35035128.0
2013-11-22,126.37,132.69,132.33,125.32,1105067.0,39855644.0
2013-11-21,127.17,128.51,126.95,125.28,499984.0,17457452.0
2013-11-20,127.32,128.77,128.55,126.37,812144.0,28623724.0
2013-11-19,128.7,128.7,127.46,125.28,667759.0,23279810.0
2013-11-18,127.46,128.84,128.66,124.92,1352173.0,47450492.0
2013-11-15,120.2,127.1,127.03,118.93,1673696.0,57554248.0
2013-11-14,115.59,119.73,119.73,112.5,1199223.0,38662044.0
2013-11-13,113.05,116.97,116.17,113.01,1048801.0,33288446.0
2013-11-12,112.57,115.11,113.92,111.34,648904.0,20323388.0
2013-11-11,111.77,113.23,112.54,108.25,1420323.0,43327132.0
2013-11-08,112.94,114.46,111.77,110.03,666806.0,20518002.0
2013-11-07,113.95,114.1,113.73,109.96,980493.0,30174276.0
2013-11-06,112.21,116.2,112.57,110.14,1753271.0,54712764.0
2013-11-05,112.57,116.17,112.83,111.52,1589030.0,49640992.0
2013-11-04,108.07,114.93,112.57,107.12,2510737.0,77236792.0
2013-11-01,103.78,108.03,107.49,103.78,1459089.0,42455304.0
2013-10-31,100.44,106.87,104.77,100.3,1243296.0,35194028.0
2013-10-30,99.9,102.55,101.39,99.9,377488.0,10569484.0
2013-10-29,101.03,102.59,101.39,96.34,1212562.0,33112520.0
2013-10-28,103.46,106.18,101.31,98.05,868118.0,24169082.0
2013-10-25,106.18,107.31,103.49,101.72,1210894.0,34985480.0
2013-10-24,105.31,106.54,106.25,103.49,1632274.0,47146904.0
2013-10-23,107.42,107.42,105.31,103.97,1471975.0,42718784.0
2013-10-22,106.51,111.12,105.31,105.31,2583155.0,77091704.0
2013-10-21,102.33,109.12,106.51,102.33,1940098.0,56888528.0
2013-10-18,99.68,103.13,102.26,99.68,2560032.0,71912328.0
2013-10-17,99.79,103.6,99.32,99.14,2248494.0,62662260.0
2013-10-16,100.33,101.68,98.59,97.65,1344623.0,36522148.0
2013-10-15,100.04,101.64,99.86,98.45,2550594.0,69818288.0
2013-10-14,103.49,103.68,100.41,96.27,2717155.0,75890440.0
2013-10-11,107.23,109.67,104.95,104.08,1374075.0,40120880.0
2013-10-10,111.85,111.85,107.16,106.22,1855922.0,55625504.0
2013-10-09,106.76,112.54,108.76,106.62,1613547.0,49194796.0
2013-10-08,102.8,108.87,107.78,102.8,1311795.0,38376220.0
2013-09-30,105.64,106.4,104.33,102.99,585591.0,16833924.0
2013-09-27,104.18,107.09,104.95,102.77,671998.0,19463842.0
2013-09-26,102.8,105.27,103.31,102.8,701967.0,20059198.0
2013-09-25,104.91,105.82,103.93,102.08,791028.0,22692564.0
2013-09-24,105.31,106.94,104.95,103.57,786869.0,22861142.0
2013-09-23,103.49,105.67,105.56,99.86,1289240.0,36508500.0
2013-09-18,101.68,103.86,102.04,99.86,437557.0,12257841.0
2013-09-17,104.87,107.12,101.97,101.5,797506.0,22761890.0
2013-09-16,98.7,107.74,105.13,98.05,2073091.0,58960284.0
2013-09-13,98.05,99.68,98.48,96.23,569709.0,15330133.0
2013-09-12,95.54,100.95,98.05,95.54,840061.0,22895746.0
2013-09-11,98.34,99.5,96.41,95.0,1143973.0,30566192.0
2013-09-10,101.53,104.44,98.05,95.58,2340433.0,64200764.0
2013-09-09,100.95,104.11,100.12,99.43,2257158.0,62934116.0
2013-09-06,103.24,103.49,102.33,98.23,1821210.0,50783020.0
2013-09-05,95.0,104.47,103.24,93.65,3753603.0,104798768.0
2013-09-04,94.09,98.01,94.96,94.09,2204014.0,58090328.0
2013-09-03,88.24,96.52,93.65,88.24,3490894.0,89522584.0
2013-09-02,83.96,87.88,87.84,83.63,2710620.0,64198468.0
2013-08-30,84.25,86.72,83.85,83.85,727623.0,17139606.0
2013-08-29,84.54,85.92,85.41,83.52,668170.0,15615918.0
2013-08-28,82.8,84.61,84.61,82.43,1042775.0,24042362.0
2013-08-27,84.14,84.14,83.48,82.14,407891.0,9326124.0
2013-08-26,82.11,84.54,83.52,81.89,400013.0,9214337.0
2013-08-23,84.79,84.86,82.94,81.74,465105.0,10643410.0
2013-08-22,82.11,84.1,83.52,82.11,371457.0,8554096.0
2013-08-21,82.8,83.01,82.18,81.78,371158.0,8413813.0
2013-08-20,83.67,83.89,83.01,82.8,478930.0,10997305.0
2013-08-19,80.83,83.7,83.09,79.96,219280.0,4983287.0
2013-08-16,82.43,83.89,81.34,80.98,611710.0,13892832.0
2013-08-15,82.25,84.65,82.8,82.03,475777.0,10935712.0
2013-08-14,82.8,84.17,83.09,82.47,467326.0,10678303.0
2013-08-13,85.05,85.08,83.7,83.16,565678.0,13062991.0
2013-08-12,85.7,86.68,84.9,83.63,1113909.0,26163780.0
2013-08-09,84.9,91.08,86.43,84.25,1546972.0,37367904.0
2013-08-08,83.85,84.83,82.8,82.61,512792.0,11784973.0
2013-08-07,86.79,87.12,84.1,84.07,794555.0,18588284.0
2013-08-06,87.12,88.03,86.61,85.19,1131328.0,27060488.0
2013-08-05,86.54,87.44,86.97,85.52,730064.0,17440892.0
2013-08-02,85.34,87.23,86.54,83.81,1025371.0,24349990.0
2013-08-01,82.03,85.16,84.97,81.89,691690.0,15885006.0
2013-07-31,82.8,83.99,82.07,81.71,415632.0,9453031.0
2013-07-30,80.73,82.72,82.65,79.56,718678.0,15933659.0
2013-07-29,82.07,83.09,80.73,80.0,286981.0,6451126.0
2013-07-26,82.4,83.48,82.36,79.53,535959.0,11991530.0
2013-07-25,86.43,87.15,82.43,82.36,825980.0,19215208.0
2013-07-24,84.43,87.52,86.06,84.43,784315.0,18664902.0
2013-07-23,81.71,85.45,84.43,81.34,797346.0,18454940.0
2013-07-22,80.58,82.61,81.71,79.89,383533.0,8619340.0
2013-07-19,82.21,85.08,80.69,80.62,655476.0,15017926.0
2013-07-18,82.36,82.61,82.21,80.62,499632.0,11275253.0
2013-07-17,82.61,84.43,82.36,81.42,756583.0,17296862.0
2013-07-16,81.71,83.09,82.14,80.33,527623.0,11877172.0
2013-07-15,77.71,82.47,81.96,77.71,1221471.0,27234644.0
2013-07-12,75.5,79.38,78.04,75.5,987906.0,21283936.0
2013-07-11,74.08,76.66,75.5,73.03,611905.0,12663916.0
2013-07-10,73.75,75.31,74.81,72.63,414143.0,8393788.0
2013-07-09,71.25,74.33,74.08,70.81,868997.0,17330876.0
2013-07-08,75.82,76.3,71.9,70.27,1569133.0,31478220.0
2013-07-05,76.55,79.27,76.37,76.3,839805.0,17929888.0
2013-07-04,76.08,76.26,75.31,74.48,1056726.0,22090016.0
2013-07-03,76.15,76.26,76.04,70.45,936986.0,19360788.0
2013-07-02,75.75,76.8,76.15,75.35,1611602.0,33813080.0
2013-07-01,73.68,75.79,75.68,72.63,1201480.0,24835970.0
2013-06-28,73.79,76.0,73.72,72.45,811773.0,16477291.0
2013-06-27,75.39,77.42,75.13,72.63,2144089.0,44472812.0
2013-06-26,74.81,76.59,75.39,74.08,2156554.0,44723832.0
2013-06-25,77.49,78.08,77.09,69.25,1911459.0,38640340.0
2013-06-24,82.98,85.7,76.95,74.48,998226.0,21368414.0
2013-06-21,81.71,82.43,82.22,78.18,409686.0,9113995.0
2013-06-20,87.48,87.48,83.52,81.74,749555.0,17457664.0
2013-06-19,86.06,87.84,87.52,83.89,1002434.0,23928656.0
2013-06-18,83.98,88.04,86.15,83.03,1404253.0,59617364.0
2013-06-17,82.19,84.38,84.2,80.68,979547.0,40392824.0
2013-06-14,81.18,82.43,82.41,80.42,608133.0,24535828.0
2013-06-13,81.47,83.47,81.75,80.42,342098.0,13843279.0
2013-06-07,82.23,84.0,82.77,81.83,346829.0,14272321.0
2013-06-06,84.2,84.2,83.64,81.97,277671.0,11466079.0
2013-06-05,82.73,84.84,84.22,80.84,287672.0,11904952.0
2013-06-04,84.32,84.32,83.15,81.79,452583.0,18705038.0
2013-06-03,85.34,85.34,83.74,82.83,400605.0,16710725.0
2013-05-31,84.44,85.65,84.64,83.8,523860.0,22049610.0
2013-05-30,83.54,85.41,84.24,83.44,354061.0,14825043.0
2013-05-29,84.8,84.8,84.24,82.87,226350.0,9449046.0
2013-05-28,86.81,86.87,84.24,83.58,560251.0,23494692.0
2013-05-27,87.72,88.84,87.44,85.47,374845.0,16260306.0
2013-05-24,87.56,89.49,88.7,87.56,403947.0,17736164.0
2013-05-23,86.47,89.47,88.3,86.47,217670.0,9562109.0
2013-05-22,89.65,91.76,88.12,87.92,425788.0,19048448.0
2013-05-21,89.04,90.65,89.57,87.86,610188.0,27248994.0
2013-05-20,86.21,89.35,89.19,85.57,508886.0,22302334.0
2013-05-17,86.03,86.85,86.39,84.04,225039.0,9559124.0
2013-05-16,87.46,88.32,85.45,83.88,613779.0,26299786.0
2013-05-15,86.85,88.64,88.34,86.45,351351.0,15366078.0
2013-05-14,83.82,87.86,87.82,83.64,1048138.0,45247708.0
2013-05-13,83.23,84.44,83.82,82.85,298611.0,12426515.0
2013-05-10,84.44,84.44,83.19,82.47,236256.0,9794215.0
2013-05-09,84.94,85.65,84.44,84.26,321125.0,13526110.0
2013-05-08,86.41,87.01,85.85,84.44,226899.0,9628158.0
2013-05-07,84.4,87.17,86.41,84.4,308455.0,13257970.0
2013-05-06,83.84,86.21,85.0,83.64,356113.0,15097422.0
2013-05-03,81.44,84.9,83.9,81.42,890335.0,36831700.0
2013-05-02,84.44,84.44,81.53,80.42,745707.0,30244806.0
2013-04-26,86.29,86.39,84.44,83.5,475076.0,19974302.0
2013-04-25,93.09,93.09,88.44,83.23,2169163.0,92864072.0
2013-04-24,87.25,93.59,92.48,86.55,510582.0,22931506.0
2013-04-23,88.26,89.37,87.14,86.09,303835.0,13193230.0
2013-04-22,90.67,90.67,89.02,84.44,473829.0,20876140.0
2013-04-19,87.3,91.84,90.67,87.3,388033.0,17332352.0
2013-04-18,88.0,88.44,88.2,86.45,194458.0,8493214.0
2013-04-17,84.36,88.46,88.08,83.23,249474.0,10790844.0
2013-04-16,83.54,85.43,84.18,83.15,158060.0,6617665.0
2013-04-15,82.87,85.45,84.32,82.87,110170.0,4609396.0
2013-04-12,84.64,86.65,83.74,82.87,394787.0,16605848.0
2013-04-11,86.01,88.46,86.77,86.01,224926.0,9800524.0
2013-04-10,89.37,92.06,86.97,86.45,274209.0,11967250.0
2013-04-09,84.1,91.24,89.47,82.83,952615.0,41579200.0
2013-04-08,79.61,84.36,84.1,76.42,1088016.0,44036316.0
2013-04-03,83.44,83.44,81.93,77.36,3165079.0,124799408.0
2013-04-02,87.5,94.45,85.95,84.84,1147068.0,50360040.0
2013-04-01,82.43,88.26,88.26,80.44,645612.0,27352774.0
2013-03-29,80.22,82.43,82.17,79.43,286888.0,11622715.0
2013-03-28,80.82,80.84,80.62,78.63,616618.0,24348492.0
2013-03-27,81.99,82.49,81.41,80.24,412340.0,16714465.0
2013-03-26,80.8,83.03,82.19,79.21,337023.0,13489982.0
2013-03-25,80.02,82.35,81.63,79.45,444740.0,17868134.0
2013-03-22,79.72,81.89,80.3,79.01,441318.0,17597848.0
2013-03-21,76.2,81.41,80.56,75.81,722161.0,28279048.0
2013-03-20,74.19,76.34,76.1,74.09,559685.0,21038086.0
2013-03-19,74.87,75.78,74.15,72.78,667849.0,24418318.0
2013-03-18,73.99,76.4,74.19,72.78,461763.0,17039642.0
2013-03-15,74.69,76.6,74.39,74.01,569575.0,21449934.0
2013-03-14,71.97,74.31,74.25,71.97,169464.0,6209578.0
2013-03-13,72.68,74.15,72.56,71.75,373013.0,13491126.0
2013-03-12,75.78,76.0,73.68,72.6,381501.0,14062613.0
2013-03-11,72.78,74.99,74.71,72.78,272258.0,10097500.0
2013-03-08,75.19,75.19,74.39,72.58,285728.0,10455981.0
2013-03-07,77.46,79.17,75.19,72.38,1305099.0,49183748.0
2013-03-06,77.4,79.01,78.01,76.54,755124.0,29215534.0
2013-03-05,75.39,77.56,77.16,74.47,837956.0,31747934.0
2013-03-04,71.27,77.72,75.35,70.53,2195573.0,81787240.0
2013-03-01,73.1,73.1,70.87,69.66,826063.0,29040474.0
2013-02-28,65.36,71.73,71.73,65.36,1495319.0,52317428.0
2013-02-27,64.09,65.32,65.22,62.53,475489.0,15208371.0
2013-02-26,64.07,64.9,64.17,63.51,338737.0,10845926.0
2013-02-25,64.3,66.71,64.22,63.61,481814.0,15535629.0
2013-02-22,63.11,64.84,64.5,62.12,323345.0,10238689.0
2013-02-21,62.33,63.09,62.08,61.54,276664.0,8574658.0
2013-02-20,60.41,62.51,62.51,60.35,370786.0,11357768.0
2013-02-19,61.78,61.78,61.38,60.48,327850.0,9946485.0
2013-02-18,62.3,63.11,61.68,61.36,321686.0,9920810.0
2013-02-08,61.02,62.33,62.12,61.02,301903.0,9308623.0
2013-02-07,60.31,61.24,60.6,59.91,274348.0,8285767.0
2013-02-06,61.9,61.9,60.8,59.37,382914.0,11492734.0
2013-02-05,61.32,62.34,61.9,61.04,188706.0,5794329.0
2013-02-04,60.48,61.4,61.4,60.01,399839.0,12012592.0
2013-02-01,59.81,60.98,60.38,59.81,160968.0,4840768.0
2013-01-31,63.23,63.23,60.96,59.83,790325.0,23750306.0
2013-01-30,60.98,63.33,63.23,60.92,297851.0,9157351.0
2013-01-29,60.52,62.04,60.98,60.35,442734.0,13452663.0
2013-01-28,60.11,60.72,60.34,59.91,269200.0,8085694.0
2013-01-25,59.69,60.48,60.11,59.69,242411.0,7252392.0
2013-01-24,62.87,63.29,59.69,59.61,393373.0,11868270.0
2013-01-23,63.29,63.29,61.94,60.62,601853.0,18339292.0
2013-01-22,62.73,64.34,62.81,61.34,714855.0,22382304.0
2013-01-21,63.13,63.53,62.12,61.94,673261.0,20960836.0
2013-01-18,62.27,63.33,63.13,61.54,542758.0,16856412.0
2013-01-17,61.32,63.23,62.28,60.52,552266.0,17033278.0
2013-01-16,60.78,61.66,61.42,60.31,336199.0,10181900.0
2013-01-15,60.31,61.9,61.7,59.41,807146.0,24512608.0
2013-01-14,57.18,60.31,60.31,56.68,820397.0,24226612.0
2013-01-11,56.7,58.89,57.28,56.05,665666.0,19068776.0
2013-01-10,56.27,56.92,56.9,55.25,568061.0,15886694.0
2013-01-09,56.23,56.27,55.59,55.49,252802.0,7016556.0
2013-01-08,53.68,56.7,56.23,53.46,537932.0,14707575.0
2013-01-07,54.24,55.25,54.18,53.4,881070.0,23510046.0
2013-01-04,57.28,57.7,54.08,54.06,650316.0,17697612.0
2012-12-31,57.12,58.1,57.64,52.27,968363.0,27055516.0
2012-12-28,55.89,58.1,57.02,55.07,701974.0,19832802.0
2012-12-27,56.31,56.66,56.01,55.69,291159.0,8127182.0
2012-12-26,55.17,56.45,56.31,54.4,761206.0,21072420.0
2012-12-25,52.27,54.65,54.48,52.03,560730.0,14964953.0
2012-12-24,50.28,52.27,52.27,50.26,320356.0,8224986.0
2012-12-21,50.52,50.52,50.38,49.66,362533.0,9039329.0
2012-12-20,49.16,50.26,50.1,49.16,465492.0,11555055.0
2012-12-19,49.04,49.36,49.02,48.57,182869.0,4452240.0
2012-12-18,49.86,49.86,49.24,48.15,794566.0,19333948.0
2012-12-17,49.76,50.87,50.1,49.22,420137.0,10437071.0
2012-12-14,51.05,51.05,50.66,49.46,1107659.0,27658024.0
2012-12-13,51.27,51.65,50.24,49.86,413726.0,10359683.0
2012-12-12,50.56,51.97,51.85,50.12,258200.0,6504100.0
2012-12-11,51.15,51.15,50.89,49.82,224303.0,5671132.0
2012-12-10,50.4,52.17,51.09,50.4,205320.0,5226654.0
2012-12-07,49.24,50.46,50.4,49.22,128988.0,3202798.0
2012-12-06,49.86,49.86,49.72,48.75,142506.0,3512308.0
2012-12-05,47.45,49.58,49.46,47.45,173936.0,4246456.0
2012-12-04,46.68,47.63,47.41,45.92,95460.0,2241831.0
2012-12-03,46.68,51.35,46.87,46.24,322419.0,7488177.0
2012-11-30,46.74,47.25,46.68,45.03,347292.0,7981123.0
2012-11-29,45.84,46.7,46.64,45.84,60205.0,1393350.0
2012-11-28,45.44,47.02,46.76,45.14,215460.0,4940659.0
2012-11-27,47.57,48.23,46.87,44.67,885994.0,20113650.0
2012-11-26,50.34,50.62,48.01,47.05,166310.0,4002395.0
2012-11-23,50.06,50.06,49.88,49.48,47290.0,1173214.0
2012-11-22,48.69,50.18,49.36,48.69,83650.0,2068937.0
2012-11-21,49.56,49.98,49.6,48.15,168800.0,4089276.0
2012-11-20,50.26,50.26,49.56,48.51,227100.0,5558333.0
2012-11-19,52.88,52.88,50.26,48.25,333635.0,8295282.0
2012-11-16,51.57,53.96,52.07,51.57,63600.0,1653045.0
2012-11-15,53.58,54.28,53.34,52.98,90585.0,2409166.0
2012-11-14,54.08,54.85,53.88,53.68,148400.0,3988636.0
2012-11-13,55.19,55.19,54.02,53.28,153660.0,4156035.0
2012-11-12,53.92,54.69,54.48,53.92,100707.0,2715816.0
2012-11-09,53.0,54.36,54.18,53.0,114207.0,3056965.0
2012-11-08,53.38,53.94,53.72,53.36,144724.0,3862342.0
2012-11-07,54.18,54.18,53.6,53.34,129753.0,3464157.0
2012-11-06,54.79,54.79,53.64,53.48,167233.0,4475220.0
2012-11-05,54.89,55.27,54.1,54.0,101716.0,2746232.0
2012-11-02,55.45,55.79,54.65,54.04,155744.0,4227383.0
2012-11-01,55.69,56.88,55.45,55.29,291642.0,8115646.0
2012-10-31,56.29,56.29,55.39,55.23,228101.0,6304941.0
2012-10-30,56.68,57.0,56.44,56.09,139032.0,3902132.0
2012-10-29,55.69,56.9,56.68,55.69,253852.0,7138920.0
2012-10-26,55.89,56.9,55.69,54.69,249996.0,6915112.0
2012-10-25,54.55,58.0,55.89,54.55,271940.0,7599182.0
2012-10-24,54.02,54.6,54.5,54.02,133598.0,3616227.0
2012-10-23,54.28,54.69,54.28,53.96,134820.0,3644930.0
2012-10-22,53.58,54.42,54.3,53.58,172230.0,4642809.0
2012-10-19,53.64,53.68,53.64,53.08,77804.0,2071377.0
2012-10-18,52.94,53.76,53.64,52.27,277052.0,7323332.0
2012-10-17,53.04,53.46,52.9,51.91,250750.0,6524152.0
2012-10-16,52.03,52.88,52.53,51.99,151880.0,3943720.0
2012-10-15,52.73,53.06,52.62,51.87,100500.0,2610998.0
2012-10-12,53.82,53.82,52.77,51.91,214850.0,5596875.0
2012-10-11,53.62,54.36,54.06,51.81,296440.0,7778674.0
2012-10-10,55.29,55.29,54.08,53.52,363915.0,9809091.0
2012-10-09,55.33,55.33,54.5,54.08,336327.0,9112906.0
2012-10-08,54.18,54.69,54.28,53.92,116700.0,3155226.0
2012-09-28,51.07,54.04,54.0,51.07,201261.0,5301019.0
2012-09-27,49.26,53.08,52.27,49.26,250004.0,6473918.0
2012-09-26,51.43,51.79,50.87,48.45,459086.0,11395976.0
2012-09-25,51.27,52.27,51.41,51.27,105420.0,2707801.0
2012-09-24,52.29,53.68,51.63,51.59,407616.0,10544818.0
2012-09-21,53.38,53.86,53.2,52.73,281003.0,7445173.0
2012-09-20,53.26,53.6,53.38,52.31,108040.0,2853196.0
2012-09-19,52.96,53.66,53.46,51.03,173389.0,4540577.0
2012-09-18,54.28,55.85,53.38,51.33,740765.0,19518190.0
2012-09-17,56.92,57.9,54.77,54.59,487140.0,13441326.0
2012-09-14,56.7,57.56,56.96,56.29,253897.0,7172752.0
2012-09-13,56.68,58.1,57.28,55.73,817873.0,23308506.0
2012-09-12,57.46,57.46,56.29,55.51,509919.0,14206907.0
2012-09-11,56.29,56.59,56.29,55.05,609325.0,16926020.0
2012-09-10,57.1,58.0,56.45,56.21,568577.0,15995638.0
2012-09-07,56.21,57.26,56.9,55.31,729417.0,20432896.0
2012-09-06,54.62,56.15,55.89,54.28,477792.0,13186683.0
2012-09-05,54.62,55.79,55.23,53.88,424119.0,11644480.0
2012-09-04,54.04,55.97,54.97,53.98,1201386.0,33010152.0
2012-09-03,50.5,53.84,53.84,50.5,756110.0,19896940.0
2012-08-31,49.02,51.21,51.07,48.88,320776.0,8017857.0
2012-08-30,49.52,50.16,49.06,47.81,622284.0,15073043.0
2012-08-29,50.46,50.87,50.04,49.28,322256.0,8036152.0
2012-08-28,50.42,51.03,50.56,49.86,233686.0,5829068.0
2012-08-27,50.24,50.64,50.46,49.42,309250.0,7675160.0
2012-08-24,51.61,52.07,50.26,49.46,696257.0,17499268.0
2012-08-23,53.24,53.26,52.19,51.27,621256.0,16122284.0
2012-08-22,52.98,53.0,52.21,51.85,306519.0,7985827.0
2012-08-21,51.77,53.18,52.61,50.77,814339.0,21274964.0
2012-08-20,50.26,51.57,51.41,49.5,292801.0,7373171.0
2012-08-17,49.72,50.62,50.58,49.26,517268.0,12783850.0
2012-08-16,52.05,53.26,50.26,50.06,1176069.0,30048004.0
2012-08-15,49.56,53.34,52.25,48.75,1557461.0,39077908.0
2012-08-14,49.26,50.16,49.92,48.29,1009756.0,24626458.0
2012-08-13,45.84,50.18,49.58,45.84,2086299.0,50753736.0
2012-08-10,44.21,47.49,46.64,43.71,1400683.0,31866816.0
2012-08-09,43.12,44.19,44.01,42.72,510184.0,11104023.0
2012-08-08,43.99,43.99,43.43,42.66,673954.0,14537574.0
2012-08-07,43.02,44.19,43.97,42.48,948782.0,20515148.0
2012-08-06,42.82,43.23,42.94,42.0,1254448.0,26578550.0
2012-08-03,40.23,42.58,42.46,40.23,838357.0,17364114.0
2012-08-02,40.53,40.53,40.33,40.07,264228.0,5302588.0
2012-08-01,39.73,40.71,40.53,39.73,171913.0,3462182.0
2012-07-31,39.57,40.41,40.21,39.57,308859.0,6180815.0
2012-07-30,41.17,41.56,40.19,40.17,527000.0,10666785.0
2012-07-27,41.13,41.76,41.17,40.61,543747.0,11148659.0
2012-07-26,41.03,41.8,41.13,40.61,510856.0,10445837.0
2012-07-25,41.07,41.42,41.13,40.61,491050.0,10040898.0
2012-07-24,40.19,41.58,41.11,40.19,668784.0,13572638.0
2012-07-23,39.61,40.37,40.21,39.61,310144.0,6156083.0
2012-07-20,39.89,40.87,40.37,39.89,240100.0,4817990.0
2012-07-19,39.87,40.71,40.17,39.83,269450.0,5394807.0
2012-07-18,40.83,42.2,40.19,38.7,893420.0,17763576.0
2012-07-17,39.81,41.11,40.55,39.06,492527.0,9850344.0
2012-07-16,40.13,40.13,39.65,38.84,668980.0,13093142.0
2012-07-13,39.43,41.42,39.81,39.43,954668.0,19091908.0
2012-07-12,41.68,41.68,40.81,37.98,1454734.0,28820952.0
2012-07-11,41.3,42.86,42.2,40.83,1291544.0,26837330.0
2012-07-10,42.02,42.02,41.5,40.81,378681.0,7784085.0
2012-07-09,42.94,43.45,42.02,41.74,511640.0,10700910.0
2012-07-06,40.99,42.64,42.54,40.99,1113151.0,23155984.0
2012-07-05,41.07,41.58,40.87,40.09,905429.0,18291992.0
2012-07-04,42.22,42.42,41.48,41.22,553296.0,11453744.0
2012-07-03,43.43,43.59,42.12,41.84,818575.0,17394134.0
2012-07-02,42.7,43.51,42.92,42.38,538338.0,11457851.0
2012-06-29,41.78,42.78,42.6,41.05,731943.0,15262077.0
2012-06-28,42.92,43.65,42.18,41.66,763649.0,16151858.0
2012-06-27,41.6,43.49,42.8,41.36,1543118.0,32850638.0
2012-06-26,39.83,41.58,41.58,38.92,982307.0,19733470.0
2012-06-25,41.05,41.05,40.25,39.77,482886.0,9704525.0
2012-06-21,40.63,41.22,40.55,39.22,677348.0,13529774.0
2012-06-20,39.08,42.54,40.97,39.06,1153487.0,23559668.0
2012-06-19,39.0,39.81,39.41,38.6,698329.0,13615552.0
2012-06-18,38.4,40.15,39.1,38.2,868540.0,16890404.0
2012-06-15,39.22,39.41,38.32,37.6,1160138.0,22044588.0
2012-06-14,38.3,39.95,39.2,38.0,746290.0,29111630.0
2012-06-13,37.01,38.46,38.3,37.01,459404.0,17493280.0
2012-06-12,37.22,37.38,37.01,36.5,186872.0,6937854.0
2012-06-11,38.0,38.5,37.22,36.78,449945.0,16847052.0
2012-06-08,36.61,37.78,37.5,36.32,481744.0,17942904.0
2012-06-07,36.65,36.9,36.55,36.21,158483.0,5792067.0
2012-06-06,35.42,36.45,36.45,35.41,313559.0,11302590.0
2012-06-05,35.95,36.36,35.45,35.41,244191.0,8714678.0
2012-06-04,36.8,36.95,35.72,35.72,284012.0,10309166.0
2012-06-01,36.51,37.5,36.71,36.51,248000.0,9139180.0
2012-05-31,36.31,37.18,37.0,36.1,442754.0,16247118.0
2012-05-30,35.75,37.5,36.85,35.44,606597.0,22149426.0
2012-05-29,34.99,35.69,35.68,34.53,317371.0,11182624.0
2012-05-28,34.72,35.04,34.7,34.2,254810.0,8868365.0
2012-05-25,35.18,35.27,34.75,34.11,153558.0,5318331.0
2012-05-24,34.68,35.28,34.72,34.68,311311.0,10921378.0
2012-05-23,34.22,35.12,35.02,34.22,412647.0,14373390.0
2012-05-22,34.35,34.57,34.43,34.18,170115.0,5840473.0
2012-05-21,34.0,34.5,34.18,33.81,136790.0,4681076.0
2012-05-18,33.4,34.33,34.04,33.36,245136.0,8278070.0
2012-05-17,33.06,33.96,33.74,33.06,127229.0,4290961.0
2012-05-16,33.5,34.42,33.5,33.4,174496.0,5872958.0
2012-05-15,34.5,34.5,33.99,32.86,140112.0,4708798.0
2012-05-14,33.57,34.21,33.78,33.57,208099.0,7058239.0
2012-05-11,34.0,34.38,33.57,33.56,97834.0,3311147.0
2012-05-10,33.56,34.25,34.0,33.23,177446.0,6015641.0
2012-05-09,33.8,34.61,33.56,33.55,436527.0,14783652.0
2012-05-08,32.53,36.36,34.65,32.53,1025276.0,35780428.0
2012-05-07,32.6,33.5,33.05,32.4,464748.0,15343741.0
2012-05-04,31.17,33.0,32.72,31.02,522569.0,16721228.0
2012-05-03,31.49,31.58,31.11,31.04,181832.0,5689273.0
2012-05-02,31.21,31.81,31.31,31.01,229352.0,7168533.0
2012-04-27,30.99,31.36,31.1,30.42,236180.0,7294422.0
2012-04-26,30.5,30.78,30.5,30.4,209823.0,6411624.0
2012-04-25,30.43,30.81,30.62,30.12,276336.0,8448678.0
2012-04-24,30.01,31.0,30.43,29.8,387729.0,11747696.0
2012-04-23,31.9,32.0,31.02,31.0,359469.0,11308251.0
2012-04-20,31.99,32.3,31.93,31.66,368712.0,11744582.0
2012-04-19,32.5,32.5,31.95,31.83,450800.0,14442117.0
2012-04-18,32.64,32.9,32.57,31.7,522243.0,16847408.0
2012-04-17,32.99,32.99,32.55,32.0,298478.0,9704724.0
2012-04-16,32.82,33.12,32.9,32.61,236990.0,7787629.0
2012-04-13,33.2,33.2,32.81,32.58,325688.0,10716668.0
2012-04-12,32.88,33.16,33.08,32.53,345016.0,11351276.0
2012-04-11,33.05,33.29,33.0,32.3,325272.0,10690886.0
2012-04-10,32.6,33.88,33.23,32.17,591561.0,19532832.0
2012-04-09,31.43,34.7,32.74,31.43,821847.0,27234482.0
2012-04-06,31.8,32.44,31.66,31.2,382867.0,12183094.0
2012-04-05,31.09,31.9,31.9,30.12,286088.0,9006618.0
2012-03-30,31.6,31.6,31.08,30.58,167408.0,5200471.0
2012-03-29,32.47,32.47,31.11,30.16,461508.0,14426542.0
2012-03-28,34.78,34.78,32.48,31.66,981684.0,32632536.0
2012-03-27,34.12,35.0,34.18,33.83,678453.0,23242022.0
2012-03-26,34.61,35.28,34.25,33.99,340670.0,11760959.0
2012-03-23,35.08,35.34,34.6,33.65,419681.0,14453803.0
2012-03-22,34.32,35.5,35.17,34.0,454843.0,15865250.0
2012-03-21,33.8,34.49,34.04,33.31,265971.0,8987951.0
2012-03-20,34.62,34.67,33.3,33.2,236879.0,8003489.0
2012-03-19,33.99,34.8,34.7,33.98,321354.0,11074161.0
2012-03-16,32.9,34.66,33.79,32.9,258969.0,8707392.0
2012-03-15,32.9,33.25,32.98,32.5,285856.0,9408296.0
2012-03-14,34.8,34.8,32.99,31.51,313685.0,10536320.0
2012-03-13,34.0,34.42,34.32,33.72,322110.0,11012176.0
2012-03-12,33.6,34.16,33.71,33.56,111191.0,3776734.0
2012-03-09,33.33,33.72,33.7,33.13,116880.0,3908789.0
2012-03-08,33.4,34.5,33.2,33.1,116814.0,3913865.0
2012-03-07,32.3,33.6,33.12,32.01,285667.0,9456647.0
2012-03-06,32.8,32.9,32.37,32.0,137760.0,4466698.0
2012-03-05,32.0,32.77,32.68,31.56,200263.0,6490397.0
2012-03-02,31.22,32.15,31.9,31.2,196868.0,6288111.0
2012-03-01,31.6,31.9,31.7,31.35,187141.0,5905634.0
2012-02-29,31.71,32.0,31.66,31.66,72539.0,2308182.0
2012-02-28,32.47,32.79,31.9,31.68,251758.0,8086672.0
2012-02-27,33.35,33.5,32.8,32.4,201184.0,6630620.0
2012-02-24,32.4,33.03,32.99,32.4,203759.0,6692834.0
2012-02-23,32.1,32.75,32.65,32.1,204007.0,6631045.0
2012-02-22,32.69,32.69,32.5,31.92,337529.0,10905337.0
2012-02-21,31.94,32.37,32.3,31.56,176857.0,5638976.0
2012-02-20,31.05,32.5,31.94,31.05,403835.0,12895629.0
2012-02-17,31.12,31.2,31.02,30.71,105402.0,3265648.0
2012-02-16,31.25,31.46,31.17,30.68,328510.0,10217461.0
2012-02-15,30.5,31.09,31.05,30.0,658221.0,20125460.0
2012-02-14,30.45,30.7,30.05,29.96,188150.0,5685030.0
2012-02-13,29.59,30.48,30.1,29.52,268590.0,8077162.0
2012-02-10,30.29,31.3,29.6,29.58,370779.0,11178617.0
2012-02-09,29.58,30.2,29.99,29.58,143773.0,4308024.0
2012-02-08,28.74,30.55,29.88,28.74,214895.0,6378253.0
2012-02-07,29.01,29.4,29.13,28.55,68976.0,1997801.0
2012-02-06,29.18,30.14,29.31,29.15,275984.0,8178930.0
2012-02-03,28.68,29.29,29.15,28.32,169597.0,4889448.0
2012-02-02,27.5,28.79,28.7,27.5,61813.0,1747159.0
2012-02-01,28.12,28.55,28.3,28.11,83683.0,2369499.0
2012-01-31,28.77,28.77,28.39,27.96,47000.0,1326705.0
2012-01-30,27.9,28.68,28.3,27.87,92401.0,2617272.0
2012-01-20,28.18,28.18,28.0,27.45,65420.0,1829474.0
2012-01-19,27.6,28.25,27.94,26.6,111221.0,3093242.0
2012-01-18,29.1,29.41,27.7,27.18,306591.0,8573952.0
2012-01-17,28.05,29.5,29.5,26.87,317483.0,8962345.0
2012-01-16,30.0,30.0,28.28,28.28,211283.0,6067423.0
2012-01-13,31.08,31.7,30.3,29.97,402585.0,12406100.0
2012-01-12,31.58,31.68,31.3,31.07,335047.0,10504745.0
2012-01-11,30.16,31.87,31.7,29.81,494744.0,15403556.0
2012-01-10,30.32,30.76,30.16,30.05,324200.0,9851811.0
2012-01-09,29.36,29.96,29.96,28.91,265890.0,7854151.0
2012-01-06,28.8,29.2,29.0,28.18,193187.0,5544440.0
2012-01-05,30.25,30.5,29.25,28.91,194924.0,5763331.0
2012-01-04,30.5,31.0,30.5,29.71,95945.0,2914627.0
