date,open,high,close,low,volume,amount
2015-07-10,116.96,123.52,123.52,116.91,11931123.0,281884672.0
2015-07-09,103.6,112.27,112.27,103.6,18040036.0,384064896.0
2015-07-08,100.14,112.83,102.05,100.14,54954932.0,1117766528.0
2015-07-07,118.67,124.4,111.29,111.29,20676718.0,463188416.0
2015-07-06,132.04,132.04,123.67,115.36,23115168.0,554150208.0
2015-07-03,119.7,130.59,120.01,113.45,19455756.0,462696896.0
2015-07-02,129.82,131.37,123.26,119.13,17948180.0,438610560.0
2015-07-01,133.33,137.51,128.06,127.8,17974736.0,468350208.0
2015-06-30,123.26,135.19,134.41,118.72,18562648.0,460489696.0
2015-06-29,134.57,135.75,123.16,118.25,21196738.0,523600320.0
2015-06-26,142.72,142.77,131.42,131.42,17931696.0,472057984.0
2015-06-25,156.4,156.71,146.03,144.37,18642566.0,548549696.0
2015-06-24,155.47,158.98,156.4,153.56,17198352.0,518830048.0
2015-06-23,150.72,154.85,154.54,141.95,12250068.0,357075104.0
2015-06-19,155.88,157.28,149.74,149.17,14916479.0,446659328.0
2015-06-18,165.18,167.65,159.08,158.26,11325653.0,359495264.0
2015-06-17,163.63,166.78,166.72,158.93,14647216.0,463116704.0
2015-06-16,165.33,175.14,165.43,160.01,23020276.0,741794240.0
2015-06-15,176.63,179.37,168.84,168.38,20753276.0,691683328.0
2015-06-12,174.0,179.83,176.27,174.0,20342272.0,698245440.0
2015-06-11,172.04,174.62,173.85,169.3,15142736.0,505374464.0
2015-06-10,170.7,175.03,172.81,168.32,15116281.0,505606624.0
2015-06-09,178.85,178.85,171.99,170.34,18056748.0,607891328.0
2015-06-08,176.01,178.96,178.59,171.94,24033922.0,816154624.0
2015-06-05,178.03,180.56,175.71,170.39,30000968.0,1026265856.0
2015-06-04,166.26,175.6,174.88,162.9,35095388.0,1158155648.0
2015-06-03,166.36,166.62,164.76,159.5,21562092.0,685027392.0
2015-06-02,164.97,166.88,166.83,160.94,26457476.0,842594176.0
2015-06-01,156.97,162.44,161.82,155.16,24210736.0,748831296.0
2015-05-29,157.95,159.75,153.77,150.98,20188628.0,606809216.0
2015-05-28,162.65,170.18,155.99,155.37,29506462.0,937001216.0
2015-05-27,165.48,166.72,162.59,159.81,20614814.0,648102400.0
2015-05-26,164.04,168.63,165.69,161.51,22265140.0,713622592.0
2015-05-25,162.59,165.17,163.78,161.04,23828332.0,752603648.0
2015-05-22,167.65,168.27,162.59,160.43,30288640.0,956971264.0
2015-05-21,147.88,162.59,162.59,147.11,26752792.0,797614464.0
2015-05-20,149.69,152.17,147.83,146.64,21129020.0,614728064.0
2015-05-19,144.17,150.21,149.74,143.29,19216456.0,548560384.0
2015-05-18,140.81,146.03,144.06,139.99,12084720.0,337437888.0
2015-05-15,145.04,145.04,141.02,139.57,15370122.0,421867456.0
2015-05-14,147.57,148.04,145.35,144.32,10952924.0,309314688.0
2015-05-13,145.72,148.24,147.42,144.79,14911701.0,423629408.0
2015-05-12,145.41,148.97,146.39,144.06,16647177.0,472398080.0
2015-05-11,140.4,145.46,145.3,138.49,16764011.0,464846048.0
2015-05-08,138.18,140.29,139.73,137.51,8345686.0,224598304.0
2015-05-07,141.43,141.79,137.56,137.46,10140662.0,273482848.0
2015-05-06,143.6,145.87,140.91,139.47,12155478.0,336705536.0
2015-05-05,147.93,148.3,143.24,142.46,15201912.0,427353120.0
2015-05-04,146.9,149.22,149.02,144.73,12777930.0,363638848.0
2015-04-30,150.31,151.39,146.95,146.85,11955187.0,344464704.0
2015-04-29,147.62,150.15,149.59,146.33,14244159.0,409787840.0
2015-04-28,148.14,150.67,148.71,145.82,19387652.0,557940928.0
2015-04-27,148.09,149.64,147.06,146.08,19359696.0,553623296.0
2015-04-24,149.38,149.38,148.09,144.58,25607134.0,730446912.0
2015-04-23,154.85,154.85,151.96,151.13,25861042.0,762969280.0
2015-04-22,154.59,157.69,155.62,150.72,35282040.0,1050702912.0
2015-04-21,168.79,168.79,154.44,148.91,51624296.0,1569996160.0
2015-04-20,154.28,154.28,154.28,154.28,565132.0,16891796.0
2015-03-12,128.47,140.71,140.24,127.39,15991334.0,407062848.0
2015-03-11,132.19,132.35,128.47,126.98,13499253.0,337163168.0
2015-03-10,132.97,135.65,132.19,131.83,9698425.0,249944544.0
2015-03-09,131.52,134.2,133.38,129.56,8586307.0,219756192.0
2015-03-06,134.05,135.39,131.68,130.33,10017349.0,256956080.0
2015-03-05,135.44,137.71,134.0,132.04,15385648.0,400497920.0
2015-03-04,131.62,135.5,135.44,130.18,16690694.0,429570624.0
2015-03-03,127.39,134.15,131.62,125.89,20910644.0,532451776.0
2015-03-02,127.29,128.06,127.96,124.76,17816784.0,436088736.0
2015-02-27,124.55,127.75,126.88,124.5,13312418.0,325994880.0
2015-02-26,123.36,126.31,124.19,123.26,10236396.0,246791360.0
2015-02-25,127.29,127.55,124.14,123.31,12796240.0,308616512.0
2015-02-17,127.03,127.24,126.93,125.07,12710021.0,310997248.0
2015-02-16,125.58,128.27,126.88,123.11,19422538.0,472838528.0
2015-02-13,120.27,126.46,125.43,119.44,24210748.0,581150592.0
2015-02-12,117.22,119.03,118.56,116.45,11808671.0,270333152.0
2015-02-11,113.61,117.07,116.91,113.56,8054874.0,180077056.0
2015-02-10,113.87,114.18,113.45,112.37,6015331.0,131901680.0
2015-02-09,113.81,115.11,113.87,112.63,6507861.0,143714720.0
2015-02-06,112.58,116.29,113.81,112.47,11397978.0,253064160.0
2015-02-05,112.16,114.28,112.94,112.16,10755255.0,236159392.0
2015-02-04,114.59,114.69,112.16,111.13,11274111.0,245696128.0
2015-02-03,115.36,115.88,114.54,112.99,10167291.0,224720112.0
2015-02-02,112.73,119.34,116.14,111.91,14775265.0,332637728.0
2015-01-30,114.85,116.14,114.38,113.2,7474229.0,165946800.0
2015-01-29,116.6,116.6,114.8,114.18,8735667.0,195342384.0
2015-01-28,116.91,120.06,117.58,116.91,11632522.0,267720128.0
2015-01-27,118.62,119.13,117.84,116.34,13324355.0,303711424.0
2015-01-26,114.33,119.03,118.62,113.61,17086746.0,387611456.0
2015-01-23,114.9,116.45,114.49,113.71,13415544.0,298938624.0
2015-01-22,112.06,115.98,114.85,112.06,17739378.0,392076032.0
2015-01-21,109.74,112.53,111.96,109.27,10618330.0,229126448.0
2015-01-20,108.14,109.79,109.17,107.26,8798732.0,185160096.0
2015-01-19,109.27,113.2,106.85,105.76,10440223.0,222375952.0
2015-01-16,111.7,112.27,111.6,110.46,7296287.0,157522416.0
2015-01-15,110.36,111.49,111.44,109.84,4951817.0,106215728.0
2015-01-14,110.98,112.78,110.41,109.94,7252296.0,156595040.0
2015-01-13,108.91,111.6,111.08,108.91,6840351.0,146509136.0
2015-01-12,109.94,110.36,108.91,107.42,6760593.0,142885184.0
2015-01-09,111.54,113.45,111.03,110.92,8882640.0,193297392.0
2015-01-08,111.7,114.64,111.8,111.23,12120279.0,265468064.0
2015-01-07,112.42,113.25,111.7,110.31,10091760.0,218578176.0
2015-01-06,107.47,116.91,113.3,107.05,20667786.0,450236864.0
2015-01-05,104.68,109.07,108.19,103.75,13565666.0,281214240.0
2014-12-31,104.16,105.09,104.58,102.67,8295233.0,166593264.0
2014-12-30,103.44,105.19,104.32,103.34,7487730.0,151260208.0
2014-12-29,107.05,107.05,103.54,103.08,14574295.0,293772256.0
2014-12-26,106.02,107.26,106.8,104.94,8648207.0,177379136.0
2014-12-25,106.54,106.74,105.97,105.04,7084262.0,145041632.0
2014-12-24,105.3,106.48,106.07,104.78,6234373.0,127526968.0
2014-12-23,104.73,106.95,104.99,104.58,6357647.0,130218000.0
2014-12-22,108.34,108.34,104.63,103.96,12306672.0,251126320.0
2014-12-19,111.91,111.91,108.86,106.9,13190781.0,277468640.0
2014-12-18,111.49,113.45,111.91,110.98,7544035.0,163977568.0
2014-12-17,114.69,114.69,111.8,111.44,11207501.0,244093808.0
2014-12-16,116.55,117.12,115.36,114.18,13457184.0,300889184.0
2014-12-15,114.43,116.71,116.24,112.68,17534980.0,391128224.0
2014-12-12,115.11,116.14,114.33,113.4,16008584.0,355102080.0
2014-12-11,116.03,118.2,114.95,113.35,24696644.0,555226624.0
2014-12-10,112.16,115.88,115.72,110.98,23592170.0,521158016.0
2014-12-09,109.84,115.05,111.59,108.7,27386884.0,592615232.0
2014-12-08,109.07,111.65,110.46,107.36,15798234.0,334885568.0
2014-12-05,113.81,113.87,109.48,107.62,19146472.0,410888800.0
2014-12-04,110.46,114.59,113.66,110.15,21456200.0,467546560.0
2014-12-03,108.45,110.56,110.41,107.62,15948780.0,338335296.0
2014-12-02,106.74,109.17,108.55,106.33,11656789.0,243599936.0
2014-12-01,108.5,108.86,106.8,105.97,10755424.0,222825904.0
2014-11-28,110.46,111.13,108.24,106.74,11579798.0,244064992.0
2014-11-27,109.32,110.61,110.36,109.02,11284276.0,240137456.0
2014-11-26,107.36,109.48,108.91,107.11,11354028.0,238663536.0
2014-11-25,106.33,107.42,107.05,106.07,8589007.0,177755408.0
2014-11-24,107.57,108.24,106.33,105.71,13926049.0,287348928.0
2014-11-21,107.26,107.93,107.52,106.69,6293581.0,130709016.0
2014-11-20,108.14,108.39,107.11,105.87,7511803.0,155582272.0
2014-11-19,108.96,110.2,108.86,107.93,6240562.0,132001832.0
2014-11-18,109.43,109.43,108.91,107.16,4164768.0,87247464.0
2014-11-17,109.69,110.77,109.07,108.45,5999529.0,127246016.0
2014-11-14,106.18,109.94,109.27,106.18,7299137.0,154146240.0
2014-11-13,108.34,108.34,106.59,106.07,5635913.0,116708040.0
2014-11-12,105.81,108.7,108.39,105.19,7135293.0,147793344.0
2014-11-11,112.27,112.47,106.33,106.18,10627322.0,223906048.0
2014-11-10,110.0,112.53,111.75,109.43,8419588.0,181271760.0
2014-11-07,109.22,111.29,109.84,109.02,11272040.0,240856576.0
2014-11-06,110.46,110.46,109.43,108.55,12243817.0,258761872.0
2014-11-05,114.85,114.85,110.56,110.41,13075141.0,283296800.0
2014-11-04,115.83,115.83,114.64,112.53,12468597.0,274823360.0
2014-11-03,112.68,117.07,115.88,111.54,21342772.0,474698688.0
2014-10-31,109.53,112.22,111.96,108.96,13816996.0,295590112.0
2014-10-30,110.41,113.35,109.53,109.22,19160954.0,412301088.0
2014-10-29,110.31,111.23,110.98,107.88,18092512.0,383814816.0
2014-10-28,106.85,110.61,110.41,106.07,14216548.0,300209472.0
2014-10-27,108.96,109.47,107.98,106.65,9182426.0,193019680.0
2014-10-24,110.55,111.02,109.01,107.93,9554330.0,203494448.0
2014-10-23,110.45,111.74,111.27,108.81,11866002.0,254851312.0
2014-10-22,112.2,113.33,110.35,109.99,13027048.0,283358976.0
2014-10-21,114.61,114.61,111.74,111.27,21806116.0,478884960.0
2014-10-20,120.27,125.61,118.16,117.29,31017234.0,730047040.0
2014-10-17,118.73,122.32,120.53,114.1,38022040.0,873744384.0
2014-10-16,121.81,127.98,118.16,117.54,59401964.0,1413136256.0
2014-10-15,109.06,117.34,117.34,109.06,30655080.0,685152128.0
2014-10-14,104.75,108.04,106.65,103.87,22561148.0,464551808.0
2014-10-13,101.87,106.08,104.28,101.87,20648806.0,419391744.0
2014-10-10,98.63,103.82,101.61,98.06,19930746.0,391620224.0
2014-10-09,99.25,100.28,99.3,97.81,10707708.0,206525728.0
2014-10-08,97.91,99.86,99.66,97.04,12676930.0,242807312.0
2014-09-30,96.63,97.81,97.7,96.27,10363639.0,196152704.0
2014-09-29,96.22,96.83,96.63,95.75,9102756.0,170580224.0
2014-09-26,94.88,96.16,95.96,94.47,8286415.0,153689504.0
2014-09-25,95.7,96.37,95.03,94.47,10189905.0,189321184.0
2014-09-24,94.72,95.65,95.55,94.16,10971530.0,202807152.0
2014-09-23,92.56,95.5,95.08,92.56,10674878.0,195701712.0
2014-09-22,94.0,94.0,92.67,92.56,5829293.0,105506672.0
2014-09-19,93.28,94.26,94.0,93.03,6558299.0,119647176.0
2014-09-18,92.62,93.39,93.34,92.2,6979282.0,126000456.0
2014-09-17,92.26,92.82,92.62,91.64,4206347.0,75561968.0
2014-09-16,95.24,95.34,92.36,92.15,9998752.0,182485824.0
2014-09-15,94.11,95.19,95.03,93.54,10385053.0,190993616.0
2014-09-12,93.54,94.21,94.16,93.34,7167559.0,130780392.0
2014-09-11,93.44,94.36,93.49,92.92,10906030.0,198622192.0
2014-09-10,93.59,93.75,93.28,92.98,6393359.0,116067424.0
2014-09-09,94.36,94.57,94.0,93.34,8634317.0,157576608.0
2014-09-05,93.08,94.21,94.06,92.67,9858453.0,178811024.0
2014-09-04,93.13,93.23,93.03,92.0,11218163.0,202019792.0
2014-09-03,92.77,93.39,93.08,92.51,9150557.0,165399296.0
2014-09-02,92.26,93.03,92.77,91.9,6912259.0,124421272.0
2014-09-01,91.43,92.26,92.0,91.43,3404491.0,60844040.0
2014-08-29,91.43,91.64,91.49,90.87,1886282.0,33484668.0
2014-08-28,91.54,91.54,90.77,90.0,2874016.0,50711924.0
2014-08-27,90.46,91.69,91.54,90.36,4071679.0,71989424.0
2014-08-26,92.31,92.77,90.72,90.61,3758668.0,66942400.0
2014-08-25,92.67,92.92,92.31,92.1,3780884.0,68013296.0
2014-08-22,92.77,93.39,92.98,92.15,5223139.0,94257424.0
2014-08-21,94.83,95.03,92.82,91.38,9489064.0,171916832.0
2014-08-20,96.27,97.7,95.03,94.62,8830815.0,164818704.0
2014-08-19,96.98,97.29,96.32,95.96,4710600.0,88461112.0
2014-08-18,95.55,97.55,96.93,95.29,6919325.0,129981312.0
2014-08-15,94.36,95.75,95.55,93.95,4796020.0,88917928.0
2014-08-14,93.54,95.29,94.0,93.54,4039431.0,74293368.0
2014-08-13,94.52,94.72,94.06,93.23,3466257.0,63350016.0
2014-08-12,94.72,95.08,94.36,93.44,3555633.0,65275144.0
2014-08-11,93.7,95.24,95.14,93.7,3581213.0,65986908.0
2014-08-08,93.85,94.26,93.59,92.98,3182113.0,57941860.0
2014-08-07,94.83,95.19,93.85,93.64,3112040.0,57191740.0
2014-08-06,95.14,95.5,94.83,93.95,4110320.0,75731408.0
2014-08-05,95.86,96.06,95.08,94.36,4759607.0,87830368.0
2014-08-04,94.67,96.47,95.75,94.67,5597123.0,104214512.0
2014-08-01,93.39,96.32,94.31,93.13,9986827.0,185063824.0
2014-07-31,93.39,94.21,93.85,92.41,6475983.0,117322800.0
2014-07-30,92.51,94.52,93.49,92.15,9304249.0,169147152.0
2014-07-29,93.49,94.16,92.51,92.2,7671229.0,139012352.0
2014-07-28,91.69,93.54,93.34,91.69,7340699.0,132700720.0
2014-07-25,91.13,91.69,91.59,90.46,3897503.0,69012864.0
2014-07-24,90.56,91.33,91.18,89.84,2959924.0,52219096.0
2014-07-23,91.43,91.9,90.56,90.0,3380241.0,59645396.0
2014-07-22,91.38,93.34,91.9,91.08,5533982.0,99070592.0
2014-07-21,89.33,91.69,91.38,89.12,4316596.0,76094256.0
2014-07-18,89.84,91.43,89.38,89.07,5255734.0,92257176.0
2014-07-17,91.49,92.1,90.15,89.17,5356702.0,94346560.0
2014-07-16,86.91,94.78,91.85,86.86,15803434.0,282298272.0
2014-07-15,86.91,87.78,87.07,86.6,3789964.0,64238576.0
2014-07-14,85.78,87.17,87.07,85.37,3117598.0,52384384.0
2014-07-11,85.27,86.81,85.94,85.27,1536082.0,25729132.0
2014-07-10,85.63,85.99,85.42,85.32,1596378.0,26599244.0
2014-07-09,86.82,86.82,85.31,85.06,3068807.0,52369140.0
2014-07-07,86.57,87.17,85.97,85.86,2565053.0,43969608.0
2014-07-04,87.63,87.73,86.67,86.37,3212592.0,55483600.0
2014-07-03,87.02,88.03,87.68,86.87,3791043.0,65986680.0
2014-07-02,86.57,87.38,86.97,86.32,3199568.0,55139728.0
2014-07-01,86.97,87.17,86.57,86.32,2701504.0,46498008.0
2014-06-30,87.07,87.33,86.57,86.22,3091708.0,53282164.0
2014-06-27,85.71,86.72,86.52,85.11,1901580.0,32515382.0
2014-06-26,85.06,85.97,85.71,84.71,2163168.0,36783652.0
2014-06-25,84.66,85.26,85.01,84.25,1798391.0,30271332.0
2014-06-24,83.65,84.66,84.66,83.3,2479691.0,41492520.0
2014-06-23,84.35,85.11,83.3,83.09,3503510.0,58607708.0
2014-06-20,84.2,84.96,84.56,84.15,1208009.0,20294476.0
2014-06-19,86.27,86.32,84.1,83.95,1913621.0,32257436.0
2014-06-18,87.12,87.33,85.86,85.71,1844972.0,31559952.0
2014-06-17,87.68,87.98,86.92,86.37,1838841.0,31869264.0
2014-06-16,87.42,88.38,87.68,86.97,2254379.0,39242088.0
2014-06-13,86.12,87.93,87.33,86.12,2349387.0,40756812.0
2014-06-12,87.63,87.83,86.57,86.37,3014069.0,51961212.0
2014-06-11,88.13,88.38,87.83,87.68,1821067.0,31815214.0
2014-06-10,86.87,88.38,88.18,86.57,4560734.0,79676512.0
2014-06-09,86.57,87.27,86.87,85.92,2497398.0,43032040.0
2014-06-06,85.92,86.67,86.52,85.51,2446200.0,41856468.0
2014-06-05,83.9,86.22,85.92,83.65,3123227.0,52884040.0
2014-06-04,85.61,85.61,84.0,83.5,3149151.0,52609424.0
2014-06-03,85.91,85.91,85.71,85.01,2139298.0,36315648.0
2014-05-30,86.32,86.37,85.66,85.41,2857690.0,48616088.0
2014-05-29,87.22,87.88,86.22,85.86,3613102.0,62321152.0
2014-05-28,87.38,87.93,87.48,86.77,3292760.0,57214216.0
2014-05-27,86.62,87.88,87.78,85.61,4790362.0,82674688.0
2014-05-26,85.01,86.62,86.57,84.61,4455108.0,75984168.0
2014-05-23,84.1,84.76,84.4,83.95,2109968.0,35315716.0
2014-05-22,84.91,85.36,84.1,84.05,3637072.0,61207928.0
2014-05-21,83.09,85.36,84.81,83.04,5727782.0,96129520.0
2014-05-20,82.84,83.75,82.89,82.54,2449529.0,40426976.0
2014-05-19,83.35,83.35,82.59,81.89,3313135.0,54202944.0
2014-05-16,84.1,84.5,83.6,82.74,5014610.0,83063448.0
2014-05-15,88.63,88.94,84.25,84.1,9518520.0,162847712.0
2014-05-14,88.68,89.09,88.73,88.28,2940187.0,51787176.0
2014-05-13,89.14,89.19,88.68,88.23,4922174.0,86681560.0
2014-05-12,90.7,91.0,89.19,88.38,15116678.0,267488096.0
2014-05-09,90.09,91.4,90.25,89.79,6902008.0,124338544.0
2014-05-08,88.99,91.61,90.4,88.13,11706613.0,208349776.0
2014-05-07,90.6,91.15,88.94,88.48,10471005.0,186267424.0
2014-05-06,90.65,92.66,91.25,90.14,16813932.0,303574176.0
2014-04-04,97.25,98.25,98.05,97.19,2082337.0,40434252.0
2014-04-03,98.05,98.35,97.75,97.65,3076433.0,59850728.0
2014-04-02,97.95,98.5,97.75,97.45,1881720.0,36526648.0
2014-04-01,97.09,98.05,98.0,97.04,2302763.0,44600832.0
2014-03-31,97.85,98.71,97.09,96.49,2211359.0,42827876.0
2014-03-28,98.66,99.46,97.9,97.7,2579230.0,50409424.0
2014-03-27,100.92,101.73,98.81,98.71,3098501.0,61352600.0
2014-03-26,100.62,101.88,101.17,100.37,2658279.0,53428852.0
2014-03-25,100.52,101.33,100.32,99.71,2113178.0,42153476.0
2014-03-24,100.92,101.63,100.57,99.71,3410958.0,68130264.0
2014-03-21,99.01,101.58,101.17,98.1,3215245.0,63585616.0
2014-03-20,100.82,102.23,99.01,98.91,3079819.0,61526136.0
2014-03-19,103.09,103.09,101.58,101.17,2805878.0,56648280.0
2014-03-18,103.19,103.99,103.14,102.28,3286226.0,67142160.0
2014-03-17,99.71,105.81,103.14,99.71,6801264.0,139558016.0
2014-03-14,100.72,100.97,99.51,98.91,3101643.0,61326716.0
2014-03-13,100.02,101.63,100.67,99.66,3985011.0,79571168.0
2014-03-12,98.71,103.39,100.77,98.71,10085537.0,202352864.0
2014-03-11,96.04,98.2,97.55,95.78,3111856.0,60092048.0
2014-03-10,96.94,97.7,95.83,95.43,2859936.0,54616568.0
2014-03-07,97.45,98.66,97.75,96.99,2879652.0,55897092.0
2014-03-06,98.56,98.56,97.5,96.04,3572738.0,68860032.0
2014-03-05,99.71,99.97,98.45,97.95,2723562.0,53561568.0
2014-03-04,99.21,99.97,99.41,97.85,2655454.0,52111492.0
2014-03-03,97.65,99.97,99.76,97.25,3099526.0,61001776.0
2014-02-28,99.06,99.56,97.75,95.48,7031092.0,134934000.0
2014-02-27,101.48,102.18,99.01,98.71,8504317.0,169190528.0
2014-02-26,102.53,102.68,101.93,100.42,5329756.0,107438592.0
2014-02-25,107.37,108.53,103.59,101.98,6798182.0,143209872.0
2014-02-24,105.3,107.97,107.42,104.09,5588222.0,117096728.0
2014-02-21,106.76,107.77,105.76,104.95,5097006.0,107428400.0
2014-02-20,107.52,109.63,107.27,107.17,10237892.0,220329376.0
2014-02-19,107.37,109.18,107.42,105.3,8915634.0,190364752.0
2014-02-18,106.66,108.43,107.37,106.06,8465839.0,180440304.0
2014-02-17,106.26,106.76,106.26,105.35,7070037.0,148899024.0
2014-02-14,104.04,105.05,104.95,103.59,3727611.0,77224568.0
2014-02-13,105.1,107.02,103.59,103.54,5433371.0,113790608.0
2014-02-12,103.74,105.15,104.9,103.64,4985239.0,103375312.0
2014-02-11,103.74,104.4,103.59,102.73,4810199.0,98944760.0
2014-02-10,101.73,104.19,104.09,101.68,7312200.0,149499280.0
2014-02-07,99.71,101.48,101.42,98.81,2740471.0,54611764.0
2014-01-30,101.12,101.12,99.71,99.36,3115092.0,61751096.0
2014-01-29,103.19,103.19,100.67,100.52,5781976.0,116134352.0
2014-01-28,101.63,103.54,102.58,101.22,4357924.0,88583616.0
2014-01-27,105.61,105.91,100.87,100.72,7169560.0,147411856.0
2014-01-24,105.0,106.36,106.21,104.55,5791007.0,121362368.0
2014-01-23,104.09,106.66,106.21,103.04,4753696.0,99286224.0
2014-01-22,102.43,104.9,104.65,102.08,4245396.0,86856584.0
2014-01-21,102.18,104.4,102.68,101.53,3262028.0,66852392.0
2014-01-20,102.78,103.99,102.38,101.27,1891871.0,38498696.0
2014-01-17,104.95,104.95,102.78,101.22,2436053.0,49719888.0
2014-01-16,104.19,106.66,105.25,103.79,2652067.0,55644756.0
2014-01-15,104.6,104.6,104.19,103.49,2722354.0,56187880.0
2014-01-14,102.78,104.55,104.5,102.73,1540559.0,31740612.0
2014-01-13,105.25,106.41,102.78,101.48,2557693.0,52781492.0
2014-01-10,108.63,108.78,105.86,105.25,2691886.0,57187372.0
2014-01-09,106.97,111.7,108.68,106.97,4730578.0,103025512.0
2014-01-08,106.71,108.02,107.57,106.36,3611474.0,77058048.0
2014-01-07,105.2,106.66,106.41,104.75,3268960.0,68724344.0
2014-01-06,109.89,109.89,105.61,105.2,4047485.0,85826208.0
2014-01-03,112.81,113.26,109.84,109.63,5808630.0,127669952.0
2014-01-02,112.25,114.32,113.86,111.25,4595532.0,103521592.0
2013-12-31,110.84,113.01,112.66,110.39,6029332.0,134059488.0
2013-12-30,110.84,111.4,111.35,109.28,4321601.0,94868176.0
2013-12-27,108.58,110.54,110.19,108.48,3659598.0,79877072.0
2013-12-26,109.99,110.44,108.98,108.78,4683910.0,101961088.0
2013-12-25,107.02,109.83,109.53,106.51,6706017.0,144776064.0
2013-12-24,107.77,107.92,106.66,105.61,3265692.0,69208592.0
2013-12-23,103.99,107.57,107.32,103.74,4532814.0,95673144.0
2013-12-20,106.76,106.97,104.25,103.54,3335793.0,69750512.0
2013-12-19,107.22,108.27,105.76,105.5,2374366.0,50336084.0
2013-12-18,104.85,108.48,107.47,104.85,3941908.0,84134928.0
2013-12-17,104.25,106.11,105.15,103.24,2154951.0,45038568.0
2013-12-16,104.95,106.56,104.3,103.84,3213798.0,67081220.0
2013-12-13,104.5,106.01,104.95,104.5,2900297.0,60581064.0
2013-12-12,103.84,105.86,105.45,103.74,2824905.0,58851996.0
2013-12-11,106.76,106.76,104.19,103.99,3322284.0,69320952.0
2013-12-10,108.02,108.58,107.02,106.56,2241974.0,47763240.0
2013-12-09,107.82,109.23,108.12,107.77,3079274.0,66387512.0
2013-12-06,106.97,109.28,107.87,106.26,3455750.0,74213712.0
2013-12-05,106.97,107.62,107.02,105.45,2876124.0,60828960.0
2013-12-04,104.75,107.57,106.26,104.4,5063702.0,107224560.0
2013-12-03,102.73,105.61,105.0,102.58,2907928.0,60222068.0
2013-12-02,106.16,107.17,103.14,101.93,6697362.0,138221504.0
2013-11-29,107.62,107.97,107.47,105.86,4581470.0,97204336.0
2013-11-28,107.12,108.27,107.62,106.16,3334022.0,71207336.0
2013-11-27,106.51,107.52,107.27,105.15,3384415.0,71435040.0
2013-11-26,108.27,108.78,107.12,107.07,3015622.0,64645792.0
2013-11-25,107.87,110.29,108.33,107.87,5521132.0,119999432.0
2013-11-22,108.73,109.53,108.07,107.32,4653666.0,100405936.0
2013-11-21,107.37,110.89,108.73,106.51,11481339.0,249988736.0
2013-11-20,103.14,107.52,106.92,102.78,9857024.0,207081376.0
2013-11-19,103.24,104.04,102.99,102.73,5618373.0,115336800.0
2013-11-18,102.13,103.79,103.39,101.93,6831677.0,139820512.0
2013-11-15,101.53,103.14,101.93,101.12,7177308.0,145605712.0
2013-11-14,99.71,101.98,101.63,99.61,3414949.0,68403232.0
2013-11-13,100.52,100.52,99.71,98.66,1983766.0,39088408.0
2013-11-12,100.62,101.07,100.77,100.22,2172701.0,43435484.0
2013-11-11,98.2,100.87,100.62,97.14,3476276.0,68463048.0
2013-11-08,99.71,99.76,98.1,98.0,2882128.0,56499276.0
2013-11-07,100.42,100.72,99.71,98.96,2642548.0,52243548.0
2013-11-06,101.17,102.03,100.42,100.32,2410496.0,48424916.0
2013-11-05,100.87,101.38,101.17,99.86,2497879.0,49907264.0
2013-11-04,102.08,102.38,101.22,100.37,2395098.0,48156392.0
2013-11-01,100.22,101.63,101.28,99.31,2440560.0,48849108.0
2013-10-31,101.22,101.43,99.92,99.51,2932056.0,58302892.0
2013-10-30,100.07,101.93,101.33,99.76,3191744.0,64077392.0
2013-10-29,101.63,102.13,100.62,98.1,3780568.0,75021912.0
2013-10-28,100.22,102.48,101.48,100.12,3587379.0,72272056.0
2013-10-25,103.49,103.59,99.21,98.71,6740906.0,134293840.0
2013-10-24,101.83,103.94,103.39,101.22,5129081.0,104951560.0
2013-10-23,101.73,103.09,101.73,100.22,4585362.0,92444528.0
2013-10-22,102.73,103.64,101.68,101.22,6389898.0,129833576.0
2013-10-21,100.92,103.34,102.73,100.77,6665748.0,135693536.0
2013-10-18,103.09,103.09,100.67,100.27,8504712.0,170527776.0
2013-10-17,104.7,105.61,103.29,101.78,4593014.0,94234896.0
2013-10-16,107.12,107.12,104.55,103.79,4840385.0,100874096.0
2013-10-15,107.82,109.28,107.02,106.61,5113098.0,109375408.0
2013-10-14,107.07,107.27,107.02,106.11,4993830.0,105816856.0
2013-10-11,106.36,107.27,107.07,105.35,5265892.0,111429632.0
2013-10-10,106.66,107.12,105.91,104.04,5253623.0,109834104.0
2013-10-09,106.51,107.82,106.92,105.91,3773413.0,80217080.0
2013-10-08,105.0,107.57,106.66,103.74,5332454.0,112606448.0
2013-09-30,106.36,106.66,105.2,104.35,4542502.0,94757984.0
2013-09-27,102.78,106.26,105.81,102.78,8912000.0,186014672.0
2013-09-26,102.33,104.4,102.73,101.27,5932205.0,121666784.0
2013-09-25,100.92,102.99,102.23,100.27,4888734.0,98930544.0
2013-09-24,102.63,102.78,100.92,100.22,7217551.0,144626624.0
2013-09-23,101.73,103.04,102.89,101.58,5781393.0,117343216.0
2013-09-18,100.62,101.88,101.73,100.62,2577774.0,51829696.0
2013-09-17,105.71,105.71,100.47,100.17,9705798.0,197120848.0
2013-09-16,107.67,108.02,105.66,105.61,3562322.0,75520576.0
2013-09-13,106.97,107.92,107.62,106.01,3663258.0,77791304.0
2013-09-12,105.91,106.86,106.76,105.15,5235297.0,110465656.0
2013-09-11,106.26,106.56,105.96,105.0,4335026.0,90992440.0
2013-09-10,104.85,106.46,106.11,103.79,4072976.0,84717280.0
2013-09-09,105.56,106.41,104.8,104.04,5342253.0,111058256.0
2013-09-06,105.05,106.16,105.81,104.5,2455870.0,51537144.0
2013-09-05,106.61,106.61,105.4,105.05,2724685.0,57046160.0
2013-09-04,108.02,108.58,106.41,105.45,6355525.0,134299440.0
2013-09-03,107.27,109.08,108.68,106.66,3674845.0,78968328.0
2013-09-02,106.81,107.72,106.66,106.16,1893164.0,40128548.0
2013-08-30,108.78,108.78,107.17,105.76,5095196.0,107999064.0
2013-08-29,108.02,109.18,108.83,107.77,2771499.0,59726208.0
2013-08-28,109.08,109.58,108.02,107.67,3499442.0,75366256.0
2013-08-27,110.19,110.19,109.89,108.33,3642954.0,79105456.0
2013-08-26,109.08,110.54,110.49,108.02,4793571.0,104219200.0
2013-08-23,108.98,111.85,109.58,107.27,6287919.0,136504224.0
2013-08-22,108.28,109.48,108.93,106.81,4109159.0,88615960.0
2013-08-21,112.81,112.96,108.83,107.52,13278435.0,286621920.0
2013-08-20,113.76,114.57,112.35,111.09,5628635.0,125671096.0
2013-08-19,113.06,115.02,113.81,111.3,4007495.0,89741720.0
2013-08-16,115.53,122.78,114.07,112.45,3957153.0,90055600.0
2013-08-15,120.71,120.71,116.08,114.42,7240562.0,167943568.0
2013-08-14,117.59,122.07,120.81,116.58,9037569.0,215029008.0
2013-08-13,117.29,118.35,116.89,116.08,2380028.0,55275548.0
2013-08-12,115.22,117.24,117.19,114.32,4578425.0,105759128.0
2013-08-09,114.37,115.78,114.52,112.4,4206486.0,95382576.0
2013-08-08,113.81,115.58,114.07,112.91,3532357.0,80376928.0
2013-08-07,117.44,117.79,113.86,113.41,4011449.0,91859152.0
2013-08-06,117.29,118.65,117.44,115.88,3423389.0,79730896.0
2013-08-05,115.07,117.39,117.29,114.67,3249819.0,75125160.0
2013-08-02,117.44,117.74,115.02,114.72,4260230.0,97806600.0
2013-08-01,115.83,117.24,116.73,114.57,4220400.0,96963152.0
2013-07-31,117.04,120.11,115.63,115.58,3403009.0,79617640.0
2013-07-30,119.15,120.11,116.79,115.12,5394487.0,125514608.0
2013-07-29,113.86,122.78,119.2,112.86,9477666.0,223242816.0
2013-07-26,112.05,117.84,114.87,111.09,8301578.0,190171888.0
2013-07-25,111.35,112.25,110.44,109.33,2687021.0,59026820.0
2013-07-24,111.05,112.4,110.99,109.08,4095064.0,89970208.0
2013-07-23,109.79,111.25,110.84,109.18,3148954.0,69018120.0
2013-07-22,106.51,109.84,109.79,104.8,1803652.0,38625536.0
2013-07-19,110.29,110.29,107.62,106.16,5444263.0,116328976.0
2013-07-18,109.79,112.3,109.84,109.28,3664690.0,80247056.0
2013-07-17,113.71,115.33,111.35,109.79,5765776.0,129046856.0
2013-07-16,108.38,114.22,113.16,106.92,9426668.0,208709600.0
2013-07-15,103.14,108.68,108.33,102.13,7581650.0,160107552.0
2013-07-12,105.71,106.11,102.08,101.22,5474117.0,112850464.0
2013-07-11,101.43,106.26,105.71,101.02,5178261.0,107548824.0
2013-07-10,98.96,101.68,101.43,98.25,2630951.0,52062104.0
2013-07-09,99.81,100.97,99.06,98.45,3260959.0,64313300.0
2013-07-08,103.29,103.29,99.92,99.61,4095601.0,82205408.0
2013-07-05,107.27,108.22,104.85,104.75,2805222.0,59208900.0
2013-07-04,108.28,109.18,107.12,106.36,2972291.0,63563572.0
2013-07-03,105.5,110.19,109.28,104.5,5800850.0,123667536.0
2013-07-02,104.14,106.16,105.96,102.53,5116865.0,106507056.0
2013-07-01,100.72,104.45,104.2,99.76,2855233.0,58009544.0
2013-06-28,100.22,102.63,100.82,97.25,2924531.0,58635820.0
2013-06-27,103.58,104.47,100.86,100.11,4624624.0,95273408.0
2013-06-26,101.6,103.83,103.48,99.22,5177370.0,106624792.0
2013-06-25,101.3,103.09,101.4,94.17,7039271.0,140032112.0
2013-06-24,103.93,104.92,102.59,99.02,5793514.0,119868736.0
2013-06-21,103.33,107.15,104.03,102.0,6124338.0,128394584.0
2013-06-20,109.43,109.43,105.37,105.07,6019076.0,129770496.0
2013-06-19,113.74,113.74,109.58,108.89,8030591.0,178360608.0
2013-06-18,113.0,115.23,113.99,112.5,3925284.0,90274664.0
2013-06-17,110.03,114.48,113.35,108.44,6221453.0,141034560.0
2013-06-14,110.27,110.92,109.88,108.69,3775096.0,83486400.0
2013-06-13,107.05,110.77,109.58,105.17,3511504.0,76669104.0
2013-06-07,112.06,115.48,110.72,110.07,3948772.0,89406688.0
2013-06-06,115.97,116.22,112.5,112.31,3727331.0,85650928.0
2013-06-05,118.45,118.7,116.42,114.48,6514956.0,152626064.0
2013-06-04,119.05,119.69,118.75,115.03,8407853.0,199971488.0
2013-06-03,113.44,119.94,119.0,111.56,10307074.0,246251088.0
2013-05-31,114.04,116.27,113.59,113.49,7557065.0,174821888.0
2013-05-30,110.27,114.93,113.69,109.23,9088473.0,207500896.0
2013-05-29,108.93,110.62,110.27,108.34,6003869.0,132586264.0
2013-05-28,107.4,109.33,108.64,107.4,5975077.0,130586888.0
2013-05-27,105.86,108.69,107.35,105.86,6068381.0,131769208.0
2013-05-24,105.37,106.31,105.81,105.17,3582490.0,76413088.0
2013-05-23,105.56,106.9,105.37,105.07,4516076.0,96385584.0
2013-05-22,106.66,107.05,105.91,105.37,6641711.0,142183136.0
2013-05-21,104.18,106.7,106.61,103.78,12668888.0,268805792.0
2013-05-20,113.39,113.39,106.41,102.99,18802600.0,403328480.0
2013-05-17,115.48,117.36,114.44,112.25,11383160.0,262097520.0
2013-05-16,114.83,118.0,117.31,112.5,4823919.0,113226120.0
2013-05-15,114.39,115.48,114.83,112.11,4003456.0,92157328.0
2013-05-14,115.58,116.47,113.89,112.75,3486372.0,80289568.0
2013-05-13,117.95,119.44,115.67,115.18,3963036.0,93459072.0
2013-05-10,111.91,117.36,116.22,111.51,7133703.0,166808976.0
2013-05-09,114.24,114.24,112.35,111.51,3575067.0,81247456.0
2013-05-08,114.78,115.23,114.44,112.55,5164156.0,118649928.0
2013-05-07,113.79,114.63,113.49,111.51,4214390.0,96215456.0
2013-05-06,109.83,114.09,113.39,109.43,9041321.0,206095072.0
2013-05-03,102.09,109.08,108.74,101.3,8390226.0,178707456.0
2013-05-02,101.1,102.09,101.3,98.33,7434893.0,150193536.0
2013-04-26,107.05,108.44,103.63,103.48,4184286.0,88988368.0
2013-04-25,109.03,109.93,107.15,107.05,5353337.0,116941032.0
2013-04-24,108.44,110.22,109.83,106.7,5420389.0,118616656.0
2013-04-23,115.08,115.13,108.44,107.6,8929528.0,197865856.0
2013-04-22,117.41,118.45,114.98,113.99,5645450.0,131130432.0
2013-04-19,113.79,116.47,116.17,113.69,4388120.0,102053840.0
2013-04-18,111.76,114.68,114.04,111.41,4062780.0,93046800.0
2013-04-17,110.27,112.85,112.6,108.98,4997170.0,112218208.0
2013-04-16,111.21,111.21,109.78,108.54,3988219.0,88134496.0
2013-04-15,110.27,112.06,111.46,109.73,3117601.0,69858896.0
2013-04-12,109.58,111.51,110.07,109.43,2842312.0,63357528.0
2013-04-11,109.63,111.66,110.17,108.54,5111592.0,113558696.0
2013-04-10,113.0,113.0,109.58,108.49,8472600.0,187577328.0
2013-04-09,117.31,117.95,113.54,113.39,5077338.0,117308192.0
2013-04-08,114.68,117.46,117.21,113.99,3453203.0,81102288.0
2013-04-03,115.48,116.47,114.48,113.39,2450467.0,56768516.0
2013-04-02,121.42,122.81,114.53,113.0,7911054.0,186725504.0
2013-04-01,122.51,124.35,121.57,120.68,4233899.0,104458784.0
2013-03-29,128.86,128.86,121.57,120.38,7765150.0,193698528.0
2013-03-28,127.87,130.1,128.81,125.29,4047086.0,104409000.0
2013-03-27,126.63,130.1,128.81,126.63,5053359.0,131353824.0
2013-03-26,124.94,127.37,126.38,124.84,3463636.0,88169792.0
2013-03-25,128.11,128.86,126.03,125.88,3574312.0,91343544.0
2013-03-22,129.35,129.6,128.01,126.38,4321551.0,111444928.0
2013-03-21,131.73,131.73,129.8,127.62,6016343.0,156780432.0
2013-03-20,130.34,132.62,131.24,127.67,3926527.0,103018088.0
2013-03-19,132.62,134.36,130.25,127.47,3524343.0,92432160.0
2013-03-18,132.08,135.6,132.72,131.34,2981595.0,80431040.0
2013-03-15,132.28,135.0,132.48,128.76,2856001.0,76740072.0
2013-03-14,127.72,132.48,132.28,126.53,2990291.0,78728352.0
2013-03-13,126.88,128.71,128.46,122.91,3174407.0,80403280.0
2013-03-12,131.88,133.22,126.33,125.78,2634486.0,68161032.0
2013-03-11,129.16,133.72,132.08,129.16,1497848.0,39812644.0
2013-03-08,133.32,134.31,130.15,129.65,2350892.0,62337196.0
2013-03-07,137.73,137.73,133.27,131.83,3611871.0,97978312.0
2013-03-06,135.15,140.75,138.62,133.81,6746947.0,188361696.0
2013-03-05,131.24,135.3,134.9,128.86,4394545.0,118130320.0
2013-03-04,134.81,138.72,130.49,128.36,5161690.0,139463248.0
2013-03-01,132.38,136.59,135.94,131.34,3615143.0,98095648.0
2013-02-28,130.25,134.06,132.48,129.75,2848369.0,75535320.0
2013-02-27,133.72,135.3,131.44,130.69,2491802.0,66317172.0
2013-02-26,134.31,140.9,133.72,132.13,5446837.0,151474048.0
2013-02-25,132.57,135.4,134.61,130.79,3097968.0,83551600.0
2013-02-22,134.71,134.71,133.12,131.63,6260762.0,168287456.0
2013-02-21,135.1,139.17,133.86,130.29,12141037.0,329697184.0
2013-02-20,121.52,134.61,134.61,121.52,13823859.0,365727680.0
2013-02-19,124.45,125.64,122.36,121.42,3299539.0,81882152.0
2013-02-18,125.14,125.73,124.55,122.46,4038602.0,101398360.0
2013-02-08,123.65,126.78,125.39,122.22,2894120.0,73109008.0
2013-02-07,119.84,122.71,122.22,119.44,3545679.0,86886624.0
2013-02-06,118.2,120.88,120.58,117.06,5553150.0,133387104.0
2013-02-05,118.45,119.69,117.81,115.97,7558980.0,179862720.0
2013-02-04,122.91,122.91,117.51,115.97,6590617.0,156907808.0
2013-02-01,122.71,124.5,123.06,121.18,1823264.0,45042448.0
2013-01-31,123.8,124.4,122.51,120.58,3281970.0,81089032.0
2013-01-30,125.69,125.78,124.25,121.18,5116907.0,127317648.0
2013-01-29,127.12,128.71,125.83,124.0,3712353.0,94200112.0
2013-01-28,124.2,127.47,127.12,122.91,4569436.0,115481176.0
2013-01-25,116.32,125.34,123.85,115.97,6020120.0,147707168.0
2013-01-24,118.85,121.72,116.62,114.93,4016837.0,95907952.0
2013-01-23,119.64,120.68,118.65,116.96,3610694.0,86147952.0
2013-01-22,123.5,124.64,119.94,119.89,2928241.0,72138600.0
2013-01-21,123.7,125.39,123.41,120.93,1899703.0,47294568.0
2013-01-18,123.75,125.39,123.6,120.93,3343264.0,83074464.0
2013-01-17,125.39,127.27,123.55,123.31,3555734.0,89927280.0
2013-01-16,124.4,127.27,124.64,122.42,4927010.0,124301400.0
2013-01-15,124.69,127.87,124.59,122.91,6082714.0,154488496.0
2013-01-14,117.95,125.54,124.69,117.46,4950109.0,123322552.0
2013-01-11,115.58,119.74,117.86,113.99,4897689.0,116507264.0
2013-01-10,113.99,117.11,115.77,113.89,2992577.0,69785584.0
2013-01-09,116.07,119.44,113.99,113.54,4744142.0,111318128.0
2013-01-08,113.39,116.96,116.42,112.11,6366654.0,148509168.0
2013-01-07,108.04,114.09,113.0,108.04,5627724.0,125959488.0
2013-01-04,112.85,114.48,107.99,107.45,5656449.0,124417216.0
2012-12-31,112.5,113.2,112.5,111.11,2722391.0,61573896.0
2012-12-28,109.78,114.98,112.55,108.29,4346913.0,97752032.0
2012-12-27,109.88,111.81,110.07,108.98,4198246.0,93625640.0
2012-12-26,109.58,110.02,109.88,107.79,3789611.0,83092416.0
2012-12-25,109.03,111.11,109.73,107.4,5937092.0,130997304.0
2012-12-24,100.11,110.52,108.89,99.86,8073505.0,173711296.0
2012-12-21,98.97,101.0,100.46,97.19,4615638.0,92645376.0
2012-12-20,100.61,101.0,98.97,98.72,4529883.0,91008120.0
2012-12-19,100.76,101.45,101.2,99.47,2609450.0,52880740.0
2012-12-18,100.76,101.85,100.81,99.57,3835259.0,77981608.0
2012-12-17,102.09,102.09,100.41,99.67,6326578.0,128397096.0
2012-12-14,99.77,102.94,102.34,98.97,6945574.0,141831824.0
2012-12-13,98.18,100.06,99.96,96.69,4584015.0,91283392.0
2012-12-12,99.27,99.27,98.67,97.98,2603053.0,51744300.0
2012-12-11,96.39,99.91,98.87,95.55,6848766.0,136159040.0
2012-12-10,98.72,99.02,97.09,94.51,9342343.0,181365680.0
2012-12-07,100.11,100.11,99.02,97.14,8203390.0,163366208.0
2012-12-06,104.03,104.67,100.91,98.72,4029395.0,81494536.0
2012-12-05,104.03,106.65,104.18,101.1,3151145.0,66022568.0
2012-12-04,101.5,103.93,103.58,101.25,1655840.0,34181184.0
2012-12-03,99.12,102.19,101.35,98.62,2165398.0,44297024.0
2012-11-30,100.36,101.1,99.72,97.88,3842888.0,76865040.0
2012-11-29,100.26,102.34,101.3,100.26,1727495.0,35295496.0
2012-11-28,103.23,103.88,101.35,99.77,2140749.0,43593700.0
2012-11-27,103.88,104.92,103.38,100.91,1767372.0,36993312.0
2012-11-26,103.68,104.82,103.88,103.53,1855743.0,39043936.0
2012-11-23,109.68,109.97,104.47,102.59,4988985.0,105846872.0
2012-11-22,110.62,110.67,108.93,108.78,729662.0,16099599.0
2012-11-21,109.83,110.87,110.67,108.44,667499.0,14771016.0
2012-11-20,109.48,111.02,109.58,109.48,730880.0,16243418.0
2012-11-19,109.03,111.96,109.63,109.03,1170287.0,25969292.0
2012-11-16,112.01,112.4,110.27,109.58,815342.0,18226380.0
2012-11-15,111.61,115.13,112.4,111.16,1471522.0,33743468.0
2012-11-14,109.03,113.74,113.64,108.44,2066564.0,46426932.0
2012-11-13,111.31,111.51,109.03,108.93,1371185.0,30288384.0
2012-11-12,113.1,116.17,111.31,109.88,1723936.0,39015776.0
2012-11-09,113.69,115.43,113.3,112.7,835132.0,19188018.0
2012-11-08,117.71,117.71,115.08,114.48,1259706.0,29461738.0
2012-11-07,118.94,120.14,118.4,118.2,844051.0,20231028.0
2012-11-06,118.55,119.94,119.89,114.73,1729070.0,40752828.0
2012-11-05,119.54,120.04,118.55,117.71,832370.0,19941570.0
2012-11-02,121.42,121.42,119.64,119.29,1501292.0,36273188.0
2012-11-01,119.14,122.41,121.03,119.14,3827996.0,93787536.0
2012-10-31,117.81,120.43,120.28,115.48,2986856.0,71345728.0
2012-10-30,117.46,120.18,117.81,116.47,3662825.0,88037936.0
2012-10-29,113.0,118.35,118.25,111.56,4301401.0,100313560.0
2012-10-26,111.02,113.84,113.39,107.94,2937972.0,65443788.0
2012-10-25,113.99,113.99,111.26,110.52,2445956.0,55220616.0
2012-10-24,117.26,117.41,114.09,112.95,2901202.0,66994132.0
2012-10-23,120.38,120.43,117.31,116.02,2724903.0,64595696.0
2012-10-22,118.2,121.17,120.38,116.86,2001689.0,48303204.0
2012-10-19,118.94,119.04,118.6,117.01,1725803.0,41146872.0
2012-10-18,119.0,120.43,118.94,117.71,2621556.0,62892136.0
2012-10-17,120.93,120.93,118.9,117.46,3218072.0,77168480.0
2012-10-16,119.24,122.31,120.63,118.65,4275793.0,104154704.0
2012-10-15,119.0,121.82,120.63,117.21,1422122.0,34376992.0
2012-10-12,122.42,123.5,118.9,117.95,2792633.0,67707240.0
2012-10-11,120.08,123.01,122.51,119.44,2296207.0,56501140.0
2012-10-10,119.94,121.87,121.18,118.45,2398777.0,58313816.0
2012-10-09,116.62,124.15,119.24,116.52,5440646.0,132437592.0
2012-10-08,113.05,117.01,116.47,111.56,4615227.0,108015232.0
2012-09-28,110.12,113.74,113.15,108.79,3729520.0,83600240.0
2012-09-27,109.43,112.4,110.92,107.55,1522197.0,34000300.0
2012-09-26,112.25,112.25,109.08,108.29,1669740.0,37128996.0
2012-09-25,112.5,112.65,111.61,110.52,753279.0,17014928.0
2012-09-24,112.01,112.75,112.4,110.22,1119179.0,25172904.0
2012-09-21,110.77,112.75,111.91,109.92,1708976.0,38552972.0
2012-09-20,111.51,113.1,110.82,110.52,2243805.0,50517040.0
2012-09-19,108.14,112.45,111.76,106.85,4380961.0,97946656.0
2012-09-18,107.94,108.29,107.35,105.71,1350396.0,29135064.0
2012-09-17,108.29,109.03,107.4,106.11,2179070.0,47370312.0
2012-09-14,109.58,109.78,108.74,107.75,2126316.0,46733568.0
2012-09-13,109.43,110.27,109.38,108.49,1558060.0,34311576.0
2012-09-12,109.53,111.81,109.63,108.04,2738807.0,61023244.0
2012-09-11,108.44,110.62,109.53,106.16,2748553.0,60734208.0
2012-09-10,108.14,109.38,108.64,106.06,2087597.0,45402120.0
2012-09-07,106.8,109.73,108.89,105.42,3354024.0,73097024.0
2012-09-06,106.46,108.34,106.21,105.37,1310395.0,28204100.0
2012-09-05,105.76,109.23,106.95,105.27,2325346.0,50391312.0
2012-09-04,105.12,107.99,106.26,104.72,3196261.0,68837024.0
2012-09-03,102.64,106.31,105.17,102.09,2403843.0,50801508.0
2012-08-31,99.67,103.38,103.04,99.42,2058318.0,42209256.0
2012-08-30,103.53,103.53,100.95,95.8,3794777.0,76037048.0
2012-08-29,100.91,103.58,102.54,100.16,1893203.0,39122892.0
2012-08-28,102.54,103.93,102.09,100.26,2092420.0,43138192.0
2012-08-27,103.58,104.23,103.04,100.51,2719611.0,56290184.0
2012-08-24,102.09,104.82,103.53,102.09,2334188.0,48745960.0
2012-08-23,104.42,108.54,103.43,103.19,4146288.0,88550600.0
2012-08-22,104.03,104.82,104.13,102.59,3862264.0,80960784.0
2012-08-21,101.25,105.81,104.03,100.61,5493396.0,114832920.0
2012-08-20,97.44,101.9,101.5,95.55,3608630.0,72856440.0
2012-08-17,98.97,99.57,99.07,97.39,1810479.0,35963648.0
2012-08-16,101.75,104.57,98.97,98.43,3521510.0,71587688.0
2012-08-15,100.81,103.93,102.49,99.22,3208021.0,66366612.0
2012-08-14,103.19,104.08,100.71,98.67,4390656.0,89169848.0
2012-08-13,102.69,104.57,102.99,102.39,3513764.0,73291112.0
2012-08-10,104.08,106.31,103.09,102.44,5037467.0,106270376.0
2012-08-09,100.31,104.08,103.58,99.81,5779685.0,120006744.0
2012-08-08,101.6,102.39,100.41,99.37,4421079.0,89693784.0
2012-08-07,102.54,104.33,101.8,100.71,8152352.0,168213552.0
2012-08-06,98.13,104.57,102.74,96.79,13429613.0,274396128.0
2012-08-03,94.07,98.67,98.33,93.72,11297034.0,221094768.0
2012-08-02,92.43,96.05,94.07,92.13,8199164.0,156851568.0
2012-08-01,89.46,93.42,92.58,88.32,4682071.0,86849936.0
2012-07-31,88.12,89.8,89.56,86.73,3069061.0,54906588.0
2012-07-30,90.45,90.89,87.97,87.33,5330155.0,94955800.0
2012-07-27,91.69,92.48,90.89,88.71,6063575.0,110037136.0
2012-07-26,94.66,95.06,92.08,91.59,6259764.0,117816808.0
2012-07-25,95.31,95.8,94.61,93.72,4361972.0,83042832.0
2012-07-24,92.38,96.0,95.31,91.69,7140412.0,135783744.0
2012-07-23,87.72,93.72,92.63,87.03,8799298.0,162612592.0
2012-07-20,89.7,90.8,88.76,88.07,3571934.0,64459256.0
2012-07-19,89.96,89.96,89.08,88.55,5579269.0,102711576.0
2012-07-18,88.26,89.76,89.71,87.53,6583665.0,120353368.0
2012-07-17,86.37,88.26,88.02,83.99,4055467.0,72584696.0
2012-07-16,88.26,89.62,87.29,86.75,8965046.0,163814976.0
2012-07-13,88.21,88.55,87.14,86.61,3315740.0,59727912.0
2012-07-12,85.98,89.28,87.63,85.73,7709282.0,140288608.0
2012-07-11,83.94,86.61,86.42,83.5,5376734.0,94335608.0
2012-07-10,86.27,86.46,84.33,84.23,5633930.0,99168960.0
2012-07-09,87.82,89.76,86.85,86.85,7121475.0,129613840.0
2012-07-06,86.37,89.03,88.31,84.67,7036107.0,126022704.0
2012-07-05,85.4,87.19,85.54,83.94,5895761.0,104533936.0
2012-07-04,93.89,94.28,85.44,84.77,17634468.0,319697792.0
2012-07-03,95.29,95.44,93.89,92.58,6247657.0,121251016.0
2012-07-02,93.64,96.36,95.34,92.53,7416957.0,144952704.0
2012-06-29,90.64,92.87,92.58,89.76,4935914.0,93090968.0
2012-06-28,92.09,93.3,90.39,90.1,5056682.0,95669512.0
2012-06-27,88.94,92.82,91.27,88.6,7484035.0,140930960.0
2012-06-26,88.31,89.76,88.94,86.51,4864102.0,88428232.0
2012-06-25,90.73,92.04,88.4,87.92,6031416.0,112628128.0
2012-06-21,92.29,92.29,90.59,89.52,6858044.0,128500232.0
2012-06-20,97.14,97.38,92.72,92.58,8667924.0,168024992.0
2012-06-19,97.53,98.35,96.8,96.07,6291134.0,125637472.0
2012-06-18,96.75,98.59,98.06,96.07,5327802.0,107105352.0
2012-06-15,97.14,100.68,97.19,96.56,7526141.0,152697776.0
2012-06-14,98.45,99.71,97.57,96.46,7915496.0,159095440.0
2012-06-13,94.13,98.98,98.45,94.13,11269145.0,225654976.0
2012-06-12,94.47,97.72,94.18,94.03,7664135.0,151529984.0
2012-06-11,94.52,96.07,95.2,93.6,7621892.0,149151888.0
2012-06-08,94.18,94.61,93.84,91.61,7436527.0,143002896.0
2012-06-07,96.46,97.91,93.69,93.59,10229456.0,201467312.0
2012-06-06,96.31,97.57,96.12,94.37,12655600.0,249267504.0
2012-06-05,90.83,99.42,96.26,90.83,21440376.0,422701728.0
2012-06-04,89.52,94.47,91.17,89.03,19757332.0,376072576.0
2012-06-01,85.93,91.75,91.07,85.83,18129624.0,334529184.0
2012-05-30,86.66,87.68,85.73,85.44,6996013.0,124784840.0
2012-05-29,86.27,87.19,86.85,85.15,7909583.0,140611200.0
2012-05-28,85.15,87.0,86.9,81.61,9448061.0,164206128.0
2012-05-25,89.13,89.47,85.78,85.54,9088462.0,162941232.0
2012-05-24,90.15,92.04,89.08,88.79,15209793.0,283104160.0
2012-05-23,87.09,91.02,90.49,86.27,16199543.0,295676800.0
2012-05-22,87.58,89.13,87.34,86.8,13810356.0,250040576.0
2012-05-21,84.08,87.58,87.34,83.02,12695058.0,225907664.0
2012-05-18,84.47,85.54,84.33,83.26,8419259.0,146287968.0
2012-05-17,84.91,87.58,85.44,84.91,9868017.0,175104464.0
2012-05-16,85.15,87.68,85.54,84.18,11967248.0,212523024.0
2012-05-15,85.98,86.75,85.25,83.7,13300311.0,232804032.0
2012-05-14,86.41,90.73,87.34,85.2,21451780.0,389284928.0
2012-05-11,85.88,88.21,86.37,84.08,19321260.0,344809792.0
2012-05-10,85.88,88.55,85.69,84.91,19444420.0,347074304.0
2012-05-09,86.95,89.52,86.61,86.12,17248064.0,310975136.0
2012-05-08,88.31,88.79,88.21,86.9,15999999.0,288942016.0
2012-05-07,84.57,90.73,88.36,84.33,26786518.0,482571648.0
2012-05-04,83.21,86.12,84.91,83.07,20461012.0,356316480.0
2012-05-03,81.61,84.72,83.79,80.83,31225252.0,537072064.0
2012-05-02,75.69,80.69,80.69,75.45,17591408.0,284792000.0
2012-04-27,71.86,73.94,73.36,71.81,5731823.0,86444368.0
2012-04-26,72.0,73.31,72.05,71.33,6397605.0,95376264.0
2012-04-25,71.57,72.05,71.66,70.26,5634698.0,82793744.0
2012-04-24,73.22,74.14,71.66,69.92,6004510.0,88879560.0
2012-04-23,74.67,74.92,73.51,72.83,5402733.0,82009424.0
2012-04-20,74.19,75.06,74.72,73.75,4466304.0,68624968.0
2012-04-19,75.16,75.55,74.38,73.65,4174331.0,64165680.0
2012-04-18,73.61,75.16,75.11,72.54,4698226.0,71623216.0
2012-04-17,73.27,73.7,73.12,72.2,3560810.0,53598352.0
2012-04-16,73.17,73.8,73.27,72.39,3609653.0,54313496.0
2012-04-13,73.7,74.53,73.8,73.12,4797926.0,72929816.0
2012-04-12,71.57,73.9,73.65,71.37,5687384.0,85171344.0
2012-04-11,70.6,71.81,71.52,70.02,4149995.0,60794596.0
2012-04-10,68.85,71.52,71.42,67.78,4267417.0,61121240.0
2012-04-09,70.31,70.6,69.04,68.9,4386650.0,63058992.0
2012-04-06,70.35,71.57,70.74,69.87,5258917.0,76665856.0
2012-04-05,68.46,71.13,70.74,67.83,8746026.0,125037288.0
2012-03-30,69.97,71.08,68.17,67.15,5594148.0,79349840.0
2012-03-29,72.78,73.02,70.06,68.8,5693379.0,83545712.0
2012-03-28,77.1,77.15,73.17,72.78,6787949.0,103917128.0
2012-03-27,77.44,79.57,77.15,76.42,6409516.0,103569960.0
2012-03-26,76.81,77.53,77.15,76.08,3987718.0,63090336.0
2012-03-23,79.09,79.33,77.0,75.84,8049203.0,128834704.0
2012-03-22,80.79,81.13,79.53,79.14,6299341.0,103853472.0
2012-03-21,80.54,81.61,81.22,78.75,9195022.0,152571536.0
2012-03-20,82.44,82.44,80.11,80.01,11346436.0,188999728.0
2012-03-19,79.72,82.48,82.39,79.72,21501568.0,361391776.0
2012-03-16,76.56,80.5,79.62,76.42,17955886.0,290603008.0
2012-03-15,75.69,77.97,76.18,73.75,10688183.0,167242704.0
2012-03-14,80.06,80.79,75.79,75.3,15923785.0,258423344.0
2012-03-13,79.04,79.82,79.43,78.17,17381524.0,283166144.0
2012-03-12,78.51,80.93,80.83,76.95,16814344.0,274054816.0
2012-03-08,74.48,77.63,77.44,74.14,7379690.0,115469440.0
2012-03-07,73.65,74.92,73.8,73.31,5077162.0,77452912.0
2012-03-06,75.98,75.98,74.38,73.75,6754733.0,103813840.0
2012-03-05,77.2,78.6,76.22,76.03,6658956.0,105959376.0
2012-03-02,75.21,77.0,76.91,74.72,6192616.0,96853024.0
2012-03-01,76.08,77.0,75.25,74.48,9078796.0,141588096.0
2012-02-29,76.76,77.49,76.42,75.84,5211691.0,82285424.0
2012-02-28,76.13,77.53,76.71,75.5,9481726.0,149457104.0
2012-02-27,75.69,78.6,76.42,75.4,16212106.0,257979792.0
2012-02-24,72.83,76.42,75.55,72.54,15306826.0,236010288.0
2012-02-23,72.49,73.27,72.73,71.57,8530758.0,127327904.0
2012-02-22,70.21,72.49,72.3,69.92,11966690.0,176220848.0
2012-02-21,69.72,70.21,70.16,68.32,5262424.0,75254112.0
2012-02-20,70.5,71.33,69.77,69.77,6378504.0,92690184.0
2012-02-17,70.5,71.03,69.92,69.19,3677983.0,53072336.0
2012-02-16,70.84,71.57,70.4,69.48,7148134.0,103874728.0
2012-02-15,69.53,71.33,71.13,69.14,7390748.0,106933512.0
2012-02-14,70.21,70.4,69.67,69.09,5087675.0,72943928.0
2012-02-13,68.66,70.84,70.11,68.03,6826650.0,98282016.0
2012-02-10,68.9,69.87,69.14,68.32,5818078.0,83000296.0
2012-02-09,68.56,69.82,69.14,68.07,5400206.0,76912504.0
2012-02-08,66.47,68.9,68.56,65.99,4986744.0,69484560.0
2012-02-07,68.36,68.36,66.57,66.08,4600403.0,63386056.0
2012-02-06,67.69,69.04,68.66,67.44,7310136.0,102752872.0
2012-02-03,65.55,68.32,67.64,65.26,6669671.0,92104752.0
2012-02-02,64.78,65.89,65.7,64.48,3109919.0,41790844.0
2012-02-01,65.5,65.94,64.78,64.44,2554002.0,34222844.0
2012-01-31,65.5,65.65,65.45,64.34,2040608.0,27359680.0
2012-01-30,66.86,66.86,65.41,64.63,4025847.0,54318228.0
2012-01-20,64.82,66.86,66.57,64.14,6257056.0,84807272.0
2012-01-19,62.15,64.68,64.44,62.15,4496542.0,59115300.0
2012-01-18,64.34,66.42,62.69,61.13,6473432.0,85946536.0
2012-01-17,60.89,64.53,64.29,60.26,4945598.0,64328128.0
2012-01-16,62.4,62.93,60.65,60.41,2318173.0,29513864.0
2012-01-13,66.33,66.47,63.66,62.59,5716832.0,75215392.0
2012-01-12,65.7,66.86,66.18,65.31,5429385.0,73939320.0
2012-01-11,67.35,67.59,65.7,65.07,8398805.0,115002720.0
2012-01-10,63.61,67.44,67.25,63.22,6275265.0,85091568.0
2012-01-09,61.13,64.14,64.0,60.26,7180305.0,92559888.0
2012-01-06,63.12,64.05,61.52,59.58,8698103.0,109496840.0
2012-01-05,71.03,71.28,64.34,64.19,9916952.0,134815872.0
2012-01-04,75.69,75.69,71.33,71.08,2113279.0,32097056.0
