date,open,high,close,low,volume,amount
2015-07-10,25.18,27.15,27.15,24.7,429218752.0,2143364224.0
2015-07-09,22.29,24.7,24.7,20.27,457217888.0,1974021504.0
2015-07-08,22.45,23.15,22.45,22.45,251086528.0,1058044608.0
2015-07-07,26.67,27.52,24.96,24.91,503562144.0,2392782336.0
2015-07-06,32.53,32.53,27.68,27.2,537777664.0,2958984960.0
2015-07-03,30.93,32.7,30.24,30.24,411191392.0,2373095680.0
2015-07-02,36.27,37.98,33.6,33.44,588088832.0,3949648640.0
2015-07-01,37.34,39.84,36.85,36.7,743873536.0,5344139776.0
2015-06-30,34.67,37.92,37.49,32.0,521433248.0,3460242176.0
2015-06-29,35.04,36.59,34.51,30.99,493167456.0,3190295808.0
2015-06-26,36.53,37.55,34.4,34.35,437582496.0,2947349504.0
2015-06-25,37.66,39.2,38.13,36.8,581591680.0,4140167168.0
2015-06-24,35.36,38.3,38.08,35.09,480990912.0,3322233344.0
2015-06-23,33.71,35.15,35.09,31.36,260870608.0,1651656704.0
2015-06-19,36.11,36.96,33.76,33.6,299040512.0,1975004928.0
2015-06-18,36.99,39.42,37.25,36.41,413935008.0,2973177856.0
2015-06-17,35.56,37.57,37.25,34.13,317982880.0,2161792000.0
2015-06-16,37.52,37.99,35.72,35.4,363994304.0,2532304640.0
2015-06-15,36.78,40.27,38.47,36.46,557217280.0,3989518592.0
2015-06-12,36.14,37.25,37.15,35.45,390993216.0,2684631552.0
2015-06-11,35.93,36.35,36.14,35.24,234159568.0,1586308352.0
2015-06-10,35.98,36.67,35.98,35.19,284814496.0,1937329152.0
2015-06-09,37.1,37.15,36.46,35.88,345712352.0,2380819200.0
2015-06-08,36.2,37.89,37.31,36.2,482829280.0,3398518272.0
2015-06-05,36.41,37.47,36.57,35.24,530841632.0,3651153408.0
2015-06-04,34.29,35.56,35.51,32.28,457266912.0,2978606080.0
2015-06-03,34.77,34.82,33.92,32.86,315667872.0,2023032704.0
2015-06-02,33.02,34.87,34.66,32.55,429454336.0,2750322432.0
2015-06-01,31.17,33.18,32.97,30.85,315344352.0,1929131776.0
2015-05-29,30.75,31.64,30.69,28.47,335766560.0,1926015360.0
2015-05-28,34.4,35.14,31.27,31.27,431619808.0,2739682816.0
2015-05-27,34.19,35.14,34.77,33.34,473988512.0,3066758144.0
2015-05-26,34.45,34.61,34.19,32.81,446627072.0,2856455680.0
2015-05-25,33.34,34.13,34.08,32.6,421451712.0,2679293184.0
2015-05-22,31.27,33.81,33.34,30.96,468529408.0,2891779072.0
2015-05-21,30.64,30.8,30.75,29.85,188404128.0,1077096064.0
2015-05-20,30.8,31.22,30.59,30.43,239698320.0,1396485888.0
2015-05-19,29.37,30.59,30.43,29.37,177919600.0,1015282176.0
2015-05-18,30.16,30.16,29.48,29.42,149572864.0,839534976.0
2015-05-15,30.85,30.85,30.11,29.9,172579552.0,987231232.0
2015-05-14,31.59,31.59,31.22,29.79,237284112.0,1372537984.0
2015-05-13,31.91,32.97,31.38,31.12,273119712.0,1645147392.0
2015-05-12,31.17,32.65,32.12,30.64,249497952.0,1497106688.0
2015-05-11,30.75,31.17,31.12,29.9,272349120.0,1578756992.0
2015-05-08,29.74,30.64,30.43,28.79,261710176.0,1479897472.0
2015-05-07,32.17,32.17,29.48,29.42,313279328.0,1797088384.0
2015-05-06,34.56,35.24,32.7,32.07,308550528.0,1979927040.0
2015-05-05,38.15,38.21,34.71,33.81,507539360.0,3448982784.0
2015-05-04,34.24,37.57,37.57,34.24,554142208.0,3847561216.0
2015-04-30,34.45,35.61,34.13,33.97,364660800.0,2371767808.0
2015-04-29,36.3,38.1,35.51,34.98,471082016.0,3259124992.0
2015-04-28,34.56,37.47,35.93,33.44,630917248.0,4254718464.0
2015-04-27,31.75,34.24,34.24,31.12,574462656.0,3604531456.0
2015-04-24,32.07,32.07,31.12,30.48,268523520.0,1584908160.0
2015-04-23,30.69,32.91,32.23,30.43,377829984.0,2274711296.0
2015-04-22,30.59,31.01,30.75,30.22,338603552.0,1959006720.0
2015-04-21,29.63,31.01,30.59,28.63,316529440.0,1783319808.0
2015-04-20,27.84,30.96,29.21,27.25,427972320.0,2353934336.0
2015-04-17,26.67,29.0,28.15,26.67,374431456.0,1968145408.0
2015-04-16,26.35,27.09,26.67,25.82,169768832.0,851305344.0
2015-04-15,26.99,26.99,26.46,26.04,197810576.0,990180032.0
2015-04-14,27.25,27.41,27.15,26.78,216397808.0,1106344320.0
2015-04-13,27.25,27.41,27.36,26.88,160703808.0,824239552.0
2015-04-10,27.04,27.36,27.04,26.51,166185680.0,847980672.0
2015-04-09,27.15,27.62,26.93,26.2,195643264.0,990941248.0
2015-04-08,26.72,26.99,26.93,25.93,204137872.0,1023590592.0
2015-04-07,26.51,26.93,26.51,26.19,189029472.0,945525184.0
2015-04-03,25.45,26.57,25.98,25.19,179754016.0,885651200.0
2015-04-02,25.66,25.72,25.61,25.3,102544672.0,493942912.0
2015-04-01,25.51,25.82,25.66,25.19,125633296.0,604955456.0
2015-03-31,26.04,26.93,25.66,25.51,181342032.0,898110336.0
2015-03-30,25.24,26.14,25.77,25.14,156933616.0,761186240.0
2015-03-27,25.61,25.77,25.24,24.82,125033728.0,596286272.0
2015-03-26,25.08,26.99,25.72,24.39,240233456.0,1169871616.0
2015-03-25,25.93,25.93,25.24,24.77,298623904.0,1425023488.0
2015-03-24,23.87,26.3,26.3,23.81,503361760.0,2442083584.0
2015-03-23,23.81,24.34,23.92,23.39,236454192.0,1066543616.0
2015-03-20,22.75,23.02,22.97,22.44,151015568.0,647273024.0
2015-03-19,23.18,23.39,22.75,22.44,213296496.0,917269888.0
2015-03-18,21.64,23.55,23.18,21.64,293615168.0,1258689408.0
2015-03-17,21.33,21.8,21.59,21.17,182923920.0,742208064.0
2015-03-16,20.53,21.48,21.22,20.43,171960896.0,685861760.0
2015-03-13,19.95,20.43,20.32,19.9,84750896.0,323639552.0
2015-03-12,19.9,20.27,19.84,19.69,119737728.0,451442688.0
2015-03-11,20.37,20.59,19.84,19.58,141060816.0,533202656.0
2015-03-10,20.53,20.64,20.27,20.11,105992488.0,406845664.0
2015-03-09,20.27,20.69,20.53,19.9,73262264.0,280976768.0
2015-03-06,21.06,21.27,20.53,20.27,122715208.0,480982560.0
2015-03-05,21.75,22.12,21.27,20.85,147450464.0,597256192.0
2015-03-04,20.9,21.75,21.7,20.53,142179664.0,569775424.0
2015-03-03,21.75,21.8,20.85,20.32,233517376.0,940998656.0
2015-03-02,20.69,22.65,22.07,20.59,334243072.0,1383804416.0
2015-02-27,20.11,20.8,20.59,19.9,177146032.0,684847744.0
2015-02-26,20.27,20.32,20.32,19.53,133648904.0,503204480.0
2015-02-25,20.16,21.27,20.27,20.11,187548960.0,729503744.0
2015-02-17,19.63,20.85,20.43,19.32,189755520.0,723887360.0
2015-02-16,19.37,20.48,19.84,18.95,361868672.0,1340990080.0
2015-02-13,19.1,19.26,19.26,18.63,468807904.0,1695532288.0
2015-02-12,16.83,17.62,17.52,16.67,95593856.0,312023424.0
2015-02-11,16.93,17.09,16.88,16.83,29432224.0,94261968.0
2015-02-10,16.62,16.93,16.88,16.51,35498168.0,112716088.0
2015-02-09,16.62,16.77,16.62,16.3,39955416.0,124969200.0
2015-02-06,16.93,17.09,16.62,16.51,63804132.0,202064320.0
2015-02-05,17.68,17.78,17.04,16.93,66339392.0,217671088.0
2015-02-04,17.25,17.99,17.52,17.2,103853488.0,346735328.0
2015-02-03,16.88,17.09,17.09,16.77,36385600.0,116476960.0
2015-02-02,17.15,17.25,16.77,16.72,58556080.0,187847568.0
2015-01-30,17.62,17.68,17.3,17.25,39162352.0,129209840.0
2015-01-29,17.36,17.89,17.57,16.93,80598528.0,265988544.0
2015-01-28,17.68,17.68,17.46,17.36,52893820.0,174838080.0
2015-01-27,17.94,18.05,17.68,17.36,69385976.0,231530928.0
2015-01-26,17.68,17.94,17.89,17.52,64686668.0,217322704.0
2015-01-23,17.78,17.99,17.62,17.57,74036616.0,247917344.0
2015-01-22,17.57,17.99,17.78,17.41,85206632.0,285384832.0
2015-01-21,16.83,17.78,17.62,16.67,113189440.0,367323232.0
2015-01-20,16.51,16.99,16.83,16.51,92856384.0,294288032.0
2015-01-19,17.46,17.62,16.51,16.46,133764000.0,429331648.0
2015-01-16,18.05,18.26,18.26,17.99,69780072.0,239256976.0
2015-01-15,17.41,17.99,17.99,17.3,68406008.0,227761776.0
2015-01-14,17.78,17.89,17.46,17.36,55192664.0,183857792.0
2015-01-13,17.78,17.94,17.78,17.62,50172240.0,168770288.0
2015-01-12,18.31,18.36,17.78,17.62,102131064.0,346322016.0
2015-01-09,18.63,19.21,18.57,18.52,102063552.0,363587456.0
2015-01-08,19.74,19.84,18.84,18.79,135723824.0,490013728.0
2015-01-07,19.53,19.95,19.74,19.37,140950928.0,525117312.0
2015-01-06,19.58,19.84,19.58,19.16,161809488.0,596799616.0
2015-01-05,18.95,20.21,19.95,18.89,258097632.0,958309120.0
2014-12-31,18.68,19.0,18.95,18.42,122495592.0,433782976.0
2014-12-30,19.1,19.32,18.52,18.2,127404840.0,450276992.0
2014-12-29,18.95,19.37,18.95,18.52,150752368.0,543134592.0
2014-12-26,18.63,19.0,18.89,18.47,129597344.0,460463040.0
2014-12-25,17.78,18.68,18.63,17.68,126646800.0,434997088.0
2014-12-24,18.42,18.68,17.73,17.46,151558320.0,513764992.0
2014-12-23,19.58,19.58,18.52,17.99,202150368.0,719745536.0
2014-12-22,19.26,20.85,19.79,19.26,396694336.0,1505781376.0
2014-12-19,17.94,19.37,19.21,17.73,354498112.0,1245350912.0
2014-12-18,18.05,18.36,17.94,17.89,179883296.0,616839360.0
2014-12-17,17.94,18.47,17.99,17.62,207975680.0,708975744.0
2014-12-16,17.62,18.15,17.94,17.52,201206432.0,678316416.0
2014-12-15,17.62,17.83,17.52,17.14,157363504.0,518978976.0
2014-12-12,18.1,18.26,17.62,17.36,287076352.0,961929408.0
2014-12-11,16.46,18.15,18.15,16.25,398320960.0,1293370496.0
2014-12-10,16.03,16.62,16.51,15.66,189256688.0,578608000.0
2014-12-09,16.46,17.73,16.14,15.93,400938240.0,1279822208.0
2014-12-08,15.72,16.99,16.62,15.45,266296352.0,812283712.0
2014-12-05,16.46,16.67,15.77,15.4,255886688.0,775033088.0
2014-12-04,15.98,16.46,16.41,15.82,197213312.0,601731328.0
2014-12-03,15.61,16.62,16.03,15.56,294799136.0,895592192.0
2014-12-02,15.45,15.88,15.61,15.13,208464288.0,607900672.0
2014-12-01,15.03,15.88,15.51,14.98,267901712.0,779075136.0
2014-11-28,14.55,15.03,14.98,14.45,202115088.0,561863296.0
2014-11-27,14.5,14.66,14.55,14.39,108530912.0,297817056.0
2014-11-26,14.45,14.55,14.45,14.34,99619608.0,272049568.0
2014-11-25,14.34,14.5,14.45,14.29,84827664.0,231026464.0
2014-11-24,14.34,14.5,14.34,14.13,97072416.0,263328880.0
2014-11-21,13.92,14.18,14.13,13.81,49366908.0,130506616.0
2014-11-20,13.81,14.02,13.92,13.76,36943544.0,96915928.0
2014-11-19,13.81,13.97,13.87,13.71,39335952.0,102995600.0
2014-11-18,14.02,14.08,13.81,13.76,59381632.0,155659792.0
2014-11-17,14.39,14.5,14.13,14.08,60045344.0,161754064.0
2014-11-14,14.5,14.66,14.34,14.18,100944064.0,274097024.0
2014-11-13,14.39,14.76,14.66,14.08,166561168.0,455504832.0
2014-11-12,14.18,14.39,14.39,13.92,74502800.0,199779616.0
2014-11-11,14.55,15.08,14.13,13.97,166607552.0,456400704.0
2014-11-10,13.76,14.45,14.45,13.71,136006144.0,365404352.0
2014-11-07,13.87,14.02,13.65,13.6,73771352.0,193102528.0
2014-11-06,14.02,14.02,13.87,13.6,76890768.0,200460896.0
2014-11-05,14.13,14.66,14.02,14.02,121983032.0,329979328.0
2014-11-04,14.29,14.39,14.18,14.02,145584448.0,390378944.0
2014-11-03,13.71,14.5,14.45,13.6,254670064.0,680125120.0
2014-10-31,13.39,14.5,13.97,13.34,323402400.0,865692928.0
2014-10-30,12.75,13.44,13.18,12.65,129992944.0,323163936.0
2014-10-29,12.38,12.86,12.75,12.28,89411528.0,213642816.0
2014-10-28,11.96,12.44,12.33,11.91,50738900.0,116998720.0
2014-10-27,12.54,12.6,11.96,11.8,67058284.0,152486944.0
2014-10-10,12.49,12.65,12.6,12.44,55908880.0,132401440.0
2014-10-09,12.38,12.6,12.6,12.28,85711328.0,201410176.0
2014-10-08,12.28,12.38,12.38,12.22,38031740.0,88520832.0
2014-09-30,12.33,12.33,12.28,12.22,45189512.0,104876936.0
2014-09-29,12.28,12.38,12.33,12.22,40873072.0,94864744.0
2014-09-26,12.12,12.33,12.28,12.06,48304040.0,111471360.0
2014-09-25,12.33,12.38,12.17,12.12,61028288.0,141661072.0
2014-09-24,12.06,12.33,12.28,12.01,57962612.0,133457728.0
2014-09-23,11.96,12.17,12.12,11.96,39862912.0,90777096.0
2014-09-22,12.38,12.38,12.01,11.96,57261624.0,131469120.0
2014-09-19,12.33,12.54,12.44,12.28,56498200.0,132298656.0
2014-09-18,12.28,12.54,12.33,12.22,87387632.0,204290336.0
2014-09-17,12.17,12.33,12.33,12.06,101137920.0,232701728.0
2014-09-16,12.06,12.91,12.28,11.96,215682624.0,506672064.0
2014-09-15,11.91,12.12,12.06,11.85,86038176.0,195273280.0
2014-09-12,11.75,11.96,11.96,11.7,84927840.0,189610192.0
2014-09-11,11.91,12.01,11.8,11.75,58644844.0,131648424.0
2014-09-10,11.85,12.12,11.96,11.75,80894320.0,182267200.0
2014-09-09,11.75,12.06,11.91,11.7,90951320.0,204185856.0
2014-09-05,11.7,11.8,11.75,11.64,53548008.0,118521672.0
2014-09-04,11.64,11.75,11.7,11.59,47094928.0,103696424.0
2014-09-03,11.59,11.75,11.7,11.54,49179332.0,108264376.0
2014-09-02,11.48,11.7,11.64,11.43,41969232.0,91714616.0
2014-09-01,11.43,11.48,11.43,11.38,14889051.0,32189472.0
2014-08-29,11.38,11.43,11.43,11.32,17151608.0,36856136.0
2014-08-28,11.43,11.48,11.38,11.32,17558872.0,37790320.0
2014-08-27,11.43,11.48,11.43,11.38,17126830.0,36968244.0
2014-08-26,11.59,11.59,11.43,11.38,29012270.0,62904840.0
2014-08-25,11.59,11.7,11.59,11.48,42891508.0,93990152.0
2014-08-22,11.59,11.64,11.64,11.54,20849224.0,45650368.0
2014-08-21,11.59,11.75,11.59,11.48,30861808.0,67631832.0
2014-08-20,11.59,11.7,11.64,11.54,30124800.0,66071604.0
2014-08-19,11.48,11.85,11.64,11.43,45138888.0,99151264.0
2014-08-18,11.48,11.54,11.54,11.43,20710820.0,44960272.0
2014-08-15,11.38,11.54,11.48,11.38,19734960.0,42722776.0
2014-08-14,11.54,11.59,11.38,11.38,22655040.0,49094952.0
2014-08-13,11.54,11.59,11.54,11.43,30933268.0,67188520.0
2014-08-12,11.64,11.64,11.59,11.48,21699720.0,47336156.0
2014-08-11,11.48,11.64,11.59,11.43,25785548.0,56367864.0
2014-08-08,11.54,11.59,11.48,11.43,31652920.0,68745664.0
2014-08-07,11.7,11.85,11.59,11.54,73550320.0,162331440.0
2014-08-06,11.54,11.75,11.7,11.32,75648568.0,165588128.0
2014-08-05,11.59,11.64,11.48,11.43,41143136.0,89772096.0
2014-08-04,11.38,11.59,11.54,11.32,46597544.0,101016536.0
2014-08-01,11.43,11.59,11.38,11.38,56226876.0,122357280.0
2014-07-31,11.32,11.48,11.43,11.27,31620920.0,67865704.0
2014-07-30,11.32,11.38,11.32,11.22,43166668.0,92189896.0
2014-07-29,11.43,11.43,11.32,11.27,33275394.0,71327680.0
2014-07-28,11.22,11.48,11.38,11.17,72208232.0,155065440.0
2014-07-25,11.06,11.22,11.22,11.01,33993092.0,71561232.0
2014-07-24,10.9,11.11,11.06,10.9,34685056.0,72337512.0
2014-07-23,10.85,11.01,10.95,10.85,27591822.0,57020032.0
2014-07-22,10.79,10.95,10.85,10.79,18872354.0,38817880.0
2014-07-21,10.85,10.9,10.79,10.79,12209098.0,25006092.0
2014-07-18,10.79,10.9,10.85,10.74,12479048.0,25560456.0
2014-07-17,10.9,10.95,10.85,10.79,19080460.0,39076980.0
2014-07-16,10.85,10.95,10.95,10.85,28051724.0,57815636.0
2014-07-15,10.79,11.01,10.9,10.74,41451384.0,85196176.0
2014-07-14,10.69,10.79,10.79,10.69,16383543.0,33276584.0
2014-07-11,10.64,10.74,10.74,10.58,16189910.0,32708512.0
2014-07-10,10.64,10.69,10.64,10.58,16295570.0,32750864.0
2014-07-09,10.74,10.74,10.64,10.64,9936304.0,20053916.0
2014-07-07,10.74,10.79,10.79,10.69,10176283.0,20660064.0
2014-07-04,10.74,10.85,10.79,10.69,14945180.0,30427384.0
2014-07-03,10.69,10.85,10.79,10.69,21368140.0,43503868.0
2014-07-02,10.69,10.79,10.74,10.64,10413608.0,21083684.0
2014-07-01,10.74,10.79,10.74,10.64,11929925.0,24121220.0
2014-06-30,10.69,10.9,10.74,10.69,18900522.0,38514640.0
2014-06-27,10.64,10.79,10.69,10.58,19188232.0,38829248.0
2014-06-26,10.48,10.64,10.64,10.48,12434182.0,25098972.0
2014-06-25,10.53,10.59,10.53,10.48,5175398.0,10380265.0
2014-06-24,10.48,10.59,10.53,10.43,8081819.0,16215624.0
2014-06-23,10.48,10.53,10.48,10.43,4158176.0,8323058.0
2014-06-20,10.43,10.48,10.48,10.43,9157392.0,18254808.0
2014-06-19,10.53,10.59,10.43,10.38,11313125.0,22652628.0
2014-06-18,10.59,10.64,10.53,10.53,8863012.0,17854388.0
2014-06-17,10.64,10.69,10.59,10.59,12659960.0,25726500.0
2014-06-16,10.64,10.69,10.69,10.59,10884204.0,22090520.0
2014-06-13,10.53,10.64,10.64,10.53,11658476.0,23567754.0
2014-06-12,10.53,10.59,10.53,10.53,4379725.0,8811583.0
2014-06-11,10.59,10.59,10.59,10.48,9337644.0,18789560.0
2014-06-10,10.48,10.59,10.59,10.48,7489214.0,15049043.0
2014-06-09,10.53,10.59,10.48,10.48,5595314.0,11230096.0
2014-06-06,10.59,10.59,10.53,10.48,7293752.0,14651249.0
2014-06-05,10.48,10.59,10.59,10.48,6788286.0,13624341.0
2014-06-04,10.53,10.59,10.53,10.48,9938885.0,19914550.0
2014-06-03,10.59,10.59,10.53,10.53,10577569.0,21323156.0
2014-05-30,10.64,10.74,10.64,10.48,31995124.0,64470176.0
2014-05-29,10.74,10.74,10.64,10.64,6153247.0,12545728.0
2014-05-28,10.69,10.74,10.74,10.64,10613760.0,21643112.0
2014-05-27,10.79,10.79,10.69,10.69,4237052.0,8672677.0
2014-05-26,10.74,10.79,10.79,10.69,6483633.0,13291607.0
2014-05-23,10.74,10.74,10.74,10.64,7342571.0,14989115.0
2014-05-22,10.74,10.85,10.74,10.69,7307044.0,14994448.0
2014-05-21,10.74,10.79,10.74,10.64,4215337.0,8628721.0
2014-05-20,10.69,10.79,10.74,10.69,4025069.0,8239671.0
2014-05-19,10.74,10.79,10.69,10.64,4795660.0,9797416.0
2014-05-16,10.74,10.79,10.74,10.69,5642340.0,11572799.0
2014-05-15,10.85,10.9,10.74,10.74,9501568.0,19606442.0
2014-05-14,10.85,10.95,10.9,10.79,14290876.0,29640000.0
2014-05-13,10.95,11.0,10.85,10.85,13332357.0,27767412.0
2014-05-12,10.74,11.0,10.95,10.69,29783484.0,61953812.0
2014-05-09,10.64,10.74,10.69,10.59,6746213.0,13710349.0
2014-05-08,10.64,10.74,10.69,10.59,6060432.0,12347508.0
2014-05-07,10.74,10.74,10.64,10.64,4552974.0,9271097.0
2014-05-06,10.64,10.79,10.74,10.64,8079377.0,16561264.0
2014-05-05,10.69,10.74,10.69,10.59,6533900.0,13273672.0
2014-04-30,10.59,10.69,10.64,10.59,6567119.0,13325207.0
2014-04-29,10.59,10.64,10.59,10.48,11880953.0,23933030.0
2014-04-28,10.69,10.74,10.59,10.53,13435767.0,27231628.0
2014-04-25,10.85,10.9,10.69,10.69,7325888.0,15081136.0
2014-04-24,10.9,10.95,10.85,10.79,8472674.0,17562056.0
2014-04-23,10.9,11.06,10.95,10.9,8148600.0,17016092.0
2014-04-22,10.9,10.95,10.95,10.79,9952333.0,20648088.0
2014-04-21,10.9,11.11,10.9,10.85,15644373.0,32845992.0
2014-04-18,10.95,11.0,10.95,10.9,6751061.0,14093382.0
2014-04-17,11.0,11.06,10.95,10.95,7015317.0,14689973.0
2014-04-16,11.0,11.06,11.0,10.95,6923201.0,14532202.0
2014-04-15,11.16,11.16,11.0,10.95,14321849.0,30220964.0
2014-04-14,11.21,11.27,11.21,11.11,14338207.0,30501448.0
2014-04-11,11.21,11.27,11.21,11.16,21503230.0,46051848.0
2014-04-10,10.9,11.37,11.32,10.85,71995256.0,153045792.0
2014-04-09,10.95,10.95,10.9,10.85,13501100.0,28104260.0
2014-04-08,10.79,10.95,10.95,10.79,15770064.0,32719192.0
2014-04-04,10.74,10.85,10.85,10.69,9487587.0,19516108.0
2014-04-03,10.95,10.95,10.79,10.74,17005000.0,35204728.0
2014-04-02,10.79,11.06,10.95,10.79,29531068.0,61533832.0
2014-04-01,10.74,10.85,10.79,10.69,8398017.0,17294300.0
2014-03-31,10.74,10.85,10.74,10.69,10335818.0,21225400.0
2014-03-28,10.74,10.85,10.74,10.69,15443274.0,31754864.0
2014-03-27,10.79,10.9,10.79,10.69,15859279.0,32715076.0
2014-03-26,10.9,10.9,10.85,10.74,9746763.0,20109050.0
2014-03-25,10.9,10.95,10.9,10.79,22486100.0,46672256.0
2014-03-24,10.74,11.0,10.95,10.64,35860424.0,74362752.0
2014-03-21,10.53,10.74,10.74,10.48,20327026.0,41261076.0
2014-03-20,10.64,10.69,10.53,10.48,13091099.0,26439036.0
2014-03-19,10.53,10.69,10.64,10.48,16822356.0,34043444.0
2014-03-18,10.59,10.64,10.59,10.53,11801938.0,23843956.0
2014-03-17,10.53,10.64,10.59,10.53,9728728.0,19654690.0
2014-03-14,10.59,10.69,10.53,10.48,10960823.0,22111766.0
2014-03-13,10.53,10.69,10.69,10.53,10956060.0,22218624.0
2014-03-12,10.59,10.69,10.59,10.48,10633656.0,21467208.0
2014-03-11,10.53,10.64,10.59,10.48,12462743.0,25065508.0
2014-03-10,10.74,10.79,10.48,10.48,17749080.0,35989860.0
2014-03-07,10.85,10.9,10.74,10.74,9423688.0,19459748.0
2014-03-06,10.74,10.85,10.85,10.69,8676382.0,17829452.0
2014-03-05,10.85,10.9,10.74,10.74,7254868.0,14952187.0
2014-03-04,10.79,10.9,10.85,10.74,9204497.0,18986646.0
2014-03-03,10.79,10.95,10.85,10.74,13070213.0,27060692.0
2014-02-28,10.79,10.85,10.79,10.69,9020003.0,18515684.0
2014-02-27,10.79,10.9,10.79,10.69,12606952.0,25948428.0
2014-02-26,10.69,10.79,10.79,10.64,13471279.0,27514976.0
2014-02-25,10.85,10.95,10.69,10.64,18000828.0,37128696.0
2014-02-24,11.11,11.11,10.9,10.85,18400094.0,38313072.0
2014-02-21,11.21,11.21,11.11,11.06,13011457.0,27611406.0
2014-02-20,11.21,11.32,11.27,11.16,22413902.0,48124560.0
2014-02-19,11.16,11.27,11.21,11.06,15941793.0,33965688.0
2014-02-18,11.21,11.27,11.16,11.06,14163274.0,30107628.0
2014-02-17,11.16,11.27,11.27,11.11,18088902.0,38603700.0
2014-02-14,11.06,11.16,11.11,11.0,10939875.0,23156912.0
2014-02-13,11.16,11.21,11.06,11.06,17407464.0,36926816.0
2014-02-12,11.16,11.21,11.16,11.06,14996043.0,31919814.0
2014-02-11,11.11,11.21,11.16,11.06,13887794.0,29523368.0
2014-02-10,10.95,11.16,11.11,10.95,14850221.0,31407644.0
2014-02-07,10.9,10.95,10.95,10.85,5962947.0,12405153.0
2014-01-30,11.0,11.06,10.9,10.9,6175930.0,12937645.0
2014-01-29,11.0,11.06,11.06,10.95,5436839.0,11437621.0
2014-01-28,11.0,11.06,11.0,10.95,6402322.0,13436572.0
2014-01-27,11.0,11.11,10.95,10.95,7234819.0,15204429.0
2014-01-24,10.9,11.16,11.06,10.9,15683639.0,33038552.0
2014-01-23,10.95,11.0,10.95,10.9,8120877.0,16981952.0
2014-01-22,10.9,11.06,11.0,10.85,12511766.0,26219796.0
2014-01-21,10.79,10.9,10.85,10.74,6379312.0,13200226.0
2014-01-20,10.79,10.85,10.79,10.74,7321319.0,15060471.0
2014-01-17,10.95,11.0,10.79,10.79,8398487.0,17436896.0
2014-01-16,10.95,11.06,11.0,10.85,7464757.0,15604907.0
2014-01-15,11.0,11.06,10.9,10.9,7356202.0,15359337.0
2014-01-14,11.0,11.06,11.06,10.95,6822310.0,14335119.0
2014-01-13,10.79,11.06,11.06,10.74,20604152.0,42969928.0
2014-01-10,10.79,10.9,10.79,10.74,12149376.0,25098380.0
2014-01-09,10.9,10.95,10.79,10.74,10485942.0,21691320.0
2014-01-08,10.95,11.06,10.95,10.9,12126696.0,25400110.0
2014-01-07,10.85,10.95,10.9,10.79,8622210.0,17921934.0
2014-01-06,11.16,11.16,10.9,10.85,20780278.0,43370464.0
2014-01-03,11.37,11.37,11.16,11.06,36041044.0,76800936.0
2014-01-02,11.47,11.63,11.37,11.27,30013672.0,65270244.0
2013-12-31,11.37,11.58,11.53,11.37,9278401.0,20318880.0
2013-12-30,11.47,11.53,11.42,11.42,6968502.0,15229711.0
2013-12-27,11.32,11.47,11.42,11.27,12667768.0,27523472.0
2013-12-26,11.42,11.42,11.27,11.21,13215384.0,28503202.0
2013-12-25,11.37,11.42,11.37,11.32,11887220.0,25756350.0
2013-12-24,11.42,11.47,11.37,11.27,20995480.0,45568672.0
2013-12-23,11.53,11.58,11.42,11.21,21993818.0,47754320.0
2013-12-20,11.74,11.79,11.53,11.48,16193497.0,35838704.0
2013-12-19,11.79,11.84,11.74,11.69,9793176.0,21979032.0
2013-12-18,11.79,11.84,11.74,11.69,12774820.0,28617736.0
2013-12-17,11.79,11.84,11.74,11.69,11771934.0,26429412.0
2013-12-16,12.0,12.0,11.74,11.74,27149764.0,61333596.0
2013-12-13,12.0,12.1,11.95,11.89,27624076.0,63317264.0
2013-12-12,12.1,12.21,12.1,11.95,26476074.0,61066740.0
2013-12-11,12.37,12.42,12.16,12.1,23636500.0,55293368.0
2013-12-10,12.47,12.58,12.47,12.31,25862336.0,61462984.0
2013-12-09,12.63,12.68,12.52,12.47,17964136.0,43175664.0
2013-12-06,12.52,12.68,12.58,12.47,24861644.0,59662748.0
2013-12-05,12.58,12.68,12.58,12.47,15157157.0,36338376.0
2013-12-04,12.37,12.63,12.58,12.31,32869964.0,78599776.0
2013-12-03,12.16,12.47,12.37,12.16,26956880.0,63595056.0
2013-12-02,12.26,12.47,12.21,12.1,24828952.0,58157928.0
2013-11-29,12.42,12.47,12.42,12.31,11291888.0,26687984.0
2013-11-28,12.26,12.68,12.47,12.21,47279544.0,112620456.0
2013-11-27,12.16,12.26,12.26,12.1,18044284.0,41995952.0
2013-11-26,12.21,12.26,12.16,12.1,10853191.0,25276176.0
2013-11-25,12.21,12.31,12.21,12.16,8389590.0,19598028.0
2013-11-22,12.31,12.31,12.26,12.1,12460933.0,29047244.0
2013-11-21,12.26,12.31,12.26,12.16,13834034.0,32285620.0
2013-11-20,12.21,12.31,12.31,12.16,11948218.0,27872132.0
2013-11-19,12.31,12.31,12.26,12.16,10233356.0,23872760.0
2013-11-18,12.1,12.37,12.31,12.0,19011652.0,44165476.0
2013-11-15,11.95,12.16,12.05,11.89,12580332.0,28958788.0
2013-11-14,11.95,12.0,11.95,11.84,6752253.0,15366290.0
2013-11-13,12.05,12.1,11.95,11.89,8664292.0,19800624.0
2013-11-12,12.05,12.16,12.1,12.05,6455777.0,14895065.0
2013-11-11,12.05,12.16,12.05,12.0,7341163.0,16920764.0
2013-11-08,12.16,12.26,12.1,12.0,8643227.0,20015380.0
2013-11-07,12.31,12.37,12.21,12.16,7676977.0,17924648.0
2013-11-06,12.31,12.47,12.31,12.21,15367806.0,36157176.0
2013-11-05,12.31,12.37,12.37,12.21,8846679.0,20745852.0
2013-11-04,12.21,12.52,12.37,12.21,15303804.0,36120984.0
2013-11-01,12.16,12.21,12.21,12.1,7049896.0,16363154.0
2013-10-31,12.1,12.16,12.1,12.0,9519106.0,21937508.0
2013-10-30,11.95,12.21,12.16,11.89,15895533.0,36597796.0
2013-10-29,12.05,12.21,12.0,11.84,19464944.0,44733784.0
2013-10-28,12.16,12.21,12.16,12.05,7330079.0,16950016.0
2013-10-25,12.37,12.42,12.16,12.1,11818360.0,27659612.0
2013-10-24,12.37,12.42,12.31,12.26,11222513.0,26419578.0
2013-10-23,12.58,12.63,12.42,12.42,12615943.0,30097264.0
2013-10-22,12.63,12.63,12.52,12.47,11101997.0,26561940.0
2013-10-21,12.47,12.68,12.68,12.42,15582107.0,37253248.0
2013-10-18,12.58,12.63,12.52,12.47,10890709.0,26080468.0
2013-10-17,12.58,12.73,12.58,12.52,13286820.0,31943908.0
2013-10-16,12.73,12.79,12.52,12.52,15423833.0,37167380.0
2013-10-15,12.79,12.84,12.73,12.68,10675625.0,25984604.0
2013-10-14,12.73,12.89,12.84,12.63,17460922.0,42581888.0
2013-10-11,12.58,12.79,12.73,12.52,19613860.0,47511896.0
2013-10-10,12.63,12.63,12.52,12.47,12592354.0,30091734.0
2013-10-09,12.58,12.68,12.63,12.52,10357825.0,24879462.0
2013-10-08,12.58,12.68,12.63,12.47,9911690.0,23792044.0
2013-09-30,12.63,12.68,12.58,12.52,6742871.0,16169592.0
2013-09-27,12.47,12.58,12.58,12.42,9990201.0,23856768.0
2013-09-26,12.73,13.05,12.52,12.42,20052052.0,48665620.0
2013-09-25,12.63,12.68,12.58,12.52,12062034.0,28992404.0
2013-09-24,12.89,12.94,12.68,12.42,21294300.0,51470856.0
2013-09-23,12.84,12.99,12.94,12.79,10966206.0,27004176.0
2013-09-18,12.73,12.84,12.84,12.68,11192269.0,27230628.0
2013-09-17,12.84,12.94,12.79,12.73,15184844.0,37129176.0
2013-09-16,13.1,13.21,12.89,12.84,21390060.0,53221332.0
2013-09-13,13.41,13.47,13.1,13.05,24867544.0,62622508.0
2013-09-12,13.47,13.47,13.36,13.26,32787882.0,83536008.0
2013-09-11,13.05,14.04,13.52,13.05,75478672.0,195464528.0
2013-09-10,12.79,13.15,13.05,12.73,37911356.0,93755032.0
2013-09-09,12.58,12.84,12.73,12.58,27946872.0,67831760.0
2013-09-06,12.47,12.68,12.58,12.37,20558872.0,49167492.0
2013-09-05,12.68,12.73,12.52,12.42,30956370.0,74178440.0
2013-09-04,12.47,13.31,12.89,12.42,65175376.0,158851744.0
2013-09-03,12.37,12.47,12.47,12.31,24976592.0,59095040.0
2013-09-02,12.31,12.47,12.37,12.26,17264104.0,40677072.0
2013-08-30,12.21,12.42,12.31,12.16,24530484.0,57668280.0
2013-08-29,12.37,12.37,12.26,12.16,12362818.0,28889772.0
2013-08-28,12.16,12.47,12.31,12.05,22818280.0,53360796.0
2013-08-27,12.21,12.26,12.21,12.1,13010649.0,30211466.0
2013-08-26,12.0,12.21,12.21,11.89,11957689.0,27566540.0
2013-08-23,12.05,12.05,12.0,11.79,12728872.0,29035884.0
2013-08-22,12.1,12.16,12.0,11.95,11518598.0,26437724.0
2013-08-21,12.16,12.21,12.1,12.05,7366426.0,17048156.0
2013-08-20,12.16,12.26,12.16,12.05,10692163.0,24809148.0
2013-08-19,12.16,12.31,12.21,12.05,13681450.0,31761112.0
2013-08-16,12.21,12.52,12.21,12.05,25962700.0,60721800.0
2013-08-15,12.31,12.42,12.16,12.1,15622234.0,36638640.0
2013-08-14,12.47,12.47,12.31,12.21,18510674.0,43675968.0
2013-08-13,12.31,12.58,12.42,12.21,24323886.0,57618628.0
2013-08-12,12.1,12.31,12.26,12.0,20538120.0,47704068.0
2013-08-09,12.05,12.1,12.0,11.95,11035114.0,25323524.0
2013-08-08,12.05,12.1,12.05,12.0,8386622.0,19261180.0
2013-08-07,12.05,12.16,12.0,12.0,11082134.0,25544716.0
2013-08-06,12.1,12.16,12.1,11.95,9611263.0,22133960.0
2013-08-05,12.0,12.1,12.1,11.89,10715845.0,24607736.0
2013-08-02,12.0,12.05,11.95,11.95,8604789.0,19689956.0
2013-08-01,11.79,12.0,11.95,11.79,9794025.0,22254704.0
2013-07-31,11.79,11.95,11.74,11.69,7213783.0,16254739.0
2013-07-30,11.63,11.95,11.84,11.63,9571274.0,21594844.0
2013-07-29,12.0,12.0,11.69,11.63,9593285.0,21504088.0
2013-07-26,12.05,12.1,11.95,11.89,8627596.0,19740590.0
2013-07-25,12.05,12.26,12.1,12.0,18007430.0,41780432.0
2013-07-24,12.1,12.16,12.05,12.0,9649463.0,22221440.0
2013-07-23,12.05,12.26,12.21,11.95,12204488.0,28290802.0
2013-07-22,11.95,12.1,12.05,11.79,12303587.0,28128768.0
2013-07-19,12.16,12.26,12.0,11.95,12795987.0,29629888.0
2013-07-18,12.26,12.26,12.16,12.05,10968407.0,25437840.0
2013-07-17,12.16,12.37,12.26,12.1,16351207.0,38255148.0
2013-07-16,12.05,12.21,12.21,12.0,13074917.0,30214380.0
2013-07-15,12.1,12.31,12.1,12.05,19489260.0,45155616.0
2013-07-12,12.31,12.31,12.1,12.05,18313636.0,42578272.0
2013-07-11,11.84,12.37,12.31,11.84,31149160.0,72250080.0
2013-07-10,11.53,11.84,11.84,11.48,13500307.0,30141834.0
2013-07-09,11.48,11.63,11.53,11.37,8631044.0,18965696.0
2013-07-08,11.79,11.79,11.48,11.48,15816774.0,34990684.0
2013-07-05,12.0,12.16,11.95,11.79,23170966.0,52784336.0
2013-07-04,11.84,12.26,12.0,11.74,27106728.0,61846788.0
2013-07-03,11.79,12.58,11.95,11.74,35163468.0,80357240.0
2013-07-02,11.69,11.79,11.63,11.48,24015336.0,53199568.0
2013-07-01,11.69,11.74,11.69,11.53,11783108.0,26137048.0
2013-06-28,11.69,11.84,11.74,11.63,16264199.0,36419392.0
2013-06-27,11.74,11.95,11.63,11.63,25236636.0,56883112.0
2013-06-26,12.1,12.1,11.79,11.63,20001556.0,45062772.0
2013-06-25,12.31,12.37,12.1,11.27,30268408.0,68655720.0
2013-06-24,12.58,12.99,12.47,12.31,33750812.0,81646296.0
2013-06-21,12.42,12.63,12.58,12.31,11978013.0,28616208.0
2013-06-20,12.68,12.73,12.47,12.42,11426798.0,27465838.0
2013-06-19,12.52,12.84,12.73,12.37,20010198.0,48329388.0
2013-06-18,12.58,12.63,12.52,12.37,13295713.0,31723292.0
2013-06-17,12.73,12.73,12.52,12.47,16115662.0,38835140.0
2013-06-14,12.79,12.89,12.73,12.68,11746347.0,28708024.0
2013-06-13,13.2,13.2,12.79,12.68,17262590.0,42417468.0
2013-06-07,13.36,13.57,13.25,13.15,13450251.0,34457128.0
2013-06-06,13.46,13.46,13.36,13.36,6901675.0,17748196.0
2013-06-05,13.52,13.57,13.46,13.46,5764229.0,14922988.0
2013-06-04,13.78,13.83,13.52,13.46,9935055.0,25919044.0
2013-06-03,13.83,13.88,13.83,13.78,8899684.0,23553604.0
2013-05-31,13.88,14.04,13.83,13.78,10259869.0,27319496.0
2013-05-30,13.93,13.98,13.88,13.78,9080880.0,24108004.0
2013-05-29,13.93,14.04,13.98,13.88,12850896.0,34412204.0
2013-05-28,13.78,13.93,13.93,13.78,14080860.0,37347832.0
2013-05-27,13.83,13.93,13.83,13.72,13596261.0,36067304.0
2013-05-24,13.83,13.93,13.88,13.67,14330283.0,37969820.0
2013-05-23,13.67,13.98,13.83,13.57,35459712.0,94220424.0
2013-05-22,13.52,13.72,13.67,13.46,19138156.0,49944752.0
2013-05-21,13.46,13.52,13.52,13.41,9362561.0,24174316.0
2013-05-20,13.46,13.57,13.52,13.41,11994100.0,31036784.0
2013-05-17,13.2,13.57,13.46,13.2,19245228.0,49278080.0
2013-05-16,13.1,13.25,13.2,12.99,10130461.0,25538548.0
2013-05-15,13.2,13.31,13.15,13.04,12061780.0,30408820.0
2013-05-14,13.31,13.36,13.2,13.15,9420755.0,23906352.0
2013-05-13,13.41,13.46,13.31,13.31,7887251.0,20205768.0
2013-05-10,13.36,13.46,13.41,13.25,9198053.0,23500390.0
2013-05-09,13.46,13.46,13.36,13.31,12452588.0,31970278.0
2013-05-08,13.46,13.52,13.46,13.41,9634567.0,24858662.0
2013-05-07,13.41,13.52,13.41,13.36,11368926.0,29202838.0
2013-05-06,13.52,13.57,13.46,13.41,10183575.0,26393338.0
2013-05-03,13.2,13.52,13.46,13.2,16830266.0,43237876.0
2013-05-02,13.36,13.41,13.2,13.1,12310835.0,31311130.0
2013-04-26,13.57,13.62,13.46,13.31,11046234.0,28376680.0
2013-04-25,13.52,13.62,13.52,13.31,10783281.0,27870920.0
2013-04-24,13.46,13.62,13.52,13.36,11978828.0,30967820.0
2013-04-23,13.78,13.78,13.41,13.36,12573230.0,32542360.0
2013-04-22,13.83,13.93,13.78,13.72,15018021.0,39762168.0
2013-04-19,13.57,13.83,13.78,13.52,13815823.0,36257952.0
2013-04-18,13.62,13.72,13.52,13.52,6744363.0,17551092.0
2013-04-17,13.72,13.72,13.67,13.52,7312971.0,19055824.0
2013-04-16,13.83,13.88,13.72,13.41,13215040.0,34475092.0
2013-04-15,13.93,14.19,13.78,13.78,7931622.0,21148740.0
2013-04-12,14.04,14.09,13.88,13.78,9120074.0,24333056.0
2013-04-11,14.3,14.3,13.98,13.98,9279944.0,25119552.0
2013-04-10,14.14,14.3,14.25,14.09,7658146.0,20806540.0
2013-04-09,14.19,14.35,14.19,14.09,9177229.0,25021604.0
2013-04-08,14.19,14.19,14.19,14.09,11110223.0,30105742.0
2013-04-03,14.45,14.51,14.35,14.35,5842960.0,16134222.0
2013-04-02,14.35,14.45,14.4,14.25,7110683.0,19545164.0
2013-04-01,14.25,14.4,14.3,14.25,7688466.0,21079200.0
2013-03-29,14.4,14.45,14.4,14.3,6624504.0,18244296.0
2013-03-28,14.61,14.61,14.3,14.25,15731606.0,43429392.0
2013-03-27,14.71,14.87,14.61,14.61,8062544.0,22751456.0
2013-03-26,15.03,15.03,14.77,14.66,11531139.0,32723416.0
2013-03-25,14.92,15.13,15.08,14.87,26001072.0,74716296.0
2013-03-22,14.71,14.77,14.61,14.51,8742938.0,24463936.0
2013-03-21,14.61,14.82,14.71,14.56,11208353.0,31600374.0
2013-03-20,14.45,14.66,14.56,14.25,11697592.0,32505952.0
2013-03-19,14.45,14.45,14.45,14.35,9109722.0,25147156.0
2013-03-18,14.4,14.56,14.35,14.35,6583144.0,18189328.0
2013-03-15,14.56,14.71,14.45,14.35,10770172.0,29945370.0
2013-03-14,14.35,14.51,14.51,14.3,7328322.0,20278500.0
2013-03-13,14.66,14.77,14.51,14.45,9389153.0,26210012.0
2013-03-12,14.82,14.98,14.71,14.61,10805454.0,30544004.0
2013-03-11,14.98,14.98,14.82,14.77,9633636.0,27433308.0
2013-03-08,15.08,15.19,15.03,14.98,8003651.0,23132864.0
2013-03-07,15.55,15.55,15.13,15.03,16978898.0,49463028.0
2013-03-06,15.34,15.39,15.24,15.13,16782732.0,48887304.0
2013-03-05,15.5,16.12,15.34,15.19,40160272.0,119484424.0
2013-03-04,15.34,15.34,14.98,14.77,24484852.0,70512944.0
2013-03-01,14.98,15.39,15.34,14.66,26100434.0,75053232.0
2013-02-28,14.87,15.08,14.98,14.66,21166648.0,60333920.0
2013-02-27,14.19,15.13,15.03,14.14,22257066.0,62043532.0
2013-02-26,14.56,14.61,14.19,14.09,17764684.0,48930528.0
2013-02-25,14.51,14.66,14.56,14.51,10204963.0,28521356.0
2013-02-22,14.77,14.77,14.56,14.51,14586576.0,40838732.0
2013-02-21,15.19,15.24,14.71,14.66,22013704.0,62714676.0
2013-02-20,15.24,15.29,15.29,15.19,12415752.0,36295288.0
2013-02-19,15.45,15.5,15.24,15.13,15239594.0,44768396.0
2013-02-18,15.6,15.65,15.39,15.34,16693490.0,49433628.0
2013-02-08,15.5,15.65,15.55,15.45,15397052.0,45989828.0
2013-02-07,15.55,15.6,15.5,15.45,14939292.0,44436852.0
2013-02-06,15.71,15.71,15.55,15.55,13493557.0,40339316.0
2013-02-05,15.6,15.76,15.71,15.55,19715236.0,59244808.0
2013-02-04,15.5,15.65,15.65,15.45,19596636.0,58408564.0
2013-02-01,15.55,15.55,15.5,15.39,12307169.0,36545956.0
2013-01-31,15.65,15.65,15.6,15.34,18148108.0,53911264.0
2013-01-30,15.71,15.71,15.6,15.45,16174092.0,48232204.0
2013-01-29,15.71,15.76,15.55,15.5,16768663.0,50044752.0
2013-01-28,15.55,15.81,15.71,15.45,27507416.0,82266728.0
2013-01-25,15.03,15.81,15.55,14.98,41519264.0,122820664.0
2013-01-24,15.24,15.34,15.03,14.92,20648224.0,60086540.0
2013-01-23,15.24,15.39,15.24,15.08,16780134.0,48963840.0
2013-01-22,15.24,15.55,15.13,15.13,23501028.0,68563000.0
2013-01-21,15.34,15.45,15.24,15.19,19299844.0,56488292.0
2013-01-18,15.19,15.39,15.34,15.13,19543468.0,57114936.0
2013-01-17,15.13,15.39,15.13,14.98,22195100.0,64715304.0
2013-01-16,15.19,15.39,15.13,14.87,20957776.0,60759988.0
2013-01-15,14.77,16.18,15.19,14.77,43868136.0,128907832.0
2013-01-14,14.45,14.87,14.77,14.35,28370724.0,79576976.0
2013-01-11,14.77,14.82,14.45,14.4,26520358.0,74085240.0
2013-01-10,14.66,14.87,14.71,14.61,22361012.0,63185468.0
2013-01-09,14.56,14.66,14.66,14.51,15937385.0,44557184.0
2013-01-08,14.66,14.71,14.61,14.45,17108572.0,47807600.0
2013-01-07,14.71,14.82,14.66,14.56,23936842.0,67194224.0
2013-01-04,14.77,15.03,14.77,14.66,55054632.0,156777440.0
2012-12-31,14.35,14.56,14.45,14.25,40822484.0,112959328.0
2012-12-28,14.45,14.45,14.35,14.25,24649972.0,67783528.0
2012-12-27,14.19,14.66,14.45,14.14,54406652.0,150732112.0
2012-12-26,14.19,14.35,14.25,14.14,18054806.0,49181796.0
2012-12-25,14.04,14.3,14.25,13.88,26580070.0,72156016.0
2012-12-24,13.98,14.09,14.04,13.98,8371517.0,22516212.0
2012-12-21,14.14,14.19,13.98,13.93,21685936.0,58497688.0
2012-12-20,14.19,14.25,14.14,14.04,18943176.0,51285392.0
2012-12-19,14.3,14.4,14.25,14.19,16060142.0,43906732.0
2012-12-18,14.4,14.4,14.3,14.19,25043048.0,68557664.0
2012-12-17,14.3,14.56,14.35,14.19,36626020.0,101160136.0
2012-12-14,13.88,14.3,14.3,13.83,44989728.0,122428376.0
2012-12-13,13.93,13.98,13.88,13.83,13404912.0,35730228.0
2012-12-12,13.98,14.09,13.93,13.88,15900370.0,42530876.0
2012-12-11,14.09,14.14,13.93,13.93,20780036.0,55823256.0
2012-12-10,14.09,14.25,14.14,13.93,31990452.0,86348648.0
2012-12-07,14.3,14.3,14.19,13.98,37610916.0,101714064.0
2012-12-06,14.09,14.4,14.25,14.04,38626304.0,105312136.0
2012-12-05,14.14,14.3,14.25,13.88,49457892.0,133898416.0
2012-12-04,13.83,14.25,14.14,13.83,38224576.0,103124680.0
2012-12-03,13.83,14.25,14.04,13.62,48414336.0,128958352.0
2012-11-30,13.83,14.14,13.83,13.67,60802684.0,161705664.0
2012-11-29,12.84,13.57,13.36,12.84,46733552.0,118661944.0
2012-11-28,13.04,13.2,12.84,12.63,33055728.0,81487600.0
2012-11-27,13.1,13.93,13.36,12.89,75849432.0,195076704.0
2012-10-29,12.84,12.84,12.68,12.63,10572205.0,25781452.0
2012-10-26,13.2,13.25,12.79,12.73,25896960.0,64160552.0
2012-10-25,13.04,13.72,13.31,12.99,52497628.0,134883168.0
2012-10-24,12.84,13.1,13.05,12.84,14084372.0,35080804.0
2012-10-23,12.89,12.94,12.84,12.84,7973668.0,19710584.0
2012-10-22,12.89,12.94,12.89,12.73,6563586.0,16156329.0
2012-10-19,12.94,13.04,12.89,12.84,8932656.0,22206732.0
2012-10-18,12.79,13.04,12.94,12.79,15794885.0,39201468.0
2012-10-17,12.79,12.89,12.79,12.73,6574749.0,16138049.0
2012-10-16,12.84,12.89,12.79,12.73,7200318.0,17665612.0
2012-10-15,12.99,12.99,12.79,12.73,6122106.0,15025302.0
2012-10-12,12.99,13.1,12.99,12.89,8371293.0,20822060.0
2012-10-11,13.1,13.1,12.94,12.89,13509473.0,33580984.0
2012-10-10,12.79,13.31,13.15,12.73,28095692.0,70637312.0
2012-10-09,12.58,12.84,12.84,12.52,16854488.0,41191512.0
2012-10-08,12.73,12.73,12.52,12.47,9365500.0,22587876.0
2012-09-28,12.47,12.68,12.63,12.42,11906156.0,28604992.0
2012-09-27,12.26,12.68,12.52,12.26,11298321.0,27033008.0
2012-09-26,12.42,12.42,12.26,12.26,5922493.0,14005362.0
2012-09-25,12.47,12.47,12.42,12.37,7373427.0,17529606.0
2012-09-24,12.52,12.52,12.42,12.37,8207057.0,19552222.0
2012-09-21,12.42,12.63,12.47,12.37,10326052.0,24715516.0
2012-09-20,12.52,12.58,12.47,12.42,12481613.0,29917732.0
2012-09-19,12.52,12.58,12.58,12.47,6888293.0,16537617.0
2012-09-18,12.79,12.79,12.52,12.31,10295903.0,24906512.0
2012-09-17,13.04,13.1,12.84,12.79,9743390.0,24174196.0
2012-09-14,13.05,13.15,13.05,12.99,11380814.0,28502624.0
2012-09-13,13.05,13.2,13.05,12.94,11849719.0,29678368.0
2012-09-12,13.1,13.15,13.1,12.94,7686111.0,19209802.0
2012-09-11,13.05,13.1,13.05,12.89,10427519.0,25991998.0
2012-09-10,13.15,13.2,13.1,13.04,12893443.0,32406532.0
2012-09-07,12.68,13.31,13.15,12.63,30426564.0,76003600.0
2012-09-06,12.52,12.63,12.63,12.47,6644836.0,15957907.0
2012-09-05,12.73,12.73,12.52,12.42,12208196.0,29336208.0
2012-09-04,12.99,13.04,12.73,12.68,10309557.0,25424506.0
2012-09-03,13.1,13.15,13.05,12.94,11129728.0,27807460.0
2012-08-31,13.1,13.15,13.15,13.04,5801588.0,14571436.0
2012-08-30,13.1,13.25,13.1,13.04,8519184.0,21461448.0
2012-08-29,13.2,13.31,13.1,13.1,10277203.0,25897340.0
2012-08-28,13.31,13.57,13.31,13.31,17631240.0,45263016.0
2012-08-27,13.25,13.31,12.99,12.99,11881740.0,29877932.0
2012-08-24,13.46,13.52,13.25,13.25,7821884.0,20021454.0
2012-08-23,13.46,13.57,13.46,13.41,5812241.0,14997921.0
2012-08-22,13.57,13.57,13.46,13.46,7702150.0,19915918.0
2012-08-21,13.52,13.62,13.57,13.41,10685141.0,27677196.0
2012-08-20,13.46,13.57,13.46,13.41,5391215.0,13914631.0
2012-08-17,13.46,13.57,13.52,13.46,6024307.0,15600486.0
2012-08-16,13.46,13.57,13.52,13.46,4685458.0,12111329.0
2012-08-15,13.57,13.67,13.46,13.41,10438112.0,27059400.0
2012-08-14,13.67,13.67,13.62,13.57,8609178.0,22467040.0
2012-08-13,13.72,13.72,13.62,13.57,8847717.0,23148106.0
2012-08-10,13.78,13.78,13.72,13.67,7040120.0,18499642.0
2012-08-09,13.67,13.78,13.78,13.67,7634352.0,20058280.0
2012-08-08,13.78,13.83,13.72,13.67,7674236.0,20184964.0
2012-08-07,13.78,13.88,13.78,13.67,13842779.0,36540968.0
2012-08-06,13.72,13.88,13.78,13.62,11710496.0,30880264.0
2012-08-03,13.67,13.78,13.78,13.57,7054102.0,18450984.0
2012-08-02,13.62,14.04,13.67,13.57,11648508.0,30748988.0
2012-08-01,13.52,13.67,13.57,13.52,6992786.0,18230720.0
2012-07-31,13.57,13.62,13.52,13.52,9932344.0,25827410.0
2012-07-30,13.57,13.67,13.62,13.52,8761718.0,22808088.0
2012-07-27,13.57,13.67,13.57,13.57,7770566.0,20290434.0
2012-07-26,13.41,13.72,13.62,13.41,12026244.0,31350544.0
2012-07-25,13.52,13.57,13.41,13.41,5983991.0,15461499.0
2012-07-24,13.41,13.62,13.52,13.41,7821878.0,20293554.0
2012-07-23,13.57,13.57,13.41,13.36,8416815.0,21685416.0
2012-07-20,13.57,13.67,13.62,13.52,9420883.0,24541184.0
2012-07-19,13.67,13.72,13.57,13.57,8718540.0,22772148.0
2012-07-18,13.52,13.67,13.62,13.46,9336151.0,24278992.0
2012-07-17,13.46,13.52,13.46,13.41,7114624.0,18386276.0
2012-07-16,13.62,13.67,13.52,13.31,16924182.0,43791440.0
2012-07-13,13.67,13.67,13.62,13.57,6527225.0,17032888.0
2012-07-12,13.62,13.67,13.62,13.52,16303904.0,42487364.0
2012-07-11,13.57,13.72,13.62,13.57,9207024.0,24080248.0
2012-07-10,13.57,13.67,13.62,13.52,9218826.0,24010486.0
2012-07-09,13.78,13.78,13.57,13.57,10040275.0,26314792.0
2012-07-06,13.78,13.88,13.83,13.62,11281427.0,29714658.0
2012-07-05,13.83,13.83,13.72,13.67,11269780.0,29680284.0
2012-07-04,13.88,13.93,13.88,13.78,7719859.0,20471072.0
2012-07-03,13.93,13.98,13.83,13.78,14190264.0,37743412.0
2012-07-02,14.09,14.14,13.88,13.83,15790358.0,42080964.0
2012-06-29,14.04,14.09,14.04,13.88,12553049.0,33617236.0
2012-06-28,13.93,14.04,13.98,13.93,8401938.0,22498348.0
2012-06-27,14.09,14.19,13.93,13.93,8048615.0,21666264.0
2012-06-26,14.19,14.19,14.14,13.98,9700895.0,26196180.0
2012-06-25,14.45,14.51,14.25,14.19,11695763.0,32145200.0
2012-06-21,14.4,14.45,14.25,14.14,12322409.0,34368808.0
2012-06-20,14.5,14.5,14.4,14.35,10945300.0,30843008.0
2012-06-19,14.45,14.5,14.45,14.4,6063828.0,17064784.0
2012-06-18,14.45,14.5,14.45,14.4,11251690.0,31739080.0
2012-06-14,14.4,14.45,14.35,14.35,8509085.0,23895018.0
2012-06-13,14.35,14.45,14.4,14.25,9744333.0,27316640.0
2012-06-12,14.4,14.45,14.35,14.3,8308123.0,23268872.0
2012-06-11,14.35,14.55,14.45,14.3,10263205.0,28898300.0
2012-06-08,14.35,14.45,14.35,14.25,10186446.0,28456432.0
2012-06-07,14.45,14.55,14.3,14.25,13311766.0,37332760.0
2012-06-06,14.45,14.55,14.4,14.4,7596786.0,21404348.0
2012-06-05,14.4,14.6,14.4,14.35,10988637.0,31001332.0
2012-06-04,14.5,14.5,14.35,14.35,17567914.0,49481792.0
2012-06-01,14.76,14.86,14.66,14.6,10257533.0,29502972.0
2012-05-31,14.81,14.86,14.76,14.71,12755202.0,36774584.0
2012-05-30,15.01,15.01,14.86,14.86,14058204.0,40895160.0
2012-05-29,15.01,15.12,15.07,14.86,33570512.0,97971360.0
2012-05-28,14.71,15.01,14.96,14.71,43158476.0,125490408.0
2012-05-25,14.55,14.86,14.66,14.5,29371268.0,83956312.0
2012-05-24,14.5,14.6,14.55,14.45,10513093.0,29791652.0
2012-05-23,14.55,14.6,14.5,14.45,13370250.0,37905584.0
2012-05-22,14.55,14.6,14.6,14.45,14968281.0,42396988.0
2012-05-21,14.55,14.55,14.5,14.4,17387404.0,49130040.0
2012-05-17,14.45,14.6,14.55,14.35,12933104.0,36574100.0
2012-05-16,14.45,14.5,14.4,14.4,13499776.0,38032248.0
2012-05-15,14.55,14.6,14.5,14.4,22017364.0,62204420.0
2012-05-14,14.81,14.81,14.6,14.55,20227724.0,57938340.0
2012-05-11,14.81,14.86,14.71,14.66,14104837.0,40618204.0
2012-05-10,14.76,14.96,14.86,14.71,18449956.0,53414828.0
2012-05-09,15.01,15.07,14.76,14.71,27876488.0,80610080.0
2012-05-08,15.12,15.17,15.12,14.96,25514144.0,74858872.0
2012-05-07,15.22,15.22,15.12,15.07,17490000.0,51583196.0
2012-05-04,15.17,15.27,15.27,15.12,21880838.0,65009372.0
2012-05-03,15.22,15.27,15.17,15.12,14433012.0,42774536.0
2012-05-02,15.12,15.27,15.17,15.07,27281526.0,80793240.0
2012-04-27,14.96,15.12,15.01,14.86,17423588.0,50969484.0
2012-04-26,15.07,15.07,14.91,14.86,19307800.0,56342000.0
2012-04-25,14.91,15.12,15.07,14.81,24961304.0,72933872.0
2012-04-24,14.96,15.17,14.96,14.76,26387068.0,76912824.0
2012-04-23,15.22,15.22,15.07,15.07,16869812.0,49796924.0
2012-04-20,15.12,15.27,15.22,15.01,18111598.0,53663696.0
2012-04-19,15.17,15.22,15.12,15.07,15048137.0,44427764.0
2012-04-18,15.07,15.22,15.22,14.86,31121866.0,91398880.0
2012-04-17,14.96,15.32,15.07,14.86,31243924.0,91992976.0
2012-04-16,14.91,15.01,14.96,14.81,16636093.0,48376548.0
2012-04-13,14.86,15.01,14.96,14.86,17813450.0,51960800.0
2012-04-12,14.71,14.96,14.91,14.71,19709086.0,57014744.0
2012-04-11,14.71,14.86,14.76,14.66,18107072.0,51954444.0
2012-04-10,14.71,14.86,14.81,14.55,14075865.0,40307216.0
2012-04-09,14.81,14.91,14.71,14.66,13847870.0,39918712.0
2012-04-06,14.76,14.86,14.86,14.71,15076822.0,43489888.0
2012-04-05,14.6,14.86,14.81,14.55,20603352.0,59061760.0
2012-03-30,14.66,14.66,14.66,14.5,11126981.0,31672222.0
2012-03-29,14.55,14.76,14.55,14.5,19205112.0,54716376.0
2012-03-28,15.22,15.27,14.66,14.6,25949458.0,75414232.0
2012-03-27,15.27,15.32,15.27,15.17,11894228.0,35400640.0
2012-03-26,15.32,15.37,15.22,15.17,10596665.0,31586104.0
2012-03-23,15.37,15.42,15.27,15.22,16440949.0,49197472.0
2012-03-22,15.47,15.53,15.42,15.37,15508977.0,46680572.0
2012-03-21,15.53,15.58,15.48,15.37,21932224.0,66165024.0
2012-03-20,15.48,15.68,15.48,15.37,28367004.0,85916360.0
2012-03-19,15.58,15.58,15.53,15.37,20850938.0,62923284.0
2012-03-16,15.53,15.63,15.58,15.37,22138164.0,66994532.0
2012-03-15,15.78,15.88,15.48,15.48,31549190.0,96090400.0
2012-03-14,16.24,16.55,15.78,15.63,65687496.0,207345568.0
2012-03-13,16.04,16.24,16.19,15.99,17529920.0,55150072.0
2012-03-12,16.3,16.3,16.04,15.99,22060084.0,69241696.0
2012-03-09,16.14,16.24,16.24,16.09,13066292.0,41231568.0
2012-03-08,16.09,16.24,16.14,16.09,16255637.0,51259952.0
2012-03-07,16.09,16.3,16.09,15.99,18060888.0,56744744.0
2012-03-06,16.3,16.4,16.14,16.09,20500444.0,64904788.0
2012-03-05,16.6,16.65,16.4,16.35,22059994.0,70868712.0
2012-03-02,16.35,16.55,16.55,16.3,17398524.0,55933224.0
2012-03-01,16.19,16.4,16.35,16.19,15626534.0,49811848.0
2012-02-29,16.55,16.7,16.35,16.24,31717740.0,102313672.0
2012-02-28,16.5,16.76,16.65,16.35,49373808.0,159171424.0
2012-02-27,16.4,16.65,16.5,16.4,63408080.0,204698496.0
2012-02-24,16.19,16.35,16.35,15.99,39575524.0,125122064.0
2012-02-23,15.99,16.4,16.14,15.94,43648696.0,137775504.0
2012-02-22,15.78,16.04,16.04,15.68,35797820.0,111183200.0
2012-02-21,15.83,15.88,15.83,15.63,12186931.0,37448660.0
2012-02-20,15.94,15.99,15.78,15.78,16420242.0,50843320.0
2012-02-17,15.83,15.94,15.78,15.73,10895487.0,33624976.0
2012-02-16,15.83,15.94,15.78,15.68,19265844.0,59471968.0
2012-02-15,15.63,15.94,15.88,15.58,20852720.0,64428828.0
2012-02-14,15.78,15.83,15.63,15.63,11105589.0,34009976.0
2012-02-13,15.68,15.94,15.83,15.58,25857736.0,79435736.0
2012-02-10,15.63,16.04,15.83,15.58,37708480.0,116733800.0
2012-02-09,15.68,15.78,15.63,15.63,20964080.0,64150008.0
2012-02-08,15.42,15.78,15.68,15.32,14631034.0,44490080.0
2012-02-07,15.53,15.58,15.42,15.32,12356178.0,37194268.0
2012-02-06,15.73,15.73,15.58,15.48,12642135.0,38466364.0
2012-02-03,15.58,15.73,15.68,15.42,15964605.0,48597228.0
2012-02-02,15.37,15.63,15.63,15.32,10577093.0,31922828.0
2012-02-01,15.42,15.58,15.32,15.27,10126991.0,30406156.0
2012-01-31,15.63,15.68,15.42,15.27,15661069.0,47200172.0
2012-01-30,15.94,15.99,15.63,15.63,13654333.0,42023764.0
2012-01-20,15.88,15.99,15.94,15.78,14512542.0,44969904.0
2012-01-19,15.73,16.04,15.78,15.63,17556320.0,54318280.0
2012-01-18,16.04,16.09,15.63,15.63,21786066.0,67442448.0
2012-01-17,15.17,15.94,15.88,15.12,27160780.0,82746544.0
2012-01-16,15.12,15.27,15.17,15.07,9646915.0,28590172.0
2012-01-13,15.53,15.58,15.27,15.12,14792712.0,44223992.0
2012-01-12,15.58,15.73,15.53,15.42,15295513.0,46393744.0
2012-01-11,15.63,15.83,15.63,15.47,26130904.0,79854288.0
2012-01-10,15.07,15.68,15.63,14.96,36149548.0,108256248.0
2012-01-09,14.76,15.07,15.07,14.6,20533440.0,59571092.0
2012-01-06,14.5,14.76,14.76,14.5,14088009.0,40205548.0
2012-01-05,14.6,14.76,14.5,14.5,15046543.0,42941320.0
2012-01-04,14.86,14.96,14.6,14.6,10957752.0,31670008.0
