date,open,high,close,low,volume,amount
2015-07-10,185.15,201.68,201.14,181.78,721365376.0,8007223808.0
2015-07-09,166.67,183.37,183.37,159.56,411074496.0,4062423040.0
2015-07-08,168.8,183.55,166.67,165.25,507265632.0,4926265856.0
2015-07-07,178.93,187.82,183.55,174.31,491244448.0,5065645568.0
2015-07-06,183.73,183.73,181.6,175.02,517166016.0,5199752704.0
2015-07-03,179.64,184.09,167.03,164.54,284549312.0,2780766464.0
2015-07-02,191.55,193.86,181.6,173.42,334445184.0,3461308672.0
2015-07-01,199.01,204.87,189.41,187.64,313761664.0,3514885120.0
2015-06-30,187.82,203.28,202.92,179.47,418507616.0,4553908736.0
2015-06-29,195.46,199.9,188.17,169.16,548888448.0,5848218112.0
2015-06-26,202.39,206.12,187.99,187.99,290298816.0,3199622144.0
2015-06-25,212.34,219.62,208.78,206.3,284533824.0,3422329344.0
2015-06-24,211.63,212.69,212.34,206.3,270243840.0,3189187328.0
2015-06-23,205.41,210.56,209.32,192.79,254136608.0,2925467136.0
2015-06-19,214.82,220.33,204.7,203.99,220625632.0,2663729152.0
2015-06-18,222.47,228.15,217.49,217.31,255615600.0,3218779648.0
2015-06-17,221.04,225.84,223.53,213.4,259964080.0,3216461568.0
2015-06-16,224.78,229.93,220.69,218.2,284613632.0,3604380416.0
2015-06-15,236.15,237.92,226.91,226.02,354283776.0,4609034752.0
2015-06-12,235.62,237.92,235.79,234.19,326249504.0,4331696128.0
2015-06-11,237.21,238.63,234.73,232.06,258305584.0,3407997440.0
2015-06-10,235.67,240.91,236.72,229.73,361490816.0,4913794048.0
2015-06-09,242.84,244.06,235.67,233.75,388425920.0,5284556800.0
2015-06-08,235.67,242.66,240.91,232.52,610434816.0,8297662976.0
2015-06-05,226.4,235.84,234.45,223.78,567481152.0,7439793152.0
2015-06-04,222.91,226.4,223.08,208.4,336994880.0,4246832640.0
2015-06-03,222.56,224.31,222.91,216.26,307194592.0,3878680576.0
2015-06-02,221.68,223.43,222.38,218.19,294351936.0,3720538624.0
2015-06-01,212.42,221.33,221.16,207.35,314239520.0,3885490688.0
2015-05-29,215.74,219.41,211.19,202.98,308418560.0,3732047872.0
2015-05-28,236.37,240.74,215.74,215.04,427950656.0,5640536064.0
2015-05-27,241.62,241.62,235.67,235.5,367777760.0,4993269248.0
2015-05-26,240.39,244.41,242.31,234.27,532274848.0,7301980672.0
2015-05-25,232.35,240.04,239.17,230.95,436927040.0,5910728704.0
2015-05-22,227.28,232.7,232.0,225.01,397627904.0,5231261184.0
2015-05-21,223.78,228.15,225.88,218.19,292383040.0,3731282432.0
2015-05-20,227.63,229.9,224.13,222.38,294363488.0,3806189312.0
2015-05-19,218.01,226.58,225.18,217.14,278354368.0,3556152832.0
2015-05-18,222.91,222.91,216.96,216.79,296713536.0,3708557824.0
2015-05-15,237.94,238.29,224.48,223.96,421784992.0,5514570240.0
2015-05-14,243.89,248.61,238.99,238.12,373055552.0,5162129920.0
2015-05-13,242.14,255.08,249.66,234.1,578129280.0,7993892864.0
2015-05-12,246.51,246.51,243.71,239.69,457395584.0,6338675200.0
2015-05-11,249.66,250.01,248.08,244.41,613398656.0,8674616320.0
2015-05-08,244.06,249.48,243.54,235.15,320076160.0,4427761152.0
2015-05-07,236.02,244.59,242.49,230.43,337282656.0,4650317312.0
2015-05-06,236.89,243.54,238.64,233.4,370521632.0,5047413248.0
2015-05-05,254.73,254.73,235.5,231.65,400373024.0,5549749760.0
2015-05-04,258.05,258.75,253.15,248.78,483980864.0,7036384256.0
2015-04-30,248.08,268.54,261.72,243.19,620491712.0,9084719104.0
2015-04-29,235.15,247.56,244.76,233.22,393179648.0,5427304960.0
2015-04-28,245.46,245.46,239.34,234.45,388358720.0,5326473216.0
2015-04-27,236.54,246.51,245.46,234.62,541613632.0,7484131840.0
2015-04-24,235.5,237.59,232.0,228.15,369718560.0,4924210688.0
2015-04-23,245.64,247.21,241.79,236.02,417904896.0,5762340864.0
2015-04-22,241.79,250.18,245.81,239.69,433222112.0,6057587200.0
2015-04-21,233.92,242.84,242.14,229.73,373926432.0,5040193536.0
2015-04-20,244.59,256.82,237.42,232.52,594052992.0,8312244224.0
2015-04-17,237.77,246.34,241.96,230.78,626930816.0,8533764608.0
2015-04-16,217.49,236.02,235.5,215.74,476641408.0,6161746432.0
2015-04-15,222.03,226.23,218.54,216.09,363148416.0,4589890560.0
2015-04-14,226.41,230.08,224.48,220.46,392186272.0,5044529664.0
2015-04-13,223.08,231.65,227.28,219.59,537055424.0,6937492480.0
2015-04-10,218.89,226.75,222.56,216.44,558440128.0,7078158336.0
2015-04-09,206.3,227.63,227.63,202.8,890513728.0,10920682496.0
2015-04-08,201.75,207.17,207.0,195.11,641171840.0,7392005632.0
2015-04-07,198.08,201.4,201.05,194.59,460348672.0,5201367040.0
2015-04-03,192.84,196.51,195.81,192.14,298567264.0,3314822912.0
2015-04-02,199.48,201.23,195.98,192.31,412268960.0,4634501632.0
2015-04-01,200.88,202.98,199.31,195.63,466790944.0,5291112448.0
2015-03-31,215.04,221.86,200.88,199.66,943346240.0,11462517760.0
2015-03-30,190.74,207.17,207.17,187.24,795793280.0,8994374656.0
2015-03-27,187.24,189.87,188.29,182.0,475582688.0,5076944384.0
2015-03-26,175.7,181.65,181.3,173.78,262345920.0,2680984064.0
2015-03-25,181.12,181.12,177.28,175.7,311230656.0,3168945920.0
2015-03-24,188.29,188.29,182.35,178.5,387884480.0,4048040704.0
2015-03-23,188.82,193.19,188.29,187.07,401712704.0,4360416768.0
2015-03-20,180.95,188.82,184.62,178.33,453353632.0,4751722496.0
2015-03-19,182.52,182.52,179.38,177.45,254378400.0,2608747008.0
2015-03-18,174.66,182.17,182.0,174.48,401994496.0,4117433344.0
2015-03-17,173.26,176.4,173.26,170.81,333758176.0,3315151616.0
2015-03-16,167.84,170.98,169.94,166.96,209326752.0,2022623104.0
2015-03-13,166.09,168.19,165.91,164.34,178012304.0,1691089280.0
2015-03-12,162.24,167.14,165.56,160.67,240308320.0,2258929920.0
2015-03-11,161.37,163.99,160.49,159.44,143112304.0,1323025920.0
2015-03-10,164.34,164.34,161.54,160.67,167933312.0,1554183040.0
2015-03-09,160.84,167.84,166.26,155.95,290350656.0,2686782208.0
2015-03-06,163.12,165.39,161.54,160.84,159680496.0,1488641408.0
2015-03-05,165.91,166.09,162.59,160.84,220433536.0,2053221376.0
2015-03-04,167.84,171.51,167.49,164.87,236640240.0,2264374016.0
2015-03-03,176.23,176.4,168.54,166.79,386484128.0,3775213312.0
2015-03-02,183.22,185.67,178.5,175.7,369333888.0,3810129664.0
2015-02-27,177.45,181.65,178.15,176.23,137195808.0,1402342144.0
2015-02-26,169.94,179.2,178.85,168.89,198365712.0,1989244416.0
2015-02-25,175.7,175.88,170.28,169.59,132383272.0,1296525696.0
2015-02-17,174.66,179.03,176.4,174.48,112595280.0,1136699904.0
2015-02-16,174.48,175.7,174.13,171.33,147514192.0,1464530688.0
2015-02-13,170.98,180.95,176.75,169.76,208661984.0,2092652160.0
2015-02-12,170.46,172.73,170.46,168.01,92229784.0,897984320.0
2015-02-11,172.21,174.13,171.86,169.94,111070928.0,1093034752.0
2015-02-10,164.34,171.51,170.28,162.77,148964544.0,1441470592.0
2015-02-09,161.72,166.96,164.87,159.27,176677664.0,1646591744.0
2015-02-06,171.33,173.43,165.91,164.34,249353968.0,2395542528.0
2015-02-05,186.54,186.54,175.18,174.66,377919136.0,3916687872.0
2015-02-04,178.85,180.95,175.53,173.61,188549776.0,1915438080.0
2015-02-03,181.47,183.05,177.45,168.01,329844928.0,3278339840.0
2015-02-02,175.0,186.89,178.15,173.08,228771840.0,2362475520.0
2015-01-30,180.25,189.69,183.22,178.15,265125648.0,2788273664.0
2015-01-29,177.45,183.57,179.9,175.7,150437392.0,1549414656.0
2015-01-28,186.19,186.19,180.42,179.2,225041040.0,2336749312.0
2015-01-27,197.38,198.26,187.77,179.72,312207040.0,3355184384.0
2015-01-26,199.31,199.31,196.86,193.19,176688928.0,1982891392.0
2015-01-23,195.81,205.43,199.83,190.74,381815904.0,4307453440.0
2015-01-22,192.31,202.45,196.68,191.09,288700736.0,3252331008.0
2015-01-21,178.85,197.21,192.31,175.53,382447232.0,4111878400.0
2015-01-20,178.5,183.05,180.07,174.48,350672608.0,3598677760.0
2015-01-19,174.83,188.82,174.13,174.13,354511328.0,3621466368.0
2015-01-16,195.63,198.61,193.54,187.94,299567808.0,3327371776.0
2015-01-15,182.17,197.21,196.68,181.82,350287072.0,3787179520.0
2015-01-14,180.07,183.92,182.17,178.15,177863664.0,1842219264.0
2015-01-13,178.5,184.44,179.55,177.1,225553840.0,2330119168.0
2015-01-12,183.75,185.32,181.12,176.23,273050080.0,2820571648.0
2015-01-09,188.82,199.31,186.72,183.22,432643424.0,4713174528.0
2015-01-08,199.48,199.48,190.04,186.89,326304992.0,3567899392.0
2015-01-07,197.21,204.2,199.48,194.94,294224416.0,3349153280.0
2015-01-06,204.55,207.17,199.48,192.84,384752544.0,4414567936.0
2015-01-05,203.68,208.05,208.05,197.56,575853952.0,6729454592.0
2014-12-31,169.24,189.16,189.16,168.88,388404704.0,3973585664.0
2014-12-30,168.71,180.07,172.03,164.86,588949888.0,5795336704.0
2014-12-29,157.35,166.79,166.79,154.9,617361472.0,5774751232.0
2014-12-26,144.76,153.32,151.58,144.23,268953216.0,2299678976.0
2014-12-25,142.14,145.28,144.58,139.86,162445232.0,1326968192.0
2014-12-24,147.21,148.43,141.09,138.99,216699568.0,1764522880.0
2014-12-23,148.25,156.3,148.43,139.86,312366784.0,2706519296.0
2014-12-22,146.16,155.25,149.3,143.36,300327008.0,2586011136.0
2014-12-19,147.03,149.3,146.16,139.86,212975440.0,1758061440.0
2014-12-18,151.58,156.12,146.86,146.16,297141152.0,2552208128.0
2014-12-17,143.36,150.53,148.43,141.09,409299168.0,3420193536.0
2014-12-16,138.12,144.23,144.06,135.14,282023808.0,2256719872.0
2014-12-15,143.36,143.71,139.34,134.79,269588832.0,2133772928.0
2014-12-12,151.05,152.63,145.81,144.23,248515264.0,2102231808.0
2014-12-11,148.6,157.7,151.75,147.38,331469440.0,2911025152.0
2014-12-10,143.53,153.5,152.1,140.21,384628416.0,3239040000.0
2014-12-09,146.86,162.59,143.36,137.42,605061504.0,5242632704.0
2014-12-08,133.75,148.43,148.43,131.12,500007904.0,4059288064.0
2014-12-05,140.04,144.23,134.97,131.12,413221344.0,3251672064.0
2014-12-04,131.3,140.04,138.99,128.5,378366528.0,2937367808.0
2014-12-03,128.5,138.47,132.35,128.5,512709216.0,3932742912.0
2014-12-02,121.68,129.2,125.88,119.93,393577472.0,2792928256.0
2014-12-01,126.75,127.97,122.38,121.33,389523552.0,2779549440.0
2014-11-28,118.19,127.63,125.88,116.44,484274624.0,3384073216.0
2014-11-27,116.61,118.88,118.53,114.69,338374688.0,2265923328.0
2014-11-26,114.69,118.01,116.79,112.42,343860448.0,2285246720.0
2014-11-25,115.21,116.61,114.69,113.11,449801216.0,2953473024.0
2014-11-24,109.27,113.11,113.11,108.05,656975360.0,4178396672.0
2014-11-21,100.7,102.97,102.8,99.48,157383872.0,910568000.0
2014-11-20,100.35,101.4,100.88,99.83,91689616.0,528092256.0
2014-11-19,101.23,101.75,100.88,100.0,109170752.0,629226176.0
2014-11-18,103.32,103.67,101.05,100.53,181952608.0,1055929472.0
2014-11-17,108.39,109.27,103.85,103.67,157268672.0,952640832.0
2014-11-14,106.3,107.52,107.0,104.72,146113248.0,887256832.0
2014-11-13,108.74,110.14,106.82,106.65,156187280.0,964728640.0
2014-11-12,106.65,110.49,108.39,106.12,227508736.0,1408548992.0
2014-11-11,105.95,108.92,107.17,104.9,307680064.0,1881064832.0
2014-11-10,103.32,105.77,105.07,101.75,239673440.0,1428805888.0
2014-11-07,101.58,104.37,101.75,100.0,171504912.0,1003070912.0
2014-11-06,101.23,103.67,101.75,101.05,128843968.0,753771456.0
2014-11-05,102.28,102.8,100.88,100.35,92434424.0,536117248.0
2014-11-04,100.53,102.8,102.28,99.65,174440352.0,1015201344.0
2014-11-03,101.4,103.15,100.7,100.35,172452672.0,1003314112.0
2014-10-31,98.25,101.05,100.88,98.25,194614560.0,1113109376.0
2014-10-30,99.13,99.13,98.25,96.86,92546816.0,518771168.0
2014-10-29,97.2,100.0,98.95,96.33,119357312.0,671591104.0
2014-10-28,94.41,97.2,97.03,94.23,92208752.0,505951680.0
2014-10-27,96.34,96.34,93.88,92.83,106506664.0,571272832.0
2014-10-24,96.51,97.21,96.69,96.16,38398008.0,212025808.0
2014-10-23,97.74,98.09,96.51,96.34,61351060.0,340030080.0
2014-10-22,98.09,98.61,97.74,97.56,43055216.0,241106928.0
2014-10-21,98.61,98.79,97.91,97.56,80989792.0,453312704.0
2014-10-20,99.14,99.49,98.96,97.91,82107496.0,462092576.0
2014-10-17,99.66,100.36,99.14,98.09,86057424.0,486586304.0
2014-10-16,100.36,101.59,99.66,99.49,85102856.0,487767072.0
2014-10-15,101.94,102.12,101.77,99.84,108469184.0,624237952.0
2014-10-14,103.34,103.52,101.94,101.59,112815728.0,658964672.0
2014-10-13,102.47,104.74,103.34,101.94,183267536.0,1081900928.0
2014-10-10,99.66,102.99,102.29,99.31,276688320.0,1607853568.0
2014-10-09,100.36,101.24,99.84,99.49,147857744.0,845269504.0
2014-10-08,100.72,101.06,100.01,98.79,240552992.0,1371155712.0
2014-09-30,97.21,97.56,97.21,96.51,61844440.0,342716960.0
2014-09-29,97.56,97.91,97.39,96.86,77528728.0,430726176.0
2014-09-26,98.09,98.09,97.39,96.69,125777208.0,698127104.0
2014-09-25,99.14,99.66,98.61,98.09,104807584.0,590633472.0
2014-09-24,97.56,99.14,98.96,96.86,145714912.0,816836608.0
2014-09-23,97.56,98.96,97.91,97.21,121830248.0,681717888.0
2014-09-22,97.56,98.09,96.69,95.99,119583504.0,661443456.0
2014-09-19,97.56,98.09,97.91,96.86,72240408.0,402508544.0
2014-09-18,98.26,98.44,97.56,97.04,99637264.0,555196800.0
2014-09-17,98.09,98.96,98.61,97.21,98457024.0,551331392.0
2014-09-16,98.79,99.49,97.74,97.39,136205984.0,767252544.0
2014-09-15,99.14,99.49,98.61,97.74,143688608.0,807882368.0
2014-09-12,99.14,99.84,99.84,98.61,69362176.0,392808128.0
2014-09-11,99.66,100.72,99.31,99.14,108219008.0,616188160.0
2014-09-10,101.06,101.06,100.01,98.96,168298976.0,955440832.0
2014-09-09,103.87,104.92,101.59,101.06,125908872.0,736342336.0
2014-09-05,104.04,104.57,103.69,102.99,78722040.0,465658688.0
2014-09-04,104.22,104.92,103.52,102.99,128678736.0,763369344.0
2014-09-03,100.72,102.99,102.47,100.54,153292288.0,894437888.0
2014-09-02,100.01,100.72,100.72,98.79,107710128.0,613711040.0
2014-09-01,99.31,100.01,99.66,98.61,56776456.0,322049120.0
2014-08-29,98.96,100.01,99.31,98.44,43399432.0,245939248.0
2014-08-28,99.84,100.01,98.79,97.74,57172024.0,321775776.0
2014-08-27,99.66,100.19,99.66,98.61,52331496.0,297368352.0
2014-08-26,98.61,100.54,99.84,98.09,96074048.0,546611712.0
2014-08-25,99.14,99.31,98.61,97.39,65228584.0,366048768.0
2014-08-22,98.44,99.49,99.14,98.26,72496920.0,409917216.0
2014-08-21,98.26,99.31,99.14,97.04,109431464.0,612949888.0
2014-08-20,98.96,98.96,98.26,97.39,129110400.0,722579840.0
2014-08-19,100.36,100.72,99.31,97.56,160794592.0,910155520.0
2014-08-18,101.24,101.94,100.89,100.19,92246824.0,531205856.0
2014-08-15,100.01,102.12,101.59,99.66,100823928.0,581651904.0
2014-08-14,101.06,101.59,99.84,99.66,84413192.0,484860416.0
2014-08-13,101.77,102.12,101.24,100.19,95811808.0,552663744.0
2014-08-12,101.59,102.47,101.77,100.72,110830576.0,643225408.0
2014-08-11,100.54,102.12,101.59,100.01,119445256.0,692018880.0
2014-08-08,102.64,103.34,100.54,99.49,211946240.0,1217697024.0
2014-08-07,102.82,105.27,102.99,102.12,132467496.0,783155520.0
2014-08-06,103.87,103.87,103.34,101.42,134034384.0,782610560.0
2014-08-05,105.97,105.97,104.39,102.99,120148352.0,716586624.0
2014-08-04,104.04,106.67,106.14,101.77,204293744.0,1217625472.0
2014-08-01,104.22,105.44,103.17,101.94,161201232.0,954372992.0
2014-07-31,102.82,105.44,105.27,101.42,191300208.0,1129443328.0
2014-07-30,108.42,108.6,103.17,102.47,307436768.0,1831670272.0
2014-07-29,109.47,110.7,109.12,106.5,186450128.0,1149647744.0
2014-07-28,107.9,112.1,109.82,106.14,187217040.0,1164591232.0
2014-07-25,109.12,109.3,108.6,106.14,138650432.0,852247232.0
2014-07-24,102.47,109.47,109.12,102.47,380941632.0,2297214976.0
2014-07-23,100.89,103.87,101.42,100.89,176360176.0,1030868288.0
2014-07-22,100.01,103.34,101.42,99.14,177022128.0,1030511680.0
2014-07-21,97.39,101.06,100.01,96.86,160577536.0,915620096.0
2014-07-18,93.53,101.06,97.39,93.01,265628336.0,1491012096.0
2014-07-17,93.36,94.58,93.53,92.48,64237424.0,342467584.0
2014-07-16,90.73,95.28,93.71,90.38,166367168.0,887001536.0
2014-07-15,91.78,93.36,91.26,89.5,130093744.0,678296832.0
2014-07-14,91.61,93.01,92.31,91.26,77837168.0,411082144.0
2014-07-11,89.5,93.18,91.61,89.33,171674352.0,902179840.0
2014-07-10,88.28,89.86,89.33,88.28,50627336.0,258155136.0
2014-07-09,90.03,90.2,88.45,88.28,53253568.0,271101600.0
2014-07-07,88.28,91.78,90.21,88.1,118462680.0,611132288.0
2014-07-04,86.53,88.63,88.1,86.18,92126392.0,461272416.0
2014-07-03,86.53,87.4,86.53,86.0,48770292.0,241539040.0
2014-07-02,86.7,87.05,86.7,86.0,31054756.0,153469888.0
2014-07-01,87.23,87.4,86.7,86.0,33476172.0,165513440.0
2014-06-30,86.0,87.75,86.88,85.83,49169640.0,244608912.0
2014-06-27,86.0,86.7,86.18,85.65,32222116.0,158454608.0
2014-06-26,85.83,86.7,86.0,85.3,40363120.0,198569600.0
2014-06-25,86.7,86.7,85.65,84.78,58750228.0,286889760.0
2014-06-24,86.35,86.88,86.88,86.18,25049280.0,123832160.0
2014-06-23,86.35,87.75,86.18,85.83,54893228.0,271706656.0
2014-06-20,86.18,86.88,86.18,85.48,47132688.0,231709968.0
2014-06-19,86.88,87.05,86.0,85.65,40226148.0,198298048.0
2014-06-18,87.05,87.75,86.7,86.35,52167952.0,259164864.0
2014-06-17,89.33,89.68,86.88,86.7,94088304.0,473391072.0
2014-06-16,90.2,90.91,89.86,88.28,101819296.0,521149728.0
2014-06-13,90.03,91.43,90.2,89.15,67320160.0,346862848.0
2014-06-12,92.31,92.31,90.2,89.33,83650968.0,431410816.0
2014-06-11,91.78,93.18,92.31,91.43,72601848.0,382725120.0
2014-06-10,89.5,93.53,92.31,89.5,196348144.0,1032807040.0
2014-06-09,85.83,91.96,90.03,85.65,146422448.0,750567680.0
2014-06-06,87.05,87.4,86.53,85.3,33843960.0,166786816.0
2014-06-05,84.95,86.7,86.35,84.78,35002344.0,171148016.0
2014-06-04,87.58,87.58,85.13,84.6,64883136.0,316364000.0
2014-06-03,87.58,88.63,87.58,86.88,51552468.0,258169440.0
2014-05-30,89.15,90.03,87.93,86.7,87536456.0,440636320.0
2014-05-29,91.08,91.96,89.33,89.33,80618416.0,416765280.0
2014-05-28,88.8,90.91,90.56,88.28,112626760.0,579244032.0
2014-05-27,87.93,90.03,88.98,87.4,85273120.0,434183456.0
2014-05-26,89.33,89.5,88.1,87.75,60746592.0,306592192.0
2014-05-23,85.13,89.15,88.8,84.95,144688240.0,725177472.0
2014-05-22,84.6,88.8,85.13,84.6,51662624.0,255355056.0
2014-05-21,83.4,85.19,84.63,82.61,36304192.0,272543968.0
2014-05-20,83.73,84.07,83.62,82.95,22818684.0,169602336.0
2014-05-19,84.18,84.18,83.28,82.05,25874810.0,191296784.0
2014-05-16,83.06,85.53,84.07,83.06,50415584.0,378861696.0
2014-05-15,83.28,84.18,82.72,82.5,29231502.0,216857792.0
2014-05-14,84.74,86.65,84.41,84.18,85599688.0,651328384.0
2014-05-13,80.7,83.17,83.06,80.59,78653504.0,578435584.0
2014-05-12,80.03,81.6,80.7,78.91,49969284.0,358200192.0
2014-05-09,80.59,80.7,79.69,78.91,36686424.0,260224000.0
2014-05-08,80.82,82.39,80.7,80.25,47580120.0,344760672.0
2014-05-07,81.49,82.05,80.7,80.59,49277712.0,356268000.0
2014-05-06,82.5,83.73,81.71,81.27,50241932.0,369758560.0
2014-05-05,84.74,84.97,82.84,82.16,58802232.0,434505184.0
2014-04-30,83.85,85.87,85.75,83.85,28594160.0,217012320.0
2014-04-29,84.74,85.31,84.41,83.28,34466284.0,258031968.0
2014-04-28,87.21,88.22,84.74,84.41,64146940.0,493682208.0
2014-04-25,89.57,89.68,87.33,86.99,62216740.0,487894784.0
2014-04-24,86.32,89.8,88.56,85.98,99167080.0,783134272.0
2014-04-23,85.42,86.99,86.2,85.31,47033792.0,361389632.0
2014-04-22,84.74,86.31,86.09,83.85,58201464.0,440922784.0
2014-04-21,85.75,86.77,84.86,84.74,42983532.0,328227680.0
2014-04-18,86.43,87.33,86.65,85.64,40395040.0,311119040.0
2014-04-17,88.45,88.67,86.77,86.32,60397392.0,467744800.0
2014-04-16,87.1,88.67,88.11,86.99,53278232.0,417426720.0
2014-04-15,89.91,90.02,87.44,86.99,93165928.0,729478784.0
2014-04-14,89.68,90.81,90.58,89.46,42461488.0,340895200.0
2014-04-11,90.13,90.24,89.91,89.12,57374308.0,458502880.0
2014-04-10,91.48,92.04,91.03,88.67,143790704.0,1155088640.0
2014-04-09,93.39,93.72,92.38,92.04,66642392.0,550402240.0
2014-04-08,91.59,94.28,93.95,91.03,100992488.0,835137984.0
2014-04-04,91.37,91.7,91.59,90.47,56997860.0,462800864.0
2014-04-03,92.71,93.5,91.03,90.36,116069168.0,950972928.0
2014-04-02,87.21,93.16,92.49,87.21,237405104.0,1933298176.0
2014-04-01,87.1,87.44,86.43,85.64,97722848.0,754069504.0
2014-03-31,86.99,87.66,85.42,83.62,89155440.0,675658496.0
2014-03-28,82.95,87.1,86.54,82.84,172536144.0,1321778816.0
2014-03-27,82.61,85.87,83.17,81.94,99138576.0,741790784.0
2014-03-26,84.74,84.97,83.28,81.71,71255944.0,526361600.0
2014-03-25,83.4,86.2,84.07,82.84,162210288.0,1226517248.0
2014-03-24,82.39,84.74,83.62,80.93,183361808.0,1353678976.0
2014-03-21,75.77,81.27,80.82,75.09,218048384.0,1534710528.0
2014-03-20,76.44,79.02,75.65,75.54,87103752.0,599714176.0
2014-03-19,76.44,76.55,75.99,74.98,58638336.0,394559776.0
2014-03-18,79.47,79.47,77.22,76.89,73330224.0,507103488.0
2014-03-17,78.8,81.27,79.47,78.01,62722372.0,445907264.0
2014-03-14,79.02,80.7,78.46,78.01,48531736.0,341818848.0
2014-03-13,79.13,81.04,79.81,78.35,85986896.0,610889664.0
2014-03-12,76.33,81.26,79.24,75.88,138145584.0,978415680.0
2014-03-11,73.63,78.23,77.11,73.3,120398056.0,817968896.0
2014-03-10,76.66,76.66,73.86,73.52,63491040.0,423946176.0
2014-03-07,77.9,79.36,77.56,76.78,87941880.0,610810432.0
2014-03-06,74.42,80.59,78.68,73.74,158523120.0,1094124544.0
2014-03-05,75.88,75.88,74.64,74.53,42483452.0,283673952.0
2014-03-04,75.77,77.0,76.1,74.75,86541632.0,582977408.0
2014-03-03,75.2,75.32,74.64,73.3,88079032.0,581119552.0
2014-02-28,75.09,75.99,75.77,74.42,55486608.0,371974560.0
2014-02-27,76.33,76.78,74.98,74.64,50856768.0,341836224.0
2014-02-26,75.2,75.99,75.77,74.64,61665904.0,413493312.0
2014-02-25,75.88,76.66,74.87,74.53,77240736.0,519783552.0
2014-02-24,81.38,81.38,75.99,75.77,151517872.0,1039221632.0
2014-02-21,84.41,85.08,83.06,82.84,54461516.0,406763584.0
2014-02-20,85.42,86.65,84.74,84.52,64824296.0,492770496.0
2014-02-19,84.3,85.98,85.53,83.96,97278912.0,736371712.0
2014-02-18,86.32,86.32,84.52,84.41,80145200.0,607718592.0
2014-02-17,87.55,88.0,86.32,85.53,100034144.0,767868800.0
2014-02-14,88.11,88.11,87.44,86.54,51216668.0,397600224.0
2014-02-13,89.46,89.46,88.11,87.44,74596248.0,586100288.0
2014-02-12,90.24,90.81,89.91,89.46,39480644.0,316562336.0
2014-02-11,89.46,91.25,90.24,88.45,55080156.0,441523008.0
2014-02-10,88.56,90.02,89.68,88.34,45045780.0,358109056.0
2014-02-07,86.65,88.11,88.0,85.31,30517540.0,235193856.0
2014-01-30,88.78,89.01,87.21,86.54,27399608.0,213454272.0
2014-01-29,90.58,90.81,89.12,88.67,34675552.0,275898880.0
2014-01-28,90.81,91.59,90.24,89.46,29001864.0,233365024.0
2014-01-27,90.92,91.48,90.24,89.23,50544304.0,407022208.0
2014-01-24,88.67,94.51,91.81,88.34,90084256.0,739933760.0
2014-01-23,90.47,91.37,89.12,88.45,61624652.0,492006176.0
2014-01-22,85.31,91.81,90.81,84.97,112607384.0,893397760.0
2014-01-21,83.85,85.87,84.63,83.73,29716952.0,224615488.0
2014-01-20,83.28,83.96,83.51,82.5,23196874.0,172486560.0
2014-01-17,84.3,84.41,83.62,82.84,30345388.0,225853920.0
2014-01-16,84.07,85.64,84.52,83.06,32384726.0,243526576.0
2014-01-15,84.52,84.97,84.18,83.06,41128216.0,306878368.0
2014-01-14,83.96,85.19,85.08,83.17,71864488.0,538664832.0
2014-01-13,85.98,86.31,84.41,82.84,44587308.0,334166720.0
2014-01-10,85.64,86.65,85.98,85.31,32736464.0,250937856.0
2014-01-09,85.31,87.33,85.98,84.97,56261464.0,431666560.0
2014-01-08,85.31,86.43,84.3,83.62,50442084.0,380203264.0
2014-01-07,85.64,86.43,85.08,84.74,40229836.0,306523168.0
2014-01-06,90.69,90.69,85.87,85.53,76409224.0,590489216.0
2014-01-03,91.25,92.04,91.03,90.36,25517580.0,206922496.0
2014-01-02,91.93,92.71,91.81,91.25,32159156.0,263137008.0
2013-12-31,89.35,92.94,92.6,88.56,54940896.0,447570592.0
2013-12-30,92.04,92.15,90.13,89.57,51507296.0,415618624.0
2013-12-27,89.46,92.6,91.59,89.35,49110008.0,398993856.0
2013-12-26,91.03,91.14,89.46,89.23,49211776.0,395213344.0
2013-12-25,89.91,91.14,91.14,88.9,36546768.0,292895328.0
2013-12-24,89.8,92.04,89.8,89.12,50403408.0,406357248.0
2013-12-23,90.69,90.81,89.68,89.01,40154744.0,321523136.0
2013-12-20,94.28,94.51,90.69,90.36,81962960.0,672278592.0
2013-12-19,96.64,96.87,94.28,94.17,49339456.0,418556384.0
2013-12-18,96.53,96.75,96.42,95.63,36480772.0,312706272.0
2013-12-17,97.76,98.1,96.42,96.08,44056272.0,381874656.0
2013-12-16,98.89,99.11,97.76,97.54,34008268.0,297176768.0
2013-12-13,96.75,98.89,98.33,96.75,26273948.0,229468112.0
2013-12-12,98.33,98.89,97.65,97.43,28790124.0,251766528.0
2013-12-11,99.45,100.68,98.66,97.99,43700876.0,386260032.0
2013-12-10,100.12,100.68,100.46,99.22,34822216.0,310536224.0
2013-12-09,101.58,102.14,99.67,99.45,32961684.0,294228640.0
2013-12-06,101.02,102.25,101.02,100.8,25094762.0,226549968.0
2013-12-05,101.24,102.81,101.58,100.57,39402992.0,357738016.0
2013-12-04,99.56,102.37,101.02,99.11,60895036.0,549212224.0
2013-12-03,98.66,99.9,99.9,97.99,33719280.0,297492480.0
2013-12-02,98.89,99.9,98.77,97.88,46551032.0,409684224.0
2013-11-29,100.12,101.24,99.9,99.67,33580576.0,300079424.0
2013-11-28,98.33,101.47,100.35,98.21,63036584.0,562981248.0
2013-11-27,97.88,98.89,98.44,96.53,48840784.0,425862688.0
2013-11-26,99.22,99.56,98.1,97.54,37439860.0,328508064.0
2013-11-25,98.55,100.12,99.34,97.31,48014668.0,423543872.0
2013-11-22,100.8,100.91,99.22,99.0,47305728.0,420112992.0
2013-11-21,102.81,102.81,100.57,99.67,62731292.0,561839808.0
2013-11-20,104.95,105.28,103.71,103.04,31571182.0,291990656.0
2013-11-19,104.39,105.06,104.16,103.04,54923732.0,508553408.0
2013-11-18,102.93,105.17,105.06,101.13,75299064.0,695368192.0
2013-11-15,100.12,103.38,102.59,99.34,52332760.0,475616832.0
2013-11-14,101.92,102.37,100.01,98.89,36219584.0,322747104.0
2013-11-13,101.81,102.59,101.58,101.02,29253956.0,265089184.0
2013-11-12,100.01,101.81,101.58,99.9,33810456.0,303919488.0
2013-11-11,102.48,102.48,100.46,98.77,38961336.0,347569088.0
2013-11-08,103.83,104.84,102.59,101.36,40129928.0,368045472.0
2013-11-07,103.94,104.95,103.71,102.81,24575220.0,227244512.0
2013-11-06,105.85,106.52,104.5,104.39,31423732.0,294011392.0
2013-11-05,107.19,107.19,106.74,104.84,30453916.0,287260288.0
2013-11-04,108.88,109.89,107.53,107.19,33308748.0,321616512.0
2013-11-01,105.62,109.66,108.88,105.51,55336576.0,534796736.0
2013-10-31,107.98,111.12,106.74,106.52,142788704.0,1389660416.0
2013-10-30,103.04,105.28,104.84,101.36,48574532.0,448795552.0
2013-10-29,103.15,105.51,102.59,101.02,65396700.0,599342848.0
2013-10-28,105.73,106.18,103.15,103.04,48083624.0,446947968.0
2013-10-25,105.4,107.31,105.73,104.84,41451876.0,391169376.0
2013-10-24,106.63,107.87,105.73,104.39,42011148.0,397848736.0
2013-10-23,107.98,110.11,107.64,107.31,46541320.0,449401024.0
2013-10-22,109.21,109.55,107.64,107.19,44190612.0,426020896.0
2013-10-21,109.21,110.11,109.55,107.53,37123772.0,360478208.0
2013-10-18,108.54,109.77,108.99,107.98,27861168.0,270407776.0
2013-10-17,108.65,109.33,108.2,107.64,34062680.0,329402496.0
2013-10-16,110.0,110.78,107.87,107.08,58646296.0,565886336.0
2013-10-15,111.23,111.57,110.45,109.55,53610032.0,527590976.0
2013-10-14,114.26,114.26,111.12,110.34,77260256.0,765905088.0
2013-10-11,114.71,114.94,114.15,113.37,42092188.0,428280960.0
2013-10-10,114.49,114.83,113.81,113.14,40725208.0,413683296.0
2013-10-09,115.61,115.61,114.6,113.48,56888016.0,579433728.0
2013-10-08,110.78,116.73,116.51,109.55,96297752.0,976093184.0
2013-09-30,112.24,112.58,110.9,110.11,60030556.0,593038272.0
2013-09-27,114.04,114.38,111.68,111.12,65029232.0,650621440.0
2013-09-26,115.61,116.06,113.93,112.24,87156992.0,883290432.0
2013-09-25,117.86,117.97,115.16,113.59,88387696.0,905640512.0
2013-09-24,119.54,119.76,116.96,115.61,90297168.0,939778880.0
2013-09-23,120.21,121.0,120.66,118.42,39147888.0,417466688.0
2013-09-18,118.98,120.44,119.65,117.74,40840896.0,433307104.0
2013-09-17,123.47,123.47,118.87,118.64,65564304.0,703849536.0
2013-09-16,127.28,127.62,123.47,122.01,85834760.0,944026816.0
2013-09-13,125.38,127.62,126.05,124.03,62030484.0,694752960.0
2013-09-12,127.96,127.96,126.27,123.69,86230488.0,966592768.0
2013-09-11,124.48,127.4,127.28,123.69,122398256.0,1372252416.0
2013-09-10,122.68,124.37,123.24,121.22,83702192.0,913081600.0
2013-09-09,116.96,123.24,121.11,115.72,121003184.0,1293402624.0
2013-09-06,117.86,119.99,116.28,115.28,82868344.0,857246848.0
2013-09-05,119.31,121.34,118.75,117.86,73977088.0,790699712.0
2013-09-04,118.75,120.21,118.64,117.63,44126848.0,467169312.0
2013-09-03,114.6,119.88,119.76,113.25,115787400.0,1203053568.0
2013-09-02,117.63,117.63,114.49,113.03,65229856.0,666922048.0
2013-08-30,118.98,119.2,117.18,116.73,43281092.0,453591264.0
2013-08-29,117.3,119.54,118.75,116.4,40958196.0,429515840.0
2013-08-28,118.75,118.75,117.18,116.4,47439856.0,495936512.0
2013-08-27,121.78,121.9,120.1,118.87,38901848.0,415884480.0
2013-08-26,118.64,121.22,121.0,117.3,53246620.0,567451072.0
2013-08-23,117.86,118.75,118.64,114.6,41917328.0,436244800.0
2013-08-22,118.75,120.55,117.3,116.62,42663608.0,449149184.0
2013-08-21,122.8,122.8,118.53,117.74,60379596.0,641273088.0
2013-08-20,123.58,126.84,121.78,120.66,61984744.0,678543360.0
2013-08-19,122.35,125.49,124.37,121.78,38107432.0,419890656.0
2013-08-16,124.03,137.39,123.81,121.67,96093328.0,1082139776.0
2013-08-15,127.96,128.86,124.93,124.7,26656548.0,299776128.0
2013-08-14,129.31,131.55,127.96,127.28,37943108.0,437981184.0
2013-08-13,128.18,129.87,128.18,126.61,53930472.0,617538304.0
2013-08-12,121.78,128.41,128.18,121.67,67566024.0,760464064.0
2013-08-09,123.69,124.81,122.12,119.99,28485096.0,309956800.0
2013-08-08,125.71,126.05,123.02,122.57,34008056.0,375035552.0
2013-08-07,123.92,127.96,124.25,123.81,107351416.0,1205183232.0
2013-08-06,121.78,122.68,121.45,119.2,53099216.0,571972480.0
2013-08-05,122.23,123.36,123.24,118.98,46604832.0,503245760.0
2013-08-02,122.01,126.28,122.68,121.9,96581448.0,1064203328.0
2013-08-01,114.15,118.75,118.31,114.15,64496404.0,674246400.0
2013-07-31,118.98,120.66,114.38,114.04,105219368.0,1098833280.0
2013-07-30,109.78,114.27,110.78,108.2,51832480.0,513558304.0
2013-07-29,112.13,112.24,108.77,107.08,48323216.0,467485760.0
2013-07-26,112.36,114.83,113.25,111.46,36279260.0,367073856.0
2013-07-25,112.81,115.05,113.14,111.23,45593860.0,460178624.0
2013-07-24,114.38,115.39,112.47,111.23,61698324.0,620871360.0
2013-07-23,112.24,117.3,116.06,111.12,75509936.0,772708992.0
2013-07-22,114.04,114.04,112.02,109.44,76894344.0,762182208.0
2013-07-19,120.66,121.67,114.27,113.25,89574832.0,926035200.0
2013-07-18,123.24,124.59,121.0,120.89,36374296.0,395792672.0
2013-07-17,122.01,127.96,123.58,120.1,64937408.0,716519168.0
2013-07-16,121.9,124.25,123.58,118.19,61797888.0,666200640.0
2013-07-15,122.68,125.94,122.68,121.45,50547128.0,555072192.0
2013-07-12,127.28,129.42,122.46,121.78,76068712.0,848011456.0
2013-07-11,121.0,129.98,127.06,121.0,160057952.0,1786395776.0
2013-07-10,114.71,119.99,119.77,113.82,48713428.0,506494368.0
2013-07-09,116.85,117.74,113.59,112.81,27799108.0,282749312.0
2013-07-08,115.28,119.65,116.85,114.04,63495880.0,663881408.0
2013-07-05,116.17,122.68,116.85,116.17,105270448.0,1117313408.0
2013-07-04,107.19,113.37,111.57,106.86,73867584.0,730855360.0
2013-07-03,110.67,110.67,108.43,104.39,69126992.0,658726016.0
2013-07-02,112.13,112.92,110.78,108.32,52918976.0,519151328.0
2013-07-01,109.33,114.49,112.13,108.65,43514848.0,433271488.0
2013-06-28,106.3,115.16,111.23,106.3,156149456.0,1554871040.0
2013-06-27,105.17,107.53,104.72,103.71,86275200.0,813486016.0
2013-06-26,104.95,106.63,104.5,102.14,75636240.0,702294656.0
2013-06-25,104.72,107.64,104.39,96.42,147402528.0,1353638144.0
2013-06-24,118.75,118.75,106.97,106.97,145760928.0,1443082112.0
2013-06-21,117.86,120.55,118.87,116.51,61674172.0,654297088.0
2013-06-20,121.78,123.69,119.09,118.87,51696104.0,558164672.0
2013-06-19,124.03,124.03,122.8,119.88,47104584.0,510365440.0
2013-06-18,123.58,125.15,124.82,122.01,40244472.0,444240192.0
2013-06-17,124.37,124.7,123.13,119.43,59442424.0,647825600.0
2013-06-14,124.14,125.15,124.25,123.02,52911524.0,584157056.0
2013-06-13,127.17,127.17,123.47,122.12,65614820.0,726961280.0
2013-06-07,132.22,133.68,129.31,127.51,58642420.0,680995904.0
2013-06-06,136.15,136.15,132.0,131.21,61738816.0,730941632.0
2013-06-05,136.71,137.16,136.38,134.36,31231240.0,376931104.0
2013-06-04,138.62,139.86,136.71,136.04,55361160.0,680552064.0
2013-06-03,137.95,140.53,138.62,137.61,31402256.0,388494624.0
2013-05-31,141.24,142.46,137.39,135.74,41776912.0,525024416.0
2013-05-30,140.47,142.68,141.35,139.26,35769048.0,458809856.0
2013-05-29,139.59,143.56,141.02,139.59,82981216.0,1068184256.0
2013-05-28,134.63,139.37,139.26,133.53,59272488.0,736113216.0
2013-05-27,133.75,135.62,134.85,132.54,35545592.0,431564672.0
2013-05-24,136.29,137.17,135.07,132.76,40552476.0,493995488.0
2013-05-23,136.84,139.7,134.96,134.85,60918936.0,760108864.0
2013-05-22,135.18,139.26,136.62,134.96,62393184.0,777494144.0
2013-05-21,134.85,136.18,135.74,133.31,58028112.0,710038976.0
2013-05-20,136.84,139.7,134.96,134.85,85481736.0,1067036608.0
2013-05-17,133.64,137.61,136.4,133.53,85123808.0,1050088896.0
2013-05-16,127.25,133.09,132.98,126.7,62449192.0,741316928.0
2013-05-15,128.02,128.46,127.47,126.15,33745584.0,389090208.0
2013-05-14,130.67,131.22,127.69,126.59,57270264.0,665759616.0
2013-05-13,133.97,134.19,131.66,129.78,32039460.0,383093984.0
2013-05-10,131.99,133.86,133.42,130.89,39765672.0,478887200.0
2013-05-09,133.86,135.84,131.99,131.55,42987140.0,520501472.0
2013-05-08,136.06,138.27,134.74,134.3,41590976.0,513547840.0
2013-05-07,132.32,135.84,134.74,132.21,46861008.0,573650368.0
2013-05-06,132.76,135.07,133.2,131.33,38972272.0,471861344.0
2013-05-03,131.11,135.74,132.65,130.56,62524136.0,759467648.0
2013-05-02,127.25,131.0,130.78,126.15,36734160.0,432691456.0
2013-04-26,128.35,130.01,128.13,127.25,28203452.0,329692064.0
2013-04-25,130.67,130.67,127.58,125.71,61929364.0,716832064.0
2013-04-24,130.01,132.54,131.88,127.8,49972740.0,590310400.0
2013-04-23,135.29,135.29,129.46,128.68,67297552.0,801041088.0
2013-04-22,138.82,140.14,135.84,133.86,61486216.0,759690048.0
2013-04-19,138.38,140.58,139.48,135.74,66243964.0,834523776.0
2013-04-18,136.62,140.36,137.94,136.18,50162532.0,630902464.0
2013-04-17,137.39,140.25,137.94,134.96,71988760.0,899785792.0
2013-04-16,129.12,137.39,137.28,128.9,93060808.0,1129770624.0
2013-04-15,126.92,131.11,129.56,126.37,48366616.0,567706624.0
2013-04-12,127.8,129.46,126.7,126.15,29453054.0,341215296.0
2013-04-11,131.99,132.32,127.91,127.69,36887648.0,433699136.0
2013-04-10,131.33,133.09,130.12,129.01,38764252.0,460941856.0
2013-04-09,127.8,132.1,129.78,127.8,40840424.0,481071200.0
2013-04-08,124.5,128.9,127.69,123.06,54213996.0,621382144.0
2013-04-03,132.87,134.08,130.45,129.34,34024320.0,405289056.0
2013-04-02,130.89,135.74,132.1,130.67,63747300.0,772606208.0
2013-04-01,127.03,133.2,130.23,127.03,55563764.0,658349248.0
2013-03-29,129.68,129.9,126.48,125.38,53342856.0,615999104.0
2013-03-28,130.89,131.66,129.68,125.6,84089904.0,982566400.0
2013-03-27,130.56,134.85,132.87,130.34,51652188.0,622271424.0
2013-03-26,130.23,136.62,131.33,130.23,83427304.0,1009168384.0
2013-03-25,130.12,132.54,131.33,128.68,44606840.0,530216800.0
2013-03-22,127.69,130.12,129.46,125.93,38107116.0,442395392.0
2013-03-21,128.57,129.12,127.69,125.82,43479352.0,504097408.0
2013-03-20,123.39,130.34,128.46,123.39,114861936.0,1334759424.0
2013-03-19,118.44,123.95,123.28,117.56,71745296.0,790091008.0
2013-03-18,117.67,119.98,118.55,115.68,60583928.0,647613376.0
2013-03-15,122.29,123.5,117.34,115.9,114874856.0,1241421440.0
2013-03-14,122.62,123.84,122.29,120.97,43439176.0,483078112.0
2013-03-13,127.25,127.36,122.73,122.29,50699688.0,569881280.0
2013-03-12,126.81,130.12,127.58,125.93,58556996.0,679579392.0
2013-03-11,125.27,127.69,127.47,124.61,54671804.0,630101376.0
2013-03-08,126.48,126.92,125.38,124.61,51644704.0,588765120.0
2013-03-07,124.28,127.25,125.27,122.51,69038544.0,785265792.0
2013-03-06,123.73,126.37,125.05,123.39,100533880.0,1140614656.0
2013-03-05,121.41,124.5,123.95,119.54,170838512.0,1891589376.0
2013-03-04,127.25,128.35,125.27,125.27,164441632.0,1876391680.0
2013-03-01,141.79,142.01,139.15,137.72,55045992.0,696159040.0
2013-02-28,137.17,142.34,141.24,137.17,114137400.0,1456014848.0
2013-02-27,132.21,136.62,136.4,131.33,71625216.0,876175936.0
2013-02-26,132.21,136.06,131.33,131.22,49635176.0,602911232.0
2013-02-25,136.73,137.39,133.75,131.55,63153240.0,766255040.0
2013-02-22,135.4,138.82,136.62,134.85,54772456.0,682466496.0
2013-02-21,135.51,139.81,135.51,133.2,86685152.0,1068799424.0
2013-02-20,134.41,137.28,136.51,133.75,63512784.0,780830016.0
2013-02-19,141.02,141.02,134.63,133.75,96395568.0,1193112064.0
2013-02-18,144.22,144.88,141.79,140.25,65912456.0,847954112.0
2013-02-08,142.57,144.88,143.56,142.24,78835088.0,1026062976.0
2013-02-07,144.99,145.21,143.45,141.02,77019584.0,998873280.0
2013-02-06,147.41,147.63,144.77,143.45,67839952.0,892474560.0
2013-02-05,142.46,149.62,147.85,141.9,101958112.0,1357782144.0
2013-02-04,145.98,146.42,144.66,138.82,139337104.0,1805259136.0
2013-02-01,146.09,146.75,146.2,141.46,123855720.0,1617684480.0
2013-01-31,154.35,154.35,145.65,144.77,132631416.0,1783099008.0
2013-01-30,150.83,155.79,155.24,150.17,102593144.0,1429616256.0
2013-01-29,149.18,155.35,150.72,148.74,100125504.0,1384593024.0
2013-01-28,143.56,149.4,149.29,143.12,77626808.0,1031644672.0
2013-01-25,148.41,149.29,143.23,142.79,81481488.0,1069826112.0
2013-01-24,148.96,154.79,148.51,146.75,84537376.0,1155861888.0
2013-01-23,150.17,153.47,150.39,147.85,51454144.0,702634560.0
2013-01-22,153.91,153.91,150.72,148.74,81502192.0,1117456384.0
2013-01-21,159.53,161.29,153.91,152.15,89498040.0,1264122112.0
2013-01-18,150.61,158.1,157.44,149.29,81385832.0,1138879232.0
2013-01-17,149.4,152.26,149.29,147.96,44775580.0,611229632.0
2013-01-16,154.24,154.35,149.4,147.96,96402512.0,1314552192.0
2013-01-15,155.9,156.23,154.68,152.59,54609264.0,764429824.0
2013-01-14,149.06,156.45,155.34,148.84,77534720.0,1079559936.0
2013-01-11,156.23,156.34,149.06,148.74,63437292.0,871603712.0
2013-01-10,154.24,157.44,156.12,152.7,54202180.0,765453824.0
2013-01-09,152.04,154.46,154.13,149.51,65961780.0,907771072.0
2013-01-08,153.25,154.02,151.82,148.51,57514392.0,787976640.0
2013-01-07,155.79,155.79,153.58,151.05,61086312.0,849291904.0
2013-01-04,152.04,157.0,156.34,150.17,112483696.0,1571652864.0
2012-12-31,145.43,150.06,149.84,144.44,73129480.0,980039488.0
2012-12-28,141.24,145.54,144.99,140.03,63261988.0,821652928.0
2012-12-27,144.44,146.53,142.01,141.57,65074148.0,849482816.0
2012-12-26,141.35,145.43,144.22,141.24,109594440.0,1426870912.0
2012-12-25,134.52,143.89,141.46,134.19,115202640.0,1473463040.0
2012-12-24,133.2,135.74,135.07,132.21,42945172.0,523851136.0
2012-12-21,135.84,138.93,133.53,133.09,66618408.0,822840768.0
2012-12-20,132.54,136.84,135.62,131.0,72586488.0,884600960.0
2012-12-19,132.87,134.41,133.64,129.78,132264640.0,1582554880.0
2012-12-18,137.72,139.04,133.75,132.87,115844448.0,1424109056.0
2012-12-17,141.02,143.89,138.71,136.73,91585432.0,1165569280.0
2012-12-14,137.5,142.68,142.24,135.62,101992904.0,1294901248.0
2012-12-13,135.74,137.83,137.06,134.19,47698176.0,591299008.0
2012-12-12,134.19,136.51,135.4,132.87,41341172.0,505999232.0
2012-12-11,135.51,136.18,133.75,133.2,38005328.0,465339808.0
2012-12-10,134.3,136.95,136.62,130.56,71984152.0,877745728.0
2012-12-07,134.74,137.28,133.97,131.55,62286472.0,756057600.0
2012-12-06,133.97,136.18,135.18,132.76,35469740.0,433964352.0
2012-12-05,129.78,137.61,133.09,129.46,56334256.0,684393728.0
2012-12-04,129.56,131.11,130.56,127.25,36400416.0,427212896.0
2012-12-03,126.48,131.77,129.46,126.48,62164824.0,734775424.0
2012-11-30,122.07,129.78,126.37,122.07,59667872.0,688669632.0
2012-11-29,121.3,123.62,122.29,121.19,21947372.0,244598432.0
2012-11-28,124.5,125.05,121.3,120.64,30909988.0,345022944.0
2012-11-27,124.72,127.47,125.71,124.17,19055048.0,217206368.0
2012-11-26,126.59,127.14,125.93,123.95,18191020.0,206818448.0
2012-11-23,126.26,128.46,126.59,125.27,33063966.0,380815072.0
2012-11-22,125.05,128.24,126.26,124.17,27146988.0,312344672.0
2012-11-21,123.17,126.7,126.15,121.3,35563044.0,401529600.0
2012-11-20,121.08,124.39,123.39,120.09,26503006.0,295456608.0
2012-11-19,122.62,122.62,121.08,117.89,28962922.0,316031808.0
2012-11-16,121.63,123.73,122.95,121.3,29759112.0,330128128.0
2012-11-15,121.85,124.5,122.62,121.52,30192648.0,338251616.0
2012-11-14,126.15,127.36,123.73,120.97,37162272.0,416481696.0
2012-11-13,127.36,127.58,126.26,125.05,29560056.0,338863904.0
2012-11-12,124.39,128.02,128.02,124.39,42366500.0,487652576.0
2012-11-09,122.84,125.6,124.06,122.84,22993702.0,258991840.0
2012-11-08,124.5,127.14,123.4,122.18,41577640.0,472017472.0
2012-11-07,127.25,128.46,125.6,124.17,27611938.0,314291168.0
2012-11-06,128.46,128.57,127.8,125.6,34784172.0,401227200.0
2012-11-05,129.01,130.23,129.46,126.15,41481536.0,484150176.0
2012-11-02,127.8,130.56,129.9,127.47,53988492.0,631803776.0
2012-11-01,122.4,130.45,127.8,122.29,68980840.0,798798528.0
2012-10-31,121.85,123.17,122.4,120.53,24577854.0,272046752.0
2012-10-30,118.66,122.51,120.97,117.34,35149172.0,385145920.0
2012-10-29,116.89,118.11,118.0,114.69,16583654.0,175650480.0
2012-10-26,120.86,121.85,118.11,115.24,33129096.0,354236000.0
2012-10-25,123.62,124.17,120.64,119.87,27143592.0,299658752.0
2012-10-24,122.84,125.16,123.62,122.4,23781060.0,267241840.0
2012-10-23,125.05,126.48,123.28,122.62,32398752.0,366001472.0
2012-10-22,122.29,126.15,125.16,120.86,41302756.0,462903776.0
2012-10-19,123.4,125.27,123.62,121.85,39832632.0,447544320.0
2012-10-18,116.89,124.5,124.28,116.78,81340840.0,894777280.0
2012-10-17,117.45,118.44,116.78,114.03,25417702.0,268324944.0
2012-10-16,117.67,118.66,117.12,115.79,21169596.0,225426240.0
2012-10-15,117.23,118.33,117.23,115.35,17077256.0,181290224.0
2012-10-12,118.88,120.09,116.67,115.02,29479596.0,313084384.0
2012-10-11,119.21,119.98,117.78,116.89,26023212.0,279090208.0
2012-10-10,118.66,120.2,119.65,117.23,30773752.0,332231744.0
2012-10-09,115.79,119.65,118.88,115.24,41884008.0,450491584.0
2012-10-08,118.11,118.55,115.02,114.14,32414500.0,338930880.0
2012-09-28,112.82,118.66,118.55,112.38,60574136.0,640637760.0
2012-09-27,110.84,114.8,113.92,108.85,46740640.0,475858976.0
2012-09-26,111.94,112.49,110.5,109.62,18244776.0,182922736.0
2012-09-25,111.5,112.71,112.05,110.73,21162664.0,215061664.0
2012-09-24,107.09,112.38,111.5,106.54,41113016.0,410550400.0
2012-09-21,104.11,114.58,108.52,104.11,63495004.0,613009216.0
2012-09-20,106.98,107.31,105.33,104.67,37505928.0,360458784.0
2012-09-19,107.64,108.52,107.97,105.88,32469294.0,316327904.0
2012-09-18,105.99,109.4,108.19,105.88,41879976.0,410968768.0
2012-09-17,113.48,113.7,106.98,105.77,78509496.0,771744320.0
2012-09-14,115.68,117.12,114.69,111.06,45410048.0,468145728.0
2012-09-13,114.25,117.34,114.91,114.25,26947486.0,283201856.0
2012-09-12,116.34,118.55,115.24,113.26,35657100.0,370635296.0
2012-09-11,115.9,116.23,115.57,113.92,36579364.0,380746368.0
2012-09-10,117.89,120.2,117.34,114.58,54637908.0,580923968.0
2012-09-07,113.26,120.2,117.34,113.26,74467048.0,786452032.0
2012-09-06,112.82,114.8,112.38,110.73,36367128.0,373711040.0
2012-09-05,109.18,113.48,112.82,109.18,31226452.0,317243616.0
2012-09-04,110.28,113.04,109.62,109.29,34412132.0,347061152.0
2012-09-03,103.56,111.83,111.61,103.56,80789128.0,800570304.0
2012-08-31,100.48,103.89,103.67,100.26,35236864.0,328363808.0
2012-08-30,99.27,101.91,100.59,99.27,31493316.0,287388416.0
2012-08-29,101.36,103.12,100.26,99.71,26803880.0,246743536.0
2012-08-28,103.34,103.89,101.8,99.93,42432192.0,392143168.0
2012-08-27,103.23,104.56,103.78,102.35,30988956.0,291607232.0
2012-08-24,102.9,104.78,103.78,102.13,29292596.0,275566944.0
2012-08-23,104.56,105.55,103.67,102.46,63571332.0,598075648.0
2012-08-22,108.52,108.85,104.56,103.23,69922424.0,669816512.0
2012-08-21,110.5,113.37,108.3,107.75,53313496.0,529789760.0
2012-08-20,111.39,111.39,110.39,108.52,44984336.0,447678912.0
2012-08-17,115.24,115.68,113.81,111.28,23919440.0,245031792.0
2012-08-16,114.03,117.23,115.35,114.03,16444248.0,172968448.0
2012-08-15,114.14,115.9,115.24,113.48,15231369.0,159090288.0
2012-08-14,112.71,115.68,115.57,110.28,34883032.0,357323648.0
2012-08-13,115.24,115.9,112.27,110.28,67463424.0,691132352.0
2012-08-10,119.87,120.31,117.12,116.34,31023456.0,331873536.0
2012-08-09,119.21,122.29,120.31,119.21,39566632.0,433367648.0
2012-08-08,115.9,118.99,118.44,115.9,43281504.0,463432896.0
2012-08-07,116.78,117.34,116.56,114.58,42341764.0,444702080.0
2012-08-06,114.69,117.34,117.12,113.26,53019568.0,553697920.0
2012-08-03,115.35,116.23,115.46,112.82,58738732.0,611442816.0
2012-08-02,124.5,124.5,113.48,112.71,86784976.0,923110848.0
2012-08-01,125.38,129.01,124.94,124.06,49988924.0,575791360.0
2012-07-31,120.75,126.37,125.6,120.2,37974260.0,428691168.0
2012-07-30,120.09,122.73,121.19,119.54,22825980.0,251412256.0
2012-07-27,118.55,120.64,120.09,117.34,34153324.0,370200352.0
2012-07-26,122.4,123.4,118.11,117.56,68032184.0,738451072.0
2012-07-25,125.05,125.6,122.84,121.96,33580836.0,375350336.0
2012-07-24,123.4,128.35,126.04,123.17,27067272.0,310641632.0
2012-07-23,124.17,124.94,123.4,120.97,31384432.0,350009344.0
2012-07-20,126.15,128.13,125.05,123.29,52607236.0,597661952.0
2012-07-19,128.68,130.56,127.36,123.4,52728892.0,610432704.0
2012-07-18,136.4,137.61,129.79,124.17,80993000.0,953198976.0
2012-07-17,134.41,138.49,136.4,134.19,20351496.0,252180304.0
2012-07-16,141.02,142.12,135.18,134.19,29505338.0,366366016.0
2012-07-13,140.58,143.34,141.02,139.26,22559946.0,289453088.0
2012-07-12,136.62,142.46,141.69,133.31,56133820.0,701228736.0
2012-07-11,137.72,140.47,136.95,133.64,37844344.0,469899168.0
2012-07-10,140.8,141.91,138.05,136.73,54116944.0,680537216.0
2012-07-09,138.82,145.21,143.23,137.72,62614312.0,814923968.0
2012-07-06,136.84,141.91,141.24,136.62,78951464.0,997247552.0
2012-07-05,130.89,134.96,134.52,130.45,44046360.0,534873952.0
2012-07-04,132.43,133.31,132.1,130.01,20129398.0,240531424.0
2012-07-03,127.69,132.98,131.88,126.81,53044964.0,632654272.0
2012-07-02,126.7,128.79,127.8,124.17,29689784.0,342694624.0
2012-06-29,124.28,126.26,124.94,122.4,32661284.0,367339424.0
2012-06-28,126.26,128.02,124.5,124.17,19205822.0,219089472.0
2012-06-27,122.51,128.35,125.82,121.96,36074512.0,412940640.0
2012-06-26,120.09,124.17,123.84,119.87,51872676.0,576633152.0
2012-06-25,126.26,127.69,120.53,120.31,50054436.0,556740608.0
2012-06-21,126.92,128.68,126.7,124.5,43644380.0,502842080.0
2012-06-20,129.56,130.34,127.14,125.16,36424736.0,420596416.0
2012-06-19,131.22,131.55,129.24,129.01,34207904.0,404193120.0
2012-06-18,131.22,132.43,132.1,129.46,23302782.0,276526752.0
2012-06-15,133.88,133.88,129.99,125.74,55618160.0,794625600.0
2012-06-14,132.07,134.79,133.07,131.89,27639656.0,405990688.0
2012-06-13,132.16,132.98,131.98,131.17,40838060.0,595805760.0
2012-06-12,127.1,132.53,132.34,126.28,44441380.0,640421888.0
2012-06-11,124.38,129.81,127.28,123.93,36146544.0,506682784.0
2012-06-08,126.64,129.0,123.3,122.67,35001936.0,485632320.0
2012-06-07,123.03,127.82,123.39,122.84,32584248.0,451607616.0
2012-06-06,122.03,122.57,122.3,119.23,18116952.0,242369504.0
2012-06-05,120.58,122.84,122.3,119.68,17121440.0,229935200.0
2012-06-04,121.94,125.74,119.86,119.68,29227912.0,397484032.0
2012-06-01,123.39,125.29,123.66,122.57,25447360.0,348306048.0
2012-05-31,123.93,125.29,123.39,122.57,31967148.0,437546240.0
2012-05-30,125.65,129.09,125.02,124.84,31532846.0,443526944.0
2012-05-29,125.74,127.55,126.28,125.29,24915448.0,348407840.0
2012-05-28,122.03,126.37,126.28,121.31,20969902.0,287272320.0
2012-05-25,122.12,124.2,122.3,121.22,17272092.0,234415056.0
2012-05-24,122.94,124.93,121.67,120.77,21907344.0,297677152.0
2012-05-23,120.67,123.48,123.12,120.04,37408868.0,506211744.0
2012-05-22,115.34,121.67,121.31,115.07,48885712.0,643824192.0
2012-05-21,115.07,116.88,115.07,114.25,11601583.0,148012688.0
2012-05-18,115.79,116.88,115.16,114.43,9513800.0,121735072.0
2012-05-17,114.43,117.33,116.6,113.35,15263442.0,195224848.0
2012-05-16,116.78,117.24,114.52,114.43,16336560.0,208566672.0
2012-05-15,114.43,117.51,117.33,114.07,18422744.0,237353712.0
2012-05-14,115.7,118.96,115.52,113.98,42250728.0,544210944.0
2012-05-11,114.89,115.7,114.25,113.17,15765576.0,198689696.0
2012-05-10,115.16,116.69,115.7,114.52,11068866.0,141338784.0
2012-05-09,115.79,116.69,115.34,114.61,16556984.0,211380624.0
2012-05-08,118.96,118.96,117.51,113.89,36832920.0,472055456.0
2012-05-07,116.69,118.05,117.51,114.98,27704332.0,356588352.0
2012-05-04,116.69,118.05,117.78,114.7,22504724.0,290477696.0
2012-05-03,119.14,119.14,117.15,114.43,28884386.0,370607744.0
2012-05-02,114.07,118.5,117.6,113.26,38224476.0,491465440.0
2012-04-27,111.27,114.52,113.17,110.36,42610528.0,532396800.0
2012-04-25,108.01,112.35,111.36,107.2,42212432.0,515339552.0
2012-04-24,108.37,110.63,108.64,106.29,29415988.0,352668064.0
2012-04-23,109.73,109.82,108.55,106.29,26424590.0,314180064.0
2012-04-20,109.55,110.91,110.36,106.38,50385552.0,607394752.0
2012-04-19,109.73,111.18,110.45,108.55,26168808.0,317895616.0
2012-04-18,106.11,110.36,110.27,105.11,39384952.0,473655904.0
2012-04-17,108.1,108.46,105.3,104.21,17597064.0,206352464.0
2012-04-16,106.56,109.46,108.46,104.94,25882296.0,308062592.0
2012-04-13,108.1,110.09,107.2,107.2,34473528.0,414872192.0
2012-04-12,106.56,109.0,108.28,106.11,35392992.0,421917664.0
2012-04-11,104.48,110.81,106.56,104.3,50091796.0,596683008.0
2012-04-10,102.4,106.11,105.48,101.86,28396102.0,326162112.0
2012-04-09,102.76,103.49,102.13,101.14,16539839.0,187098560.0
2012-04-06,103.12,104.75,102.76,102.13,27617466.0,316671648.0
2012-04-05,101.14,104.03,103.22,100.05,37335420.0,422678208.0
2012-03-30,97.7,102.31,102.13,97.34,49255780.0,544564096.0
2012-03-29,95.25,99.14,97.7,94.62,50135088.0,540819072.0
2012-03-28,95.17,97.25,95.44,94.53,28716508.0,304642688.0
2012-03-27,95.62,96.61,95.44,95.25,18857672.0,199965920.0
2012-03-26,95.98,96.34,95.17,94.44,14765146.0,155748288.0
2012-03-23,96.79,96.97,95.89,95.17,24980546.0,264605152.0
2012-03-22,95.89,98.51,97.25,95.89,23192528.0,250257008.0
2012-03-21,97.7,98.15,96.25,95.44,30376258.0,324569088.0
2012-03-20,96.61,98.78,96.97,96.25,26891252.0,289671808.0
2012-03-19,97.88,97.97,97.06,95.53,38195844.0,407499360.0
2012-03-16,96.97,98.78,97.88,96.61,32364968.0,348270432.0
2012-03-15,99.24,99.51,96.97,95.62,52521712.0,564459584.0
2012-03-14,103.12,104.48,99.51,98.69,59828488.0,673315584.0
2012-03-13,101.77,102.94,102.58,100.86,37751836.0,425519296.0
2012-03-12,105.66,105.93,101.59,100.5,76951408.0,866404736.0
2012-03-09,105.93,106.56,105.66,104.48,23574580.0,274859008.0
2012-03-08,102.58,107.02,105.75,102.58,40515080.0,471271584.0
2012-03-07,102.49,104.03,102.04,101.77,28882632.0,328655584.0
2012-03-06,103.49,103.94,103.85,101.32,35455328.0,403202080.0
2012-03-05,106.11,108.1,104.03,103.58,47760988.0,555053696.0
2012-03-02,100.68,105.66,105.21,100.41,73371128.0,840009920.0
2012-03-01,99.78,101.86,100.77,99.78,40531616.0,452625376.0
2012-02-29,101.95,102.22,100.41,99.23,71952056.0,802438528.0
2012-02-28,105.11,105.3,103.85,102.94,34562312.0,397560512.0
2012-02-27,105.84,108.55,104.48,103.22,56987724.0,667355520.0
2012-02-24,102.04,107.47,105.84,101.23,66375528.0,768453632.0
2012-02-23,102.04,102.85,102.22,100.95,43167072.0,487326240.0
2012-02-22,101.32,102.67,102.04,99.42,61168544.0,686939072.0
2012-02-21,97.52,99.42,99.33,96.7,30068218.0,326524832.0
2012-02-20,98.6,99.14,97.43,97.06,41182520.0,445888544.0
2012-02-17,95.89,97.25,96.88,95.25,23536232.0,250537600.0
2012-02-16,96.34,96.43,95.8,95.07,27491896.0,291145504.0
2012-02-15,95.35,97.97,96.07,94.71,33253724.0,354240416.0
2012-02-14,95.07,96.25,96.07,93.63,33213748.0,348872320.0
2012-02-13,92.99,97.34,95.62,92.36,65606192.0,688781952.0
2012-02-10,95.71,100.05,98.69,95.71,87079160.0,953932352.0
2012-02-09,94.08,96.88,95.53,93.45,53272752.0,562051776.0
2012-02-08,91.55,95.53,94.26,90.73,38918908.0,401482784.0
2012-02-07,94.17,94.17,91.64,90.46,45696776.0,461656800.0
2012-02-06,96.25,96.79,94.53,93.45,27602576.0,289978208.0
2012-02-03,95.17,97.16,96.61,94.35,32858608.0,348221760.0
2012-02-02,93.72,96.16,95.53,92.27,31408216.0,325438208.0
2012-02-01,94.53,96.52,93.27,92.72,25711436.0,268937632.0
2012-01-31,94.53,95.62,94.98,94.26,18137408.0,190161040.0
2012-01-30,98.6,98.69,94.35,93.9,46838432.0,498384192.0
2012-01-20,96.07,99.51,98.96,96.07,43737584.0,475821152.0
2012-01-19,92.0,96.61,96.52,90.82,42669404.0,446149408.0
2012-01-18,92.9,95.89,91.55,91.0,50133908.0,518985024.0
2012-01-17,89.56,98.42,93.63,86.84,57936092.0,583400256.0
2012-01-16,92.54,93.45,89.83,89.19,34642060.0,347893248.0
2012-01-13,93.99,94.53,92.99,91.91,23582348.0,241942816.0
2012-01-12,92.63,96.61,93.99,92.63,44584484.0,467719136.0
2012-01-11,92.72,93.9,93.27,91.73,38881280.0,399253248.0
2012-01-10,91.64,94.71,93.63,89.92,102089928.0,1043911680.0
2012-01-09,87.39,92.36,92.0,86.48,46934100.0,460632544.0
2012-01-06,88.74,89.1,87.84,85.76,23819276.0,230547296.0
2012-01-05,90.73,91.46,88.65,87.3,34255600.0,341209760.0
2012-01-04,90.55,93.17,90.91,89.65,34155592.0,344814624.0
