date,open,high,close,low,volume,amount
2015-07-10,48.78,50.08,50.08,47.62,17451560.0,212245696.0
2015-07-09,39.95,45.52,45.52,39.18,45515300.0,492083360.0
2015-07-08,41.36,45.19,41.36,41.36,111543024.0,1170434688.0
2015-07-07,48.34,48.34,45.96,45.96,20498672.0,234878016.0
2015-07-06,61.74,61.74,51.05,51.05,64033148.0,860676544.0
2015-07-03,57.9,63.76,56.69,55.89,61819536.0,885620672.0
2015-07-02,66.58,66.98,62.1,62.1,44080248.0,694203968.0
2015-07-01,74.41,76.99,69.0,69.0,38883432.0,713735040.0
2015-06-30,70.7,76.99,76.67,66.22,58170436.0,1019871296.0
2015-06-29,82.68,82.72,73.56,73.56,41641848.0,775672064.0
2015-06-26,86.67,87.97,81.71,81.71,26290318.0,546628416.0
2015-06-25,100.8,100.8,90.79,90.11,26330978.0,625106112.0
2015-06-24,98.9,101.81,100.11,97.05,23571328.0,582420736.0
2015-06-23,98.01,100.07,98.82,89.5,25031808.0,595259392.0
2015-06-19,104.11,109.76,97.45,96.24,23749100.0,608316480.0
2015-06-18,112.98,115.81,106.81,106.29,20593230.0,570543808.0
2015-06-17,113.39,115.81,114.15,105.92,28346420.0,776930176.0
2015-06-16,121.09,122.87,112.58,112.54,34140996.0,988474304.0
2015-06-15,127.83,129.93,125.05,124.73,25112964.0,792188608.0
2015-06-12,126.1,130.21,127.07,123.64,31015942.0,972987008.0
2015-06-11,126.7,126.7,125.41,123.35,25535300.0,789676416.0
2015-06-10,123.47,128.92,126.95,121.34,27059704.0,850993536.0
2015-06-09,124.28,127.27,124.53,121.74,26653284.0,819605504.0
2015-06-08,133.08,133.08,125.98,123.15,42395080.0,1337599104.0
2015-06-05,141.23,143.17,135.18,131.75,40887584.0,1391250304.0
2015-06-04,133.2,136.63,132.35,125.09,33568136.0,1085646976.0
2015-06-03,140.71,140.71,134.61,132.35,33442588.0,1122881408.0
2015-06-02,138.81,143.25,140.91,132.88,36877808.0,1267461760.0
2015-06-01,129.12,139.94,138.73,129.12,34974256.0,1182499328.0
2015-05-29,125.17,130.94,128.0,114.64,56410080.0,1737849728.0
2015-05-28,134.77,144.78,123.31,122.35,51365232.0,1738150912.0
2015-05-27,123.47,134.57,134.57,119.08,47986904.0,1507331840.0
2015-05-26,116.82,125.33,122.35,113.79,51799040.0,1533680256.0
2015-05-25,108.14,117.42,116.13,104.83,51386732.0,1412579328.0
2015-05-22,110.4,114.28,110.0,108.59,37210416.0,1023020480.0
2015-05-21,114.19,114.19,110.52,108.47,53688064.0,1481710336.0
2015-05-20,110.89,117.79,114.15,110.08,49880764.0,1409559296.0
2015-05-19,108.34,111.77,109.92,106.45,34160032.0,924924992.0
2015-05-18,110.16,114.56,109.55,108.34,43873380.0,1202285824.0
2015-05-15,111.25,115.0,107.98,104.91,66347536.0,1814802560.0
2015-05-14,99.31,107.21,107.21,94.95,50110444.0,1247622144.0
2015-05-13,99.06,104.03,97.45,96.04,51208100.0,1269344256.0
2015-05-12,98.17,104.43,101.36,97.25,62635048.0,1570299904.0
2015-05-11,90.35,98.9,97.65,88.77,52817848.0,1238299776.0
2015-05-08,84.78,90.71,90.31,84.78,32509982.0,713540992.0
2015-05-07,81.91,85.14,83.69,81.11,18003428.0,373376800.0
2015-05-06,84.33,86.96,82.84,80.91,22148546.0,465345344.0
2015-05-05,91.07,91.07,84.05,82.72,36922680.0,792280064.0
2015-05-04,91.19,94.34,91.28,90.71,24717688.0,565939520.0
2015-04-30,94.02,97.97,92.85,92.73,36570080.0,868922496.0
2015-04-29,91.6,95.15,94.06,89.62,33821328.0,779768128.0
2015-04-28,96.84,100.76,93.58,91.19,73000952.0,1754605184.0
2015-04-27,87.12,95.79,95.79,87.12,57494960.0,1322728704.0
2015-04-24,86.8,89.14,87.08,85.95,25188108.0,545894656.0
2015-04-23,88.49,90.31,89.1,86.76,31015560.0,680922944.0
2015-04-22,86.64,89.42,88.53,85.91,35231180.0,766600896.0
2015-04-21,82.24,86.19,86.07,81.99,23992496.0,503508224.0
2015-04-20,83.61,85.71,82.32,82.2,29544372.0,611232896.0
2015-04-17,85.22,87.16,84.38,83.93,30495788.0,645235648.0
2015-04-16,85.14,86.72,85.99,84.38,26072328.0,553242112.0
2015-04-15,91.4,91.4,84.78,84.29,39626008.0,858457216.0
2015-04-14,93.17,93.45,91.52,90.19,37399772.0,853118208.0
2015-04-13,91.64,96.04,93.98,88.77,58243520.0,1339805312.0
2015-04-10,89.58,92.77,91.64,87.93,40555496.0,915702784.0
2015-04-09,97.25,97.85,91.15,89.46,70534176.0,1608883712.0
2015-04-08,94.06,100.39,99.39,93.41,81473928.0,1959912832.0
2015-04-07,91.52,95.75,93.82,90.79,60198096.0,1397587072.0
2015-04-03,92.08,92.73,91.56,89.34,53526472.0,1207659136.0
2015-04-02,93.25,96.76,93.45,92.0,62905772.0,1465709568.0
2015-04-01,91.19,93.66,93.29,89.1,52392352.0,1183286272.0
2015-03-31,89.66,92.81,90.31,88.53,47845920.0,1077789312.0
2015-03-30,91.64,92.49,89.82,87.72,58642464.0,1308616832.0
2015-03-27,93.78,94.02,91.72,88.65,53092512.0,1196995584.0
2015-03-26,96.88,99.18,92.93,90.79,69585632.0,1634526592.0
2015-03-25,102.9,104.95,99.63,96.8,115421328.0,2875697920.0
2015-03-24,91.44,100.84,100.84,90.79,117539152.0,2875282176.0
2015-03-23,97.17,97.17,91.68,89.94,90019856.0,2061096704.0
2015-03-20,88.17,95.19,88.33,87.6,99927568.0,2246356736.0
2015-03-19,87.04,89.38,88.01,86.35,71352488.0,1549771776.0
2015-03-18,87.16,92.44,89.86,86.03,111620112.0,2474636544.0
2015-03-17,91.6,94.22,88.13,86.96,161996544.0,3654080000.0
2015-03-16,78.89,85.67,85.67,78.61,73833688.0,1514151424.0
2015-03-13,77.52,79.81,77.88,73.48,158906128.0,3025783296.0
2015-03-12,77.27,77.27,77.27,75.3,130540760.0,2495837696.0
2015-03-11,70.25,70.25,70.25,70.25,1931624.0,33629576.0
2015-03-10,63.88,63.88,63.88,63.88,2208855.0,34966176.0
2015-02-26,57.98,59.16,58.07,56.9,21173398.0,303286144.0
2015-02-25,57.1,59.12,58.11,56.9,21909456.0,314207776.0
2015-02-17,59.52,59.52,58.19,56.9,23330482.0,335594304.0
2015-02-16,55.89,58.75,58.63,55.77,35071836.0,499520800.0
2015-02-13,54.72,56.33,55.89,54.48,30637350.0,422571872.0
2015-02-12,54.92,55.36,54.64,53.67,16640039.0,224485632.0
2015-02-11,54.15,55.48,55.0,53.91,20856436.0,283897408.0
2015-02-10,54.43,55.36,54.27,52.26,18613378.0,248564704.0
2015-02-09,53.79,55.56,54.43,52.98,16994616.0,230210256.0
2015-02-06,54.31,55.2,53.91,53.02,18697236.0,251206448.0
2015-02-05,56.01,56.25,54.27,54.15,29115590.0,398684480.0
2015-02-04,53.26,56.09,55.48,52.78,40319540.0,549936000.0
2015-02-03,52.22,54.03,53.47,50.76,31471946.0,410122176.0
2015-02-02,49.99,52.78,51.89,49.99,16085951.0,205905440.0
2015-01-30,53.06,53.91,50.8,50.64,25258908.0,326976640.0
2015-01-29,53.34,54.52,53.51,53.3,18613484.0,248574128.0
2015-01-28,55.89,55.89,54.43,53.26,31107710.0,420246624.0
2015-01-27,54.84,56.45,55.4,53.67,47544288.0,646921600.0
2015-01-26,51.57,54.43,54.39,51.49,39558404.0,521022208.0
2015-01-23,50.28,53.34,51.57,50.24,36059904.0,462971936.0
2015-01-22,50.12,50.76,50.44,49.07,33590048.0,414682528.0
2015-01-21,49.03,50.32,50.12,48.5,35160044.0,433319744.0
2015-01-20,46.89,49.59,48.78,46.57,29969812.0,358172800.0
2015-01-19,46.32,48.83,46.36,45.44,25377142.0,297464064.0
2015-01-16,47.21,47.94,47.62,46.81,30847924.0,362960352.0
2015-01-15,47.21,47.78,47.21,46.57,16674337.0,194979072.0
2015-01-14,46.52,47.57,47.13,45.8,15218229.0,176593536.0
2015-01-13,44.83,46.61,46.4,44.47,16196582.0,182926096.0
2015-01-12,46.61,46.61,44.95,44.75,18286926.0,205148864.0
2015-01-09,47.41,48.58,46.93,46.89,22845558.0,270905280.0
2015-01-08,47.13,47.86,47.62,46.4,25901888.0,303523840.0
2015-01-07,46.69,48.02,46.93,46.28,19126148.0,222626096.0
2015-01-06,44.79,47.45,47.13,44.59,36728120.0,422036096.0
2015-01-05,45.35,45.35,45.27,43.86,40877716.0,450492096.0
2014-12-31,45.35,46.48,45.27,44.59,21213908.0,237808784.0
2014-12-30,46.61,47.25,45.27,44.87,16166316.0,183904640.0
2014-12-29,49.27,49.35,47.05,46.69,19087608.0,224921984.0
2014-12-26,49.19,50.12,49.35,47.86,21416804.0,260907616.0
2014-12-25,47.82,49.39,49.03,47.49,25419748.0,305943872.0
2014-12-24,48.38,48.62,48.3,45.23,43302520.0,502611168.0
2014-12-23,50.88,50.88,48.3,47.74,22756356.0,277930848.0
2014-12-22,54.55,56.09,50.88,50.88,19808260.0,258223648.0
2014-12-19,57.3,58.23,56.53,55.08,17414468.0,244090144.0
2014-12-18,59.32,59.44,57.78,56.49,19303352.0,275515296.0
2014-12-17,60.73,61.05,58.91,58.59,19706352.0,289341280.0
2014-12-16,62.06,62.06,60.69,60.45,18547814.0,280226784.0
2014-12-15,59.03,62.59,62.18,59.03,28621526.0,433406784.0
2014-12-12,60.53,61.74,60.12,59.56,28244012.0,424795840.0
2014-12-11,66.18,66.18,63.51,58.43,75611016.0,1152677888.0
2014-08-20,64.56,65.65,64.93,64.04,10818720.0,173587984.0
2014-08-19,65.13,65.69,64.4,63.51,8877582.0,141796112.0
2014-08-18,65.49,68.52,64.84,64.04,17525396.0,287442816.0
2014-08-15,65.01,66.54,65.94,64.08,10306502.0,167229200.0
2014-08-14,61.7,66.26,64.64,61.7,11560466.0,183564912.0
2014-08-13,60.93,62.51,62.14,60.37,10963334.0,166730176.0
2014-08-12,61.01,61.62,60.77,60.37,7913192.0,119325032.0
2014-08-11,59.32,61.09,60.81,59.03,10812081.0,162285280.0
2014-08-08,58.03,59.68,58.95,57.78,8372848.0,122075824.0
2014-08-07,58.31,58.51,58.07,57.82,4582499.0,65997792.0
2014-08-06,57.62,58.39,58.11,57.54,4553824.0,65590440.0
2014-08-05,57.22,58.31,57.78,57.22,5105540.0,73068328.0
2014-08-04,56.94,57.98,57.22,56.81,5351402.0,76150552.0
2014-08-01,57.46,59.12,57.22,56.69,10490149.0,150372624.0
2014-07-31,55.65,58.03,57.58,55.4,16194354.0,229503104.0
2014-07-30,55.81,56.69,55.32,54.8,10357248.0,143466544.0
2014-07-29,56.25,56.41,55.85,55.48,6981373.0,96464752.0
2014-07-28,55.4,56.65,56.17,54.96,13656913.0,189316560.0
2014-07-25,54.68,56.05,55.73,54.27,13362883.0,182519072.0
2014-07-24,54.19,54.6,54.48,53.83,4122493.0,55433432.0
2014-07-23,53.71,54.52,54.35,53.43,8189638.0,109836336.0
2014-07-22,53.26,54.19,53.67,52.94,4594107.0,61141376.0
2014-07-21,53.06,54.15,53.63,52.94,3698656.0,49338292.0
2014-07-18,54.48,54.76,53.22,53.18,7172968.0,95989216.0
2014-07-17,54.23,54.84,54.55,53.79,7371460.0,99077224.0
2014-07-16,53.77,54.53,54.25,53.45,12192210.0,163577408.0
2014-07-15,52.8,54.05,54.05,52.44,15382025.0,203607200.0
2014-07-14,50.82,52.84,52.8,50.82,9503643.0,123063656.0
2014-07-11,50.18,51.15,50.95,49.94,5293122.0,66716240.0
2014-07-10,50.18,51.03,50.42,49.57,7258417.0,90645696.0
2014-07-09,50.87,51.19,50.18,49.7,5025299.0,62759272.0
2014-07-08,51.03,51.63,50.87,49.98,6348373.0,79977392.0
2014-07-07,51.51,51.55,51.03,50.91,3039039.0,38512908.0
2014-07-04,51.63,51.83,51.63,50.87,4858261.0,61832892.0
2014-07-03,51.99,52.08,51.63,51.51,4181488.0,53669592.0
2014-07-02,51.55,51.95,51.91,50.82,4356017.0,55410376.0
2014-07-01,51.79,51.99,51.47,51.03,6312076.0,80265072.0
2014-06-30,52.32,52.4,51.71,51.23,6114440.0,78256416.0
2014-06-27,51.59,52.48,51.99,51.59,4789406.0,61878008.0
2014-06-26,51.55,52.44,51.59,51.43,3463730.0,44609248.0
2014-06-25,52.28,52.28,51.59,50.99,1824655.0,23397308.0
2014-06-24,51.99,52.64,52.16,51.79,5192275.0,67168728.0
2014-06-23,52.2,52.64,52.2,51.55,3410158.0,44091472.0
2014-06-20,51.83,52.28,52.2,51.15,4297752.0,55113544.0
2014-06-19,54.21,54.29,52.08,52.03,7797040.0,101892592.0
2014-06-18,52.56,54.21,53.61,52.56,9402814.0,124422144.0
2014-06-17,52.48,53.04,52.84,52.16,4659785.0,60712912.0
2014-06-16,51.87,52.92,52.72,51.79,7502219.0,97477904.0
2014-06-13,52.44,53.0,52.2,52.03,10665709.0,138735408.0
2014-06-12,52.84,52.84,52.2,51.91,5804022.0,75301704.0
2014-06-11,51.79,52.96,52.84,51.51,5359384.0,69702752.0
2014-06-10,51.23,52.32,51.75,51.07,3388480.0,43429464.0
2014-06-09,51.23,51.59,50.95,50.82,1771395.0,22456450.0
2014-06-06,51.83,52.12,51.23,51.03,3130671.0,39879640.0
2014-06-05,51.63,52.16,51.83,51.27,2134243.0,27401824.0
2014-06-04,52.28,52.64,51.59,51.31,4290240.0,55055388.0
2014-06-03,53.41,53.65,52.56,52.24,7961213.0,104086704.0
2014-05-30,54.33,55.02,53.53,53.24,5483326.0,73898856.0
2014-05-29,54.9,55.22,54.33,54.29,8248778.0,111942112.0
2014-05-28,53.89,56.27,55.06,53.61,8685704.0,118833144.0
2014-05-27,53.97,54.37,54.17,53.73,2724850.0,36510688.0
2014-05-26,54.29,54.45,54.25,53.69,3309147.0,44311128.0
2014-05-23,53.53,54.45,54.29,52.96,5777532.0,77400392.0
2014-05-22,53.65,54.17,53.57,53.08,3305473.0,43894568.0
2014-05-21,52.64,53.97,53.85,50.82,13524928.0,176172352.0
2014-05-20,53.73,54.05,52.76,52.52,3468359.0,45684756.0
2014-05-19,53.33,54.25,53.41,52.44,3932250.0,51999344.0
2014-05-16,53.2,53.61,53.49,52.52,5858535.0,76979504.0
2014-05-15,52.48,53.85,52.92,52.28,9987038.0,130895312.0
2014-05-14,54.49,55.3,53.69,53.0,12962333.0,173857680.0
2014-05-13,58.29,59.21,56.11,53.97,25841708.0,361568832.0
2014-05-12,58.41,60.55,57.36,56.88,29658872.0,430273440.0
2014-05-09,55.5,57.68,56.91,55.14,10602655.0,149054224.0
2014-05-08,53.85,56.07,55.5,53.85,11295345.0,153570864.0
2014-05-07,54.33,54.9,54.49,53.77,2752227.0,37115688.0
2014-05-06,53.85,55.1,54.49,53.37,4150875.0,56139184.0
2014-05-05,53.41,53.85,53.85,52.48,3220063.0,42319288.0
2014-04-30,53.16,53.45,53.28,52.03,4370627.0,57269600.0
2014-04-29,52.52,53.45,53.16,51.31,3811963.0,49513380.0
2014-04-28,53.28,54.41,52.56,52.24,3821553.0,50244084.0
2014-04-25,54.37,55.54,54.25,52.44,6739542.0,89917696.0
2014-04-24,57.68,57.68,54.78,54.49,7913437.0,109592168.0
2014-04-23,56.91,58.29,57.52,56.88,4538493.0,64682032.0
2014-04-22,57.56,58.85,56.91,56.27,9609117.0,137514912.0
2014-04-21,56.51,59.01,58.17,56.39,9649169.0,139688496.0
2014-04-18,56.63,58.0,56.88,56.39,4630219.0,65292436.0
2014-04-17,57.12,57.28,56.84,56.27,4229377.0,59505352.0
2014-04-16,57.08,58.12,56.84,56.47,4311026.0,61195700.0
2014-04-15,56.67,57.68,57.2,56.07,8458683.0,119167600.0
2014-04-14,54.86,56.67,56.59,54.62,11791753.0,163467440.0
2014-04-11,55.38,55.54,54.94,54.41,6250842.0,84868696.0
2014-04-10,55.7,56.07,55.38,54.94,9346527.0,128433360.0
2014-04-09,56.39,56.84,56.03,55.7,12088312.0,168829552.0
2014-04-08,52.68,56.23,56.11,52.16,14840990.0,201846928.0
2014-04-04,51.55,52.84,52.64,51.47,9876450.0,127701928.0
2014-04-03,52.16,52.32,51.75,51.23,4465522.0,57378552.0
2014-04-02,50.82,52.36,52.16,49.45,6819451.0,86842320.0
2014-04-01,50.82,51.15,50.87,50.34,2587039.0,32527520.0
2014-03-31,51.19,51.83,50.82,50.06,3029374.0,38226816.0
2014-03-28,51.27,52.24,51.55,51.15,3023794.0,38673400.0
2014-03-27,52.36,52.44,51.75,51.55,5190421.0,67012896.0
2014-03-26,51.39,52.56,52.4,50.62,7617175.0,97963536.0
2014-03-25,51.95,52.16,51.39,51.19,3722669.0,47556380.0
2014-03-24,51.67,52.64,52.24,51.59,4771816.0,61772288.0
2014-03-21,50.34,52.24,51.75,49.25,7011179.0,88228432.0
2014-03-20,51.71,52.32,50.78,50.74,4433932.0,56672588.0
2014-03-19,52.6,52.64,52.32,51.47,4672513.0,60227788.0
2014-03-18,53.04,53.24,52.64,51.95,4157350.0,54117368.0
2014-03-17,52.32,53.45,53.0,51.47,5664171.0,73786080.0
2014-03-14,52.16,52.44,52.36,51.55,3913779.0,50539448.0
2014-03-13,51.35,52.72,52.03,51.27,4044593.0,52185364.0
2014-03-12,51.63,52.24,51.51,50.26,4659086.0,59029196.0
2014-03-11,51.35,52.44,51.83,50.91,5316127.0,68192352.0
2014-03-10,54.33,54.33,51.95,51.63,7680387.0,100602144.0
2014-03-07,52.92,54.86,54.17,52.44,10170813.0,134853888.0
2014-03-06,51.27,53.37,52.92,51.03,10278582.0,134265760.0
2014-03-05,51.67,51.95,51.59,50.82,7610872.0,96539904.0
2014-03-04,51.47,52.24,51.67,50.62,10940985.0,139916160.0
2014-03-03,49.09,52.2,51.51,48.57,13624431.0,171422992.0
2014-02-28,48.4,49.7,48.97,46.67,11225334.0,135248992.0
2014-02-27,49.82,49.86,48.61,48.4,10421796.0,126741264.0
2014-02-26,49.57,50.42,49.98,48.0,14013737.0,170519616.0
2014-02-25,46.27,49.21,47.84,46.15,15604483.0,186274048.0
2014-02-24,46.75,47.03,46.23,46.02,5000298.0,57459928.0
2014-02-21,46.91,47.35,46.99,46.02,8817019.0,102078208.0
2014-02-20,47.35,47.8,47.15,46.39,7533187.0,87930328.0
2014-02-19,47.68,48.2,47.4,47.07,5317917.0,62523100.0
2014-02-18,47.96,48.08,47.96,47.03,7656052.0,90105320.0
2014-02-17,48.81,50.82,48.52,46.15,16274524.0,191339312.0
2014-02-14,49.09,49.41,48.81,48.08,4472355.0,54069292.0
2014-02-13,48.44,49.37,48.81,48.2,5395465.0,65473072.0
2014-02-12,48.36,48.65,48.36,47.96,6621167.0,79133680.0
2014-02-11,48.08,48.48,48.36,47.6,9007315.0,107460592.0
2014-02-10,46.43,48.36,48.08,46.39,11439859.0,134940192.0
2014-02-07,45.58,47.07,46.47,45.54,5923080.0,68310192.0
2014-01-30,45.86,45.98,45.94,45.58,3688101.0,41839544.0
2014-01-29,45.82,46.06,45.82,45.5,4008121.0,45461144.0
2014-01-28,45.74,46.1,45.78,45.26,7704409.0,87368992.0
2014-01-27,45.46,46.19,45.74,44.69,11654410.0,131242224.0
2014-01-24,45.06,45.9,45.46,44.81,17747692.0,199450400.0
2014-01-23,43.89,45.58,45.38,43.6,25886328.0,286857184.0
2014-01-22,47.6,48.0,45.14,43.36,27962372.0,309122336.0
2014-01-21,50.42,52.84,48.04,47.4,19664912.0,237158912.0
2014-01-20,53.37,53.73,52.64,52.32,7034160.0,92391720.0
2014-01-17,53.0,54.25,53.37,52.44,5870275.0,77312168.0
2014-01-16,50.7,53.57,53.2,50.62,10555878.0,136742880.0
2014-01-15,51.83,51.99,51.15,50.78,3266704.0,41448748.0
2014-01-14,52.28,52.36,51.83,51.35,3466573.0,44484216.0
2014-01-13,51.91,52.88,52.2,51.87,3695758.0,47978984.0
2014-01-10,52.03,52.4,51.91,51.19,3749832.0,47943484.0
2014-01-09,51.83,52.64,52.2,51.63,3889078.0,50363660.0
2014-01-08,51.63,52.44,52.2,51.03,5098090.0,65108200.0
2014-01-07,51.99,52.28,51.75,51.51,4756570.0,61091136.0
2014-01-06,51.67,53.33,51.99,51.51,6195347.0,80591696.0
2014-01-03,52.24,52.76,52.08,51.63,4721122.0,60992856.0
2014-01-02,52.03,52.28,51.99,51.47,4783694.0,61480120.0
2013-12-31,50.02,51.83,51.71,49.86,8229104.0,103660888.0
2013-12-30,49.61,50.02,49.78,48.89,4578011.0,56187248.0
2013-12-27,48.73,49.98,49.7,48.61,5029921.0,61455936.0
2013-12-26,49.53,49.53,48.73,48.2,3762145.0,45483908.0
2013-12-25,49.25,51.07,49.29,48.61,7991284.0,98006040.0
2013-12-24,48.2,49.61,49.21,47.4,9269940.0,112362504.0
2013-12-23,48.4,48.61,48.0,46.39,5579928.0,65916312.0
2013-12-20,48.44,49.05,48.48,47.6,3972891.0,47417940.0
2013-12-19,48.44,49.33,49.17,47.8,6415980.0,76977744.0
2013-12-18,49.17,49.61,49.25,45.9,15901288.0,187249552.0
2013-12-17,55.14,55.14,49.49,49.49,13741198.0,174468816.0
2013-12-16,54.82,55.95,54.98,54.13,4892532.0,66741744.0
2013-12-13,53.65,55.18,54.82,53.04,4129433.0,55594620.0
2013-12-12,54.13,54.21,53.65,53.41,3027138.0,40265000.0
2013-12-11,55.02,55.46,54.09,53.89,3418016.0,46214992.0
2013-12-10,55.18,55.54,55.18,54.53,3257384.0,44440496.0
2013-12-09,54.78,55.87,54.78,54.66,3527294.0,48200288.0
2013-12-06,54.9,55.34,54.78,54.09,2237407.0,30384804.0
2013-12-05,55.18,55.5,54.9,54.74,2435519.0,33222780.0
2013-12-04,54.74,55.99,55.22,54.49,4233583.0,58063248.0
2013-12-03,52.84,54.78,54.74,49.61,6079426.0,80715856.0
2013-12-02,54.01,55.58,52.84,51.23,8006862.0,106191352.0
2013-11-29,55.83,56.39,56.11,55.34,4289148.0,59566312.0
2013-11-28,54.86,56.35,55.66,54.86,6298827.0,86872848.0
2013-11-27,55.26,55.66,54.86,54.53,5178188.0,70685752.0
2013-11-26,54.86,55.79,55.3,54.37,3888161.0,53014728.0
2013-11-25,54.86,55.99,54.58,54.41,5247172.0,71920928.0
2013-11-22,54.29,55.02,54.74,53.81,6183211.0,83713712.0
2013-11-21,54.01,55.02,53.85,53.28,12824412.0,171395760.0
2013-11-20,57.24,57.32,53.69,53.24,14438525.0,196410880.0
2013-11-19,58.69,59.3,57.32,56.23,9050040.0,128266736.0
2013-11-18,59.09,59.9,58.81,58.57,6191598.0,90497504.0
2013-11-15,58.81,60.1,59.13,58.0,8715440.0,127886688.0
2013-11-14,61.63,62.08,59.42,57.28,9339568.0,137420368.0
2013-11-13,60.51,62.08,60.99,60.51,6752922.0,102415304.0
2013-11-12,61.03,62.68,61.39,59.94,9072219.0,137810320.0
2013-11-11,57.32,60.91,60.87,57.28,9951947.0,146357920.0
2013-11-08,58.89,59.5,57.32,56.19,7803402.0,111695200.0
2013-11-07,58.57,59.98,59.21,58.49,5821935.0,85324040.0
2013-11-06,60.02,60.75,59.46,58.73,7719749.0,114379544.0
2013-11-05,59.9,60.63,60.42,59.5,5714914.0,85234360.0
2013-11-04,59.42,61.19,60.26,59.21,7433290.0,110865616.0
2013-11-01,59.34,59.66,59.42,58.49,5513080.0,80732808.0
2013-10-31,57.16,59.66,59.21,56.15,12359838.0,180084848.0
2013-10-30,56.03,57.6,57.08,54.86,7580389.0,105348424.0
2013-10-29,58.29,58.29,56.23,54.98,10279809.0,143596096.0
2013-10-28,57.76,59.3,58.09,56.79,8442094.0,121981728.0
2013-10-25,55.7,58.77,57.68,55.18,13382875.0,189298288.0
2013-10-24,53.24,57.36,56.15,53.2,16246631.0,223335328.0
2013-10-23,53.24,54.05,53.28,52.52,5927506.0,78009184.0
2013-10-22,53.85,54.09,53.85,52.08,7599731.0,100184624.0
2013-10-21,52.4,55.22,53.73,52.03,10655499.0,142424192.0
2013-10-18,51.23,53.65,53.04,50.82,11396666.0,147637936.0
2013-10-17,56.47,56.47,53.0,51.19,29630676.0,393349856.0
2013-10-16,52.76,52.76,52.76,48.4,12307651.0,160528592.0
2013-09-27,46.39,48.61,47.96,45.98,19432310.0,227323424.0
2013-09-26,45.18,46.15,46.1,45.02,6901320.0,77731432.0
2013-09-25,45.42,45.9,45.02,44.65,8657529.0,96847536.0
2013-09-24,45.98,46.23,45.46,44.49,12683831.0,142401440.0
2013-09-23,46.31,47.23,46.27,45.74,8715893.0,100090568.0
2013-09-18,45.58,46.43,46.35,45.54,5877762.0,67163168.0
2013-09-17,45.54,46.59,45.58,44.77,8486807.0,95859344.0
2013-09-16,46.06,46.51,45.5,45.46,7662888.0,87533368.0
2013-09-13,44.57,46.35,46.06,44.45,17620072.0,199466496.0
2013-09-12,42.64,44.65,44.61,42.64,12281444.0,134143016.0
2013-09-11,43.64,44.21,42.76,42.31,8251790.0,87823552.0
2013-09-10,43.44,44.25,43.6,43.12,9208046.0,100056944.0
2013-09-09,42.68,43.89,43.48,42.64,9472510.0,101889560.0
2013-09-06,42.43,43.16,42.72,42.43,7186671.0,76289336.0
2013-09-05,42.47,43.56,42.92,42.47,6954987.0,74047200.0
2013-09-04,42.72,42.8,42.48,41.87,5823331.0,61127288.0
2013-09-03,41.95,43.12,42.64,41.59,9690756.0,102133848.0
2013-09-02,40.17,42.11,41.91,40.17,14920151.0,152791888.0
2013-08-30,39.53,40.74,40.22,39.21,6858005.0,68150664.0
2013-08-29,39.69,40.01,39.73,39.09,4667312.0,45800192.0
2013-08-28,39.09,40.86,39.85,38.97,8068103.0,79735968.0
2013-08-27,38.8,39.45,39.37,38.76,8633562.0,83752360.0
2013-08-26,37.92,39.09,38.92,37.51,6148785.0,58598768.0
2013-08-23,38.76,38.8,37.92,37.23,6283062.0,58867440.0
2013-08-22,38.84,38.92,38.72,38.28,2894096.0,27642832.0
2013-08-21,38.4,39.49,38.8,38.4,3195217.0,30735814.0
2013-08-20,38.52,39.33,38.72,38.04,4910618.0,46939528.0
2013-08-19,40.22,40.22,38.76,38.08,8608346.0,82375416.0
2013-08-16,40.86,41.87,40.26,39.13,6381170.0,64480188.0
2013-08-15,41.26,41.55,41.26,40.42,5705092.0,58014536.0
2013-08-14,42.03,42.03,40.98,40.62,4792958.0,48833288.0
2013-08-13,41.3,42.27,41.63,40.98,5033112.0,51831992.0
2013-08-12,41.3,41.91,41.34,40.34,7162562.0,73132008.0
2013-08-09,39.53,41.06,40.86,39.37,10400033.0,104662088.0
2013-08-08,39.69,39.89,39.57,39.29,4746779.0,46563072.0
2013-08-07,40.05,40.5,39.73,39.33,5548977.0,54865324.0
2013-08-06,40.26,40.98,40.38,39.57,5714289.0,56858968.0
2013-08-05,39.21,40.66,40.26,38.76,6259324.0,62017336.0
2013-08-02,39.49,40.26,39.37,39.13,5616399.0,55143300.0
2013-08-01,38.32,39.57,39.41,38.12,6742163.0,65045348.0
2013-07-31,38.28,39.01,38.36,38.12,3142729.0,29959524.0
2013-07-30,37.39,38.64,38.28,37.39,5612875.0,53249608.0
2013-07-29,38.56,38.56,37.59,37.03,5537960.0,51770712.0
2013-07-26,38.4,38.84,38.64,38.0,5444078.0,52018600.0
2013-07-25,38.24,39.49,38.6,37.96,10689286.0,102731752.0
2013-07-24,36.34,38.56,38.52,36.34,16342656.0,151969488.0
2013-07-23,35.3,37.43,37.03,34.89,16124356.0,143971344.0
2013-07-22,35.34,35.7,35.46,34.49,8687620.0,75242736.0
2013-07-19,36.71,36.83,35.9,35.3,8790090.0,78390152.0
2013-07-18,35.21,36.67,36.55,35.13,12006819.0,107599368.0
2013-07-17,35.34,35.7,35.42,34.89,11586284.0,101218240.0
2013-07-16,34.89,35.62,35.58,34.49,10331024.0,89825816.0
2013-07-15,35.34,35.62,35.25,34.81,11387014.0,99230992.0
2013-07-12,35.74,35.98,35.5,34.93,9027777.0,79259576.0
2013-07-11,34.73,36.22,36.02,34.49,15072181.0,131873736.0
2013-07-10,34.33,34.85,34.85,33.64,14182019.0,120288272.0
2013-07-09,34.45,34.89,34.61,33.72,9019995.0,76473216.0
2013-07-08,35.78,35.78,34.77,33.96,8839799.0,75922584.0
2013-07-05,35.9,36.71,36.34,35.86,10697929.0,95690736.0
2013-07-04,35.38,36.26,36.02,35.21,10429228.0,92615680.0
2013-07-03,36.22,37.11,35.78,35.01,12489713.0,109978976.0
2013-07-02,36.3,36.63,36.18,35.98,2293200.0,20584840.0
2013-07-01,36.51,36.55,36.34,35.9,2701658.0,24245324.0
2013-06-28,36.83,36.83,36.46,35.66,3122668.0,27995896.0
2013-06-27,37.11,37.51,36.42,36.1,4964386.0,45043972.0
2013-06-26,36.95,37.8,36.95,35.9,4653548.0,42279252.0
2013-06-25,37.55,38.64,37.03,34.29,6569172.0,59880928.0
2013-06-24,41.1,41.1,38.04,37.15,7285560.0,70888912.0
2013-06-21,38.72,41.14,39.97,37.63,8195406.0,78984392.0
2013-06-14,40.54,40.7,40.5,40.13,3873643.0,38763720.0
2013-06-13,41.95,41.95,40.42,40.3,3507219.0,35404940.0
2013-06-07,42.84,42.92,42.11,41.79,3386731.0,35475096.0
2013-06-06,43.0,43.36,42.8,42.55,2891369.0,30680932.0
2013-06-05,43.56,43.69,43.04,42.76,4839595.0,51606700.0
2013-06-04,44.25,44.33,43.52,43.0,5346173.0,57632956.0
2013-06-03,44.9,44.9,44.21,43.97,6258985.0,68761600.0
2013-05-31,44.98,45.02,44.65,44.45,6601739.0,73127776.0
2013-05-30,44.61,44.98,44.73,44.53,4731114.0,52458160.0
2013-05-29,44.9,45.18,44.85,44.49,7548383.0,83714176.0
2013-05-28,45.06,45.06,44.9,44.17,10632385.0,117744472.0
2013-05-27,46.47,46.47,44.98,44.49,9263265.0,103348736.0
2013-05-24,45.14,47.07,45.18,44.81,16661418.0,187420816.0
2013-05-23,45.22,45.58,45.18,44.85,10180572.0,114438992.0
2013-05-22,44.85,45.38,45.18,44.37,9175913.0,102322256.0
2013-05-21,45.58,45.58,45.22,43.6,17930430.0,198003456.0
2013-05-20,46.15,46.27,45.66,45.5,9698507.0,109995096.0
2013-05-17,46.06,46.39,46.1,45.18,12458145.0,141032064.0
2013-05-16,46.39,46.99,46.23,45.9,6962402.0,80122184.0
2013-05-15,46.43,46.95,46.71,45.78,5579417.0,64227632.0
2013-05-14,47.76,48.61,46.79,46.1,18965712.0,222954480.0
2013-05-13,46.43,47.8,47.76,46.27,9071187.0,106553056.0
2013-05-10,46.55,46.99,46.43,46.15,8633974.0,99469608.0
2013-05-09,45.86,47.11,46.71,45.7,17410218.0,200817792.0
2013-05-08,45.18,45.78,45.7,44.49,10055920.0,112699104.0
2013-05-07,45.3,45.62,45.26,44.77,4387953.0,49164748.0
2013-05-06,44.85,45.78,45.62,44.65,8366652.0,94001480.0
2013-05-03,44.45,45.1,44.9,44.45,5882026.0,65537992.0
2013-05-02,44.17,45.14,44.53,43.97,5432378.0,59997668.0
2013-04-26,45.06,45.06,44.05,43.81,4781169.0,52396176.0
2013-04-25,44.57,44.98,44.65,44.01,7731909.0,85521992.0
2013-04-24,44.57,44.73,44.29,43.97,5057203.0,55567344.0
2013-04-23,43.77,45.1,43.97,43.36,7259025.0,79565536.0
2013-04-22,43.24,44.9,43.97,43.16,5913824.0,64407988.0
2013-04-19,42.76,44.33,43.93,42.6,6376667.0,69007728.0
2013-04-18,41.75,42.92,42.84,41.55,5154078.0,54328728.0
2013-04-17,42.35,42.72,41.95,41.63,4201974.0,43653076.0
2013-04-16,43.16,43.16,42.31,41.75,6016946.0,62991504.0
2013-04-15,44.01,45.06,43.77,42.72,3439700.0,37137964.0
2013-04-12,45.18,45.34,44.57,44.05,2191500.0,24192368.0
2013-04-11,45.54,45.86,44.98,44.81,6491317.0,72825368.0
2013-04-10,44.61,45.5,44.98,44.17,6914457.0,76691960.0
2013-04-09,43.56,45.3,44.57,43.28,7111153.0,78082624.0
2013-04-08,42.31,43.77,43.56,41.71,4251845.0,45218968.0
2013-04-03,42.84,43.48,42.96,42.11,2513962.0,26645496.0
2013-04-02,42.72,44.05,42.64,42.27,4736500.0,50668560.0
2013-04-01,43.08,43.48,42.72,42.43,3162649.0,33601160.0
2013-03-29,43.77,44.37,43.12,42.68,3161591.0,34090808.0
2013-03-28,44.98,45.3,44.09,43.69,4261475.0,46788780.0
2013-03-27,44.9,45.98,45.26,44.41,4877712.0,54595936.0
2013-03-26,45.58,45.58,44.85,44.33,4157081.0,46062980.0
2013-03-25,46.35,46.35,45.74,45.3,4905543.0,55570168.0
2013-03-22,45.9,46.63,46.1,45.62,4546362.0,51941572.0
2013-03-21,45.54,46.23,45.94,45.3,7182596.0,81737240.0
2013-03-20,44.61,45.74,45.54,44.61,6916439.0,77634720.0
2013-03-19,43.73,46.15,44.69,43.69,6098282.0,67874400.0
2013-03-18,44.94,45.54,43.89,43.56,5263149.0,57911200.0
2013-03-15,45.08,46.04,45.44,43.91,8490570.0,94902880.0
2013-03-14,45.96,45.96,45.44,44.75,7557892.0,85092656.0
2013-03-13,46.24,46.97,46.24,44.99,12915396.0,147616096.0
2013-03-12,45.96,46.2,45.72,44.79,6144334.0,69464536.0
2013-03-11,45.76,47.25,46.49,44.67,10819794.0,124204560.0
2013-03-08,45.6,46.12,45.76,45.36,4655652.0,52883008.0
2013-03-07,46.37,46.37,45.72,45.03,5912688.0,66891316.0
2013-03-06,46.16,46.73,46.49,45.36,7190658.0,82144872.0
2013-03-05,44.75,46.16,45.92,44.43,5276097.0,59148064.0
2013-03-04,45.56,45.56,44.91,43.87,6064670.0,67025736.0
2013-03-01,45.96,46.08,45.88,45.24,4258885.0,48197328.0
2013-02-28,44.67,46.16,45.92,44.47,5059873.0,57275280.0
2013-02-27,44.31,45.08,44.47,44.07,3766708.0,41629708.0
2013-02-26,45.48,45.96,44.19,44.15,5128516.0,57357804.0
2013-02-25,44.79,45.84,45.52,44.79,3093712.0,34871196.0
2013-02-22,45.88,46.28,44.79,44.51,4905557.0,55161632.0
2013-02-21,46.97,47.05,45.92,45.52,5926398.0,67824800.0
2013-02-20,46.81,47.45,47.41,46.45,4306081.0,50109428.0
2013-02-19,47.74,48.38,46.77,46.57,4827682.0,56794792.0
2013-02-18,48.22,48.38,47.78,47.49,5946882.0,70508880.0
2013-02-08,47.98,48.62,48.34,47.66,8287974.0,99033464.0
2013-02-07,50.64,50.64,49.15,47.49,14145484.0,170768480.0
2013-02-04,48.58,51.37,51.2,48.58,20168352.0,247997392.0
2013-02-01,48.34,48.99,48.3,47.98,6745970.0,81194824.0
2013-01-31,47.9,48.99,48.5,47.66,8729094.0,104699160.0
2013-01-30,49.19,49.19,47.86,47.21,4208378.0,50038356.0
2013-01-29,47.41,48.38,47.94,47.41,5399455.0,64030352.0
2013-01-28,46.33,48.14,47.66,46.33,6515551.0,76487968.0
2013-01-25,45.76,46.77,46.04,45.36,4117660.0,46967812.0
2013-01-24,46.61,47.9,45.76,45.44,6974399.0,80814976.0
2013-01-23,47.49,47.49,46.69,45.56,7715893.0,88772792.0
2013-01-22,48.66,48.78,47.49,46.97,6111118.0,72011504.0
2013-01-21,47.98,49.27,48.3,47.45,7488564.0,89802728.0
2013-01-18,47.29,48.58,47.98,47.29,8169306.0,97417608.0
2013-01-17,47.58,47.82,47.45,46.69,9830028.0,115249584.0
2013-01-16,46.28,49.39,48.22,46.04,16450484.0,196055344.0
2013-01-15,44.95,46.81,46.24,44.59,10186171.0,116380016.0
2013-01-14,43.34,45.03,44.91,43.26,7362770.0,80982440.0
2013-01-11,45.4,45.68,43.58,43.54,7841629.0,86361000.0
2013-01-10,44.95,46.0,45.32,44.71,8141207.0,91624976.0
2013-01-09,44.35,45.88,45.12,43.87,11444021.0,127982216.0
2013-01-08,43.95,44.87,44.11,43.74,10222696.0,112324992.0
2013-01-07,42.54,45.08,44.59,41.89,13694359.0,147914304.0
2013-01-04,43.18,43.38,42.54,42.01,7233055.0,76613592.0
2012-12-31,42.25,43.7,42.9,42.25,12515340.0,133872568.0
2012-12-28,42.09,42.38,42.13,41.57,5313328.0,55378152.0
2012-12-27,42.7,42.9,42.09,41.97,7529111.0,79007824.0
2012-12-26,41.73,42.98,42.7,41.73,11579619.0,121410168.0
2012-12-25,41.2,42.54,41.97,40.92,8131597.0,84160064.0
2012-12-24,41.65,41.81,41.16,41.04,4755215.0,48673672.0
2012-12-21,41.53,43.14,41.73,41.25,6841135.0,71339488.0
2012-12-20,41.93,42.29,41.65,40.92,5693981.0,58576440.0
2012-12-19,41.85,42.54,41.93,41.85,4629617.0,48368104.0
2012-12-18,42.62,43.02,41.85,41.73,9045128.0,94930512.0
2012-12-17,41.57,43.22,42.86,41.33,12783615.0,134270832.0
2012-12-14,40.28,42.29,41.45,40.24,9612450.0,99180688.0
2012-12-13,41.25,41.25,40.52,40.24,3074320.0,31036000.0
2012-12-12,41.12,41.65,41.25,40.84,3043501.0,31033032.0
2012-12-11,41.97,42.54,41.45,41.41,3699791.0,38487800.0
2012-12-10,41.81,42.29,42.17,41.12,6186718.0,64262704.0
2012-12-07,40.12,43.38,42.25,39.83,10677317.0,109913752.0
2012-12-06,40.12,40.4,40.16,38.58,6397135.0,62871360.0
2012-12-05,38.1,40.64,40.04,37.62,10918820.0,107389808.0
2012-12-04,39.15,39.47,38.79,36.16,8584638.0,79186656.0
2012-12-03,40.04,40.2,39.47,39.11,2520869.0,24745592.0
2012-11-30,39.91,40.52,40.24,39.79,3596180.0,35793472.0
2012-11-29,40.2,40.76,40.16,39.79,2773835.0,27635788.0
2012-11-28,39.95,40.52,40.28,39.75,2777964.0,27615096.0
2012-11-27,41.29,41.37,40.8,40.36,2334686.0,23664312.0
2012-11-26,41.12,41.93,41.49,40.72,4239608.0,43401300.0
2012-11-23,41.04,41.77,41.49,41.04,3030373.0,31040132.0
2012-11-22,42.09,42.09,41.49,40.72,3339220.0,34262112.0
2012-11-21,40.12,42.25,42.13,39.95,8053759.0,82107144.0
2012-11-20,40.72,40.84,40.36,39.71,4067569.0,40554948.0
2012-11-19,40.32,41.04,40.84,39.83,4288655.0,42826360.0
2012-11-16,41.2,41.53,41.29,40.04,2286217.0,23117660.0
2012-11-15,41.73,41.81,41.69,41.04,3769372.0,38694376.0
2012-11-14,41.81,42.41,42.17,41.29,3256864.0,33736680.0
2012-11-13,43.18,43.18,42.13,41.25,2907576.0,30155444.0
2012-11-12,42.33,43.54,43.18,41.89,4144164.0,43549444.0
2012-11-09,43.54,43.54,42.29,41.16,5436099.0,57019884.0
2012-11-08,45.92,45.92,43.62,43.58,4363861.0,48287448.0
2012-11-07,46.0,46.65,46.28,45.84,1572417.0,18019428.0
2012-11-06,46.61,46.93,46.24,45.36,1560825.0,17830882.0
2012-11-05,47.01,47.01,46.81,46.28,1160008.0,13391014.0
2012-11-02,46.81,47.01,46.77,46.33,1782397.0,20603304.0
2012-11-01,45.8,47.29,47.01,45.72,3231345.0,37287972.0
2012-10-31,45.16,45.8,45.8,45.03,1182214.0,13339482.0
2012-10-30,45.84,46.0,45.03,44.91,1685632.0,19065908.0
2012-10-29,46.16,46.89,45.76,44.83,2416337.0,27218584.0
2012-10-26,47.82,48.18,46.2,45.8,3021586.0,35087948.0
2012-10-25,48.99,49.11,47.82,47.58,3431353.0,41195308.0
2012-10-24,48.02,49.15,48.54,48.02,2330429.0,28103738.0
2012-10-23,49.11,49.35,48.38,48.3,2134410.0,25768644.0
2012-10-22,48.99,49.43,49.15,48.38,2687318.0,32592874.0
2012-10-19,49.35,49.99,49.31,49.15,1628441.0,19956088.0
2012-10-18,48.87,49.91,49.35,48.87,2727213.0,33370684.0
2012-10-17,48.87,49.15,48.83,48.46,1119420.0,13552876.0
2012-10-16,48.5,49.19,48.87,48.1,1795668.0,21702954.0
2012-10-15,48.99,49.39,48.54,47.98,2053916.0,24739276.0
2012-10-12,49.31,50.6,49.39,48.78,2321307.0,28546368.0
2012-10-11,50.48,50.8,49.35,49.23,3563460.0,44037388.0
2012-10-10,50.44,51.0,50.8,50.08,3558918.0,44684684.0
2012-10-09,49.67,51.0,50.52,49.67,3695619.0,46276052.0
2012-10-08,50.28,51.12,49.91,49.55,3190036.0,39684548.0
2012-09-28,48.02,50.28,50.24,48.02,5064398.0,62403080.0
2012-09-27,46.77,49.99,48.7,46.77,4901348.0,58603996.0
2012-09-26,48.95,48.95,47.01,46.61,3109632.0,36625752.0
2012-09-25,49.39,49.67,48.95,48.14,1917233.0,23203296.0
2012-09-24,48.78,49.95,49.47,48.34,2681635.0,32823724.0
2012-09-21,49.27,50.6,49.43,48.42,2969050.0,36527312.0
2012-09-20,51.2,51.93,49.79,49.19,3791650.0,47400440.0
2012-09-19,50.36,51.53,51.33,49.75,4084593.0,51308352.0
2012-09-18,49.91,50.24,50.03,49.43,2351794.0,29110934.0
2012-09-17,51.37,51.37,49.59,49.39,3315167.0,41417804.0
2012-09-14,51.69,52.17,51.53,50.8,4023808.0,51551552.0
2012-09-13,51.81,52.33,50.88,50.8,3297957.0,42169816.0
2012-09-12,51.41,52.66,52.17,51.41,7163513.0,92669624.0
2012-09-11,51.85,51.85,51.33,51.08,2995433.0,38120104.0
2012-09-10,51.61,52.21,51.97,51.2,4862186.0,62407960.0
2012-09-07,51.2,52.82,51.77,50.72,8200856.0,105134264.0
2012-09-06,49.99,50.8,50.48,49.71,3658856.0,45730412.0
2012-09-05,50.12,50.28,49.91,49.19,2751823.0,33937216.0
2012-09-04,49.51,50.52,49.83,49.19,4894330.0,60703024.0
2012-09-03,48.74,50.4,49.75,48.06,3684294.0,45363256.0
2012-08-31,49.39,49.71,48.74,48.26,2131753.0,25856724.0
2012-08-30,50.12,50.32,48.99,47.82,4738496.0,57910904.0
2012-08-29,49.27,50.12,49.79,48.87,3246459.0,39897212.0
2012-08-28,49.11,50.76,49.71,48.99,2725729.0,33543152.0
2012-08-27,50.32,50.32,49.43,48.3,3936243.0,47921608.0
2012-08-24,51.2,51.53,50.32,49.67,3368750.0,42249144.0
2012-08-23,51.2,51.73,51.33,50.72,4020058.0,51181556.0
2012-08-22,51.89,51.89,51.08,50.44,3997594.0,50669404.0
2012-08-21,48.99,51.53,51.12,48.99,5414580.0,67666160.0
2012-08-20,49.59,49.83,49.11,47.98,3476765.0,41962016.0
2012-08-17,50.08,50.52,49.87,49.11,2162402.0,26694360.0
2012-08-16,50.52,50.88,50.52,49.91,1805001.0,22550244.0
2012-08-15,51.61,51.89,50.64,50.2,2527323.0,31899712.0
2012-08-14,50.76,52.21,51.93,49.51,5315358.0,66912396.0
2012-08-13,52.82,52.98,51.04,50.96,4657436.0,59984776.0
2012-08-10,52.41,53.62,52.98,52.33,4745649.0,62444448.0
2012-08-09,52.25,52.82,52.78,51.53,4751118.0,61506856.0
2012-08-08,52.74,53.7,52.45,52.09,7357103.0,96840200.0
2012-08-07,52.33,52.82,52.7,51.69,6739850.0,87517520.0
2012-08-06,49.99,52.53,52.37,49.87,8069207.0,103091216.0
2012-08-03,51.61,51.65,50.48,49.63,4566010.0,57002672.0
2012-08-02,49.35,50.76,49.79,48.74,3951987.0,48668540.0
2012-08-01,47.94,50.4,49.75,47.66,4344015.0,53334284.0
2012-07-31,50.48,50.6,48.38,47.98,3527688.0,42690620.0
2012-07-30,50.6,51.37,50.32,49.75,3414160.0,42679220.0
2012-07-27,51.33,52.17,50.36,49.95,4714034.0,59894276.0
2012-07-26,50.56,52.29,51.16,50.56,4982284.0,63738232.0
2012-07-25,52.13,53.02,50.96,50.88,6388680.0,81872728.0
2012-07-24,52.41,53.5,52.7,52.01,9310226.0,122628984.0
2012-07-23,52.37,53.78,53.06,51.89,13131056.0,172207776.0
2012-07-20,51.77,53.26,53.14,51.04,16781996.0,216814240.0
2012-07-19,47.9,52.01,52.01,47.41,20598132.0,261023312.0
2012-07-18,46.57,47.45,47.29,45.88,4707270.0,54587164.0
2012-07-17,45.12,46.97,46.45,45.12,4037397.0,46464892.0
2012-07-16,47.29,47.41,45.56,45.08,4126044.0,47084432.0
2012-07-13,47.17,48.18,47.7,46.89,3979942.0,46855048.0
2012-07-12,46.37,47.62,47.53,45.8,6311215.0,73588304.0
2012-07-11,45.2,46.69,46.33,45.2,3261497.0,37324656.0
2012-07-10,45.84,47.09,45.64,44.95,2988817.0,33955736.0
2012-07-09,47.17,47.94,45.76,44.75,3554789.0,41207308.0
2012-07-06,47.09,47.53,47.49,46.04,3558154.0,41214680.0
2012-07-05,47.98,47.98,46.57,45.96,3514343.0,40724552.0
2012-07-04,48.38,49.39,47.86,47.58,5120762.0,61171252.0
2012-07-03,47.17,48.99,48.5,47.17,5659872.0,67857368.0
2012-07-02,47.9,48.62,47.62,46.77,5211275.0,61531272.0
2012-06-29,46.04,47.45,47.05,44.95,5035205.0,57849444.0
2012-06-28,47.09,48.74,46.16,45.96,4862190.0,57198060.0
2012-06-27,48.14,48.3,46.97,46.89,2800806.0,33136116.0
2012-06-26,47.58,49.11,48.14,46.53,2729659.0,32465612.0
2012-06-25,51.04,51.04,47.98,47.58,5619704.0,67995816.0
2012-06-21,52.41,52.82,51.12,50.24,3836640.0,48756312.0
2012-06-20,53.62,53.62,52.94,52.62,3566318.0,46795808.0
2012-06-19,53.42,53.87,53.18,52.58,4646815.0,61329188.0
2012-06-18,53.5,53.62,53.18,52.7,3810563.0,50103952.0
2012-06-15,53.26,53.87,53.06,52.41,4629523.0,61126136.0
2012-06-14,52.45,53.83,53.1,52.01,6405654.0,84383552.0
2012-06-13,52.01,52.82,52.37,51.41,3116176.0,40353636.0
2012-06-12,52.17,52.17,51.77,51.2,1789386.0,22911982.0
2012-06-11,51.93,52.41,52.13,51.12,3139782.0,40432796.0
2012-06-08,52.41,52.41,51.61,50.6,3222798.0,41076880.0
2012-06-07,53.22,53.34,51.89,50.24,5235912.0,67227136.0
2012-06-06,54.55,54.99,52.45,52.01,4984184.0,65610452.0
2012-06-05,55.6,55.6,54.43,53.62,2988273.0,40265224.0
2012-06-04,56.45,58.38,55.6,55.16,5303815.0,74780456.0
2012-06-01,55.4,56.41,55.84,55.4,2742907.0,45666856.0
2012-05-31,55.44,56.34,55.64,55.1,2607804.0,43250324.0
2012-05-30,55.4,56.71,55.71,55.0,2599813.0,43377960.0
2012-05-29,54.16,55.94,55.77,53.73,4294301.0,70174776.0
2012-05-28,54.56,54.56,53.99,52.05,4949222.0,78298808.0
2012-05-25,55.74,56.38,54.77,54.73,3497508.0,57775640.0
2012-05-24,55.91,56.65,55.98,55.44,3793493.0,63291792.0
2012-05-23,57.25,57.65,56.18,55.64,5368858.0,89775888.0
2012-05-22,57.12,58.09,57.25,56.88,3627881.0,61893016.0
2012-05-21,56.28,58.59,57.08,55.07,5440820.0,91677168.0
2012-05-17,56.24,57.65,57.28,55.98,4870285.0,82616776.0
2012-05-16,57.76,58.06,56.68,56.61,6680738.0,114074288.0
2012-05-15,59.5,59.5,58.19,57.12,8087300.0,139886464.0
2012-05-14,58.76,60.84,59.53,58.46,15503518.0,277177408.0
2012-05-11,58.12,59.1,58.39,57.02,8561818.0,148301712.0
2012-05-10,56.75,59.1,58.02,56.75,8620961.0,149918352.0
2012-05-09,58.19,58.59,56.85,56.71,9284036.0,158726640.0
2012-05-08,56.14,59.77,58.96,55.67,15047619.0,261138608.0
2012-05-07,54.4,56.24,55.51,54.4,4654231.0,77060128.0
2012-05-04,56.04,56.41,55.07,54.26,8370665.0,137004912.0
2012-05-03,56.91,56.91,56.04,55.34,6345730.0,105687136.0
2012-05-02,56.01,57.69,57.05,55.4,7166848.0,121187696.0
2012-04-27,55.74,56.18,55.64,54.23,5073461.0,83230896.0
2012-04-26,56.81,57.62,55.67,55.61,4295987.0,71951672.0
2012-04-25,58.09,58.09,56.71,56.08,6532706.0,110711552.0
2012-04-24,56.08,58.12,57.76,54.4,8609563.0,144217488.0
2012-04-23,58.56,58.76,56.91,56.08,7232387.0,123025816.0
2012-04-20,59.03,59.27,58.59,56.85,7530949.0,130178216.0
2012-04-19,56.18,59.6,58.39,56.08,11507232.0,201140256.0
2012-04-18,55.4,56.98,56.75,55.4,6391987.0,107266360.0
2012-04-17,57.42,58.19,55.37,55.24,11610450.0,195499120.0
2012-04-16,58.09,58.96,58.02,57.42,6289765.0,108939264.0
2012-04-13,59.5,60.37,58.93,57.76,10907120.0,191398752.0
2012-04-12,58.59,59.53,59.23,57.42,10438568.0,182234592.0
2012-04-11,58.43,61.05,58.63,57.49,13572298.0,240916048.0
2012-04-10,57.76,59.7,59.4,54.97,15796237.0,269805216.0
2012-04-09,57.55,60.0,58.43,56.81,12560741.0,220332128.0
2012-04-06,57.49,59.57,57.76,57.25,16194784.0,281627712.0
2012-04-05,51.91,57.02,57.02,51.91,12383650.0,202986176.0
2012-03-30,53.42,54.73,51.84,49.73,10096528.0,157427200.0
2012-03-29,53.36,55.0,53.42,51.54,10344804.0,164420784.0
2012-03-28,57.02,57.02,53.69,53.39,15257060.0,249183088.0
2012-03-27,57.45,60.07,57.82,57.42,13670740.0,239071344.0
2012-03-26,55.94,57.62,56.71,55.94,8111400.0,136949024.0
2012-03-23,56.34,58.02,55.74,55.24,10364229.0,173780976.0
2012-03-22,57.08,59.6,56.81,54.73,16317199.0,278302624.0
2012-03-21,55.34,59.2,57.45,55.34,20066776.0,343503104.0
2012-03-20,56.08,56.18,55.0,54.73,17128608.0,282551328.0
2012-03-19,51.91,56.28,56.28,51.44,27815560.0,451489952.0
2012-03-16,48.86,51.58,51.17,48.02,10376676.0,154006944.0
2012-03-15,48.69,50.06,48.79,47.35,10671653.0,156264592.0
2012-03-14,52.65,52.99,48.69,48.29,17035460.0,257253616.0
2012-03-13,51.14,53.49,52.52,50.97,16596964.0,260303968.0
2012-03-12,48.86,51.98,51.14,48.62,16261569.0,245758512.0
2012-03-09,47.45,48.86,48.59,47.38,8410265.0,121271800.0
2012-03-08,46.81,47.88,47.41,46.71,5137324.0,72430864.0
2012-03-07,47.11,47.61,46.57,46.34,8696175.0,121762040.0
2012-03-06,49.19,49.26,47.85,47.51,8544609.0,122487320.0
2012-03-05,48.76,50.33,49.39,48.76,7044636.0,103907120.0
2012-03-02,48.76,49.86,49.26,48.69,6124016.0,89948352.0
2012-03-01,49.36,49.73,48.76,48.25,7531119.0,109537656.0
2012-02-29,49.36,50.67,49.73,48.35,8437041.0,124153040.0
2012-02-28,50.37,50.37,49.43,48.35,9792881.0,144087776.0
2012-02-27,50.87,51.48,50.77,50.37,11642801.0,176400096.0
2012-02-24,51.54,51.81,50.87,50.03,10319911.0,155901168.0
2012-02-23,51.21,52.05,51.21,50.2,13395339.0,203590672.0
2012-02-22,49.06,51.61,51.27,48.86,19092728.0,288707168.0
2012-02-21,48.76,49.56,49.06,47.34,11453065.0,165483024.0
2012-02-20,48.22,50.0,49.19,47.14,17045048.0,248234272.0
2012-02-17,48.19,48.45,47.75,46.61,7078694.0,99681384.0
2012-02-16,47.85,49.36,47.92,47.11,9778598.0,140483408.0
2012-02-15,47.78,48.79,47.85,46.61,11670296.0,165759904.0
2012-02-14,49.06,49.23,48.12,47.51,9347135.0,133655936.0
2012-02-13,46.98,49.76,49.09,46.34,15852943.0,229949904.0
2012-02-10,46.77,47.92,47.38,46.54,9432167.0,132331712.0
2012-02-09,48.45,49.02,47.31,47.04,11753001.0,168033952.0
2012-02-08,46.98,48.86,48.45,46.41,12947871.0,183826448.0
2012-02-07,47.85,47.95,47.24,46.04,12146388.0,170179440.0
2012-02-06,46.47,48.52,48.32,45.83,15491366.0,218959472.0
2012-02-03,45.83,48.02,46.1,45.67,16774464.0,232369792.0
2012-02-02,43.32,46.67,46.34,42.64,15800195.0,212854304.0
2012-02-01,41.97,44.19,42.81,41.5,12917181.0,166745504.0
2012-01-31,40.29,43.25,42.48,40.16,11088294.0,138696416.0
2012-01-30,38.95,42.41,41.23,38.95,16667159.0,204218160.0
2012-01-20,38.85,39.19,38.55,38.18,5366675.0,61601264.0
2012-01-19,38.88,39.62,38.78,38.04,5603556.0,64735312.0
2012-01-18,40.16,41.1,39.22,38.62,6793733.0,80933664.0
2012-01-17,37.04,39.89,39.82,36.27,8569149.0,97864368.0
2012-01-16,38.28,38.72,37.07,36.27,4575220.0,51191860.0
2012-01-13,38.68,39.45,38.51,37.27,7268227.0,83020912.0
2012-01-12,38.11,40.02,39.02,37.81,7673074.0,89177720.0
2012-01-11,37.41,38.48,38.38,37.27,5976009.0,67471472.0
2012-01-10,36.03,38.51,37.81,35.76,7480106.0,83291072.0
2012-01-09,34.18,36.27,36.16,33.58,6060788.0,63941736.0
2012-01-06,33.58,34.28,34.18,32.91,2695359.0,26972804.0
2012-01-05,34.25,34.55,34.15,33.24,3142881.0,31627666.0
2012-01-04,36.16,36.23,34.72,34.22,3994349.0,41768672.0
