date,open,high,close,low,volume,amount
2015-07-10,42.8,46.49,46.49,42.28,29751120.0,290848736.0
2015-07-09,34.61,42.28,42.28,34.61,29931436.0,257961472.0
2015-07-08,38.45,40.36,38.45,38.45,68537464.0,566515264.0
2015-07-07,45.37,45.37,42.7,42.7,12955338.0,118691584.0
2015-07-06,57.72,57.72,47.43,47.43,34872176.0,376026080.0
2015-07-03,56.12,57.58,52.71,52.71,21974768.0,253074688.0
2015-07-02,66.03,66.08,58.53,58.48,31490600.0,418011744.0
2015-07-01,65.47,68.68,65.0,63.89,39878804.0,570463680.0
2015-06-30,59.42,65.33,65.19,56.34,32286248.0,425499232.0
2015-06-29,61.79,62.86,60.16,55.78,33435000.0,430324736.0
2015-06-26,63.79,65.19,59.46,59.32,27279560.0,363532544.0
2015-06-25,69.1,69.8,65.94,64.35,30776180.0,451250336.0
2015-06-24,65.8,68.59,68.45,65.47,29861896.0,429634208.0
2015-06-23,63.28,65.61,65.47,58.77,24018160.0,324852000.0
2015-06-19,66.45,68.82,63.19,63.05,23129544.0,327059584.0
2015-06-18,71.01,72.83,69.01,68.92,23504268.0,359745152.0
2015-06-17,68.96,71.62,71.43,66.59,25370196.0,376952096.0
2015-06-16,74.08,74.13,69.43,68.92,32605656.0,499695712.0
2015-06-15,74.74,78.6,75.16,73.94,37910044.0,619968000.0
2015-06-12,73.2,77.58,75.02,73.15,48231116.0,779892800.0
2015-06-11,71.48,73.34,73.2,70.64,33180908.0,510770592.0
2015-06-10,69.38,72.73,71.38,68.45,37237824.0,570546624.0
2015-06-09,70.83,71.62,70.08,68.68,34708468.0,522524608.0
2015-06-08,68.73,72.92,71.57,68.22,57278020.0,862280832.0
2015-06-05,66.03,68.92,68.36,65.7,43345668.0,626293760.0
2015-06-04,66.73,66.91,65.42,61.47,31802616.0,440300480.0
2015-06-03,68.73,68.92,66.31,65.42,35676724.0,514033664.0
2015-06-02,67.75,69.57,68.5,66.45,47321024.0,691260352.0
2015-06-01,65.75,68.45,68.12,63.89,55380592.0,790247488.0
2015-05-29,65.28,67.89,65.19,63.14,53869752.0,762951936.0
2015-05-28,65.75,68.31,64.63,64.26,61325664.0,873788480.0
2015-05-27,61.93,68.45,65.84,60.91,62160960.0,864561856.0
2015-05-26,61.37,62.63,62.26,60.12,40937284.0,540889344.0
2015-05-25,59.6,61.6,61.19,59.18,36296300.0,472212320.0
2015-05-22,58.9,59.7,59.6,58.02,31482292.0,398112544.0
2015-05-21,56.81,58.48,58.39,56.76,23722432.0,293486112.0
2015-05-20,56.81,57.88,56.95,56.58,24880004.0,305665184.0
2015-05-19,54.99,57.18,56.81,54.99,20759352.0,250568080.0
2015-05-18,54.71,55.55,55.27,54.71,14777306.0,175425008.0
2015-05-15,55.65,56.67,55.18,54.53,19257292.0,230587024.0
2015-05-14,55.92,56.48,55.55,55.18,14079090.0,168408288.0
2015-05-13,56.58,56.62,56.11,55.18,15720234.0,189729520.0
2015-05-12,56.53,57.18,56.81,55.92,18608380.0,226217648.0
2015-05-11,55.88,56.81,56.58,55.41,18723138.0,225857520.0
2015-05-08,55.09,55.88,55.83,54.71,14243911.0,169126272.0
2015-05-07,54.34,54.85,54.67,53.83,15371054.0,179732848.0
2015-05-06,55.55,56.48,54.39,53.6,18246792.0,216760512.0
2015-05-05,58.72,59.0,55.55,55.09,20947742.0,256158032.0
2015-05-04,57.93,58.86,58.62,57.55,17826044.0,223248528.0
2015-04-30,59.51,59.88,58.07,57.88,23790676.0,300053184.0
2015-04-29,59.42,60.16,59.56,58.9,19605248.0,251024448.0
2015-04-28,60.53,60.67,59.09,58.11,30201884.0,383413696.0
2015-04-27,60.72,61.93,61.05,59.84,30224408.0,394835744.0
2015-04-24,59.98,62.07,60.67,59.37,35874104.0,469864960.0
2015-04-23,61.23,61.84,60.95,59.32,43770648.0,569378112.0
2015-04-22,59.88,61.14,61.09,59.74,39168096.0,508849568.0
2015-04-21,57.51,60.21,59.7,57.51,33948428.0,431144864.0
2015-04-20,59.18,60.3,57.41,57.18,35375844.0,446357728.0
2015-04-17,60.53,60.91,59.93,59.32,36512064.0,470623360.0
2015-04-16,57.09,62.4,60.81,56.34,49360516.0,637316736.0
2015-04-15,59.84,60.21,57.69,57.6,31179412.0,393245088.0
2015-04-14,58.34,60.63,60.26,57.79,43318652.0,553400768.0
2015-04-13,57.79,59.32,58.39,57.09,35726572.0,446664480.0
2015-04-10,55.37,57.65,57.6,55.04,31766386.0,385836544.0
2015-04-09,57.55,57.97,55.65,54.48,32514196.0,390432512.0
2015-04-08,57.32,58.62,57.27,56.44,41697204.0,516028960.0
2015-04-07,56.16,57.41,57.27,55.97,40081012.0,488498784.0
2015-04-03,56.02,56.11,55.97,54.85,31708212.0,377702528.0
2015-04-02,55.69,56.81,56.11,55.41,31214458.0,376503040.0
2015-04-01,54.06,55.74,55.55,54.02,25518498.0,300871680.0
2015-03-31,55.6,55.78,54.29,54.06,26657964.0,315068352.0
2015-03-30,55.09,55.6,55.41,54.85,23325688.0,276675232.0
2015-03-27,55.41,55.69,55.04,54.57,22748140.0,269517280.0
2015-03-26,53.88,56.81,55.65,53.32,42795324.0,504830272.0
2015-03-25,53.13,54.39,54.11,52.99,38598024.0,447749920.0
2015-03-24,54.39,54.39,53.22,51.73,40496928.0,464195040.0
2015-03-23,54.9,55.09,54.48,53.55,36597232.0,426326976.0
2015-03-20,52.34,54.48,54.16,52.01,38687320.0,442660128.0
2015-03-19,52.85,52.9,52.34,51.73,25291804.0,283760992.0
2015-03-18,51.69,52.94,52.8,51.17,29792848.0,335130464.0
2015-03-17,50.8,52.48,51.59,50.43,34777260.0,385729568.0
2015-03-16,50.34,50.85,50.66,49.92,24087272.0,260962688.0
2015-03-13,49.59,50.06,49.87,49.13,16200284.0,172750000.0
2015-03-12,49.08,49.96,49.55,48.57,18221932.0,193099600.0
2015-03-11,49.03,50.06,49.08,48.85,12987568.0,137627664.0
2015-03-10,49.41,49.73,49.03,48.94,11835943.0,125428416.0
2015-03-09,48.99,49.55,49.36,48.24,10381407.0,108805592.0
2015-03-06,49.78,50.15,49.17,48.99,12121384.0,128484424.0
2015-03-05,49.03,50.01,49.82,48.75,20789116.0,220366016.0
2015-03-04,47.87,49.73,49.45,47.73,25673316.0,269793120.0
2015-03-03,48.66,48.66,47.77,47.68,16037418.0,166004432.0
2015-03-02,48.38,48.85,48.8,47.82,18286814.0,189930416.0
2015-02-27,47.73,48.57,48.19,47.64,19333852.0,199779040.0
2015-02-26,46.56,47.68,47.64,46.52,11956191.0,121117456.0
2015-02-25,47.17,47.26,46.56,46.33,11816628.0,118243792.0
2015-02-17,48.19,48.29,47.17,46.61,21513064.0,218329616.0
2015-02-16,47.5,48.05,48.05,47.17,14127941.0,144481264.0
2015-02-13,47.22,48.38,47.4,47.03,16061358.0,164841120.0
2015-02-12,47.5,47.54,47.08,46.24,10589798.0,106572120.0
2015-02-11,47.45,47.77,47.54,46.7,8585123.0,87273632.0
2015-02-10,47.08,48.01,47.64,47.08,6713582.0,68646600.0
2015-02-09,46.15,47.36,46.98,46.15,7415365.0,74559240.0
2015-02-06,47.73,48.05,46.05,45.68,12201848.0,122759392.0
2015-02-05,49.59,49.82,47.77,47.73,11196331.0,117056480.0
2015-02-04,49.59,50.2,49.03,48.94,9206930.0,98037904.0
2015-02-03,49.59,50.24,49.82,48.52,13144796.0,138912496.0
2015-02-02,50.62,51.31,49.59,49.41,11954709.0,129058152.0
2015-01-30,51.13,51.92,51.45,50.9,16540872.0,182780112.0
2015-01-29,50.29,52.01,51.03,50.06,14091369.0,154934592.0
2015-01-28,51.03,51.45,50.66,50.38,9708042.0,106122192.0
2015-01-27,51.22,51.69,51.17,50.38,13986464.0,153416208.0
2015-01-26,50.38,51.36,51.27,49.73,13179236.0,143673568.0
2015-01-23,51.45,51.78,50.48,50.29,13700791.0,150032336.0
2015-01-22,51.64,51.64,51.5,50.9,12413817.0,136684880.0
2015-01-21,50.62,51.59,51.5,50.15,16679057.0,182280960.0
2015-01-20,48.19,50.66,50.57,48.05,19895992.0,211279552.0
2015-01-19,48.89,51.5,48.19,46.84,17849314.0,190262288.0
2015-01-16,51.59,51.92,51.73,50.8,14946199.0,164855056.0
2015-01-15,50.52,51.64,51.59,50.43,15966595.0,174197312.0
2015-01-14,52.06,52.43,50.62,50.06,20810264.0,227038528.0
2015-01-13,53.69,54.76,52.06,51.69,18653360.0,212509936.0
2015-01-12,54.48,55.83,53.6,53.08,18487460.0,215957824.0
2015-01-09,55.41,57.37,55.27,54.95,28438432.0,343571552.0
2015-01-08,55.41,57.74,55.97,54.11,24937976.0,298394720.0
2015-01-07,56.34,58.11,55.78,55.18,24351392.0,295954112.0
2015-01-06,56.39,57.04,56.44,55.41,24903800.0,300760224.0
2015-01-05,54.34,57.37,57.04,53.32,37408356.0,450832128.0
2014-12-31,54.11,55.46,54.34,53.69,17767928.0,207462384.0
2014-12-30,56.81,57.32,54.9,54.76,35382700.0,425763904.0
2014-12-29,54.95,57.09,56.95,53.08,50962648.0,602804928.0
2014-12-26,54.71,55.32,54.76,54.06,22481472.0,264060272.0
2014-12-25,54.16,55.83,55.04,53.22,34878328.0,407282688.0
2014-12-24,53.04,56.25,54.62,52.48,66142800.0,778534208.0
2014-12-23,50.76,54.2,53.27,49.82,50129664.0,569175680.0
2014-12-22,51.22,51.59,51.22,48.94,27215816.0,293971136.0
2014-12-19,50.57,53.04,51.92,50.29,24290656.0,269598112.0
2014-12-18,51.27,52.34,50.76,50.34,17358502.0,190735200.0
2014-12-17,52.99,52.99,51.27,49.96,26786632.0,296152512.0
2014-12-16,54.02,54.02,53.08,52.52,22002160.0,250384048.0
2014-12-15,52.57,55.32,53.97,51.22,42553132.0,489796576.0
2014-12-12,51.13,53.32,52.62,50.94,34787968.0,390809408.0
2014-12-11,50.15,51.97,50.9,49.87,24166616.0,264489792.0
2014-12-10,48.24,50.62,50.1,48.1,25056610.0,266730832.0
2014-12-09,51.08,53.55,48.89,48.66,53219116.0,588356736.0
2014-12-08,50.52,52.62,51.64,48.89,41590044.0,455137280.0
2014-12-05,52.76,53.5,50.94,48.89,52158812.0,576514240.0
2014-12-04,51.59,53.83,53.08,51.36,48205892.0,544464000.0
2014-12-03,50.29,55.32,52.01,49.82,65300028.0,738074880.0
2014-12-02,49.45,52.34,50.8,47.82,74035280.0,794379264.0
2014-12-01,44.75,49.22,49.22,44.75,82605024.0,846576320.0
2014-11-28,45.26,46.01,44.75,43.77,29374648.0,284177760.0
2014-11-27,45.07,46.01,45.49,44.8,36757844.0,357859520.0
2014-11-26,43.21,46.89,45.35,42.75,51041004.0,490944832.0
2014-11-25,42.51,43.21,43.12,42.28,19996154.0,183638656.0
2014-11-24,42.14,42.89,42.51,41.72,19653968.0,178886336.0
2014-11-21,41.4,42.0,41.95,41.12,10242598.0,91328680.0
2014-11-20,41.67,42.14,41.4,41.21,10414862.0,92950800.0
2014-11-19,41.58,42.14,41.86,41.58,7533139.0,67698304.0
2014-11-18,42.37,42.61,41.81,41.58,14230551.0,128360592.0
2014-11-17,44.47,44.89,42.61,42.37,23662356.0,219442064.0
2014-11-14,42.33,44.0,43.58,42.19,25646448.0,238832992.0
2014-11-13,43.21,43.77,42.84,42.51,21751014.0,201363136.0
2014-11-12,42.56,43.3,43.21,42.0,22847568.0,209072256.0
2014-11-11,44.05,45.49,42.98,42.14,62169440.0,584842048.0
2014-11-10,40.93,43.21,43.16,40.65,47117160.0,428652672.0
2014-11-07,41.53,41.58,40.56,40.28,14185845.0,124917208.0
2014-11-06,41.72,42.0,41.67,40.98,10809262.0,96168360.0
2014-11-05,41.54,42.23,41.72,41.3,11478145.0,103129040.0
2014-11-04,41.91,42.0,41.54,41.35,13862798.0,123727192.0
2014-11-03,41.26,42.51,42.14,41.16,28313204.0,254373376.0
2014-10-31,39.72,43.16,41.58,39.35,31440864.0,279152448.0
2014-10-30,39.53,40.42,39.67,39.3,11588688.0,99406136.0
2014-10-29,39.63,39.86,39.63,39.21,8291562.0,70396272.0
2014-10-28,38.7,39.58,39.44,38.51,7339988.0,61764440.0
2014-10-27,38.23,38.88,38.79,37.99,4780543.0,39381876.0
2014-10-24,38.23,38.51,38.32,38.04,4870500.0,39887536.0
2014-10-23,39.02,39.4,38.23,38.13,9253082.0,76475656.0
2014-10-22,40.15,40.33,39.16,39.07,9864899.0,83600848.0
2014-10-21,40.75,41.03,40.1,40.01,7318462.0,63478368.0
2014-10-20,40.38,40.94,40.75,40.38,8174503.0,71033128.0
2014-10-17,40.9,41.08,40.38,39.77,12049011.0,103941688.0
2014-10-16,41.5,42.11,40.9,40.8,11940279.0,106086920.0
2014-10-15,41.55,41.88,41.74,40.85,10768756.0,95188968.0
2014-10-14,41.64,42.16,41.5,41.17,13322627.0,118519472.0
2014-10-13,42.58,42.58,41.78,41.32,18388212.0,163487456.0
2014-10-10,43.0,43.23,42.63,42.25,14913584.0,136117872.0
2014-10-09,41.97,43.28,43.23,41.92,27769142.0,252464080.0
2014-10-08,41.41,41.78,41.78,41.22,15655541.0,138907360.0
2014-09-30,41.41,41.6,41.36,41.08,15329507.0,135407040.0
2014-09-29,41.27,41.55,41.41,41.13,15482083.0,136750400.0
2014-09-26,40.38,41.41,41.13,40.33,12926349.0,113096600.0
2014-09-25,41.36,41.74,40.71,40.57,25201584.0,221966288.0
2014-09-24,40.52,41.5,41.5,40.29,23117140.0,201800160.0
2014-09-23,41.13,41.36,40.8,39.96,26938796.0,233260672.0
2014-09-22,42.34,42.63,41.22,40.85,26479566.0,235552352.0
2014-09-19,42.34,44.31,43.47,40.71,44567152.0,403680960.0
2014-08-29,42.72,45.76,44.69,42.39,33903164.0,319694208.0
2014-08-28,41.6,42.86,42.53,41.46,17798996.0,160725504.0
2014-08-27,40.94,41.88,41.6,40.52,13056390.0,115964312.0
2014-08-26,40.99,41.55,40.61,40.29,9919976.0,86531368.0
2014-08-25,42.2,42.39,41.32,41.17,10308590.0,91512032.0
2014-08-22,41.88,42.81,42.2,41.46,12937560.0,116905976.0
2014-08-21,42.77,42.95,41.78,41.17,17242732.0,154378688.0
2014-08-20,41.88,43.75,42.72,41.6,30299236.0,278231488.0
2014-08-19,41.32,42.25,41.83,40.75,22307912.0,197869488.0
2014-08-18,40.71,41.55,41.41,40.47,19282766.0,169203280.0
2014-08-15,40.57,41.32,40.61,40.24,16134410.0,140165632.0
2014-08-14,40.15,41.64,40.66,40.05,38978640.0,341282816.0
2014-08-13,38.79,41.41,40.38,38.7,48357888.0,414846528.0
2014-08-12,38.51,38.93,38.65,37.9,20852658.0,171717424.0
2014-08-11,37.62,38.37,38.23,37.62,11169202.0,90959424.0
2014-08-08,37.71,38.13,37.62,37.43,9965783.0,80220832.0
2014-08-07,37.95,38.84,37.85,37.81,14635575.0,119559272.0
2014-08-06,38.27,38.27,38.04,37.67,13104973.0,106370624.0
2014-08-05,38.23,38.7,38.41,37.81,15110497.0,123521488.0
2014-08-04,37.67,38.41,38.27,37.48,14326704.0,116146832.0
2014-08-01,38.51,39.02,37.62,37.57,22224304.0,181254736.0
2014-07-31,37.15,39.4,38.65,37.01,32737810.0,268605568.0
2014-07-30,36.96,37.53,37.2,36.78,14220314.0,112642960.0
2014-07-29,37.1,37.53,37.1,36.59,19581530.0,154863392.0
2014-07-28,36.68,37.95,37.15,36.36,33789576.0,268930080.0
2014-07-25,35.65,37.2,36.64,35.33,21684010.0,168964768.0
2014-07-24,35.61,35.89,35.7,34.86,13530298.0,102354976.0
2014-07-23,35.61,36.26,35.61,35.42,11269953.0,86105968.0
2014-07-22,35.51,36.26,35.84,35.14,16716711.0,127541976.0
2014-07-21,36.12,37.1,36.08,35.51,19324762.0,150115520.0
2014-07-18,35.09,37.24,36.36,34.91,36681672.0,285447392.0
2014-07-17,35.47,35.89,35.23,34.77,15989460.0,120575680.0
2014-07-16,37.2,37.2,35.94,35.33,41608696.0,322939168.0
2014-07-15,33.59,37.2,37.2,33.55,47379844.0,364740672.0
2014-07-14,32.8,34.2,33.83,32.75,15127592.0,108808080.0
2014-07-11,32.66,32.94,32.8,32.52,4440038.0,31115744.0
2014-07-10,32.61,32.89,32.61,32.43,4844778.0,33782744.0
2014-07-09,32.85,33.13,32.61,32.52,7473691.0,52303908.0
2014-07-08,32.85,32.89,32.8,32.43,4661560.0,32537292.0
2014-07-07,32.99,33.22,32.85,32.57,5538152.0,38861620.0
2014-07-04,33.55,33.78,33.13,33.08,7359512.0,52248912.0
2014-07-03,33.59,33.92,33.59,33.22,7839976.0,56104720.0
2014-07-02,33.17,33.74,33.64,33.08,9756856.0,69826424.0
2014-07-01,32.8,33.45,33.08,32.52,8451602.0,59690824.0
2014-06-30,32.61,33.03,32.8,32.61,4959574.0,34790008.0
2014-06-27,32.43,32.85,32.61,32.33,5807249.0,40465300.0
2014-06-26,32.43,32.66,32.43,32.28,5273690.0,36607428.0
2014-06-25,32.8,33.17,32.38,32.24,7505143.0,52323284.0
2014-06-24,31.72,33.45,33.13,31.72,14252803.0,100249784.0
2014-06-23,31.91,32.01,31.82,31.63,4356286.0,29646156.0
2014-06-20,31.82,32.05,31.86,31.63,3793030.0,25828040.0
2014-06-19,32.85,33.08,31.77,31.63,7913692.0,54664400.0
2014-06-18,33.55,33.74,32.85,32.75,6815636.0,48502528.0
2014-06-17,34.16,34.16,33.59,33.55,6643067.0,47893148.0
2014-06-16,34.06,34.3,34.16,34.02,5514014.0,40210792.0
2014-06-13,33.92,34.34,34.06,33.83,4975277.0,36231968.0
2014-06-12,33.92,34.06,33.92,33.64,4673827.0,33820760.0
2014-06-11,33.92,34.11,34.02,33.5,6181300.0,44719488.0
2014-06-10,33.69,34.02,33.92,33.5,4451277.0,32152872.0
2014-06-09,33.74,34.02,33.59,33.59,3776296.0,27260432.0
2014-06-06,34.06,34.25,33.88,33.74,3091475.0,22445574.0
2014-06-05,33.74,34.16,34.06,33.59,3249071.0,23517560.0
2014-06-04,34.39,34.44,33.78,33.59,5025554.0,36511436.0
2014-06-03,34.44,34.86,34.39,34.3,4872364.0,36016152.0
2014-05-30,34.53,34.58,34.34,34.16,3862062.0,28363506.0
2014-05-29,34.81,35.0,34.44,34.39,5088036.0,37698624.0
2014-05-28,34.39,35.37,34.95,34.2,8852642.0,65903688.0
2014-05-27,34.67,34.86,34.44,34.39,4303860.0,31849854.0
2014-05-26,34.62,35.14,34.72,34.48,5134567.0,38165808.0
2014-05-23,34.25,34.62,34.58,34.16,5182394.0,38084984.0
2014-05-22,34.81,35.0,34.3,34.25,5216754.0,38580460.0
2014-05-21,34.3,34.81,34.77,33.97,4312148.0,31816660.0
2014-05-20,34.44,34.86,34.3,34.3,3976958.0,29386464.0
2014-05-19,34.95,34.95,34.44,34.2,4297947.0,31579868.0
2014-05-16,34.81,35.33,34.95,34.72,2922307.0,21811508.0
2014-05-15,35.37,35.94,34.81,34.77,4778705.0,36145596.0
2014-05-14,36.03,36.17,35.61,35.47,5973414.0,45589476.0
2014-05-13,35.65,36.87,36.31,35.51,13982954.0,108113360.0
2014-05-12,34.58,36.31,35.89,34.34,13468669.0,101983312.0
2014-05-09,34.3,34.95,34.34,34.2,4065984.0,30006424.0
2014-05-08,34.48,34.95,34.34,34.16,6588882.0,48642384.0
2014-05-07,35.0,35.0,34.44,34.44,2799150.0,20753482.0
2014-05-06,34.76,35.18,34.85,34.53,3592340.0,27060396.0
2014-05-05,34.76,35.32,34.95,34.16,4123243.0,30777366.0
2014-04-30,34.48,35.04,34.76,34.3,3327025.0,24916420.0
2014-04-29,34.16,34.62,34.58,33.93,3072843.0,22813244.0
2014-04-28,35.36,35.41,34.34,34.21,6894834.0,51466076.0
2014-04-25,36.52,36.75,35.55,35.46,8546249.0,66665160.0
2014-04-24,37.35,37.4,36.71,36.66,6392369.0,51072992.0
2014-04-23,37.12,37.82,37.45,36.84,6464548.0,52316704.0
2014-04-22,36.8,37.45,37.08,36.57,5272643.0,42093968.0
2014-04-21,37.91,38.0,36.89,36.8,8522719.0,68746288.0
2014-04-18,38.19,38.42,38.14,37.95,5400458.0,44536252.0
2014-04-17,38.14,38.56,38.14,37.95,4795836.0,39631524.0
2014-04-16,38.09,38.37,38.14,37.82,5455306.0,44913004.0
2014-04-15,38.65,38.84,38.19,38.14,7021370.0,58241792.0
2014-04-14,38.56,38.93,38.74,38.09,7184350.0,59903592.0
2014-04-11,38.19,39.25,38.6,38.0,11234392.0,94028832.0
2014-04-10,38.23,38.65,38.23,37.95,11120866.0,91839792.0
2014-04-09,38.05,39.71,38.42,37.59,18075460.0,150804096.0
2014-04-08,37.4,38.09,37.95,37.31,7028662.0,57354192.0
2014-04-04,37.26,37.54,37.49,37.08,4174057.0,33701012.0
2014-04-03,37.72,37.95,37.4,37.26,6363944.0,51520240.0
2014-04-02,37.59,38.28,37.72,37.26,10223577.0,83526040.0
2014-04-01,36.84,37.77,37.49,36.84,7704469.0,62182016.0
2014-03-31,36.8,37.22,36.84,36.61,5710063.0,45586420.0
2014-03-28,37.82,38.14,36.8,36.8,13196727.0,106198472.0
2014-03-27,38.6,38.93,38.0,37.95,9720638.0,80669344.0
2014-03-26,38.56,38.74,38.7,38.14,8830832.0,73455368.0
2014-03-25,39.3,39.3,38.51,38.23,14797523.0,123458144.0
2014-03-24,39.11,39.9,39.67,38.7,12389216.0,105382184.0
2014-03-21,37.49,39.99,39.11,37.49,14094297.0,117270960.0
2014-03-20,39.76,40.5,38.09,38.05,17959668.0,153384272.0
2014-03-19,39.85,40.18,39.9,39.39,15715605.0,135203344.0
2014-03-18,41.15,42.72,40.59,40.5,34998856.0,314801888.0
2014-03-17,40.83,41.43,41.24,40.27,21028466.0,185548288.0
2014-03-14,42.21,42.21,41.1,40.41,41377744.0,369304384.0
2014-03-13,37.31,41.01,41.01,37.12,33176624.0,287587424.0
2014-03-12,37.26,38.05,37.26,36.8,8944801.0,72388656.0
2014-03-11,36.47,37.91,37.59,35.64,12596550.0,100022664.0
2014-03-10,37.86,38.65,36.75,36.66,10938663.0,89206160.0
2014-03-07,37.86,38.42,38.0,37.35,11453779.0,93722056.0
2014-03-06,38.19,38.33,37.59,37.12,9726144.0,79296776.0
2014-03-05,37.17,38.79,38.37,37.12,14717036.0,120900704.0
2014-03-04,37.35,37.45,37.17,36.75,5908213.0,47321804.0
2014-03-03,37.17,37.59,37.4,36.98,6141039.0,49491148.0
2014-02-28,37.03,37.59,37.35,36.8,5238423.0,42075056.0
2014-02-27,37.4,37.82,37.03,36.94,6030189.0,48774536.0
2014-02-26,37.22,37.72,37.45,36.71,4713517.0,37913628.0
2014-02-25,38.37,38.88,37.35,37.03,6826917.0,56035912.0
2014-02-24,38.88,38.93,38.51,37.96,5999472.0,49706960.0
2014-02-21,39.76,40.04,39.07,38.88,5927528.0,50375996.0
2014-02-20,41.1,41.15,39.81,39.67,9192819.0,79892608.0
2014-02-19,40.78,41.57,41.1,40.5,10337042.0,91672912.0
2014-02-18,41.89,41.89,40.78,40.64,13381774.0,118297776.0
2014-02-17,40.22,42.17,41.94,39.9,17650380.0,157391216.0
2014-02-14,38.93,40.36,40.27,38.93,12341218.0,106244416.0
2014-02-13,39.3,40.09,39.16,39.11,8614310.0,73716584.0
2014-02-12,39.25,39.62,39.48,38.93,7628120.0,64739088.0
2014-02-11,38.65,39.99,39.3,38.28,11780919.0,99578664.0
2014-02-10,38.05,38.79,38.74,37.91,9128765.0,75816072.0
2014-02-07,37.82,38.23,38.14,37.17,7476439.0,60785544.0
2014-01-30,40.59,40.59,37.96,37.49,13904791.0,116271104.0
2014-01-29,42.45,42.63,41.24,41.01,10872848.0,97394464.0
2014-01-28,43.0,43.05,42.45,42.26,6196901.0,56930996.0
2014-01-27,42.68,43.33,43.0,42.35,8222140.0,76265008.0
2014-01-24,42.58,43.19,42.82,42.31,7076130.0,65429720.0
2014-01-23,42.82,43.14,42.68,42.35,8814951.0,81340832.0
2014-01-22,42.12,43.28,43.23,40.73,16249396.0,148380384.0
2014-01-21,42.58,42.82,42.35,42.12,5628727.0,51523496.0
2014-01-20,42.54,43.6,42.17,42.08,9138209.0,84428216.0
2014-01-17,43.46,43.65,42.58,42.49,5202113.0,48146512.0
2014-01-16,43.23,44.25,43.74,43.05,5980359.0,56631040.0
2014-01-15,44.53,44.53,43.37,43.0,7219730.0,67996488.0
2014-01-14,43.88,44.76,44.53,43.56,7544006.0,72067680.0
2014-01-13,42.95,44.11,44.02,42.82,7086857.0,66793444.0
2014-01-10,42.95,44.16,43.0,42.17,5172469.0,48197896.0
2014-01-09,43.19,44.62,43.23,42.68,8290233.0,78088480.0
2014-01-08,43.79,44.25,43.23,43.19,4510924.0,42582016.0
2014-01-07,43.51,44.02,43.83,43.09,4873996.0,45928424.0
2014-01-06,44.81,44.81,43.42,43.33,6429323.0,60988560.0
2014-01-03,45.59,45.78,45.04,44.67,6268899.0,61016232.0
2014-01-02,46.52,46.7,45.96,45.45,9066209.0,89993072.0
2013-12-31,44.99,47.54,46.94,44.53,16319727.0,164796992.0
2013-12-30,44.95,45.31,45.08,44.67,5169891.0,50211992.0
2013-12-27,44.02,45.27,44.9,43.88,4959327.0,47905992.0
2013-12-26,45.82,45.82,44.2,43.7,8874544.0,85545136.0
2013-12-25,45.69,46.1,45.83,45.22,5910812.0,58279360.0
2013-12-24,45.82,46.2,45.69,45.18,6948409.0,68670352.0
2013-12-23,46.29,46.7,45.59,44.95,6844467.0,67527856.0
2013-12-20,47.63,48.09,46.56,46.47,5491802.0,55817732.0
2013-12-19,47.49,48.23,47.63,46.98,6526959.0,67049852.0
2013-12-18,48.14,48.28,47.31,47.12,6866813.0,70488656.0
2013-12-17,48.0,48.93,48.28,47.91,7094562.0,74065032.0
2013-12-16,49.94,50.31,48.0,47.95,12086679.0,127539624.0
2013-12-13,50.08,51.1,50.18,49.9,8944316.0,97472224.0
2013-12-12,51.33,51.98,50.69,50.22,15154182.0,166742144.0
2013-12-11,50.73,52.07,51.33,50.22,23326992.0,258975488.0
2013-12-10,50.96,51.29,50.45,50.31,15160357.0,165888720.0
2013-12-09,49.53,51.61,51.19,49.06,29698182.0,324730176.0
2013-12-06,47.54,49.85,49.67,47.45,21597360.0,228930576.0
2013-12-05,47.77,48.0,47.77,47.26,6775826.0,69712248.0
2013-12-04,46.98,48.88,47.91,46.89,10898586.0,113033656.0
2013-12-03,45.36,48.14,47.31,45.18,10095399.0,102579648.0
2013-12-02,48.14,48.51,45.55,44.81,14228201.0,143565856.0
2013-11-29,49.3,49.53,48.83,48.56,9907606.0,104549424.0
2013-11-28,48.6,49.8,49.48,48.56,13875399.0,147893568.0
2013-11-27,48.28,49.06,48.79,48.14,10006468.0,105059584.0
2013-11-26,48.88,49.25,48.23,48.05,8590135.0,90014208.0
2013-11-25,48.23,49.44,48.6,48.0,11418709.0,120728680.0
2013-11-22,48.79,49.2,48.14,48.0,10492946.0,109562096.0
2013-11-21,49.94,49.94,48.83,48.42,17160514.0,181696144.0
2013-11-20,50.45,50.73,50.36,49.25,18663756.0,201671856.0
2013-11-19,49.85,52.35,50.82,49.53,31960878.0,352776576.0
2013-11-18,49.25,50.41,50.27,48.69,21622904.0,230637072.0
2013-11-15,49.16,50.5,49.67,49.06,22212180.0,238605424.0
2013-11-14,49.3,50.18,49.71,48.37,22524950.0,239585184.0
2013-11-13,48.97,51.84,49.99,48.0,52650720.0,569627328.0
2013-11-12,44.9,49.67,49.11,44.76,41586344.0,433056864.0
2013-11-11,43.0,45.78,45.13,42.86,14201059.0,137272016.0
2013-11-08,43.7,44.34,43.09,43.0,5765883.0,54292360.0
2013-11-07,44.16,44.67,44.07,43.88,5520820.0,52764840.0
2013-11-06,43.97,45.45,44.48,43.7,10703165.0,103340696.0
2013-11-05,44.16,44.16,44.07,42.95,5202427.0,49118276.0
2013-11-04,43.97,44.62,44.16,43.74,4252843.0,40631728.0
2013-11-01,44.53,44.62,43.97,43.7,6468458.0,61546512.0
2013-10-31,43.74,45.78,44.99,43.37,14899882.0,144703600.0
2013-10-30,43.28,43.97,43.74,42.86,7879432.0,73889160.0
2013-10-29,44.3,44.71,43.6,42.17,12594406.0,117843256.0
2013-10-28,46.94,46.94,44.39,43.93,16188996.0,157874976.0
2013-10-25,49.67,49.99,47.63,47.12,11633296.0,121292936.0
2013-10-24,50.87,50.87,49.85,49.76,7906939.0,85689984.0
2013-10-23,51.56,51.84,50.92,50.82,9185662.0,101574840.0
2013-10-22,50.92,51.8,51.56,50.73,10032366.0,111318976.0
2013-10-21,50.73,51.19,51.15,50.27,8544326.0,93654096.0
2013-10-18,51.33,51.33,50.87,50.73,7285694.0,80245248.0
2013-10-17,51.61,52.21,51.52,50.82,9390690.0,104337952.0
2013-10-16,52.26,52.77,51.33,51.15,13075679.0,146961584.0
2013-10-15,52.35,52.54,52.17,51.61,11031008.0,123878312.0
2013-10-14,50.55,52.54,52.4,50.45,20270252.0,227150368.0
2013-10-11,50.45,50.64,50.55,49.99,8188408.0,89070128.0
2013-10-10,51.29,51.56,50.27,50.04,10148742.0,111102672.0
2013-10-09,50.92,51.56,51.24,50.87,14920215.0,165230288.0
2013-10-08,51.01,51.05,50.73,49.9,14365299.0,156920192.0
2013-09-30,51.29,51.61,51.01,50.69,9540317.0,105277440.0
2013-09-27,52.3,52.54,51.29,51.15,9548801.0,106479360.0
2013-09-26,52.63,53.23,52.26,52.07,9487948.0,107753536.0
2013-09-25,54.2,54.48,52.81,52.44,17982180.0,207044640.0
2013-09-24,55.55,55.73,54.48,54.06,13086863.0,154916352.0
2013-09-23,54.57,55.31,55.08,54.06,12859343.0,152006144.0
2013-09-18,55.78,56.42,54.71,54.06,16315687.0,194705616.0
2013-09-17,58.32,58.32,55.87,55.68,22597268.0,275428064.0
2013-09-16,59.71,59.94,58.51,58.28,14909758.0,189344624.0
2013-09-13,58.74,60.68,59.9,58.51,20168396.0,261229120.0
2013-09-12,59.34,59.66,58.83,58.6,9936611.0,126542984.0
2013-09-11,58.28,59.71,59.16,58.0,16633101.0,211810976.0
2013-09-10,57.91,58.51,58.28,57.53,10995518.0,137797760.0
2013-09-09,57.4,58.09,58.04,56.98,11251293.0,140142608.0
2013-09-06,57.4,57.77,57.35,56.93,7098504.0,87882096.0
2013-09-05,57.21,57.95,57.53,56.75,7069180.0,87620992.0
2013-09-04,57.77,57.86,57.49,57.16,6407805.0,79511296.0
2013-09-03,56.61,58.14,57.81,56.47,9067060.0,112154528.0
2013-09-02,58.6,58.6,56.7,55.68,15020117.0,183815664.0
2013-08-30,60.54,60.91,58.92,58.83,22618280.0,292352800.0
2013-08-29,61.15,62.12,61.89,60.68,10661667.0,141524448.0
2013-08-28,61.79,61.79,61.15,60.87,11179535.0,148029072.0
2013-08-27,61.47,62.35,62.21,61.01,12259544.0,163920864.0
2013-08-26,60.54,61.52,61.47,60.31,8571114.0,112993360.0
2013-08-23,61.79,62.07,60.54,60.03,10545842.0,138959168.0
2013-08-22,61.93,62.86,61.79,61.52,8778112.0,117685696.0
2013-08-21,60.73,62.26,62.12,60.68,10815803.0,143697552.0
2013-08-20,61.19,62.07,60.82,60.45,10249003.0,135596688.0
2013-08-19,61.24,62.07,61.56,60.17,10314119.0,136328976.0
2013-08-16,62.02,64.66,61.84,61.56,15616616.0,211065584.0
2013-08-15,61.89,63.32,62.4,61.61,17099770.0,231506352.0
2013-08-14,62.35,63.41,61.75,61.1,15997668.0,215745312.0
2013-08-13,62.12,63.97,62.3,61.84,27037540.0,367580928.0
2013-08-12,59.25,62.3,61.89,59.16,27545050.0,363232544.0
2013-08-09,59.06,59.48,59.16,58.41,7595343.0,96648136.0
2013-08-08,59.34,59.66,59.02,58.78,7957521.0,101699408.0
2013-08-07,59.66,60.45,59.52,58.92,16591395.0,214129168.0
2013-08-06,58.92,59.94,59.76,58.6,15693467.0,201585984.0
2013-08-05,58.32,58.97,58.88,58.0,9264928.0,117436128.0
2013-08-02,58.55,59.16,58.37,58.04,12608654.0,159625152.0
2013-08-01,57.3,58.6,58.28,57.3,13011568.0,162700336.0
2013-07-31,58.18,58.6,57.35,57.12,11310321.0,141161664.0
2013-07-30,58.09,58.69,58.09,56.89,8290233.0,103748496.0
2013-07-29,59.11,59.11,58.0,57.86,9195110.0,116041640.0
2013-07-26,60.22,60.31,59.25,58.74,14662432.0,188169248.0
2013-07-25,59.66,62.49,60.77,58.83,29252220.0,384718720.0
2013-07-24,60.03,60.73,59.48,58.55,14121532.0,181989904.0
2013-07-23,58.83,60.82,60.08,58.74,13688463.0,176732352.0
2013-07-22,58.74,59.48,58.83,57.95,10613277.0,134148336.0
2013-07-19,60.59,61.01,59.02,58.97,15046844.0,194325456.0
2013-07-18,61.56,62.26,60.64,60.5,11667924.0,154411280.0
2013-07-17,62.86,63.41,61.84,61.75,14522271.0,195860848.0
2013-07-16,62.72,64.8,63.51,61.66,21146092.0,289845568.0
2013-07-15,61.52,62.58,62.53,60.77,15211882.0,202999840.0
2013-07-12,63.78,64.02,62.02,61.56,19543844.0,265008992.0
2013-07-11,61.79,66.14,64.29,60.82,25785896.0,354718432.0
2013-07-10,58.92,61.52,61.28,58.88,12599154.0,164010064.0
2013-07-09,60.96,61.47,59.39,58.69,12556565.0,161830048.0
2013-07-08,61.79,62.9,60.91,60.82,9303571.0,124272704.0
2013-07-05,62.63,64.66,62.95,62.49,13577058.0,186550064.0
2013-07-04,61.05,63.14,62.72,60.59,14161196.0,190520576.0
2013-07-03,62.49,63.0,61.7,60.77,17456972.0,233242160.0
2013-07-02,60.87,64.25,63.27,60.27,23949464.0,323233184.0
2013-07-01,62.26,62.67,60.77,60.08,15507922.0,203633104.0
2013-06-28,62.02,64.02,62.53,61.79,7886835.0,107061656.0
2013-06-27,65.5,66.14,62.21,61.7,10839933.0,149361600.0
2013-06-26,66.1,66.14,65.27,63.92,7244475.0,101484688.0
2013-06-25,64.99,66.24,66.1,60.08,12688227.0,174950384.0
2013-06-24,68.91,69.27,65.24,64.42,10943985.0,161924496.0
2013-06-21,65.87,69.31,69.0,65.87,12639756.0,190250720.0
2013-06-20,68.18,70.08,67.68,67.41,12019149.0,182578976.0
2013-06-19,65.56,70.22,69.36,64.83,17908832.0,267277792.0
2013-06-18,65.51,66.1,65.78,65.06,6366729.0,92248592.0
2013-06-17,67.55,67.86,65.46,64.69,9483515.0,137679360.0
2013-06-14,67.41,67.82,67.5,66.64,5496662.0,81696224.0
2013-06-13,66.14,66.96,66.69,64.6,7670783.0,111425656.0
2013-06-07,69.09,69.63,67.09,66.73,9673378.0,145018864.0
2013-06-06,70.27,70.95,69.09,68.95,9227409.0,142086560.0
2013-06-05,69.86,71.31,70.86,69.04,11356526.0,176212144.0
2013-06-04,72.76,72.85,70.08,69.77,15683025.0,244879728.0
2013-06-03,73.03,74.16,73.03,72.67,11840863.0,191375776.0
2013-05-31,73.94,74.71,73.08,73.03,11340714.0,184810384.0
2013-05-30,74.93,75.02,73.98,73.44,13268970.0,216910688.0
2013-05-29,76.43,77.33,75.48,75.34,15218112.0,256477024.0
2013-05-28,74.71,75.88,75.79,73.89,12716707.0,210660992.0
2013-05-27,74.3,74.89,74.75,73.48,11857174.0,194293456.0
2013-05-24,74.3,75.66,74.89,73.75,13795046.0,227245904.0
2013-05-23,75.43,77.24,74.53,74.39,22342732.0,374834368.0
2013-05-22,73.26,77.88,76.2,72.8,29031844.0,482605056.0
2013-05-21,73.53,74.25,73.39,72.26,13794896.0,222221408.0
2013-05-20,72.89,74.43,73.44,72.62,14934301.0,242551520.0
2013-05-17,70.67,72.67,72.44,70.27,14200691.0,224461120.0
2013-05-16,70.22,71.26,70.95,67.5,12343557.0,190902832.0
2013-05-15,69.77,71.35,70.36,69.72,7682489.0,119289608.0
2013-05-14,72.62,72.62,69.45,68.86,14553742.0,224962224.0
2013-05-13,71.49,73.62,72.67,71.49,13218827.0,212513840.0
2013-05-10,70.67,71.81,71.53,70.22,12870131.0,202827008.0
2013-05-09,69.99,72.94,71.13,69.99,21124174.0,333972928.0
2013-05-08,71.17,71.31,70.22,69.45,15347166.0,237907648.0
2013-05-07,68.86,71.17,71.08,68.5,26704924.0,413556096.0
2013-05-06,65.69,68.59,68.45,65.37,16075906.0,238004608.0
2013-05-03,64.15,65.87,65.28,64.15,12818473.0,184407200.0
2013-05-02,66.69,66.69,64.2,63.42,19210172.0,273925888.0
2013-04-26,67.14,69.68,67.19,66.23,19256560.0,290026432.0
2013-04-25,66.51,67.0,66.19,65.64,10937265.0,159858016.0
2013-04-24,68.86,69.27,67.09,65.24,24075960.0,353827264.0
2013-04-23,69.13,70.18,68.82,68.77,13595951.0,208346928.0
2013-04-22,71.81,72.39,69.54,68.86,17999674.0,278596576.0
2013-04-19,71.17,72.8,72.58,71.08,11116220.0,176601040.0
2013-04-18,71.44,71.53,71.04,70.22,7737121.0,121079312.0
2013-04-17,71.13,73.21,71.99,70.95,8989345.0,143309584.0
2013-04-16,72.03,72.03,71.26,69.22,13913846.0,217550128.0
2013-04-15,75.02,75.52,73.44,72.26,8781951.0,142831984.0
2013-04-12,75.34,78.06,75.84,74.43,12491671.0,210951216.0
2013-04-11,76.56,77.38,75.3,75.16,13583651.0,228234176.0
2013-04-10,74.61,79.73,77.61,73.3,31345416.0,532036864.0
2013-04-09,73.66,74.98,74.53,73.39,10880487.0,178563232.0
2013-04-08,72.53,73.94,73.66,71.22,12376474.0,198502320.0
2013-04-03,72.44,74.07,73.89,71.35,19455312.0,314222816.0
2013-04-02,72.03,73.08,72.31,71.58,15576935.0,248528640.0
2013-04-01,74.8,75.2,71.62,71.49,24465738.0,392715872.0
2013-03-29,76.16,77.7,75.2,73.35,27000168.0,448408256.0
2013-03-28,80.41,80.41,76.7,73.94,36937400.0,624393024.0
2013-03-27,91.15,91.29,82.14,82.14,33716820.0,630958400.0
2013-03-26,89.43,91.83,91.24,88.93,9105788.0,182583104.0
2013-03-25,91.88,92.42,89.57,89.07,8578922.0,171115072.0
2013-03-22,90.25,93.37,91.97,89.7,12635041.0,256215008.0
2013-03-21,91.78,92.42,90.79,89.52,10069594.0,201454336.0
2013-03-20,89.43,92.51,91.79,88.34,15340184.0,305896896.0
2013-03-19,87.98,90.06,90.02,86.67,13666511.0,265307456.0
2013-03-18,92.19,94.0,88.12,87.03,13967021.0,275399808.0
2013-03-15,91.97,94.87,91.97,90.06,10441357.0,213352512.0
2013-03-14,101.12,102.75,93.96,93.42,17083524.0,363678976.0
2013-03-13,101.25,105.24,102.3,100.57,8079782.0,183569344.0
2013-03-12,100.62,102.25,102.11,98.31,9556303.0,211966592.0
2013-03-11,103.2,106.46,100.76,99.44,12107418.0,272802080.0
2013-03-08,104.2,108.5,103.75,101.25,9440530.0,218037376.0
2013-03-07,102.93,110.9,103.56,102.93,19038354.0,450845056.0
2013-03-06,98.9,105.24,104.02,97.31,19018372.0,424677696.0
2013-03-05,94.46,101.03,99.49,94.41,16554788.0,360253728.0
2013-03-04,93.1,96.5,94.5,92.56,15380617.0,322040864.0
2013-03-01,91.6,93.6,93.37,90.83,16180442.0,330286944.0
2013-02-28,91.15,92.74,92.47,89.7,13978247.0,280798432.0
2013-02-27,94.28,94.91,91.33,90.52,13437029.0,274251936.0
2013-02-26,95.86,99.26,94.28,93.78,16291588.0,348243456.0
2013-02-25,95.86,98.04,96.54,93.92,18614194.0,396136320.0
2013-02-22,92.56,98.31,95.86,92.33,30578480.0,649488448.0
2013-02-21,83.31,91.97,90.61,82.95,30204876.0,594258496.0
2013-02-20,83.04,84.04,83.77,80.91,7885955.0,144611152.0
2013-02-19,82.45,85.62,83.04,82.36,7888492.0,146323568.0
2013-02-18,86.85,87.07,83.18,83.09,10254878.0,190698464.0
2013-02-08,84.94,86.8,86.76,84.94,9834918.0,187200256.0
2013-02-07,85.85,86.8,85.44,83.81,9517767.0,179839872.0
2013-02-06,86.21,86.8,85.44,85.17,7645021.0,144590496.0
2013-02-05,82.59,86.08,86.03,82.09,13093851.0,244211488.0
2013-02-04,83.22,84.04,83.54,81.18,11669705.0,212915520.0
2013-02-01,80.64,84.08,83.22,80.41,14605779.0,268379136.0
2013-01-31,81.59,81.82,81.05,79.33,9884647.0,175714912.0
2013-01-30,77.83,82.54,81.59,77.11,18092512.0,322230624.0
2013-01-29,75.88,79.28,78.15,74.25,18415296.0,312992352.0
2013-01-28,77.92,78.6,76.61,73.21,20055316.0,334543552.0
2013-01-25,81.95,81.95,78.78,77.29,11074621.0,193603136.0
2013-01-24,84.22,85.17,82.32,82.23,7474234.0,137761840.0
2013-01-23,83.58,84.9,84.63,82.18,7152197.0,132163392.0
2013-01-22,86.71,87.3,84.22,81.46,19839164.0,368822080.0
2013-01-21,88.21,89.16,87.25,86.39,11990813.0,232222528.0
2013-01-18,88.03,88.75,88.21,86.53,8791809.0,170112000.0
2013-01-17,86.62,88.52,88.03,86.53,8862386.0,171829120.0
2013-01-16,88.3,88.89,87.12,86.89,9542913.0,184292272.0
2013-01-15,89.97,91.24,89.29,87.66,13181614.0,258541520.0
2013-01-14,86.76,90.11,89.88,86.17,11601689.0,226908320.0
2013-01-11,91.74,92.37,88.39,87.84,10125075.0,199927040.0
2013-01-10,92.37,94.46,91.78,91.29,8116407.0,165602080.0
2013-01-09,90.25,94.46,92.74,90.25,14251085.0,292074144.0
2013-01-08,86.08,91.11,90.2,85.67,14510935.0,286815744.0
2013-01-07,86.21,87.3,86.67,85.67,7546477.0,143927376.0
2013-01-04,87.44,88.98,87.3,84.9,15154532.0,290572256.0
2012-12-31,85.08,87.57,87.03,83.81,13087478.0,246588432.0
2012-12-28,81.86,86.3,85.08,81.86,19427666.0,364069888.0
2012-12-27,79.46,85.22,82.45,78.65,21493832.0,386945920.0
2012-12-26,77.24,80.05,79.51,76.97,14408252.0,249722336.0
2012-12-25,74.75,78.78,77.42,74.75,12960141.0,221397632.0
2012-12-24,76.79,77.11,76.02,75.16,11808837.0,198143200.0
2012-12-21,78.83,79.24,77.56,76.79,13914349.0,239508320.0
2012-12-20,78.83,79.73,78.69,77.11,13698121.0,237222512.0
2012-12-19,76.25,80.5,79.33,75.25,24146152.0,419518688.0
2012-12-18,74.25,77.42,76.11,73.89,26972140.0,451922464.0
2012-12-17,71.94,77.79,75.39,70.45,37582316.0,614044160.0
2012-12-14,69.68,72.71,72.12,67.86,21110452.0,330432896.0
2012-12-13,72.98,73.71,71.08,70.99,8409538.0,134060480.0
2012-12-12,73.3,74.12,73.57,71.58,10347202.0,166750048.0
2012-12-11,71.22,74.61,73.35,71.08,14849969.0,240860288.0
2012-12-10,68.73,72.94,72.03,67.86,19016864.0,294085824.0
2012-12-07,69.54,71.13,70.4,68.86,14334622.0,222303920.0
2012-12-06,69.72,70.45,69.59,65.96,18571012.0,279362272.0
2012-12-05,67.55,71.99,69.72,66.78,19379060.0,295889280.0
2012-12-04,65.69,70.08,69.59,63.56,21143500.0,307283296.0
2012-12-03,74.75,74.75,67.55,67.55,13113177.0,201980256.0
2012-11-30,75.39,76.7,75.07,74.21,5532214.0,91697696.0
2012-11-29,74.98,76.29,75.39,74.34,5567671.0,92848272.0
2012-11-28,75.57,76.29,74.48,72.71,4283337.0,70413512.0
2012-11-27,76.11,77.33,75.43,74.98,4583336.0,76998296.0
2012-11-26,78.38,78.51,75.79,75.66,4508860.0,76697824.0
2012-11-23,77.24,81.32,79.01,77.24,8363955.0,146495488.0
2012-11-22,76.56,78.92,77.61,73.84,12050253.0,203884752.0
2012-11-21,79.92,80.64,80.14,77.06,6532276.0,114031208.0
2012-11-20,75.79,80.87,80.64,75.25,13020104.0,226637936.0
2012-11-19,82.45,82.95,76.61,74.66,14125119.0,241798000.0
2012-11-16,83.31,83.77,82.95,81.55,5110912.0,92780136.0
2012-11-15,84.17,85.22,83.81,83.58,3940212.0,73411928.0
2012-11-14,83.36,85.22,85.13,82.0,5238648.0,97029672.0
2012-11-13,86.98,86.98,83.9,83.63,6743365.0,125689640.0
2012-11-12,90.56,91.24,86.98,85.85,10718480.0,207345504.0
2012-11-09,91.97,92.1,90.11,89.93,4739888.0,94880880.0
2012-11-08,91.88,93.1,92.06,90.2,5814632.0,118216424.0
2012-11-07,91.79,92.47,92.28,90.2,4643968.0,93909768.0
2012-11-06,93.69,93.92,91.92,89.75,9891112.0,198516624.0
2012-11-05,96.77,96.86,93.55,93.14,8101992.0,168705952.0
2012-11-02,95.95,97.31,97.13,95.59,7628919.0,162480336.0
2012-11-01,93.42,95.95,95.64,93.05,7236991.0,151435040.0
2012-10-31,95.14,95.41,93.05,92.24,8976485.0,184684400.0
2012-10-30,98.31,99.12,95.82,95.14,11895215.0,253002736.0
2012-10-29,97.4,99.76,99.62,95.95,3724673.0,81051792.0
2012-10-26,99.17,101.12,97.77,96.95,5630109.0,122841800.0
2012-10-25,99.35,100.62,98.94,97.9,4449142.0,97409672.0
2012-10-24,100.48,101.25,99.71,98.26,5353453.0,117585408.0
2012-10-23,104.52,104.65,100.35,100.21,6306498.0,141375280.0
2012-10-22,104.29,105.78,104.65,103.2,4485947.0,103244944.0
2012-10-19,105.29,106.42,105.06,102.84,7550251.0,174147248.0
2012-10-18,102.39,106.28,104.38,101.57,10780575.0,248818016.0
2012-10-17,100.62,102.89,102.48,98.76,7918591.0,177104112.0
2012-10-16,97.4,103.56,100.8,96.86,12216667.0,271307968.0
2012-10-15,94.96,97.81,96.95,94.96,6630408.0,141619488.0
2012-10-12,95.09,96.14,94.37,93.78,1773645.0,37158868.0
2012-10-11,95.95,96.32,95.14,95.14,2910489.0,61570216.0
2012-10-10,96.04,97.18,96.77,94.96,6165407.0,130889504.0
2012-10-09,94.64,97.4,97.04,94.23,6336381.0,134506848.0
2012-10-08,96.0,96.72,94.5,93.28,4583871.0,95502256.0
2012-09-28,91.51,96.59,96.5,91.11,8542785.0,179165040.0
2012-09-27,89.75,92.83,91.92,89.75,4495702.0,90642304.0
2012-09-26,92.56,93.55,89.84,89.7,3537384.0,70960312.0
2012-09-25,92.42,94.91,92.87,91.11,3499404.0,72061488.0
2012-09-24,91.06,92.74,92.33,89.47,2874926.0,58254728.0
2012-09-21,90.97,92.38,91.24,90.16,2877090.0,57897168.0
2012-09-20,93.42,94.05,90.83,89.7,4657889.0,94281720.0
2012-09-19,97.09,97.86,94.5,93.33,4873078.0,101573992.0
2012-09-18,95.68,97.81,97.0,95.23,2244169.0,48086652.0
2012-09-17,98.26,98.85,96.41,96.36,3065068.0,66165200.0
2012-09-14,100.17,101.03,98.49,96.95,4484580.0,97327016.0
2012-09-13,101.44,101.75,99.67,99.62,2597729.0,57683960.0
2012-09-12,99.17,102.11,101.44,99.17,5162299.0,115126512.0
2012-09-11,99.12,99.22,99.17,97.86,2250171.0,48992304.0
2012-09-10,99.67,100.39,99.58,98.54,4694997.0,102875832.0
2012-09-07,96.14,100.53,99.53,96.04,7082222.0,154248432.0
2012-09-06,94.55,95.95,95.23,94.37,2463361.0,51648544.0
2012-09-05,96.72,96.72,94.73,93.33,5088059.0,106105152.0
2012-09-04,100.58,101.66,96.95,96.86,5878184.0,128146768.0
2012-09-03,96.72,100.67,99.53,96.72,8216198.0,179893136.0
2012-08-31,91.51,97.31,96.18,90.61,5531069.0,115056376.0
2012-08-30,94.78,95.86,91.69,88.34,8915140.0,180797440.0
2012-08-29,95.5,95.91,93.82,92.19,3570490.0,74557608.0
2012-08-28,97.63,98.67,95.64,93.96,5386381.0,113973160.0
2012-08-27,100.48,101.62,97.72,97.67,4081086.0,89578896.0
2012-08-24,101.84,101.84,101.48,100.26,3893153.0,86700064.0
2012-08-23,103.07,104.06,101.93,100.71,3329460.0,74911544.0
2012-08-22,106.06,106.1,103.29,102.79,3438768.0,78809000.0
2012-08-21,103.34,105.92,105.56,103.34,3383339.0,78550088.0
2012-08-20,101.07,104.42,103.29,100.12,4080064.0,92726328.0
2012-08-17,105.11,105.11,101.98,100.35,7657545.0,172088320.0
2012-08-16,107.01,108.73,105.15,104.15,5559570.0,130215184.0
2012-08-15,109.64,110.09,107.19,107.1,2879574.0,68801632.0
2012-08-14,109.45,110.45,110.31,106.01,4274562.0,102321928.0
2012-08-13,112.62,113.08,109.54,109.41,4027772.0,98615776.0
2012-08-10,114.44,114.44,113.21,111.9,5707836.0,142230736.0
2012-08-09,110.18,115.25,114.84,109.54,8566938.0,214295680.0
2012-08-08,110.99,111.76,109.68,109.59,3985805.0,97254784.0
2012-08-07,110.04,112.22,110.99,109.91,6200198.0,152133056.0
2012-08-06,107.91,110.63,110.04,107.42,5055616.0,121831360.0
2012-08-03,106.01,108.64,108.41,105.11,4368938.0,103424528.0
2012-08-02,103.84,107.19,105.51,103.38,5857150.0,136866992.0
2012-08-01,100.62,105.65,104.15,99.85,6811083.0,155063744.0
2012-07-31,104.92,106.92,100.62,100.12,5076466.0,116999008.0
2012-07-30,108.23,108.41,105.56,105.15,4148422.0,97638632.0
2012-07-27,109.45,110.31,108.09,104.65,9298881.0,219432192.0
2012-07-26,112.49,113.26,109.05,108.73,5748350.0,140876672.0
2012-07-25,113.53,114.89,112.62,112.35,3463188.0,86723528.0
2012-07-24,111.4,115.53,113.89,110.09,5305699.0,132660160.0
2012-07-23,113.17,113.94,112.67,109.41,7545432.0,186017232.0
2012-07-20,114.98,117.56,114.57,114.39,6582501.0,168461936.0
2012-07-19,114.98,116.2,115.12,113.31,6108327.0,154953056.0
2012-07-18,116.88,119.96,115.89,113.12,10949660.0,280915136.0
2012-07-17,118.7,119.96,116.93,113.49,14319444.0,367315904.0
2012-07-16,117.83,123.45,120.37,116.84,24000334.0,640421376.0
2012-07-13,114.08,119.6,117.65,112.58,14051016.0,360514272.0
2012-07-12,115.57,120.06,114.8,113.44,14470409.0,372628512.0
2012-07-11,112.49,117.52,116.52,108.73,14198180.0,355901216.0
2012-07-10,115.53,117.06,112.94,112.4,8315901.0,210670752.0
2012-07-09,118.97,120.96,117.16,116.25,10217084.0,266150064.0
2012-07-06,114.17,121.41,119.6,113.71,15824075.0,414666400.0
2012-07-05,115.48,115.71,114.03,112.35,8377422.0,210080416.0
2012-07-04,116.39,118.24,116.39,114.62,10119265.0,259868416.0
2012-07-03,113.94,117.34,117.06,113.35,13433001.0,343065792.0
2012-07-02,114.48,121.87,114.71,111.81,27550900.0,708491456.0
2012-06-29,105.47,113.26,113.17,105.47,16310028.0,399530784.0
2012-06-28,106.87,109.64,106.28,105.15,7763936.0,184214752.0
2012-06-27,102.39,107.96,106.24,101.93,7862749.0,183629136.0
2012-06-26,104.06,105.01,102.75,99.85,8070880.0,182067776.0
2012-06-25,104.88,107.19,105.01,104.61,4842062.0,113433056.0
2012-06-21,106.92,106.92,105.6,104.2,5937698.0,137693504.0
2012-06-20,108.37,108.95,106.83,106.6,4730170.0,112178512.0
2012-06-19,110.45,111.45,108.05,107.82,6362357.0,153384512.0
2012-06-18,109.36,111.4,110.99,109.23,7005550.0,170435312.0
2012-06-15,110.27,110.99,108.68,106.6,7131956.0,171598656.0
2012-06-14,108.09,113.03,109.77,107.69,12196926.0,298099488.0
2012-06-13,105.29,109.09,108.64,104.11,10033379.0,236433696.0
2012-06-12,105.6,106.73,104.33,104.2,7407903.0,172013648.0
2012-06-11,105.11,105.78,105.51,102.07,9668971.0,222304304.0
2012-06-08,107.6,107.82,105.47,104.02,5932227.0,138070064.0
2012-06-07,108.14,108.28,106.69,105.88,5198607.0,122888672.0
2012-06-06,105.92,108.19,106.87,105.24,5484080.0,129106848.0
2012-06-05,108.64,109.36,105.78,104.33,9375110.0,220261888.0
2012-06-04,111.09,114.55,107.81,107.0,12505675.0,309656480.0
2012-06-01,111.54,114.15,112.71,110.5,10532266.0,263619392.0
2012-05-31,109.92,113.07,111.18,108.62,7766263.0,191591488.0
2012-05-30,109.65,114.19,111.27,109.29,11383673.0,284230144.0
2012-05-29,107.9,112.03,110.33,106.55,12854097.0,312125184.0
2012-05-28,105.56,111.9,109.25,104.8,14436145.0,349108000.0
2012-05-25,110.59,110.82,106.91,105.65,13418417.0,320577216.0
2012-05-24,110.14,115.31,110.73,109.7,29251436.0,730071232.0
2012-05-23,103.58,113.74,112.08,102.1,34790260.0,849271040.0
2012-05-22,101.42,104.08,103.4,100.34,19787976.0,451668192.0
2012-05-18,97.33,101.06,97.92,96.79,10539375.0,232659776.0
2012-05-17,96.03,98.91,97.92,96.03,5696061.0,123986424.0
2012-05-16,95.22,98.01,96.93,94.55,9902811.0,212676432.0
2012-05-15,92.3,95.94,95.85,92.3,5155992.0,108512072.0
2012-05-14,98.5,98.82,94.5,94.41,7966766.0,169709024.0
2012-05-11,98.14,99.94,97.87,97.11,6381401.0,139680704.0
2012-05-10,97.11,98.23,98.05,96.93,4608257.0,99931808.0
2012-05-09,96.66,98.82,97.42,96.21,8083852.0,174753136.0
2012-05-08,101.38,101.38,98.1,98.01,10646039.0,233807024.0
2012-05-07,100.7,104.66,101.56,100.3,12359146.0,280874432.0
2012-05-04,100.08,101.83,101.33,99.13,11797312.0,264233984.0
2012-05-03,96.61,101.33,100.03,96.25,15639816.0,346378592.0
2012-05-02,98.73,99.36,97.51,96.25,11379821.0,247105728.0
2012-04-27,95.31,99.36,97.33,93.74,13885981.0,300539232.0
2012-04-26,92.79,95.08,95.04,92.3,6184592.0,129550776.0
2012-04-25,91.26,92.7,92.39,90.81,4181637.0,85767192.0
2012-04-24,89.11,92.12,91.76,88.48,6100311.0,122622616.0
2012-04-23,93.51,93.92,90.63,89.47,8805294.0,179029424.0
2012-04-20,93.2,94.19,93.78,92.25,6871264.0,142389424.0
2012-04-19,95.53,95.71,93.42,92.61,9373982.0,195188704.0
2012-04-18,95.31,96.57,95.98,93.29,7619390.0,161147568.0
2012-04-17,96.66,97.56,95.26,94.95,4767744.0,101776680.0
2012-04-16,96.79,98.37,96.66,95.76,6880615.0,148390576.0
2012-04-13,95.62,97.33,96.34,94.81,6557108.0,140473040.0
2012-04-12,93.87,95.76,95.53,92.52,6897897.0,144600112.0
2012-04-11,96.07,98.41,94.36,93.47,7219283.0,153272560.0
2012-04-10,95.53,97.78,97.65,93.02,7810232.0,166203664.0
2012-04-09,98.91,99.36,95.98,95.76,8100675.0,175731360.0
2012-04-06,99.44,101.83,99.27,96.93,13816769.0,305998144.0
2012-04-05,90.5,99.22,99.22,90.5,15054948.0,323944544.0
2012-03-30,89.92,90.59,90.18,87.08,7487479.0,148272208.0
2012-03-29,89.11,92.16,90.59,88.66,7122819.0,143286592.0
2012-03-28,91.04,93.92,89.56,87.67,11532933.0,233180544.0
2012-03-27,97.11,97.11,92.93,92.61,10581636.0,222546928.0
2012-03-26,94.14,97.96,96.79,92.88,9175245.0,195872080.0
2012-03-23,95.76,96.97,94.23,92.79,9866522.0,208650432.0
2012-03-22,95.67,97.87,95.71,95.22,8111605.0,174400928.0
2012-03-21,96.97,98.23,95.76,93.51,13536214.0,288562048.0
2012-03-20,100.25,101.2,96.97,96.21,11258170.0,245316928.0
2012-03-19,102.05,103.22,101.33,99.36,16562969.0,373612768.0
2012-03-16,95.04,102.86,102.1,94.91,22302732.0,486851360.0
2012-03-15,93.29,96.66,94.86,91.62,20297304.0,428442880.0
2012-03-14,95.31,98.91,92.34,88.48,29320412.0,612828160.0
2012-03-13,88.12,92.61,91.89,87.49,10550058.0,213579968.0
2012-03-12,87.31,88.66,88.39,86.77,10205873.0,199135824.0
2012-03-09,82.72,88.12,87.26,82.72,14190405.0,270825088.0
2012-03-08,80.92,83.17,82.41,80.92,6316085.0,114904856.0
2012-03-07,82.18,83.8,80.83,80.47,7214117.0,132402288.0
2012-03-06,83.84,85.15,83.31,82.81,13526608.0,253376384.0
2012-03-05,81.55,84.74,83.67,81.55,12682156.0,236317680.0
2012-03-02,81.6,82.32,81.55,80.97,7082428.0,128545840.0
2012-03-01,78.67,81.73,81.33,78.45,14149657.0,253547376.0
2012-02-29,78.67,80.11,79.08,78.36,10342198.0,182964848.0
2012-02-28,77.64,79.89,79.03,77.42,8154722.0,142815296.0
2012-02-27,78.67,79.98,78.23,77.87,7359583.0,129109664.0
2012-02-24,78.0,78.77,78.32,77.78,5271286.0,91775712.0
2012-02-23,75.98,78.67,78.05,75.98,6814914.0,118085136.0
2012-02-22,75.3,76.7,76.07,75.3,7269638.0,123036928.0
2012-02-21,73.64,75.66,75.62,73.42,5917648.0,98427528.0
2012-02-20,74.94,75.12,73.69,73.5,4935111.0,81832688.0
2012-02-17,73.86,74.9,74.09,73.5,5031425.0,83168576.0
2012-02-16,73.64,74.9,73.86,72.74,4512470.0,74221960.0
2012-02-15,73.59,74.4,73.64,72.61,6129078.0,100495040.0
2012-02-14,74.27,74.58,73.73,73.1,3611423.0,59261200.0
2012-02-13,72.38,74.9,74.22,71.93,4879181.0,80150256.0
2012-02-10,72.47,73.64,72.97,71.98,3574433.0,57873404.0
2012-02-09,71.12,74.18,72.61,70.99,7520939.0,121857872.0
2012-02-08,68.78,71.84,71.53,68.38,7208171.0,113572064.0
2012-02-07,70.54,70.54,68.92,68.38,3918335.0,60287196.0
2012-02-06,69.64,70.85,70.76,68.78,4041532.0,62875328.0
2012-02-03,69.73,70.54,69.91,69.05,4038152.0,62706976.0
2012-02-02,69.5,70.18,70.0,67.93,4676688.0,71876000.0
2012-02-01,69.01,71.03,69.64,68.38,6803782.0,106006720.0
2012-01-31,66.99,69.64,69.59,66.99,6010254.0,91598192.0
2012-01-30,68.11,68.33,67.3,67.17,3243726.0,48829080.0
2012-01-20,66.85,68.52,68.11,66.31,5734347.0,86704672.0
2012-01-19,65.37,66.76,66.45,64.51,3206622.0,47242548.0
2012-01-18,66.27,68.29,65.64,65.01,4891451.0,72886448.0
2012-01-17,62.27,67.08,66.09,61.59,5933807.0,85413104.0
2012-01-16,66.04,66.99,62.36,62.27,4127600.0,59027844.0
2012-01-13,69.41,70.04,67.21,66.09,4968568.0,74968752.0
2012-01-12,67.57,69.64,69.41,67.48,5699327.0,87391936.0
2012-01-11,67.89,68.92,68.16,67.03,6384038.0,96431768.0
2012-01-10,63.84,68.38,68.16,63.44,9131424.0,135511824.0
2012-01-09,62.62,64.51,64.29,60.6,6428076.0,89507712.0
2012-01-06,60.29,62.94,62.45,59.79,4307710.0,58249632.0
2012-01-05,63.66,63.66,60.69,60.51,4520317.0,62210380.0
2012-01-04,67.57,68.56,64.06,63.79,4912223.0,71787904.0
