date,open,high,close,low,volume,amount
2015-07-10,247.92,267.91,267.91,243.58,134264032.0,2285709824.0
2015-07-09,199.26,243.58,243.58,199.26,167856032.0,2382685952.0
2015-07-08,221.42,221.42,221.42,221.42,36315600.0,518949920.0
2015-07-07,264.96,271.16,246.06,246.06,119149112.0,1937858048.0
2015-07-06,289.13,289.13,273.33,251.33,96811720.0,1701481984.0
2015-07-03,273.8,287.9,262.79,250.71,85082688.0,1474947200.0
2015-07-02,282.32,287.9,277.51,266.51,87911120.0,1584301952.0
2015-07-01,283.09,299.83,277.51,276.74,113613920.0,2120950784.0
2015-06-30,255.98,282.94,282.94,247.92,96959088.0,1672952448.0
2015-06-29,282.01,285.11,257.22,246.53,94701832.0,1633218816.0
2015-06-26,294.4,298.74,273.8,273.64,92227848.0,1689032960.0
2015-06-25,326.94,327.72,304.01,302.15,57878972.0,1183283456.0
2015-06-24,325.39,328.8,324.0,312.53,55021024.0,1146171648.0
2015-06-23,319.35,324.93,319.2,290.84,56017340.0,1123420672.0
2015-06-19,329.27,343.21,318.11,315.32,56883736.0,1214167040.0
2015-06-18,354.83,354.83,335.62,333.14,60796920.0,1352376064.0
2015-06-17,355.3,358.55,355.3,340.89,56657796.0,1279136512.0
2015-06-16,358.09,363.05,354.83,350.19,68953400.0,1582291584.0
2015-06-15,384.12,385.36,366.76,366.3,81317712.0,1965885568.0
2015-06-12,381.02,396.21,386.13,373.43,94058224.0,2342395648.0
2015-06-11,374.82,390.01,380.87,371.88,98643856.0,2430814464.0
2015-06-10,371.88,375.6,369.71,366.77,61580832.0,1475742848.0
2015-06-09,379.88,379.88,371.38,366.98,69256992.0,1698079232.0
2015-06-08,364.55,378.97,376.84,354.23,104391200.0,2526614528.0
2015-06-05,371.68,373.05,364.55,355.9,84161176.0,2031256448.0
2015-06-04,368.65,371.23,366.37,341.48,77308616.0,1826889088.0
2015-06-03,366.52,375.48,368.04,360.45,72990456.0,1771699712.0
2015-06-02,359.54,365.31,364.4,351.35,73977712.0,1746352768.0
2015-06-01,343.91,359.69,357.72,343.76,72918768.0,1692918144.0
2015-05-29,341.48,351.65,343.0,326.45,76706584.0,1726933760.0
2015-05-28,378.51,378.97,342.54,341.33,107705344.0,2585577216.0
2015-05-27,382.46,389.44,379.27,376.39,81554760.0,2048161536.0
2015-05-26,376.08,392.63,390.2,368.8,117327688.0,2925784832.0
2015-05-25,376.24,386.56,372.29,369.41,99141088.0,2456621568.0
2015-05-22,364.09,366.98,363.64,352.56,78737008.0,1875326464.0
2015-05-21,354.84,360.91,359.09,347.55,69311224.0,1608690816.0
2015-05-20,355.9,366.52,353.93,350.74,73943504.0,1746168960.0
2015-05-19,346.03,357.11,355.75,340.11,66957184.0,1539423488.0
2015-05-18,333.89,349.98,339.96,332.07,50473800.0,1137455360.0
2015-05-15,350.59,350.59,338.6,334.04,71143048.0,1596443648.0
2015-05-14,374.57,376.84,354.23,353.77,85437576.0,2037454720.0
2015-05-13,343.45,367.43,367.13,343.45,107774880.0,2540938240.0
2015-05-12,340.72,348.31,343.15,334.8,80872624.0,1822418432.0
2015-05-11,321.75,347.1,342.24,315.07,90629800.0,1964710272.0
2015-05-08,317.5,319.47,317.05,309.0,50494688.0,1046951616.0
2015-05-07,305.36,317.8,312.64,305.36,47893808.0,986052992.0
2015-05-06,309.0,320.23,309.31,304.75,66859748.0,1374208512.0
2015-05-05,327.21,330.25,307.18,303.23,81295392.0,1700806656.0
2015-05-04,333.89,336.62,323.27,320.38,67958536.0,1454527488.0
2015-04-30,343.0,351.8,333.59,331.77,120092920.0,2695139328.0
2015-04-23,333.89,334.95,325.39,321.9,70334592.0,1515248384.0
2015-04-22,325.85,336.77,333.13,325.24,80125608.0,1750935808.0
2015-04-21,315.68,326.3,324.18,314.16,69935872.0,1477665152.0
2015-04-20,310.82,327.06,312.95,303.54,100451008.0,2072574976.0
2015-04-17,316.74,318.26,310.97,308.09,83095408.0,1711012992.0
2015-04-16,286.84,318.56,316.13,281.99,108459408.0,2184811776.0
2015-04-15,287.15,301.26,290.49,284.72,78093928.0,1513730560.0
2015-04-14,291.4,291.4,287.45,284.41,53903328.0,1022323200.0
2015-04-13,295.95,301.41,291.85,289.27,81506488.0,1578044032.0
2015-04-10,272.27,287.3,285.17,268.78,77250216.0,1441235200.0
2015-04-09,282.29,284.26,272.27,267.11,80204208.0,1445991936.0
2015-04-08,291.4,292.61,284.26,280.92,74734360.0,1404552960.0
2015-04-07,287.75,291.09,289.57,284.72,69862712.0,1322210688.0
2015-04-03,286.54,289.57,287.3,282.44,73063800.0,1373893760.0
2015-04-02,299.14,300.5,291.24,287.3,74473880.0,1437923840.0
2015-04-01,286.84,299.59,296.56,285.63,78506352.0,1529867392.0
2015-03-31,289.57,293.98,287.3,283.81,80534096.0,1527231488.0
2015-03-30,291.09,294.13,288.51,284.72,86359152.0,1644619648.0
2015-03-27,268.18,294.58,287.9,267.26,94314224.0,1753154688.0
2015-03-26,262.56,271.21,268.18,258.16,57941240.0,1014537024.0
2015-03-25,270.45,270.91,266.51,262.26,64266544.0,1125579776.0
2015-03-24,272.73,276.52,270.45,258.01,107647552.0,1907903744.0
2015-03-23,250.42,268.02,265.6,250.42,88808496.0,1530001280.0
2015-03-20,236.15,256.34,248.44,235.39,90818448.0,1478000000.0
2015-03-19,236.76,237.37,234.79,232.36,56799608.0,878018240.0
2015-03-18,228.41,240.1,236.76,227.05,84083424.0,1300107008.0
2015-03-17,227.96,230.23,228.41,224.77,61873324.0,926222080.0
2015-03-16,224.16,230.69,227.5,221.73,63391960.0,948647232.0
2015-03-13,227.04,227.04,222.49,219.61,63246936.0,926412224.0
2015-03-12,231.6,234.94,227.5,227.2,67005580.0,1016721920.0
2015-03-11,225.83,230.38,226.59,222.34,61495984.0,916863616.0
2015-03-10,227.65,231.29,225.38,222.64,78427912.0,1168876672.0
2015-03-09,215.51,231.29,230.23,210.96,129767432.0,1915833472.0
2015-03-06,210.65,224.62,215.36,209.74,99271904.0,1424435968.0
2015-03-05,210.05,215.97,210.66,209.59,72985424.0,1020606400.0
2015-03-04,212.48,215.06,210.05,207.92,93143440.0,1292317184.0
2015-03-03,196.09,213.84,212.48,195.02,155954192.0,2149173248.0
2015-03-02,194.87,195.02,194.41,191.23,39558808.0,505150016.0
2015-02-27,192.29,193.81,191.23,189.56,34552764.0,436306112.0
2015-02-26,186.07,192.29,192.14,184.55,36513160.0,453276672.0
2015-02-25,192.14,192.59,187.59,186.07,29337520.0,364850272.0
2015-02-17,194.26,195.02,191.38,191.23,33691816.0,427528960.0
2015-02-16,192.75,195.02,193.5,191.84,34861560.0,444478400.0
2015-02-13,190.17,195.78,192.59,188.5,56774384.0,718268352.0
2015-02-12,188.8,190.47,187.89,186.37,27973288.0,347494816.0
2015-02-11,183.18,190.77,188.8,182.88,42331740.0,523941408.0
2015-02-10,179.09,182.88,182.73,178.33,27788296.0,330834816.0
2015-02-09,177.11,180.15,178.63,174.99,25049196.0,294150752.0
2015-02-06,177.57,181.82,177.57,175.44,34292844.0,403773728.0
2015-02-05,187.74,189.41,179.54,179.24,50260256.0,609669184.0
2015-02-04,187.89,191.08,181.97,181.51,45879836.0,564816512.0
2015-02-03,184.4,188.95,187.43,181.06,48069104.0,587664256.0
2015-02-02,181.21,185.31,182.88,179.39,41334184.0,496732256.0
2015-01-30,194.57,196.24,185.31,185.01,60716420.0,759762560.0
2015-01-29,189.41,196.24,193.05,188.34,68142392.0,864019328.0
2015-01-28,197.3,198.06,191.84,190.62,81781928.0,1049158464.0
2015-01-27,196.24,202.16,199.88,189.86,194571168.0,2532521984.0
2015-01-26,176.05,192.9,192.9,175.29,136184304.0,1675148160.0
2015-01-23,170.44,178.33,175.29,169.37,60854252.0,698331776.0
2015-01-22,170.13,170.59,169.22,167.25,33478900.0,373117728.0
2015-01-21,163.91,170.74,169.98,163.15,40812388.0,450532704.0
2015-01-20,162.54,165.28,163.3,159.51,37758384.0,405563744.0
2015-01-19,167.1,171.04,160.27,160.27,70792672.0,771417536.0
2015-01-16,177.87,180.15,178.02,176.05,36170288.0,424513088.0
2015-01-15,172.1,176.66,176.35,170.59,31348532.0,358433984.0
2015-01-14,170.13,172.56,171.5,168.46,21676618.0,243806080.0
2015-01-13,169.37,172.71,169.98,168.62,20724854.0,232780496.0
2015-01-12,170.59,174.38,169.68,166.94,35600160.0,399327872.0
2015-01-09,170.74,179.39,171.8,170.28,47795552.0,549934144.0
2015-01-08,177.42,178.63,171.95,170.89,45020328.0,515757952.0
2015-01-07,181.21,184.55,178.02,175.44,57324448.0,678623296.0
2015-01-06,178.48,186.37,182.27,176.51,79274952.0,951578240.0
2015-01-05,176.35,183.18,180.91,176.35,93031720.0,1099043456.0
2014-12-31,170.59,175.14,174.69,169.37,48903404.0,555531008.0
2014-12-30,169.68,172.56,169.53,168.31,34958980.0,392392608.0
2014-12-29,174.84,176.35,169.68,167.55,64286368.0,731170368.0
2014-12-26,163.15,172.26,171.35,161.94,57662176.0,640072000.0
2014-12-25,159.36,163.15,162.85,158.29,39229976.0,416669120.0
2014-12-24,164.52,165.73,157.84,156.47,52427620.0,552443776.0
2014-12-23,168.46,170.74,163.91,162.85,42411240.0,467059008.0
2014-12-22,170.89,176.81,169.83,168.16,61086768.0,693918848.0
2014-12-19,171.65,173.02,170.74,164.82,52744904.0,589420160.0
2014-12-18,177.87,178.48,171.65,171.19,56875012.0,651944320.0
2014-12-17,175.29,181.51,177.57,172.26,108911832.0,1268498560.0
2014-12-16,166.64,174.53,174.53,164.67,85786336.0,965338304.0
2014-12-15,164.67,167.86,166.64,161.03,46360124.0,499887936.0
2014-12-12,163.91,168.46,165.12,163.3,48688656.0,531666688.0
2014-12-11,166.03,170.28,164.06,162.09,64158248.0,701423232.0
2014-12-10,166.03,170.74,169.22,159.21,79374712.0,864216192.0
2014-12-09,178.48,185.76,166.03,164.82,146453472.0,1712457344.0
2014-12-08,174.53,183.34,181.82,169.83,123151496.0,1451945600.0
2014-12-05,172.26,184.4,176.05,165.12,169004512.0,1943168896.0
2014-12-04,153.89,168.46,168.16,152.98,121584576.0,1284814208.0
2014-12-03,152.38,159.96,154.5,149.95,115317616.0,1182752128.0
2014-12-02,143.12,152.98,152.22,143.12,85092912.0,830919936.0
2014-12-01,148.73,154.8,144.63,144.18,92002416.0,907558016.0
2014-11-28,142.21,146.46,146.31,141.14,86380104.0,821258624.0
2014-11-27,138.87,143.42,142.06,137.96,67051944.0,622999104.0
2014-11-26,137.5,139.02,137.96,136.14,53474972.0,484906336.0
2014-11-25,136.9,137.2,136.74,135.22,44011588.0,394619936.0
2014-11-24,134.31,138.87,136.9,132.95,80866736.0,725308288.0
2014-11-21,128.09,132.34,131.58,126.88,37344952.0,319344512.0
2014-11-20,127.48,128.24,127.48,126.42,15339552.0,128803416.0
2014-11-19,128.85,129.76,128.24,127.33,25329286.0,214156496.0
2014-11-18,131.74,133.25,129.46,129.16,32623384.0,281624256.0
2014-11-17,129.16,134.16,131.43,127.48,45371680.0,392025152.0
2014-11-14,129.76,131.13,128.7,127.48,33854628.0,287904192.0
2014-11-13,130.22,133.86,130.98,130.06,62394848.0,542852032.0
2014-11-12,126.42,129.16,129.0,125.97,27280298.0,229284816.0
2014-11-11,127.94,130.22,127.33,125.82,64479204.0,545062272.0
2014-11-10,125.97,126.73,126.73,125.06,29435332.0,244290656.0
2014-11-07,123.84,127.03,124.6,123.84,36299736.0,300160192.0
2014-11-06,124.6,125.06,123.84,123.39,14268565.0,116678576.0
2014-11-05,124.3,125.82,124.6,123.69,16033848.0,131844552.0
2014-11-04,125.97,125.97,124.6,123.69,24232008.0,198944352.0
2014-11-03,127.18,127.48,125.82,125.21,31354546.0,260663248.0
2014-10-31,122.93,128.09,126.73,122.78,61727960.0,510428960.0
2014-10-30,125.21,126.88,126.12,124.3,27439836.0,227314608.0
2014-10-29,122.17,125.21,125.21,121.57,32524308.0,265268928.0
2014-10-28,118.83,121.87,121.72,118.68,18061250.0,143515760.0
2014-10-27,118.83,119.14,118.38,117.92,10576909.0,82614384.0
2014-10-24,119.29,120.35,119.14,118.83,10031320.0,78969528.0
2014-10-23,120.66,120.96,118.83,118.53,18728184.0,147757936.0
2014-10-22,121.26,122.17,120.96,120.66,13463639.0,107608128.0
2014-10-21,122.63,123.08,121.11,120.96,14830561.0,119324064.0
2014-10-20,122.63,122.93,122.63,121.72,14190725.0,114401936.0
2014-10-17,124.0,124.6,121.87,121.11,30827076.0,248975280.0
2014-10-16,124.15,126.12,124.3,123.69,21208364.0,174411952.0
2014-10-15,124.75,125.51,125.21,124.0,20651548.0,169902736.0
2014-10-14,125.21,126.58,124.91,124.0,20513740.0,169659888.0
2014-10-13,125.21,126.27,125.51,124.3,19935134.0,164164800.0
2014-10-10,126.73,128.09,125.97,125.36,22966420.0,191398848.0
2014-10-09,128.7,129.16,127.49,126.27,24101916.0,202378640.0
2014-10-08,126.73,129.16,128.4,125.66,31921904.0,268978016.0
2014-09-30,125.36,126.12,125.66,122.93,22660224.0,186028224.0
2014-09-29,123.84,126.12,125.06,123.69,24061154.0,198425696.0
2014-09-26,122.78,124.0,123.24,121.72,16427297.0,133200104.0
2014-09-25,124.45,125.82,123.54,122.93,24276148.0,198822464.0
2014-09-24,121.42,124.45,124.3,121.11,32053740.0,260323296.0
2014-09-23,120.81,122.17,121.87,120.2,19343376.0,154650000.0
2014-09-22,122.17,123.54,120.5,119.75,22445896.0,179715344.0
2014-09-19,121.87,123.54,122.17,121.11,18984990.0,152888992.0
2014-09-18,118.99,124.0,122.02,118.38,46839296.0,374616224.0
2014-09-17,117.77,119.14,118.99,117.01,20964216.0,162913296.0
2014-09-16,120.35,121.11,117.62,117.32,30906936.0,243170240.0
2014-09-15,120.35,120.5,120.05,118.83,22343954.0,176193040.0
2014-09-12,120.2,120.81,120.35,118.83,20876458.0,164735680.0
2014-09-11,117.62,121.11,120.35,117.32,38858516.0,306212000.0
2014-09-10,118.53,118.53,117.77,117.01,20522792.0,159233472.0
2014-09-09,118.83,119.14,118.99,118.08,20555068.0,160674944.0
2014-09-05,118.08,119.14,118.68,117.92,24108444.0,188224560.0
2014-09-04,116.86,117.92,117.92,116.71,18611004.0,143836448.0
2014-09-03,116.71,117.77,116.86,116.25,18834844.0,145174336.0
2014-09-02,115.34,116.41,116.25,114.74,19998002.0,152257456.0
2014-09-01,114.28,115.65,115.04,114.28,12289210.0,93094368.0
2014-08-29,113.52,114.28,114.13,112.92,8150848.0,61077456.0
2014-08-28,113.83,114.28,112.76,112.61,11036824.0,82398824.0
2014-08-27,114.89,115.5,113.67,113.22,16036951.0,121055672.0
2014-08-26,118.08,118.68,114.89,114.43,23635280.0,181469328.0
2014-08-25,117.77,119.9,117.62,117.32,17047120.0,133020288.0
2014-08-22,116.86,117.92,117.77,116.86,14117128.0,109205728.0
2014-08-21,117.62,118.08,117.17,115.8,15340295.0,118249232.0
2014-08-20,118.68,118.99,117.77,117.17,16330113.0,126969592.0
2014-08-19,117.32,119.44,118.68,116.71,27939500.0,217585696.0
2014-08-18,115.34,117.01,116.71,115.34,17891740.0,137160928.0
2014-08-15,113.83,115.95,115.19,113.37,15429214.0,116837472.0
2014-08-14,113.52,115.95,113.67,112.92,25113596.0,189650208.0
2014-08-13,113.67,114.13,113.52,112.01,22607864.0,168293504.0
2014-08-12,114.59,114.59,113.67,113.22,12136214.0,90970496.0
2014-08-11,113.22,114.74,114.43,113.07,15959867.0,120051432.0
2014-08-08,113.22,113.67,112.92,112.31,13929138.0,103735664.0
2014-08-07,114.89,115.65,112.92,112.31,18690268.0,140593072.0
2014-08-06,116.41,116.41,115.19,114.59,21494944.0,163588848.0
2014-08-05,113.98,116.56,116.41,113.83,26308564.0,199377280.0
2014-08-04,112.31,114.13,113.98,112.0,20679030.0,154366288.0
2014-08-01,113.98,115.19,111.85,111.85,22577680.0,169076416.0
2014-07-31,113.07,114.58,114.43,112.46,16585727.0,124140960.0
2014-07-30,113.07,114.28,112.92,112.0,19540404.0,145480256.0
2014-07-29,113.83,116.1,113.37,112.61,31653776.0,238154608.0
2014-07-28,109.73,113.98,113.52,109.73,44941448.0,333441184.0
2014-07-25,109.12,110.34,108.97,107.91,26361448.0,189392576.0
2014-07-24,105.48,108.36,107.91,105.48,25596912.0,180928448.0
2014-07-23,105.33,106.54,105.48,105.18,13863567.0,96717760.0
2014-07-22,104.72,106.39,105.63,104.42,15284332.0,106217392.0
2014-07-21,105.18,105.63,104.72,104.27,9324111.0,64374356.0
2014-07-18,105.18,105.94,105.33,104.42,22092884.0,153097184.0
2014-07-17,103.66,103.96,103.05,102.6,6474014.0,44023604.0
2014-07-16,103.36,104.27,103.66,103.2,9867541.0,67510672.0
2014-07-15,103.2,103.96,103.81,102.29,11950041.0,81162944.0
2014-07-14,102.75,103.36,103.2,101.23,12282415.0,82901632.0
2014-07-11,101.84,102.9,102.44,100.78,16617283.0,111403792.0
2014-07-10,101.69,102.6,101.84,101.38,5439239.0,36531464.0
2014-07-09,104.42,104.42,101.53,101.38,12529169.0,84904960.0
2014-07-08,104.72,105.18,104.11,103.81,7271852.0,49986504.0
2014-07-07,103.66,104.72,103.96,103.51,5864304.0,40193632.0
2014-07-04,105.02,105.63,103.81,103.66,9081491.0,62397944.0
2014-07-03,104.11,106.09,104.87,103.81,11902656.0,82285984.0
2014-07-02,104.42,105.02,104.57,103.2,12804310.0,87866960.0
2014-07-01,105.02,106.24,104.11,103.66,23280962.0,160898320.0
2014-06-30,106.84,109.88,106.69,105.02,49809648.0,352117696.0
2014-06-27,99.71,100.47,99.86,99.26,5953617.0,39193168.0
2014-06-26,99.11,100.02,99.56,98.8,5639675.0,37014984.0
2014-06-25,99.41,99.41,98.95,98.35,2954983.0,19218256.0
2014-06-24,98.5,99.56,99.41,98.35,3611335.0,23554492.0
2014-06-23,99.11,99.56,98.65,98.35,3449726.0,22482904.0
2014-06-20,98.35,99.86,99.11,97.74,5968228.0,38785708.0
2014-06-19,99.86,100.32,98.04,98.04,7015328.0,45702544.0
2014-06-18,100.62,101.23,99.86,99.56,5976226.0,39542096.0
2014-06-17,100.62,101.84,100.17,99.41,7494501.0,49698276.0
2014-06-16,100.47,101.08,100.62,100.17,6733564.0,44632292.0
2014-06-13,98.65,101.08,100.17,98.5,9515215.0,62687864.0
2014-06-12,99.71,99.86,98.95,98.8,4701867.0,30708920.0
2014-06-11,99.71,99.86,99.86,98.95,4526656.0,29635302.0
2014-06-10,99.11,99.71,99.71,98.35,5401471.0,35262552.0
2014-06-09,98.8,99.86,98.8,98.35,4514621.0,29464982.0
2014-06-06,99.56,99.56,98.95,98.35,3813073.0,24862296.0
2014-06-05,98.8,99.86,99.56,98.19,5174472.0,33750608.0
2014-06-04,100.02,100.62,98.35,98.04,9067830.0,58989592.0
2014-06-03,101.53,102.14,100.32,100.02,6321521.0,42098216.0
2014-05-30,101.84,102.29,101.53,100.93,7405196.0,49532156.0
2014-05-29,103.05,103.51,101.84,101.69,8311425.0,56097520.0
2014-05-28,102.6,103.51,102.9,101.69,10843287.0,73340920.0
2014-05-27,102.75,102.75,102.44,101.53,5950407.0,40043736.0
2014-05-26,103.2,103.66,102.44,101.84,5743259.0,38777884.0
2014-05-23,103.05,103.2,102.29,101.38,9033945.0,60862996.0
2014-05-22,103.0,103.99,102.86,102.58,13699738.0,100033648.0
2014-05-21,102.01,103.42,103.14,101.44,11923866.0,86555880.0
2014-05-20,103.7,103.85,101.87,101.73,13589176.0,98979384.0
2014-05-19,101.59,103.7,103.42,100.45,17087268.0,123459296.0
2014-05-16,99.47,101.02,100.74,99.18,7689508.0,54535600.0
2014-05-15,101.44,101.73,99.47,99.18,6925467.0,49165156.0
2014-05-14,101.87,102.15,101.44,101.3,4683542.0,33686412.0
2014-05-13,102.01,102.58,101.59,101.3,7806654.0,56266956.0
2014-05-12,100.88,102.01,101.87,100.31,11975866.0,86019440.0
2014-05-09,100.17,100.88,100.03,99.61,5853922.0,41500740.0
2014-05-08,99.61,101.3,100.03,99.33,5654231.0,40120544.0
2014-05-07,100.31,100.46,99.61,99.18,8604157.0,60654336.0
2014-05-06,100.17,101.02,100.6,100.03,6044974.0,43032664.0
2014-05-05,100.31,101.02,100.6,99.04,7079376.0,50076708.0
2014-04-30,98.62,101.73,100.74,98.48,15476787.0,110175640.0
2014-04-29,95.93,97.21,97.06,95.37,4666720.0,31879088.0
2014-04-28,97.21,98.19,95.79,95.65,8539135.0,58457396.0
2014-04-25,97.35,97.63,96.36,96.22,6274612.0,43035892.0
2014-04-24,97.77,98.05,97.35,96.5,5928077.0,40783964.0
2014-04-23,97.21,98.76,97.49,97.06,6229917.0,43154544.0
2014-04-22,98.05,98.62,97.63,96.64,8858922.0,61158828.0
2014-04-21,100.31,100.74,98.48,98.34,11120949.0,78429200.0
2014-04-18,100.6,101.59,101.16,100.17,5668430.0,40492096.0
2014-04-17,101.44,101.44,101.02,100.6,6050403.0,43279288.0
2014-04-16,101.16,101.87,101.16,100.6,7521888.0,53890840.0
2014-04-15,103.56,104.13,101.44,101.3,10392125.0,75125752.0
2014-04-14,103.28,104.13,103.85,103.0,7398786.0,54190056.0
2014-04-11,103.42,105.12,103.42,103.0,14733533.0,108582632.0
2014-04-10,103.56,104.27,103.42,102.29,16260538.0,118788256.0
2014-04-09,102.29,104.41,103.28,102.29,17242136.0,126075648.0
2014-04-08,100.6,102.72,102.29,100.6,13767613.0,99353216.0
2014-04-04,100.6,101.73,101.44,100.45,8801683.0,63082144.0
2014-04-03,102.72,103.0,101.44,100.74,10831050.0,77963456.0
2014-04-02,101.73,102.86,102.72,101.16,13928193.0,100676288.0
2014-04-01,100.6,102.01,101.44,100.03,10540094.0,75502536.0
2014-03-31,100.6,100.88,100.31,99.47,7971813.0,56494772.0
2014-03-28,100.88,101.58,100.45,99.04,15889090.0,113129976.0
2014-03-27,100.03,102.29,100.45,99.75,15894604.0,113786664.0
2014-03-26,101.02,101.59,100.6,99.89,12578499.0,89614448.0
2014-03-25,101.73,102.43,100.88,99.75,21541952.0,153960032.0
2014-03-24,100.31,103.42,102.86,99.61,27674252.0,199037920.0
2014-03-21,96.08,99.47,98.76,93.81,15524753.0,106755904.0
2014-03-20,97.49,99.33,95.65,95.37,9324166.0,64412156.0
2014-03-19,99.33,99.33,98.05,96.64,10848794.0,74958712.0
2014-03-18,100.03,100.74,99.75,99.18,12789855.0,90409720.0
2014-03-17,100.74,100.74,100.17,98.19,20804472.0,146459168.0
2014-03-14,96.36,101.02,100.88,95.09,24870404.0,174588336.0
2014-03-13,94.8,98.05,96.92,94.52,11694602.0,79626480.0
2014-03-12,93.81,95.51,94.94,93.25,7500827.0,50160040.0
2014-03-11,92.97,94.52,94.52,92.4,8305423.0,55036548.0
2014-03-10,96.78,96.78,93.39,92.4,13518481.0,89907944.0
2014-03-07,98.9,99.47,97.49,97.35,10976157.0,76247568.0
2014-03-06,98.19,100.17,98.76,97.35,15700600.0,109395880.0
2014-03-05,96.5,102.72,99.75,95.23,25025944.0,176823728.0
2014-03-04,94.52,96.5,96.22,93.96,13236492.0,89584376.0
2014-03-03,93.67,95.37,94.66,92.68,12308552.0,82008272.0
2014-02-28,92.12,93.96,93.53,90.85,11678122.0,76349056.0
2014-02-27,93.96,94.24,92.26,91.84,14357340.0,94608936.0
2014-02-26,94.8,95.37,93.53,91.98,17619208.0,116588688.0
2014-02-25,98.19,98.76,94.66,94.1,28305654.0,192522416.0
2014-02-24,103.14,103.28,97.91,96.78,36988196.0,258903904.0
2014-02-21,103.0,109.64,104.69,101.73,67204272.0,500303552.0
2014-02-20,103.14,103.14,103.14,102.15,34600708.0,252523376.0
2014-01-13,95.65,96.36,93.81,92.97,7252205.0,48316992.0
2014-01-10,96.22,96.5,95.51,94.66,8044050.0,54342708.0
2014-01-09,98.05,98.76,96.22,96.08,8400648.0,58011424.0
2014-01-08,98.48,99.75,98.48,97.77,6956723.0,48614884.0
2014-01-07,97.63,99.47,98.48,97.63,5817140.0,40524944.0
2014-01-06,103.42,103.56,98.05,97.63,14603879.0,102961816.0
2014-01-03,105.4,105.68,103.99,103.42,6565879.0,48375460.0
2014-01-02,105.97,106.81,105.97,104.98,5802017.0,43515976.0
2013-12-31,103.99,106.39,105.97,103.56,7200823.0,53750132.0
2013-12-30,104.83,105.82,104.69,103.99,7833445.0,58180872.0
2013-12-27,102.58,104.83,104.13,102.58,6803624.0,50017556.0
2013-12-26,105.54,106.25,102.58,102.29,10693367.0,78572912.0
2013-12-25,104.83,106.39,106.25,104.27,6224649.0,46502576.0
2013-12-24,105.12,106.25,104.55,103.56,6938908.0,51511904.0
2013-12-23,104.98,105.82,104.55,104.27,5344555.0,39628052.0
2013-12-20,106.81,107.38,105.12,104.69,10156049.0,75902504.0
2013-12-19,108.79,109.36,106.53,105.97,7722259.0,58669028.0
2013-12-18,108.51,108.93,108.23,107.8,5333967.0,40886344.0
2013-12-17,108.08,108.93,108.08,107.38,7713660.0,59062864.0
2013-12-16,111.05,111.33,107.66,107.52,17909792.0,138524768.0
2013-12-13,110.91,112.04,111.05,110.34,15403070.0,120935568.0
2013-12-12,112.61,113.74,111.9,111.19,15069977.0,119585800.0
2013-12-11,115.29,115.57,111.62,110.63,19658532.0,156604592.0
2013-12-10,117.13,117.69,115.86,115.15,12084930.0,99263640.0
2013-12-09,116.56,117.97,116.99,115.86,12923351.0,106928432.0
2013-12-06,115.57,117.69,116.56,115.29,14999001.0,123858232.0
2013-12-05,116.56,117.41,115.71,114.72,17304232.0,142083744.0
2013-12-04,112.47,116.99,116.28,112.18,29883796.0,244516448.0
2013-12-03,111.47,113.59,112.89,109.22,16624978.0,130881080.0
2013-12-02,111.19,115.57,111.48,110.34,34035984.0,273100512.0
2013-11-29,111.76,112.46,111.33,110.63,12296612.0,96921360.0
2013-11-28,110.91,113.45,111.76,110.63,20125166.0,159903728.0
2013-11-27,112.18,112.18,110.77,109.07,23463972.0,183604864.0
2013-11-26,113.31,115.15,112.18,111.19,15882371.0,126265472.0
2013-11-25,111.62,115.29,113.74,111.19,17439956.0,140373152.0
2013-11-22,111.33,112.61,112.61,110.91,11873610.0,93899584.0
2013-11-21,112.89,112.89,111.33,109.92,19498980.0,153383136.0
2013-11-20,114.87,115.43,113.88,112.18,13214356.0,105948104.0
2013-11-19,115.29,115.57,113.88,113.03,16118027.0,130297184.0
2013-11-18,111.62,115.29,114.87,110.49,25198344.0,201471536.0
2013-11-15,107.94,112.32,110.34,107.38,21038164.0,164808928.0
2013-11-14,104.83,108.51,107.1,104.55,12380213.0,93593280.0
2013-11-13,108.79,109.22,104.83,104.69,20888790.0,157787312.0
2013-11-12,109.5,110.49,110.2,107.94,15920514.0,123316184.0
2013-11-11,111.48,112.47,108.93,108.08,17193704.0,133716160.0
2013-11-08,117.27,117.97,112.04,111.48,22923620.0,184405840.0
2013-11-07,118.12,120.66,118.12,117.41,17375104.0,146207664.0
2013-11-06,116.42,122.92,119.95,115.57,31201784.0,263912080.0
2013-11-05,114.44,117.55,117.13,112.47,16602209.0,135193472.0
2013-11-04,114.72,116.99,114.87,114.16,11813548.0,96485752.0
2013-11-01,112.18,115.15,113.88,111.76,11722985.0,94079720.0
2013-10-31,117.69,117.69,112.61,111.9,20009320.0,162199792.0
2013-10-30,114.72,116.84,116.56,113.74,17947060.0,146844304.0
2013-10-29,119.95,121.08,114.3,110.2,36851072.0,301038080.0
2013-10-28,117.41,121.22,120.23,116.7,26364584.0,222501472.0
2013-10-25,127.16,127.86,118.68,117.13,38608456.0,330464224.0
2013-10-24,125.75,128.57,126.88,124.33,26568804.0,237696432.0
2013-10-23,129.56,134.08,127.16,123.91,47450836.0,430356576.0
2013-10-22,134.5,143.12,131.11,129.56,79871744.0,769601664.0
2013-10-21,138.32,138.32,136.2,131.11,94827968.0,907892992.0
2013-10-18,130.27,130.27,130.27,130.27,26124496.0,240867856.0
2013-10-17,120.66,123.34,118.4,117.55,23703920.0,201220048.0
2013-10-16,124.33,126.03,119.95,115.86,49612432.0,422958976.0
2013-10-15,123.91,127.72,127.3,118.68,70418544.0,611198144.0
2013-10-14,124.33,124.61,121.65,119.53,65973624.0,569487232.0
2013-10-11,111.9,121.08,121.08,111.05,108706816.0,921953344.0
2013-10-10,105.68,112.18,110.06,104.83,37449864.0,288797408.0
2013-10-09,105.97,106.67,105.54,104.27,13550158.0,101003264.0
2013-10-08,102.72,106.81,105.97,101.87,14614844.0,108524736.0
2013-09-30,104.27,105.26,103.14,102.57,9563819.0,70156752.0
2013-09-27,101.58,105.26,104.27,101.44,15309725.0,111697376.0
2013-09-26,104.83,106.67,101.58,100.88,22856108.0,166759664.0
2013-09-25,107.52,108.51,105.26,103.85,25362220.0,190587824.0
2013-09-24,110.34,110.91,108.08,106.11,21228708.0,162259584.0
2013-09-23,109.07,111.19,111.05,107.38,21098626.0,164078768.0
2013-09-18,107.1,110.77,110.2,106.39,22088568.0,169796992.0
2013-09-17,112.18,112.61,106.95,106.25,29609216.0,228176592.0
2013-09-16,113.74,115.57,112.04,111.48,30027128.0,241133936.0
2013-09-13,113.45,117.55,112.61,111.9,40809680.0,329870240.0
2013-09-12,109.5,116.7,114.16,108.79,61959624.0,495524736.0
2013-09-11,106.11,116.14,109.36,106.11,67113816.0,528168384.0
2013-09-10,103.99,105.97,105.54,102.01,30926316.0,228153616.0
2013-09-09,99.33,106.67,103.85,98.9,43281220.0,316115136.0
2013-09-06,95.37,98.76,98.62,94.94,18785192.0,129037840.0
2013-09-05,94.94,96.08,95.51,94.24,8780549.0,59248668.0
2013-09-04,95.23,95.79,94.94,94.1,11811123.0,79411264.0
2013-09-03,95.37,96.5,96.08,94.8,12303524.0,83316296.0
2013-09-02,94.8,96.22,95.09,94.1,12536186.0,84270240.0
2013-08-30,98.62,98.76,94.94,94.24,24151836.0,165130432.0
2013-08-29,100.17,100.17,97.77,97.06,20165030.0,140307200.0
2013-08-28,102.01,104.27,99.04,98.05,42847436.0,306221888.0
2013-08-27,95.23,102.72,101.44,94.66,39562904.0,277084960.0
2013-08-26,92.54,96.64,95.23,92.4,20936720.0,140920832.0
2013-08-23,92.83,94.52,93.11,90.14,23747804.0,155984432.0
2013-08-22,89.01,96.78,94.24,88.16,39852976.0,263579264.0
2013-08-21,87.32,88.59,88.45,86.33,9021036.0,55870164.0
2013-08-20,87.6,88.02,86.75,86.47,9821869.0,60637476.0
2013-08-19,84.77,86.47,86.33,84.63,6437604.0,39029860.0
2013-08-16,84.91,93.53,85.2,84.07,17951308.0,110047792.0
2013-08-15,85.76,86.04,85.06,84.77,6407678.0,38762944.0
2013-08-14,86.61,87.6,85.9,85.62,7712454.0,47318316.0
2013-08-13,86.19,86.89,86.61,85.9,7087059.0,43359056.0
2013-08-12,84.77,86.47,86.19,84.35,8394555.0,50889120.0
2013-08-09,85.34,85.48,84.21,83.5,5182963.0,30995716.0
2013-08-08,84.07,85.76,84.77,83.78,6791751.0,40749468.0
2013-08-07,85.34,86.89,85.34,85.34,13161311.0,80163184.0
2013-08-06,83.5,85.06,84.49,82.79,9869296.0,58644044.0
2013-08-05,82.79,83.92,83.64,82.09,5781226.0,33929668.0
2013-08-02,83.08,83.5,82.79,82.51,6409043.0,37667416.0
2013-08-01,82.09,82.79,82.65,81.38,6561947.0,38203572.0
2013-07-31,81.81,82.79,81.38,81.1,4148624.0,24037376.0
2013-07-30,80.25,82.37,80.96,79.69,6560434.0,37673696.0
2013-07-29,81.24,81.24,79.83,79.55,5883516.0,33381532.0
2013-07-26,81.1,81.81,81.38,80.96,3979406.0,22916620.0
2013-07-25,82.51,83.22,81.52,80.96,6240830.0,36159256.0
2013-07-24,83.36,83.5,82.09,80.96,7334369.0,42546304.0
2013-07-23,81.81,84.07,83.5,81.24,7912939.0,46645792.0
2013-07-22,80.96,81.95,81.81,80.39,6289046.0,36036592.0
2013-07-19,84.07,84.35,81.81,81.66,10319839.0,60421344.0
2013-07-18,86.19,86.47,83.92,83.08,10816412.0,64507304.0
2013-07-17,87.46,87.6,86.19,86.19,7641801.0,46969344.0
2013-07-16,87.6,87.74,87.6,86.04,5831444.0,35817768.0
2013-07-15,86.04,88.73,87.88,86.04,7762310.0,48245624.0
2013-07-12,88.73,89.15,86.33,86.04,7138785.0,44294700.0
2013-07-11,85.9,89.72,88.73,85.2,10000935.0,62232960.0
2013-07-10,83.78,85.62,85.48,83.36,5184392.0,30982894.0
2013-07-09,83.36,84.35,83.78,83.36,2057176.0,12219172.0
2013-07-08,85.48,85.62,83.36,83.08,4889404.0,29102552.0
2013-07-05,86.04,87.17,86.19,85.34,4820755.0,29477532.0
2013-07-04,84.35,86.19,85.48,83.92,5028164.0,30383740.0
2013-07-03,86.19,86.19,84.77,83.64,5051911.0,30271680.0
2013-07-02,86.89,86.89,86.19,85.48,5045009.0,30757764.0
2013-07-01,86.19,87.32,86.61,85.06,5233024.0,31966218.0
2013-06-28,84.91,87.88,86.33,84.35,7285111.0,44579936.0
2013-06-27,85.62,88.02,85.76,85.06,9307062.0,56776584.0
2013-06-26,86.04,86.04,85.34,82.94,6948167.0,41555320.0
2013-06-25,85.48,86.61,85.76,80.67,10309749.0,61601780.0
2013-06-24,90.56,90.56,86.89,84.07,16329652.0,100180864.0
2013-06-21,91.13,91.41,90.85,88.02,9036466.0,57640296.0
2013-06-20,96.64,97.35,93.11,92.83,10903854.0,73140408.0
2013-06-19,96.64,97.21,97.06,95.37,13700509.0,93272584.0
2013-06-18,99.04,99.18,96.08,95.93,12112921.0,82998960.0
2013-06-17,98.9,99.33,98.48,98.48,6547734.0,45771932.0
2013-06-14,99.04,99.47,98.34,98.05,5531352.0,38572768.0
2013-06-13,100.45,101.16,98.9,97.49,7553258.0,52847844.0
2013-06-07,104.13,104.55,101.59,100.74,7765868.0,56365076.0
2013-06-06,104.69,104.98,103.99,103.56,6404986.0,47262188.0
2013-06-05,104.55,105.12,104.69,103.99,4936782.0,36520744.0
2013-06-04,106.39,106.81,104.55,104.27,8490381.0,63251240.0
2013-06-03,106.53,107.38,106.53,105.97,7067903.0,53336604.0
2013-05-31,107.52,108.23,106.53,106.11,7587939.0,57657236.0
2013-05-30,108.65,108.79,107.38,106.81,9609501.0,73012312.0
2013-05-29,107.94,108.79,108.65,107.8,10096230.0,77466856.0
2013-05-28,107.38,108.37,107.94,105.97,9072585.0,68790592.0
2013-05-27,106.53,106.95,105.97,105.54,10404339.0,78177648.0
2013-05-24,107.38,107.8,106.39,105.12,7432899.0,55939044.0
2013-05-23,108.79,108.79,106.39,105.97,8630085.0,65586484.0
2013-05-22,108.51,109.44,108.24,107.71,16034285.0,131304928.0
2013-05-21,107.98,109.17,108.51,107.71,10243075.0,83801424.0
2013-05-20,107.58,108.77,107.58,107.32,12060178.0,98292976.0
2013-05-17,104.14,107.71,107.32,104.0,19721614.0,158085216.0
2013-05-16,101.75,103.61,103.61,101.22,9632841.0,74805992.0
2013-05-15,100.96,102.42,102.02,100.96,5301226.0,40783608.0
2013-05-14,101.75,101.75,100.83,100.69,5608569.0,42760144.0
2013-05-13,102.15,102.42,101.75,101.22,8811740.0,67579096.0
2013-05-10,101.62,102.55,102.28,101.49,6909349.0,53187840.0
2013-05-09,104.53,104.53,102.02,101.22,15013459.0,116126240.0
2013-05-08,104.67,105.73,104.4,103.74,9125383.0,72219040.0
2013-05-07,104.67,105.2,104.4,103.74,5414853.0,42630072.0
2013-05-06,103.61,105.33,104.8,103.47,10291807.0,81404080.0
2013-05-03,101.62,103.74,103.34,101.22,11586009.0,90110800.0
2013-05-02,100.96,101.62,100.96,100.3,5378986.0,40958972.0
2013-04-26,102.42,102.68,102.28,101.62,7682437.0,59181144.0
2013-04-25,102.42,103.47,101.75,100.96,8186655.0,63343912.0
2013-04-24,100.43,102.68,102.55,100.16,8783605.0,67384184.0
2013-04-23,102.94,102.94,100.16,99.77,8381729.0,63778620.0
2013-04-22,102.42,103.61,102.55,102.15,11574583.0,89771464.0
2013-04-19,100.43,103.08,102.68,99.63,12292732.0,94763936.0
2013-04-18,99.37,100.96,100.03,98.84,4890620.0,36958696.0
2013-04-17,100.96,101.22,100.03,98.7,10122302.0,76398408.0
2013-04-16,99.63,101.62,100.96,99.23,14609836.0,110335808.0
2013-04-15,104.0,104.4,101.09,100.69,7674520.0,59252716.0
2013-04-12,102.81,104.53,104.0,102.81,6816680.0,53397124.0
2013-04-11,104.67,104.67,103.08,102.94,5582293.0,43677196.0
2013-04-10,103.87,104.27,103.87,102.94,5385201.0,42091040.0
2013-04-09,102.68,105.59,103.74,102.68,11793591.0,92665728.0
2013-04-08,101.75,103.08,102.68,101.49,9084944.0,70113120.0
2013-04-03,103.08,104.14,102.68,102.28,7340224.0,57186128.0
2013-04-02,106.52,107.58,102.68,101.89,19658944.0,155701024.0
2013-04-01,106.52,108.64,106.92,105.99,11707025.0,95008256.0
2013-03-29,108.64,108.64,106.92,106.39,7116137.0,57727312.0
2013-03-28,110.5,111.16,107.58,106.79,21015596.0,173014672.0
2013-03-27,108.24,112.75,112.09,107.32,25289544.0,210975392.0
2013-03-26,108.91,110.5,108.11,107.71,22787134.0,188050640.0
2013-03-25,107.32,110.1,108.51,106.65,17141112.0,140687264.0
2013-03-22,104.14,107.18,106.52,103.61,12837943.0,102558504.0
2013-03-21,104.4,104.93,104.27,103.74,6637034.0,52259056.0
2013-03-20,102.15,104.93,104.4,101.89,11357279.0,89163432.0
2013-03-19,101.89,102.68,102.02,100.69,6398918.0,48984812.0
2013-03-18,102.42,103.61,101.36,101.22,7107142.0,55062692.0
2013-03-15,102.55,105.06,103.21,101.89,11460956.0,89562144.0
2013-03-14,102.81,104.0,103.34,101.49,13495964.0,104715208.0
2013-03-13,100.03,104.67,103.74,100.03,28670244.0,223009712.0
2013-03-12,100.56,101.36,99.23,98.44,10383053.0,78064336.0
2013-03-11,101.22,101.22,100.56,99.77,7750667.0,58733104.0
2013-03-08,101.49,101.62,101.36,100.69,6502640.0,49631296.0
2013-03-07,100.83,101.75,100.69,100.03,8535509.0,65011064.0
2013-03-06,101.62,101.75,101.36,99.9,15736343.0,119589272.0
2013-03-05,100.56,102.15,101.22,99.5,17214364.0,130658160.0
2013-03-04,102.02,103.34,100.43,100.16,15724791.0,120563968.0
2013-03-01,106.12,107.45,105.59,103.34,8749527.0,69742704.0
2013-02-28,103.61,106.65,106.26,102.81,11485341.0,90836272.0
2013-02-27,102.55,104.4,102.94,102.42,6118206.0,47649452.0
2013-02-26,104.27,105.73,102.15,101.89,10017439.0,78572568.0
2013-02-25,105.59,105.73,104.53,104.0,6304786.0,49819500.0
2013-02-22,105.86,106.52,104.53,104.27,7556923.0,60082736.0
2013-02-21,108.91,108.91,105.86,105.2,14963478.0,120444192.0
2013-02-20,108.38,109.7,109.57,108.11,7962858.0,65494056.0
2013-02-19,112.88,112.88,108.11,107.85,21340596.0,176022800.0
2013-02-18,115.8,116.19,112.48,112.35,15966415.0,136899392.0
2013-02-08,117.12,117.65,115.66,115.53,10508775.0,92316152.0
2013-02-07,115.66,117.25,117.12,114.07,16550660.0,144680528.0
2013-02-06,116.86,118.18,115.53,115.27,14572967.0,128100016.0
2013-02-05,114.34,118.71,116.59,113.28,27830762.0,245360608.0
2013-02-04,114.07,117.52,115.0,111.69,34179780.0,294914464.0
2013-02-01,106.92,113.01,112.22,106.52,28416512.0,236398224.0
2013-01-31,109.17,111.03,107.18,106.65,22170756.0,181731392.0
2013-01-30,106.52,111.03,109.17,106.26,28570600.0,235768528.0
2013-01-29,104.93,105.86,105.59,104.14,14082771.0,111425456.0
2013-01-28,102.42,105.06,104.93,102.28,13510795.0,106245960.0
2013-01-25,104.0,104.4,102.42,101.75,10212526.0,79338504.0
2013-01-24,104.0,106.65,103.87,103.34,14336632.0,113516176.0
2013-01-23,104.67,105.2,104.0,103.21,9495059.0,74583280.0
2013-01-22,106.26,107.05,104.93,104.0,13439214.0,107038264.0
2013-01-21,105.86,107.32,106.39,105.2,9565638.0,76802632.0
2013-01-18,104.67,106.26,105.59,103.74,7810521.0,61972952.0
2013-01-17,105.59,106.26,104.14,103.61,8973577.0,70851464.0
2013-01-16,108.38,108.38,105.73,104.8,11764610.0,94403560.0
2013-01-15,106.92,108.51,107.98,106.12,13091890.0,106248152.0
2013-01-14,102.02,107.45,107.05,102.02,12077630.0,96312768.0
2013-01-11,105.06,106.12,102.55,101.89,11703748.0,91770064.0
2013-01-10,104.93,106.39,105.46,104.67,6042515.0,48102116.0
2013-01-09,104.67,105.86,105.59,104.4,10690493.0,84811424.0
2013-01-08,106.92,107.05,104.93,104.4,9895182.0,78596712.0
2013-01-07,104.93,106.92,106.79,104.4,11189871.0,89761984.0
2013-01-04,106.65,107.18,105.33,104.0,10941845.0,87334744.0
2012-12-31,103.34,107.05,104.67,102.81,14837340.0,117760320.0
2012-12-28,101.09,103.47,102.94,100.83,8994803.0,69610112.0
2012-12-27,102.68,103.08,100.83,100.69,9530575.0,72953736.0
2012-12-26,101.75,102.68,102.28,101.09,8309051.0,63899544.0
2012-12-25,97.91,102.94,101.89,97.64,14515300.0,110364624.0
2012-12-24,98.44,99.63,98.17,97.78,5221289.0,38848344.0
2012-12-21,97.78,99.63,98.57,97.25,12001321.0,89430864.0
2012-12-20,96.45,98.04,97.91,95.79,8127431.0,59414964.0
2012-12-19,96.72,97.11,96.85,95.92,6691638.0,48742516.0
2012-12-18,96.85,98.84,96.58,95.79,11197575.0,82323600.0
2012-12-17,96.98,97.38,96.85,96.19,10389337.0,75899880.0
2012-12-14,91.95,97.11,96.58,91.42,19546242.0,140386864.0
2012-12-13,92.61,92.88,91.42,91.29,4925748.0,34150328.0
2012-12-12,92.74,93.27,92.61,91.68,3891769.0,27182396.0
2012-12-11,93.54,93.54,92.74,92.35,6460311.0,45273856.0
2012-12-10,93.41,94.73,93.8,92.21,8588357.0,60724232.0
2012-12-07,89.96,93.14,93.01,89.56,10773745.0,74676496.0
2012-12-06,90.36,91.15,90.23,89.83,4839514.0,32987640.0
2012-12-05,87.18,90.89,90.09,87.05,9532640.0,64544464.0
2012-12-04,86.25,87.71,87.18,85.85,3407949.0,22312400.0
2012-12-03,87.58,88.24,86.38,86.38,3944794.0,25958736.0
2012-11-30,87.18,88.5,87.58,87.18,6319420.0,41756560.0
2012-11-29,88.64,89.17,87.18,87.05,6873573.0,45673616.0
2012-11-28,90.23,90.23,88.64,88.5,4019176.0,27007396.0
2012-11-27,91.68,91.68,90.23,90.23,3418405.0,23393548.0
2012-11-26,92.21,92.48,91.82,91.42,2435010.0,16871292.0
2012-11-23,91.55,92.61,92.21,91.02,4565134.0,31668848.0
2012-11-22,93.41,93.8,91.02,90.76,6706953.0,46426204.0
2012-11-21,91.95,93.14,92.88,91.55,5169799.0,36074432.0
2012-11-20,92.08,92.48,91.68,91.15,2342535.0,16221842.0
2012-11-19,90.62,92.35,92.08,90.09,4539619.0,31250816.0
2012-11-16,90.09,90.89,90.09,89.7,3911434.0,26622228.0
2012-11-15,91.42,91.55,90.23,90.23,3752719.0,25749896.0
2012-11-14,91.15,92.08,91.55,91.02,3631563.0,25049136.0
2012-11-13,93.01,93.01,91.29,91.15,5420110.0,37485856.0
2012-11-12,92.61,93.41,92.74,92.35,3466036.0,24258696.0
2012-11-09,93.54,93.8,92.35,92.08,5170684.0,36227640.0
2012-11-08,94.6,95.0,93.41,93.27,4046525.0,28705790.0
2012-11-07,95.0,96.06,95.26,94.47,2676006.0,19237464.0
2012-11-06,96.45,96.58,95.0,93.67,5575270.0,39857200.0
2012-11-05,96.32,96.85,96.45,95.92,4239622.0,30808448.0
2012-11-02,96.58,97.11,96.58,95.66,8499971.0,61820028.0
2012-11-01,94.73,97.78,96.98,94.73,10369229.0,75463592.0
2012-10-31,95.0,95.13,95.0,92.88,6642059.0,47154528.0
2012-10-30,95.26,96.85,95.66,94.33,5893020.0,42602620.0
2012-10-29,94.07,95.39,95.26,93.67,4519397.0,32241712.0
2012-10-26,97.38,97.38,94.2,93.94,5689403.0,40872644.0
2012-10-25,97.78,98.84,96.98,96.72,5436466.0,40117016.0
2012-10-24,97.91,98.04,97.51,96.98,6242008.0,45989304.0
2012-10-23,98.7,99.63,98.31,98.04,7625758.0,56911784.0
2012-10-22,98.84,99.5,98.84,97.78,6471422.0,48064688.0
2012-10-19,98.57,99.63,99.37,98.17,6405640.0,47890180.0
2012-10-18,96.98,99.23,98.7,96.85,7046629.0,52160748.0
2012-10-17,97.38,97.78,96.58,95.79,4250330.0,30978320.0
2012-10-16,96.98,97.64,96.85,95.79,4034745.0,29464972.0
2012-10-15,98.57,98.57,96.72,95.79,4041684.0,29502634.0
2012-10-12,98.7,99.37,98.17,97.64,3499986.0,25999872.0
2012-10-11,99.5,99.63,98.04,98.04,4545934.0,33891968.0
2012-10-10,98.97,100.03,99.63,98.84,5405336.0,40613280.0
2012-10-09,97.78,99.77,99.37,97.64,6081529.0,45515504.0
2012-10-08,98.31,99.1,97.11,96.45,4530581.0,33294342.0
2012-09-28,96.32,99.23,98.7,95.53,10655870.0,78803104.0
2012-09-27,93.94,96.98,96.45,93.41,6568702.0,47328184.0
2012-09-26,94.33,95.66,93.67,93.01,5478517.0,39052364.0
2012-09-25,95.79,95.79,94.33,94.07,4959335.0,35566192.0
2012-09-24,95.53,96.58,95.66,93.14,6110706.0,43750616.0
2012-09-21,95.0,96.19,95.53,94.86,3577844.0,25780126.0
2012-09-20,97.91,97.91,95.0,94.73,7646712.0,55548060.0
2012-09-19,98.57,99.1,98.04,96.85,8558855.0,63153728.0
2012-09-18,98.84,99.9,98.17,97.91,6506038.0,48511028.0
2012-09-17,103.61,105.2,98.84,98.04,12165263.0,93792256.0
2012-09-14,104.67,105.86,104.4,102.81,14607038.0,115438776.0
2012-09-13,106.12,106.39,104.4,104.27,8454845.0,67396032.0
2012-09-12,103.74,107.32,106.39,102.68,20671344.0,164454272.0
2012-09-11,103.74,103.74,102.81,101.89,9039957.0,69950176.0
2012-09-10,101.62,105.06,104.53,101.62,15807819.0,123422992.0
2012-09-07,99.1,103.08,101.75,98.57,17711114.0,134854592.0
2012-09-06,97.78,98.7,98.17,97.11,3605615.0,26621084.0
2012-09-05,97.11,98.7,97.51,96.72,4553199.0,33543366.0
2012-09-04,98.7,99.5,97.25,96.98,4320590.0,31952476.0
2012-09-03,98.31,99.63,98.7,97.64,5960302.0,44376348.0
2012-08-31,98.04,99.1,98.44,97.64,4837143.0,35915116.0
2012-08-30,97.38,100.03,98.7,97.38,3998462.0,29852308.0
2012-08-29,100.16,101.36,99.1,98.84,5313746.0,40235720.0
2012-08-28,97.91,101.49,100.03,97.25,7904190.0,59470384.0
2012-08-27,99.77,99.77,96.98,96.58,5035465.0,37320468.0
2012-08-24,101.09,101.36,99.77,99.77,4448833.0,33682596.0
2012-08-23,101.09,102.02,101.75,100.69,3569371.0,27287196.0
2012-08-22,101.89,102.42,101.62,100.69,3366886.0,25807500.0
2012-08-21,101.75,102.94,102.02,101.62,5620865.0,43347112.0
2012-08-20,103.08,103.08,101.89,101.36,3823877.0,29358224.0
2012-08-17,105.33,105.46,103.34,102.55,4633108.0,36382012.0
2012-08-16,104.67,105.73,105.2,104.67,2132245.0,16920330.0
2012-08-15,107.85,108.11,104.93,104.67,6740198.0,53873276.0
2012-08-14,109.04,109.3,108.11,107.05,4296349.0,35034056.0
2012-08-13,109.04,109.7,108.77,108.11,5075205.0,41776880.0
2012-08-10,109.7,109.7,109.04,108.77,2593650.0,21371676.0
2012-08-09,107.98,109.57,109.44,107.71,4130254.0,33887128.0
2012-08-08,109.57,110.23,108.24,107.98,4373967.0,35902348.0
2012-08-07,109.97,109.97,109.57,109.04,4187961.0,34559944.0
2012-08-06,108.38,110.5,109.97,107.98,3877269.0,31977912.0
2012-08-03,107.71,109.7,109.3,106.12,4257117.0,34543816.0
2012-08-02,113.54,113.94,107.32,107.05,9962122.0,82239240.0
2012-08-01,113.94,115.0,113.41,113.28,3198815.0,27576904.0
2012-07-31,115.8,116.59,114.07,113.28,3496214.0,30230232.0
2012-07-30,115.8,116.99,115.93,115.8,2758772.0,24246334.0
2012-07-27,116.33,117.39,116.33,115.93,3631651.0,31945422.0
2012-07-26,117.52,118.98,115.8,115.53,3219298.0,28554208.0
2012-07-25,117.65,118.05,117.12,116.99,1870622.0,16592974.0
2012-07-24,115.27,118.18,117.92,115.27,6055568.0,53654512.0
2012-07-23,115.66,116.59,115.53,114.21,2952771.0,25792960.0
2012-07-20,116.19,119.51,116.99,115.53,7121024.0,63070784.0
2012-07-19,115.66,117.65,116.86,115.4,4969905.0,43819492.0
2012-07-18,115.66,116.72,115.93,114.34,3591556.0,31370940.0
2012-07-17,114.21,116.33,116.19,113.68,4050686.0,35294724.0
2012-07-16,117.25,117.25,114.21,114.21,5125618.0,44626672.0
2012-07-13,115.66,117.92,117.25,115.0,5567162.0,49251436.0
2012-07-12,115.0,116.59,115.93,112.62,5969188.0,51821640.0
2012-07-11,114.07,115.66,115.0,113.94,3810294.0,33095368.0
2012-07-10,114.47,115.8,114.6,113.01,5305093.0,45962768.0
2012-07-09,115.53,117.52,115.27,115.13,7536221.0,66188344.0
2012-07-06,113.68,116.46,116.19,113.68,5381671.0,46820856.0
2012-07-05,115.8,116.33,112.88,112.62,6294928.0,54441056.0
2012-07-04,114.34,116.72,115.93,114.34,6172669.0,53848572.0
2012-07-03,113.15,115.93,114.21,112.35,7264679.0,62851880.0
2012-07-02,112.88,113.28,112.62,112.09,3971158.0,33799936.0
2012-06-29,111.95,113.01,112.48,111.03,4001907.0,33838460.0
2012-06-28,113.94,114.21,111.95,111.82,4455193.0,38043248.0
2012-06-27,116.06,116.86,113.01,112.62,5273757.0,45850940.0
2012-06-26,116.06,116.72,116.06,115.27,2981519.0,26114000.0
2012-06-25,117.92,118.18,116.19,115.27,4549919.0,40047744.0
2012-06-21,120.04,120.04,117.92,117.52,4128480.0,36955292.0
2012-06-20,119.24,120.57,119.9,118.71,6714048.0,60771064.0
2012-06-19,119.51,119.77,118.71,118.58,4600628.0,41338296.0
2012-06-18,119.77,120.57,119.64,119.51,4787793.0,43393160.0
2012-06-15,120.04,120.17,119.77,118.84,5254452.0,47438444.0
2012-06-14,120.04,120.57,118.84,118.45,4238507.0,38289832.0
2012-06-13,117.92,121.36,120.3,117.65,7212287.0,65081808.0
2012-06-12,117.78,118.58,117.52,117.12,4636039.0,41174936.0
2012-06-11,118.31,119.24,118.58,115.66,7251558.0,64397620.0
2012-06-08,118.58,118.96,118.07,117.06,6769535.0,63017508.0
2012-06-07,118.33,118.7,117.56,116.8,5007781.0,46549624.0
2012-06-06,118.2,118.7,117.56,116.93,3654433.0,33914548.0
2012-06-05,117.31,118.33,117.56,116.55,6176726.0,57247508.0
2012-06-04,119.97,120.1,116.68,116.42,9745139.0,90757984.0
2012-06-01,121.75,122.26,121.5,120.99,4721739.0,45257104.0
2012-05-31,121.75,122.26,121.62,120.61,5130439.0,49103852.0
2012-05-30,122.51,123.4,122.13,122.13,4735850.0,45781332.0
2012-05-29,121.11,123.14,122.51,120.48,6996546.0,67312368.0
2012-05-28,119.47,121.37,121.11,118.96,7415170.0,70257712.0
2012-05-25,120.73,121.75,119.72,119.21,5622266.0,53378984.0
2012-05-24,122.51,123.02,121.11,120.61,5915645.0,56718776.0
2012-05-23,122.76,123.78,122.89,122.26,5788469.0,56115904.0
2012-05-22,122.38,123.4,123.02,121.62,7458691.0,72045440.0
2012-05-21,121.11,122.38,121.75,120.48,4203283.0,40257320.0
2012-05-18,122.26,122.38,121.24,120.48,5663975.0,54176100.0
2012-05-17,121.75,123.14,122.89,120.61,5618034.0,54126200.0
2012-05-16,122.0,122.38,121.37,121.24,7019853.0,67351496.0
2012-05-15,121.5,122.76,122.51,120.99,5847534.0,56180848.0
2012-05-14,123.4,123.4,122.13,121.75,8880875.0,85898144.0
2012-05-11,124.03,124.79,122.13,122.0,11532399.0,111964064.0
2012-05-10,124.92,125.93,124.29,123.91,7572144.0,74531904.0
2012-05-09,127.96,127.96,125.05,124.92,13772954.0,136996288.0
2012-05-08,130.5,130.5,129.1,128.09,16484369.0,167640688.0
2012-05-07,128.98,130.63,130.5,128.6,14930817.0,152902800.0
2012-05-04,128.09,130.63,129.87,127.84,12264170.0,125306536.0
2012-05-03,130.5,130.63,128.6,127.58,13556185.0,137738528.0
2012-05-02,131.77,131.77,130.5,129.23,20810672.0,213778064.0
2012-04-27,128.6,129.61,128.98,127.84,7674674.0,77924216.0
2012-04-26,130.88,132.53,128.6,127.84,22330652.0,227684144.0
2012-04-25,131.9,132.28,131.9,128.6,29089352.0,298828160.0
2012-04-24,127.46,133.8,132.02,127.46,31567640.0,325712160.0
2012-04-23,128.09,130.88,128.72,126.69,27351860.0,277765664.0
2012-04-19,126.69,127.08,126.06,125.3,11545765.0,114901528.0
2012-04-18,123.65,127.2,126.31,122.76,15077249.0,149850848.0
2012-04-17,126.57,126.57,123.27,123.14,7772555.0,76250296.0
2012-04-16,124.67,127.84,126.06,124.54,16174199.0,161118800.0
2012-04-13,124.67,125.55,124.92,122.51,15453379.0,151628720.0
2012-04-12,121.11,125.55,125.05,120.1,21351454.0,207479456.0
2012-04-11,118.58,122.0,120.86,118.07,16753234.0,159303840.0
2012-04-10,118.71,120.23,120.1,116.42,11371927.0,105861208.0
2012-04-09,121.75,121.88,118.71,118.45,10227613.0,96495320.0
2012-04-06,123.65,124.41,121.75,121.11,15897189.0,153990368.0
2012-04-05,122.64,125.55,124.29,121.88,15001128.0,146135680.0
2012-03-30,122.0,124.41,122.64,121.24,8328992.0,80593528.0
2012-03-29,120.99,123.14,122.0,120.61,8501591.0,81743104.0
2012-03-28,123.4,124.54,121.37,120.86,13634015.0,131559000.0
2012-03-27,129.49,129.87,124.29,123.27,28095692.0,278851136.0
2012-03-26,129.1,130.37,130.25,127.96,7538672.0,76774064.0
2012-03-23,133.92,134.43,129.36,128.85,11285232.0,116905544.0
2012-03-22,135.83,136.59,134.18,133.42,9036294.0,95917240.0
2012-03-21,136.71,137.85,135.7,133.04,19292796.0,205675824.0
2012-03-20,139.5,140.14,136.59,135.95,16264098.0,176659424.0
2012-03-19,137.22,140.77,140.14,135.57,27478504.0,300006976.0
2012-03-16,132.66,137.85,137.6,132.4,26446348.0,281269120.0
2012-03-15,132.91,135.06,132.66,131.9,20868896.0,219579568.0
2012-03-14,136.33,137.22,132.53,132.4,24411608.0,259999120.0
2012-03-13,132.4,136.46,135.32,131.9,20406182.0,216685840.0
2012-03-12,132.4,134.94,132.91,131.77,22931076.0,241042256.0
2012-03-09,132.28,132.53,132.4,130.5,10812697.0,112184664.0
2012-03-08,129.49,133.16,131.9,128.85,16918328.0,175943600.0
2012-03-07,127.71,129.87,129.23,127.33,9784708.0,99324496.0
2012-03-06,130.5,131.77,128.72,128.6,17301200.0,177168288.0
2012-03-05,133.16,134.81,130.63,129.87,22909112.0,239113504.0
2012-03-02,127.2,133.29,132.15,127.2,27201600.0,281751072.0
2012-03-01,126.31,128.22,126.95,126.19,10999416.0,110426352.0
2012-02-29,130.88,131.26,126.31,125.55,18938604.0,191369296.0
2012-02-28,130.88,134.18,131.26,129.23,17754144.0,184219728.0
2012-02-27,132.15,133.29,130.63,130.37,23962520.0,249558768.0
2012-02-24,127.96,132.4,131.39,127.58,28492416.0,292277280.0
2012-02-23,126.82,128.98,127.71,126.69,13101107.0,131898320.0
2012-02-22,124.79,127.46,127.2,123.65,27136320.0,268504800.0
2012-02-21,126.06,126.44,124.29,123.14,10028203.0,98258184.0
2012-02-20,126.44,126.95,125.68,125.3,5531130.0,55005960.0
2012-02-17,126.57,127.08,125.3,125.05,4846184.0,48212184.0
2012-02-16,125.94,127.71,125.68,125.05,4279854.0,42617392.0
2012-02-15,125.55,127.2,126.69,124.41,3634881.0,36117632.0
2012-02-14,127.46,128.09,125.94,124.79,3533045.0,35103488.0
2012-02-13,125.3,128.47,127.2,125.17,4750925.0,47687664.0
2012-02-10,125.05,128.98,126.31,125.05,6899270.0,69332064.0
2012-02-09,125.55,125.94,125.94,124.29,3624138.0,35843496.0
2012-02-08,121.75,125.68,125.55,121.75,5055386.0,49651816.0
2012-02-07,123.27,123.65,121.62,120.99,2634989.0,25377696.0
2012-02-06,125.17,125.3,124.16,123.02,2824736.0,27666704.0
2012-02-03,124.41,125.43,124.92,123.02,4206939.0,41207776.0
2012-02-02,122.64,124.67,124.29,121.5,4890796.0,47330800.0
2012-02-01,123.4,125.17,122.0,121.75,3834822.0,37424536.0
2012-01-31,124.03,125.43,123.4,121.37,4890574.0,47695836.0
2012-01-30,126.31,126.44,124.03,123.02,3217069.0,31567858.0
2012-01-20,125.3,126.82,126.19,124.54,2760415.0,27438232.0
2012-01-19,123.78,126.19,124.92,123.14,2839076.0,27945864.0
2012-01-18,123.65,126.82,123.02,122.64,8132012.0,80367168.0
2012-01-17,119.47,125.93,124.16,116.42,6453473.0,61505352.0
2012-01-16,121.88,123.65,119.47,118.96,3421134.0,32657474.0
2012-01-13,125.68,126.44,123.78,122.89,3598279.0,35254544.0
2012-01-12,123.02,126.19,125.3,123.02,4449538.0,43945888.0
2012-01-11,124.16,125.81,123.65,123.27,2958678.0,28966068.0
2012-01-10,118.58,124.29,123.91,117.94,7914283.0,75940552.0
2012-01-09,116.04,118.71,118.58,114.27,4493276.0,41266932.0
2012-01-06,114.65,115.92,115.28,114.14,3022876.0,27378544.0
2012-01-05,116.8,117.18,114.39,112.75,6124904.0,55355772.0
2012-01-04,119.97,120.73,117.31,117.18,4854541.0,45477288.0
