date,open,high,close,low,volume,amount
2015-07-10,127.59,127.59,127.59,124.5,6287141.0,155465360.0
2015-07-09,106.61,116.0,116.0,105.43,19021126.0,418264512.0
2015-07-08,103.21,125.28,105.43,103.21,43848088.0,911993536.0
2015-07-07,118.57,127.85,114.66,114.66,16136557.0,369622784.0
2015-07-06,153.63,153.63,127.39,127.39,22067900.0,571876608.0
2015-07-03,145.9,159.82,141.51,141.51,16044463.0,450268928.0
2015-07-02,169.97,173.22,157.24,157.24,12450151.0,386342272.0
2015-07-01,190.75,196.26,174.72,174.72,9547975.0,349626752.0
2015-06-30,183.01,197.66,194.15,169.15,12957679.0,460135072.0
2015-06-29,206.26,209.36,186.62,182.03,16984966.0,626238784.0
2015-06-26,214.0,217.14,202.24,202.24,10665899.0,426024576.0
2015-06-25,235.86,242.76,224.72,219.1,10612734.0,483059680.0
2015-06-24,226.89,240.75,236.27,226.42,10045657.0,453920640.0
2015-06-23,227.87,231.99,225.86,204.87,8297154.0,353825408.0
2015-06-19,239.67,248.75,227.66,222.56,7315445.0,339340960.0
2015-06-18,246.43,252.41,244.41,242.46,9813458.0,471701728.0
2015-06-17,237.71,248.75,246.37,232.25,8165732.0,382187264.0
2015-06-16,254.31,254.31,236.48,234.62,10038932.0,474237792.0
2015-06-15,265.45,270.35,256.99,255.19,10488856.0,536740896.0
2015-06-12,267.15,268.08,265.19,261.38,11883248.0,608239680.0
2015-06-11,266.53,274.68,267.15,263.39,12200375.0,633862144.0
2015-06-10,262.92,269.47,263.13,257.77,8349854.0,428999968.0
2015-06-09,277.77,278.44,265.86,263.75,9222884.0,482504160.0
2015-06-08,270.14,286.12,277.31,258.8,17355894.0,912474560.0
2015-06-05,265.5,271.69,269.11,250.19,17833806.0,914518912.0
2015-06-04,274.68,275.81,260.86,247.46,17107220.0,874232576.0
2015-06-03,251.53,274.83,274.83,247.1,22179582.0,1129656192.0
2015-06-02,250.14,252.97,249.83,245.14,12665126.0,612247040.0
2015-06-01,252.61,256.69,250.09,247.46,14086035.0,687589824.0
2015-05-29,244.88,249.0,243.33,232.04,14952544.0,705954688.0
2015-05-28,256.01,256.74,237.87,237.4,21019226.0,1005363968.0
2015-05-27,272.62,274.16,257.51,252.61,15401132.0,780597184.0
2015-05-26,272.62,277.36,272.36,266.53,13942835.0,732405440.0
2015-05-25,249.0,275.61,272.36,247.51,13945753.0,700638592.0
2015-05-22,251.74,264.37,250.6,246.43,13236798.0,647080192.0
2015-05-21,245.91,250.03,248.07,241.94,12497516.0,594532352.0
2015-05-20,250.03,256.17,246.43,245.19,11107193.0,540035200.0
2015-05-19,250.03,252.35,248.38,242.87,9441461.0,452566176.0
2015-05-18,242.3,252.61,251.17,241.27,10585126.0,507791808.0
2015-05-15,244.98,252.61,245.09,241.17,10135578.0,481957440.0
2015-05-14,237.2,255.09,247.46,232.04,12870250.0,606848640.0
2015-05-13,239.72,252.61,239.36,234.67,17829340.0,841582912.0
2015-05-12,217.3,237.97,237.97,213.43,21101992.0,938087168.0
2015-05-11,206.47,221.68,216.32,204.41,15096462.0,619267008.0
2015-05-08,204.93,208.38,206.01,200.54,10262933.0,406116960.0
2015-05-07,211.42,218.02,205.03,204.87,9617100.0,392348320.0
2015-05-06,217.56,225.08,216.16,212.3,15809231.0,670980480.0
2015-05-05,207.25,223.18,214.31,205.75,16739949.0,691457152.0
2015-05-04,211.37,212.19,208.64,205.85,9580999.0,388168288.0
2015-04-30,203.12,209.05,208.38,200.18,12875532.0,509806400.0
2015-04-29,196.83,206.99,203.12,196.83,8073018.0,315483232.0
2015-04-28,208.74,213.79,196.83,195.9,10586406.0,413851552.0
2015-04-27,210.34,216.01,206.68,201.06,11824656.0,482865120.0
2015-04-24,213.74,219.0,214.82,208.79,15365168.0,634287488.0
2015-04-23,215.39,221.42,214.46,210.8,13839794.0,575030336.0
2015-04-22,216.53,217.56,215.8,209.1,9607472.0,397013280.0
2015-04-21,195.28,215.29,211.27,194.87,22483912.0,915302208.0
2015-04-20,206.94,207.19,195.7,193.74,9319221.0,361971488.0
2015-04-17,211.37,212.3,206.32,205.44,7973992.0,321269440.0
2015-04-16,206.21,219.62,210.7,203.12,8019520.0,325655200.0
2015-04-15,224.98,224.98,208.33,206.63,6884979.0,287329408.0
2015-04-14,216.94,226.84,224.77,211.94,11605078.0,494203968.0
2015-04-13,206.21,217.87,216.32,203.69,12480778.0,517237472.0
2015-04-10,198.48,208.9,206.16,196.52,7331482.0,292304320.0
2015-04-09,206.73,206.73,202.14,190.75,10681291.0,407612192.0
2015-04-08,211.63,216.47,207.61,203.64,5206797.0,210080992.0
2015-04-07,208.79,219.15,211.78,205.65,8517624.0,351679104.0
2015-04-03,208.79,212.45,209.1,201.42,13091054.0,524294528.0
2015-04-02,205.44,215.34,211.52,203.12,8750774.0,355105056.0
2015-04-01,197.45,206.21,205.54,196.47,6432369.0,252229328.0
2015-03-31,195.9,200.8,197.4,194.46,5602406.0,215013568.0
2015-03-30,196.42,198.69,196.88,193.84,5979854.0,227492560.0
2015-03-27,189.2,202.09,197.14,189.2,10556274.0,406712992.0
2015-03-26,193.84,199.51,192.45,188.17,11358829.0,429084128.0
2015-03-25,201.88,204.05,197.09,195.39,12680706.0,487598336.0
2015-03-24,187.66,207.3,203.43,181.37,18216148.0,684167616.0
2015-03-23,188.79,192.81,188.43,186.62,9405270.0,345476224.0
2015-03-20,193.53,194.25,189.67,187.04,7875681.0,290243264.0
2015-03-19,182.5,194.15,192.35,181.47,11396685.0,417825696.0
2015-03-18,174.25,190.13,183.74,174.25,14355982.0,511555456.0
2015-03-17,174.77,179.1,175.9,173.22,11509022.0,394171936.0
2015-03-16,164.51,178.84,177.91,163.94,22160530.0,743326528.0
2015-03-13,156.21,166.52,164.3,155.07,16828906.0,525708384.0
2015-03-12,155.9,156.1,155.38,154.3,8718851.0,263120608.0
2015-03-11,155.79,161.78,156.88,154.76,7652381.0,235802176.0
2015-03-10,156.31,160.74,159.82,156.31,6556728.0,201773184.0
2015-03-09,159.35,159.35,157.44,154.71,4712057.0,143379664.0
2015-03-06,163.17,163.22,158.32,157.29,7642609.0,236741072.0
2015-03-05,157.24,163.94,162.81,154.56,15373016.0,476203744.0
2015-03-04,156.21,161.26,157.34,154.97,11606010.0,355884672.0
2015-03-03,151.57,157.44,157.24,150.12,14564519.0,438210752.0
2015-03-02,149.5,152.29,152.08,147.7,7905919.0,229580288.0
2015-02-27,147.19,148.99,148.99,146.26,5483914.0,157362512.0
2015-02-26,145.38,147.7,146.93,144.97,4075667.0,115550728.0
2015-02-25,147.75,148.53,145.59,143.94,4427737.0,124877088.0
2015-02-17,148.27,149.25,147.55,147.19,5796054.0,166273472.0
2015-02-16,147.19,148.58,148.22,145.43,5314469.0,151387424.0
2015-02-13,145.12,148.22,146.05,144.25,7209733.0,204958880.0
2015-02-12,145.9,146.62,143.94,143.53,3344843.0,94011160.0
2015-02-11,142.55,145.33,144.92,141.77,4126547.0,114783456.0
2015-02-10,141.36,143.32,143.22,137.39,7680508.0,208007584.0
2015-02-09,148.94,149.14,143.01,142.6,7970227.0,223804656.0
2015-02-06,150.28,159.2,151.93,150.18,12840065.0,383501088.0
2015-02-05,146.88,149.61,147.19,145.12,3969567.0,113730384.0
2015-02-04,148.53,149.25,145.64,145.28,4098955.0,116883704.0
2015-02-03,146.67,150.79,148.94,145.9,4305034.0,123817968.0
2015-02-02,148.47,151.41,146.72,141.93,9279718.0,266116352.0
2015-01-30,158.27,159.66,154.35,153.11,5699190.0,172671808.0
2015-01-29,159.82,161.31,158.01,157.03,6636985.0,204055184.0
2015-01-28,161.1,170.13,161.83,159.3,14063299.0,446728448.0
2015-01-27,155.74,156.72,155.85,153.42,5363594.0,161514848.0
2015-01-26,155.07,156.83,155.69,154.51,6824460.0,206086656.0
2015-01-23,161.62,161.88,156.31,153.84,10954151.0,331961696.0
2015-01-22,158.78,163.32,159.71,158.63,8918385.0,277461696.0
2015-01-21,158.78,164.46,158.32,156.21,15207543.0,473009120.0
2015-01-20,149.5,157.86,157.75,147.86,16978400.0,508762720.0
2015-01-19,146.82,156.21,148.68,145.38,15624164.0,460721728.0
2015-01-16,145.28,149.56,149.51,144.71,10840954.0,310836576.0
2015-01-15,144.87,147.44,145.38,143.73,9211730.0,259779776.0
2015-01-14,145.28,148.22,143.47,142.55,8715295.0,246281696.0
2015-01-13,146.31,146.31,145.33,142.7,7111714.0,199894864.0
2015-01-12,144.71,147.96,144.92,143.32,7548981.0,212771904.0
2015-01-09,143.16,148.89,144.25,143.16,10510616.0,298020992.0
2015-01-08,140.59,144.87,140.69,139.76,6137651.0,169846624.0
2015-01-07,141.0,142.8,140.59,138.16,6156701.0,167635296.0
2015-01-06,135.74,141.77,140.12,134.61,7512806.0,203203232.0
2015-01-05,132.91,137.24,135.79,130.28,6801904.0,177930944.0
2014-12-31,133.42,133.99,133.06,128.63,9025070.0,228723472.0
2014-12-30,136.93,139.25,133.52,132.7,7252921.0,192199152.0
2014-12-29,141.26,141.93,136.36,135.28,7404117.0,197601360.0
2014-12-26,144.3,144.3,141.77,139.19,5734667.0,158177488.0
2014-12-25,140.95,145.28,144.81,140.95,5272001.0,146449056.0
2014-12-24,141.72,142.7,140.59,139.61,3599421.0,98427544.0
2014-12-23,139.5,143.06,141.05,139.5,3582845.0,98114592.0
2014-12-22,143.27,143.63,140.33,138.22,6241465.0,170156224.0
2014-12-19,147.91,149.35,145.28,142.65,5322933.0,150147216.0
2014-12-18,151.98,151.98,147.96,147.5,5130603.0,147876640.0
2014-12-17,154.56,155.69,151.1,149.5,7759193.0,228899024.0
2014-12-16,152.34,158.22,156.21,149.56,13621750.0,408872992.0
2014-12-15,147.8,154.4,152.19,146.93,10157276.0,298047744.0
2014-12-12,149.5,150.54,147.8,145.95,7635000.0,218776576.0
2014-12-11,139.66,151.98,151.36,139.56,16173581.0,460926048.0
2014-12-10,135.38,140.74,139.56,135.22,4810734.0,129143992.0
2014-12-09,142.75,142.75,136.62,136.1,9011867.0,245234832.0
2014-12-08,139.61,145.28,144.4,139.09,9929409.0,274280320.0
2014-12-05,144.87,145.79,141.15,136.46,10592066.0,290686240.0
2014-12-04,143.37,146.36,145.59,143.32,8873039.0,249598640.0
2014-12-03,142.03,145.38,144.35,138.99,9543637.0,263038400.0
2014-12-02,141.98,144.35,142.55,141.41,5392839.0,149228752.0
2014-12-01,144.09,145.59,141.93,140.48,5543759.0,153368528.0
2014-11-28,142.24,144.3,143.27,139.71,7522458.0,207069920.0
2014-11-27,140.28,148.32,143.16,140.23,12215925.0,342480000.0
2014-11-26,138.42,138.47,137.75,136.41,4893969.0,130242024.0
2014-11-25,133.73,138.42,138.32,133.52,7226201.0,192074048.0
2014-11-24,135.02,135.33,133.63,132.85,5744382.0,148686384.0
2014-11-21,132.49,134.09,133.73,131.82,3440772.0,88874680.0
2014-11-20,135.33,135.43,132.6,132.39,3757924.0,97198696.0
2014-11-19,136.98,139.09,136.21,135.64,4304330.0,114456272.0
2014-11-18,135.48,137.13,136.88,134.04,4230208.0,111300712.0
2014-11-17,133.99,137.24,135.84,131.98,6331239.0,166431728.0
2014-11-14,130.17,133.37,132.34,129.45,4876076.0,124789232.0
2014-11-13,136.36,136.36,130.95,130.17,6339093.0,162903408.0
2014-11-12,135.95,136.36,135.84,133.01,6097400.0,159053904.0
2014-11-11,138.47,141.26,135.53,133.88,6927183.0,185243280.0
2014-11-10,139.92,141.46,139.04,137.39,6125462.0,164883632.0
2014-11-07,145.12,145.33,139.56,138.78,6285086.0,173623968.0
2014-11-06,145.12,146.67,145.07,143.73,4248552.0,119428104.0
2014-11-05,143.83,145.84,145.23,141.77,5288184.0,147014320.0
2014-11-04,147.86,150.79,144.3,143.73,6792792.0,193088208.0
2014-11-03,150.12,150.85,147.86,145.9,6489509.0,186062560.0
2014-10-31,150.07,152.08,149.15,147.5,8647095.0,251204048.0
2014-10-30,142.24,156.1,151.31,142.03,19824568.0,586095168.0
2014-10-29,139.3,143.58,142.8,138.58,11712278.0,319958912.0
2014-10-28,142.6,144.66,143.53,140.02,6392621.0,176759616.0
2014-10-27,138.28,145.84,145.68,137.75,7108084.0,191388608.0
2014-10-24,137.96,140.55,138.38,137.32,3285835.0,86374272.0
2014-10-23,138.33,139.91,137.96,135.63,5433811.0,141653584.0
2014-10-22,138.7,140.55,138.49,137.91,5313888.0,139828912.0
2014-10-21,141.71,141.71,139.33,136.48,10990312.0,287929056.0
2014-10-20,141.18,146.47,143.62,141.18,8240966.0,224004160.0
2014-10-17,141.87,144.36,140.13,136.95,10594562.0,281174400.0
2014-10-16,147.95,154.67,142.24,141.71,20359272.0,572153536.0
2014-10-15,144.52,155.25,149.86,143.46,19496044.0,551716160.0
2014-10-14,146.9,151.23,145.1,142.24,14309400.0,394198528.0
2014-10-13,146.16,151.12,148.8,144.67,11681793.0,326341184.0
2014-10-10,140.39,154.3,146.26,138.86,15021286.0,416988960.0
2014-10-09,143.09,143.56,140.5,137.91,16053841.0,427560288.0
2014-10-08,129.29,139.44,139.44,128.12,14010535.0,357532608.0
2014-09-30,123.42,127.44,126.75,122.68,6647202.0,158264736.0
2014-09-29,124.11,125.0,123.05,122.68,5033428.0,117557544.0
2014-09-26,122.94,126.11,123.89,122.73,5822524.0,137083088.0
2014-09-25,123.52,125.58,123.52,121.83,7955169.0,186072096.0
2014-09-24,118.71,123.47,122.36,118.45,10703601.0,247208432.0
2014-09-23,115.49,119.13,118.87,115.33,4924990.0,109164632.0
2014-09-22,116.33,118.23,116.07,115.8,3916392.0,86419176.0
2014-09-19,116.75,117.92,117.23,115.7,3036441.0,67171840.0
2014-09-18,115.06,117.18,116.65,113.95,3878832.0,85258216.0
2014-09-17,114.22,115.54,114.96,112.89,3344959.0,72240976.0
2014-09-16,119.29,119.45,114.27,114.22,6700615.0,147637104.0
2014-09-15,118.08,119.4,119.13,117.44,4287426.0,96085096.0
2014-09-12,116.7,118.45,118.02,116.49,3777042.0,83986216.0
2014-09-11,118.5,119.5,116.86,116.54,6039564.0,134761984.0
2014-09-10,119.98,119.98,118.71,118.23,4150261.0,93244344.0
2014-09-09,118.71,120.77,119.87,117.97,6010349.0,136032000.0
2014-09-05,118.13,119.72,117.92,116.86,4968556.0,111188920.0
2014-09-04,116.65,118.29,118.13,116.17,5248912.0,116425552.0
2014-09-03,116.91,117.34,116.65,116.07,4209355.0,92844864.0
2014-09-02,114.69,117.39,117.12,114.64,5301606.0,116825616.0
2014-09-01,112.95,114.96,114.85,112.63,2396201.0,51617280.0
2014-08-29,111.31,113.0,112.95,111.04,2240243.0,47544336.0
2014-08-28,114.64,114.69,111.68,110.94,4990851.0,106217248.0
2014-08-27,113.95,116.91,114.69,113.69,4336568.0,94503744.0
2014-08-26,118.18,118.45,113.42,112.15,5888800.0,128599568.0
2014-08-25,116.86,117.86,115.86,115.48,4145290.0,91142448.0
2014-08-22,115.43,117.65,117.18,115.11,5895428.0,130189544.0
2014-08-21,115.06,116.12,115.38,113.42,4219729.0,91641616.0
2014-08-20,115.11,117.12,115.43,114.64,3628716.0,79509208.0
2014-08-19,116.49,116.54,115.27,114.64,4250752.0,92760128.0
2014-08-18,116.12,117.55,116.75,115.38,5500920.0,121289824.0
2014-08-15,114.64,116.65,115.17,113.95,3921525.0,85432016.0
2014-08-14,116.86,116.86,114.27,113.48,5027249.0,109515608.0
2014-08-13,118.71,119.03,116.86,115.59,5690573.0,125804528.0
2014-08-12,119.4,121.09,118.5,117.6,6474805.0,145873264.0
2014-08-11,116.81,121.36,119.29,116.33,11631603.0,262700096.0
2014-08-08,115.33,116.17,115.91,114.48,3283279.0,71738240.0
2014-08-07,114.69,116.7,115.48,113.79,6819045.0,149017696.0
2014-08-06,115.27,115.27,114.69,113.11,6564338.0,141615472.0
2014-08-05,116.38,117.55,115.8,114.85,6900991.0,150994976.0
2014-08-04,117.23,118.29,117.28,115.01,11229016.0,247226528.0
2014-08-01,112.79,118.71,116.07,112.37,17555248.0,387846848.0
2014-07-31,115.11,115.17,112.52,111.47,6997680.0,149676080.0
2014-07-30,109.88,113.64,113.42,109.14,7911990.0,166988064.0
2014-07-29,109.46,111.68,109.88,108.56,5317816.0,110833848.0
2014-07-28,108.03,110.46,109.3,106.92,5214423.0,106934040.0
2014-07-25,106.28,108.19,107.24,106.28,3158537.0,64026260.0
2014-07-24,108.03,108.08,106.23,105.17,5474888.0,109819920.0
2014-07-23,109.46,110.25,108.08,107.55,5052352.0,103973256.0
2014-07-22,109.25,113.53,110.57,108.93,6201479.0,130767472.0
2014-07-21,112.1,112.1,109.62,107.66,5748079.0,119163008.0
2014-07-18,108.72,113.69,112.26,107.39,10522652.0,222641040.0
2014-07-17,111.04,113.69,107.92,107.34,8520729.0,177397840.0
2014-07-16,113.79,118.34,110.09,109.93,18739176.0,403484064.0
2014-07-15,105.76,110.25,109.51,105.28,8259051.0,168579216.0
2014-07-14,106.81,107.03,106.5,104.7,5509165.0,110315016.0
2014-07-11,101.31,106.34,105.86,101.31,7965234.0,158044912.0
2014-07-10,101.79,103.53,101.9,101.26,3450502.0,66660188.0
2014-07-09,103.91,104.54,101.31,101.26,4655840.0,90693104.0
2014-07-08,103.53,105.07,104.33,103.38,3837409.0,75558432.0
2014-07-07,103.48,105.12,103.96,102.48,5144161.0,100814232.0
2014-07-04,103.17,104.59,102.42,102.21,5502336.0,107243032.0
2014-07-03,98.62,107.82,103.27,98.19,13392707.0,262974176.0
2014-07-02,98.25,98.72,98.46,97.56,4268102.0,79157992.0
2014-07-01,97.08,99.31,98.19,96.82,4526589.0,84151880.0
2014-06-30,96.03,97.88,97.19,95.76,3611009.0,66334940.0
2014-06-27,95.71,96.71,96.03,95.07,2608043.0,47295280.0
2014-06-26,92.8,96.61,96.45,92.75,4505219.0,80935328.0
2014-06-25,93.7,93.7,92.85,91.85,2438034.0,42672088.0
2014-06-24,93.81,93.86,93.75,93.01,1952961.0,34509832.0
2014-06-23,93.65,94.02,93.17,93.12,2844324.0,50300496.0
2014-06-20,93.54,94.12,93.33,92.85,2024411.0,35717272.0
2014-06-19,96.61,96.82,93.49,92.59,2768905.0,49671232.0
2014-06-18,96.82,97.56,96.08,96.03,1896284.0,34748512.0
2014-06-17,97.08,98.14,96.66,96.4,2331032.0,42894812.0
2014-06-16,96.19,98.46,97.56,96.19,4892578.0,90083384.0
2014-06-13,94.6,96.29,96.19,94.6,2566971.0,46440856.0
2014-06-12,95.5,96.19,94.86,94.7,2266845.0,40825816.0
2014-06-11,95.23,97.14,95.97,94.86,3433480.0,62418608.0
2014-06-10,94.28,95.6,95.29,93.91,1786147.0,32096156.0
2014-06-09,94.28,95.23,94.23,93.86,1628649.0,29086600.0
2014-06-06,95.08,95.44,94.49,93.75,1505447.0,26884420.0
2014-06-05,93.91,95.5,95.23,93.86,1364614.0,24405784.0
2014-06-04,96.77,96.82,94.12,93.86,3042000.0,54608316.0
2014-06-03,96.77,98.83,97.24,95.29,3508729.0,64801412.0
2014-05-30,95.76,97.08,96.66,95.39,2623240.0,47867476.0
2014-05-29,96.19,96.87,95.76,95.29,2346507.0,42595736.0
2014-05-28,95.23,96.56,96.03,94.55,1790330.0,32421520.0
2014-05-27,95.5,96.66,95.02,94.65,1809239.0,32690578.0
2014-05-26,94.39,97.3,95.81,93.91,2670204.0,48385212.0
2014-05-23,92.8,94.07,93.96,92.33,1282826.0,22618784.0
2014-05-22,93.7,94.65,92.85,92.69,1442162.0,25647108.0
2014-05-21,93.75,94.49,94.33,92.75,1985756.0,35320820.0
2014-05-20,94.07,94.39,94.02,92.27,2891661.0,51113280.0
2014-05-19,91.32,94.28,93.44,90.63,3010749.0,52482728.0
2014-05-16,91.9,92.33,91.32,89.89,1890669.0,32472146.0
2014-05-15,93.06,93.33,92.22,92.01,2122841.0,37070944.0
2014-05-14,93.54,93.54,93.01,92.06,1235955.0,21656664.0
2014-05-13,92.54,93.44,92.75,91.53,2785495.0,48751192.0
2014-05-12,89.73,92.85,92.69,89.1,4945252.0,85309232.0
2014-05-09,92.01,92.17,88.57,87.72,4717402.0,79778944.0
2014-05-08,93.17,93.91,91.8,91.58,3570453.0,62395536.0
2014-05-07,95.71,96.03,93.12,93.06,2264929.0,40343040.0
2014-05-06,95.87,96.66,95.71,95.5,1418534.0,25772874.0
2014-05-05,94.65,96.71,95.87,94.65,1577730.0,28519720.0
2014-04-30,95.44,95.97,94.65,94.44,1237544.0,22242764.0
2014-04-29,94.07,95.66,95.44,93.22,1715003.0,30594816.0
2014-04-28,96.24,96.77,94.97,94.02,4185359.0,75291072.0
2014-04-25,98.83,100.31,97.51,97.35,3560357.0,66632208.0
2014-04-24,98.09,99.09,98.99,96.98,2434728.0,45145368.0
2014-04-23,97.72,98.19,98.09,96.66,2206770.0,40728356.0
2014-04-22,97.82,98.35,97.45,96.03,2958077.0,54253204.0
2014-04-21,99.41,101.1,97.82,97.72,3960204.0,74682728.0
2014-04-18,98.41,100.84,100.31,97.93,4069113.0,76826432.0
2014-04-17,98.3,100.05,98.83,98.25,3902180.0,73191528.0
2014-04-16,97.35,98.3,97.61,96.92,1733366.0,31970378.0
2014-04-15,99.83,99.83,97.77,97.45,3268466.0,60745488.0
2014-04-14,97.4,99.62,99.52,97.19,4119125.0,76991856.0
2014-04-11,97.3,97.98,97.72,96.77,2297988.0,42322932.0
2014-04-10,96.71,98.35,97.77,96.5,3509588.0,64754548.0
2014-04-09,96.61,97.3,96.98,96.13,3575664.0,65319092.0
2014-04-08,94.76,97.14,96.61,94.39,3685337.0,67056460.0
2014-04-04,93.44,95.55,95.08,92.96,2963524.0,53029636.0
2014-04-03,94.97,94.97,93.75,92.96,3777034.0,67128376.0
2014-04-02,97.93,98.35,94.49,93.86,6244990.0,113008648.0
2014-04-01,98.51,98.51,98.04,97.35,1880672.0,34802504.0
2014-03-31,97.98,99.94,97.77,97.3,1908903.0,35347612.0
2014-03-28,97.93,99.31,98.78,95.44,4544306.0,83776960.0
2014-03-27,100.1,100.1,98.3,98.09,3263694.0,60938856.0
2014-03-26,100.52,100.89,100.1,99.52,2866982.0,54278288.0
2014-03-25,99.83,100.26,100.15,97.82,5097213.0,95782880.0
2014-03-24,100.52,103.48,102.95,99.73,5211911.0,100459336.0
2014-03-21,98.25,100.63,100.15,96.03,4092490.0,75817696.0
2014-03-20,101.95,102.42,98.46,98.35,4558763.0,86366128.0
2014-03-19,102.32,102.32,101.84,99.99,3547901.0,67840400.0
2014-03-18,101.63,102.95,102.42,100.84,4302736.0,83044400.0
2014-03-17,99.15,101.79,101.58,99.04,3624669.0,69219768.0
2014-03-14,101.0,101.26,99.09,98.72,2815503.0,53094076.0
2014-03-13,99.46,101.16,100.94,99.41,3097129.0,58934128.0
2014-03-12,98.51,100.1,99.89,97.67,3044484.0,57052236.0
2014-03-11,99.67,99.83,98.41,97.56,4795912.0,89381072.0
2014-03-10,102.05,103.85,100.26,100.2,5471018.0,105298688.0
2014-03-07,102.27,103.75,101.68,101.31,4009570.0,77564000.0
2014-03-06,103.22,103.38,102.11,100.52,4213015.0,80939120.0
2014-03-05,102.16,105.54,102.64,102.11,5121803.0,100324232.0
2014-03-04,102.85,103.11,102.06,100.47,5093265.0,98036312.0
2014-03-03,101.79,103.96,103.8,100.1,6243783.0,121180128.0
2014-02-28,103.11,104.54,101.9,97.77,11646047.0,221849984.0
2014-02-27,109.41,109.72,103.69,103.11,13146535.0,264446512.0
2014-02-26,112.37,113.42,109.25,106.02,11122545.0,230490496.0
2014-02-25,117.92,121.46,113.27,113.11,16656440.0,372864384.0
2014-02-24,115.91,118.18,117.18,114.22,11540193.0,254050016.0
2014-02-21,112.84,116.07,115.96,112.37,9321159.0,202122128.0
2014-02-20,115.75,116.12,113.16,112.1,9023382.0,194513216.0
2014-02-19,110.41,116.01,115.64,109.19,16581064.0,357248800.0
2014-02-18,112.37,112.37,110.57,109.41,7736734.0,161466528.0
2014-02-17,112.52,113.0,112.15,110.78,7504573.0,158554448.0
2014-02-14,107.34,111.41,111.31,107.13,7152503.0,149214016.0
2014-02-13,111.04,111.1,107.77,107.61,7653914.0,158183136.0
2014-02-12,112.79,113.32,110.99,109.62,8970390.0,187669520.0
2014-02-11,114.22,115.06,112.53,112.0,7298078.0,156527328.0
2014-02-10,112.31,114.0,113.79,112.1,8859472.0,189910528.0
2014-02-07,110.94,110.94,110.57,108.4,6806813.0,141257280.0
2014-01-30,114.64,114.64,112.0,111.89,6461300.0,137829456.0
2014-01-29,115.75,116.33,115.49,113.21,7793137.0,169032352.0
2014-01-28,113.16,118.97,115.33,113.16,14789905.0,325760608.0
2014-01-27,113.48,114.38,112.1,110.04,7860255.0,166669184.0
2014-01-24,110.41,114.48,113.21,110.36,12143350.0,258487152.0
2014-01-23,107.24,109.99,108.88,106.5,7841832.0,160828608.0
2014-01-22,106.23,108.82,107.34,106.23,7684197.0,156235136.0
2014-01-21,106.28,107.92,106.13,104.96,7789910.0,156688608.0
2014-01-20,101.84,108.19,106.28,101.58,10457989.0,207541568.0
2014-01-17,103.11,104.22,102.0,101.26,4696772.0,90838896.0
2014-01-16,104.59,104.59,103.91,102.58,4827208.0,94597504.0
2014-01-15,102.32,105.17,104.7,101.47,6481489.0,125926064.0
2014-01-14,101.1,102.48,101.84,100.52,4393543.0,84445672.0
2014-01-13,104.06,105.76,100.89,99.94,7665249.0,148359200.0
2014-01-10,107.29,107.29,103.53,103.43,7520659.0,148849280.0
2014-01-09,109.99,111.78,107.34,107.24,7077045.0,147235920.0
2014-01-08,111.31,112.52,110.25,109.19,6484301.0,135526192.0
2014-01-07,109.62,112.15,111.2,108.4,8419517.0,175803328.0
2014-01-06,112.63,113.37,110.3,109.99,9435843.0,198491936.0
2014-01-03,107.92,116.28,113.79,105.86,23568184.0,496458720.0
2014-01-02,104.17,108.66,106.76,103.53,23827848.0,477349056.0
2013-12-31,110.3,114.32,112.42,108.93,15089056.0,320548192.0
2013-12-30,113.58,113.58,111.04,110.25,15100966.0,317485888.0
2013-12-27,115.59,115.7,113.74,110.04,20529144.0,436647552.0
2013-12-26,115.8,120.93,116.6,114.75,26004024.0,580290496.0
2013-12-25,115.8,119.45,114.48,114.48,42217604.0,925265024.0
2013-12-24,132.67,134.84,127.22,124.37,35761228.0,874625152.0
2013-12-23,125.22,133.04,133.04,123.36,32044728.0,791354688.0
2013-12-20,122.31,126.33,120.93,120.35,15210660.0,354711904.0
2013-12-19,118.45,129.13,122.62,116.86,23164578.0,548272896.0
2013-12-18,118.39,119.77,117.39,115.59,6723550.0,149093504.0
2013-12-17,114.96,120.14,118.82,112.95,10392341.0,230352032.0
2013-12-16,122.52,122.57,115.06,114.9,9760050.0,218342816.0
2013-12-13,116.86,122.94,122.25,115.48,11262521.0,256391488.0
2013-12-12,118.13,121.36,117.81,116.49,7351182.0,164911872.0
2013-12-11,119.5,121.41,118.76,116.75,8099113.0,182088304.0
2013-12-10,115.91,121.94,120.56,114.48,13586439.0,306091040.0
2013-12-09,115.27,118.87,115.38,114.22,7386035.0,162669184.0
2013-12-06,114.48,117.34,115.54,113.74,9027007.0,197412208.0
2013-12-05,109.25,118.45,115.27,108.4,13347880.0,286314208.0
2013-12-04,106.76,110.89,109.83,106.18,7246410.0,149680000.0
2013-12-03,103.27,108.14,107.24,103.11,6203035.0,124123728.0
2013-12-02,108.14,110.04,103.32,102.69,9238348.0,184355696.0
2013-11-29,112.15,112.63,111.04,109.77,6586414.0,138452512.0
2013-11-28,112.36,113.42,112.89,110.52,8521586.0,180792752.0
2013-11-27,109.83,111.78,111.57,109.25,5768993.0,120871096.0
2013-11-26,108.82,110.78,110.25,106.87,4905356.0,101181912.0
2013-11-25,108.88,110.78,108.88,108.29,4926504.0,102077336.0
2013-11-22,109.46,111.04,109.51,108.03,5504477.0,114161072.0
2013-11-21,113.64,114.16,110.09,109.51,9321911.0,195713168.0
2013-11-20,113.9,116.65,113.74,112.36,10568118.0,228476000.0
2013-11-19,108.14,115.7,113.9,107.08,15664821.0,332735072.0
2013-11-18,109.46,109.93,108.08,106.66,7693076.0,157134208.0
2013-11-15,104.64,108.56,107.29,104.17,9323287.0,188444896.0
2013-11-14,100.42,104.96,104.54,100.1,6685892.0,130627304.0
2013-11-13,101.74,102.05,100.1,99.57,3074330.0,58511584.0
2013-11-12,102.27,102.53,102.16,100.1,4338551.0,83326280.0
2013-11-11,101.42,103.43,103.01,99.83,3545046.0,68384712.0
2013-11-08,101.0,102.21,101.37,99.15,4579152.0,87161152.0
2013-11-07,104.28,105.02,101.42,101.0,8349221.0,162089600.0
2013-11-06,108.82,111.52,105.17,105.02,9339710.0,190760384.0
2013-11-05,107.34,109.46,109.09,104.96,7169587.0,145592800.0
2013-11-04,107.87,109.51,107.39,106.6,9432786.0,193053344.0
2013-11-01,100.2,110.41,107.92,100.2,18097596.0,364459008.0
2013-10-31,105.7,106.55,101.0,100.47,13525516.0,265089104.0
2013-10-30,96.03,99.2,99.04,95.76,4617698.0,85258080.0
2013-10-29,99.36,101.58,96.03,93.33,8771889.0,160166448.0
2013-10-28,102.32,102.32,99.62,99.41,5299277.0,101109656.0
2013-10-25,103.64,103.8,99.2,98.14,7363952.0,139330400.0
2013-10-24,102.95,105.12,103.17,100.52,5729122.0,111892200.0
2013-10-23,107.5,109.19,102.64,101.84,8289129.0,163778624.0
2013-10-22,107.34,113.0,107.45,106.6,11937780.0,248287520.0
2013-10-21,104.17,109.72,108.24,104.06,10493855.0,214318832.0
2013-10-18,101.0,105.23,103.85,100.2,9620780.0,188152176.0
2013-10-17,106.39,106.76,100.52,100.05,11004035.0,215032272.0
2013-10-16,110.57,111.36,105.97,103.91,12397594.0,249165344.0
2013-10-15,107.13,113.32,111.62,107.08,18060152.0,378523776.0
2013-10-14,108.93,109.46,107.08,106.18,11453095.0,233339088.0
2013-10-11,107.08,108.93,108.82,105.02,13332240.0,269748800.0
2013-10-10,109.72,109.72,106.6,104.75,17318672.0,349735008.0
2013-10-09,101.63,107.08,104.06,101.63,14904071.0,296271488.0
2013-10-08,102.05,104.75,102.32,101.42,8576164.0,166550384.0
2013-09-30,97.67,104.7,102.32,96.45,15119903.0,288427104.0
2013-09-27,94.55,98.3,97.14,93.91,9538948.0,174751952.0
2013-09-26,93.96,96.5,94.7,93.06,8105193.0,145416880.0
2013-09-25,94.86,96.56,94.7,93.12,7975817.0,143045920.0
2013-09-24,96.19,96.5,94.76,93.86,8039391.0,144004224.0
2013-09-23,94.02,96.5,95.81,93.65,8153536.0,147228656.0
2013-09-18,90.69,94.33,94.02,90.69,9311043.0,164149792.0
2013-09-17,91.53,91.8,90.9,90.42,4135300.0,71269184.0
2013-09-16,89.26,92.01,91.53,89.1,5856256.0,101106464.0
2013-09-13,89.1,89.89,89.84,88.31,3432182.0,57890732.0
2013-09-12,88.2,90.42,89.15,87.83,4815219.0,81308728.0
2013-09-11,90.0,90.16,88.57,87.88,5555911.0,93230152.0
2013-09-10,91.43,92.01,90.26,89.36,6791927.0,116054704.0
2013-09-09,90.84,91.74,91.43,90.58,4850948.0,83689880.0
2013-09-06,91.64,91.64,91.11,90.31,3857363.0,66297696.0
2013-09-05,89.1,91.74,91.53,88.36,6237684.0,107154720.0
2013-09-04,90.42,90.74,88.99,88.31,3317505.0,56217448.0
2013-09-03,88.2,90.74,90.53,87.62,4304366.0,72980160.0
2013-09-02,87.09,88.62,88.2,86.45,4525701.0,74939088.0
2013-08-30,91.64,91.64,87.3,86.88,7242133.0,121729192.0
2013-08-29,90.58,92.75,91.16,90.58,4079901.0,70698528.0
2013-08-28,91.64,92.17,90.69,90.31,4773803.0,82293904.0
2013-08-27,92.8,93.54,92.64,90.95,6854182.0,119333184.0
2013-08-26,90.0,93.01,93.01,89.94,7651720.0,133005000.0
2013-08-23,91.37,92.33,90.21,88.25,8168217.0,139720000.0
2013-08-22,91.21,92.75,91.37,91.11,6184170.0,107386416.0
2013-08-21,90.63,91.95,91.27,89.84,6917987.0,119120104.0
2013-08-20,94.92,94.97,90.9,89.63,11592279.0,201524864.0
2013-08-19,91.48,94.6,94.44,91.48,6361902.0,112302848.0
2013-08-16,92.06,94.28,91.32,90.95,8345380.0,146301680.0
2013-08-15,97.93,98.51,92.8,92.54,14404488.0,258767232.0
2013-08-14,97.88,98.67,97.98,96.29,8252148.0,151736816.0
2013-08-13,97.77,98.72,98.04,96.71,6720356.0,124172224.0
2013-08-12,98.62,99.67,97.56,96.45,10112399.0,187135696.0
2013-08-09,97.51,100.84,98.25,97.3,14074387.0,263845648.0
2013-08-08,94.55,99.67,97.77,94.55,15857398.0,292904160.0
2013-08-07,93.38,95.71,94.55,92.8,10803591.0,192478704.0
2013-08-06,94.44,95.81,93.96,93.01,11786637.0,209865184.0
2013-08-05,91.58,95.44,94.44,91.0,11568473.0,205324208.0
2013-08-02,90.16,94.6,91.95,89.58,13094165.0,229117968.0
2013-08-01,86.77,90.74,89.84,86.77,13868528.0,233885024.0
2013-07-31,89.1,89.68,86.51,86.3,14614910.0,242692992.0
2013-07-30,86.3,86.3,86.3,85.77,14432708.0,235470144.0
2013-07-29,80.43,81.64,78.47,78.26,3655900.0,55501160.0
2013-07-26,79.63,80.8,80.0,78.58,3840781.0,57977764.0
2013-07-25,82.54,83.18,80.11,79.48,7648356.0,117516768.0
2013-07-24,79.21,84.29,82.54,79.21,13139710.0,204689104.0
2013-07-23,78.21,79.58,79.16,77.2,7317497.0,108703712.0
2013-07-22,75.61,79.05,77.84,75.61,8724217.0,127597456.0
2013-07-19,75.83,75.83,73.66,73.24,4783765.0,67523296.0
2013-07-18,76.67,77.04,75.09,74.88,3972998.0,56887976.0
2013-07-17,79.11,79.63,77.1,76.99,3617612.0,53508832.0
2013-07-16,77.62,80.06,79.58,77.2,4714756.0,70198240.0
2013-07-15,75.77,78.73,77.84,75.35,3912375.0,57083728.0
2013-07-12,76.83,77.73,75.35,74.98,3711304.0,53685652.0
2013-07-11,74.03,76.94,76.46,73.82,3865306.0,55576324.0
2013-07-10,71.39,73.92,73.82,70.86,2398053.0,33011204.0
2013-07-09,72.6,73.66,71.49,70.12,3658435.0,49570732.0
2013-07-08,76.14,76.25,72.55,72.44,3418494.0,47873020.0
2013-07-05,79.26,79.26,77.36,77.2,2894205.0,42738480.0
2013-07-04,78.68,79.58,79.0,78.26,3294277.0,49237300.0
2013-07-03,77.52,80.0,79.58,77.31,4751750.0,70856200.0
2013-07-02,75.62,78.58,78.31,75.25,4045491.0,58870080.0
2013-07-01,73.39,75.77,75.51,73.24,2150011.0,30441528.0
2013-06-28,75.77,76.89,74.61,73.13,2699012.0,38167956.0
2013-06-27,76.09,79.0,75.88,75.51,3747126.0,54677728.0
2013-06-26,74.14,76.57,76.04,72.97,3890429.0,55506096.0
2013-06-25,74.03,75.14,74.24,67.58,5188848.0,70845272.0
2013-06-24,79.42,80.59,75.09,72.97,7853382.0,112055352.0
2013-06-21,80.9,80.9,80.48,78.26,3130456.0,47254092.0
2013-06-20,83.55,84.76,82.12,82.01,3106474.0,49033812.0
2013-06-19,84.87,84.87,84.08,82.54,2325531.0,36754944.0
2013-06-18,83.81,85.5,84.92,83.76,2562126.0,41040668.0
2013-06-17,84.61,85.24,84.02,83.07,2996705.0,47682096.0
2013-06-14,83.65,84.71,84.55,82.75,2933299.0,46420896.0
2013-06-13,84.82,84.82,83.23,81.43,3561031.0,55598944.0
2013-06-07,88.09,88.31,85.82,85.72,4000628.0,65680368.0
2013-06-06,87.14,87.99,87.2,86.51,3404883.0,56168640.0
2013-06-05,86.4,88.04,87.67,86.3,3509474.0,57804204.0
2013-06-04,91.9,91.9,87.25,86.83,8175032.0,136745952.0
2013-06-03,93.38,95.02,92.01,91.85,8840675.0,155887344.0
2013-05-31,92.59,95.07,93.49,91.8,11485443.0,203371264.0
2013-05-30,91.48,92.96,92.43,91.43,9534545.0,166427568.0
2013-05-29,91.74,91.9,90.63,89.52,6627922.0,113454696.0
2013-05-28,89.58,91.64,91.53,88.73,11228058.0,191978016.0
2013-05-27,86.93,89.63,89.58,85.4,9994824.0,164425520.0
2013-05-24,87.57,88.47,86.93,86.08,7607224.0,125164512.0
2013-05-23,89.26,89.73,88.2,87.94,4886511.0,82085728.0
2013-05-22,89.26,90.69,89.73,89.05,5240926.0,88899704.0
2013-05-21,88.41,90.0,89.63,88.25,6474019.0,109187016.0
2013-05-20,93.54,93.54,89.31,89.1,13333078.0,226591136.0
2013-05-17,93.12,94.49,93.54,92.69,5185787.0,91989544.0
2013-05-16,91.74,94.12,93.06,90.63,4991202.0,87446160.0
2013-05-15,91.69,92.85,92.11,91.0,3071209.0,53379580.0
2013-05-14,92.06,93.33,92.64,89.52,6352065.0,109086688.0
2013-05-13,94.07,94.07,92.43,91.64,4582054.0,80121008.0
2013-05-10,94.28,95.13,94.12,91.64,7427872.0,131079704.0
2013-05-09,93.59,95.87,94.23,93.12,8136048.0,145576304.0
2013-05-08,93.7,93.7,93.59,91.95,6621956.0,116402416.0
2013-05-07,91.37,94.33,93.44,91.37,9968253.0,175865936.0
2013-05-06,91.21,92.22,91.37,90.53,8944818.0,154876640.0
2013-05-03,89.68,91.8,90.63,89.63,9835848.0,169015504.0
2013-05-02,88.36,90.16,88.73,86.83,5821153.0,97425560.0
2013-04-26,90.53,91.27,87.72,86.72,6488537.0,108492024.0
2013-04-25,92.43,93.59,90.37,89.84,9625362.0,167298176.0
2013-04-24,89.31,94.02,92.33,88.94,14245815.0,246829808.0
2013-04-23,89.26,90.42,89.84,86.88,14324299.0,240962592.0
2013-04-22,86.83,89.63,89.42,85.4,15282086.0,253081072.0
2013-04-19,83.55,85.61,84.92,83.55,9210528.0,147554832.0
2013-04-18,85.45,85.45,84.08,83.28,7058218.0,112394856.0
2013-04-17,83.49,85.82,85.66,83.44,8185115.0,131041296.0
2013-04-16,83.97,83.97,83.33,81.33,9110004.0,142342944.0
2013-04-15,88.31,90.63,86.61,85.61,14046395.0,234671776.0
2013-04-12,87.57,88.52,85.56,85.45,7245228.0,119119824.0
2013-04-11,86.93,89.94,89.47,84.92,12302147.0,203211168.0
2013-04-10,90.0,91.11,87.09,85.93,13767712.0,228248016.0
2013-04-09,93.06,93.06,90.05,88.36,14133707.0,240832400.0
2013-04-08,100.36,100.89,94.7,92.59,25532988.0,467004704.0
2013-04-03,91.48,97.35,96.77,91.48,34787116.0,627339200.0
2013-04-02,90.74,94.49,88.52,86.19,24901816.0,422615904.0
2013-04-01,86.72,90.74,90.74,85.66,24734256.0,415235424.0
2013-03-29,86.19,86.24,82.49,82.28,9178140.0,144941088.0
2013-03-28,88.31,88.31,85.77,85.29,5266038.0,86449184.0
2013-03-27,86.08,89.2,89.1,85.13,6574940.0,108724128.0
2013-03-26,88.15,88.25,86.14,84.61,7364630.0,119362496.0
2013-03-25,89.84,91.43,88.47,87.51,8235681.0,139320256.0
2013-03-22,88.83,90.05,89.15,87.83,7065312.0,118848200.0
2013-03-21,84.92,89.15,89.1,84.08,10582026.0,175202496.0
2013-03-20,83.12,85.4,84.92,82.86,7298084.0,116101504.0
2013-03-19,86.4,86.93,83.07,81.8,8196290.0,129333592.0
2013-03-18,86.08,88.52,86.3,85.4,4537789.0,74418384.0
2013-03-15,86.61,89.1,87.09,84.6,8825420.0,146289520.0
2013-03-14,85.4,87.57,86.67,85.29,7199220.0,117888576.0
2013-03-13,86.3,86.67,85.5,83.97,4977644.0,80307600.0
2013-03-12,90.1,90.84,86.51,85.13,8806049.0,144973680.0
2013-03-11,89.63,91.74,90.42,89.15,6859097.0,117731448.0
2013-03-08,90.95,91.58,89.89,87.94,11153195.0,188537760.0
2013-03-07,93.81,95.23,90.74,89.2,14354293.0,250483216.0
2013-03-06,94.92,97.72,94.07,93.06,12944040.0,231715744.0
2013-03-05,94.6,96.71,95.23,91.74,19382772.0,345439840.0
2013-03-04,90.0,97.82,95.29,89.89,27065628.0,483528736.0
2013-03-01,86.19,91.11,90.84,86.19,21339480.0,357063936.0
2013-02-28,80.85,85.82,85.08,80.37,17058968.0,268306320.0
2013-02-27,79.05,81.8,81.06,79.05,14446276.0,220544496.0
2013-02-26,77.73,82.44,78.89,76.62,16089985.0,242979632.0
2013-02-25,76.2,78.47,77.89,75.3,6551939.0,95544400.0
2013-02-22,77.2,77.68,75.83,75.51,4055474.0,58585336.0
2013-02-21,78.42,79.69,77.41,77.2,7493867.0,110946144.0
2013-02-20,75.98,79.58,78.79,75.25,9668873.0,142542864.0
2013-02-19,76.99,79.21,76.14,75.67,8537678.0,125225880.0
2013-02-18,76.2,77.47,77.1,75.61,7329239.0,106128120.0
2013-02-08,75.14,75.51,75.4,74.29,3237041.0,45929592.0
2013-02-07,74.5,76.04,74.56,73.66,3883755.0,55039608.0
2013-02-06,73.5,74.56,73.98,73.18,3143418.0,43987328.0
2013-02-05,71.39,73.39,73.24,70.86,3348970.0,45989700.0
2013-02-04,74.56,74.72,71.6,70.38,5731499.0,78942080.0
2013-02-01,74.24,74.77,74.4,73.13,3112594.0,43591548.0
2013-01-31,76.14,76.25,74.72,74.19,5476404.0,77666344.0
2013-01-30,75.67,78.0,76.83,74.77,7560461.0,109328544.0
2013-01-29,76.57,76.57,75.77,75.25,5470928.0,78431168.0
2013-01-28,74.56,78.0,77.04,74.4,8736252.0,125492136.0
2013-01-25,72.97,74.24,73.55,72.23,3081195.0,42787112.0
2013-01-24,73.98,75.19,72.92,72.71,5182384.0,72588848.0
2013-01-23,73.24,74.29,73.87,72.44,2782171.0,38768628.0
2013-01-22,74.82,74.82,73.34,72.92,4441512.0,61914168.0
2013-01-21,75.35,75.4,74.88,73.71,4774880.0,67223464.0
2013-01-18,74.72,75.67,75.14,74.45,4754377.0,67491904.0
2013-01-17,76.14,76.51,74.56,74.24,5559189.0,78689528.0
2013-01-16,78.0,78.0,76.57,75.09,10665771.0,153712736.0
2013-01-15,77.73,81.96,78.52,76.67,19653464.0,295838912.0
2013-01-14,76.67,79.26,77.78,76.14,22152828.0,324063392.0
2013-01-11,75.09,75.35,72.12,71.91,11103288.0,153863328.0
2013-01-10,73.24,76.36,75.51,71.91,14130869.0,198220944.0
2013-01-09,76.67,76.67,73.08,72.44,20267284.0,282900032.0
2013-01-08,74.61,78.0,78.0,74.61,33193248.0,483772160.0
2013-01-07,70.86,70.91,70.91,69.27,9283571.0,124062936.0
2013-01-04,66.2,66.42,64.46,64.3,2275685.0,28096020.0
2012-12-31,65.62,65.99,65.78,65.2,1292358.0,16045544.0
2012-12-28,65.2,65.89,65.62,64.93,1817888.0,22493056.0
2012-12-27,65.57,65.94,65.15,64.93,1701653.0,21030080.0
2012-12-26,65.57,65.57,65.57,64.62,2198395.0,27064904.0
2012-12-25,64.3,65.57,65.36,63.98,2381900.0,29272692.0
2012-12-24,64.25,64.56,64.19,63.72,1170372.0,14208638.0
2012-12-21,63.66,64.41,63.98,63.24,1211623.0,14639795.0
2012-12-20,63.98,64.14,63.66,62.87,1627002.0,19492866.0
2012-12-19,64.83,65.57,64.19,63.98,1734923.0,21233484.0
2012-12-18,63.82,65.83,64.3,63.82,3888293.0,47765384.0
2012-12-17,63.82,63.82,63.45,62.77,1778248.0,21279428.0
2012-12-14,61.55,63.93,63.45,60.91,2268691.0,27044594.0
2012-12-13,61.07,62.03,61.55,60.86,1218588.0,14176581.0
2012-12-12,62.24,62.24,61.44,60.91,987680.0,11461938.0
2012-12-11,62.34,62.34,61.66,61.39,957585.0,11167533.0
2012-12-10,62.03,62.45,62.34,61.39,1556555.0,18247320.0
2012-12-07,60.81,62.08,61.71,60.17,1692553.0,19682504.0
2012-12-06,60.81,61.13,60.86,60.02,1096486.0,12590812.0
2012-12-05,58.32,61.44,60.81,58.22,2470844.0,28227106.0
2012-12-04,59.01,59.22,59.01,56.9,1178297.0,12967044.0
2012-12-03,60.17,60.33,59.01,58.91,658220.0,7413640.0
2012-11-30,59.12,60.44,60.23,58.96,1109984.0,12586300.0
2012-11-29,59.38,60.28,58.96,58.75,821914.0,9269473.0
2012-11-28,60.49,60.49,59.44,59.12,1218383.0,13732775.0
2012-11-27,63.24,63.82,60.6,60.55,1979476.0,23120068.0
2012-11-26,64.46,64.51,63.82,63.45,733974.0,8872678.0
2012-11-23,63.51,65.09,64.41,63.51,1014425.0,12361261.0
2012-11-22,63.98,65.41,63.66,63.4,1094225.0,13337140.0
2012-11-21,64.03,64.46,64.41,62.92,1312747.0,15820913.0
2012-11-20,64.78,64.99,63.77,63.45,1262931.0,15300995.0
2012-11-19,66.1,66.1,64.56,63.51,2179159.0,26422652.0
2012-11-16,67.16,67.16,66.36,65.83,1153647.0,14476739.0
2012-11-15,66.63,67.74,67.42,65.62,1620682.0,20502870.0
2012-11-14,66.1,67.31,67.05,65.89,1756218.0,22190064.0
2012-11-13,67.37,67.63,65.89,65.52,2410120.0,30227520.0
2012-11-12,67.05,68.64,67.63,67.05,2499430.0,32099814.0
2012-11-09,67.68,70.59,68.27,67.16,7179120.0,93208744.0
2012-11-08,66.1,66.1,64.88,64.78,875740.0,10803934.0
2012-11-07,65.89,66.78,66.36,65.2,952117.0,11907424.0
2012-11-06,67.05,67.05,65.73,65.41,1549577.0,19296840.0
2012-11-05,66.89,67.68,67.05,66.57,1051344.0,13319270.0
2012-11-02,67.16,67.42,67.31,66.31,1448425.0,18338892.0
2012-11-01,66.26,67.37,67.21,65.89,2837917.0,35799528.0
2012-10-31,69.8,70.06,66.78,64.14,5356293.0,67365232.0
2012-10-30,70.96,71.54,70.7,70.22,649028.0,8669600.0
2012-10-29,70.8,71.65,70.7,70.12,708380.0,9525622.0
2012-10-26,71.28,71.7,70.7,70.12,1555955.0,20800156.0
2012-10-25,72.02,72.97,71.44,71.39,1189998.0,16202306.0
2012-10-24,72.28,73.08,71.91,71.65,1154642.0,15772865.0
2012-10-23,73.39,73.39,72.39,72.34,939646.0,12934925.0
2012-10-22,72.71,73.39,73.34,72.12,1747290.0,24127736.0
2012-10-19,72.76,73.13,72.76,72.23,1745745.0,24035764.0
2012-10-18,72.18,72.87,72.6,71.86,1609615.0,22072448.0
2012-10-17,72.5,72.71,72.07,71.49,949666.0,12919245.0
2012-10-16,72.44,73.02,72.5,72.07,1418423.0,19465072.0
2012-10-15,72.28,72.55,72.44,70.96,1265081.0,17142920.0
2012-10-12,72.39,73.08,72.07,71.39,1578956.0,21522912.0
2012-10-11,72.71,73.45,72.65,71.97,2879268.0,39681608.0
2012-10-10,72.44,72.97,72.6,71.97,1906029.0,26145160.0
2012-10-09,70.54,72.76,72.5,70.54,2447578.0,33368108.0
2012-10-08,72.87,72.87,71.07,70.86,1589292.0,21525962.0
2012-09-28,71.91,72.55,72.34,71.23,2465828.0,33573740.0
2012-09-27,70.96,72.5,72.18,70.91,2926920.0,39767836.0
2012-09-26,70.49,71.17,70.64,69.8,1797236.0,23932276.0
2012-09-25,70.86,72.18,70.49,70.01,1356383.0,18132798.0
2012-09-24,70.28,72.07,71.12,69.8,1384478.0,18648424.0
2012-09-21,71.39,71.65,70.33,69.53,1697206.0,22610740.0
2012-09-20,74.14,74.14,71.28,71.12,2990148.0,41081536.0
2012-09-19,73.98,74.45,73.92,73.5,1962231.0,27451532.0
2012-09-18,73.71,74.35,73.92,73.66,1777645.0,24868496.0
2012-09-17,75.35,75.56,73.98,73.87,1866225.0,26321548.0
2012-09-14,76.3,76.57,75.19,75.14,2820408.0,40337808.0
2012-09-13,76.94,76.94,75.93,75.88,1584029.0,22881792.0
2012-09-12,77.25,77.73,76.83,75.98,2750530.0,39905544.0
2012-09-11,77.2,78.1,77.25,76.46,3939239.0,57623528.0
2012-09-10,77.1,77.62,77.25,76.3,3207900.0,46769784.0
2012-09-07,75.61,77.52,77.1,75.51,5026559.0,72728216.0
2012-09-06,74.35,75.4,74.98,74.14,1007158.0,14252482.0
2012-09-05,73.98,74.72,74.29,73.34,1365962.0,19188128.0
2012-09-04,74.29,74.56,73.76,73.45,1003596.0,14032426.0
2012-09-03,73.29,74.4,74.24,73.18,1308365.0,18306816.0
2012-08-31,73.02,73.92,73.18,73.02,928762.0,12910758.0
2012-08-30,74.98,75.4,73.55,72.55,2164556.0,30348512.0
2012-08-29,75.67,76.51,75.19,75.09,1646893.0,23628384.0
2012-08-28,75.14,76.41,75.72,74.77,1319342.0,18934424.0
2012-08-27,75.56,75.56,74.88,74.29,1781110.0,25188024.0
2012-08-24,77.25,77.41,75.83,75.77,1523272.0,22019138.0
2012-08-23,77.41,77.68,77.41,76.25,2961942.0,43223144.0
2012-08-22,76.78,77.2,77.2,76.3,2370526.0,34426188.0
2012-08-21,75.93,76.94,76.36,75.61,1779558.0,25710672.0
2012-08-20,75.4,75.83,75.61,74.4,1159045.0,16440162.0
2012-08-17,75.09,75.98,75.61,74.35,1684951.0,23883572.0
2012-08-16,76.67,77.1,75.25,75.09,2086355.0,29988602.0
2012-08-15,76.94,77.84,77.04,76.62,2736522.0,39946136.0
2012-08-14,76.04,77.36,77.31,75.51,3317414.0,48005144.0
2012-08-13,76.14,76.51,75.3,75.19,1557930.0,22318014.0
2012-08-10,76.94,77.31,76.14,75.88,2622091.0,37882660.0
2012-08-09,75.93,77.94,77.41,75.35,3072076.0,44670376.0
2012-08-08,76.3,76.51,76.09,75.3,1309838.0,18819454.0
2012-08-07,76.67,76.88,76.46,75.61,1614368.0,23257558.0
2012-08-06,74.98,76.83,76.78,74.03,2207784.0,31639398.0
2012-08-03,74.03,75.56,75.46,73.82,1281738.0,18095508.0
2012-08-02,74.56,75.09,73.98,73.76,872210.0,12272346.0
2012-08-01,74.14,75.09,74.61,73.66,1556350.0,21956956.0
2012-07-31,74.19,74.19,73.61,72.81,951999.0,13236156.0
2012-07-30,75.61,75.98,73.92,73.5,2397710.0,33667008.0
2012-07-27,77.25,77.62,75.77,75.03,3206549.0,46056584.0
2012-07-26,76.14,78.36,77.1,75.88,2963206.0,43409192.0
2012-07-25,78.05,78.79,76.3,76.2,2737477.0,40084544.0
2012-07-24,77.84,79.32,78.42,77.41,2932307.0,43490932.0
2012-07-23,76.94,78.95,77.89,75.93,3070784.0,45354524.0
2012-07-20,76.73,78.52,76.78,76.51,2152021.0,31571516.0
2012-07-19,75.61,77.52,77.04,75.4,1930551.0,28041338.0
2012-07-18,74.89,76.15,75.89,74.1,1529466.0,21880148.0
2012-07-17,75.89,75.89,75.42,73.52,2832505.0,40158440.0
2012-07-16,77.88,79.09,76.67,76.41,4215731.0,62671748.0
2012-07-13,77.25,78.2,77.67,76.41,1945756.0,28609152.0
2012-07-12,75.42,78.09,77.94,74.89,3402233.0,49967560.0
2012-07-11,74.47,75.78,75.57,74.21,1196306.0,17066646.0
2012-07-10,76.73,76.73,74.47,74.15,2335649.0,33407716.0
2012-07-09,77.78,78.72,76.89,76.78,2806163.0,41545576.0
2012-07-06,76.99,79.09,78.46,76.15,3633934.0,53905512.0
2012-07-05,76.36,77.36,76.67,75.2,2896418.0,42077388.0
2012-07-04,77.2,77.46,76.78,75.73,2857711.0,41644504.0
2012-07-03,77.62,79.67,77.31,76.73,8302814.0,123523664.0
2012-07-02,75.36,76.47,75.68,74.68,2556175.0,36746648.0
2012-06-29,73.37,75.47,74.94,72.16,4940585.0,69618288.0
2012-06-28,74.1,74.31,73.0,72.79,2389207.0,33407604.0
2012-06-27,74.21,74.63,73.73,73.52,1577064.0,22247844.0
2012-06-26,74.21,74.84,74.0,73.0,1698706.0,23932768.0
2012-06-25,75.62,76.05,74.36,74.31,1731749.0,24820114.0
2012-06-21,76.78,76.78,75.62,75.42,1762686.0,25447524.0
2012-06-20,78.25,78.57,76.78,76.47,2757053.0,40538300.0
2012-06-19,78.36,79.72,78.2,77.78,4654871.0,69966896.0
2012-06-18,77.99,79.14,78.36,77.99,3432934.0,51331688.0
2012-06-15,76.41,78.09,77.99,75.99,3527507.0,52008352.0
2012-06-14,76.47,77.36,76.05,75.62,2005375.0,29284892.0
2012-06-13,75.62,77.15,76.94,75.0,2802401.0,40716208.0
2012-06-12,75.42,76.2,75.31,74.68,1471360.0,21104766.0
2012-06-11,75.1,76.47,75.47,74.58,2164075.0,31135256.0
2012-06-08,76.1,76.1,74.68,74.0,1651307.0,23498816.0
2012-06-07,76.31,76.99,74.73,74.36,2178368.0,31301256.0
2012-06-06,76.78,77.46,75.57,75.2,1724315.0,24971888.0
2012-06-05,76.15,78.09,76.73,75.89,1988668.0,29140208.0
2012-06-04,77.2,77.52,75.89,75.78,2246812.0,32826122.0
2012-06-01,78.25,79.25,78.3,77.52,2980146.0,44380556.0
2012-05-31,78.78,80.3,78.67,78.36,6075065.0,91899072.0
2012-05-29,77.09,78.25,78.04,76.94,2069733.0,30637020.0
2012-05-28,75.42,77.2,76.99,75.1,1592764.0,23094928.0
2012-05-25,77.2,77.41,76.15,76.05,1875100.0,27315564.0
2012-05-24,78.25,78.36,77.1,76.94,1830059.0,27017952.0
2012-05-23,79.14,79.41,78.46,76.94,2193111.0,32627116.0
2012-05-22,78.51,79.35,79.25,78.15,1860823.0,27960540.0
2012-05-21,77.2,78.41,78.2,76.41,1394891.0,20590898.0
2012-05-18,79.2,79.2,77.46,76.94,2436080.0,36155808.0
2012-05-17,79.14,79.62,79.56,78.15,2316920.0,34858056.0
2012-05-16,79.67,80.46,78.88,78.78,2537626.0,38540916.0
2012-05-15,79.83,80.67,79.83,78.78,3324531.0,50357040.0
2012-05-14,81.35,82.3,80.88,80.35,5304465.0,82091640.0
2012-05-11,79.98,81.72,81.03,79.67,7148044.0,109929040.0
2012-05-10,78.36,80.35,79.72,78.36,3882266.0,58842032.0
2012-05-09,79.72,79.77,78.83,78.78,2776660.0,41896368.0
2012-05-08,81.03,81.09,80.56,79.83,2667623.0,40877280.0
2012-05-07,79.56,81.61,80.98,79.3,4530105.0,69564720.0
2012-05-04,79.83,80.51,80.14,78.67,4200886.0,63644712.0
2012-05-03,77.88,80.25,80.04,77.67,5478413.0,82648792.0
2012-05-02,77.46,77.88,77.62,76.52,3458052.0,50839684.0
2012-04-27,77.31,78.15,76.47,75.1,3053152.0,44366656.0
2012-04-26,78.67,78.67,77.73,77.31,2636399.0,39090140.0
2012-04-25,77.83,78.78,78.51,77.31,2279949.0,33991780.0
2012-04-24,77.52,78.46,78.15,75.42,3054607.0,44923204.0
2012-04-23,78.99,78.99,77.73,77.2,2304462.0,34122616.0
2012-04-20,79.2,79.62,79.04,77.78,2300042.0,34497956.0
2012-04-19,78.04,80.35,79.56,77.73,3520318.0,52987780.0
2012-04-18,77.67,78.2,77.99,76.57,2572903.0,38024736.0
2012-04-17,76.73,77.88,76.94,76.25,2419366.0,35596500.0
2012-04-16,76.57,76.99,76.73,75.62,1184253.0,17264656.0
2012-04-13,76.73,77.31,76.89,76.1,2499691.0,36510080.0
2012-04-12,75.31,77.25,76.83,75.31,2215730.0,32255916.0
2012-04-11,74.57,75.47,75.26,74.0,1535924.0,21930656.0
2012-04-10,73.84,75.36,75.31,73.0,1421048.0,20047288.0
2012-04-09,75.47,75.47,74.42,74.31,1158966.0,16478783.0
2012-04-06,75.0,75.89,75.42,74.68,1606899.0,23016422.0
2012-04-05,73.89,75.31,75.05,73.37,2132937.0,30354380.0
2012-03-30,74.05,74.78,73.31,72.89,1360443.0,19116520.0
2012-03-29,75.62,75.99,73.79,73.42,1703085.0,24168826.0
2012-03-28,77.46,78.51,75.57,75.36,2230009.0,32356016.0
2012-03-27,79.04,79.62,78.36,78.15,1504228.0,22572962.0
2012-03-26,78.25,79.46,78.93,77.73,1823422.0,27331756.0
2012-03-23,79.56,79.77,78.51,78.2,1860123.0,27932224.0
2012-03-22,79.67,80.09,79.51,79.14,1762257.0,26728962.0
2012-03-21,80.25,80.88,79.67,78.2,2501848.0,37929824.0
2012-03-20,82.87,82.87,79.88,79.83,3679861.0,56746592.0
2012-03-19,82.19,83.14,82.98,81.45,4141884.0,65106400.0
2012-03-16,80.09,81.82,81.77,79.88,3784068.0,58341092.0
2012-03-15,81.4,81.77,79.98,78.72,4539693.0,69173376.0
2012-03-14,85.71,86.29,81.24,80.25,8062046.0,128961472.0
2012-03-13,86.5,86.6,85.29,84.71,6826953.0,110867368.0
2012-03-12,84.19,86.6,86.34,83.56,11048927.0,179537456.0
2012-03-09,82.61,84.34,84.03,82.61,5076793.0,80868512.0
2012-03-08,82.4,83.19,82.45,82.03,3369207.0,52919964.0
2012-03-07,81.82,82.77,81.82,81.35,2843743.0,44531032.0
2012-03-06,83.08,83.77,82.35,81.51,3584241.0,56249744.0
2012-03-05,84.5,84.55,83.92,82.98,4473483.0,71234656.0
2012-03-02,82.98,84.03,83.92,82.72,5065146.0,80516608.0
2012-03-01,82.98,83.56,82.77,82.4,2466393.0,38922292.0
2012-02-29,82.45,84.5,82.87,81.93,4610110.0,73248832.0
2012-02-28,83.19,83.77,82.4,81.82,4007005.0,63036440.0
2012-02-27,84.24,84.82,83.24,83.19,8079565.0,129216832.0
2012-02-24,82.61,83.5,83.08,81.82,6666775.0,104925264.0
2012-02-23,81.4,83.4,83.14,81.19,8801477.0,138209216.0
2012-02-22,79.72,81.98,81.56,79.3,7554534.0,116551328.0
2012-02-21,79.72,79.98,79.72,78.09,4641571.0,69810048.0
2012-02-20,81.51,81.56,79.56,79.46,5537990.0,84760312.0
2012-02-17,81.09,81.51,80.77,79.67,2865141.0,43966036.0
2012-02-16,81.09,81.98,80.67,79.88,3625071.0,55851004.0
2012-02-15,80.82,81.56,81.4,79.88,4027116.0,62096352.0
2012-02-14,81.14,81.51,80.88,80.04,3288591.0,50441072.0
2012-02-13,79.35,82.03,80.88,78.93,3267440.0,50298312.0
2012-02-10,80.35,80.98,80.04,79.41,3061307.0,46768736.0
2012-02-09,79.46,81.82,80.72,79.2,3621108.0,55495092.0
2012-02-08,77.88,79.67,79.56,77.52,2781736.0,41759268.0
2012-02-07,80.09,81.03,78.25,77.73,2768992.0,41776292.0
2012-02-06,78.41,80.61,80.25,77.83,3299023.0,49589084.0
2012-02-03,77.62,78.57,78.04,76.94,2520824.0,37363048.0
2012-02-02,76.15,77.88,77.52,76.15,2305424.0,33882076.0
2012-02-01,75.62,77.46,76.73,74.78,2213210.0,32156772.0
2012-01-31,76.25,77.04,75.42,73.89,1193357.0,17050948.0
2012-01-30,77.73,77.73,75.99,75.94,1224434.0,17926672.0
2012-01-20,76.2,76.94,76.73,75.36,1246904.0,18125236.0
2012-01-19,74.42,76.83,75.52,73.94,2149432.0,31001188.0
2012-01-18,77.15,77.73,73.79,73.68,3405979.0,49064772.0
2012-01-16,76.1,76.1,72.47,72.21,2157905.0,30074278.0
2012-01-13,78.25,78.57,76.94,75.52,1875629.0,27443872.0
2012-01-12,79.3,79.93,78.72,78.2,1462399.0,21991460.0
2012-01-11,79.25,80.04,79.35,77.83,1969237.0,29694306.0
2012-01-10,76.52,79.98,79.09,76.2,2946290.0,44035676.0
2012-01-09,74.36,76.94,76.52,73.26,2295748.0,32947352.0
2012-01-06,75.62,76.15,74.42,71.95,2249645.0,31491578.0
2012-01-05,80.61,81.19,76.15,74.47,2708058.0,39824396.0
2012-01-04,84.87,85.24,81.82,81.72,1832192.0,29195966.0
