date,open,high,close,low,volume,amount
2015-07-10,65.2,65.2,65.2,65.2,4619741.0,95952024.0
2015-07-07,62.91,64.01,59.27,59.27,12300063.0,236010896.0
2015-07-06,76.91,76.91,65.86,62.91,22615784.0,489403808.0
2015-07-03,73.64,77.82,69.91,69.91,18356644.0,418714016.0
2015-07-02,86.64,88.21,77.66,77.66,15789474.0,405857664.0
2015-07-01,94.21,98.98,86.3,86.3,13279615.0,397914080.0
2015-06-30,87.9,96.53,95.87,81.18,15641156.0,438421152.0
2015-06-29,104.82,105.63,90.19,90.19,15093536.0,460973344.0
2015-06-26,106.73,107.67,100.2,100.2,11037380.0,363395392.0
2015-06-25,113.58,116.75,111.35,109.56,19787666.0,718349376.0
2015-06-24,106.92,111.44,109.59,104.28,12368476.0,427797536.0
2015-06-23,103.06,105.76,104.47,92.61,10107936.0,325465344.0
2015-06-19,108.61,111.44,102.75,100.45,9024586.0,306720832.0
2015-06-18,116.12,118.79,111.63,110.75,9081054.0,334390752.0
2015-06-17,114.74,118.06,117.25,109.87,12574704.0,455538720.0
2015-06-16,122.93,125.35,114.67,114.49,14345844.0,547651520.0
2015-06-15,123.62,126.19,122.93,121.8,14434372.0,570338688.0
2015-06-12,123.68,127.45,123.46,122.43,13316983.0,527298976.0
2015-06-11,125.1,126.7,123.5,121.77,14735332.0,577879808.0
2015-06-10,130.9,132.0,126.82,122.43,20344224.0,832683456.0
2015-06-09,122.4,133.95,133.73,118.66,24294488.0,959452544.0
2015-06-08,123.18,125.13,121.77,119.29,24977840.0,965111808.0
2015-06-05,122.74,125.57,119.07,116.31,17175808.0,658210560.0
2015-06-04,118.97,118.97,118.1,112.07,17295540.0,636960576.0
2015-06-03,113.01,122.74,119.23,110.88,23552636.0,884662016.0
2015-06-02,114.58,115.96,112.79,109.28,34819896.0,1255265152.0
2015-06-01,103.44,106.39,106.39,100.48,17237268.0,573589440.0
2015-05-29,98.13,100.8,96.72,94.17,15023810.0,466738080.0
2015-05-28,104.25,107.96,98.79,95.81,24537554.0,802544448.0
2015-05-27,103.59,106.51,105.6,100.52,22346762.0,736816384.0
2015-05-26,101.55,103.59,102.62,99.51,21874966.0,710270720.0
2015-05-25,98.66,101.93,101.43,97.63,17804248.0,570881216.0
2015-05-22,99.67,100.23,98.7,96.37,16122297.0,504337120.0
2015-05-21,95.31,98.04,97.63,94.24,14265165.0,439251904.0
2015-05-20,94.65,96.94,95.21,94.52,16475811.0,502748704.0
2015-05-19,92.26,94.46,93.89,92.01,16570680.0,491748448.0
2015-05-18,93.83,95.09,92.7,92.64,13751077.0,410403200.0
2015-05-15,94.8,98.54,95.56,91.22,15824028.0,474093120.0
2015-05-14,91.98,97.63,95.46,91.98,17776210.0,538530112.0
2015-05-13,93.3,93.3,91.44,91.04,13032773.0,382368736.0
2015-05-12,91.35,94.02,93.7,91.0,15336484.0,454422144.0
2015-05-11,89.88,91.32,91.0,88.78,13177769.0,379536896.0
2015-05-08,87.9,89.72,88.56,86.95,8990605.0,252791712.0
2015-05-07,89.0,89.47,86.14,85.39,9078305.0,251252128.0
2015-05-06,93.7,94.93,89.59,87.99,14380827.0,420902624.0
2015-05-05,102.62,102.62,94.08,93.86,14779810.0,460520288.0
2015-05-04,102.53,103.94,102.62,98.88,16029549.0,520539616.0
2015-04-30,99.17,103.62,101.93,98.41,17079324.0,551250496.0
2015-04-29,99.61,102.97,99.17,96.94,15997189.0,506889728.0
2015-04-28,99.83,106.07,100.23,97.35,19705348.0,636659712.0
2015-04-27,98.26,104.91,101.93,94.24,23965716.0,761056768.0
2015-04-24,90.41,97.94,96.28,89.78,22501514.0,679071488.0
2015-04-23,91.66,92.51,91.6,90.09,13083204.0,380270752.0
2015-04-22,88.84,92.51,91.6,88.84,15445982.0,447183776.0
2015-04-21,86.33,89.18,88.49,86.14,8590928.0,240107456.0
2015-04-20,90.72,90.72,86.3,86.05,16719108.0,466196160.0
2015-04-17,90.47,92.32,89.97,89.31,14515602.0,418170656.0
2015-04-16,86.26,91.76,89.18,85.73,13681769.0,389874880.0
2015-04-15,90.72,90.88,86.95,86.17,11799449.0,331185888.0
2015-04-14,89.28,93.08,91.88,87.65,13586223.0,392301088.0
2015-04-13,87.77,89.62,89.31,86.95,9137693.0,258452288.0
2015-04-10,85.95,88.15,87.52,85.01,6897989.0,191584912.0
2015-04-09,90.19,90.19,85.95,84.38,10741244.0,296111584.0
2015-04-08,93.11,93.7,89.18,88.84,11132056.0,320549088.0
2015-04-07,91.73,94.11,92.64,91.41,11022880.0,325901536.0
2015-04-03,91.07,93.77,91.54,90.47,11975887.0,349171040.0
2015-04-02,90.97,94.05,91.98,89.37,14720477.0,431028064.0
2015-04-01,89.0,90.34,90.03,88.05,10597929.0,302713984.0
2015-03-31,88.74,90.03,88.56,87.96,9594839.0,271294496.0
2015-03-30,88.71,90.25,88.78,87.9,10221395.0,289599552.0
2015-03-27,86.99,88.84,88.71,86.99,8525129.0,239620944.0
2015-03-26,86.67,88.78,86.61,85.86,9606306.0,265990688.0
2015-03-25,88.96,89.75,87.99,85.39,12511162.0,351340640.0
2015-03-24,90.91,94.49,89.72,86.99,23013656.0,663735680.0
2015-03-23,86.26,90.69,89.91,85.23,14278044.0,396906848.0
2015-03-20,87.74,87.74,86.23,84.76,15557846.0,427233216.0
2015-03-19,82.78,90.25,87.74,81.87,20208752.0,553571904.0
2015-03-18,81.96,84.22,82.78,81.62,11919552.0,314484640.0
2015-03-17,82.5,82.72,82.09,81.15,9583835.0,249840304.0
2015-03-16,80.05,82.78,82.18,79.48,12069661.0,313924384.0
2015-03-13,78.23,80.05,79.42,77.19,7314648.0,183328912.0
2015-03-12,79.26,79.36,77.85,77.16,5850503.0,145464704.0
2015-03-11,78.57,79.95,79.04,78.1,8138707.0,205443952.0
2015-03-10,77.63,79.99,79.61,77.07,7827459.0,196212192.0
2015-03-09,76.91,78.13,77.79,76.53,5522834.0,136441440.0
2015-03-06,78.73,79.08,76.91,76.78,8134808.0,200901616.0
2015-03-05,80.33,81.84,78.73,78.17,11550377.0,293752064.0
2015-03-04,81.81,82.18,80.33,79.14,12347258.0,314729984.0
2015-03-03,80.71,84.35,81.3,79.77,24573884.0,646744000.0
2015-03-02,82.81,83.75,80.93,79.89,23311532.0,606086400.0
2015-02-27,76.91,77.22,76.91,75.97,7773781.0,189990032.0
2015-02-26,76.94,77.0,76.41,75.0,6794371.0,164522640.0
2015-02-25,75.18,77.63,76.75,75.18,8760347.0,213922192.0
2015-02-17,76.28,76.28,75.18,74.4,6648616.0,159182256.0
2015-02-16,75.34,76.34,75.65,75.03,8486903.0,204231472.0
2015-02-13,72.83,75.34,75.0,72.36,9688513.0,230132928.0
2015-02-12,71.89,73.05,72.8,71.39,5898554.0,136251920.0
2015-02-11,71.89,72.17,71.67,71.01,5130862.0,116856432.0
2015-02-10,70.51,72.04,71.98,70.1,5151436.0,116456392.0
2015-02-09,71.32,72.2,70.51,70.32,8490423.0,192240208.0
2015-02-06,74.24,74.93,72.64,72.04,16110246.0,375413216.0
2015-02-05,77.51,80.05,75.56,74.18,24359776.0,600846912.0
2015-02-04,77.63,80.05,77.07,75.37,29347848.0,729535360.0
2015-02-03,72.99,76.09,73.9,72.52,11540177.0,272110656.0
2015-02-02,72.2,74.4,72.89,70.66,16078127.0,371319520.0
2015-01-30,78.48,82.87,76.88,76.63,44094744.0,1116582400.0
2015-01-29,71.89,76.56,76.56,71.89,32404986.0,773711680.0
2015-01-28,69.16,69.66,69.59,68.31,8408643.0,184533840.0
2015-01-27,70.6,70.6,69.41,68.56,14172418.0,312312000.0
2015-01-26,70.47,72.11,71.82,70.47,6472337.0,147446992.0
2015-01-23,71.13,71.51,70.44,69.69,4758611.0,106911168.0
2015-01-22,70.79,71.2,71.07,70.32,4681217.0,105469472.0
2015-01-21,69.53,71.32,70.79,69.41,7551009.0,169569632.0
2015-01-20,66.64,69.38,69.22,66.64,5600906.0,122153168.0
2015-01-19,66.96,68.56,67.27,65.3,7152639.0,152719072.0
2015-01-16,68.12,68.91,68.91,67.87,5157961.0,112466616.0
2015-01-15,67.52,69.53,68.12,67.52,5591506.0,122042952.0
2015-01-14,67.78,67.99,66.9,66.8,2577381.0,55331932.0
2015-01-13,67.18,67.99,67.62,66.58,3413315.0,73094232.0
2015-01-12,69.31,69.31,66.74,66.08,7329056.0,156426944.0
2015-01-09,71.04,71.1,69.31,69.28,5111223.0,114302832.0
2015-01-08,71.04,71.95,70.88,70.19,6069722.0,137873376.0
2015-01-07,71.82,72.04,71.01,70.57,5910710.0,133964224.0
2015-01-06,70.57,72.52,72.2,69.53,9449415.0,214752368.0
2015-01-05,69.94,70.91,70.72,67.81,6288924.0,140087392.0
2014-12-31,69.06,70.19,69.94,68.78,5210639.0,115203376.0
2014-12-30,70.25,70.47,68.97,67.59,6486433.0,142003872.0
2014-12-29,71.89,72.04,69.81,69.06,9290105.0,207629440.0
2014-12-26,71.89,72.36,71.32,71.13,6181203.0,140917856.0
2014-12-25,74.24,74.24,72.36,70.94,6008560.0,137996416.0
2014-12-24,70.63,71.89,70.94,69.75,4686588.0,105984920.0
2014-12-23,70.79,72.17,70.0,69.97,5358544.0,120997736.0
2014-12-22,72.3,72.73,70.69,69.72,9981411.0,225861936.0
2014-12-19,74.71,74.87,73.8,70.32,17364968.0,401870176.0
2014-12-18,75.21,79.64,76.97,74.87,15527110.0,385427328.0
2014-12-17,76.31,76.56,75.53,74.4,9164289.0,219389856.0
2014-12-16,77.25,77.82,76.72,74.96,11431389.0,278395936.0
2014-12-15,77.29,78.32,77.03,75.97,12272737.0,301717440.0
2014-12-12,77.85,79.83,78.2,74.46,22801754.0,562419584.0
2014-12-11,75.97,80.05,76.38,75.65,35503764.0,875729728.0
2014-12-10,68.28,75.12,75.12,67.84,29522440.0,690298112.0
2014-12-09,71.32,71.32,68.28,67.49,12427396.0,276192576.0
2014-12-08,71.07,72.58,71.29,69.38,13796842.0,310297088.0
2014-12-05,74.68,75.31,71.51,70.94,15526234.0,359154912.0
2014-12-04,72.89,73.61,73.11,71.95,14909329.0,344516576.0
2014-12-03,73.39,73.83,72.77,71.42,12583117.0,289023104.0
2014-12-02,70.91,73.93,73.11,70.91,15395232.0,357056960.0
2014-12-01,72.2,72.2,70.51,69.97,11690786.0,263140544.0
2014-11-28,75.65,75.65,72.64,71.73,20516644.0,476786880.0
2014-11-27,78.17,78.17,75.69,75.21,12026227.0,293903840.0
2014-11-26,74.56,77.1,76.97,73.52,12470868.0,299045088.0
2014-11-25,74.43,75.09,74.08,73.55,9044044.0,213770208.0
2014-11-24,74.96,75.0,74.4,73.02,9541948.0,224296672.0
2014-11-21,70.98,72.83,72.8,70.79,7348238.0,168456496.0
2014-11-20,71.7,71.73,70.94,70.47,6465398.0,146001216.0
2014-11-19,72.99,73.39,71.7,71.42,8579419.0,196404720.0
2014-11-18,73.2,74.02,72.92,71.67,8830157.0,204027296.0
2014-11-17,73.24,74.74,73.33,71.57,6978768.0,163952256.0
2014-11-14,75.78,76.6,73.2,73.14,10645257.0,253011056.0
2014-11-13,82.12,82.25,77.0,74.59,27158156.0,666661376.0
2014-11-12,75.37,80.61,80.46,75.37,16905888.0,426118848.0
2014-11-11,80.68,80.68,76.12,74.96,14048580.0,346050976.0
2014-11-10,78.42,80.46,80.21,76.31,22098092.0,556719296.0
2014-11-07,81.02,81.43,77.69,76.91,32468120.0,824335424.0
2014-11-06,71.89,74.3,74.02,71.57,17862418.0,415846624.0
2014-11-05,67.65,73.49,72.42,67.65,22446296.0,507891808.0
2014-11-04,67.74,67.74,67.52,66.55,4906570.0,104855520.0
2014-11-03,67.11,67.99,67.68,66.96,4032136.0,86810184.0
2014-10-31,67.78,68.4,67.08,66.42,5253052.0,112125040.0
2014-10-30,68.78,68.78,67.59,67.37,6546697.0,141692864.0
2014-10-29,68.56,69.0,68.78,67.78,5101919.0,111444480.0
2014-10-28,67.18,68.25,68.18,66.9,5056999.0,109008752.0
2014-10-27,65.58,66.96,66.77,65.42,3551584.0,75237968.0
2014-10-24,66.27,66.99,65.36,65.04,3944116.0,82863832.0
2014-10-23,68.18,68.72,66.36,66.08,6022018.0,128580736.0
2014-10-22,68.09,69.34,68.21,68.09,4405888.0,96295336.0
2014-10-21,69.03,69.59,68.81,68.59,3748545.0,82471584.0
2014-10-20,69.25,69.53,69.03,68.46,5478324.0,120514592.0
2014-10-17,70.5,71.22,68.78,68.65,7483999.0,165640880.0
2014-10-16,70.19,71.63,70.72,69.5,8132151.0,183404448.0
2014-10-15,70.1,70.91,70.85,69.34,5490165.0,122682760.0
2014-10-14,71.41,71.7,70.32,69.69,13553201.0,304894208.0
2014-10-13,73.83,73.83,72.54,71.76,7726014.0,178282976.0
2014-10-10,73.74,74.93,74.05,73.3,10777954.0,254453984.0
2014-10-09,73.2,75.46,73.86,72.58,14975822.0,352994272.0
2014-10-08,70.53,71.92,71.82,70.28,6251137.0,141988224.0
2014-09-30,71.07,71.07,70.25,70.16,4686146.0,105386920.0
2014-09-29,70.53,70.97,70.91,69.97,4853395.0,108885080.0
2014-09-26,70.44,70.6,70.1,69.97,3259279.0,72921560.0
2014-09-25,70.82,71.16,70.38,69.97,5815017.0,130749376.0
2014-09-24,69.31,71.29,70.75,68.81,6386963.0,143490752.0
2014-09-23,68.46,69.44,69.34,68.4,4587331.0,100765992.0
2014-09-22,69.22,69.22,68.46,68.18,3839643.0,83826912.0
2014-09-19,69.0,70.44,69.25,68.9,5989632.0,132625328.0
2014-09-18,69.44,69.59,68.62,67.77,4752311.0,104072856.0
2014-09-17,67.93,68.87,68.25,67.3,5704920.0,123994768.0
2014-09-16,71.54,71.7,67.74,67.65,9249047.0,205596736.0
2014-09-15,72.2,72.26,71.54,71.07,5591986.0,127461944.0
2014-09-12,70.85,72.1,72.07,70.47,5370841.0,122348792.0
2014-09-11,72.17,73.39,71.1,70.6,8729111.0,200441072.0
2014-09-10,72.83,73.83,71.82,71.57,9533978.0,219851344.0
2014-09-09,72.2,74.05,72.86,72.14,10169979.0,237405232.0
2014-09-05,69.94,72.95,71.82,69.5,13697566.0,313556576.0
2014-09-04,68.72,70.19,69.97,68.34,10173520.0,225168976.0
2014-09-03,68.9,69.84,68.72,68.46,9497337.0,208915568.0
2014-09-02,67.99,68.84,68.68,67.3,9341705.0,202648096.0
2014-09-01,67.46,68.09,67.9,66.83,5471091.0,117450440.0
2014-08-29,66.46,67.62,67.15,66.46,3430990.0,73201464.0
2014-08-28,68.28,68.87,66.42,66.24,6923531.0,149604784.0
2014-08-27,66.74,67.59,67.4,66.49,4814874.0,102965384.0
2014-08-26,68.12,68.72,67.11,66.3,9856991.0,212098288.0
2014-08-25,66.9,69.22,69.06,66.08,13217864.0,286608064.0
2014-08-22,67.15,67.27,66.83,66.17,4973022.0,105627488.0
2014-08-21,66.39,67.43,66.93,66.27,4927171.0,104868440.0
2014-08-20,67.15,67.15,66.61,66.46,4928166.0,104790208.0
2014-08-19,65.77,67.27,67.21,65.42,8976157.0,190415264.0
2014-08-18,65.67,66.17,65.64,64.98,4850850.0,101381784.0
2014-08-15,64.67,65.89,65.3,64.57,4156571.0,86527624.0
2014-08-14,65.11,66.52,64.86,64.83,7078613.0,148471872.0
2014-08-13,64.01,65.61,65.48,63.32,7847570.0,161183856.0
2014-08-12,64.57,64.76,64.2,63.88,3658353.0,74815856.0
2014-08-11,63.54,64.64,64.61,63.54,4273576.0,87428008.0
2014-08-08,63.38,63.7,63.54,62.78,4155065.0,83801704.0
2014-08-07,65.36,65.36,63.35,63.32,5722898.0,117230448.0
2014-08-06,65.04,65.3,64.95,64.61,4558793.0,94381216.0
2014-08-05,64.89,65.39,65.08,64.54,4207228.0,86955200.0
2014-08-04,63.7,65.61,65.2,63.7,7309625.0,151212192.0
2014-08-01,64.45,65.33,63.76,63.57,7313526.0,150454432.0
2014-07-31,64.32,64.98,64.61,64.2,4678550.0,96134592.0
2014-07-30,64.26,65.17,64.7,63.57,7342333.0,150901088.0
2014-07-29,64.01,64.23,63.98,63.01,9158821.0,185068000.0
2014-07-28,63.1,64.23,63.91,62.13,7760356.0,156452032.0
2014-07-25,61.66,63.6,62.82,61.41,6085759.0,121856000.0
2014-07-24,60.4,61.62,61.15,59.93,4749455.0,92415128.0
2014-07-23,62.13,62.31,60.53,60.43,8254261.0,161033568.0
2014-07-22,61.81,62.94,62.38,61.37,7720376.0,153577536.0
2014-07-21,64.98,65.52,62.06,61.84,14306732.0,287486944.0
2014-07-18,68.09,69.03,66.05,65.73,15697612.0,335505568.0
2014-07-17,63.32,65.26,64.32,63.32,7452627.0,153128640.0
2014-07-16,63.13,65.7,63.73,63.13,10695864.0,219921184.0
2014-07-15,64.01,64.01,63.23,62.6,8698029.0,175284768.0
2014-07-14,61.12,65.39,64.29,60.59,15779347.0,315289728.0
2014-07-11,58.9,59.84,59.59,58.67,2455739.0,46438476.0
2014-07-10,59.02,59.46,59.15,58.67,2571080.0,48466716.0
2014-07-09,60.75,60.9,58.99,58.86,4610304.0,88054104.0
2014-07-08,59.15,61.09,60.75,59.15,5469211.0,105345952.0
2014-07-07,59.33,59.9,59.55,58.67,3422327.0,64494564.0
2014-07-04,60.4,60.53,59.3,59.21,5406424.0,102659520.0
2014-07-03,60.56,60.78,60.37,60.12,4008550.0,77187072.0
2014-07-02,61.15,61.88,60.49,60.12,5662562.0,109711304.0
2014-07-01,59.93,61.19,60.9,59.62,6043250.0,116604976.0
2014-06-30,59.43,59.93,59.74,58.96,3989991.0,75691120.0
2014-06-27,60.24,60.37,59.59,59.24,3914672.0,74511672.0
2014-06-26,59.55,59.99,59.93,59.08,5369867.0,102038592.0
2014-06-25,58.17,59.59,59.52,57.11,5256385.0,98224304.0
2014-06-24,57.42,57.98,57.89,56.67,3042455.0,55669928.0
2014-06-23,57.51,58.2,57.36,57.11,2335852.0,42958684.0
2014-06-20,56.67,57.67,57.64,56.63,2639338.0,48080200.0
2014-06-19,57.17,58.49,56.51,56.2,4748376.0,87002448.0
2014-06-18,58.17,58.74,57.45,57.08,4496843.0,82700848.0
2014-06-17,60.4,60.49,58.45,58.11,7137423.0,133966744.0
2014-06-16,60.56,61.03,60.62,60.12,4443829.0,85846840.0
2014-06-13,59.3,60.71,60.15,59.27,4639066.0,88936800.0
2014-06-12,60.12,60.12,59.59,59.3,3768192.0,71541800.0
2014-06-11,59.11,61.75,60.49,58.93,7209256.0,139643744.0
2014-06-10,58.52,59.46,59.21,58.02,3513408.0,65980804.0
2014-06-09,58.93,59.15,58.27,58.14,3566289.0,66648888.0
2014-06-06,60.21,60.21,59.27,58.83,5301288.0,100478672.0
2014-06-05,60.56,60.68,60.21,59.24,7822587.0,149724336.0
2014-06-04,57.08,61.28,61.12,56.79,13320167.0,250874240.0
2014-06-03,56.98,57.26,56.73,56.6,1736332.0,31472128.0
2014-05-30,56.16,57.26,56.98,55.63,2846562.0,51260532.0
2014-05-29,56.95,57.42,56.42,56.35,3689239.0,67099496.0
2014-05-28,56.95,57.89,57.11,55.95,4436679.0,80492640.0
2014-05-27,57.95,58.93,57.14,56.89,5618547.0,103959504.0
2014-05-26,56.01,57.29,57.11,55.41,3710282.0,66586480.0
2014-05-23,54.81,56.42,55.91,54.56,3120847.0,55345944.0
2014-05-22,54.03,56.16,54.72,53.84,4850852.0,85480448.0
2014-05-21,53.03,54.09,54.06,52.34,3114214.0,53174616.0
2014-05-20,53.4,54.16,53.06,52.49,3523907.0,59827992.0
2014-05-19,53.25,53.97,52.71,52.24,2879642.0,48693988.0
2014-05-16,55.6,55.6,53.34,53.03,4810886.0,82515152.0
2014-05-15,56.7,56.76,55.05,54.74,2173204.0,38930728.0
2014-05-14,56.45,56.82,56.58,56.17,1820342.0,33055592.0
2014-05-13,56.67,57.1,56.54,56.3,2053738.0,37425168.0
2014-05-12,55.67,56.73,56.64,54.77,2858842.0,51454512.0
2014-05-09,56.33,56.67,54.9,54.43,3718465.0,66010928.0
2014-05-08,56.08,57.45,56.26,56.08,2187588.0,39891244.0
2014-05-07,58.13,58.13,56.64,56.17,2593396.0,47251560.0
2014-05-06,57.85,58.53,58.04,57.54,2604112.0,48673564.0
2014-05-05,57.01,58.19,58.13,56.58,1836546.0,33837948.0
2014-04-30,57.48,57.48,57.04,56.3,2257548.0,41273268.0
2014-04-29,55.95,57.07,57.04,55.86,2865576.0,51945180.0
2014-04-28,58.26,58.26,55.98,55.95,3798215.0,69286672.0
2014-04-25,61.74,61.74,58.91,58.69,3404396.0,65638768.0
2014-04-24,62.52,62.8,60.87,60.65,4783259.0,94751736.0
2014-04-23,61.58,62.52,62.48,61.33,3706876.0,74020768.0
2014-04-22,62.2,62.7,61.71,60.96,6185354.0,123080752.0
2014-04-21,61.18,62.8,61.96,60.77,8537502.0,170313216.0
2014-04-18,59.72,61.27,61.24,59.62,3454374.0,67053132.0
2014-04-17,59.78,60.21,59.72,59.56,2457840.0,47258300.0
2014-04-16,59.31,60.0,59.62,59.28,2517335.0,48268568.0
2014-04-15,60.21,60.31,59.59,59.5,2840847.0,54543824.0
2014-04-14,60.12,60.8,60.31,59.72,3431313.0,66366408.0
2014-04-11,60.8,60.93,60.06,59.9,4193401.0,81427216.0
2014-04-10,60.62,60.8,60.21,59.81,3542250.0,68481272.0
2014-04-09,60.31,60.96,60.4,59.87,4046575.0,78584912.0
2014-04-08,60.03,60.37,60.15,58.66,4870909.0,93322912.0
2014-04-04,60.15,60.21,60.12,59.28,3206003.0,61726700.0
2014-04-03,58.57,60.31,59.78,58.04,4768296.0,91305296.0
2014-04-02,59.0,59.25,58.57,58.19,3094966.0,58402528.0
2014-04-01,57.17,58.38,58.32,57.04,2658091.0,49506632.0
2014-03-31,56.79,57.57,57.04,56.76,4570565.0,83949912.0
2014-03-28,59.09,59.56,56.82,56.67,5784387.0,107244112.0
2014-03-27,60.49,60.8,59.28,59.28,4175399.0,80771176.0
2014-03-26,59.56,60.18,60.12,59.41,3410501.0,65629204.0
2014-03-25,59.65,60.06,59.41,59.16,4069472.0,78034480.0
2014-03-24,59.87,60.49,59.69,59.09,6340471.0,121792800.0
2014-03-21,58.5,59.38,59.09,57.01,8099643.0,151342656.0
2014-03-20,63.11,63.11,58.57,58.5,12241929.0,237425952.0
2014-03-19,65.31,65.31,63.33,62.36,6073644.0,124435872.0
2014-03-18,64.26,66.37,65.66,64.26,5299243.0,111093048.0
2014-03-17,63.85,64.75,64.72,63.42,3695017.0,76261488.0
2014-03-14,64.26,65.0,63.76,63.14,3658049.0,75116624.0
2014-03-13,62.98,65.22,65.19,62.95,4234650.0,87603040.0
2014-03-12,63.95,64.32,63.01,61.74,4256326.0,86192768.0
2014-03-11,63.29,64.63,63.82,63.14,3906958.0,80327504.0
2014-03-10,66.5,67.77,63.85,63.14,5321791.0,112362344.0
2014-03-07,67.65,67.74,66.22,65.91,3202126.0,68655920.0
2014-03-06,67.8,68.33,67.77,64.94,4229761.0,91070304.0
2014-03-05,70.29,70.85,67.74,67.68,5453043.0,120925568.0
2014-03-04,71.78,71.78,69.86,69.36,7659027.0,172929360.0
2014-03-03,66.72,71.54,71.5,66.56,10805916.0,242475552.0
2014-02-28,64.6,66.87,66.84,63.39,6780003.0,141415328.0
2014-02-27,66.81,67.62,64.54,64.35,6018903.0,127641480.0
2014-02-26,66.25,66.78,66.22,64.13,5717107.0,120508480.0
2014-02-25,72.69,72.69,67.31,67.03,12434961.0,276346048.0
2014-02-24,73.99,74.24,72.53,71.22,7280589.0,170187376.0
2014-02-21,70.98,72.69,72.44,70.91,6107288.0,140899072.0
2014-02-20,72.56,72.87,70.98,70.07,6119153.0,139744176.0
2014-02-19,74.43,75.42,72.47,71.19,9476865.0,222201920.0
2014-02-18,76.67,76.67,74.43,74.27,6615472.0,159295744.0
2014-02-17,76.48,77.94,76.85,76.26,7229597.0,178692416.0
2014-02-14,75.27,76.7,76.42,74.4,5132219.0,124885528.0
2014-02-13,77.6,78.66,74.8,74.74,9156443.0,225505680.0
2014-02-12,75.64,78.44,75.86,74.99,11725495.0,289774336.0
2014-02-11,72.09,77.44,74.93,71.91,12250894.0,295002720.0
2014-02-10,69.42,72.75,71.85,68.24,10412088.0,236950160.0
2014-02-07,65.07,69.48,68.98,65.07,6713310.0,146614336.0
2014-01-30,65.31,67.18,65.91,64.38,5161948.0,109025568.0
2014-01-29,63.73,65.94,65.81,63.42,6643207.0,138969536.0
2014-01-28,64.75,65.88,63.73,63.14,8536934.0,176192224.0
2014-01-27,67.03,67.03,64.66,64.32,7023548.0,147402960.0
2014-01-24,67.43,69.2,67.65,67.43,6293464.0,138354128.0
2014-01-23,66.65,68.27,67.96,66.25,8210918.0,177254736.0
2014-01-22,65.16,66.81,66.65,64.16,7672649.0,161456400.0
2014-01-21,65.0,65.94,64.6,64.07,4824545.0,100490912.0
2014-01-20,65.13,67.09,64.72,64.66,8496397.0,179692800.0
2014-01-17,65.47,68.11,65.16,64.23,10402941.0,218430096.0
2014-01-16,71.54,72.03,71.19,70.07,3780869.0,86355776.0
2014-01-15,75.42,75.42,71.13,70.6,8627998.0,199934224.0
2014-01-14,76.82,77.23,75.73,74.65,2860155.0,69391568.0
2014-01-13,75.58,77.97,77.23,75.58,3851884.0,95493560.0
2014-01-10,75.89,77.07,76.26,74.65,4188202.0,102534760.0
2014-01-09,75.27,77.44,75.7,74.4,4438711.0,108480192.0
2014-01-08,73.12,75.58,74.55,73.12,4016276.0,96202624.0
2014-01-07,73.46,74.61,72.94,72.47,5350936.0,125863720.0
2014-01-06,77.44,77.97,74.3,74.02,4864715.0,117616048.0
2014-01-03,80.28,80.8,78.25,78.13,3723627.0,94453896.0
2014-01-02,80.34,81.8,80.59,79.56,2019063.0,52304356.0
2013-12-31,82.05,82.05,80.52,80.34,2241848.0,58246664.0
2013-12-30,83.11,83.6,81.67,80.8,2374376.0,62369316.0
2013-12-27,79.47,82.67,82.05,79.37,3776652.0,99485096.0
2013-12-26,81.74,82.67,80.43,79.31,6262388.0,164261520.0
2013-12-25,78.41,81.36,81.11,78.41,3500760.0,90166576.0
2013-12-24,78.69,80.4,79.28,78.13,2912067.0,74433176.0
2013-12-23,77.79,78.97,78.25,76.23,1737971.0,43459880.0
2013-12-20,78.1,78.44,77.72,76.98,1817738.0,45260540.0
2013-12-19,78.44,79.25,78.0,77.76,1806306.0,45511104.0
2013-12-18,79.56,79.78,77.97,77.94,1810448.0,45643848.0
2013-12-17,80.43,80.87,79.56,78.84,2327926.0,59545000.0
2013-12-16,80.24,81.58,80.56,78.47,3974993.0,102247784.0
2013-12-13,79.93,80.34,80.12,79.03,1840944.0,47241968.0
2013-12-12,78.72,80.65,79.65,78.72,2999425.0,76857768.0
2013-12-11,80.59,81.39,79.81,78.97,3996793.0,102458320.0
2013-12-10,83.36,83.51,80.59,80.18,4854818.0,126404256.0
2013-12-09,83.6,84.6,83.32,82.08,4059564.0,108929616.0
2013-12-06,83.67,85.38,82.02,81.55,5484243.0,147310576.0
2013-12-05,82.36,85.53,82.67,82.14,6651948.0,178866896.0
2013-12-04,79.65,82.48,81.05,79.62,5389429.0,141305712.0
2013-12-03,77.76,79.81,79.19,77.23,5982394.0,151515616.0
2013-12-02,80.59,81.95,78.19,76.51,8698085.0,221290064.0
2013-11-29,83.04,84.29,84.1,82.67,4300855.0,115546400.0
2013-11-28,85.22,85.62,82.95,82.73,7636389.0,205996384.0
2013-11-27,81.64,85.78,85.72,81.08,7762485.0,208465600.0
2013-11-26,83.08,83.73,81.67,80.62,6804995.0,178150368.0
2013-11-25,85.53,86.78,82.92,82.73,6845871.0,185366160.0
2013-11-22,89.92,90.35,85.62,85.53,8696831.0,243067024.0
2013-11-21,89.26,91.57,89.92,88.39,7496881.0,216432736.0
2013-11-20,89.51,89.73,89.33,87.09,5909295.0,167387232.0
2013-11-19,88.27,90.82,88.61,87.09,8008077.0,228794208.0
2013-11-18,87.49,88.92,88.73,85.38,8810263.0,247006688.0
2013-11-15,84.47,89.23,87.37,84.47,10510824.0,295733632.0
2013-11-14,82.58,84.82,84.04,80.9,6294742.0,167787664.0
2013-11-13,84.6,86.37,83.63,83.08,7576318.0,206398912.0
2013-11-12,83.01,85.53,84.54,81.8,6713481.0,181714368.0
2013-11-11,88.27,88.64,82.98,80.9,9794693.0,265763664.0
2013-11-08,86.31,89.17,88.39,85.25,8323395.0,234048752.0
2013-11-07,86.09,90.6,87.46,85.0,10461224.0,295606816.0
2013-11-06,89.54,94.27,87.12,87.09,15948223.0,462806432.0
2013-11-05,83.36,90.88,89.76,83.04,15378660.0,425979360.0
2013-11-04,78.1,84.19,84.19,78.1,14693472.0,394213280.0
2013-11-01,76.23,77.69,76.54,74.99,6948996.0,170418048.0
2013-10-31,81.49,82.42,77.63,77.54,6384073.0,164220448.0
2013-10-30,80.56,84.82,83.14,80.56,7069026.0,188362320.0
2013-10-29,81.49,83.76,80.62,77.76,8327491.0,215550336.0
2013-10-28,83.23,84.54,82.02,79.31,8952286.0,236367376.0
2013-10-25,85.84,89.82,84.69,84.07,13625346.0,379129504.0
2013-10-24,87.09,89.42,84.85,83.6,11619993.0,320573792.0
2013-10-23,85.84,94.46,88.55,85.66,16086145.0,461147072.0
2013-10-22,90.2,95.08,87.55,85.19,22203040.0,652981184.0
2013-10-21,79.0,86.43,86.43,79.0,12145657.0,328997504.0
2013-10-18,80.18,81.61,78.56,77.44,8244082.0,208331952.0
2013-10-17,81.11,85.47,80.18,78.16,12212557.0,323988384.0
2013-10-16,80.03,85.47,81.11,77.32,13152490.0,341410944.0
2013-10-15,76.98,82.95,81.11,75.42,15414928.0,395236192.0
2013-10-14,70.23,76.98,76.98,70.01,13113226.0,314460672.0
2013-10-11,68.27,73.22,69.98,68.27,11084306.0,253802176.0
2013-10-10,66.93,67.18,66.56,65.69,5537437.0,118271392.0
2013-10-09,64.47,67.28,66.93,64.47,10260617.0,219599264.0
2013-10-08,62.39,65.81,65.16,62.39,11190515.0,232949856.0
2013-09-30,60.65,61.33,61.24,60.21,3000371.0,58730504.0
2013-09-27,59.19,59.75,59.56,58.63,2542701.0,48610456.0
2013-09-26,60.56,60.59,58.85,58.63,3570288.0,68185160.0
2013-09-25,61.43,61.83,60.59,60.34,3710057.0,72476064.0
2013-09-24,61.61,62.95,61.89,61.27,4928374.0,98765232.0
2013-09-23,60.49,61.8,61.4,60.15,3639375.0,71536488.0
2013-09-18,59.25,60.4,60.0,59.09,3759070.0,72367328.0
2013-09-17,60.31,60.84,59.44,59.28,3330494.0,64202564.0
2013-09-16,60.52,61.12,59.87,59.25,3897743.0,74792384.0
2013-09-13,61.74,61.74,60.46,59.56,6822330.0,132741632.0
2013-09-12,62.98,64.23,60.18,59.97,8605528.0,169408496.0
2013-09-11,65.81,65.91,62.98,62.86,5287175.0,108761848.0
2013-09-10,64.2,66.28,65.44,64.07,9544378.0,200892240.0
2013-09-09,61.74,64.01,63.6,60.8,7160844.0,143769264.0
2013-09-06,61.71,61.86,61.58,59.03,6120235.0,119023720.0
2013-09-05,61.65,62.14,61.65,60.71,3350241.0,66239036.0
2013-09-04,62.52,62.58,61.61,61.27,2885422.0,57217320.0
2013-09-03,60.99,62.8,62.52,59.72,5872322.0,117005192.0
2013-09-02,60.06,60.96,60.84,58.78,6428734.0,123745144.0
2013-08-30,60.21,60.93,59.09,58.32,7913417.0,152620528.0
2013-08-29,60.37,61.86,59.93,59.87,3515217.0,68838128.0
2013-08-28,62.2,62.48,60.4,60.34,4599590.0,90475440.0
2013-08-27,63.6,63.6,62.83,61.89,5094852.0,102164192.0
2013-08-26,62.98,63.76,63.64,62.2,3206646.0,65217344.0
2013-08-23,63.45,63.73,62.7,61.58,3692995.0,74365904.0
2013-08-22,64.41,64.91,63.45,62.67,4705132.0,96081040.0
2013-08-21,64.07,65.25,64.94,63.6,5545544.0,115481240.0
2013-08-20,63.92,64.69,63.98,63.39,3482881.0,71801368.0
2013-08-19,62.2,64.1,64.01,61.61,2424261.0,49170756.0
2013-08-16,62.52,64.72,62.12,61.81,5021210.0,102531864.0
2013-08-15,64.47,64.66,63.3,63.11,3249382.0,66887180.0
2013-08-14,65.0,65.37,64.78,64.07,2741279.0,57124388.0
2013-08-13,65.62,65.74,65.03,64.07,4979332.0,104036832.0
2013-08-12,68.16,69.56,65.93,64.97,8585424.0,185242864.0
2013-08-09,63.95,67.05,65.71,63.95,7365200.0,156419520.0
2013-08-08,63.51,64.38,63.7,63.05,2996372.0,61608392.0
2013-08-07,65.71,65.71,63.33,62.74,6285241.0,129468688.0
2013-08-06,65.62,66.89,65.65,65.25,5811279.0,123773080.0
2013-08-05,65.03,66.24,65.68,64.44,4396590.0,92883376.0
2013-08-02,66.86,67.14,65.62,65.37,6454837.0,137680544.0
2013-08-01,64.94,66.73,66.39,64.29,8675290.0,184957792.0
2013-07-31,62.58,65.65,64.26,62.49,7706043.0,159925776.0
2013-07-30,63.05,63.98,61.53,59.8,5479570.0,108903368.0
2013-07-29,63.54,65.06,62.77,62.3,6003700.0,123137176.0
2013-07-26,62.43,65.06,64.38,62.21,7552975.0,155798160.0
2013-07-25,66.67,66.98,62.62,62.58,9921421.0,206469472.0
2013-07-24,65.06,69.71,67.57,62.95,11851634.0,252934144.0
2013-07-23,65.0,66.15,65.43,63.2,10008342.0,209706688.0
2013-07-22,59.36,65.03,65.0,59.33,11908804.0,241276528.0
2013-07-19,56.98,61.9,59.45,56.7,12080222.0,233218832.0
2013-07-18,57.53,57.94,56.26,56.23,6603212.0,120864712.0
2013-07-17,59.8,60.38,58.09,57.78,5683421.0,108400000.0
2013-07-16,59.52,60.1,59.27,58.28,5495679.0,104658768.0
2013-07-15,58.59,60.23,59.52,58.59,9191967.0,176315648.0
2013-07-12,56.91,59.49,57.41,56.54,9283953.0,173505488.0
2013-07-11,55.77,57.38,56.36,54.96,8117887.0,147464352.0
2013-07-10,53.66,55.77,55.15,53.66,7234606.0,128229760.0
2013-07-09,51.71,53.13,53.1,51.21,3292570.0,55401208.0
2013-07-08,52.73,53.6,51.93,51.31,6167759.0,104269792.0
2013-07-05,55.67,56.02,54.37,54.25,5319724.0,94633696.0
2013-07-04,56.39,56.6,55.43,54.59,9375779.0,168000448.0
2013-07-03,56.7,58.12,57.07,56.02,8686938.0,160533568.0
2013-07-02,56.85,58.22,57.04,55.58,11324368.0,207539680.0
2013-07-01,54.22,57.78,57.47,54.0,17183492.0,309582496.0
2013-06-04,63.51,64.13,60.01,57.35,12537935.0,245908096.0
2013-06-03,67.54,67.54,62.49,61.75,18869732.0,392527264.0
2013-05-31,61.65,66.3,66.3,61.07,15438480.0,321939200.0
2013-05-30,59.58,60.66,60.26,59.52,7121705.0,138003968.0
2013-05-29,57.69,61.65,59.83,57.69,9332385.0,180879040.0
2013-05-28,57.94,58.8,57.41,56.95,4756583.0,88612376.0
2013-05-27,54.53,59.55,57.78,54.44,8636577.0,159688864.0
2013-05-24,52.79,54.53,54.22,52.79,3774315.0,65352576.0
2013-05-23,53.82,54.9,52.89,52.67,6950414.0,121172768.0
2013-05-22,55.77,55.77,53.66,53.07,7617612.0,133657728.0
2013-05-21,55.77,56.54,56.08,54.99,4827377.0,86718448.0
2013-05-20,54.06,56.51,56.39,53.63,8695477.0,155331792.0
2013-05-17,54.25,55.95,54.28,52.67,6203935.0,109420144.0
2013-05-16,54.41,56.63,54.41,53.97,7778416.0,139329936.0
2013-05-15,52.89,55.46,55.09,52.89,8395351.0,147486384.0
2013-05-14,53.6,53.85,52.7,51.43,4663520.0,78491832.0
2013-05-13,54.53,54.81,53.6,52.85,3454011.0,59697544.0
2013-05-10,53.94,56.08,53.94,53.07,8071048.0,142336944.0
2013-05-09,51.12,55.46,53.94,50.72,16921106.0,295891488.0
2013-05-08,50.16,51.27,51.21,48.95,8995112.0,145854352.0
2013-05-07,50.38,52.58,49.79,49.63,11881440.0,196142272.0
2013-05-06,46.81,50.69,50.19,46.75,10527287.0,167932736.0
2013-05-03,44.49,48.27,46.63,44.49,5203501.0,78724048.0
2013-05-02,43.99,44.8,44.46,43.99,1348845.0,19361940.0
2013-04-26,46.32,46.32,44.37,43.93,3159144.0,45804364.0
2013-04-25,46.01,47.06,46.32,45.42,3490775.0,52215280.0
2013-04-24,45.02,46.16,45.91,44.8,2923427.0,43057300.0
2013-04-23,47.22,47.34,45.02,44.86,3182236.0,47031564.0
2013-04-22,46.5,47.53,47.4,45.91,4069873.0,61263484.0
2013-04-19,46.29,47.03,46.88,45.85,5915843.0,88486192.0
2013-04-18,44.21,46.32,46.1,43.9,6544262.0,96398480.0
2013-04-17,44.43,44.95,44.43,43.65,2549460.0,36458828.0
2013-04-16,43.06,44.61,44.43,43.06,2538216.0,35774956.0
2013-04-15,43.41,44.24,43.41,43.1,2321149.0,32682352.0
2013-04-12,44.3,44.83,44.12,44.12,1421163.0,20381908.0
2013-04-11,44.58,44.95,44.46,44.03,1976419.0,28394024.0
2013-04-10,44.61,44.65,44.09,43.53,3112359.0,44214452.0
2013-04-09,44.71,45.51,44.74,44.49,2695945.0,39129604.0
2013-04-08,43.28,45.08,44.71,42.38,4053185.0,56983412.0
2013-04-03,45.85,46.1,43.87,43.78,3641869.0,52248320.0
2013-04-02,46.81,47.5,45.64,45.39,3537944.0,52795704.0
2013-04-01,46.04,47.56,46.84,46.04,3129141.0,47430176.0
2013-03-29,46.88,47.62,46.01,45.76,3458981.0,51856264.0
2013-03-28,47.71,47.93,46.84,46.72,3780598.0,57554992.0
2013-03-27,48.18,48.86,48.18,47.87,3134916.0,48934176.0
2013-03-26,49.29,49.29,48.39,48.02,3983140.0,62193912.0
2013-03-25,50.07,50.5,49.54,48.95,4218334.0,67471272.0
2013-03-22,49.76,50.16,49.91,48.98,4992038.0,79916072.0
2013-03-21,48.02,50.97,49.7,47.8,11121259.0,178782576.0
2013-03-20,46.57,48.39,48.02,46.19,5536374.0,84597904.0
2013-03-19,47.4,47.65,46.57,45.61,4385216.0,65661940.0
2013-03-18,47.37,48.02,47.5,46.41,5763195.0,88236840.0
2013-03-15,46.29,48.3,46.91,45.91,6231611.0,95151384.0
2013-03-14,46.41,47.28,46.29,45.88,3186950.0,47820868.0
2013-03-13,47.62,47.62,46.32,45.98,5622902.0,84535952.0
2013-03-12,49.57,50.01,48.02,46.41,8079251.0,125418672.0
2013-03-11,48.05,49.76,49.29,48.02,5349990.0,84851344.0
2013-03-08,48.33,48.77,48.08,47.43,5025629.0,78200480.0
2013-03-07,50.35,51.43,48.39,47.99,9973320.0,159050352.0
2013-03-06,52.05,52.45,50.78,50.25,8606525.0,141441632.0
2013-03-05,51.71,52.02,51.52,49.2,10682245.0,174860832.0
2013-03-04,52.98,54.99,51.83,50.66,16642800.0,283002592.0
2013-03-01,48.8,53.48,52.92,48.64,17883346.0,291845696.0
2013-02-28,47.34,48.73,48.64,46.57,9851289.0,152550208.0
2013-02-27,47.47,48.77,46.81,46.19,6667667.0,101368208.0
2013-02-26,48.18,48.46,47.47,47.28,6963830.0,107529776.0
2013-02-25,46.47,48.49,48.3,46.47,10093778.0,155617408.0
2013-02-22,46.47,46.91,45.76,45.64,4502160.0,66916488.0
2013-02-21,46.78,47.71,46.78,45.23,7166495.0,107761976.0
2013-02-20,46.16,48.02,46.81,45.91,7853336.0,119448352.0
2013-02-19,46.19,46.38,45.79,45.23,5243957.0,77597456.0
2013-02-18,45.23,47.16,46.53,45.05,8369916.0,125258144.0
2013-02-08,44.86,45.33,44.83,44.4,4456226.0,64537268.0
2013-02-07,44.37,45.39,44.92,44.03,6983115.0,100940192.0
2013-02-06,43.38,44.03,43.75,42.91,3378483.0,47558688.0
2013-02-05,43.06,43.34,43.31,42.38,4378671.0,60491088.0
2013-02-04,43.93,44.15,43.25,43.06,3926962.0,55257600.0
2013-02-01,43.93,44.46,43.87,43.31,4481415.0,63331832.0
2013-01-31,43.44,44.61,44.21,43.22,5942637.0,84400504.0
2013-01-30,43.78,43.96,43.41,42.94,4997710.0,69928616.0
2013-01-29,44.55,45.11,43.78,43.53,5842791.0,83405024.0
2013-01-28,42.48,44.15,43.78,42.14,6496574.0,91033336.0
2013-01-25,42.85,43.93,42.48,42.38,4513364.0,62832612.0
2013-01-24,44.58,44.8,42.48,42.2,8685715.0,121353160.0
2013-01-23,43.53,44.89,44.4,42.76,7788643.0,110090392.0
2013-01-22,44.8,45.39,43.72,43.38,8333307.0,118738568.0
2013-01-21,43.06,45.39,45.02,43.06,10212758.0,147211088.0
2013-01-18,41.67,43.53,42.91,41.67,8949343.0,123765584.0
2013-01-17,41.83,42.76,41.89,41.02,7517729.0,101530000.0
2013-01-16,42.91,43.03,41.7,41.42,9414078.0,127293464.0
2013-01-15,40.22,43.62,42.85,40.22,18029118.0,244021184.0
2013-01-14,38.73,39.81,39.72,38.45,18581376.0,235698272.0
2013-01-11,38.11,38.11,37.02,36.84,5836553.0,70438464.0
2013-01-10,39.04,39.32,38.05,37.89,8413854.0,104206936.0
2013-01-09,37.49,38.26,37.92,36.93,4793925.0,58361400.0
2013-01-08,37.64,38.82,37.86,37.52,3795067.0,46792248.0
2013-01-07,37.77,38.02,37.64,37.24,2664807.0,32265284.0
2013-01-04,39.28,39.47,37.83,37.74,4415441.0,54456196.0
2012-12-31,37.21,39.22,38.98,36.93,6526380.0,80359552.0
2012-12-28,35.91,37.52,37.46,35.91,3751754.0,44429244.0
2012-12-27,36.62,36.93,36.22,35.63,3999801.0,46627084.0
2012-12-26,36.34,36.93,36.78,36.25,2654927.0,31357500.0
2012-12-25,35.75,36.93,36.53,35.51,3573437.0,41914072.0
2012-12-24,35.04,36.09,35.81,35.04,2714814.0,31322258.0
2012-12-21,35.1,35.78,35.63,34.79,3152555.0,35917692.0
2012-12-20,35.04,35.48,35.38,34.45,2858242.0,32161710.0
2012-12-19,35.16,35.26,35.16,34.76,2014723.0,22763780.0
2012-12-18,35.69,36.06,35.16,34.82,3155818.0,36101608.0
2012-12-17,35.72,36.06,35.66,35.38,4471341.0,51406056.0
2012-12-14,33.4,35.69,35.63,33.4,4911239.0,55218408.0
2012-12-13,34.67,34.7,33.68,33.62,3250401.0,35676204.0
2012-12-12,33.65,34.82,34.67,33.4,3567564.0,39360992.0
2012-12-11,34.3,34.3,33.62,33.59,1971039.0,21582252.0
2012-12-10,34.14,34.67,34.39,33.89,3202292.0,35351580.0
2012-12-07,33.15,34.39,34.14,32.97,3162607.0,34591336.0
2012-12-06,33.71,33.96,33.34,33.09,2606850.0,28118728.0
2012-12-05,31.82,33.37,33.24,31.63,2930165.0,30967190.0
2012-12-04,31.14,31.88,31.82,30.61,1760545.0,17728256.0
2012-12-03,31.94,32.07,31.29,31.14,1902812.0,19416480.0
2012-11-30,31.29,32.47,32.1,30.7,2952161.0,29990154.0
2012-11-29,32.5,33.62,32.25,32.07,4592717.0,48536352.0
2012-11-28,32.1,32.1,31.48,31.32,1706175.0,17387644.0
2012-11-27,33.77,33.77,32.16,31.35,3427939.0,35820468.0
2012-11-26,34.76,34.76,34.11,34.02,1814505.0,20108494.0
2012-11-23,35.26,35.51,34.95,34.7,1981460.0,22360600.0
2012-11-22,34.89,35.2,34.82,34.42,2680411.0,30100622.0
2012-11-21,35.04,35.44,34.89,33.99,2873011.0,32081076.0
2012-11-20,35.32,36.09,35.26,34.79,4233912.0,48420132.0
2012-11-19,34.39,35.75,35.69,33.4,5763822.0,65024324.0
2012-11-16,36.4,37.8,35.07,34.95,7058422.0,82020952.0
2012-11-15,33.31,34.55,34.36,32.84,3108113.0,34216916.0
2012-11-14,33.4,33.68,33.55,32.78,1082705.0,11598518.0
2012-11-13,34.05,34.08,33.59,33.46,1065793.0,11623313.0
2012-11-12,33.4,34.7,34.05,33.4,1093202.0,12066378.0
2012-11-09,33.62,34.11,33.77,33.55,1164592.0,12707759.0
2012-11-08,34.85,34.85,33.86,33.49,1389948.0,15349542.0
2012-11-07,34.79,35.04,34.95,34.33,1215987.0,13616685.0
2012-11-06,34.61,34.79,34.73,34.17,1200175.0,13352696.0
2012-11-05,34.27,34.82,34.73,34.08,1704732.0,18972844.0
2012-11-02,34.92,34.92,34.27,33.8,2598900.0,28724828.0
2012-11-01,34.11,34.79,34.7,34.11,1641890.0,18287828.0
2012-10-31,33.68,34.17,34.11,33.68,1339645.0,14710895.0
2012-10-30,33.56,34.14,33.77,33.4,1382532.0,15107314.0
2012-10-29,34.27,34.85,33.96,33.4,2163507.0,23854292.0
2012-10-26,35.94,35.94,34.33,34.02,2127122.0,23798210.0
2012-10-25,36.37,36.62,35.75,35.66,1843983.0,21525198.0
2012-10-24,36.52,37.24,36.31,35.57,2856116.0,33716816.0
2012-10-23,37.64,37.7,36.56,36.18,3735138.0,44426056.0
2012-10-22,36.28,38.2,37.67,35.81,3186903.0,38409316.0
2012-10-19,36.43,36.65,36.28,36.12,1496827.0,17587992.0
2012-10-18,35.78,36.9,36.65,35.78,3040077.0,35883700.0
2012-10-17,36.62,37.08,36.37,36.06,3983734.0,47122132.0
2012-10-16,35.26,36.28,35.78,35.26,3934252.0,45636680.0
2012-10-15,35.38,35.41,34.95,34.51,1226264.0,13813886.0
2012-10-12,35.97,36.31,35.2,34.67,2271130.0,25976604.0
2012-10-11,36.77,36.9,35.91,35.81,4262885.0,50221320.0
2012-10-10,34.79,36.06,35.88,34.52,3043584.0,34835204.0
2012-10-09,33.59,34.92,34.89,33.59,3773803.0,41970240.0
2012-10-08,33.68,34.33,33.83,33.31,2311565.0,25137720.0
2012-09-28,32.44,34.02,33.9,31.95,5653216.0,60606624.0
2012-09-27,33.0,33.15,32.72,31.39,6462577.0,67189632.0
2012-09-26,34.79,35.07,32.75,32.47,3532860.0,38276080.0
2012-09-25,36.4,36.74,34.79,34.67,2030361.0,23372600.0
2012-09-24,35.88,36.8,36.46,35.6,982259.0,11465915.0
2012-09-21,37.02,37.05,36.0,35.84,1932684.0,22658636.0
2012-09-20,38.75,38.91,37.02,36.87,1924527.0,23483480.0
2012-09-19,39.22,39.46,38.75,38.5,1444517.0,18178576.0
2012-09-18,39.09,39.46,39.22,38.97,1218745.0,15443810.0
2012-09-17,41.04,41.04,39.09,38.66,2479737.0,31720262.0
2012-09-14,41.01,41.44,40.98,40.67,1708931.0,22638888.0
2012-09-13,42.12,42.8,40.95,40.82,3442324.0,46834020.0
2012-09-12,41.38,41.91,41.88,41.13,1777402.0,23853784.0
2012-09-11,41.29,41.57,41.44,40.85,1752548.0,23346924.0
2012-09-10,41.72,42.03,41.47,41.07,2435732.0,32664984.0
2012-09-07,40.42,42.25,41.66,40.24,4341174.0,58032436.0
2012-09-06,39.4,39.99,39.93,39.28,904473.0,11597143.0
2012-09-05,38.97,39.9,39.28,38.97,866769.0,11054510.0
2012-09-04,39.77,39.99,39.12,39.06,864222.0,11042142.0
2012-09-03,38.88,39.8,39.8,38.81,1312499.0,16793402.0
2012-08-31,38.72,39.43,38.81,38.69,964696.0,12179196.0
2012-08-30,39.59,39.96,38.72,37.73,1263557.0,15864682.0
2012-08-29,38.97,40.17,39.62,38.91,2006989.0,25783796.0
2012-08-28,40.24,40.51,39.34,38.35,3187039.0,40487752.0
2012-08-27,41.35,41.69,40.42,40.42,1974125.0,26261600.0
2012-08-24,41.26,41.69,41.01,40.95,1514703.0,20185520.0
2012-08-23,42.09,42.09,41.66,41.01,2724323.0,36636320.0
2012-08-22,42.93,43.24,41.88,41.13,4239793.0,58016304.0
2012-08-21,41.66,42.25,42.03,41.47,2149211.0,29144000.0
2012-08-20,40.76,41.72,41.6,40.36,1450341.0,19358964.0
2012-08-17,41.29,41.44,41.13,40.64,2413416.0,31931136.0
2012-08-16,43.55,43.58,41.94,41.5,5268321.0,72354560.0
2012-08-15,42.43,43.58,43.14,41.44,5841114.0,80508224.0
2012-08-14,40.51,42.52,42.37,40.42,3777628.0,50477928.0
2012-08-13,41.23,41.6,40.51,40.3,2010805.0,26664618.0
2012-08-10,41.6,42.68,41.6,41.44,3217919.0,43754916.0
2012-08-09,41.53,42.12,41.69,40.61,3397005.0,45721676.0
2012-08-08,40.2,41.94,41.1,40.2,3243263.0,43342636.0
2012-08-07,40.67,41.26,40.55,40.45,2368241.0,31218648.0
2012-08-06,39.15,40.92,40.79,39.12,3969113.0,51761900.0
2012-08-03,37.58,39.46,39.37,37.58,3128135.0,39219640.0
2012-08-02,38.41,38.57,38.16,37.61,1518019.0,18708674.0
2012-08-01,37.14,38.63,38.26,37.14,1861198.0,22933764.0
2012-07-31,39.68,39.87,37.58,37.17,2725950.0,34147648.0
2012-07-30,38.38,39.28,38.75,38.26,2230224.0,28014880.0
2012-07-27,38.66,38.94,38.53,38.13,1487009.0,18439788.0
2012-07-26,37.82,38.97,38.5,37.76,2753406.0,34289320.0
2012-07-25,38.13,38.91,38.01,37.64,2303611.0,28470632.0
2012-07-24,38.01,38.78,38.41,37.76,1845201.0,22901230.0
2012-07-23,38.97,38.97,38.53,38.04,2154610.0,26739598.0
2012-07-20,39.37,40.48,39.19,39.12,2685761.0,34617560.0
2012-07-19,39.59,40.11,39.56,39.18,2578401.0,33159664.0
2012-07-18,39.22,39.77,39.68,38.72,2580767.0,32772444.0
2012-07-17,38.97,39.87,39.22,38.75,2404145.0,30569338.0
2012-07-16,40.73,40.88,39.52,39.28,3792689.0,48995984.0
2012-07-13,40.98,41.38,40.95,40.24,4311225.0,56812204.0
2012-07-12,41.75,42.06,41.35,40.64,5092574.0,68288328.0
2012-07-11,42.03,42.12,40.7,38.66,6703156.0,89185344.0
2012-07-10,39.37,40.14,39.49,39.22,3182635.0,40716824.0
2012-07-09,42.62,42.62,40.33,40.2,4413604.0,59260840.0
2012-07-06,42.59,43.14,42.62,41.32,5450378.0,74486168.0
2012-07-05,42.15,43.76,42.12,41.94,7447460.0,103227392.0
2012-07-04,41.07,42.25,42.09,40.39,4475562.0,59987524.0
2012-07-03,42.06,42.37,41.2,40.79,3406073.0,45779804.0
2012-07-02,41.1,42.52,41.57,40.51,6782666.0,91362456.0
2012-06-29,38.81,41.32,41.01,37.39,7824991.0,99129688.0
2012-06-28,41.69,42.18,39.19,39.03,5906346.0,77244240.0
2012-06-27,41.75,42.56,41.66,41.38,5750000.0,78308856.0
2012-06-26,40.67,41.57,41.2,40.39,3191410.0,42261344.0
2012-06-25,41.35,42.15,41.13,39.99,3451051.0,46344612.0
2012-06-21,41.75,42.03,41.72,40.73,5077546.0,67620904.0
2012-06-20,42.4,42.83,41.91,41.57,4719250.0,64036884.0
2012-06-19,42.99,43.14,42.4,42.18,6252836.0,86029360.0
2012-06-18,42.93,44.47,43.58,42.87,8151644.0,115321744.0
2012-06-15,42.99,43.33,42.87,41.72,8579803.0,117568904.0
2012-06-14,43.48,44.69,43.08,42.71,10984427.0,155245200.0
2012-06-13,43.05,46.05,44.07,42.9,19148734.0,276661856.0
2012-06-12,43.61,44.13,43.24,42.56,16003530.0,224162320.0
2012-06-11,39.8,44.6,44.6,39.03,23987240.0,332795648.0
2012-06-08,43.27,43.39,40.55,40.39,20855704.0,284976064.0
2012-06-07,41.47,41.47,41.47,41.47,3108781.0,41688752.0
2012-05-09,37.58,38.1,37.7,37.17,5147603.0,62616600.0
2012-05-08,38.38,39.43,38.1,37.42,8511591.0,106477592.0
2012-05-07,35.81,38.88,38.63,35.75,10120994.0,123444872.0
2012-05-04,36.22,37.33,36.06,35.94,6529728.0,77162584.0
2012-05-03,35.57,35.72,35.53,35.32,2295677.0,26363632.0
2012-05-02,35.57,35.75,35.66,34.85,3651610.0,41825120.0
2012-04-27,35.23,35.44,35.2,34.95,2421968.0,27560536.0
2012-04-26,34.48,35.84,35.38,34.48,5674290.0,64776848.0
2012-04-25,33.74,34.67,34.45,33.65,2760332.0,30543006.0
2012-04-24,33.77,34.67,34.11,33.28,2994155.0,32833580.0
2012-04-23,34.61,34.64,34.17,34.05,2918138.0,32400340.0
2012-04-20,35.04,35.13,34.76,34.11,3951663.0,44181284.0
2012-04-19,36.12,36.12,35.04,34.55,6064364.0,69153632.0
2012-04-18,33.99,35.16,35.13,33.59,4671695.0,52045264.0
2012-04-16,34.45,34.7,34.24,33.71,2585006.0,28551084.0
2012-04-13,34.2,34.79,34.45,33.93,4362195.0,48600800.0
2012-04-12,33.65,34.14,34.11,33.34,2787198.0,30423880.0
2012-04-11,33.03,33.9,33.62,32.47,2836342.0,30551472.0
2012-04-10,33.77,34.7,33.99,32.63,5533012.0,60430768.0
2012-04-09,32.5,32.94,32.63,32.35,1109829.0,11721372.0
2012-04-06,32.5,33.19,32.94,32.5,1690869.0,17964006.0
2012-04-05,31.82,32.91,32.66,31.79,2315624.0,24402396.0
2012-03-30,31.17,32.1,31.89,31.17,2577256.0,26369034.0
2012-03-29,31.39,31.89,31.2,30.93,2223918.0,22567588.0
2012-03-28,32.1,32.1,31.52,30.86,2685073.0,27283338.0
2012-03-27,32.97,33.34,32.13,31.86,2411195.0,25472332.0
2012-03-26,33.71,33.96,32.91,32.38,2060478.0,22140410.0
2012-03-23,33.65,33.99,33.74,33.4,1752274.0,19120028.0
2012-03-22,34.3,34.3,33.87,33.28,3237709.0,35190208.0
2012-03-21,35.1,35.1,34.36,33.8,3804430.0,42128048.0
2012-03-20,36.65,36.74,34.67,34.58,5282932.0,60101596.0
2012-03-16,35.53,36.43,36.34,34.95,3606719.0,41792632.0
2012-03-15,35.44,36.31,35.63,34.11,4723588.0,53990628.0
2012-03-14,38.72,39.15,35.5,34.85,5237331.0,63668156.0
2012-03-13,38.5,38.81,38.72,38.07,2379219.0,29636258.0
2012-03-12,38.81,38.91,38.75,37.45,3848472.0,47457508.0
2012-03-09,38.13,38.75,38.38,37.82,2965727.0,36819308.0
2012-03-08,37.67,38.29,37.76,37.61,2957460.0,36201024.0
2012-03-07,36.83,38.2,37.7,36.52,4214451.0,51089652.0
2012-03-06,37.61,38.01,37.3,36.96,3987451.0,48131848.0
2012-03-05,38.44,39.22,38.29,38.2,4714239.0,58774452.0
2012-03-02,36.28,39.22,38.29,36.28,9719750.0,119664056.0
2012-03-01,36.49,37.67,36.62,36.25,11214661.0,133669632.0
2012-02-29,36.06,36.31,35.66,35.6,4089544.0,47586684.0
2012-02-28,36.49,36.99,36.06,34.95,8870316.0,103108984.0
2012-02-27,36.49,37.02,36.56,36.19,8619450.0,102051912.0
2012-02-24,36.43,36.93,36.34,35.88,11891454.0,139891632.0
2012-02-23,36.31,36.74,36.43,35.78,9948947.0,116800552.0
2012-02-22,35.84,36.68,36.43,35.72,15836906.0,185408448.0
2012-02-21,35.47,36.9,36.06,35.41,15800990.0,184173712.0
2012-02-20,33.19,35.84,35.84,32.07,21771724.0,246073232.0
2012-02-17,32.66,32.88,32.6,32.07,3053794.0,32028686.0
2012-02-16,31.98,32.6,32.44,31.76,5132353.0,53475172.0
2012-02-15,30.9,31.76,31.61,30.71,4149773.0,41919880.0
2012-02-14,31.55,31.55,30.96,30.86,3818410.0,38390484.0
2012-02-13,30.93,32.1,31.55,30.62,2810060.0,28664696.0
2012-02-10,31.52,31.7,30.99,30.65,3138924.0,31609264.0
2012-02-09,30.43,32.5,31.45,30.15,4852098.0,49447096.0
2012-02-08,29.69,30.74,30.43,29.07,2881102.0,27957396.0
2012-02-07,30.12,30.12,29.57,29.32,2182392.0,20878540.0
2012-02-06,29.6,30.46,30.03,29.6,2333172.0,22683196.0
2012-02-03,29.35,29.69,29.6,29.04,2183827.0,20807610.0
2012-02-02,28.39,29.38,29.35,28.39,2071008.0,19482080.0
2012-02-01,28.05,28.89,28.67,27.77,3368108.0,30998868.0
2012-01-31,27.83,28.14,28.14,27.31,1449828.0,13035655.0
2012-01-30,27.99,28.33,27.96,27.56,1700113.0,15389928.0
2012-01-20,27.4,28.05,27.93,27.28,2468832.0,22160942.0
2012-01-19,26.57,27.83,27.71,25.67,6469243.0,55640248.0
2012-01-18,29.38,29.81,26.66,26.44,6301289.0,57293072.0
2012-01-17,27.83,29.84,29.29,27.68,4103495.0,38128416.0
2012-01-16,30.25,30.25,28.08,27.8,4277233.0,39771580.0
2012-01-13,34.2,34.33,30.77,30.77,5699973.0,58277556.0
2012-01-12,33.56,35.41,34.2,33.56,1923522.0,21471424.0
2012-01-11,33.87,35.13,34.08,33.65,2620275.0,28979588.0
2012-01-10,32.75,34.14,33.74,32.16,3055129.0,33035884.0
2012-01-09,31.55,32.84,32.81,30.62,3981377.0,40733432.0
2012-01-06,33.71,34.24,31.42,31.02,3008350.0,30852140.0
2012-01-05,37.17,37.51,33.77,33.77,2602020.0,29676192.0
2012-01-04,38.63,38.72,37.52,37.27,1421533.0,17340616.0
