date,open,high,close,low,volume,amount
2015-07-08,467.07,467.07,467.07,467.07,11301300.0,586311424.0
2015-07-07,540.17,558.09,518.92,518.92,30993972.0,1796974208.0
2015-07-06,646.76,646.76,576.54,529.19,41760212.0,2719437824.0
2015-07-03,559.17,627.68,587.98,525.86,29840120.0,1922684672.0
2015-07-02,604.09,620.48,583.75,549.17,32525024.0,2130337536.0
2015-07-01,584.83,636.5,597.7,570.15,38953688.0,2653509888.0
2015-06-30,522.16,582.58,582.58,476.7,45283788.0,2632526080.0
2015-06-29,601.39,601.39,529.64,529.64,30753480.0,1859595392.0
2015-06-26,630.83,630.83,588.52,588.52,22972184.0,1527540992.0
2015-06-25,710.5,713.93,653.88,636.77,23756336.0,1777224320.0
2015-06-24,722.03,742.74,707.53,693.22,22177624.0,1760846208.0
2015-06-23,720.32,737.69,720.05,649.65,18975814.0,1466431488.0
2015-06-19,702.94,755.25,721.85,702.94,17004172.0,1362304896.0
2015-06-18,793.15,806.66,737.78,720.23,20204044.0,1715239808.0
2015-06-17,738.33,800.17,789.28,706.73,22704736.0,1905068288.0
2015-06-16,792.25,792.25,740.66,735.17,20256804.0,1710878208.0
2015-06-15,836.0,869.41,797.65,782.35,26405774.0,2409135872.0
2015-06-12,846.27,863.82,832.22,810.44,14499991.0,1343787264.0
2015-06-11,861.21,909.56,854.28,846.27,23335750.0,2259168256.0
2015-06-10,819.62,867.07,867.07,819.62,28504008.0,2678807552.0
2015-06-09,783.07,810.17,788.2,760.83,20332732.0,1760827136.0
2015-06-08,840.87,841.32,783.34,758.13,24264076.0,2108379520.0
2015-06-05,882.46,895.78,838.62,810.44,21683584.0,2055627904.0
2015-06-04,924.23,930.89,867.34,797.92,20896044.0,1978364416.0
2015-06-03,892.18,900.28,886.6,855.27,18054126.0,1754394240.0
2015-06-02,912.89,918.29,900.74,881.29,15584394.0,1551252992.0
2015-06-01,855.27,920.99,909.29,855.18,19326878.0,1928428416.0
2015-05-29,792.16,851.49,849.33,756.33,20981728.0,1898859008.0
2015-05-28,855.27,875.62,790.63,774.97,20476534.0,1894333440.0
2015-05-27,821.06,882.28,860.49,792.25,20664218.0,1931310720.0
2015-05-26,731.75,821.06,820.7,731.75,23269384.0,2027011712.0
2015-05-25,726.53,770.55,746.43,711.23,15697106.0,1296233216.0
2015-05-22,740.75,758.58,735.62,698.62,19749932.0,1579021184.0
2015-05-21,728.15,772.45,740.03,716.63,17261916.0,1429010048.0
2015-05-20,706.72,772.45,728.42,699.61,16093467.0,1332990336.0
2015-05-19,710.33,716.63,709.51,688.63,16313764.0,1267298304.0
2015-05-18,656.22,713.48,702.58,639.65,21006700.0,1605197312.0
2015-05-15,626.6,664.14,654.42,621.02,19561788.0,1390260864.0
2015-05-14,646.59,655.5,623.9,613.82,22637856.0,1583219712.0
2015-05-13,675.21,679.26,651.27,644.6,16177796.0,1177837696.0
2015-05-12,672.6,696.16,669.03,652.34,25499028.0,1913023744.0
2015-05-11,624.67,674.74,669.65,604.68,25380312.0,1835083264.0
2015-05-08,580.67,625.74,624.94,580.31,28030880.0,1914316672.0
2015-05-07,537.2,581.74,568.89,536.22,22547276.0,1431443968.0
2015-05-06,544.43,579.69,544.34,535.42,27383528.0,1712184960.0
2015-05-05,552.02,554.07,527.12,512.3,21181974.0,1262159872.0
2015-05-04,536.4,567.01,557.82,526.76,20074688.0,1238497152.0
2015-04-30,534.44,560.94,531.67,522.21,27242708.0,1649996288.0
2015-04-29,480.17,533.37,533.37,480.17,34755600.0,2002893952.0
2015-04-28,508.73,508.73,484.9,473.75,20827740.0,1134043904.0
2015-04-27,478.39,521.14,497.13,478.39,27987070.0,1583439488.0
2015-04-24,473.21,488.65,473.75,469.37,17527996.0,935798272.0
2015-04-23,481.06,499.81,490.97,470.35,20192776.0,1102384640.0
2015-04-22,463.48,489.45,479.01,463.3,19874596.0,1069605248.0
2015-04-21,439.56,465.89,462.41,439.56,20970574.0,1076619264.0
2015-04-20,467.77,467.77,439.3,436.44,25804334.0,1310024320.0
2015-04-17,472.5,483.38,469.11,465.89,17354930.0,920654208.0
2015-04-16,459.64,481.06,468.93,454.29,15943255.0,836697664.0
2015-04-15,465.71,476.15,466.96,450.72,21710618.0,1130438912.0
2015-04-14,488.2,488.2,470.53,458.57,29203088.0,1538419968.0
2015-04-13,502.04,507.93,488.47,474.55,28056008.0,1532326784.0
2015-04-10,481.96,533.72,501.68,473.92,34988948.0,1997319040.0
2015-04-09,486.87,486.87,486.87,432.96,62761552.0,3300397056.0
2015-03-20,406.81,442.6,442.6,406.54,52858820.0,2575185152.0
2015-03-19,390.03,408.32,402.35,390.03,27545652.0,1231595904.0
2015-03-18,389.67,399.85,396.72,381.73,18387606.0,804292864.0
2015-03-17,394.05,395.29,389.76,381.1,18582482.0,808543232.0
2015-03-16,372.27,387.98,386.55,372.27,19494016.0,834705472.0
2015-03-13,360.57,367.27,366.02,360.04,12006936.0,488007616.0
2015-03-12,361.91,364.14,359.95,355.22,12340773.0,495246944.0
2015-03-11,373.87,380.21,361.02,359.5,13342669.0,550415616.0
2015-03-10,375.66,377.36,374.59,367.27,8943843.0,373616480.0
2015-03-09,366.02,381.91,374.41,362.36,10298026.0,431826176.0
2015-03-06,379.94,386.37,368.52,363.7,13221906.0,553209600.0
2015-03-05,388.24,388.87,379.85,376.46,13847826.0,589964864.0
2015-03-04,371.29,400.11,388.96,371.29,27896040.0,1211298944.0
2015-03-03,356.11,379.14,371.11,356.11,26236956.0,1075821056.0
2015-03-02,358.88,359.59,356.92,353.44,10125943.0,404151040.0
2015-02-27,348.17,362.27,357.0,348.17,16468537.0,659966528.0
2015-02-26,350.76,350.76,348.08,339.24,14000139.0,542728384.0
2015-02-25,352.54,358.52,350.85,349.42,13886529.0,551840960.0
2015-02-17,352.54,358.97,350.4,348.26,11274880.0,445669472.0
2015-02-16,346.21,356.56,351.83,342.64,16234783.0,640326848.0
2015-02-13,350.94,351.2,345.13,342.55,11366599.0,440464320.0
2015-02-12,339.07,349.42,347.72,337.19,12461915.0,483432416.0
2015-02-11,331.03,340.94,338.35,327.55,12178952.0,459851072.0
2015-02-10,324.52,332.73,331.3,324.43,9313712.0,342380960.0
2015-02-09,333.98,336.48,322.29,320.68,13726292.0,502840736.0
2015-02-06,345.4,351.29,334.07,329.34,14965913.0,562591168.0
2015-02-05,348.53,362.9,347.46,342.73,22512348.0,892760704.0
2015-02-04,349.42,361.56,346.12,345.85,17382896.0,686428160.0
2015-02-03,332.46,353.44,352.72,332.46,27704732.0,1074672000.0
2015-02-02,324.88,336.12,332.37,322.73,14685600.0,543582016.0
2015-01-30,346.74,348.35,331.3,330.41,14314751.0,541646144.0
2015-01-29,332.91,347.63,345.23,332.91,17556144.0,671164736.0
2015-01-28,342.73,342.73,335.14,334.87,15473035.0,586461376.0
2015-01-27,350.76,354.77,342.81,337.37,17405186.0,671434368.0
2015-01-26,348.53,354.77,352.37,341.74,19243612.0,749621952.0
2015-01-23,363.52,370.21,348.35,346.3,23865452.0,942219776.0
2015-01-22,362.0,374.86,363.52,355.22,21110030.0,856948544.0
2015-01-21,358.97,367.45,361.74,355.67,18997912.0,764539840.0
2015-01-20,338.26,363.25,362.9,332.73,31956524.0,1259882496.0
2015-01-19,331.3,359.24,330.23,328.8,27456284.0,1050005824.0
2015-01-16,330.23,362.36,350.4,329.52,32537116.0,1275415296.0
2015-01-15,332.91,336.3,330.5,324.16,19732900.0,726648256.0
2015-01-14,337.37,340.76,336.92,328.18,19755386.0,737655360.0
2015-01-13,344.96,347.99,339.78,335.23,25907164.0,990846784.0
2015-01-12,314.61,344.96,344.96,314.61,34909264.0,1302682112.0
2015-01-09,305.51,327.64,313.63,303.72,29620008.0,1058608512.0
2015-01-08,295.15,313.09,306.85,295.15,22289888.0,766777856.0
2015-01-07,287.57,301.4,298.19,287.57,19588848.0,650738368.0
2015-01-06,301.67,301.67,287.57,286.5,24209952.0,794666112.0
2015-01-05,279.36,288.46,284.09,279.36,21861192.0,697395008.0
2014-12-31,265.97,273.82,272.31,265.97,12431375.0,377082304.0
2014-12-30,278.46,278.46,265.08,263.29,20764536.0,627745600.0
2014-12-29,293.64,294.08,281.14,275.61,23951480.0,754996672.0
2014-12-26,275.79,294.08,288.64,272.04,26866158.0,860127168.0
2014-12-25,271.68,279.89,274.89,268.65,24832186.0,760593408.0
2014-12-24,251.69,275.79,273.47,251.69,36790132.0,1107428864.0
2014-12-23,250.35,261.42,250.71,249.46,14660537.0,422430368.0
2014-12-22,264.36,264.36,250.53,247.58,18278316.0,520140000.0
2014-12-19,260.7,267.13,264.0,255.08,15227497.0,447109056.0
2014-12-18,258.65,268.82,262.58,257.76,16907496.0,500102240.0
2014-12-17,266.42,266.42,258.56,254.19,17264168.0,502446624.0
2014-12-16,266.86,272.66,265.97,261.77,12973673.0,388046880.0
2014-12-15,253.38,269.36,266.59,248.92,19060540.0,563814016.0
2014-12-12,255.53,259.72,256.78,253.56,10635225.0,305519616.0
2014-12-11,249.81,257.67,255.35,249.55,13974089.0,396988768.0
2014-12-10,242.76,257.67,253.74,242.76,20020024.0,563491648.0
2014-12-09,266.68,266.68,242.41,242.41,45787336.0,1301260288.0
2014-12-08,270.43,285.25,269.36,266.86,35794736.0,1098799360.0
2014-12-05,266.77,278.11,273.91,249.46,39139936.0,1179916800.0
2014-12-04,262.31,269.63,267.13,259.81,26981434.0,805740800.0
2014-12-03,257.94,259.63,258.92,251.51,22480648.0,644104512.0
2014-12-02,257.49,261.42,258.56,253.38,17257452.0,498210016.0
2014-12-01,249.01,263.74,257.67,244.37,32988870.0,940223424.0
2014-11-28,237.05,252.4,246.51,237.05,33469444.0,922475072.0
2014-11-27,240.89,241.34,238.12,235.18,14993116.0,398620160.0
2014-11-26,239.01,241.43,239.37,236.6,15772153.0,421815648.0
2014-11-25,230.98,241.69,239.1,230.36,24794380.0,661139328.0
2014-11-24,231.16,232.77,230.27,225.63,22287560.0,574198336.0
2014-11-21,227.5,228.93,228.04,224.65,15458061.0,393581824.0
2014-11-20,226.61,229.2,227.23,223.13,13997969.0,355206848.0
2014-11-19,217.42,230.98,228.04,217.24,39535144.0,1004356672.0
2014-11-18,217.95,218.67,217.33,216.17,6991507.0,170315008.0
2014-11-17,217.42,219.56,217.42,212.42,13408415.0,326412320.0
2014-11-14,208.04,212.86,212.06,205.63,11371442.0,267666160.0
2014-11-13,215.01,215.27,209.83,209.47,10537477.0,249052176.0
2014-11-12,209.56,215.63,215.19,209.38,13907315.0,330945920.0
2014-11-11,222.06,222.06,209.38,207.51,21688996.0,520789088.0
2014-11-10,220.9,222.68,220.9,219.38,9635209.0,238299984.0
2014-11-07,224.38,225.63,219.83,218.75,16925744.0,422238624.0
2014-11-06,223.4,225.72,224.2,222.41,10082873.0,252971936.0
2014-11-05,224.82,226.25,222.41,222.24,10403769.0,261601104.0
2014-11-04,223.13,225.27,225.0,220.45,15680451.0,391622784.0
2014-11-03,225.63,226.07,222.86,221.79,12916277.0,324065216.0
2014-10-31,224.91,226.16,224.02,219.74,15918931.0,396659360.0
2014-10-30,227.68,229.38,224.73,222.86,20318984.0,513467104.0
2014-10-29,229.29,230.09,227.14,226.25,21500588.0,549074560.0
2014-10-28,225.0,229.02,228.93,222.32,26888012.0,681830016.0
2014-10-27,220.64,226.78,223.93,219.75,19919176.0,501091712.0
2014-10-24,216.54,223.84,221.44,216.54,13008386.0,322661344.0
2014-10-23,219.3,222.06,217.26,216.28,12809595.0,315008384.0
2014-10-22,220.19,225.89,220.46,218.59,20457516.0,511381920.0
2014-10-21,223.4,224.91,219.93,219.75,13912103.0,346738784.0
2014-10-20,216.46,225.18,223.67,216.46,25272380.0,631532032.0
2014-10-17,214.05,216.72,214.76,210.58,11211345.0,269149504.0
2014-10-16,214.59,218.77,214.05,213.61,12563254.0,305424768.0
2014-10-15,214.32,217.88,216.99,213.61,10995131.0,266746240.0
2014-10-14,217.61,220.19,214.85,213.34,17395738.0,423949920.0
2014-10-13,218.95,220.46,218.5,215.48,15733571.0,385092832.0
2014-10-10,218.77,222.15,220.46,217.17,15273529.0,377427520.0
2014-10-09,224.29,224.65,219.84,218.15,19598976.0,486682208.0
2014-10-08,226.96,228.21,224.65,222.51,27565524.0,697927936.0
2014-09-30,219.04,226.6,224.2,218.06,35771376.0,901099200.0
2014-09-29,211.38,221.0,218.06,210.58,31471690.0,764382784.0
2014-09-26,211.12,213.61,210.67,209.16,12743536.0,302259552.0
2014-09-25,211.83,215.57,212.45,210.23,20745550.0,497254720.0
2014-09-24,204.71,213.07,211.47,204.17,18917484.0,445982144.0
2014-09-23,201.77,207.11,205.87,200.79,13372304.0,307606752.0
2014-09-22,206.13,206.93,201.33,200.7,11822633.0,270456672.0
2014-09-19,204.71,207.82,207.38,203.82,10837075.0,250717088.0
2014-09-18,204.26,206.22,204.35,202.48,8774557.0,201421840.0
2014-09-17,204.98,206.22,204.89,200.7,12977870.0,296610080.0
2014-09-16,217.79,218.5,204.71,203.82,26537362.0,631770688.0
2014-09-15,216.99,218.59,215.3,214.23,19190102.0,465671456.0
2014-09-12,211.74,216.9,216.55,211.21,23060912.0,555474496.0
2014-09-11,212.9,214.68,212.63,207.02,21410864.0,510831968.0
2014-09-10,214.14,214.94,213.7,210.41,16903810.0,404230432.0
2014-09-09,213.16,216.28,214.14,212.1,17074874.0,410087712.0
2014-09-05,213.34,215.39,214.59,208.98,24239760.0,578674304.0
2014-09-04,207.29,216.28,213.34,206.93,35396776.0,844614464.0
2014-09-03,208.62,209.6,207.56,205.6,27199680.0,634522944.0
2014-09-02,200.08,215.12,209.51,199.28,43945220.0,1018197504.0
2014-09-01,198.39,202.31,199.72,197.59,14676327.0,330057472.0
2014-08-29,192.25,196.79,196.7,192.25,7979804.0,174558240.0
2014-08-28,194.92,195.72,191.54,189.31,8964172.0,194332064.0
2014-08-27,193.32,197.05,194.47,192.87,11058138.0,242174400.0
2014-08-26,196.7,199.1,193.32,192.78,13039992.0,286702016.0
2014-08-25,202.04,202.04,197.41,195.81,15740247.0,350066784.0
2014-08-22,201.33,203.46,202.04,199.99,10716190.0,242637504.0
2014-08-21,201.86,203.82,201.41,198.75,12863770.0,290512800.0
2014-08-20,205.6,210.32,204.0,202.75,21779536.0,505210592.0
2014-08-19,201.15,205.33,205.24,199.81,20480944.0,467864320.0
2014-08-18,200.7,202.13,200.97,198.75,15153467.0,340897984.0
2014-08-15,196.25,199.81,198.83,196.07,12199011.0,272352000.0
2014-08-14,195.9,200.26,196.7,195.45,15057949.0,335441856.0
2014-08-13,200.08,200.88,196.7,194.03,18271444.0,403525184.0
2014-08-12,202.57,202.66,199.55,196.88,20405516.0,456987872.0
2014-08-11,201.95,203.46,202.39,200.26,14277769.0,324407232.0
2014-08-08,202.84,205.42,200.97,199.9,17064112.0,388691200.0
2014-08-07,204.71,208.18,201.77,201.06,23947762.0,549641280.0
2014-08-06,199.28,206.31,204.35,197.68,21914780.0,499596064.0
2014-08-05,197.41,199.9,199.19,196.25,17003044.0,378939776.0
2014-08-04,194.74,199.01,196.61,194.74,12762537.0,282377344.0
2014-08-01,194.03,199.19,194.74,192.96,17273708.0,381383232.0
2014-07-31,194.38,196.25,194.47,192.34,10793194.0,235707776.0
2014-07-30,192.69,197.14,194.56,191.18,17821388.0,389389984.0
2014-07-29,189.31,196.25,192.78,188.51,21428192.0,464926976.0
2014-07-28,186.82,189.31,188.42,185.75,12416123.0,262291648.0
2014-07-25,181.57,186.11,185.22,181.57,11082018.0,230171456.0
2014-07-24,184.95,186.64,181.57,178.54,11969067.0,244606592.0
2014-07-23,186.02,189.58,184.68,184.5,10078268.0,212084112.0
2014-07-22,185.75,187.35,186.28,184.59,8670562.0,181173280.0
2014-07-21,183.44,186.64,185.75,182.46,9460048.0,196462544.0
2014-07-18,184.33,186.11,183.17,181.83,7953359.0,164478944.0
2014-07-17,187.35,188.33,184.5,182.99,10906145.0,226365152.0
2014-07-16,194.38,194.38,187.35,187.09,19342490.0,412426592.0
2014-07-15,190.56,195.36,194.38,187.09,33363892.0,720985472.0
2014-07-14,190.11,194.65,190.56,188.24,19799628.0,424742368.0
2014-07-11,185.13,189.58,188.6,183.79,16932684.0,355458048.0
2014-07-10,185.31,189.4,185.39,184.41,14115914.0,296270784.0
2014-07-09,185.13,193.76,186.46,183.17,27573080.0,585681152.0
2014-07-08,187.09,190.02,186.11,184.95,12271843.0,257576976.0
2014-07-07,181.75,187.17,186.37,181.75,13691214.0,285567360.0
2014-07-04,184.68,185.39,181.92,181.39,8439062.0,173257392.0
2014-07-03,185.48,185.66,184.77,182.55,10808442.0,223463664.0
2014-07-02,184.68,190.47,185.57,184.33,17802756.0,374452128.0
2014-07-01,186.55,187.17,184.86,182.72,13225335.0,273872096.0
2014-06-30,178.19,186.19,185.75,178.19,23718014.0,491088416.0
2014-06-27,178.01,179.52,178.01,176.41,9232538.0,184789504.0
2014-06-26,175.6,178.81,177.74,175.34,12440688.0,248277504.0
2014-06-25,176.23,177.12,174.71,173.65,7309881.0,143991552.0
2014-06-24,173.74,176.23,175.16,171.6,10584606.0,207264000.0
2014-06-23,172.31,174.27,172.49,172.04,5708088.0,111030000.0
2014-06-20,170.26,172.58,172.04,170.0,5776885.0,111379064.0
2014-06-19,177.21,177.74,169.91,169.02,11047551.0,214734512.0
2014-06-18,175.34,180.14,177.21,174.71,15109429.0,302930528.0
2014-06-17,177.56,177.65,175.69,174.09,10894100.0,214807312.0
2014-06-16,178.27,179.97,178.36,176.85,12384990.0,248203584.0
2014-06-13,174.98,178.99,178.45,174.27,14910538.0,297216928.0
2014-06-12,175.6,176.67,175.43,173.74,7582980.0,149194256.0
2014-06-11,173.91,178.01,176.32,173.65,10891663.0,215688320.0
2014-06-10,168.93,175.69,174.54,168.4,12539058.0,243877952.0
2014-06-09,168.84,171.33,168.4,168.04,6546968.0,124529664.0
2014-06-06,173.65,175.51,169.73,168.66,10663928.0,205101520.0
2014-06-05,169.82,174.54,174.45,169.28,7488261.0,144801136.0
2014-06-04,174.98,175.07,169.46,168.22,11805138.0,226354080.0
2014-06-03,178.01,179.34,175.69,175.25,8727425.0,173255472.0
2014-05-30,175.6,181.3,178.1,173.65,14358403.0,287393536.0
2014-05-29,177.83,178.27,175.6,174.71,14965619.0,296440320.0
2014-05-28,168.04,180.94,178.72,167.06,28868064.0,569933120.0
2014-05-27,168.93,171.42,167.24,167.06,10012910.0,190469264.0
2014-05-26,170.18,170.71,168.93,167.33,8564611.0,162260352.0
2014-05-23,163.05,168.93,168.84,162.7,14885457.0,278362528.0
2014-05-22,164.03,165.72,162.79,162.43,8077872.0,149069184.0
2014-05-21,157.36,164.92,164.12,155.84,11342279.0,205546000.0
2014-05-20,157.89,159.41,158.07,156.91,6053460.0,107482528.0
2014-05-19,159.85,160.12,155.84,154.96,5626662.0,99015280.0
2014-05-16,159.76,159.76,158.51,156.47,5501958.0,97651440.0
2014-05-15,162.7,164.03,159.23,159.05,5527138.0,100354728.0
2014-05-14,163.23,163.32,162.7,162.16,3330133.0,60910892.0
2014-05-13,162.43,163.94,163.05,161.01,4813609.0,87886896.0
2014-05-12,158.96,162.61,162.16,157.54,7705470.0,138842496.0
2014-05-09,160.74,161.1,157.18,156.11,5551263.0,98366560.0
2014-05-08,164.21,164.48,160.74,160.21,5150181.0,93916600.0
2014-05-07,165.65,166.25,162.81,162.03,4455329.0,84712312.0
2014-05-06,165.39,167.72,166.68,164.96,6059903.0,117298944.0
2014-05-05,163.75,165.22,165.05,162.98,4305932.0,81984736.0
2014-04-30,162.03,165.05,163.67,161.34,6299313.0,119788640.0
2014-04-29,157.29,161.52,161.26,157.29,4838658.0,89839344.0
2014-04-28,159.45,160.57,156.95,156.61,6341175.0,116788584.0
2014-04-25,162.55,163.24,158.59,158.16,6025254.0,112186000.0
2014-04-24,164.36,164.88,162.55,162.38,3975918.0,75433136.0
2014-04-23,161.77,163.58,163.58,160.74,5105897.0,96262992.0
2014-04-22,162.55,164.27,161.6,159.97,8908939.0,166932560.0
2014-04-21,167.46,170.3,163.32,163.07,10061690.0,194688944.0
2014-04-18,173.57,173.57,169.44,168.32,9337468.0,184366432.0
2014-04-17,173.83,175.3,173.32,172.37,4522531.0,91324976.0
2014-04-16,173.58,174.87,173.15,172.03,4915252.0,98742200.0
2014-04-15,173.15,176.07,174.18,172.28,8699003.0,175918448.0
2014-04-14,171.16,173.49,172.71,171.08,7565464.0,151354240.0
2014-04-11,174.69,174.69,172.03,171.25,8760388.0,175433424.0
2014-04-10,175.99,176.68,175.13,173.58,12621805.0,255696640.0
2014-04-09,175.21,177.71,176.16,174.69,6854784.0,140250304.0
2014-04-08,170.73,176.76,174.26,169.87,11349283.0,229810144.0
2014-04-04,167.98,171.25,170.73,167.63,4690719.0,92563232.0
2014-04-03,172.28,174.01,169.35,167.55,7282822.0,144420880.0
2014-04-02,170.47,172.2,172.03,169.01,6073786.0,120417632.0
2014-04-01,167.98,170.3,169.96,167.98,5382276.0,105858784.0
2014-03-31,167.8,171.08,167.63,166.94,5740484.0,112504496.0
2014-03-28,171.42,173.66,166.86,166.25,8400302.0,165906144.0
2014-03-27,177.8,178.14,172.2,171.08,9537755.0,191860768.0
2014-03-26,179.86,180.72,177.88,177.11,5478907.0,113509256.0
2014-03-25,177.71,180.98,180.12,176.85,6128145.0,127695432.0
2014-03-24,176.42,179.78,177.71,175.73,7482902.0,154482768.0
2014-03-21,174.52,178.14,177.11,169.18,12382661.0,249247824.0
2014-03-20,182.28,183.74,174.52,174.35,13511875.0,279881312.0
2014-03-19,184.86,184.86,182.45,180.12,10128041.0,213807664.0
2014-03-18,183.74,188.82,185.03,182.19,12514140.0,270363200.0
2014-03-17,186.5,187.7,184.0,180.04,20933512.0,443109024.0
2014-03-14,191.23,191.23,189.25,186.5,10527037.0,230726736.0
2014-03-13,185.72,193.3,192.27,185.72,13283096.0,293229920.0
2014-03-12,183.91,186.75,186.58,180.9,9785216.0,209401120.0
2014-03-11,184.34,186.5,183.83,181.07,11874961.0,253218224.0
2014-03-10,186.15,189.51,184.86,182.62,12746560.0,275405088.0
2014-03-07,190.37,194.59,185.63,184.86,15650576.0,342787392.0
2014-03-06,190.03,192.61,190.63,185.21,14572745.0,319988032.0
2014-03-05,197.44,198.64,190.12,188.74,22997204.0,514012192.0
2014-03-04,202.86,206.4,195.28,193.39,27237548.0,633029568.0
2014-03-03,195.28,202.0,200.71,193.04,18471454.0,424098016.0
2014-02-28,206.31,209.24,195.37,190.98,30036542.0,691469760.0
2014-02-27,206.31,217.59,199.33,197.26,32933340.0,795906560.0
2014-02-26,193.82,206.05,205.88,190.46,25643616.0,587081280.0
2014-02-25,207.77,209.07,195.54,194.68,30521864.0,714851328.0
2014-02-24,198.3,208.46,207.26,196.4,31983144.0,755610560.0
2014-02-21,189.6,202.0,199.16,187.79,29751878.0,683549696.0
2014-02-20,193.65,195.89,189.6,188.05,13846952.0,306302048.0
2014-02-19,191.75,196.92,193.99,188.31,22826826.0,510986272.0
2014-02-18,187.7,193.65,191.06,186.5,24054972.0,532984192.0
2014-02-17,180.9,189.08,188.05,180.9,23480172.0,506299648.0
2014-02-14,178.31,181.67,179.43,177.11,10755568.0,223832928.0
2014-02-13,184.69,186.32,177.37,177.11,18427758.0,386852640.0
2014-02-12,187.36,187.36,185.38,183.4,12045676.0,257981600.0
2014-02-11,186.93,189.94,187.19,182.88,18671936.0,404549952.0
2014-02-10,183.91,188.48,186.75,183.91,19152420.0,415112384.0
2014-02-07,175.73,183.05,182.62,175.04,13580195.0,284398912.0
2014-01-30,179.52,180.72,177.71,176.25,10574478.0,219150816.0
2014-01-29,169.87,180.21,179.43,169.87,19886416.0,406587008.0
2014-01-28,173.49,174.61,169.44,169.1,10300139.0,204486384.0
2014-01-27,172.37,175.38,174.01,172.28,13484627.0,272025088.0
2014-01-24,168.49,172.28,172.11,168.15,12823125.0,252911280.0
2014-01-23,168.84,171.77,169.18,168.49,10384910.0,205312496.0
2014-01-22,164.53,170.56,169.44,164.44,12907044.0,253345216.0
2014-01-21,157.47,165.82,165.39,156.35,11746476.0,220713264.0
2014-01-20,156.78,159.28,157.9,156.69,5273598.0,96657648.0
2014-01-17,158.93,160.74,156.78,155.74,6753558.0,124595904.0
2014-01-16,158.16,160.22,159.45,155.74,10813411.0,198804352.0
2014-01-15,154.97,159.97,158.07,154.97,10822391.0,198881040.0
2014-01-14,154.19,157.21,154.71,153.33,14885486.0,268313232.0
2014-01-13,166.68,167.12,153.33,152.9,26193218.0,480300288.0
2014-01-10,171.42,173.15,166.86,165.82,9471264.0,185173424.0
2014-01-09,176.59,178.74,171.51,171.25,8823011.0,180419072.0
2014-01-08,173.23,178.4,176.42,172.37,10065351.0,206011648.0
2014-01-07,169.27,173.49,172.46,168.84,7057124.0,140420416.0
2014-01-06,179.18,179.18,172.37,170.99,7642238.0,154000976.0
2014-01-03,178.4,180.47,178.4,176.59,6949210.0,143882768.0
2014-01-02,173.75,180.55,179.09,173.75,11746449.0,242718288.0
2013-12-31,175.73,177.54,173.75,172.2,11131001.0,225502368.0
2013-12-30,178.31,182.53,177.45,177.02,12905087.0,268591072.0
2013-12-27,170.56,175.56,174.69,169.78,11290836.0,227384640.0
2013-12-26,172.11,173.32,169.18,168.92,6953864.0,138260288.0
2013-12-25,170.99,172.71,172.11,170.13,8522229.0,169622352.0
2013-12-24,168.06,172.71,170.39,167.98,9958188.0,197353952.0
2013-12-23,168.41,169.96,167.89,162.03,7085013.0,136913536.0
2013-12-20,176.16,176.76,167.98,167.55,19024276.0,375591296.0
2013-12-19,177.71,179.09,176.16,175.3,5908443.0,121374016.0
2013-12-18,177.45,180.98,176.5,175.04,8066878.0,167204320.0
2013-12-17,179.0,181.24,179.43,174.95,10120008.0,209535168.0
2013-12-16,187.36,187.36,179.0,176.76,21205378.0,444626208.0
2013-12-13,183.48,190.2,186.67,181.16,36255924.0,782984128.0
2013-12-12,180.04,181.41,180.55,178.49,8015164.0,167652416.0
2013-12-11,180.38,183.91,180.29,179.61,13418795.0,282344768.0
2013-12-10,182.45,183.48,180.12,179.18,8616444.0,180663296.0
2013-12-09,180.9,184.95,182.28,180.9,10723745.0,228310496.0
2013-12-06,180.47,182.19,180.64,179.0,10386016.0,217321648.0
2013-12-05,182.19,182.45,180.47,178.92,6352559.0,132823080.0
2013-12-04,176.42,182.71,180.81,175.9,11111608.0,232773552.0
2013-12-03,173.32,178.74,177.28,173.32,11086976.0,227824112.0
2013-12-02,179.86,179.95,173.06,169.35,25437662.0,516416256.0
2013-11-29,181.85,186.93,183.57,180.47,17208716.0,367149280.0
2013-11-28,184.34,185.89,181.85,180.12,14989759.0,317565408.0
2013-11-27,179.78,184.17,184.09,178.75,12486760.0,263716176.0
2013-11-26,180.47,183.48,179.69,177.97,11374309.0,238244160.0
2013-11-25,181.67,185.64,181.24,179.18,16125911.0,342249312.0
2013-11-22,186.93,187.79,179.0,178.49,16228878.0,341234432.0
2013-11-21,186.07,189.51,185.38,182.79,25477680.0,548126464.0
2013-11-20,180.81,189.69,187.19,180.12,36435736.0,790085376.0
2013-11-19,180.73,183.05,181.16,177.88,20094760.0,420052448.0
2013-11-18,179.95,186.24,181.85,177.88,44073316.0,929867072.0
2013-11-15,169.27,185.21,177.19,169.27,40793788.0,849011072.0
2013-11-14,155.75,170.3,169.01,155.75,21347376.0,407074496.0
2013-11-13,161.26,163.32,156.78,155.23,13056752.0,242530272.0
2013-11-12,155.14,159.88,159.71,155.14,9038078.0,165641664.0
2013-11-11,151.18,156.61,154.97,150.92,5340278.0,95752424.0
2013-11-08,153.25,155.4,152.04,151.09,8229146.0,146156208.0
2013-11-07,158.67,158.76,152.21,151.7,12568079.0,225781696.0
2013-11-06,164.1,166.69,159.45,159.36,9247093.0,174861952.0
2013-11-05,162.12,164.19,163.76,158.67,7055572.0,132479664.0
2013-11-04,157.21,162.21,162.03,157.04,8365231.0,155886048.0
2013-11-01,159.1,159.1,157.21,154.11,6365894.0,115661448.0
2013-10-31,159.79,160.83,159.1,155.23,7339662.0,134960928.0
2013-10-30,153.59,158.85,158.41,152.73,9021526.0,164018560.0
2013-10-29,157.98,160.91,153.59,148.42,15178822.0,270884352.0
2013-10-28,162.98,165.22,157.29,157.12,11775177.0,219656560.0
2013-10-25,163.67,165.91,162.72,161.26,16200109.0,306839136.0
2013-10-24,159.02,166.08,164.1,158.16,14954056.0,282484864.0
2013-10-23,167.55,171.25,160.66,158.5,19457132.0,368092096.0
2013-10-22,170.99,174.7,166.43,166.0,18160012.0,358257152.0
2013-10-21,164.96,172.97,172.72,164.96,23729610.0,469060800.0
2013-10-18,161.69,164.53,163.76,160.22,10184217.0,191978432.0
2013-10-17,161.26,164.96,160.91,157.64,13917853.0,261062816.0
2013-10-16,166.94,166.94,161.95,159.19,15858432.0,298845152.0
2013-10-15,166.69,169.61,166.86,163.93,14406963.0,278115680.0
2013-10-14,164.53,170.13,166.77,162.98,31707522.0,612736320.0
2013-10-11,155.14,163.67,163.32,155.14,26025980.0,484619360.0
2013-10-10,158.59,161.52,153.85,152.47,20202228.0,366760960.0
2013-10-09,160.91,161.26,158.41,157.64,16859876.0,311404416.0
2013-10-08,156.69,162.55,161.43,156.43,25667344.0,476089088.0
2013-09-30,155.06,159.02,157.81,153.42,23560484.0,428933600.0
2013-09-27,149.89,154.19,152.64,148.25,18304344.0,323748320.0
2013-09-26,151.78,154.45,149.72,149.03,19752356.0,348733760.0
2013-09-25,150.15,152.56,151.95,148.34,20559480.0,360362080.0
2013-09-24,148.68,150.66,150.4,147.73,16666570.0,288917760.0
2013-09-23,145.67,150.4,149.2,145.58,19382004.0,334242688.0
2013-09-18,142.56,145.92,144.46,142.56,8021798.0,134612192.0
2013-09-17,144.72,146.27,142.05,141.79,9384758.0,157316176.0
2013-09-16,142.22,147.04,146.1,141.01,16084079.0,269372736.0
2013-09-13,142.13,143.6,142.48,139.46,12342667.0,202492480.0
2013-09-12,142.48,144.98,143.6,141.96,9860561.0,164291264.0
2013-09-11,149.97,150.66,142.48,141.88,23120070.0,388558624.0
2013-09-10,147.22,151.78,149.03,146.53,19288080.0,333825888.0
2013-09-09,146.44,149.03,147.65,145.75,19623132.0,335469184.0
2013-09-06,140.76,146.44,146.18,140.32,19287512.0,321548896.0
2013-09-05,142.31,143.86,141.27,140.67,13207785.0,217530432.0
2013-09-04,143.94,146.01,142.82,142.56,11792300.0,196904224.0
2013-09-03,141.01,144.12,143.94,141.01,15251500.0,252186384.0
2013-09-02,139.12,142.05,140.76,138.78,11873376.0,194203136.0
2013-08-30,144.72,145.67,139.12,137.83,27703180.0,456172320.0
2013-08-29,147.99,149.54,145.15,143.77,20637828.0,349173920.0
2013-08-28,148.85,152.3,148.34,147.65,22986332.0,398956544.0
2013-08-27,152.04,152.82,151.26,147.56,24271172.0,422552480.0
2013-08-26,148.42,153.16,152.3,148.34,25647904.0,449899328.0
2013-08-23,153.33,155.66,148.85,145.15,37537560.0,656992384.0
2013-08-22,150.15,152.13,150.49,148.85,25235908.0,440494560.0
2013-08-21,147.82,154.02,150.92,145.49,36770152.0,643272640.0
2013-08-20,145.75,148.77,147.73,143.43,32109304.0,545428224.0
2013-08-19,136.79,147.3,145.41,136.1,41960300.0,696901056.0
2013-08-16,136.79,149.03,137.48,134.12,35158612.0,570461440.0
2013-08-15,139.98,142.31,137.83,137.66,24538992.0,399253504.0
2013-08-14,137.83,141.44,139.12,135.24,29595024.0,476796512.0
2013-08-13,136.62,138.09,136.79,135.85,13834186.0,219780688.0
2013-08-12,133.78,137.48,137.31,131.97,19359400.0,302265792.0
2013-08-09,135.93,136.36,133.18,131.37,17867856.0,277266912.0
2013-08-08,135.67,136.97,135.5,133.95,15414856.0,242640800.0
2013-08-07,139.72,139.98,135.67,134.47,20598564.0,327545184.0
2013-08-06,142.13,142.13,140.07,137.83,25950092.0,420358816.0
2013-08-05,135.76,139.55,139.29,134.81,20979244.0,336800064.0
2013-08-02,136.53,139.98,135.85,134.73,26025360.0,415515840.0
2013-08-01,131.54,136.1,135.76,131.19,25129740.0,390935168.0
2013-07-31,130.94,133.95,131.28,129.82,15449830.0,236191440.0
2013-07-30,134.12,135.41,129.9,127.58,20710384.0,315607200.0
2013-07-29,134.38,137.31,134.81,131.71,21562496.0,336831936.0
2013-07-26,138.69,139.89,135.93,132.31,31630388.0,498888608.0
2013-07-25,143.17,144.37,138.43,136.28,48636968.0,789994752.0
2013-07-24,131.02,145.24,144.2,130.85,72381784.0,1175764736.0
2013-07-23,130.76,134.73,132.06,129.38,26914256.0,411694464.0
2013-07-22,123.27,132.66,130.42,122.32,19340504.0,290375904.0
2013-07-19,127.4,130.85,124.13,123.1,20142518.0,298634976.0
2013-07-18,121.03,129.73,128.26,120.51,20278116.0,296365600.0
2013-07-17,126.46,126.46,121.63,121.29,12450421.0,178919296.0
2013-07-16,124.56,127.83,126.11,123.36,14969745.0,218558192.0
2013-07-15,120.77,124.73,124.56,119.56,17144382.0,244270544.0
2013-07-12,119.48,122.15,118.44,118.27,11913009.0,166133600.0
2013-07-11,115.77,120.51,119.48,115.43,13336918.0,183633616.0
2013-07-10,110.09,115.43,115.17,110.0,9326464.0,122783816.0
2013-07-09,110.61,111.64,109.83,108.62,4941193.0,63173640.0
2013-07-08,113.88,113.88,110.69,110.52,7460633.0,96961784.0
2013-07-05,116.81,118.36,116.12,115.43,7619541.0,103543216.0
2013-07-04,115.26,117.58,116.12,113.71,8947445.0,120570360.0
2013-07-03,116.12,116.12,115.78,113.19,8844822.0,117912856.0
2013-07-02,115.0,117.84,116.72,113.97,10086004.0,135958240.0
2013-07-01,113.79,115.26,115.0,111.98,7982194.0,105437200.0
2013-06-28,111.98,115.0,113.88,111.12,11644355.0,153414048.0
2013-06-27,113.28,114.14,111.04,110.26,11097093.0,144479376.0
2013-06-26,109.66,113.1,112.76,108.11,12648510.0,162829968.0
2013-06-25,108.97,110.61,109.92,99.75,13352731.0,164527536.0
2013-06-24,116.03,116.46,109.92,108.8,12062430.0,156551248.0
2013-06-21,115.69,117.67,116.46,114.91,8098631.0,109280056.0
2013-06-20,121.37,122.49,118.53,117.5,9396118.0,131059032.0
2013-06-19,122.84,123.36,122.49,120.6,9504913.0,134776496.0
2013-06-18,120.25,124.47,123.44,120.17,13798127.0,196561552.0
2013-06-17,118.88,121.03,119.82,117.33,8545032.0,118566224.0
2013-06-14,118.01,119.31,118.96,116.64,8545255.0,117405368.0
2013-06-13,120.6,120.69,117.67,115.26,8744047.0,119281800.0
2013-06-07,124.3,125.42,122.75,121.11,10386458.0,148256288.0
2013-06-06,125.77,126.2,124.22,124.13,7767767.0,112780184.0
2013-06-05,126.8,127.83,126.37,124.47,10089928.0,147621936.0
2013-06-04,131.97,131.97,126.89,125.94,20645880.0,306664928.0
2013-06-03,130.33,133.35,132.23,130.07,16951926.0,259211184.0
2013-05-31,135.5,136.19,130.33,129.9,24834048.0,381184768.0
2013-05-30,136.79,137.4,135.5,134.64,14569337.0,229521776.0
2013-05-29,133.52,138.26,136.45,133.43,22749160.0,360310752.0
2013-05-28,135.24,135.76,133.35,131.02,16196471.0,249893856.0
2013-05-27,134.38,137.31,134.81,133.09,23755884.0,372603296.0
2013-05-24,129.21,135.16,134.55,128.78,33746592.0,515908256.0
2013-05-23,127.49,130.94,128.26,127.32,18522944.0,278025728.0
2013-05-22,129.64,131.62,127.83,126.97,17495744.0,262195168.0
2013-05-21,126.54,131.71,130.68,125.51,28734860.0,430259584.0
2013-05-20,125.94,127.06,126.28,125.42,16572737.0,242997312.0
2013-05-17,123.53,126.46,125.59,122.49,17770656.0,258202160.0
2013-05-16,118.88,123.7,123.36,118.19,14695078.0,207966800.0
2013-05-15,116.81,118.53,118.53,116.72,5250500.0,71862312.0
2013-05-14,120.0,120.0,116.55,115.86,6888473.0,94120880.0
2013-05-13,118.39,120.06,119.31,117.22,11319596.0,160886480.0
2013-05-10,116.72,118.39,117.89,116.05,10548745.0,148329936.0
2013-05-09,116.22,116.55,116.22,114.8,8247579.0,114394080.0
2013-05-08,115.72,116.38,116.13,115.21,10557241.0,146539424.0
2013-05-07,115.63,115.8,114.96,113.88,7728380.0,106205712.0
2013-05-06,112.63,115.72,115.38,112.54,10519479.0,144495600.0
2013-05-03,110.29,113.04,112.54,109.79,10282365.0,138165312.0
2013-05-02,109.87,109.95,109.62,108.53,5821192.0,76172336.0
2013-04-26,111.87,112.63,109.7,109.37,4692916.0,62265788.0
2013-04-25,112.38,113.71,111.79,110.54,7498978.0,100730632.0
2013-04-24,109.37,112.79,112.38,109.37,7769621.0,103528192.0
2013-04-23,114.71,114.71,109.2,108.87,11900892.0,158247392.0
2013-04-22,113.38,115.72,114.38,112.79,9456633.0,129898560.0
2013-04-19,111.71,114.3,114.13,111.71,9821449.0,133291312.0
2013-04-18,111.62,112.63,111.54,110.2,4866180.0,65022884.0
2013-04-17,109.79,112.38,111.54,109.12,7260296.0,96044280.0
2013-04-16,107.53,110.29,109.62,106.45,6741290.0,87734216.0
2013-04-15,110.96,110.96,108.28,108.12,9258390.0,120562000.0
2013-04-12,114.21,115.05,111.04,110.79,8895677.0,120433192.0
2013-04-11,119.31,119.31,114.55,114.38,10834731.0,151189840.0
2013-04-10,116.05,119.72,117.55,116.05,10582847.0,149368144.0
2013-04-09,115.38,116.72,115.8,114.55,6219867.0,86386512.0
2013-04-08,113.46,115.13,114.96,111.54,9263112.0,125709784.0
2013-04-03,116.05,117.3,115.8,114.71,5697854.0,79202496.0
2013-04-02,119.72,120.31,115.55,114.96,9685853.0,136280800.0
2013-04-01,118.3,119.89,119.22,118.22,5785243.0,82402008.0
2013-03-29,118.14,119.14,118.14,117.72,4816594.0,68226088.0
2013-03-28,121.06,121.06,118.14,117.72,9646861.0,136839104.0
2013-03-27,121.47,122.98,121.73,120.81,10008319.0,145846528.0
2013-03-26,123.73,123.98,121.56,120.56,7443562.0,108260312.0
2013-03-25,124.81,125.73,123.65,123.31,8195865.0,121879160.0
2013-03-22,125.82,127.99,124.81,124.48,12810596.0,193458016.0
2013-03-21,123.73,125.82,124.48,123.39,8839380.0,132093536.0
2013-03-20,120.31,124.15,123.9,119.64,9659278.0,142025568.0
2013-03-19,118.22,120.39,120.31,117.55,6719564.0,95662096.0
2013-03-18,121.89,121.89,118.47,118.22,8737101.0,125546808.0
2013-03-15,121.89,124.73,121.98,120.47,9772760.0,143856864.0
2013-03-14,122.73,124.15,121.06,120.31,9689545.0,141831056.0
2013-03-13,126.73,126.82,123.31,122.56,13394676.0,199038752.0
2013-03-12,132.33,132.91,127.24,125.73,16543249.0,254498224.0
2013-03-11,132.58,134.16,132.08,131.49,11622681.0,184625008.0
2013-03-08,133.0,134.08,131.83,131.58,9854165.0,156614960.0
2013-03-07,134.92,135.08,132.83,129.91,22637868.0,359649280.0
2013-03-06,129.16,137.59,134.67,128.91,35807644.0,571799808.0
2013-03-05,128.32,129.41,128.66,126.32,20796700.0,319264800.0
2013-03-04,130.66,133.5,128.57,127.49,21377802.0,334996480.0
2013-03-01,130.83,132.16,131.74,129.07,16381837.0,256769760.0
2013-02-28,129.16,130.91,130.91,127.24,13211073.0,205246848.0
2013-02-27,128.57,129.57,128.57,127.15,8075783.0,123959672.0
2013-02-26,127.49,130.16,127.32,126.57,10933661.0,168121392.0
2013-02-25,129.41,131.08,128.74,126.73,12353193.0,190293584.0
2013-02-22,130.66,133.41,129.24,128.99,13312233.0,209132000.0
2013-02-21,133.33,133.41,131.24,129.41,16048398.0,252277664.0
2013-02-20,132.41,135.42,134.58,132.33,14311696.0,229491072.0
2013-02-19,135.25,136.67,131.58,131.08,15093220.0,240730656.0
2013-02-18,137.09,138.17,136.17,134.16,25629474.0,418400544.0
2013-02-08,130.74,134.08,133.5,130.57,21643476.0,344119584.0
2013-02-07,129.41,131.33,130.41,127.23,14737284.0,229164432.0
2013-02-06,127.9,131.66,129.49,127.9,15206654.0,237193616.0
2013-02-05,125.31,127.74,127.57,124.81,9686542.0,147179104.0
2013-02-04,129.49,130.74,126.32,126.07,16583777.0,253698752.0
2013-02-01,128.99,130.16,129.16,127.9,12466751.0,192409680.0
2013-01-31,130.66,131.49,129.32,128.82,15107215.0,234315600.0
2013-01-30,128.66,132.16,131.08,128.24,25948328.0,405686368.0
2013-01-29,129.24,129.41,128.74,127.24,17240808.0,264643360.0
2013-01-28,125.65,129.32,128.99,125.65,17162182.0,263126880.0
2013-01-25,126.48,127.57,125.4,124.48,11158795.0,167762816.0
2013-01-24,126.65,131.49,126.82,124.48,26162756.0,402062272.0
2013-01-23,125.23,126.82,126.32,124.06,14516403.0,218448512.0
2013-01-22,129.41,129.41,126.07,124.65,15896674.0,241477952.0
2013-01-21,128.41,129.41,129.24,127.15,12322724.0,189742752.0
2013-01-18,127.74,128.66,127.49,125.73,13893889.0,212409408.0
2013-01-17,132.58,132.58,127.15,126.23,25034740.0,384764736.0
2013-01-16,129.07,133.16,132.83,127.4,34019716.0,531162944.0
2013-01-15,130.24,134.67,129.41,128.24,49972196.0,782252160.0
2013-01-14,118.72,129.66,129.41,118.72,46735184.0,701130944.0
2013-01-11,121.22,124.48,119.64,118.97,23511566.0,343843872.0
2013-01-10,121.06,123.14,121.31,119.97,13971922.0,203641664.0
2013-01-09,122.98,123.31,120.97,119.81,15031167.0,218850144.0
2013-01-08,120.56,123.65,122.98,120.39,17945568.0,263108640.0
2013-01-07,120.72,121.64,120.39,118.97,16158350.0,232676208.0
2013-01-04,124.9,125.23,121.06,119.89,18891452.0,275708512.0
2012-12-31,119.64,123.9,123.73,119.47,23118420.0,337118016.0
2012-12-28,118.47,119.81,119.47,117.47,13632596.0,193768112.0
2012-12-27,118.55,120.72,118.55,117.22,19966940.0,284749472.0
2012-12-26,116.13,118.64,118.55,114.71,21687696.0,301825216.0
2012-12-25,111.71,115.8,115.55,111.54,21486992.0,294058208.0
2012-12-24,114.3,115.55,111.87,111.79,13966852.0,189918048.0
2012-12-21,114.71,117.13,114.3,113.79,9506191.0,130994056.0
2012-12-20,113.96,115.46,115.13,112.71,8618583.0,117758200.0
2012-12-19,112.12,114.13,112.71,111.87,6540792.0,88813520.0
2012-12-18,113.04,114.38,112.12,111.71,8976374.0,121624840.0
2012-12-17,111.71,114.71,112.88,111.21,13996462.0,189973600.0
2012-12-14,106.45,111.87,111.21,106.28,15479426.0,203608864.0
2012-12-13,107.37,108.03,106.28,106.03,5281741.0,67746032.0
2012-12-12,107.95,108.87,107.78,106.36,5734251.0,73885592.0
2012-12-11,109.37,109.87,108.37,108.28,6571140.0,85716840.0
2012-12-10,107.62,110.79,109.87,107.28,9589497.0,125541008.0
2012-12-07,105.19,107.53,107.28,104.78,10369103.0,132256016.0
2012-12-06,106.11,107.28,105.03,104.94,8342441.0,105969808.0
2012-12-05,101.86,106.53,105.78,101.69,11721807.0,147575488.0
2012-12-04,98.1,103.28,102.69,97.6,8465984.0,101597776.0
2012-12-03,101.27,102.27,97.93,97.68,6136079.0,73317728.0
2012-11-30,99.85,101.44,101.02,99.85,5510796.0,66533840.0
2012-11-29,100.6,101.1,99.6,99.43,3814843.0,45761036.0
2012-11-28,101.69,102.44,100.02,100.02,5180686.0,62582700.0
2012-11-27,106.11,106.11,102.44,102.44,5338395.0,66257156.0
2012-11-26,108.37,108.37,106.53,106.45,3916569.0,50180868.0
2012-11-23,108.37,108.78,108.37,107.87,3869610.0,50243080.0
2012-11-22,108.7,108.7,107.7,107.53,2633805.0,34093600.0
2012-11-21,107.87,109.29,109.12,106.86,4961526.0,64278768.0
2012-11-20,109.03,109.29,107.78,107.37,3590311.0,46525720.0
2012-11-19,108.7,108.95,108.78,107.2,5205317.0,67341536.0
2012-11-16,109.95,109.95,108.37,107.62,5731076.0,74342152.0
2012-11-15,112.29,112.71,110.12,109.87,3797912.0,50622280.0
2012-11-14,112.71,113.21,112.88,111.46,3555270.0,47832132.0
2012-11-13,116.47,116.47,112.54,112.21,7220555.0,98005416.0
2012-11-12,115.88,116.97,116.3,115.3,3833145.0,53291104.0
2012-11-09,118.55,119.05,115.63,114.96,8907030.0,124316592.0
2012-11-08,120.97,121.39,118.55,118.39,5843873.0,84008368.0
2012-11-07,122.64,122.81,122.14,121.47,3594626.0,52521388.0
2012-11-06,123.48,123.56,121.98,120.81,7027530.0,102584928.0
2012-11-05,124.31,125.06,123.31,122.31,8522320.0,125731104.0
2012-11-02,125.15,125.65,124.48,122.81,8005852.0,119037136.0
2012-11-01,123.31,125.57,124.9,122.56,9894585.0,147353952.0
2012-10-31,122.89,123.4,123.14,122.64,3007047.0,44294280.0
2012-10-30,123.56,123.98,122.81,122.23,3954485.0,58228232.0
2012-10-29,124.48,124.98,123.23,122.89,5122708.0,75972240.0
2012-10-26,126.99,127.07,125.06,124.31,6193811.0,93034848.0
2012-10-25,126.4,127.49,126.23,125.98,5749905.0,87222544.0
2012-10-24,125.4,126.65,126.23,125.4,5209722.0,78680536.0
2012-10-23,129.99,130.07,126.32,125.9,16940808.0,258621888.0
2012-10-22,131.49,132.75,129.99,128.99,17950420.0,280819392.0
2012-10-19,129.91,129.99,129.24,127.99,5399952.0,83448472.0
2012-10-18,127.65,129.99,129.66,127.07,8337041.0,128444824.0
2012-10-17,127.32,127.82,127.07,125.73,3173462.0,48201144.0
2012-10-16,126.9,128.32,127.07,126.32,4013814.0,61218084.0
2012-10-15,128.91,129.24,126.9,126.15,3883757.0,59316400.0
2012-10-12,130.07,131.08,128.49,128.15,3176204.0,49169108.0
2012-10-11,131.83,131.83,128.99,128.91,4965040.0,77368200.0
2012-10-10,132.0,132.66,131.91,130.83,3714884.0,58599392.0
2012-10-09,130.07,132.58,132.33,128.99,5287681.0,83456928.0
2012-10-08,130.66,131.16,129.74,129.07,4244357.0,66052140.0
2012-09-28,127.32,130.07,129.74,126.82,5196168.0,80335480.0
2012-09-27,125.65,129.16,127.99,125.23,5480568.0,83718120.0
2012-09-26,126.65,127.24,125.48,123.9,4128493.0,61990700.0
2012-09-25,126.9,127.57,126.82,125.15,3796600.0,57510844.0
2012-09-24,125.73,127.57,126.57,124.4,3493409.0,52751800.0
2012-09-21,128.99,129.41,126.32,125.32,8428315.0,128156752.0
2012-09-20,132.75,133.25,128.82,128.57,6147914.0,96117848.0
2012-09-19,132.5,133.33,132.66,131.66,4284952.0,68078952.0
2012-09-18,132.83,133.91,131.83,131.41,4697900.0,74521704.0
2012-09-17,138.67,139.84,134.0,133.83,7287676.0,119663968.0
2012-09-14,142.6,142.76,138.67,138.42,11478852.0,192428576.0
2012-09-13,141.09,145.44,141.85,140.18,21568706.0,369970720.0
2012-09-12,140.68,142.85,142.26,137.84,11180283.0,188603456.0
2012-09-11,139.76,142.76,139.26,138.42,12668562.0,212997776.0
2012-09-10,137.09,139.34,139.09,136.42,9689300.0,159946048.0
2012-09-07,132.83,140.26,136.67,132.08,13399313.0,219075968.0
2012-09-06,130.49,132.41,131.58,130.32,4433801.0,69740256.0
2012-09-05,128.07,130.57,129.91,127.57,3856126.0,59883008.0
2012-09-04,131.33,131.66,128.57,128.15,4782584.0,74554208.0
2012-09-03,130.07,131.91,131.33,129.16,6858145.0,107318776.0
2012-08-31,128.15,131.49,130.66,128.15,4054829.0,63376208.0
2012-08-30,129.57,130.24,128.49,126.65,5030899.0,77326752.0
2012-08-29,131.49,131.74,129.99,129.49,4173280.0,65220260.0
2012-08-28,130.41,132.58,131.49,130.24,3704079.0,58259216.0
2012-08-27,131.91,132.08,130.32,130.24,5688671.0,89329256.0
2012-08-24,137.92,138.26,133.25,133.16,5876356.0,94914632.0
2012-08-23,140.68,141.09,138.51,137.59,4699998.0,78221248.0
2012-08-22,143.35,143.6,140.26,139.34,4933800.0,83574296.0
2012-08-21,143.18,144.35,143.52,141.93,5527398.0,94874832.0
2012-08-20,141.01,143.18,142.35,139.43,3103709.0,52565124.0
2012-08-17,140.59,142.51,141.43,138.84,2491678.0,42014680.0
2012-08-16,141.09,143.18,140.59,139.93,2409606.0,40774456.0
2012-08-15,144.69,144.69,141.01,140.93,4689193.0,80449136.0
2012-08-14,141.93,143.77,143.35,140.43,6200592.0,105570640.0
2012-08-13,142.76,142.76,140.43,140.34,4094328.0,69311192.0
2012-08-10,144.94,144.94,143.52,142.01,5251639.0,90170800.0
2012-08-09,145.02,145.1,144.94,142.76,5684974.0,98210168.0
2012-08-08,142.76,145.44,144.18,142.43,5749710.0,99176696.0
2012-08-07,140.84,145.19,143.27,140.68,8126845.0,139413520.0
2012-08-06,137.09,141.35,140.51,136.5,6442405.0,107589152.0
2012-08-03,136.59,137.34,137.0,134.08,5013859.0,81446248.0
2012-08-02,138.42,138.42,136.09,134.75,3676011.0,60099852.0
2012-08-01,135.0,138.17,138.01,134.5,4907798.0,80668080.0
2012-07-31,137.67,138.17,134.92,134.58,3292470.0,53647692.0
2012-07-30,135.5,138.42,137.09,135.5,4465620.0,73398624.0
2012-07-27,138.34,139.18,135.84,133.75,6063806.0,98551856.0
2012-07-26,141.93,141.93,136.67,136.09,15865837.0,263565856.0
2012-07-25,132.75,134.33,133.33,131.66,3610349.0,57569464.0
2012-07-24,129.74,133.66,133.33,128.74,4451560.0,70175240.0
2012-07-23,131.75,132.91,130.24,129.99,3630164.0,57008124.0
2012-07-20,131.91,134.75,132.91,131.08,4348068.0,69327504.0
2012-07-19,132.5,134.33,132.66,130.74,6310146.0,100225952.0
2012-07-18,128.49,133.16,132.83,127.24,7314066.0,113993064.0
2012-07-17,131.91,132.5,128.41,126.57,11663297.0,179552624.0
2012-07-16,137.5,137.84,132.0,132.0,8207098.0,131085048.0
2012-07-13,141.76,142.26,137.34,137.09,8651884.0,144404928.0
2012-07-12,142.1,142.51,142.1,138.67,7487131.0,125978560.0
2012-07-11,141.93,142.93,142.1,140.93,3248294.0,55271244.0
2012-07-10,142.18,143.52,141.85,141.76,3083262.0,52626024.0
2012-07-09,148.61,148.61,141.93,141.68,5559022.0,95935328.0
2012-07-06,148.53,149.86,148.61,146.1,3374719.0,59857628.0
2012-07-05,152.53,152.78,147.61,147.52,4030760.0,71818216.0
2012-07-04,152.78,153.95,152.45,151.95,2217147.0,40591596.0
2012-07-03,152.87,154.7,152.53,151.62,2822810.0,51823048.0
2012-07-02,156.96,156.96,153.37,152.62,6848398.0,126370656.0
2012-06-29,149.28,158.54,157.88,148.19,5244043.0,96085872.0
2012-06-28,150.11,150.28,149.44,148.28,3674665.0,65663412.0
2012-06-27,150.03,151.28,149.19,148.19,3628174.0,65018228.0
2012-06-26,153.37,153.62,150.11,147.11,5065141.0,91218824.0
2012-06-25,160.3,160.3,153.95,153.7,5980775.0,112908256.0
2012-06-21,161.13,161.55,161.05,159.04,4340945.0,83245664.0
2012-06-20,160.55,162.47,161.38,160.05,4956774.0,95796288.0
2012-06-19,160.97,161.88,160.3,159.55,5030443.0,96741664.0
2012-06-18,160.72,161.55,160.97,158.63,4717107.0,90610800.0
2012-06-15,159.3,160.21,159.3,158.21,4424166.0,84235984.0
2012-06-14,161.72,161.72,159.04,157.38,5310239.0,101541320.0
2012-06-13,160.3,162.8,161.72,159.88,5322626.0,102791136.0
2012-06-12,161.05,161.05,160.55,156.29,5945773.0,112865624.0
2012-06-11,162.05,162.38,161.3,160.38,6182678.0,119483216.0
2012-06-08,162.63,162.63,160.88,159.88,4629826.0,89436264.0
2012-06-07,162.3,162.8,160.97,160.13,4599709.0,89060304.0
2012-06-06,161.13,163.22,160.55,159.71,4001474.0,77311632.0
2012-06-05,160.3,163.8,160.21,159.63,6913186.0,134124872.0
2012-06-04,161.13,162.63,160.97,158.63,7436746.0,143078000.0
2012-06-01,164.31,165.47,163.97,162.13,5050289.0,99109872.0
2012-05-31,162.89,165.64,164.31,161.97,3606459.0,70779168.0
2012-05-30,166.56,167.48,163.8,163.22,7674082.0,151743600.0
2012-05-29,166.39,168.06,166.73,164.72,12943370.0,257865104.0
2012-05-28,163.22,166.56,166.39,158.71,5469104.0,107183688.0
2012-05-25,164.14,165.47,163.22,162.47,3225086.0,63370444.0
2012-05-24,163.22,165.64,163.89,163.22,3797004.0,74708160.0
2012-05-23,164.97,165.39,163.97,162.8,4106174.0,80667792.0
2012-05-22,160.88,165.56,164.89,160.55,7151097.0,140594064.0
2012-05-21,156.96,160.46,160.38,156.12,5362589.0,102171088.0
2012-05-18,162.63,163.05,156.71,155.96,7063724.0,134475248.0
2012-05-17,161.47,164.56,163.55,161.47,3556598.0,69452832.0
2012-05-16,164.81,164.81,161.88,161.72,4210546.0,82096672.0
2012-05-15,164.22,166.47,166.06,161.13,5679191.0,110979864.0
2012-05-14,166.81,167.14,165.64,165.06,4827992.0,95991520.0
2012-05-11,166.62,167.36,165.31,164.99,5562244.0,112875704.0
2012-05-10,166.78,167.44,166.38,165.15,6505106.0,132439552.0
2012-05-09,168.42,168.75,165.64,164.82,9752984.0,198359312.0
2012-05-08,170.79,172.18,170.06,169.16,12467544.0,260297184.0
2012-05-07,168.34,170.55,170.3,167.93,10834759.0,224614368.0
2012-05-04,167.36,169.56,169.48,166.78,10138357.0,208481760.0
2012-05-03,167.77,169.65,166.78,165.89,8894391.0,182215024.0
2012-05-02,167.36,168.91,167.77,165.31,12144829.0,249011104.0
2012-04-27,161.31,166.38,164.99,160.0,10347356.0,206566336.0
2012-04-25,161.47,161.96,160.65,159.02,6503777.0,127622176.0
2012-04-24,164.82,167.03,161.06,158.61,11884732.0,236620400.0
2012-04-23,162.12,166.21,164.99,161.8,11249519.0,225868640.0
2012-04-20,160.74,162.29,162.12,160.16,5877335.0,116029448.0
2012-04-19,163.27,163.27,162.12,161.31,4074959.0,80877280.0
2012-04-18,160.65,163.51,163.03,159.18,7073504.0,140044080.0
2012-04-17,163.35,163.6,159.51,159.1,6103596.0,120340320.0
2012-04-16,160.65,164.41,163.03,159.92,7471677.0,148717456.0
2012-04-13,162.37,162.62,161.55,159.84,6853990.0,135253104.0
2012-04-12,157.87,162.37,161.8,157.55,9698630.0,190740624.0
2012-04-11,154.52,158.61,157.79,153.79,8717668.0,167772480.0
2012-04-10,153.79,156.32,156.24,151.25,6432707.0,121462224.0
2012-04-09,154.93,156.24,154.11,152.97,4085960.0,77234720.0
2012-04-06,155.42,156.81,155.5,153.7,5453460.0,103598664.0
2012-04-05,149.37,155.67,154.52,149.37,8780862.0,165023760.0
2012-03-30,150.68,152.07,149.29,148.15,6139611.0,112420744.0
2012-03-29,156.65,156.65,150.68,150.43,17895588.0,333463712.0
2012-03-28,161.47,161.88,157.79,157.47,11952538.0,232481424.0
2012-03-27,160.08,163.43,162.62,159.02,18918836.0,373603968.0
2012-03-26,160.74,161.47,159.18,157.3,6767981.0,131514736.0
2012-03-23,162.45,162.45,160.9,159.02,6895698.0,135478848.0
2012-03-22,159.51,164.33,162.53,158.04,14747180.0,290611296.0
2012-03-21,159.43,160.25,157.14,155.99,9730281.0,188137808.0
2012-03-20,162.37,162.37,158.45,158.28,9568109.0,186985152.0
2012-03-19,162.29,162.53,162.37,158.94,14208675.0,279649152.0
2012-03-16,160.98,163.11,162.53,157.79,17641468.0,347710144.0
2012-03-15,165.15,167.6,160.57,159.84,16674589.0,332012864.0
2012-03-14,175.62,176.76,165.72,165.15,19397428.0,408020832.0
2012-03-13,173.08,174.88,174.72,172.84,12168150.0,259123456.0
2012-03-12,173.57,174.8,173.57,171.12,17459324.0,369889440.0
2012-03-09,169.32,173.74,173.74,167.44,22180000.0,460919744.0
2012-03-08,169.65,170.63,168.5,167.36,17987154.0,371901344.0
2012-03-07,171.12,171.12,168.99,167.28,19057176.0,394077472.0
2012-03-06,183.14,183.14,173.25,172.18,24969082.0,532812448.0
2012-03-05,187.88,188.45,183.46,183.14,10236070.0,232467408.0
2012-03-02,185.59,187.22,187.06,184.61,6817089.0,154939968.0
2012-03-01,184.77,187.88,185.26,184.12,3497548.0,79409640.0
2012-02-29,189.27,189.27,185.1,185.02,3655867.0,83424416.0
2012-02-28,183.87,189.43,189.27,183.3,9850692.0,225532896.0
2012-02-27,184.28,188.78,184.61,184.12,10710643.0,243395648.0
2012-02-24,184.77,185.1,183.71,181.5,6919367.0,154943584.0
2012-02-23,183.87,186.08,184.94,182.48,8199035.0,184342768.0
2012-02-22,178.97,184.77,184.69,177.0,8591325.0,190375296.0
2012-02-21,178.48,179.29,179.21,175.86,4243456.0,92149496.0
2012-02-20,184.36,185.51,178.56,177.09,5660199.0,124542112.0
2012-02-17,180.93,182.07,181.18,176.43,3857830.0,84505184.0
2012-02-16,182.07,182.81,179.78,177.5,6478544.0,142948048.0
2012-02-15,173.24,181.34,181.18,172.1,9167338.0,199112000.0
2012-02-14,169.65,177.33,173.82,169.65,12941020.0,275372736.0
2012-02-13,165.15,169.97,168.42,164.74,2617896.0,53890900.0
2012-02-10,168.42,170.55,167.44,165.89,4489138.0,92199352.0
2012-02-09,168.5,171.69,169.65,167.52,6823044.0,141405744.0
2012-02-08,160.41,172.51,168.5,159.75,7151162.0,145715056.0
2012-02-07,160.65,161.72,161.39,155.91,3549587.0,68926256.0
2012-02-06,161.88,162.04,161.23,159.18,3315416.0,65107084.0
2012-02-03,155.83,159.51,158.77,153.95,6108577.0,117412584.0
2012-02-02,152.81,155.91,155.83,151.25,4864891.0,91218960.0
2012-02-01,156.73,157.63,151.99,151.25,8139466.0,152991456.0
2012-01-31,162.37,163.35,157.14,154.6,5285763.0,101894128.0
2012-01-30,165.56,165.97,161.8,160.25,2912149.0,58064792.0
2012-01-20,161.63,167.19,165.31,161.55,5062476.0,101774352.0
2012-01-19,156.57,162.94,161.55,156.32,5167709.0,101740888.0
2012-01-18,165.64,165.8,158.12,157.96,5916592.0,116943280.0
2012-01-17,156.65,166.21,165.72,152.72,10177916.0,198589200.0
2012-01-16,158.2,163.11,157.63,154.52,5646849.0,108483512.0
2012-01-13,163.51,163.92,160.9,152.72,8604210.0,166825680.0
2012-01-12,161.72,166.46,163.02,161.63,6036112.0,120962016.0
2012-01-11,163.11,168.01,164.09,159.92,8483275.0,170413472.0
2012-01-10,150.11,166.95,163.43,149.21,12492074.0,240919792.0
2012-01-09,147.25,151.91,151.74,143.73,8799331.0,159015408.0
2012-01-06,147.49,147.65,147.25,143.08,5181024.0,91805440.0
2012-01-05,156.16,156.16,147.25,145.94,10896825.0,198561392.0
2012-01-04,168.42,168.42,157.47,157.06,3667593.0,73278472.0
