date,open,high,close,low,volume,amount
2015-07-10,91.56,91.56,91.56,88.55,3788543.0,113261696.0
2015-07-09,75.77,83.24,83.24,75.77,8664521.0,233190528.0
2015-07-08,74.42,82.69,75.67,74.42,37504068.0,944538112.0
2015-07-07,88.45,91.9,82.69,82.69,15452046.0,432985952.0
2015-07-06,93.52,93.52,91.87,80.22,19959266.0,583039488.0
2015-07-03,85.4,97.3,85.01,79.64,18242432.0,506836832.0
2015-07-02,98.18,102.3,88.48,88.42,15775869.0,502033184.0
2015-07-01,106.63,110.11,97.94,97.64,12235914.0,426850848.0
2015-06-30,97.3,108.28,106.08,92.69,16167903.0,535636416.0
2015-06-29,117.58,118.96,103.0,103.0,15027182.0,525368736.0
2015-06-26,122.01,124.14,114.44,114.44,11581745.0,444124992.0
2015-06-25,126.67,131.43,127.16,124.14,14200020.0,599118336.0
2015-06-24,123.99,130.18,126.58,120.79,14997161.0,614735872.0
2015-06-23,120.42,123.84,122.86,107.82,13123263.0,493656576.0
2015-06-19,122.01,130.33,119.81,118.96,13949280.0,565017344.0
2015-06-18,122.37,135.43,126.58,122.01,18100952.0,773639680.0
2015-06-17,113.5,123.84,123.65,108.86,14290786.0,542477888.0
2015-06-16,118.04,121.67,115.54,113.47,11939292.0,459189568.0
2015-06-15,111.64,122.16,119.9,111.64,16882074.0,660594432.0
2015-06-12,106.91,111.61,111.06,106.75,12328134.0,441472256.0
2015-06-11,104.65,107.97,105.69,103.98,9038029.0,312140224.0
2015-06-10,105.23,109.35,105.93,100.53,11135486.0,390716640.0
2015-06-09,102.35,110.06,105.87,102.35,14318945.0,501527552.0
2015-06-08,99.61,103.11,101.74,98.7,16018187.0,531975712.0
2015-06-05,96.76,100.01,96.76,94.45,12157661.0,390740704.0
2015-06-04,99.49,100.31,95.88,92.33,13740593.0,431822496.0
2015-06-03,103.05,103.26,99.55,98.28,12681949.0,417235968.0
2015-06-02,102.26,106.23,102.92,99.8,15301720.0,520616224.0
2015-06-01,96.58,102.35,102.2,95.15,18334694.0,599240640.0
2015-05-29,89.62,97.73,95.97,86.25,19669400.0,606039488.0
2015-05-28,92.93,98.37,90.11,89.62,24089590.0,754851392.0
2015-05-27,88.04,92.17,91.47,85.95,16175882.0,469160864.0
2015-05-26,88.01,89.56,88.04,86.56,14008093.0,406082752.0
2015-05-25,85.19,88.98,87.8,84.73,12537285.0,360072064.0
2015-05-22,84.28,86.4,85.86,83.55,12350265.0,345665216.0
2015-05-21,81.7,84.31,83.37,80.94,9117642.0,248161728.0
2015-05-20,83.22,86.1,81.88,81.64,14302271.0,395263968.0
2015-05-19,78.99,83.09,82.88,78.66,13706374.0,366051808.0
2015-05-18,77.5,79.48,78.93,76.41,7575185.0,195127552.0
2015-05-15,80.94,80.94,78.08,75.96,9296540.0,239742848.0
2015-05-14,78.72,80.78,80.45,78.2,9465960.0,248842112.0
2015-05-13,79.11,80.3,78.66,77.75,8117497.0,210927472.0
2015-05-12,78.05,79.57,78.96,77.6,8550208.0,221962464.0
2015-05-11,76.08,78.66,78.17,75.38,7200035.0,183020192.0
2015-05-08,74.59,76.23,76.08,72.58,7476821.0,182815440.0
2015-05-07,73.5,75.62,73.38,73.13,4049147.0,99135280.0
2015-05-06,75.96,76.78,74.01,73.04,5434688.0,135181584.0
2015-05-05,79.57,79.57,76.2,76.08,5263216.0,134279904.0
2015-05-04,78.39,79.75,79.69,76.78,5344215.0,137691248.0
2015-04-30,79.33,80.06,78.14,78.08,4934954.0,128676872.0
2015-04-29,77.69,79.54,79.3,77.6,4820186.0,125154416.0
2015-04-28,81.91,82.24,78.51,78.39,9891423.0,259470640.0
2015-04-27,82.58,83.64,81.85,80.78,10965297.0,296107968.0
2015-04-24,78.96,85.1,82.39,77.75,12182152.0,330471808.0
2015-04-23,80.72,81.3,80.39,79.45,8191999.0,216461312.0
2015-04-22,80.63,81.73,80.69,79.97,10191674.0,270882336.0
2015-04-21,78.96,80.88,80.51,78.39,9588656.0,251905216.0
2015-04-20,76.35,79.78,78.93,75.56,12401354.0,319601888.0
2015-04-17,75.8,77.47,75.86,75.56,7550844.0,190106576.0
2015-04-16,72.98,76.23,75.44,72.34,5224422.0,129061416.0
2015-04-15,77.47,77.75,74.32,74.13,6840858.0,170849120.0
2015-04-14,78.54,80.03,77.44,77.14,9351636.0,241791792.0
2015-04-13,76.72,79.08,78.72,75.53,9437834.0,240266000.0
2015-04-10,74.47,76.96,76.2,74.41,7644594.0,191069696.0
2015-04-09,77.9,78.02,74.53,72.89,11420214.0,282480736.0
2015-04-08,80.39,80.78,78.17,77.84,9521605.0,248101136.0
2015-04-07,80.48,80.97,80.15,79.33,8635779.0,227294000.0
2015-04-03,79.81,81.03,79.94,78.99,7155259.0,187683408.0
2015-04-02,79.72,82.91,80.36,78.54,11559096.0,308761280.0
2015-04-01,75.17,79.94,79.69,74.86,12417138.0,315230848.0
2015-03-31,74.71,75.93,74.8,74.19,7663866.0,189382384.0
2015-03-30,75.44,75.93,74.68,73.53,11983096.0,294852320.0
2015-03-27,74.38,76.53,76.32,73.8,9189885.0,228212128.0
2015-03-26,73.25,75.17,74.56,71.67,9384588.0,227568944.0
2015-03-25,73.8,74.38,73.59,72.46,9101762.0,219659136.0
2015-03-24,74.71,76.53,74.04,72.43,9961539.0,244978672.0
2015-03-23,74.41,75.26,74.92,73.71,10164157.0,248928736.0
2015-03-20,75.44,77.02,74.59,74.41,7783471.0,193477136.0
2015-03-19,74.71,75.77,75.14,74.19,8492947.0,209523472.0
2015-03-18,72.4,75.74,75.35,71.8,11098785.0,268169696.0
2015-03-17,73.56,73.56,72.4,71.58,10935782.0,260480464.0
2015-03-16,71.98,73.56,73.13,71.46,12072127.0,288084352.0
2015-03-13,72.13,73.19,71.7,70.4,8369580.0,196655584.0
2015-03-12,72.89,74.68,72.56,71.37,8496785.0,203972384.0
2015-03-11,71.1,74.07,73.44,70.03,10835446.0,256991488.0
2015-03-10,70.73,72.28,71.1,69.79,9907940.0,231513504.0
2015-03-09,69.82,71.01,70.94,68.52,10261789.0,235776656.0
2015-03-06,68.48,70.73,69.06,67.91,14231393.0,325089216.0
2015-03-05,63.78,70.0,68.15,63.5,18224752.0,405601344.0
2015-03-04,62.26,64.05,63.99,61.95,7211510.0,149431168.0
2015-03-03,63.5,63.5,62.44,62.14,6055101.0,125382168.0
2015-03-02,63.78,63.78,63.5,62.41,4973626.0,103440368.0
2015-02-27,63.2,63.66,63.23,62.65,4343393.0,90343696.0
2015-02-26,62.02,63.41,63.23,61.71,4450008.0,92226152.0
2015-02-25,62.59,62.96,62.08,61.99,3301124.0,67805280.0
2015-02-17,63.41,63.75,62.5,62.44,4862767.0,100587568.0
2015-02-16,62.71,63.78,63.5,62.05,4629457.0,95508968.0
2015-02-13,61.35,62.87,62.56,61.35,6047172.0,124162728.0
2015-02-12,61.35,61.35,61.17,60.22,3256497.0,65280172.0
2015-02-11,61.38,61.92,60.86,60.71,3618212.0,72855568.0
2015-02-10,60.47,61.38,61.35,59.86,2995049.0,59829592.0
2015-02-09,60.44,61.2,60.71,60.13,2624283.0,52398140.0
2015-02-06,61.89,62.56,60.74,60.38,4378047.0,88560656.0
2015-02-05,62.2,63.29,62.17,61.32,6483168.0,133211576.0
2015-02-04,62.87,63.59,61.65,61.59,5216517.0,106889920.0
2015-02-03,62.93,63.5,63.14,61.5,7243881.0,148611664.0
2015-02-02,64.02,65.11,63.02,62.81,6387003.0,133736848.0
2015-01-30,62.74,66.12,64.72,62.53,11039695.0,235580912.0
2015-01-29,63.75,63.75,62.84,62.62,6710893.0,139375056.0
2015-01-28,64.75,64.84,63.96,63.53,5184891.0,109425120.0
2015-01-27,64.23,66.12,64.54,63.44,10225390.0,217870960.0
2015-01-26,61.95,65.23,64.51,61.07,11333502.0,237822768.0
2015-01-23,61.13,62.68,61.83,60.41,9663618.0,196267824.0
2015-01-22,61.2,61.29,61.13,60.41,5433375.0,108880000.0
2015-01-21,58.61,61.35,61.26,58.55,9597953.0,190656944.0
2015-01-20,57.7,58.65,58.55,57.4,4361760.0,83423240.0
2015-01-19,58.55,60.13,57.28,56.79,7087981.0,136991472.0
2015-01-16,60.01,60.56,60.38,59.25,4229206.0,83690016.0
2015-01-15,59.37,60.62,59.98,59.1,5822520.0,115049000.0
2015-01-14,58.8,59.53,59.49,58.19,3806400.0,73842504.0
2015-01-13,58.25,59.19,58.77,57.61,2874434.0,55250784.0
2015-01-12,57.89,58.49,57.95,56.67,4200438.0,79644248.0
2015-01-09,59.07,60.1,57.92,57.85,4035967.0,78574768.0
2015-01-08,58.98,60.1,59.01,58.83,4078726.0,79788080.0
2015-01-07,59.77,59.83,59.1,58.8,4021007.0,78396320.0
2015-01-06,57.79,60.19,59.62,57.55,7584233.0,147912800.0
2015-01-05,56.12,58.58,58.19,56.12,6408268.0,121583032.0
2014-12-31,55.67,56.16,56.06,55.43,2180915.0,40064152.0
2014-12-30,55.24,56.49,55.55,55.24,2670903.0,49105460.0
2014-12-29,56.76,56.76,55.4,55.06,5349105.0,97907792.0
2014-12-26,56.43,57.4,56.76,56.19,3884723.0,72437816.0
2014-12-25,56.19,56.85,56.58,55.79,2949867.0,54701664.0
2014-12-24,55.21,56.43,56.19,55.21,3514536.0,64746460.0
2014-12-23,55.55,56.49,54.94,54.64,5285805.0,96411736.0
2014-12-22,59.77,59.77,55.85,55.76,8080516.0,152847968.0
2014-12-19,58.77,60.41,59.53,58.67,6507760.0,127555344.0
2014-12-18,58.19,59.22,58.43,58.07,5261944.0,101819424.0
2014-12-17,59.68,59.89,58.37,57.85,6975708.0,134212328.0
2014-12-16,60.44,60.83,59.65,59.37,5491136.0,108316512.0
2014-12-15,59.16,60.65,60.44,58.77,6185242.0,121859744.0
2014-12-12,59.53,59.83,59.19,58.55,4822455.0,94081112.0
2014-12-11,58.46,59.53,59.4,57.85,7716007.0,149531472.0
2014-12-10,56.82,58.67,58.31,56.82,5835528.0,111263672.0
2014-12-09,58.01,59.65,56.79,56.76,9390349.0,179485776.0
2014-12-08,58.07,58.86,58.31,56.79,7242665.0,138434624.0
2014-12-05,61.01,61.01,58.1,57.1,10385168.0,202006096.0
2014-12-04,61.04,61.83,61.13,60.59,9203300.0,184984992.0
2014-12-03,60.1,61.38,60.86,59.68,8705988.0,173785472.0
2014-12-02,59.34,60.35,60.13,58.92,5790100.0,114099264.0
2014-12-01,60.41,60.41,59.47,58.52,7059636.0,137906368.0
2014-11-28,59.53,61.13,60.5,59.28,8876772.0,176435344.0
2014-11-27,61.32,61.41,59.92,59.71,11496769.0,228610160.0
2014-11-26,62.11,63.23,61.35,60.98,6844315.0,139100560.0
2014-11-25,60.83,62.84,62.29,60.68,9622175.0,194615840.0
2014-11-24,62.02,62.41,61.17,60.77,9174038.0,185112528.0
2014-11-21,62.29,63.14,61.95,61.35,5186714.0,105903872.0
2014-11-20,61.92,62.56,62.29,61.01,5930117.0,120336448.0
2014-11-19,59.71,63.02,62.38,58.98,10418284.0,210811616.0
2014-11-18,60.07,60.71,59.74,58.95,7015401.0,137585968.0
2014-11-17,60.77,63.26,60.44,59.89,12506878.0,253298480.0
2014-11-14,57.25,62.56,60.56,57.19,13871111.0,273903264.0
2014-11-13,58.28,58.28,57.31,56.67,6150652.0,116405424.0
2014-11-12,56.43,58.46,58.31,56.25,9673795.0,183817216.0
2014-11-11,55.58,57.52,57.01,55.49,13222364.0,246216160.0
2014-11-10,55.21,55.73,55.52,54.82,3690734.0,67247536.0
2014-11-07,55.82,56.4,54.82,54.73,5452140.0,99935984.0
2014-11-06,55.15,56.06,55.82,54.76,4013641.0,73506832.0
2014-11-05,55.52,55.52,54.97,54.67,4610495.0,83437720.0
2014-11-04,56.49,57.07,55.46,55.18,4749826.0,87354016.0
2014-11-03,56.34,57.4,56.49,56.09,5888642.0,110065512.0
2014-10-31,55.7,56.67,55.91,55.55,4364558.0,80632232.0
2014-10-30,56.19,56.46,55.79,55.55,4840565.0,89142616.0
2014-10-29,55.3,56.19,56.16,55.03,7133888.0,130797480.0
2014-10-28,54.85,55.46,55.24,54.52,5292495.0,95971648.0
2014-10-27,53.5,55.65,55.47,53.28,5430681.0,96705944.0
2014-10-24,53.34,54.11,53.5,52.91,3403564.0,59189184.0
2014-10-23,54.6,54.88,53.1,52.97,4895007.0,85535216.0
2014-10-22,55.71,56.05,54.82,54.76,3957475.0,71132832.0
2014-10-21,56.45,56.57,55.9,55.4,3586418.0,65332596.0
2014-10-20,55.22,56.7,56.6,55.22,4891810.0,89394976.0
2014-10-17,55.37,55.99,55.31,54.39,4725143.0,84533064.0
2014-10-16,56.02,56.63,55.5,55.37,4431940.0,80803936.0
2014-10-15,56.11,56.76,56.02,54.82,6044951.0,109830016.0
2014-10-14,56.91,57.68,56.05,55.99,4738762.0,87308904.0
2014-10-13,57.06,57.62,56.85,56.14,4891717.0,90112144.0
2014-10-10,58.63,58.63,57.16,56.79,7168990.0,134516736.0
2014-10-09,58.91,60.3,58.76,58.45,10133337.0,195274784.0
2014-10-08,58.63,58.82,58.82,57.77,4833623.0,91803968.0
2014-09-30,58.33,58.73,58.54,58.2,2919897.0,55492544.0
2014-09-29,58.57,58.76,58.33,57.83,3135594.0,59393480.0
2014-09-26,58.66,59.22,58.33,56.76,3641501.0,68826416.0
2014-09-25,58.48,59.46,58.66,58.48,5391500.0,103339248.0
2014-09-24,58.73,59.25,58.57,58.08,4602925.0,87839872.0
2014-09-23,58.08,59.62,58.73,57.93,4571423.0,87382064.0
2014-09-22,59.31,59.31,57.8,57.62,5470841.0,103517144.0
2014-09-19,59.03,60.23,59.49,58.54,6795646.0,131250048.0
2014-09-18,57.83,59.68,59.0,57.37,6976903.0,133660792.0
2014-09-17,56.11,59.06,57.83,56.11,9506837.0,179052752.0
2014-09-16,56.36,57.77,55.56,55.37,7646651.0,140952656.0
2014-09-15,56.14,57.03,56.63,55.8,3816272.0,70128672.0
2014-09-12,55.31,57.0,56.51,54.14,5980592.0,108266864.0
2014-09-11,56.42,56.82,55.22,54.66,5311390.0,96309896.0
2014-09-10,56.36,57.16,56.36,56.27,5036761.0,92761896.0
2014-09-09,55.03,57.19,56.33,54.91,7408510.0,135530544.0
2014-09-05,54.6,55.43,54.73,54.6,3539972.0,63164120.0
2014-09-04,54.94,55.06,54.76,54.23,3643906.0,64703124.0
2014-09-03,55.25,55.59,55.13,54.42,4889690.0,87367672.0
2014-09-02,54.97,55.37,55.19,54.42,5290664.0,94363784.0
2014-09-01,54.97,55.8,55.1,54.27,4296258.0,76866128.0
2014-08-29,54.45,55.25,54.45,54.14,3452462.0,61238672.0
2014-08-28,53.77,55.99,54.7,53.31,9047811.0,161278576.0
2014-08-27,54.02,54.08,53.37,53.07,2581677.0,44913924.0
2014-08-26,53.53,54.33,53.96,52.85,6104744.0,106648392.0
2014-08-25,51.74,53.87,53.8,51.59,6762984.0,116728184.0
2014-08-22,51.68,52.23,51.74,51.4,1866993.0,31478830.0
2014-08-21,52.54,52.54,51.59,51.07,4008338.0,67251816.0
2014-08-20,52.33,53.0,52.42,51.99,3121154.0,53387200.0
2014-08-19,52.91,53.13,52.3,51.87,3990926.0,68053000.0
2014-08-18,53.22,53.37,52.82,52.54,2392923.0,41097660.0
2014-08-15,51.47,53.0,52.88,51.31,4883590.0,83429592.0
2014-08-14,51.99,52.42,51.53,51.31,3755674.0,63027996.0
2014-08-13,52.27,52.48,52.2,51.65,2046611.0,34656640.0
2014-08-12,52.63,52.79,52.48,51.99,2802915.0,47803152.0
2014-08-11,51.07,52.6,52.51,51.07,4494979.0,76308168.0
2014-08-08,50.79,51.34,51.03,50.7,1897813.0,31484972.0
2014-08-07,51.84,52.27,50.82,50.76,2995979.0,50136908.0
2014-08-06,51.96,52.05,51.84,51.07,2657586.0,44577840.0
2014-08-05,51.47,52.6,51.96,51.16,3117158.0,52682172.0
2014-08-04,51.4,51.68,51.47,50.94,6372540.0,106269224.0
2014-08-01,52.45,52.76,51.56,51.53,3514902.0,59559704.0
2014-07-31,51.99,52.82,52.6,51.53,3112151.0,52782244.0
2014-07-30,52.36,52.6,52.05,51.44,5004669.0,84626344.0
2014-07-29,52.63,53.19,52.85,51.96,6013287.0,102693976.0
2014-07-28,51.13,52.91,52.67,51.07,7874631.0,133041304.0
2014-07-25,49.22,51.93,51.0,48.94,11087230.0,183712768.0
2014-07-24,49.03,49.96,49.59,47.68,4782465.0,75573000.0
2014-07-23,49.74,50.02,48.97,48.91,2767902.0,44494560.0
2014-07-22,49.22,50.17,49.96,48.73,5746229.0,92823728.0
2014-07-21,49.37,49.74,49.25,48.57,3182395.0,50877000.0
2014-07-18,48.27,49.44,49.16,48.14,6005038.0,95901152.0
2014-07-17,47.59,48.97,48.2,47.59,3687239.0,58028488.0
2014-07-16,48.27,48.45,47.65,47.5,1881231.0,29256268.0
2014-07-15,47.8,48.42,47.96,47.68,3129575.0,48844332.0
2014-07-14,47.62,47.84,47.8,47.01,2488183.0,38422616.0
2014-07-11,46.94,47.77,47.59,46.36,3047332.0,46614092.0
2014-07-10,46.58,47.19,46.91,46.58,2123390.0,32357538.0
2014-07-09,47.9,48.11,46.73,46.45,2654635.0,40767428.0
2014-07-08,47.93,48.36,47.9,47.28,3362354.0,52248488.0
2014-07-07,46.73,48.64,47.87,46.73,7057296.0,110410440.0
2014-07-04,47.1,47.56,46.67,46.42,2628926.0,40007904.0
2014-07-03,46.91,47.65,47.1,46.45,3765943.0,57575576.0
2014-07-02,46.3,47.19,46.91,46.3,4585191.0,69771976.0
2014-07-01,44.85,47.68,47.31,44.79,8459825.0,128160336.0
2014-06-30,44.45,44.98,44.85,44.45,1760439.0,25633892.0
2014-06-27,44.64,45.01,44.51,44.36,2080150.0,30177208.0
2014-06-26,44.39,45.19,44.64,44.39,2050118.0,29882656.0
2014-06-25,44.08,44.39,44.27,43.74,1226388.0,17604584.0
2014-06-24,43.96,44.24,44.08,43.65,1067118.0,15247418.0
2014-06-23,43.34,44.05,43.99,43.34,1146424.0,16327523.0
2014-06-20,43.19,43.38,43.34,42.98,958525.0,13460521.0
2014-06-19,43.96,44.36,43.07,42.98,2059078.0,29124680.0
2014-06-18,44.24,44.54,43.96,43.87,1081219.0,15495390.0
2014-06-17,44.82,44.98,44.24,44.21,1313696.0,19029384.0
2014-06-16,44.82,45.22,44.82,44.3,1615835.0,23566140.0
2014-06-13,44.17,44.98,44.82,44.14,2440393.0,35484592.0
2014-06-12,44.61,44.67,44.27,44.08,1267512.0,18276900.0
2014-06-11,43.99,44.7,44.58,43.87,2187792.0,31475642.0
2014-06-10,43.62,44.11,44.02,43.38,1397935.0,19848916.0
2014-06-09,43.99,44.24,43.56,43.53,915026.0,13042466.0
2014-06-06,43.99,44.17,43.99,43.62,994466.0,14210056.0
2014-06-05,43.56,44.08,43.9,43.34,1357752.0,19262704.0
2014-06-04,43.53,43.96,43.56,43.16,1090363.0,15391952.0
2014-06-03,44.17,44.42,43.59,43.16,1895652.0,27036128.0
2014-05-30,44.45,44.67,44.17,43.81,2057340.0,29541612.0
2014-05-29,45.44,45.44,44.36,44.33,1735358.0,25244302.0
2014-05-28,45.01,45.44,45.31,44.85,1462458.0,21486736.0
2014-05-27,44.61,45.44,45.25,44.33,2155544.0,31604796.0
2014-05-26,44.36,44.91,44.54,44.33,1292610.0,18724076.0
2014-05-23,45.01,45.16,44.64,44.24,1845977.0,26708456.0
2014-05-22,45.22,45.8,44.98,44.91,1232454.0,18163524.0
2014-05-21,44.85,45.38,45.22,44.02,696298.0,10165623.0
2014-05-20,44.64,45.01,44.82,44.64,717696.0,10459601.0
2014-05-19,44.58,44.58,44.51,43.07,619488.0,8867723.0
2014-05-16,43.94,44.36,44.33,43.69,837330.0,12107159.0
2014-05-15,45.24,45.24,44.03,43.94,1440548.0,21041116.0
2014-05-14,45.52,45.67,45.37,45.09,834921.0,12429672.0
2014-05-13,45.37,45.76,45.52,45.3,2633431.0,39419004.0
2014-05-12,44.67,45.49,45.3,44.45,2138780.0,31681408.0
2014-05-09,44.24,44.57,44.45,43.87,1027178.0,14904915.0
2014-05-08,44.42,44.85,44.12,43.97,1244855.0,18139944.0
2014-05-07,44.91,44.91,44.42,44.18,1225369.0,17872320.0
2014-05-06,44.15,45.15,45.0,44.0,2716565.0,39972412.0
2014-05-05,43.81,44.15,44.06,43.45,1380427.0,19841104.0
2014-04-30,43.81,44.09,43.81,43.48,1329092.0,19118262.0
2014-04-29,42.87,43.84,43.81,42.87,1809238.0,25744766.0
2014-04-28,44.3,44.33,42.87,42.63,3551926.0,50359844.0
2014-04-25,46.58,46.65,44.36,44.0,5835198.0,86663456.0
2014-04-24,46.77,47.04,46.55,46.43,1918180.0,29390224.0
2014-04-23,46.77,47.38,46.95,46.71,2660034.0,41033680.0
2014-04-22,47.19,47.47,46.71,46.49,3336609.0,51447024.0
2014-04-21,47.53,48.02,47.22,47.19,3331227.0,51959448.0
2014-04-18,48.41,48.41,47.89,47.71,3228733.0,50835800.0
2014-04-17,48.96,49.17,48.47,48.44,1969127.0,31447726.0
2014-04-16,48.93,49.08,48.84,48.44,1891208.0,30290636.0
2014-04-15,49.2,49.66,48.87,48.78,3158861.0,51026444.0
2014-04-14,48.72,49.26,49.23,48.35,2856087.0,45642360.0
2014-04-11,49.23,49.29,48.81,48.56,3088044.0,49537288.0
2014-04-10,49.11,49.48,49.26,48.78,3542173.0,57246664.0
2014-04-09,48.84,49.41,49.11,48.62,3666190.0,58956796.0
2014-04-08,48.32,48.78,48.75,47.5,4286175.0,67893792.0
2014-04-04,48.35,48.93,48.78,48.35,2977939.0,47687980.0
2014-04-03,48.5,48.93,48.59,48.29,2361329.0,37683968.0
2014-04-02,48.59,48.96,48.5,48.26,2587990.0,41267108.0
2014-04-01,48.05,48.65,48.5,47.86,3556021.0,56531896.0
2014-03-31,47.07,48.23,47.92,47.07,2597757.0,40805800.0
2014-03-28,47.16,47.68,47.19,46.92,2613097.0,40509156.0
2014-03-27,48.32,48.32,47.41,47.16,3566566.0,55779256.0
2014-03-26,48.14,48.53,48.32,47.83,3591751.0,56824592.0
2014-03-25,47.68,48.41,48.05,47.41,4090184.0,64521144.0
2014-03-24,47.86,47.98,47.92,46.8,5861421.0,91272376.0
2014-03-21,46.89,48.05,47.86,46.13,6169586.0,95051712.0
2014-03-20,47.95,48.29,47.13,47.07,5937151.0,93198240.0
2014-03-19,48.78,48.78,48.05,47.77,4822955.0,76156400.0
2014-03-18,49.38,49.57,48.72,48.41,4968670.0,79907264.0
2014-03-17,48.41,49.63,49.6,47.44,6402216.0,101709704.0
2014-03-14,50.39,50.39,49.29,48.56,4474402.0,72516472.0
2014-03-13,49.63,51.24,50.78,49.57,4348934.0,72297776.0
2014-03-12,49.11,50.02,49.57,48.38,3485716.0,56364964.0
2014-03-11,49.32,50.15,49.11,48.38,3821986.0,61676164.0
2014-03-10,52.52,52.52,49.72,49.08,4700411.0,78092176.0
2014-03-07,52.64,53.74,52.64,52.16,3067718.0,53253284.0
2014-03-06,53.37,53.89,52.8,52.0,4108845.0,71347272.0
2014-03-05,53.89,55.2,53.71,53.01,4101236.0,72673896.0
2014-03-04,55.14,55.17,53.62,53.22,4294412.0,76212416.0
2014-03-03,53.28,55.32,55.2,52.98,6735634.0,120894440.0
2014-02-28,53.01,53.62,53.56,51.15,5728901.0,98730176.0
2014-02-27,53.43,54.62,53.13,52.55,6525060.0,114713064.0
2014-02-26,54.41,55.02,53.47,52.46,9967097.0,175445232.0
2014-02-25,57.39,58.55,54.53,53.83,12754683.0,236241376.0
2014-02-24,54.8,57.55,57.36,54.38,13913163.0,259365568.0
2014-02-21,54.16,55.63,55.11,53.89,6830245.0,122863696.0
2014-02-20,54.5,56.08,54.41,54.13,13743251.0,248568944.0
2014-02-19,50.69,55.93,55.41,50.69,19509860.0,344055840.0
2014-02-18,51.76,51.76,50.85,50.73,4362092.0,73222384.0
2014-02-17,52.0,52.37,51.7,51.39,5883040.0,99964040.0
2014-02-14,50.88,51.85,51.67,50.88,4439342.0,74947080.0
2014-02-13,50.88,52.06,51.03,50.57,6433128.0,108846360.0
2014-02-12,50.45,50.97,50.88,49.96,3560211.0,59129176.0
2014-02-11,50.73,52.03,50.51,50.27,4782992.0,80252016.0
2014-02-10,49.38,51.24,50.73,49.35,5079675.0,84536112.0
2014-02-07,47.53,49.63,49.35,47.53,1859415.0,29803272.0
2014-01-30,49.08,49.35,48.08,47.98,1645478.0,26185872.0
2014-01-29,48.72,49.45,49.05,48.41,1859953.0,29989740.0
2014-01-28,48.72,49.05,48.59,48.26,1993031.0,31872416.0
2014-01-27,48.35,48.9,48.87,47.8,2290206.0,36374264.0
2014-01-24,48.05,48.59,48.5,47.89,2360201.0,37448604.0
2014-01-23,48.41,48.41,48.05,47.8,2319966.0,36601596.0
2014-01-22,47.34,48.41,48.35,47.04,2401671.0,37820996.0
2014-01-21,46.43,47.5,47.1,46.43,1488151.0,23025008.0
2014-01-20,46.89,47.41,46.58,46.37,1695129.0,26074202.0
2014-01-17,47.86,47.92,47.1,46.13,3768795.0,57714724.0
2014-01-16,47.8,48.38,47.89,47.8,1696864.0,26780594.0
2014-01-15,47.38,48.11,47.86,47.31,2664319.0,41783448.0
2014-01-14,47.19,47.89,47.62,47.07,2478698.0,38595624.0
2014-01-13,46.92,48.11,47.1,46.92,2244836.0,34917296.0
2014-01-10,48.11,48.68,46.95,46.89,4258576.0,66515944.0
2014-01-09,49.72,50.69,48.96,48.9,2659460.0,43477212.0
2014-01-08,51.09,51.94,50.09,49.63,3468646.0,58142024.0
2014-01-07,50.24,51.03,50.82,49.69,2425171.0,40138456.0
2014-01-06,50.85,50.85,50.33,49.32,3036510.0,49754928.0
2014-01-03,51.85,51.91,50.78,50.54,4065341.0,68260672.0
2014-01-02,52.43,53.25,52.0,51.58,3969041.0,68005256.0
2013-12-31,52.16,52.67,52.58,51.55,5351958.0,91938240.0
2013-12-30,52.06,52.83,52.16,51.7,4687124.0,80529616.0
2013-12-27,50.27,52.25,51.64,50.18,3960780.0,67273224.0
2013-12-26,51.21,51.52,50.51,50.39,3824881.0,63941824.0
2013-12-25,49.32,51.24,51.15,49.32,4411526.0,73337648.0
2013-12-24,49.29,50.24,49.72,48.99,3570530.0,58207104.0
2013-12-23,49.02,49.93,49.14,48.68,2899947.0,46990852.0
2013-12-20,50.48,51.15,49.63,49.54,2524757.0,41682288.0
2013-12-19,50.85,51.21,50.33,50.33,2187249.0,36485680.0
2013-12-18,51.91,52.34,50.91,50.27,4756246.0,80133408.0
2013-12-17,52.67,52.67,51.73,51.58,4646453.0,79369104.0
2013-12-16,51.12,53.71,52.52,51.0,9083249.0,156968224.0
2013-12-13,50.72,51.94,51.12,50.57,3392169.0,57184112.0
2013-12-12,50.33,51.52,51.0,50.24,2963083.0,49436136.0
2013-12-11,51.18,51.61,50.33,50.09,3153654.0,52465240.0
2013-12-10,51.85,52.25,51.3,50.73,2790059.0,47136100.0
2013-12-09,51.18,52.58,51.85,51.18,3837769.0,65579016.0
2013-12-06,51.79,52.37,51.06,50.69,4040550.0,68207344.0
2013-12-05,51.06,52.86,51.88,50.88,7615371.0,130478032.0
2013-12-04,50.54,52.83,51.42,50.3,10562602.0,179386560.0
2013-12-03,47.68,50.3,50.21,47.38,5578312.0,90686392.0
2013-12-02,48.65,49.66,47.68,47.28,5002937.0,79561408.0
2013-11-29,48.53,49.69,49.29,48.26,6950434.0,111556032.0
2013-11-28,47.5,48.44,48.23,47.22,4953309.0,78195800.0
2013-11-27,47.13,47.34,47.28,46.43,3083279.0,47563716.0
2013-11-26,47.19,47.56,47.19,46.89,1765818.0,27372820.0
2013-11-25,47.53,47.89,47.13,46.67,4313070.0,67352368.0
2013-11-22,46.71,47.92,47.13,46.71,3008395.0,46740792.0
2013-11-21,47.04,47.04,46.65,46.28,2413879.0,36922240.0
2013-11-20,47.16,47.59,47.22,46.67,2298088.0,35432692.0
2013-11-19,47.34,47.62,47.22,46.92,2388462.0,37110284.0
2013-11-18,45.98,47.38,47.34,45.82,4356075.0,67046508.0
2013-11-15,45.03,46.28,45.7,44.94,3582011.0,53931424.0
2013-11-14,44.82,45.12,45.09,44.3,2859512.0,42010844.0
2013-11-13,45.67,45.73,44.79,44.76,1218492.0,18086884.0
2013-11-12,45.3,45.76,45.67,44.76,1947290.0,29019498.0
2013-11-11,44.6,45.34,45.27,44.6,1636673.0,24271252.0
2013-11-08,46.43,46.43,44.6,44.6,3516804.0,52159716.0
2013-11-07,46.89,47.07,46.46,46.28,1862552.0,28561928.0
2013-11-06,47.28,48.08,47.01,46.98,2440692.0,38052628.0
2013-11-05,46.98,47.47,47.31,46.07,1721838.0,26501862.0
2013-11-04,46.74,47.68,47.01,46.74,1885391.0,29224952.0
2013-11-01,46.61,47.01,46.71,46.04,2144530.0,32789980.0
2013-10-31,46.67,47.01,46.58,45.67,2569757.0,39167696.0
2013-10-30,46.61,46.89,46.55,46.28,3942137.0,60231060.0
2013-10-29,48.72,49.05,46.61,45.91,4211827.0,65162300.0
2013-10-28,48.41,48.9,48.65,47.22,2766819.0,43964520.0
2013-10-25,50.48,51.06,48.29,47.86,4944747.0,79855088.0
2013-10-24,50.48,50.78,50.66,50.02,3236457.0,53593564.0
2013-10-23,52.67,52.8,50.45,50.33,5413994.0,91496328.0
2013-10-22,52.31,53.04,52.64,51.64,7796396.0,133640408.0
2013-10-21,51.06,52.58,52.16,51.03,6185208.0,105567344.0
2013-10-18,51.7,52.73,51.06,50.78,5195170.0,87968704.0
2013-10-17,50.88,51.7,50.88,50.36,3819442.0,63878012.0
2013-10-16,52.28,52.43,50.78,50.45,5963308.0,100462480.0
2013-10-15,52.83,54.04,52.4,52.09,7780306.0,135790240.0
2013-10-14,52.73,53.34,52.95,51.94,6447080.0,111364704.0
2013-10-11,50.45,52.83,52.73,50.45,9627619.0,164325808.0
2013-10-10,51.0,51.76,50.6,50.51,5037001.0,84294872.0
2013-10-09,49.87,51.67,51.42,49.81,7038529.0,117695368.0
2013-10-08,48.96,49.93,49.69,48.96,3990341.0,64930396.0
2013-09-30,49.78,49.93,49.38,48.87,3424043.0,55428056.0
2013-09-27,48.81,51.94,49.57,48.78,6124597.0,100110944.0
2013-09-26,48.96,49.57,48.81,48.75,4655689.0,75112968.0
2013-09-25,50.12,50.91,49.11,48.87,6270497.0,102526240.0
2013-09-24,51.76,51.88,50.12,50.02,5636022.0,93662784.0
2013-09-23,51.52,51.73,51.58,50.85,3809094.0,64168308.0
2013-09-18,50.76,52.03,51.55,50.63,3351971.0,56448928.0
2013-09-17,52.92,53.07,50.76,50.69,5908339.0,99937784.0
2013-09-16,53.22,54.2,52.64,52.64,5024188.0,87576384.0
2013-09-13,52.37,54.26,53.49,52.0,7897441.0,138395760.0
2013-09-12,51.76,53.01,52.37,51.36,6551430.0,112408288.0
2013-09-11,52.09,52.89,51.88,51.3,8141889.0,139311808.0
2013-09-10,50.54,52.49,52.12,49.78,10146516.0,170658672.0
2013-09-09,49.75,50.78,50.27,49.54,5639677.0,92763784.0
2013-09-06,50.21,50.6,49.99,49.54,3949600.0,64823552.0
2013-09-05,49.99,51.12,50.54,49.93,6300897.0,104758936.0
2013-09-04,50.33,50.33,49.9,49.54,3945738.0,64637300.0
2013-09-03,49.32,50.45,50.27,49.17,5722157.0,94208888.0
2013-09-02,49.05,49.57,49.29,48.41,3527649.0,56805200.0
2013-08-30,49.57,50.02,49.38,48.93,4718551.0,76668968.0
2013-08-29,49.02,49.72,49.54,48.99,3366824.0,54549624.0
2013-08-28,49.93,50.05,49.2,49.05,5147289.0,83965240.0
2013-08-27,49.84,50.78,50.45,49.17,6570142.0,107862504.0
2013-08-26,49.93,50.51,50.15,49.29,8362528.0,137104576.0
2013-08-23,47.62,49.93,49.84,47.53,11019486.0,177397504.0
2013-08-22,47.34,47.8,47.28,47.22,2794696.0,43585564.0
2013-08-21,47.44,47.86,47.59,47.19,2881964.0,45010712.0
2013-08-20,47.95,48.47,47.59,47.41,4242932.0,66761748.0
2013-08-19,47.19,48.26,48.14,47.07,3294981.0,51697312.0
2013-08-16,47.86,49.35,47.68,47.53,5961380.0,94626416.0
2013-08-15,49.02,49.72,48.41,48.14,5004146.0,80730864.0
2013-08-14,50.12,50.15,49.2,49.02,5211598.0,84649008.0
2013-08-13,49.75,50.51,49.84,49.45,6398839.0,104950048.0
2013-08-12,48.62,49.84,49.72,48.11,9008078.0,145245088.0
2013-08-09,47.22,48.41,48.35,47.19,5809474.0,91558656.0
2013-08-08,47.04,47.47,47.1,46.58,3527311.0,54553352.0
2013-08-07,48.81,48.81,47.13,46.95,6891541.0,108322576.0
2013-08-06,48.87,49.11,48.81,48.11,5081030.0,81086248.0
2013-08-05,48.14,48.93,48.87,48.14,4111857.0,65638184.0
2013-08-02,48.62,49.26,48.17,47.92,5023943.0,79983136.0
2013-08-01,48.47,48.65,48.56,47.74,5997684.0,95109032.0
2013-07-31,47.25,48.72,48.38,47.25,7065026.0,111715328.0
2013-07-30,46.49,47.65,47.22,46.07,4883043.0,75621152.0
2013-07-29,45.67,47.04,46.52,45.37,4137768.0,62985352.0
2013-07-26,46.67,47.25,45.98,45.55,4568787.0,69361952.0
2013-07-25,48.08,48.08,47.1,46.55,5164955.0,80184552.0
2013-07-24,47.19,49.02,48.05,47.01,6922563.0,109528328.0
2013-07-23,47.01,48.08,47.47,46.58,7228576.0,112716880.0
2013-07-22,44.48,46.95,46.92,43.75,5933420.0,89055256.0
2013-07-19,48.41,48.56,45.55,45.09,10712376.0,164967920.0
2013-07-18,50.54,50.54,48.56,47.28,10080328.0,160985168.0
2013-07-17,51.7,52.67,50.94,50.57,9229718.0,156313456.0
2013-07-16,49.32,51.76,51.64,49.26,11466729.0,190899600.0
2013-07-15,48.44,50.48,49.23,48.44,7531015.0,122604368.0
2013-07-12,50.3,51.09,48.65,48.41,9064240.0,148630400.0
2013-07-11,49.32,51.49,50.85,49.02,12031380.0,199085872.0
2013-07-10,48.41,49.96,49.78,47.5,8934611.0,143192336.0
2013-07-09,48.9,50.09,48.44,47.04,10367035.0,164787248.0
2013-07-08,54.04,54.38,49.93,49.93,12730086.0,217306320.0
2013-07-05,55.41,56.94,55.47,54.87,8934246.0,164345504.0
2013-07-04,56.11,56.6,55.41,54.8,11032061.0,201523184.0
2013-07-03,56.23,57.82,56.84,54.87,15620257.0,289919936.0
2013-07-02,53.34,56.6,55.96,52.76,16018639.0,291621664.0
2013-07-01,52.09,53.83,53.65,51.33,12802897.0,222963872.0
2013-06-28,56.33,58.43,52.92,52.03,23624080.0,426604384.0
2013-06-27,62.11,62.96,57.54,56.81,25979690.0,513411168.0
2013-06-26,58.85,63.51,63.12,57.48,30078320.0,602693056.0
2013-06-25,62.11,63.33,60.8,57.33,27253628.0,546286400.0
2013-06-24,59.98,66.01,63.7,58.76,31639814.0,641876224.0
2013-06-21,52.73,62.05,61.23,52.73,27568896.0,530481952.0
2013-06-20,57.79,59.68,56.42,56.3,21064668.0,401448640.0
2013-06-19,54.2,58.18,57.97,52.4,18359652.0,335049504.0
2013-06-18,53.74,56.3,54.07,53.74,11235377.0,202163824.0
2013-06-17,56.57,56.63,53.83,53.74,12591279.0,227921312.0
2013-06-14,55.56,56.91,56.42,54.53,17318394.0,317197472.0
2013-06-13,52.34,55.96,55.72,48.74,16269426.0,288741440.0
2013-06-07,54.44,54.44,53.28,52.4,10444554.0,182399248.0
2013-06-06,52.37,56.2,54.65,51.82,24046840.0,432194848.0
2013-06-05,47.77,52.06,51.76,47.59,6643843.0,108745656.0
2013-06-04,49.14,49.17,47.77,47.13,4439044.0,69936656.0
2013-06-03,50.72,51.09,49.32,49.14,4155908.0,68332992.0
2013-05-31,51.34,51.56,50.74,50.32,3825192.0,64538640.0
2013-05-30,51.28,51.65,51.13,50.83,3292639.0,55905696.0
2013-05-29,52.52,52.79,51.56,51.41,4023018.0,69184400.0
2013-05-28,51.83,52.43,52.37,50.62,4227533.0,72201320.0
2013-05-27,51.47,52.34,51.83,51.23,4226456.0,72422792.0
2013-05-24,50.62,51.89,51.8,49.9,4477750.0,75726216.0
2013-05-23,51.19,52.04,50.47,50.38,4537197.0,77125968.0
2013-05-22,51.77,53.22,51.26,50.8,6142760.0,105721072.0
2013-05-21,49.87,52.1,51.95,49.72,7556432.0,128637056.0
2013-05-20,49.14,50.17,49.84,48.51,4629771.0,76109088.0
2013-05-17,48.45,49.05,48.69,47.97,3458882.0,55817132.0
2013-05-16,47.42,48.51,48.42,46.91,3764216.0,59997412.0
2013-05-15,46.37,47.48,47.42,46.16,2130210.0,33120744.0
2013-05-14,47.21,47.66,46.52,46.16,2079692.0,32227580.0
2013-05-13,47.94,48.21,47.36,47.09,2525830.0,39797312.0
2013-05-10,47.03,48.27,47.66,46.61,4110713.0,65151260.0
2013-05-09,45.88,47.27,47.24,45.64,3780509.0,58073204.0
2013-05-08,46.16,46.76,46.07,45.43,2636537.0,40147928.0
2013-05-07,45.76,46.94,46.13,45.55,3652086.0,56185672.0
2013-05-06,43.8,45.91,45.85,43.8,3965554.0,59756796.0
2013-05-03,43.05,44.41,44.1,42.84,2738814.0,39902216.0
2013-05-02,42.72,43.08,42.84,42.27,1960559.0,27729588.0
2013-04-26,44.65,45.19,42.75,42.66,4654095.0,67454184.0
2013-04-25,46.88,46.88,44.83,44.8,5137064.0,77569408.0
2013-04-24,46.46,47.21,46.97,45.64,4316736.0,66590792.0
2013-04-23,48.63,48.63,46.46,46.31,4671408.0,73125744.0
2013-04-22,48.72,48.99,48.66,47.85,4386884.0,70458920.0
2013-04-19,47.36,49.72,49.35,47.36,4397020.0,71304208.0
2013-04-18,48.69,48.87,47.36,47.27,3267484.0,51888848.0
2013-04-17,48.57,48.96,48.69,47.97,1528532.0,24605648.0
2013-04-16,47.48,48.84,48.66,47.36,2645094.0,42273672.0
2013-04-15,50.14,50.14,48.42,48.27,2077162.0,33481188.0
2013-04-12,50.98,51.59,50.08,50.05,2226909.0,37587612.0
2013-04-11,51.28,51.56,50.98,50.74,2271872.0,38483360.0
2013-04-10,50.2,51.44,50.83,50.08,3221687.0,54151352.0
2013-04-09,49.63,50.59,50.2,49.48,2272865.0,37820912.0
2013-04-08,50.02,50.02,49.78,48.09,4162246.0,67287176.0
2013-04-03,51.65,52.16,50.59,50.29,2875119.0,48516188.0
2013-04-02,51.13,52.34,51.53,50.83,2606246.0,44510572.0
2013-04-01,50.38,51.95,51.16,50.38,2755252.0,46736592.0
2013-03-29,51.89,52.31,50.71,50.68,4335173.0,74208200.0
2013-03-28,54.48,54.48,51.98,51.89,5350358.0,93861272.0
2013-03-27,54.84,55.36,54.97,54.3,4427634.0,80443288.0
2013-03-26,56.2,56.2,54.72,54.06,6601748.0,119707288.0
2013-03-25,56.08,56.62,56.11,55.57,4255311.0,78930352.0
2013-03-22,56.2,57.14,56.02,55.3,7475102.0,139165440.0
2013-03-21,54.66,56.66,56.41,54.18,13600231.0,250178736.0
2013-03-20,52.64,56.23,55.99,52.49,10055162.0,182037040.0
2013-03-19,51.89,52.49,52.04,50.98,2852923.0,49025240.0
2013-03-18,51.44,52.7,51.77,51.04,3938657.0,67722160.0
2013-03-15,51.89,52.94,51.8,51.19,4194704.0,72477432.0
2013-03-14,51.83,52.79,51.71,51.23,4470802.0,76667336.0
2013-03-13,53.34,53.58,52.22,51.62,4136603.0,71887104.0
2013-03-12,53.76,55.42,53.76,52.22,7074682.0,126345696.0
2013-03-11,54.45,54.69,53.85,53.43,4973524.0,88953424.0
2013-03-08,55.9,57.32,54.69,54.09,6667637.0,122336760.0
2013-03-07,56.93,58.01,56.2,54.3,9739714.0,182629088.0
2013-03-06,55.6,56.93,56.87,54.81,8272715.0,153672096.0
2013-03-05,53.4,55.36,55.21,52.97,5206776.0,93524696.0
2013-03-04,55.81,56.02,53.7,53.34,6691208.0,121411312.0
2013-03-01,55.81,56.77,56.05,55.39,5969040.0,110826152.0
2013-02-28,54.27,55.69,55.54,53.79,5971379.0,108874320.0
2013-02-27,54.81,55.36,54.06,53.09,6437851.0,115400784.0
2013-02-26,56.41,57.35,54.69,54.6,6836687.0,127058480.0
2013-02-25,57.62,57.62,56.9,55.81,5328955.0,100098728.0
2013-02-22,57.62,59.64,56.81,56.56,9802775.0,188381088.0
2013-02-21,56.72,58.68,57.92,55.81,11208503.0,212905840.0
2013-02-20,54.3,57.68,57.5,53.76,9029897.0,167020480.0
2013-02-19,55.15,56.08,54.6,53.85,6663611.0,120798240.0
2013-02-18,56.14,57.89,55.69,55.6,8867452.0,167106960.0
2013-02-08,53.52,56.41,55.57,53.49,9144071.0,168566448.0
2013-02-07,53.73,53.91,53.82,52.55,6723648.0,118454192.0
2013-02-06,54.15,54.81,53.91,53.19,9878497.0,176626240.0
2013-02-05,50.41,53.76,53.7,50.2,14895879.0,259328112.0
2013-02-04,49.78,52.73,50.71,49.78,8533355.0,144177936.0
2013-02-01,50.29,50.29,49.87,49.23,6059487.0,99769536.0
2013-01-31,49.51,51.23,50.38,49.26,8393843.0,139402368.0
2013-01-30,50.38,50.53,49.51,48.84,5124557.0,84078000.0
2013-01-29,50.05,50.2,50.02,49.17,5837319.0,96152008.0
2013-01-28,47.7,50.08,49.99,47.7,7116719.0,115198848.0
2013-01-25,47.51,48.48,47.78,47.51,3559086.0,56517804.0
2013-01-24,49.41,49.93,47.94,47.06,10201106.0,164276480.0
2013-01-23,49.78,50.05,49.41,48.54,7127897.0,116168784.0
2013-01-22,50.83,51.86,50.2,49.2,6836352.0,114598576.0
2013-01-21,51.5,51.5,50.86,50.38,5813411.0,97903104.0
2013-01-18,50.74,51.59,51.5,49.75,8332460.0,139976960.0
2013-01-17,52.19,52.19,50.53,50.41,6719392.0,113592464.0
2013-01-16,53.16,53.64,52.37,51.28,6926341.0,120020248.0
2013-01-15,52.94,53.97,53.34,52.52,5955598.0,105355952.0
2013-01-14,50.08,53.03,52.85,49.99,7398654.0,126635840.0
2013-01-11,52.46,52.67,50.41,49.93,7929502.0,133857456.0
2013-01-10,51.89,53.67,52.37,51.53,6878913.0,120208824.0
2013-01-09,51.01,52.91,52.04,50.77,6976271.0,119636624.0
2013-01-08,50.59,51.8,51.34,49.78,7661013.0,129303328.0
2013-01-07,47.97,51.16,50.86,47.91,8134050.0,135037120.0
2013-01-04,49.78,50.08,48.06,47.76,6860056.0,110040272.0
2012-12-31,48.57,50.65,49.26,48.57,5792076.0,95536392.0
2012-12-28,48.0,48.81,48.51,47.82,4318301.0,69194096.0
2012-12-27,49.29,49.66,48.12,47.94,5773241.0,92667488.0
2012-12-26,47.97,49.45,49.05,47.73,8775412.0,141597584.0
2012-12-25,45.25,48.45,48.21,44.95,11012600.0,172090560.0
2012-12-24,45.64,45.91,45.43,45.13,5066392.0,76431184.0
2012-12-21,46.37,47.66,45.88,45.52,7662378.0,117946944.0
2012-12-20,45.52,46.46,46.4,44.71,7920418.0,119214648.0
2012-12-19,45.31,46.07,45.7,44.89,6382426.0,96246696.0
2012-12-18,46.22,46.58,45.31,44.89,7739212.0,117790896.0
2012-12-17,45.61,47.36,46.22,45.25,10501874.0,161016592.0
2012-12-14,41.57,45.7,45.61,41.45,12959053.0,188411008.0
2012-12-13,42.33,42.51,41.63,41.27,4403693.0,61009192.0
2012-12-12,43.56,43.86,42.6,41.51,9820255.0,138346992.0
2012-12-11,43.68,44.41,43.56,43.17,5979941.0,86817880.0
2012-12-10,42.9,44.35,43.8,42.81,9316762.0,134847600.0
2012-12-07,40.91,43.05,42.81,40.76,8872885.0,123540784.0
2012-12-06,39.76,41.45,41.0,39.55,7181332.0,96933504.0
2012-12-05,38.19,40.61,40.0,38.04,6921995.0,91001880.0
2012-12-04,37.56,38.67,38.46,36.5,5649183.0,70209600.0
2012-12-03,39.28,39.58,37.71,37.56,3868696.0,49269648.0
2012-11-30,39.22,39.97,39.46,39.1,2909102.0,38149676.0
2012-11-29,40.42,40.64,39.43,39.25,2983674.0,39524940.0
2012-11-28,40.36,40.7,40.27,40.03,2081342.0,27848494.0
2012-11-27,42.96,42.96,40.58,40.36,3412004.0,46680176.0
2012-11-26,44.77,44.77,43.02,42.93,2665131.0,38485720.0
2012-11-23,44.65,45.52,44.74,44.56,1847409.0,27555186.0
2012-11-22,45.61,45.61,44.8,44.53,2128107.0,31785866.0
2012-11-21,44.71,45.8,45.73,44.05,2397395.0,35706184.0
2012-11-20,45.07,45.46,44.98,44.65,936305.0,13980183.0
2012-11-19,45.37,45.49,45.16,44.29,1696041.0,25175028.0
2012-11-16,46.76,46.82,45.4,44.95,2735890.0,41287244.0
2012-11-15,48.69,48.69,47.36,45.25,2872963.0,44589284.0
2012-11-14,48.36,49.63,48.72,48.3,1745281.0,28241158.0
2012-11-13,49.45,49.48,48.78,48.48,802380.0,13004034.0
2012-11-12,48.0,49.78,49.51,47.82,1450495.0,23405220.0
2012-11-09,49.02,49.35,47.97,47.88,1790381.0,28711428.0
2012-11-08,50.68,50.68,49.2,49.14,1651786.0,27273512.0
2012-11-07,50.89,51.23,50.95,50.68,817777.0,13809571.0
2012-11-06,51.34,51.59,50.89,50.41,1370588.0,23055640.0
2012-11-05,51.86,52.04,51.38,51.28,2236530.0,38271988.0
2012-11-02,52.04,52.1,51.89,50.62,2618874.0,44685344.0
2012-11-01,51.68,52.61,51.92,51.53,2346246.0,40440036.0
2012-10-31,51.28,52.31,51.68,51.28,3554451.0,61125712.0
2012-10-30,50.8,51.8,51.77,50.8,3968779.0,67362416.0
2012-10-29,51.1,51.13,50.8,50.23,3078145.0,51745188.0
2012-10-26,54.91,55.06,51.71,50.17,10210245.0,174950080.0
2012-10-25,57.23,57.32,55.3,55.18,2969587.0,55250216.0
2012-10-24,59.28,59.28,56.99,56.81,4132399.0,79358976.0
2012-10-23,60.64,60.88,59.43,59.37,2060362.0,40950856.0
2012-10-22,60.79,61.24,60.67,59.61,1880020.0,37547032.0
2012-10-19,61.33,61.9,61.24,61.15,957311.0,19484596.0
2012-10-18,60.34,61.69,61.6,59.97,2166782.0,43746248.0
2012-10-17,60.12,60.85,60.46,59.61,930492.0,18565812.0
2012-10-16,59.13,60.94,60.12,59.13,1087542.0,21701174.0
2012-10-15,59.73,60.09,59.55,59.28,547014.0,10806288.0
2012-10-12,61.45,61.84,59.85,59.64,2296299.0,45865648.0
2012-10-11,61.24,62.18,61.42,60.85,1440921.0,29510142.0
2012-10-10,61.36,61.36,61.36,60.67,1297780.0,26258034.0
2012-10-09,60.06,61.39,61.3,60.06,1561623.0,31642234.0
2012-10-08,60.73,60.91,60.06,59.79,987786.0,19667462.0
2012-09-28,58.86,60.88,60.67,58.86,1509471.0,29975792.0
2012-09-27,58.07,59.55,59.1,57.92,1452599.0,28273644.0
2012-09-26,58.83,59.13,58.07,57.95,1698230.0,32835996.0
2012-09-25,60.03,60.79,58.77,58.65,1036958.0,20430832.0
2012-09-24,59.67,60.37,60.34,58.83,798432.0,15766547.0
2012-09-21,60.88,61.21,60.19,60.06,811752.0,16321504.0
2012-09-20,63.35,63.35,60.88,60.85,1673676.0,34298568.0
2012-09-19,62.45,63.65,63.35,62.18,1374718.0,28782158.0
2012-09-18,62.72,63.41,62.6,62.45,977994.0,20382922.0
2012-09-17,63.8,64.44,62.54,62.48,1298752.0,27315472.0
2012-09-14,64.29,64.98,63.92,63.59,1349243.0,28664660.0
2012-09-13,65.77,65.77,64.02,63.96,1968136.0,42313196.0
2012-09-12,65.58,66.61,65.64,65.28,2029340.0,44272804.0
2012-09-11,64.17,65.77,65.58,63.44,3104996.0,66806676.0
2012-09-10,64.35,64.53,64.26,63.9,2701675.0,57484204.0
2012-09-07,62.69,65.01,64.32,62.27,4415594.0,93359896.0
2012-09-06,62.9,63.65,61.84,61.57,1963907.0,40420152.0
2012-09-05,63.29,63.8,62.93,62.78,848701.0,17765340.0
2012-09-04,63.5,63.99,63.32,62.84,984426.0,20663108.0
2012-09-03,62.99,64.11,63.74,62.45,1137180.0,23951972.0
2012-08-31,63.05,63.65,63.02,62.84,736187.0,15412386.0
2012-08-30,63.26,63.62,62.78,62.15,544497.0,11359402.0
2012-08-29,62.75,63.65,62.96,62.72,560816.0,11738621.0
2012-08-28,63.02,64.11,62.9,62.69,868948.0,18227880.0
2012-08-27,64.08,64.11,63.02,62.9,677437.0,14213887.0
2012-08-24,64.59,64.77,64.59,63.56,1169242.0,24855096.0
2012-08-23,65.31,65.67,65.1,64.56,1370059.0,29526326.0
2012-08-22,65.83,65.83,65.4,65.01,1335722.0,28936750.0
2012-08-21,64.02,65.8,65.77,64.02,2783682.0,59985036.0
2012-08-20,65.52,65.52,64.41,62.9,2544707.0,53844024.0
2012-08-17,66.34,66.34,65.34,64.83,2152661.0,46705676.0
2012-08-16,65.77,67.27,66.64,64.8,2524262.0,54956012.0
2012-08-15,70.29,70.29,65.74,65.1,5241646.0,115676200.0
2012-08-14,70.59,71.14,70.71,70.02,1149911.0,26845618.0
2012-08-13,73.58,73.58,70.86,70.59,1195371.0,28411236.0
2012-08-10,72.7,73.28,73.1,72.4,1121799.0,27096772.0
2012-08-09,71.83,72.89,72.8,71.35,1342098.0,32182412.0
2012-08-08,72.4,72.77,72.01,70.98,1266730.0,30124476.0
2012-08-07,72.4,73.01,72.43,71.8,799469.0,19181900.0
2012-08-06,71.14,73.01,72.34,70.89,1353206.0,32260688.0
2012-08-03,70.44,71.41,71.14,70.44,717630.0,16882520.0
2012-08-02,69.6,71.44,70.44,68.78,1197573.0,27878840.0
2012-08-01,71.65,73.13,70.83,70.59,2229230.0,52846816.0
2012-07-31,74.15,74.18,72.28,70.74,1865235.0,44534520.0
2012-07-30,75.66,76.23,74.18,73.94,750779.0,18640620.0
2012-07-27,77.11,78.17,76.11,75.12,1411158.0,35753184.0
2012-07-26,78.1,78.77,77.29,77.11,1003822.0,25971962.0
2012-07-25,76.78,78.32,78.17,76.29,1351536.0,34783328.0
2012-07-24,76.69,78.07,76.78,76.29,1815064.0,46175256.0
2012-07-23,79.64,79.64,77.62,76.75,880868.0,22677720.0
2012-07-20,79.94,80.55,79.88,79.37,1427011.0,37838080.0
2012-07-19,78.19,80.25,80.1,77.53,2075220.0,54885048.0
2012-07-18,78.38,78.44,78.44,76.57,1667823.0,42786260.0
2012-07-17,77.59,79.04,78.38,77.32,1284544.0,33266824.0
2012-07-16,79.52,80.58,78.22,77.77,2698955.0,70955840.0
2012-07-13,79.34,79.82,79.79,78.5,1776226.0,46658632.0
2012-07-12,75.93,79.82,79.58,75.18,4559941.0,118549928.0
2012-07-11,75.36,76.02,75.99,73.88,874342.0,21728102.0
2012-07-10,74.15,76.02,75.36,74.15,1804699.0,45086424.0
2012-07-09,74.15,75.66,74.85,73.07,2172802.0,53931812.0
2012-07-06,73.25,74.82,74.36,71.95,2010189.0,48892280.0
2012-07-05,73.16,73.91,72.67,72.25,916612.0,22147896.0
2012-07-04,74.18,74.27,73.79,72.55,2523731.0,61155572.0
2012-07-03,76.33,76.51,73.85,72.46,2660487.0,66193676.0
2012-07-02,74.33,76.69,76.42,73.04,1572945.0,39177992.0
2012-06-29,71.74,74.48,74.24,71.38,664999.0,16079621.0
2012-06-28,73.91,74.45,72.34,72.25,981599.0,23767868.0
2012-06-27,74.48,75.9,74.03,73.76,691101.0,17188512.0
2012-06-26,74.85,74.85,74.55,72.95,366133.0,8980571.0
2012-06-25,76.36,76.6,75.09,72.7,806103.0,20055580.0
2012-06-21,77.08,77.17,76.69,76.02,1277091.0,32467318.0
2012-06-20,77.14,77.68,77.11,76.39,1480281.0,37804328.0
2012-06-19,74.82,77.11,76.63,74.82,4003392.0,101637896.0
2012-06-18,75.48,76.02,74.79,74.55,1788784.0,44626688.0
2012-06-15,74.55,75.9,74.64,73.91,1741959.0,43349092.0
2012-06-14,72.83,74.85,74.52,72.25,3483236.0,85256464.0
2012-06-13,73.04,73.19,72.95,71.14,3167264.0,75934632.0
2012-06-12,76.63,76.63,72.64,72.34,3166961.0,77155528.0
2012-06-11,75.75,77.32,77.02,75.24,1254190.0,31780156.0
2012-06-08,77.98,77.98,75.75,75.15,2228774.0,56006752.0
2012-06-07,78.68,78.71,77.23,77.17,1230280.0,31697724.0
2012-06-06,79.04,79.4,77.92,77.68,859732.0,22392790.0
2012-06-05,78.25,79.28,78.65,78.14,713304.0,18593442.0
2012-06-04,78.44,79.52,78.25,78.14,890411.0,23239080.0
2012-06-01,78.17,79.61,79.52,78.17,1764470.0,46216688.0
2012-05-31,77.89,79.34,78.14,77.32,1637554.0,42610976.0
2012-05-30,79.31,79.31,78.14,78.01,1496786.0,38988884.0
2012-05-29,79.94,79.94,79.34,78.68,1922163.0,50493712.0
2012-05-28,80.16,80.37,79.25,78.28,1090951.0,28481976.0
2012-05-25,80.13,80.4,80.16,78.5,1439849.0,38054528.0
2012-05-24,79.64,80.49,80.34,79.64,860799.0,22833692.0
2012-05-23,79.37,80.49,80.03,79.37,1675547.0,44426092.0
2012-05-22,78.98,79.97,79.61,78.47,771194.0,20245124.0
2012-05-21,78.32,79.04,78.5,77.66,870589.0,22728272.0
2012-05-18,79.49,80.06,78.53,77.99,1493759.0,39369328.0
2012-05-17,79.58,80.15,79.82,78.89,1416295.0,37695352.0
2012-05-16,78.71,79.61,79.58,77.18,2215631.0,57998000.0
2012-05-15,79.49,79.52,78.65,77.96,1738006.0,45419996.0
2012-05-14,81.47,81.89,79.82,79.13,2858043.0,75994512.0
2012-05-11,82.01,82.01,80.6,80.33,1681647.0,45447824.0
2012-05-10,81.59,82.43,81.92,81.32,1191800.0,32527216.0
2012-05-09,82.94,82.94,81.98,80.93,1890044.0,51519656.0
2012-05-08,83.63,83.69,83.39,82.49,1263425.0,34996008.0
2012-05-07,82.19,83.69,83.54,81.56,2866418.0,79252120.0
2012-05-04,81.2,82.1,81.8,80.75,2167113.0,58957784.0
2012-05-03,79.13,81.29,81.2,78.98,3039732.0,81043688.0
2012-05-02,79.76,80.15,79.04,77.99,2948487.0,77817416.0
2012-04-27,81.14,81.44,78.92,78.23,2486609.0,65655632.0
2012-04-26,81.14,81.83,81.14,80.39,880782.0,23733824.0
2012-04-25,80.54,81.53,80.9,79.55,1143078.0,30745744.0
2012-04-24,80.66,81.98,80.69,79.37,1874572.0,50349564.0
2012-04-23,84.02,85.04,81.77,81.56,3750041.0,103331224.0
2012-04-20,85.64,86.78,85.07,84.47,3996897.0,113890752.0
2012-04-19,85.16,86.09,85.58,83.09,3078463.0,86735728.0
2012-04-18,83.54,85.46,85.13,83.06,1976268.0,55639348.0
2012-04-17,84.53,85.43,83.0,82.73,2126165.0,59474240.0
2012-04-16,85.16,85.82,84.41,84.11,2331134.0,65882724.0
2012-04-13,83.69,86.39,85.85,83.39,4027002.0,114243712.0
2012-04-12,83.3,83.6,83.09,81.89,1660762.0,45821520.0
2012-04-11,81.29,83.39,82.7,81.29,820874.0,22608424.0
2012-04-09,82.79,83.21,82.37,79.49,1016858.0,27875364.0
2012-04-06,82.46,83.54,83.06,81.83,1960603.0,54009232.0
2012-04-05,80.03,82.13,81.83,80.03,1130475.0,30758036.0
2012-03-29,80.03,80.63,79.91,78.83,1360228.0,36261248.0
2012-03-28,85.19,85.19,80.63,80.0,2388286.0,65018676.0
2012-03-27,86.99,87.86,85.28,84.53,1476684.0,42521376.0
2012-03-26,87.74,88.7,86.99,86.15,667784.0,19445976.0
2012-03-23,86.69,88.79,87.59,85.58,1369178.0,40112276.0
2012-03-22,87.02,87.89,86.9,85.79,687193.0,19840228.0
2012-03-21,89.15,91.16,87.77,86.03,2532706.0,73860016.0
2012-03-20,91.43,92.03,89.12,88.94,1626171.0,49168504.0
2012-03-19,92.99,93.11,91.67,90.29,1988168.0,60395548.0
2012-03-16,90.83,93.44,93.11,90.29,2291360.0,70070664.0
2012-03-15,90.02,92.69,91.1,88.58,4156293.0,126478944.0
2012-03-14,92.99,93.8,91.16,90.02,3570195.0,109327136.0
2012-03-13,88.82,93.74,93.26,88.79,7817082.0,241361440.0
2012-03-12,85.73,91.1,89.33,84.29,7262137.0,214466032.0
2012-03-09,87.23,87.59,86.87,86.03,3115109.0,90059632.0
2012-03-08,84.59,87.74,87.29,84.38,3559045.0,102246608.0
2012-03-07,83.99,84.53,84.5,83.24,3080132.0,86291640.0
2012-03-06,83.99,85.04,84.41,83.66,5147321.0,144851824.0
2012-03-05,81.98,84.29,84.23,81.98,4788630.0,133001848.0
2012-03-02,80.39,82.1,81.56,80.27,2667532.0,72143312.0
2012-03-01,79.79,81.29,80.39,79.79,2620713.0,70153896.0
2012-02-29,82.04,82.43,81.38,81.29,2786490.0,75973552.0
2012-02-28,83.96,84.41,82.43,80.99,3602105.0,99940448.0
2012-02-27,85.28,85.73,84.11,83.66,5224600.0,146877904.0
2012-02-24,82.43,85.01,84.92,82.43,3877423.0,108562496.0
2012-02-23,82.13,83.54,82.25,82.04,3643213.0,100464808.0
2012-02-22,80.63,82.19,82.04,80.57,2381808.0,64709688.0
2012-02-21,80.0,81.47,81.29,80.0,2624130.0,70825816.0
2012-02-20,82.22,82.79,80.0,79.82,3201230.0,86365704.0
2012-02-17,81.95,82.58,81.38,81.26,1303406.0,35585800.0
2012-02-16,84.53,84.53,82.61,82.49,2479378.0,68739784.0
2012-02-15,84.35,84.89,84.56,83.99,501171.0,14119970.0
2012-02-14,84.89,85.19,84.59,83.87,485001.0,13662747.0
2012-02-13,82.64,85.19,84.89,81.32,948336.0,26338984.0
2012-02-10,83.09,83.3,82.82,81.62,752925.0,20729084.0
2012-02-09,82.55,83.93,83.3,82.55,837060.0,23263642.0
2012-02-08,81.83,84.17,83.54,81.44,862990.0,23867360.0
2012-02-07,80.69,82.91,82.34,80.54,1512393.0,41506796.0
2012-02-06,80.99,82.55,82.01,80.42,1351752.0,36905732.0
2012-02-03,79.34,82.82,81.08,78.89,1749566.0,47353668.0
2012-02-02,78.29,79.49,79.19,77.72,1135369.0,29597744.0
2012-02-01,75.95,79.19,77.96,75.95,1136625.0,29673168.0
2012-01-31,76.79,77.06,76.91,76.46,899915.0,23019342.0
2012-01-30,77.09,78.14,76.67,75.92,2392003.0,61740764.0
2012-01-20,74.99,78.29,77.48,74.99,3283989.0,84348856.0
2012-01-19,72.29,75.23,74.75,71.12,1927861.0,47229624.0
2012-01-18,76.94,77.84,72.26,71.39,3617294.0,88453488.0
2012-01-17,77.09,78.83,76.79,71.69,2128187.0,53403068.0
2012-01-16,83.99,83.99,76.28,76.28,1330561.0,35016144.0
2012-01-13,88.64,88.64,84.74,82.79,809449.0,22916692.0
2012-01-12,86.99,88.25,87.05,86.24,494206.0,14348571.0
2012-01-11,88.19,89.54,87.38,85.52,406148.0,11861718.0
2012-01-10,84.62,88.34,88.1,84.23,793496.0,22801324.0
2012-01-09,82.37,84.56,84.11,81.23,1294283.0,36027776.0
2012-01-06,80.63,82.46,82.31,79.19,746917.0,20033088.0
2012-01-05,87.56,88.19,82.13,79.37,1180867.0,32668800.0
2012-01-04,88.94,90.47,88.19,87.74,852922.0,25390614.0
