date,open,high,close,low,volume,amount
2015-07-10,110.18,110.18,110.18,108.02,7672063.0,156348272.0
2015-07-09,88.89,100.18,100.18,88.89,14554338.0,263677264.0
2015-07-08,86.85,93.41,91.24,86.85,70499008.0,1195444224.0
2015-07-07,101.72,105.58,96.48,96.48,24290898.0,447210400.0
2015-07-06,123.19,123.19,107.22,101.19,27940442.0,576932096.0
2015-07-03,120.6,126.95,112.45,112.45,28259066.0,619499648.0
2015-07-02,127.0,138.05,124.94,124.94,24585812.0,594766784.0
2015-07-01,148.63,157.89,138.79,138.79,19041674.0,540095808.0
2015-06-30,144.93,157.31,154.24,132.76,30140326.0,817242496.0
2015-06-29,168.73,168.73,147.52,147.52,22159486.0,634685952.0
2015-06-26,174.02,176.14,163.92,163.92,15365160.0,489658496.0
2015-06-25,188.3,194.65,182.12,179.84,19567796.0,700244608.0
2015-06-24,186.29,188.46,187.78,178.78,20525204.0,719123520.0
2015-06-23,178.89,184.5,184.34,165.66,15326733.0,512728576.0
2015-06-19,178.25,182.43,173.28,169.53,12999870.0,433384992.0
2015-06-18,188.67,194.07,180.32,179.21,14099033.0,502670464.0
2015-06-17,185.18,189.78,188.09,169.63,19157568.0,648547136.0
2015-06-16,197.77,197.77,182.59,181.64,25628396.0,902729664.0
2015-06-15,197.56,208.3,201.84,197.56,25974820.0,1003604928.0
2015-06-12,201.0,204.49,197.24,193.33,25329620.0,948508480.0
2015-06-11,207.88,209.94,203.48,195.71,32881820.0,1267204864.0
2015-06-10,195.71,209.14,205.76,194.54,30822576.0,1188871680.0
2015-06-09,185.98,203.22,201.42,185.71,31686828.0,1176082944.0
2015-06-08,180.1,187.09,185.71,169.26,30716374.0,1050678336.0
2015-06-05,181.8,186.66,179.31,177.25,24122370.0,826296320.0
2015-06-04,186.08,189.68,180.63,170.9,26808480.0,911462080.0
2015-06-03,180.37,192.64,189.89,179.21,35653296.0,1259634304.0
2015-06-02,177.04,188.04,183.97,169.26,30763436.0,1045162240.0
2015-06-01,159.85,171.75,171.75,157.68,23177144.0,734885248.0
2015-05-29,154.98,161.8,156.14,150.01,19446352.0,578275904.0
2015-05-28,172.44,179.05,157.36,157.36,23641352.0,751679360.0
2015-05-27,178.78,181.9,174.82,172.06,20784232.0,688624512.0
2015-05-26,182.49,185.13,178.15,168.2,30227112.0,1023580480.0
2015-05-25,161.86,181.43,179.42,161.86,40866156.0,1308422656.0
2015-05-22,158.95,168.47,165.56,155.46,43246360.0,1321479168.0
2015-05-21,148.63,158.79,158.37,144.51,36278520.0,1035983168.0
2015-05-20,147.73,150.06,146.62,145.46,19169724.0,535454176.0
2015-05-19,142.76,147.84,146.04,141.76,15056124.0,414419104.0
2015-05-18,140.65,144.88,142.71,137.79,12334681.0,331513536.0
2015-05-15,142.76,142.76,139.32,136.57,17783452.0,467488864.0
2015-05-14,148.9,151.28,146.04,144.77,17810078.0,496761312.0
2015-05-13,149.16,155.09,151.33,145.19,26111504.0,739458240.0
2015-05-12,142.81,150.11,149.27,140.17,23463810.0,650447104.0
2015-05-11,140.81,144.4,143.56,137.1,16828656.0,449649120.0
2015-05-08,133.08,139.69,138.69,131.18,14668759.0,373413920.0
2015-05-07,129.59,131.87,128.8,128.06,8198790.0,200894480.0
2015-05-06,135.94,140.17,130.44,129.59,10435894.0,266834192.0
2015-05-05,143.61,144.51,135.25,133.93,14666329.0,384874752.0
2015-05-04,148.1,149.06,144.93,141.28,9751616.0,268415200.0
2015-04-30,147.05,150.22,143.03,142.81,10615029.0,293065888.0
2015-04-29,141.81,147.47,143.87,140.7,8384030.0,228795728.0
2015-04-28,153.39,155.88,144.4,141.76,17379144.0,487497984.0
2015-04-27,151.97,160.27,154.08,151.97,21630528.0,636471104.0
2015-04-24,151.17,153.87,151.22,149.27,14061606.0,403459680.0
2015-04-23,150.75,155.51,151.33,150.64,11738223.0,338371168.0
2015-04-22,151.01,154.19,152.49,150.85,10802558.0,311501696.0
2015-04-21,143.87,151.59,150.7,143.61,12339205.0,348030880.0
2015-04-20,148.9,154.72,145.62,145.35,18013412.0,511467808.0
2015-04-17,150.27,156.99,151.01,148.21,19414384.0,559160064.0
2015-04-16,138.32,146.46,145.83,138.32,11226449.0,304898208.0
2015-04-15,149.8,149.8,142.55,139.53,18268164.0,497684704.0
2015-04-14,155.51,158.05,149.9,148.63,15217158.0,437061760.0
2015-04-13,153.34,161.22,156.94,152.34,17217736.0,508978752.0
2015-04-10,160.43,160.43,156.04,151.01,17979250.0,531038240.0
2015-04-09,153.45,161.33,155.56,150.22,24031644.0,703220992.0
2015-04-08,148.1,158.52,152.92,148.05,28496672.0,821248192.0
2015-04-07,139.22,147.15,144.51,138.0,21716860.0,582480896.0
2015-04-03,135.78,139.85,137.68,134.62,12506224.0,324388832.0
2015-04-02,138.64,141.6,137.42,133.88,19383918.0,506149632.0
2015-04-01,130.65,136.47,135.25,129.54,22196990.0,559843264.0
2015-03-31,131.07,134.83,130.6,129.33,18198498.0,452880960.0
2015-03-30,129.06,135.36,130.54,127.79,18101352.0,447821120.0
2015-03-27,130.81,130.81,126.42,125.41,11599633.0,279317504.0
2015-03-26,126.73,133.66,130.81,121.66,26011180.0,627242624.0
2015-03-25,130.65,133.93,127.26,126.79,24975754.0,614554752.0
2015-03-24,126.36,127.58,125.89,121.02,20083662.0,472858016.0
2015-03-23,125.52,128.48,126.63,122.03,20140884.0,475733152.0
2015-03-20,123.35,128.53,124.51,123.14,16339742.0,387138816.0
2015-03-19,125.47,125.47,124.2,121.92,16248730.0,380219520.0
2015-03-18,126.31,128.59,126.73,122.98,25725764.0,611303168.0
2015-03-17,128.0,131.12,125.68,121.76,49259888.0,1175671936.0
2015-03-16,109.49,120.23,120.23,106.95,26728192.0,586421248.0
2015-03-13,108.12,114.67,109.28,105.89,31858492.0,667172992.0
2015-03-12,100.02,107.11,106.53,98.65,15412496.0,299783680.0
2015-03-11,102.03,102.09,100.02,99.07,5337372.0,101238216.0
2015-03-10,101.03,104.1,101.61,100.92,7286363.0,140691712.0
2015-03-09,99.07,101.82,101.66,98.07,6500394.0,123337480.0
2015-03-06,100.5,100.97,99.44,97.85,5833265.0,109259800.0
2015-03-05,103.62,103.62,99.55,98.86,10182031.0,193238160.0
2015-03-04,101.29,105.15,103.62,101.29,9084038.0,177592176.0
2015-03-03,101.56,103.14,101.24,100.08,7482367.0,143369760.0
2015-03-02,100.02,103.04,101.77,98.49,15808569.0,301840992.0
2015-02-27,97.33,100.39,100.34,97.11,12309976.0,230859744.0
2015-02-26,95.95,98.12,97.11,95.47,7093305.0,130161112.0
2015-02-25,98.12,98.12,95.95,95.21,5409678.0,98559752.0
2015-02-17,98.59,98.65,96.9,96.16,8514863.0,156154352.0
2015-02-16,96.0,100.71,98.44,95.95,8042829.0,149982112.0
2015-02-13,96.85,97.54,96.53,95.47,7296924.0,132821152.0
2015-02-12,96.37,96.74,95.9,94.05,5446607.0,97777848.0
2015-02-11,92.88,97.64,96.27,92.88,5235948.0,95029008.0
2015-02-10,92.25,93.31,92.99,91.98,3705450.0,64969056.0
2015-02-09,91.35,93.41,92.78,91.3,4545261.0,79461456.0
2015-02-06,95.05,95.16,91.08,90.98,10032900.0,174978784.0
2015-02-05,98.65,98.65,95.05,94.68,11375018.0,206450144.0
2015-02-04,97.48,99.33,97.43,96.85,7276296.0,134772576.0
2015-02-03,96.0,98.75,97.43,94.52,8657704.0,158636976.0
2015-02-02,95.21,96.48,96.32,93.09,9704608.0,174338192.0
2015-01-30,102.09,107.69,98.65,98.44,13763338.0,269381728.0
2015-01-29,99.71,101.56,101.4,98.38,6921255.0,131351912.0
2015-01-28,99.49,101.4,100.13,98.33,6630972.0,124832064.0
2015-01-27,102.51,102.93,100.92,97.64,11349378.0,214924592.0
2015-01-26,98.33,102.77,102.51,97.75,16334627.0,311998240.0
2015-01-23,100.61,101.4,99.23,97.33,13099247.0,244814480.0
2015-01-22,97.75,100.23,100.02,96.37,17798060.0,330569984.0
2015-01-21,91.08,100.08,99.12,91.08,31268604.0,582618496.0
2015-01-20,92.88,94.58,90.98,88.65,15907759.0,275737984.0
2015-01-19,94.36,96.37,92.25,92.04,9486796.0,169332944.0
2015-01-16,95.16,98.07,97.64,94.42,8934704.0,163369552.0
2015-01-15,93.83,95.1,94.84,89.92,4639266.0,81916104.0
2015-01-14,95.21,95.95,93.68,92.56,7336052.0,129971288.0
2015-01-13,97.11,98.01,96.27,95.58,7519359.0,137213296.0
2015-01-12,95.21,99.18,96.8,94.58,11154324.0,204071392.0
2015-01-09,92.99,97.85,95.84,92.94,19059868.0,347237216.0
2015-01-08,92.94,94.36,92.72,92.04,6833637.0,120539056.0
2015-01-07,94.58,94.68,93.41,91.45,8538120.0,149748848.0
2015-01-06,89.81,97.11,93.99,89.13,20133010.0,358417728.0
2015-01-05,88.49,90.56,90.4,87.28,10421715.0,175720224.0
2014-12-31,89.34,90.03,86.48,84.89,10134803.0,165982272.0
2014-12-30,91.51,92.56,89.87,88.97,11143267.0,191115040.0
2014-12-29,90.29,95.16,93.68,88.7,17251130.0,301560608.0
2014-12-26,88.02,90.45,90.29,87.17,9077402.0,151935840.0
2014-12-25,86.16,88.28,87.33,85.95,6872439.0,113212640.0
2014-12-24,85.05,86.17,85.48,84.63,5661898.0,91289872.0
2014-12-23,85.42,87.17,84.63,84.16,7412476.0,119789272.0
2014-12-22,92.88,92.88,86.53,84.47,19380778.0,321424448.0
2014-12-19,93.62,98.59,93.83,93.09,21437506.0,389096320.0
2014-12-18,91.19,95.53,94.31,89.81,22559528.0,397223328.0
2014-12-17,94.68,94.68,92.25,89.92,15033728.0,262342928.0
2014-12-16,96.27,96.43,93.04,92.72,27580176.0,492790656.0
2014-12-15,85.95,94.63,94.63,85.95,36527948.0,633352576.0
2014-12-12,86.64,87.01,86.01,84.63,12147749.0,196648288.0
2014-12-11,82.67,86.59,85.32,81.99,14162583.0,227902208.0
2014-12-10,79.61,83.31,82.73,78.97,9809805.0,150764928.0
2014-12-09,84.68,84.68,79.92,79.34,18067340.0,280400576.0
2014-12-08,84.84,86.22,84.58,83.31,15503702.0,248199824.0
2014-12-05,88.86,89.97,84.74,82.09,20125132.0,326325696.0
2014-12-04,87.28,89.23,88.44,86.75,21348108.0,355695744.0
2014-12-03,86.48,89.18,87.7,86.16,21781346.0,360168320.0
2014-12-02,83.73,85.64,84.53,83.73,12891340.0,205948208.0
2014-12-01,85.42,87.17,85.16,83.15,14093538.0,227687760.0
2014-11-28,89.13,89.28,85.27,84.79,18298428.0,301403008.0
2014-11-27,87.54,88.65,87.43,85.74,13097970.0,215840032.0
2014-11-26,84.79,87.8,86.53,84.42,15810320.0,258766832.0
2014-11-25,83.63,84.74,84.68,83.41,9029075.0,143268256.0
2014-11-24,84.63,85.0,83.47,83.04,11008750.0,174441648.0
2014-11-21,83.36,84.53,83.84,82.52,6541931.0,103261192.0
2014-11-20,84.16,84.16,83.31,82.52,6385242.0,100381888.0
2014-11-19,80.98,85.37,84.37,80.08,14070976.0,222141888.0
2014-11-18,82.36,82.67,80.77,79.87,7573160.0,116534560.0
2014-11-17,82.04,83.52,82.25,80.72,8492878.0,132439048.0
2014-11-14,79.45,81.09,80.93,77.75,7706392.0,115371328.0
2014-11-13,82.09,82.25,79.5,78.81,9380841.0,142133280.0
2014-11-12,80.24,82.3,81.99,79.13,8261821.0,126940128.0
2014-11-11,85.74,86.11,80.72,79.39,16260840.0,254233312.0
2014-11-10,86.75,87.01,85.48,83.47,13870316.0,222636048.0
2014-11-07,86.48,87.01,86.75,84.1,15832041.0,255096304.0
2014-11-06,85.95,88.12,86.32,85.42,13719821.0,224970144.0
2014-11-05,88.07,91.77,85.85,84.1,31768568.0,524497152.0
2014-11-04,89.28,89.87,88.6,85.64,17988534.0,299018144.0
2014-11-03,90.45,91.08,89.28,88.28,17356464.0,293367168.0
2014-10-31,85.69,90.87,89.76,85.69,38991176.0,657209792.0
2014-10-30,84.79,86.38,85.11,83.89,21627932.0,347865504.0
2014-10-29,81.72,85.48,84.1,81.46,26521236.0,420855072.0
2014-10-28,80.82,81.46,81.35,80.03,10653782.0,162767424.0
2014-10-27,79.28,81.89,81.31,79.28,10656177.0,161576784.0
2014-10-24,77.14,80.4,79.92,76.71,11309750.0,167384448.0
2014-10-23,77.19,77.67,76.87,76.02,5087475.0,73147928.0
2014-10-22,78.26,79.28,77.41,76.82,6718493.0,98297320.0
2014-10-21,79.06,79.92,77.78,77.09,8203654.0,120335744.0
2014-10-20,78.47,80.45,79.17,77.99,10086281.0,149882992.0
2014-10-17,80.13,81.36,77.94,76.66,12375166.0,181447872.0
2014-10-16,82.53,83.07,80.45,80.29,9916398.0,151634560.0
2014-10-15,82.0,84.24,82.86,81.79,9343523.0,145294576.0
2014-10-14,82.75,83.34,82.0,80.72,8504338.0,130965048.0
2014-10-13,82.05,83.34,82.86,80.18,11424999.0,175611408.0
2014-10-10,84.08,84.08,82.21,81.79,18509622.0,285915648.0
2014-10-09,85.85,86.81,84.67,82.8,21906650.0,345957440.0
2014-10-08,87.4,88.36,86.92,85.1,20200600.0,329402080.0
2014-09-30,85.31,86.17,85.37,83.12,17215160.0,272466816.0
2014-09-29,84.83,86.01,85.05,83.5,16547169.0,262630592.0
2014-09-26,86.27,86.27,84.83,82.69,23660386.0,372714144.0
2014-09-25,89.11,90.71,86.17,85.47,30840048.0,506060128.0
2014-09-24,84.78,88.09,87.61,83.44,38514220.0,617236800.0
2014-09-23,77.99,80.93,80.88,77.03,31066248.0,461463072.0
2014-09-22,73.72,81.89,79.01,73.72,45784004.0,678770752.0
2014-09-19,74.25,75.06,74.47,73.08,15845898.0,219530752.0
2014-09-18,71.74,75.48,74.36,71.1,26040152.0,359863648.0
2014-09-17,71.37,72.39,71.64,69.02,21065936.0,278979520.0
2014-09-16,77.19,78.31,71.58,70.57,51866116.0,728747520.0
2014-09-15,68.86,75.16,75.16,68.86,27207460.0,373926592.0
2014-09-12,67.68,68.54,68.33,67.31,7987843.0,101763168.0
2014-09-11,68.7,69.71,67.79,67.31,12412709.0,158946800.0
2014-09-10,69.87,69.87,68.86,68.27,12955861.0,167389552.0
2014-09-09,68.0,70.78,70.25,67.26,19479568.0,252950096.0
2014-09-05,67.47,68.54,67.74,67.31,12465440.0,158302688.0
2014-09-04,68.27,68.54,67.52,66.78,12206343.0,154161504.0
2014-09-03,66.51,68.64,67.68,66.45,12305508.0,155527232.0
2014-09-02,66.24,66.94,66.35,65.49,9439676.0,117405376.0
2014-09-01,65.17,66.19,66.08,64.59,8338279.0,102198704.0
2014-08-29,63.62,65.17,65.07,63.57,6409566.0,77385496.0
2014-08-28,64.11,64.91,64.11,62.72,9145708.0,109449928.0
2014-08-27,63.46,65.17,64.27,63.36,7368766.0,88935224.0
2014-08-26,65.81,66.51,63.73,63.62,10378367.0,125618784.0
2014-08-25,67.04,67.79,65.81,65.71,9564287.0,118909392.0
2014-08-22,68.0,68.22,66.83,66.3,14254341.0,178966320.0
2014-08-21,66.78,68.81,68.43,66.03,19090044.0,241181504.0
2014-08-20,67.42,69.07,67.31,66.78,18074748.0,229757312.0
2014-08-19,69.18,69.45,67.63,67.04,28060832.0,357413760.0
2014-08-18,70.78,71.8,69.82,67.95,54349824.0,709401472.0
2014-08-15,62.23,68.38,68.38,61.97,26824316.0,334105216.0
2014-08-14,63.09,64.42,62.18,61.86,10190821.0,120503512.0
2014-08-13,63.84,64.59,63.04,62.29,12554159.0,148602128.0
2014-08-12,62.34,65.44,64.42,62.08,18647108.0,224542336.0
2014-08-11,61.86,62.4,62.34,61.43,10383289.0,120393088.0
2014-08-08,60.37,62.77,61.65,60.37,14220561.0,164421488.0
2014-08-07,60.69,61.7,60.37,60.2,10252460.0,117019456.0
2014-08-06,60.1,60.79,60.74,59.56,8793533.0,99170096.0
2014-08-05,60.31,60.79,60.47,59.51,8954109.0,100788096.0
2014-08-04,59.3,60.05,59.99,59.19,6947126.0,77602776.0
2014-08-01,59.3,59.88,59.14,59.08,7078085.0,78745480.0
2014-07-31,59.67,59.83,59.51,58.5,6992694.0,77535936.0
2014-07-30,59.56,60.31,59.56,58.6,9715641.0,107813424.0
2014-07-29,60.26,61.38,59.83,59.3,14565592.0,163715104.0
2014-07-28,56.57,59.19,59.08,56.36,13633660.0,148056672.0
2014-07-25,55.5,56.47,56.36,55.34,5933520.0,62191240.0
2014-07-24,55.08,55.61,55.5,54.06,6729127.0,69142048.0
2014-07-23,55.61,55.77,55.08,54.92,6427417.0,66456120.0
2014-07-22,55.02,55.98,55.83,54.81,9036714.0,93577776.0
2014-07-21,57.8,57.96,55.13,54.92,11857682.0,124474696.0
2014-07-18,57.85,58.02,57.69,57.43,3984489.0,43003652.0
2014-07-17,57.85,57.96,57.8,57.16,4804606.0,51754960.0
2014-07-16,59.14,59.14,58.17,58.02,6982361.0,76484000.0
2014-07-15,57.96,59.3,59.19,57.64,12345137.0,135038592.0
2014-07-14,57.53,58.12,57.91,57.11,8033068.0,86785688.0
2014-07-11,57.59,58.02,57.64,56.73,10784734.0,115670568.0
2014-07-10,59.14,59.83,57.64,57.11,9327985.0,101933152.0
2014-07-09,62.23,62.23,59.35,59.08,9221768.0,104503800.0
2014-07-08,62.05,62.05,61.59,60.76,5304837.0,62505520.0
2014-07-07,62.58,62.78,62.42,61.85,7564942.0,90567488.0
2014-07-04,63.04,63.41,62.94,61.53,8975335.0,107910432.0
2014-07-03,62.31,63.36,63.15,61.9,7454311.0,89941840.0
2014-07-02,62.42,62.58,62.16,61.53,6293046.0,75124976.0
2014-07-01,62.73,63.2,62.11,61.74,5284046.0,63101912.0
2014-06-30,61.27,62.99,62.84,60.6,6567333.0,78143312.0
2014-06-27,60.96,61.53,61.27,60.39,4938103.0,57899508.0
2014-06-26,60.86,61.17,61.02,60.29,5521244.0,64499172.0
2014-06-25,61.38,61.48,60.34,60.03,4340437.0,50461060.0
2014-06-24,61.12,61.59,61.38,60.76,2985974.0,35150288.0
2014-06-23,61.07,61.64,61.07,60.49,3309886.0,38781208.0
2014-06-20,60.34,61.22,60.86,60.23,2473878.0,28893708.0
2014-06-19,61.64,62.31,60.29,59.82,4578597.0,53539584.0
2014-06-18,63.3,63.72,62.0,61.38,5797240.0,69668576.0
2014-06-17,64.45,64.86,63.25,63.2,4536542.0,55920252.0
2014-06-16,63.98,64.97,64.86,63.82,5111333.0,63196588.0
2014-06-13,63.72,64.34,64.08,62.84,6248340.0,76700760.0
2014-06-12,65.49,66.01,64.24,63.77,8666979.0,108537568.0
2014-06-11,65.38,65.38,64.66,64.19,5067136.0,62941188.0
2014-06-10,63.46,65.75,65.54,62.52,8952552.0,111107904.0
2014-06-09,62.94,64.71,63.2,62.47,3951785.0,48492984.0
2014-06-06,63.41,64.6,63.09,62.89,4607143.0,56489536.0
2014-06-05,61.27,63.2,63.15,61.12,3079716.0,36890488.0
2014-06-04,62.68,62.78,61.64,60.76,4525155.0,53488628.0
2014-06-03,63.25,63.93,62.68,62.47,3008409.0,36439616.0
2014-05-30,64.4,65.23,63.25,62.78,4156086.0,50874632.0
2014-05-29,64.66,66.06,64.6,64.29,7620245.0,95387024.0
2014-05-28,64.34,65.54,64.76,63.41,6706018.0,83048584.0
2014-05-27,61.74,64.97,64.4,61.69,12005169.0,146634240.0
2014-05-26,62.16,62.84,61.74,61.53,7337720.0,87671736.0
2014-05-23,60.39,61.8,61.74,60.23,3803773.0,44807376.0
2014-05-22,60.76,61.8,60.44,60.23,3739251.0,43941584.0
2014-05-21,59.82,60.6,60.44,58.93,4257585.0,48988200.0
2014-05-20,60.96,61.07,59.92,59.56,5090417.0,58987688.0
2014-05-19,61.12,61.12,60.03,59.3,4445197.0,51220704.0
2014-05-16,61.02,61.64,61.12,59.82,4871708.0,56779516.0
2014-05-15,64.5,65.28,61.69,61.38,5511104.0,67166880.0
2014-05-14,62.42,64.76,64.19,62.42,5145872.0,63086204.0
2014-05-13,62.58,63.25,62.78,62.21,3144541.0,37926352.0
2014-05-12,61.33,62.84,62.68,61.02,4206234.0,50144232.0
2014-05-09,62.42,63.04,60.91,60.29,4490540.0,52800024.0
2014-05-08,61.9,64.29,62.31,61.38,5016127.0,60917764.0
2014-05-07,64.19,64.45,62.31,61.9,6423185.0,78146896.0
2014-05-06,65.18,65.75,64.5,64.08,6374031.0,79740696.0
2014-05-05,63.3,65.44,65.18,62.99,5475351.0,67647976.0
2014-04-30,63.72,64.76,63.82,63.09,8874419.0,108931672.0
2014-04-29,61.27,63.62,63.51,61.12,7496297.0,90341456.0
2014-04-28,62.42,62.42,61.12,59.97,7493202.0,88293984.0
2014-04-25,63.25,64.34,62.84,62.47,7430515.0,90457136.0
2014-04-24,63.09,63.77,62.63,62.31,7285973.0,88220968.0
2014-04-23,64.97,65.28,63.2,62.89,12100873.0,148320640.0
2014-04-22,67.62,67.98,65.12,64.55,11621816.0,147391088.0
2014-04-21,68.66,69.91,67.62,67.26,7031983.0,92950448.0
2014-04-18,69.03,70.17,68.87,68.56,6954441.0,92683120.0
2014-04-17,70.01,71.16,68.82,68.71,9912451.0,133069640.0
2014-04-16,69.55,70.95,69.96,69.13,9436586.0,127031296.0
2014-04-15,72.56,72.72,70.27,69.39,20455712.0,277059200.0
2014-04-14,73.08,74.54,73.03,71.63,19565674.0,273828064.0
2014-04-11,75.94,76.98,73.08,72.41,36524984.0,521888032.0
2014-04-10,67.62,75.42,75.42,67.05,29553382.0,414858880.0
2014-04-09,66.32,69.08,68.56,64.71,25643368.0,332470048.0
2014-04-08,59.4,62.84,62.78,59.3,10949798.0,130154896.0
2014-04-04,58.26,60.08,59.82,58.26,3530809.0,40373916.0
2014-04-03,59.09,59.3,58.47,58.36,2741187.0,31031124.0
2014-04-02,59.09,59.77,58.99,58.78,2485900.0,28229180.0
2014-04-01,57.74,59.3,59.25,57.74,3338025.0,37711616.0
2014-03-31,58.67,59.19,58.0,57.32,4552306.0,50932504.0
2014-03-28,60.44,61.17,58.36,58.15,6787157.0,77410168.0
2014-03-27,61.8,63.35,60.91,60.86,5870718.0,70112232.0
2014-03-26,63.2,63.41,61.69,61.12,8543242.0,101746448.0
2014-03-25,61.27,64.34,62.26,61.22,10906610.0,132255400.0
2014-03-24,60.34,62.94,62.05,59.66,12595613.0,149149472.0
2014-03-21,58.26,61.9,60.81,56.49,11426265.0,129442720.0
2014-03-20,61.9,62.94,58.78,58.73,6357738.0,74686944.0
2014-03-19,61.48,62.99,62.21,60.23,6955962.0,82569512.0
2014-03-18,60.39,63.72,61.8,60.34,12871121.0,154500192.0
2014-03-17,57.22,61.07,60.76,56.75,11318194.0,129402816.0
2014-03-14,59.09,59.09,57.48,56.96,9074614.0,100962184.0
2014-03-13,59.25,60.03,59.56,58.15,6733625.0,76487936.0
2014-03-12,58.26,59.66,58.93,57.37,7506354.0,84374576.0
2014-03-11,59.82,60.08,58.41,57.22,13477164.0,151510672.0
2014-03-10,62.94,63.72,60.65,58.78,19080408.0,224056384.0
2014-03-07,67.0,67.93,63.56,62.99,19778772.0,248265712.0
2014-03-06,68.87,70.01,67.83,67.62,9283073.0,122600472.0
2014-03-05,68.4,69.96,69.13,66.27,13016080.0,170403136.0
2014-03-04,68.56,71.47,68.25,68.14,16836436.0,225483984.0
2014-03-03,66.11,70.12,68.82,64.24,18926516.0,247449088.0
2014-02-28,64.24,67.31,66.16,62.42,20733880.0,259131184.0
2014-02-27,62.58,66.42,62.0,61.53,17108020.0,210330704.0
2014-02-26,61.12,64.08,63.15,56.7,22657068.0,264749040.0
2014-02-25,66.74,69.91,61.48,60.81,32918820.0,413677632.0
2014-02-24,62.31,68.77,67.57,61.64,36258056.0,460806432.0
2014-02-21,60.44,64.14,62.52,59.3,20580832.0,246214192.0
2014-02-20,60.86,63.2,61.17,58.88,20885100.0,246239328.0
2014-02-19,61.17,62.42,60.44,59.71,14852016.0,173304864.0
2014-02-18,61.69,62.05,61.9,60.08,14456872.0,169267328.0
2014-02-17,57.58,62.16,61.59,57.58,28936216.0,336946656.0
2014-02-14,55.29,58.15,57.53,55.14,16240086.0,177811312.0
2014-02-13,56.7,57.89,55.55,55.5,22274476.0,243097488.0
2014-02-12,53.06,57.01,55.71,52.8,21615864.0,229514736.0
2014-02-11,53.42,53.78,52.9,51.81,10492499.0,106647400.0
2014-02-10,51.76,53.99,53.52,51.34,14283697.0,146346320.0
2014-02-07,50.72,51.76,51.7,49.73,7967485.0,77391584.0
2014-01-30,51.91,51.91,50.72,50.35,4491514.0,44113084.0
2014-01-29,51.5,52.43,51.91,51.44,8186747.0,81595128.0
2014-01-28,50.82,52.74,52.38,50.35,18566876.0,184567056.0
2014-01-27,49.99,50.72,49.99,49.78,5227084.0,50586776.0
2014-01-24,50.3,51.08,50.35,49.94,5878912.0,57216888.0
2014-01-23,50.45,50.72,50.45,49.73,5110711.0,49276696.0
2014-01-22,48.95,50.82,50.66,48.84,11906038.0,114447696.0
2014-01-21,47.39,48.63,48.63,47.39,5010506.0,46554056.0
2014-01-20,47.65,48.22,47.54,47.28,3770039.0,34624900.0
2014-01-17,47.96,48.84,47.54,47.39,4305977.0,39846352.0
2014-01-16,48.38,49.47,48.48,48.06,6907814.0,65027524.0
2014-01-15,48.43,48.53,48.43,47.65,3795105.0,35096560.0
2014-01-14,47.49,48.53,48.48,47.18,3949468.0,36401364.0
2014-01-13,48.43,48.95,47.49,46.87,6076985.0,55744224.0
2014-01-10,48.84,49.16,48.74,48.01,5054000.0,47146920.0
2014-01-09,48.38,50.04,48.32,48.17,7386958.0,69885232.0
2014-01-08,50.35,50.72,48.38,48.38,9029354.0,85409024.0
2014-01-07,49.57,50.98,50.46,49.41,3719743.0,35992200.0
2014-01-06,50.25,50.72,49.99,49.31,7078338.0,67918544.0
2014-01-03,52.48,52.48,50.61,50.25,11129523.0,109810536.0
2014-01-02,53.21,53.42,52.54,52.43,5350943.0,54348712.0
2013-12-31,53.58,53.84,53.0,52.69,4047709.0,41392880.0
2013-12-30,55.6,55.6,53.94,53.47,8985818.0,93404680.0
2013-12-27,51.7,55.92,55.24,51.5,11890447.0,123622304.0
2013-12-26,54.05,54.05,51.86,51.81,6940235.0,70470880.0
2013-12-25,53.16,54.1,54.05,52.95,3995513.0,41157572.0
2013-12-24,53.06,54.62,53.47,52.95,4278474.0,44280040.0
2013-12-23,52.95,53.73,53.32,52.54,3437474.0,35084044.0
2013-12-20,54.3,55.14,52.85,52.64,7385953.0,76366016.0
2013-12-19,57.06,57.06,54.67,54.51,4996703.0,53573824.0
2013-12-18,56.59,57.16,56.44,55.81,3579220.0,38855376.0
2013-12-17,57.27,57.89,56.54,56.07,5141790.0,55965440.0
2013-12-16,58.99,59.35,57.27,56.8,10072886.0,111833872.0
2013-12-13,57.17,60.34,59.04,56.8,13434612.0,151296240.0
2013-12-12,57.74,58.57,57.37,56.96,10281588.0,114201968.0
2013-12-11,56.38,58.57,58.15,55.71,15361874.0,169807536.0
2013-12-10,56.59,58.0,57.22,56.33,16159736.0,178231440.0
2013-12-09,55.4,56.33,56.23,54.62,6481173.0,69412416.0
2013-12-06,55.76,56.85,55.55,55.03,7542457.0,81139760.0
2013-12-05,57.01,57.06,56.28,55.45,12125509.0,131018224.0
2013-12-04,53.06,59.09,57.32,53.06,29066980.0,320906528.0
2013-12-03,52.9,53.99,53.73,52.48,9160410.0,93666952.0
2013-12-02,55.71,57.22,53.0,52.9,15523978.0,163004032.0
2013-11-29,56.91,57.84,57.48,56.59,13116045.0,144080944.0
2013-11-28,57.22,59.04,57.69,56.8,13372893.0,148881072.0
2013-11-27,56.65,57.63,57.06,55.66,11918309.0,129761080.0
2013-11-26,56.44,57.89,56.59,55.34,11738006.0,127963432.0
2013-11-25,58.0,58.05,56.12,55.92,13437663.0,146592256.0
2013-11-22,58.52,59.87,57.74,57.74,10808187.0,122046808.0
2013-11-21,58.41,59.56,58.47,57.95,14365948.0,161907472.0
2013-11-20,56.65,59.51,58.88,56.28,21021828.0,235768592.0
2013-11-19,56.23,56.96,56.12,55.6,13784568.0,148758112.0
2013-11-18,53.63,57.43,56.85,53.63,24630080.0,263319072.0
2013-11-15,53.52,56.18,53.63,53.21,18573556.0,195177408.0
2013-11-14,52.38,53.73,53.68,51.81,14301044.0,145427952.0
2013-11-13,53.52,54.67,52.74,52.69,10681211.0,110269792.0
2013-11-12,55.6,55.92,54.36,53.06,18608260.0,194407888.0
2013-11-11,58.78,59.4,55.55,55.19,20767608.0,228427136.0
2013-11-08,59.3,61.38,59.56,58.26,34660600.0,399195936.0
2013-11-07,57.74,60.34,58.62,57.27,23266208.0,261693280.0
2013-11-06,59.61,61.64,58.57,58.52,37715456.0,435953984.0
2013-11-05,57.74,60.03,59.87,56.75,28585820.0,323988576.0
2013-11-04,57.22,58.31,57.48,56.02,21520140.0,237307760.0
2013-11-01,55.24,57.43,56.65,54.56,22140312.0,238826880.0
2013-10-31,58.57,60.18,55.97,55.71,25341472.0,283035360.0
2013-10-30,56.96,60.34,59.4,56.7,28877980.0,326617952.0
2013-10-29,59.87,61.07,57.69,54.72,34938640.0,387401888.0
2013-10-28,58.78,60.91,59.92,58.21,24056624.0,276562112.0
2013-10-25,60.29,60.29,59.3,56.75,30374066.0,342814752.0
2013-10-24,59.51,60.6,59.71,58.52,27519916.0,315098304.0
2013-10-23,61.48,62.31,59.35,57.74,58507680.0,674182144.0
2013-10-22,72.3,73.66,63.3,63.3,67678472.0,887333888.0
2013-10-21,63.46,70.33,70.33,62.58,47849640.0,608105856.0
2013-10-18,63.41,64.6,63.93,62.26,40866512.0,499509088.0
2013-10-17,67.26,67.41,63.41,60.81,67100432.0,826968192.0
2013-10-16,68.4,70.22,67.47,65.02,66857952.0,864580992.0
2013-10-15,65.85,68.77,68.77,64.76,60499904.0,792816192.0
2013-10-14,61.85,64.92,62.52,60.76,70870176.0,854937856.0
2013-10-11,59.04,59.92,59.92,56.59,81196752.0,920491904.0
2013-10-10,54.46,54.46,54.46,54.46,10539591.0,110349520.0
2013-10-09,45.77,49.52,49.52,45.77,25891302.0,242004432.0
2013-10-08,40.88,44.99,44.99,40.78,18180796.0,152620368.0
2013-09-30,40.47,41.04,40.88,40.36,4191506.0,32783384.0
2013-09-27,40.73,41.15,40.57,40.1,5438820.0,42546704.0
2013-09-26,43.12,43.12,40.57,40.36,11656199.0,93012168.0
2013-09-25,43.43,44.11,43.12,43.07,5840769.0,48902188.0
2013-09-24,44.21,44.21,43.59,42.76,6938808.0,57887344.0
2013-09-23,43.48,44.37,44.27,42.39,3933237.0,33170052.0
2013-09-18,43.07,43.74,43.48,42.97,5148298.0,42898500.0
2013-09-17,45.31,45.31,43.12,42.91,7644795.0,64630976.0
2013-09-16,46.24,46.55,45.36,44.84,6859417.0,60008672.0
2013-09-13,46.24,47.23,46.09,45.51,10224413.0,90763424.0
2013-09-12,43.95,46.4,46.29,43.95,16903748.0,147473680.0
2013-09-11,45.67,45.88,44.21,43.8,10531222.0,90916336.0
2013-09-10,45.15,46.76,45.77,44.79,11703487.0,103353680.0
2013-09-09,44.63,45.41,45.31,43.74,8649998.0,74446592.0
2013-09-06,43.17,44.79,44.37,42.86,8476802.0,71839232.0
2013-09-05,44.06,44.16,43.17,43.07,8417039.0,70367376.0
2013-09-04,44.11,45.72,44.53,43.8,8939709.0,77005616.0
2013-09-03,43.8,44.99,44.53,43.17,9679131.0,81936016.0
2013-09-02,45.93,47.49,44.16,43.12,16908764.0,144459680.0
2013-08-30,47.85,50.4,46.66,46.29,29844348.0,278526816.0
2013-08-29,45.93,47.59,46.29,44.73,19389252.0,173537744.0
2013-08-28,43.54,46.81,45.36,43.17,20122688.0,176075808.0
2013-08-27,44.37,45.62,44.16,43.74,11492430.0,98472968.0
2013-08-26,42.7,44.47,44.11,42.5,10458863.0,87989480.0
2013-08-23,42.7,44.01,42.86,41.87,11685168.0,96330376.0
2013-08-22,42.03,43.59,42.29,41.72,10738123.0,88266760.0
2013-08-21,41.2,42.39,42.19,40.88,5868234.0,47022532.0
2013-08-20,40.42,42.55,41.51,40.31,8777925.0,70205968.0
2013-08-19,39.17,41.35,40.57,39.01,6738760.0,52253080.0
2013-08-16,40.47,41.2,39.32,39.17,8904169.0,68600152.0
2013-08-15,41.35,41.72,40.73,40.57,3840078.0,30372316.0
2013-08-14,40.94,42.08,41.56,40.73,6196810.0,49546480.0
2013-08-13,41.15,41.35,40.99,40.47,4809117.0,37831296.0
2013-08-12,40.99,41.46,41.2,40.68,5693247.0,44916880.0
2013-08-09,40.62,41.25,40.83,40.31,4044430.0,31698090.0
2013-08-08,40.52,41.25,40.68,39.9,6106274.0,47703788.0
2013-08-07,42.08,42.24,40.57,40.26,7494805.0,59137456.0
2013-08-06,41.82,42.55,42.08,41.15,5896212.0,47526288.0
2013-08-05,40.94,42.29,41.82,40.88,5902742.0,47390964.0
2013-08-02,40.57,41.98,40.88,40.42,7913502.0,62779536.0
2013-08-01,38.8,41.25,41.15,38.75,15087709.0,117239672.0
2013-07-31,40.05,40.16,38.7,38.6,9493863.0,71911856.0
2013-07-30,38.28,41.04,39.84,37.24,11814626.0,89270304.0
2013-07-29,37.56,38.23,38.08,37.03,2988093.0,21585688.0
2013-07-26,38.18,38.7,37.66,37.19,4029523.0,29262580.0
2013-07-25,38.6,39.58,38.34,38.28,5862634.0,43949544.0
2013-07-24,38.13,38.91,38.7,37.45,5832565.0,42809980.0
2013-07-23,37.61,38.65,38.28,37.5,6791387.0,49871872.0
2013-07-22,36.31,37.76,37.61,35.89,4167149.0,29687956.0
2013-07-19,37.35,38.75,36.57,36.41,6984730.0,50197676.0
2013-07-18,37.4,38.96,37.61,36.83,7415928.0,54045824.0
2013-07-17,39.06,39.69,37.66,37.61,7696214.0,57035188.0
2013-07-16,38.49,39.12,39.06,37.87,4369266.0,32364762.0
2013-07-15,38.44,38.96,38.91,37.71,5735084.0,42297816.0
2013-07-12,38.23,38.86,37.76,37.24,6638775.0,48471276.0
2013-07-11,37.19,38.49,38.39,36.62,12460597.0,90468944.0
2013-07-10,34.75,37.61,37.14,34.44,8944678.0,62791276.0
2013-07-09,33.71,35.01,34.75,33.29,3182727.0,20961492.0
2013-07-08,35.68,35.68,34.12,33.97,4216217.0,28119372.0
2013-07-05,35.79,36.46,35.63,35.53,5391184.0,37302136.0
2013-07-04,34.44,36.57,35.94,34.23,9083959.0,62280512.0
2013-07-03,35.37,35.37,34.85,34.07,5467673.0,36440880.0
2013-07-02,35.27,35.73,35.48,34.64,8003369.0,54131688.0
2013-07-01,34.8,35.48,35.32,34.17,6135965.0,41323936.0
2013-06-28,34.12,35.22,34.85,33.55,5662973.0,37641472.0
2013-06-27,36.15,36.72,34.59,34.12,9184101.0,62687868.0
2013-06-26,35.22,36.36,36.2,34.8,7136954.0,48889480.0
2013-06-25,35.27,36.41,35.27,32.93,8640618.0,57970392.0
2013-06-24,38.28,38.91,36.05,34.85,10168013.0,71846624.0
2013-06-21,39.06,39.48,38.39,37.5,8831579.0,65277032.0
2013-06-20,41.51,41.87,40.0,39.58,8353724.0,65690584.0
2013-06-19,40.56,42.08,41.37,40.1,14290186.0,116184384.0
2013-06-18,39.09,41.42,41.37,38.78,17289408.0,137774128.0
2013-06-17,39.85,40.05,38.99,38.58,8438377.0,65217160.0
2013-06-14,39.54,40.25,39.8,39.29,10060052.0,78986464.0
2013-06-13,40.05,40.05,39.54,38.28,11438934.0,88401560.0
2013-06-07,41.98,42.33,40.15,40.05,13092342.0,106416520.0
2013-06-06,42.38,43.14,41.98,41.88,13911073.0,116476792.0
2013-06-05,43.65,44.77,42.59,42.08,23059542.0,197307472.0
2013-06-04,45.02,45.27,43.45,42.59,33930824.0,292776640.0
2013-05-31,46.08,47.1,46.79,44.77,53234572.0,481596224.0
2013-05-30,38.63,42.84,42.84,38.58,15954360.0,131541768.0
2013-05-29,38.99,39.59,38.94,38.48,3734893.0,28748954.0
2013-05-28,38.58,39.09,38.78,38.17,3434303.0,26167226.0
2013-05-27,37.47,38.73,38.73,37.47,5810914.0,43837084.0
2013-05-24,37.01,37.52,37.47,36.96,2698827.0,19825924.0
2013-05-23,37.31,37.62,37.16,37.01,3215578.0,23615456.0
2013-05-22,37.67,37.72,37.52,37.31,2351385.0,17402490.0
2013-05-21,37.52,37.77,37.72,37.26,2507053.0,18547252.0
2013-05-20,37.21,37.77,37.52,36.96,2405836.0,17760794.0
2013-05-17,36.86,37.21,37.21,36.55,2855483.0,20775088.0
2013-05-16,35.99,36.86,36.81,35.89,2739343.0,19723252.0
2013-05-15,36.25,36.25,35.99,35.74,1906777.0,13552754.0
2013-05-14,36.65,36.65,36.1,35.99,1285220.0,9179451.0
2013-05-13,36.45,36.7,36.65,35.99,2115502.0,15175211.0
2013-05-10,36.2,36.76,36.45,35.89,2439366.0,17487112.0
2013-05-09,36.1,36.35,36.25,35.89,2122357.0,15135169.0
2013-05-08,36.2,36.3,36.05,35.89,1776412.0,12642120.0
2013-05-07,36.15,36.2,36.1,35.79,1766267.0,12527215.0
2013-05-06,35.84,36.35,36.15,35.84,1845759.0,13146549.0
2013-05-03,35.59,36.5,35.74,35.54,1807063.0,12862006.0
2013-05-02,35.39,35.79,35.59,35.13,2527876.0,17675768.0
2013-04-26,36.3,36.3,35.29,35.03,3497452.0,24625842.0
2013-04-25,36.7,37.01,36.4,35.99,3196644.0,22995608.0
2013-04-24,36.65,37.11,37.11,35.89,4303628.0,31037092.0
2013-04-23,38.17,38.43,36.5,36.45,2949784.0,21572864.0
2013-04-22,38.12,38.48,38.33,37.77,1833008.0,13796178.0
2013-04-19,37.52,38.28,38.12,37.47,1974401.0,14777982.0
2013-04-18,37.01,37.67,37.41,36.96,1296500.0,9577883.0
2013-04-17,36.96,37.47,37.26,36.91,1160284.0,8521810.0
2013-04-16,36.55,37.16,37.11,36.35,1317301.0,9549825.0
2013-04-15,36.76,36.91,36.76,36.45,1141222.0,8252561.0
2013-04-12,36.76,37.16,36.81,36.6,1640350.0,11915232.0
2013-04-11,37.67,37.97,37.01,36.91,1629218.0,12040856.0
2013-04-10,37.72,37.87,37.67,37.01,1551154.0,11480387.0
2013-04-09,37.11,37.82,37.72,37.01,2441564.0,18042968.0
2013-04-08,37.16,37.26,37.01,36.55,3343506.0,24310640.0
2013-04-03,38.33,38.43,37.67,37.52,2414125.0,18067920.0
2013-04-02,38.07,38.63,38.33,37.87,2996573.0,22580548.0
2013-04-01,37.67,38.38,38.12,37.67,1615727.0,12119939.0
2013-03-29,37.52,38.02,37.77,37.52,3088941.0,23026324.0
2013-03-28,38.94,38.94,37.62,37.41,4778006.0,35867332.0
2013-03-27,38.88,39.8,39.24,38.78,2887468.0,22363870.0
2013-03-26,38.83,39.19,38.94,38.12,3908791.0,29773132.0
2013-03-25,39.8,40.2,39.19,38.73,6927419.0,53802192.0
2013-03-22,39.54,40.41,39.85,39.54,6526019.0,51553984.0
2013-03-21,39.39,40.46,39.49,39.14,9634643.0,75767576.0
2013-03-20,38.78,39.49,39.39,38.17,13811857.0,106162024.0
2013-03-19,37.57,39.54,39.49,37.52,7322847.0,55983976.0
2013-03-18,37.41,38.28,37.57,37.21,2562042.0,19027456.0
2013-03-15,36.6,38.28,37.47,36.5,3560535.0,26239492.0
2013-03-14,36.76,36.91,36.6,36.4,1712683.0,12374343.0
2013-03-13,37.11,37.31,36.6,36.15,3350532.0,24190272.0
2013-03-12,38.43,39.24,37.01,36.76,4605684.0,34463224.0
2013-03-11,38.17,38.73,38.43,37.82,1678247.0,12709068.0
2013-03-08,38.58,38.88,38.17,38.12,2654217.0,20131980.0
2013-03-07,37.52,39.49,38.78,37.26,10188691.0,77981152.0
2013-03-06,37.16,37.62,37.57,36.86,3409380.0,25075252.0
2013-03-05,36.5,37.11,37.06,36.4,3648816.0,26529310.0
2013-03-04,37.62,37.62,36.45,36.1,4318445.0,31478574.0
2013-03-01,38.17,38.63,37.82,37.26,5588689.0,41675540.0
2013-02-28,37.36,38.33,38.28,37.06,4527356.0,33674752.0
2013-02-27,37.21,37.52,37.26,36.91,2596980.0,19070132.0
2013-02-26,37.26,38.02,37.21,36.7,5034770.0,37187044.0
2013-02-25,37.01,37.72,37.41,37.01,2135359.0,15766063.0
2013-02-22,37.26,37.77,37.21,37.11,3095666.0,22866068.0
2013-02-21,38.02,38.07,37.36,36.96,3781129.0,27964432.0
2013-02-20,37.87,38.53,38.43,37.57,3149412.0,23642436.0
2013-02-19,39.29,39.34,37.92,37.62,5241042.0,39589604.0
2013-02-18,39.54,39.8,39.19,38.99,3848162.0,29829410.0
2013-02-08,38.38,39.65,39.54,38.23,6660578.0,51310128.0
2013-02-07,37.52,38.48,38.43,37.41,5931499.0,44426328.0
2013-02-06,38.02,38.12,37.57,37.41,3396201.0,25248380.0
2013-02-05,37.01,38.23,37.87,36.76,5827173.0,43160420.0
2013-02-04,37.26,37.77,36.96,36.6,7565206.0,55433784.0
2013-02-01,36.65,36.91,36.91,36.4,4566342.0,33036180.0
2013-01-31,36.5,36.91,36.76,36.25,5920882.0,42782580.0
2013-01-30,36.35,36.45,36.45,35.74,5711333.0,40626812.0
2013-01-29,36.1,36.6,36.2,35.95,3307608.0,23669624.0
2013-01-28,35.13,36.35,36.2,34.98,3665745.0,25868250.0
2013-01-25,35.08,35.34,35.13,34.68,3112949.0,21487554.0
2013-01-24,35.84,36.35,35.03,34.88,5301371.0,37276948.0
2013-01-23,35.89,36.1,35.84,35.28,3328024.0,23456052.0
2013-01-22,36.91,36.91,35.95,35.79,4385189.0,31359740.0
2013-01-21,36.25,36.86,36.7,36.05,4164956.0,30059920.0
2013-01-18,35.84,36.35,36.25,35.64,3784711.0,26902246.0
2013-01-17,35.89,36.25,36.05,35.49,4197875.0,29722636.0
2013-01-16,36.3,36.3,35.89,35.44,4240472.0,29982976.0
2013-01-15,35.64,36.65,36.3,35.59,8190460.0,58448680.0
2013-01-14,34.63,35.74,35.64,34.58,6612357.0,46123176.0
2013-01-11,35.74,35.84,34.93,34.68,3518777.0,24403688.0
2013-01-10,35.49,35.84,35.74,35.23,3496106.0,24571400.0
2013-01-09,35.59,36.05,35.49,34.98,5159502.0,36089496.0
2013-01-08,35.89,35.95,35.89,35.18,3972619.0,27837468.0
2013-01-07,35.79,36.15,35.95,35.49,3293640.0,23290466.0
2013-01-04,36.25,36.4,35.99,35.23,6019666.0,42502820.0
2012-12-31,35.99,36.25,35.95,35.54,3880494.0,27420336.0
2012-12-28,35.54,36.4,35.95,35.44,3658213.0,25937516.0
2012-12-27,35.29,36.6,35.69,34.98,10049268.0,71126192.0
2012-12-26,34.47,34.98,34.93,34.22,4947863.0,33761848.0
2012-12-25,33.66,34.98,34.68,33.51,8742156.0,59768440.0
2012-12-24,33.41,33.97,33.66,33.41,2021615.0,13430541.0
2012-12-21,34.37,34.68,33.61,33.46,4383259.0,29479388.0
2012-12-20,33.61,34.32,34.22,33.31,5028454.0,33494676.0
2012-12-19,33.51,33.97,33.56,33.41,3164954.0,21005456.0
2012-12-18,33.77,34.37,33.66,33.56,4767250.0,31878688.0
2012-12-17,33.66,34.93,34.02,33.11,8331482.0,55789496.0
2012-12-14,31.89,34.07,33.66,31.89,9554086.0,62523472.0
2012-12-13,32.29,32.29,31.89,31.84,1500115.0,9487604.0
2012-12-12,32.04,32.4,32.34,31.84,3702037.0,23481082.0
2012-12-11,32.34,32.55,32.09,32.04,2706578.0,17208798.0
2012-12-10,32.19,32.7,32.55,32.04,4806257.0,30731472.0
2012-12-07,31.48,32.24,32.19,31.43,4693805.0,29563972.0
2012-12-06,31.64,31.89,31.59,31.43,3186265.0,19890306.0
2012-12-05,30.72,31.89,31.69,30.42,3844901.0,23905244.0
2012-12-04,30.52,30.82,30.77,30.16,2272615.0,13664784.0
2012-12-03,30.42,30.77,30.52,30.11,3830542.0,23030042.0
2012-11-30,30.32,30.57,30.52,29.91,3021992.0,18066234.0
2012-11-29,30.42,30.72,30.16,29.91,2374728.0,14197637.0
2012-11-28,30.16,30.93,30.47,30.06,4290343.0,25746368.0
2012-11-27,31.23,31.38,30.32,30.32,2237496.0,13522174.0
2012-11-26,31.79,31.84,31.43,31.33,1183131.0,7372545.0
2012-11-23,31.53,31.79,31.74,31.38,2244401.0,14011037.0
2012-11-22,31.74,31.74,31.48,31.18,2516629.0,15594918.0
2012-11-21,31.18,31.99,31.89,31.08,2873909.0,17900948.0
2012-11-20,31.59,31.59,31.18,31.18,1367399.0,8456366.0
2012-11-19,31.03,31.33,31.23,30.82,1590111.0,9739266.0
2012-11-16,31.08,31.33,31.08,30.93,1596307.0,9803833.0
2012-11-15,31.53,31.89,31.08,30.98,2203103.0,13668878.0
2012-11-14,31.69,32.04,31.89,31.43,1938063.0,12117181.0
2012-11-13,32.7,32.7,31.64,31.53,2865361.0,18093402.0
2012-11-12,32.29,32.8,32.7,32.14,3470481.0,22244976.0
2012-11-09,31.84,32.24,32.19,31.69,3349191.0,21153504.0
2012-11-08,32.04,32.4,31.84,31.69,4648136.0,29426328.0
2012-11-07,32.6,32.75,32.55,32.24,3742473.0,24010260.0
2012-11-06,33.61,33.61,32.55,32.19,9135848.0,58707816.0
2012-11-05,33.97,34.07,33.71,33.26,7764425.0,51509592.0
2012-11-02,33.66,34.12,34.07,33.46,12040858.0,80273864.0
2012-11-01,34.98,35.39,33.92,33.16,21595852.0,144596768.0
2012-10-31,32.19,33.41,33.41,32.09,5168021.0,33808576.0
2012-10-30,30.42,30.77,30.37,30.27,1672346.0,10043203.0
2012-10-29,30.88,30.93,30.42,30.32,767987.0,4636017.0
2012-10-26,31.28,31.43,30.88,30.57,1445769.0,8815645.0
2012-10-25,31.43,32.4,31.64,31.28,2063243.0,12901950.0
2012-10-24,31.33,31.64,31.38,31.08,1552552.0,9606149.0
2012-10-23,32.24,32.45,31.48,31.43,2025519.0,12740629.0
2012-10-22,31.69,32.24,32.24,31.59,1025714.0,6486796.0
2012-10-19,31.94,32.04,31.69,31.64,922440.0,5785078.0
2012-10-18,31.38,31.99,31.94,31.18,1718994.0,10766036.0
2012-10-17,31.38,31.64,31.43,30.98,454163.0,2802411.0
2012-10-16,31.38,31.79,31.18,30.93,737903.0,4576705.0
2012-10-15,31.03,31.59,31.38,30.93,992828.0,6125336.0
2012-10-12,31.28,31.53,31.18,30.93,1045312.0,6429729.0
2012-10-11,31.69,31.84,31.13,31.08,910999.0,5645696.0
2012-10-10,31.74,31.84,31.74,31.43,782459.0,4885258.0
2012-10-09,30.67,31.99,31.69,30.67,2245913.0,14000448.0
2012-10-08,30.77,31.03,30.82,30.42,974033.0,5931753.0
2012-09-28,29.91,30.82,30.77,29.91,969995.0,5853027.0
2012-09-27,29.35,30.67,30.37,29.3,1106824.0,6569001.0
2012-09-26,30.22,30.22,29.35,29.25,978948.0,5704296.0
2012-09-25,30.01,30.57,29.91,29.81,789855.0,4676408.0
2012-09-24,30.27,30.82,30.42,29.56,1737827.0,10352943.0
2012-09-21,30.42,30.77,30.27,30.11,1231604.0,7391828.0
2012-09-20,31.28,31.43,30.37,30.37,1523800.0,9261506.0
2012-09-19,31.18,31.53,31.33,31.03,906524.0,5589717.0
2012-09-18,31.13,31.38,31.33,31.08,768840.0,4734780.0
2012-09-17,32.55,32.7,31.13,31.03,2231354.0,13857384.0
2012-09-14,33.0,33.0,32.55,32.19,1830414.0,11752467.0
2012-09-13,32.95,33.26,32.8,32.6,1801435.0,11690093.0
2012-09-12,32.85,32.95,32.75,32.4,1107520.0,7144664.0
2012-09-11,32.8,32.9,32.6,32.5,997146.0,6418313.0
2012-09-10,32.9,33.1,32.95,32.6,1200365.0,7787806.0
2012-09-07,32.09,33.21,32.85,31.94,2495633.0,16091872.0
2012-09-06,31.48,32.19,31.89,31.33,1030222.0,6430165.0
2012-09-05,30.93,31.53,31.48,30.47,1690853.0,10332130.0
2012-09-04,31.43,31.53,30.98,30.82,1807834.0,11146949.0
2012-09-03,31.03,31.53,31.38,30.77,2546576.0,15730333.0
2012-08-31,30.88,31.13,30.93,30.57,1229893.0,7496388.0
2012-08-30,31.69,32.04,31.08,30.67,3732048.0,22822132.0
2012-08-29,32.7,33.0,31.99,31.64,2662351.0,16938536.0
2012-08-28,32.75,33.26,33.0,32.45,586503.0,3808995.0
2012-08-27,33.61,33.61,32.85,32.24,1344233.0,8748203.0
2012-08-24,34.12,34.22,33.76,33.66,1421182.0,9502498.0
2012-08-23,33.21,34.22,34.12,33.21,2461426.0,16435378.0
2012-08-22,34.17,34.22,33.41,33.1,1563423.0,10384441.0
2012-08-21,33.1,34.37,34.17,32.9,2281316.0,15149621.0
2012-08-20,32.75,33.1,33.1,32.55,774324.0,5014944.0
2012-08-17,33.46,33.46,32.6,32.45,878576.0,5680752.0
2012-08-16,33.26,33.66,33.21,33.21,542279.0,3574944.0
2012-08-15,33.1,33.97,33.46,33.0,953959.0,6307864.0
2012-08-14,33.21,33.41,33.21,32.7,1362412.0,8896437.0
2012-08-13,33.97,33.97,33.26,33.21,1352571.0,8937078.0
2012-08-10,33.61,34.37,33.92,33.56,1947665.0,13087559.0
2012-08-09,33.41,34.02,33.97,32.85,3008616.0,19806238.0
2012-08-08,34.27,34.27,33.56,32.75,3360374.0,22060272.0
2012-08-07,33.26,33.97,33.97,33.1,2238248.0,14823505.0
2012-08-06,33.05,33.56,33.46,32.65,2034778.0,13329084.0
2012-08-03,32.34,33.05,33.05,32.34,1638909.0,10599943.0
2012-08-02,32.85,33.0,32.8,32.09,1673262.0,10752665.0
2012-08-01,31.74,32.95,32.8,31.74,2067868.0,13274427.0
2012-07-31,31.48,32.09,31.84,31.48,1317271.0,8281518.0
2012-07-30,31.53,32.14,31.84,31.38,1503174.0,9389376.0
2012-07-27,31.23,31.69,31.58,30.98,997946.0,6166841.0
2012-07-26,31.33,31.84,31.13,31.03,840520.0,5191584.0
2012-07-25,31.89,32.04,31.33,31.23,852576.0,5334238.0
2012-07-24,31.28,31.94,31.89,31.03,1365153.0,8546604.0
2012-07-23,31.53,32.19,31.28,31.18,1783549.0,11058928.0
2012-07-20,31.79,31.99,31.94,31.58,2148024.0,13466866.0
2012-07-19,31.43,32.14,31.99,31.43,3326262.0,20901626.0
2012-07-18,30.98,31.79,31.74,30.72,2143363.0,13208988.0
2012-07-17,30.98,31.53,31.43,30.16,4248258.0,25823660.0
2012-07-16,34.98,34.98,31.53,31.53,6840470.0,43623928.0
2012-07-13,36.4,36.5,35.03,34.98,2634211.0,18523286.0
2012-07-12,36.3,36.7,36.25,35.59,2857248.0,20371992.0
2012-07-11,36.05,36.5,36.25,35.84,1114437.0,7965734.0
2012-07-10,35.79,36.5,36.2,35.54,2153863.0,15254603.0
2012-07-09,36.25,36.96,35.94,35.84,1720470.0,12366299.0
2012-07-06,36.55,37.01,36.55,35.39,1976853.0,14037037.0
2012-07-05,37.21,37.26,36.4,36.05,1928794.0,13842277.0
2012-07-04,36.7,37.26,37.11,36.6,1366083.0,9994609.0
2012-07-03,36.55,37.36,37.01,36.45,2525999.0,18456946.0
2012-07-02,36.3,36.96,36.91,35.34,2984047.0,21353004.0
2012-06-29,35.23,36.3,36.1,34.93,1481204.0,10381588.0
2012-06-28,36.55,37.11,35.94,35.74,1907026.0,13697585.0
2012-06-27,36.65,37.11,36.5,36.3,1463869.0,10601147.0
2012-06-26,36.05,36.86,36.65,35.94,2015269.0,14445704.0
2012-06-25,36.96,37.26,36.1,35.89,1245190.0,9006403.0
2012-06-21,37.82,37.82,37.06,36.7,2765784.0,20157984.0
2012-06-20,37.67,38.02,37.62,37.47,1502393.0,11138832.0
2012-06-19,37.62,37.82,37.57,37.16,1546286.0,11442776.0
2012-06-18,36.91,38.94,37.62,36.81,2653389.0,19826992.0
2012-06-15,36.6,36.91,36.7,36.3,2106140.0,15196296.0
2012-06-14,37.82,37.87,36.5,36.45,3047271.0,22194900.0
2012-06-13,37.67,37.92,37.87,37.11,1037636.0,7699978.0
2012-06-12,37.13,37.48,37.23,36.78,1111114.0,8355500.0
2012-06-11,36.19,37.67,37.58,35.95,3231166.0,24105456.0
2012-06-08,37.38,37.52,36.09,35.75,3722076.0,27525000.0
2012-06-07,38.46,38.76,36.93,36.83,3902590.0,29743660.0
2012-06-06,38.17,38.71,38.07,37.87,1914360.0,14843733.0
2012-06-05,37.77,38.91,38.31,37.58,1917963.0,14811551.0
2012-06-04,38.96,39.45,37.97,37.87,2728073.0,21412360.0
2012-06-01,39.99,40.44,39.6,39.1,2897050.0,23387780.0
2012-05-31,39.85,40.59,40.19,39.5,3316055.0,26973252.0
2012-05-30,39.9,40.29,39.99,39.45,3587822.0,28927704.0
2012-05-29,38.76,40.09,39.99,38.46,6183270.0,49554400.0
2012-05-28,37.77,38.81,38.76,37.03,3291488.0,25386526.0
2012-05-25,37.67,38.66,37.82,37.28,3921996.0,30170796.0
2012-05-24,38.51,39.1,37.67,37.52,5452966.0,42530212.0
2012-05-23,36.49,39.1,38.76,35.65,12480145.0,94650768.0
2012-05-22,37.13,37.38,36.93,36.54,5317023.0,39699352.0
2012-05-18,38.96,39.16,36.69,36.59,7411776.0,56555836.0
2012-05-17,39.16,39.7,39.5,38.37,5056317.0,40068768.0
2012-05-16,39.8,39.85,39.1,39.06,3444196.0,27420216.0
2012-05-15,39.7,40.04,39.85,39.06,5717019.0,45752212.0
2012-05-14,40.14,40.93,40.19,38.96,5926600.0,48072436.0
2012-05-11,40.04,41.33,39.85,39.35,6539589.0,53213160.0
2012-05-10,40.24,40.69,40.29,39.45,5368096.0,43704580.0
2012-05-09,41.13,41.13,39.85,39.7,6998744.0,57327096.0
2012-05-08,40.73,41.72,41.43,40.24,8792228.0,73170080.0
2012-05-07,39.8,41.23,40.98,39.5,9607819.0,79168944.0
2012-05-04,39.85,40.14,39.95,39.01,6272637.0,50229256.0
2012-05-03,38.41,40.49,39.95,38.41,12032750.0,97070784.0
2012-05-02,37.58,38.76,38.61,36.93,5894126.0,45426204.0
2012-04-27,37.48,37.48,36.93,36.83,3544416.0,26641194.0
2012-04-26,38.37,38.51,37.67,37.48,2939048.0,22563018.0
2012-04-25,37.28,38.61,38.31,37.08,3849217.0,29562608.0
2012-04-24,37.77,38.41,37.18,36.54,4356396.0,32949736.0
2012-04-23,38.81,38.86,38.17,37.77,5059312.0,39276744.0
2012-04-20,37.52,39.06,38.81,37.43,5660945.0,44109964.0
2012-04-19,38.27,38.51,37.77,37.33,3876213.0,29680632.0
2012-04-17,38.02,38.66,37.52,37.28,6037668.0,46417452.0
2012-04-16,37.23,38.71,38.17,36.73,5899110.0,45032004.0
2012-04-13,37.52,38.17,37.67,37.28,5585656.0,42734764.0
2012-04-12,37.77,38.22,37.82,37.33,8759527.0,66972020.0
2012-04-11,36.09,38.22,37.82,35.85,10291775.0,78182992.0
2012-04-10,35.7,36.69,36.64,34.81,3329689.0,24168424.0
2012-04-09,35.85,36.83,35.99,35.6,3542847.0,26097002.0
2012-04-06,35.8,36.14,36.04,35.25,3943773.0,28542652.0
2012-04-05,34.56,35.95,35.7,34.07,3420133.0,24303924.0
2012-03-30,34.32,35.35,34.56,34.12,2313773.0,16319897.0
2012-03-29,34.51,34.86,34.56,33.82,2079115.0,14457272.0
2012-03-28,36.49,36.69,34.66,34.46,5122615.0,36850064.0
2012-03-27,36.34,37.13,36.39,36.09,6860253.0,51059480.0
2012-03-26,35.06,36.93,36.24,35.06,8896253.0,65284296.0
2012-03-23,35.11,35.35,35.06,34.71,2347219.0,16612773.0
2012-03-22,34.56,35.5,35.25,34.56,5595100.0,39809724.0
2012-03-21,33.92,34.41,34.27,33.82,1465775.0,10117500.0
2012-03-20,34.81,34.96,33.97,33.67,2533478.0,17542392.0
2012-03-19,34.66,35.2,35.01,34.66,2478425.0,17553320.0
2012-03-16,33.67,34.91,34.86,33.67,3194885.0,22256446.0
2012-03-15,34.56,34.91,34.07,33.87,3659971.0,25428212.0
2012-03-14,36.34,36.59,34.76,34.46,6169732.0,44285392.0
2012-03-13,36.24,36.44,36.24,35.75,3300403.0,24095316.0
2012-03-12,36.24,37.13,36.24,36.04,6294146.0,46607092.0
2012-03-09,35.06,36.73,36.34,34.56,12222772.0,88401920.0
2012-03-08,34.76,35.9,35.16,34.61,10079904.0,71931216.0
2012-03-07,34.07,37.48,34.76,33.97,7249450.0,51858388.0
2012-03-06,34.71,34.71,34.32,33.77,4382001.0,30304308.0
2012-03-05,34.91,35.25,34.96,34.66,4352979.0,30806932.0
2012-03-02,34.56,34.96,34.96,34.22,6097592.0,42802608.0
2012-03-01,34.71,35.11,34.66,34.17,10286682.0,72525992.0
2012-02-29,33.77,35.9,34.81,33.13,15473045.0,108280808.0
2012-02-28,33.33,33.92,33.77,32.93,4753327.0,32212204.0
2012-02-27,33.18,34.12,33.48,33.13,6236839.0,42566932.0
2012-02-24,32.88,33.18,33.13,32.59,3838774.0,25580152.0
2012-02-23,32.78,33.08,32.88,32.59,3371517.0,22390726.0
2012-02-22,32.49,32.93,32.78,32.24,6482127.0,42836900.0
2012-02-21,32.04,32.59,32.54,31.7,3492282.0,22798108.0
2012-02-20,32.59,32.74,32.19,32.14,2544141.0,16686928.0
2012-02-17,32.49,32.64,32.44,32.04,3600082.0,23619364.0
2012-02-16,31.9,32.64,32.54,31.7,5862207.0,38184992.0
2012-02-15,31.3,32.39,31.95,31.11,5349747.0,34551692.0
2012-02-14,31.45,31.7,31.3,31.06,2408130.0,15263561.0
2012-02-13,30.96,31.7,31.45,30.86,3398442.0,21624572.0
2012-02-10,31.11,31.45,31.16,30.96,2320384.0,14682571.0
2012-02-09,31.01,31.65,31.16,30.71,4163721.0,26431362.0
2012-02-08,30.37,31.06,31.06,30.02,2779784.0,17249792.0
2012-02-07,30.86,30.86,30.37,30.27,1280110.0,7883581.0
2012-02-06,31.06,31.25,30.81,30.61,2405385.0,15077025.0
2012-02-03,30.76,31.2,31.06,30.56,2853142.0,17889948.0
2012-02-02,30.22,30.76,30.76,30.22,1523687.0,9439606.0
2012-02-01,30.56,30.86,30.41,30.17,1454191.0,8970230.0
2012-01-31,30.76,30.81,30.66,30.02,1511436.0,9333449.0
2012-01-30,31.01,31.06,30.51,30.51,1551376.0,9660352.0
2012-01-20,31.16,31.25,30.81,30.46,4651955.0,28984240.0
2012-01-19,30.61,31.55,31.06,30.22,2731292.0,17149368.0
2012-01-18,30.61,31.55,30.86,30.22,5636175.0,35428468.0
2012-01-17,29.33,30.86,30.76,28.74,3980114.0,24287144.0
2012-01-16,29.38,29.53,29.03,28.79,825460.0,4874920.0
2012-01-13,30.27,30.27,29.38,29.18,2025584.0,12142490.0
2012-01-12,30.27,31.06,30.12,30.07,2141862.0,13200344.0
2012-01-11,30.71,30.81,30.41,30.02,3075332.0,18927628.0
2012-01-10,29.72,30.91,30.76,29.72,3253252.0,20078774.0
2012-01-09,28.88,30.07,29.92,28.64,2980267.0,17833720.0
2012-01-06,27.95,29.03,28.88,27.95,2443785.0,14101702.0
2012-01-05,28.44,28.44,27.95,27.65,2079678.0,11794841.0
2012-01-04,29.23,29.38,28.49,28.44,1287811.0,7561496.0
