date,open,high,close,low,volume,amount
2015-07-02,131.3,133.76,117.09,117.09,37445108.0,643087296.0
2015-07-01,141.96,148.62,130.06,130.06,36408036.0,710610432.0
2015-06-30,134.27,145.51,144.49,123.47,41825480.0,781643008.0
2015-06-29,152.25,152.25,137.17,133.18,43141188.0,825498880.0
2015-06-26,156.38,158.99,147.97,147.97,24529876.0,513877312.0
2015-06-25,177.7,180.02,164.43,159.5,27150204.0,645387968.0
2015-06-24,171.1,175.74,173.35,167.11,27973664.0,663167936.0
2015-06-23,161.09,169.65,169.36,151.6,26518448.0,587214784.0
2015-06-19,174.0,177.62,162.18,162.18,23026746.0,535394624.0
2015-06-18,187.78,192.85,180.16,179.8,16973074.0,439179872.0
2015-06-17,184.15,190.38,189.59,178.57,19922080.0,510276448.0
2015-06-16,199.96,199.96,183.93,182.05,23158304.0,602955072.0
2015-06-15,211.41,213.15,199.38,198.0,23322436.0,657623872.0
2015-06-12,213.73,216.63,210.97,209.38,21647340.0,633011776.0
2015-06-11,207.57,213.88,213.0,205.03,21167508.0,609444480.0
2015-06-10,199.38,212.28,210.1,198.36,25831128.0,735299136.0
2015-06-09,198.5,203.72,203.15,195.75,22377100.0,618533824.0
2015-06-08,212.21,212.21,197.85,196.11,35452244.0,981646848.0
2015-06-05,220.76,224.03,212.35,208.94,32319804.0,964092224.0
2015-06-04,214.46,218.59,217.86,200.1,34183508.0,994528960.0
2015-06-03,225.11,225.26,213.59,207.35,44963896.0,1328545792.0
2015-06-02,229.1,236.93,225.55,217.79,43452660.0,1359312896.0
2015-06-01,219.17,236.13,229.46,212.13,45713716.0,1422418944.0
2015-05-29,209.81,230.55,218.81,188.94,66803272.0,1922714368.0
2015-05-28,209.87,209.87,209.87,209.87,2377599.0,68950368.0
2015-05-27,190.76,190.76,190.76,190.76,268749.0,7084224.0
2015-05-12,172.09,176.87,173.39,165.8,46349164.0,1100343552.0
2015-05-11,163.91,175.71,172.74,161.38,50476416.0,1186564352.0
2015-05-08,158.2,169.27,166.09,152.26,51485620.0,1122073344.0
2015-05-07,151.25,158.34,154.72,150.16,39676168.0,848657728.0
2015-05-06,148.43,155.59,151.68,147.7,34128312.0,716918016.0
2015-05-05,150.24,154.58,147.41,145.46,28769516.0,595814464.0
2015-05-04,149.44,156.31,150.74,148.35,28158100.0,591430976.0
2015-04-30,148.35,154.72,149.22,147.56,33113296.0,693626368.0
2015-04-29,140.76,148.79,148.28,140.68,26546504.0,531412320.0
2015-04-28,150.02,150.02,140.47,138.88,36348576.0,718940672.0
2015-04-27,155.23,157.62,150.16,148.79,34124128.0,715750528.0
2015-04-24,146.18,154.0,153.2,145.89,33121580.0,689658816.0
2015-04-23,153.78,153.78,149.88,148.79,35324624.0,736897536.0
2015-04-22,159.93,164.85,154.0,153.42,47357144.0,1030489472.0
2015-04-21,147.99,158.63,155.81,146.18,44529344.0,934694208.0
2015-04-20,145.1,154.43,146.55,141.7,52777440.0,1077723392.0
2015-04-17,151.83,160.66,148.5,144.88,74745904.0,1582701952.0
2015-04-16,137.5,148.28,148.28,135.18,86110864.0,1724613120.0
2015-04-15,134.82,134.82,134.82,134.82,12230814.0,227860064.0
2015-04-14,124.26,124.26,122.59,121.58,29501336.0,500945120.0
2015-04-13,115.79,125.56,124.98,115.79,50069992.0,845875328.0
2015-04-10,112.61,116.44,115.64,111.16,26423292.0,419772544.0
2015-04-09,117.6,118.54,112.68,108.55,35904164.0,558763776.0
2015-04-08,122.3,123.03,117.6,114.78,43231776.0,709251328.0
2015-04-07,123.1,126.28,122.88,121.94,43910156.0,747629248.0
2015-04-03,118.18,124.04,123.82,114.7,53218344.0,877658304.0
2015-04-02,118.68,119.12,117.82,113.91,40112248.0,647387392.0
2015-04-01,112.82,119.41,117.96,111.01,51018280.0,814841216.0
2015-03-31,110.36,112.68,110.94,107.83,35533428.0,542267520.0
2015-03-30,110.87,112.17,110.0,109.13,28504016.0,434563200.0
2015-03-27,106.38,110.58,110.07,106.09,27496310.0,412714048.0
2015-03-26,113.26,113.26,107.18,106.74,48208376.0,728330176.0
2015-03-25,113.26,115.43,113.11,110.8,54341784.0,850792448.0
2015-03-24,113.98,116.37,115.43,106.45,85366528.0,1323654784.0
2015-03-23,110.14,115.64,112.1,108.26,93060376.0,1425125248.0
2015-03-20,97.55,105.88,105.88,97.48,70288312.0,1008070592.0
2015-03-19,96.97,98.06,96.25,95.24,35350480.0,470365664.0
2015-03-18,95.16,98.64,97.41,94.8,45459168.0,610581952.0
2015-03-17,95.53,97.62,95.02,93.43,48498408.0,638450752.0
2015-03-16,93.21,96.83,95.16,91.98,59109340.0,772924160.0
2015-03-13,88.0,91.76,91.26,87.64,34126572.0,424609856.0
2015-03-12,89.08,90.75,88.22,86.84,21799256.0,266987936.0
2015-03-11,89.74,90.03,88.58,87.57,20752460.0,254074912.0
2015-03-10,88.51,90.97,89.95,88.22,22732344.0,280944128.0
2015-03-09,85.97,89.01,88.65,85.47,24498214.0,295995456.0
2015-03-06,90.03,92.56,87.42,87.28,37772032.0,471310464.0
2015-03-05,91.47,91.47,89.74,88.72,26550398.0,329150848.0
2015-03-04,90.46,91.76,91.62,90.1,34938304.0,439894624.0
2015-03-03,89.74,91.55,90.75,88.65,38623680.0,478798240.0
2015-03-02,89.74,90.82,90.32,88.8,37532068.0,465386368.0
2015-02-27,86.33,90.82,89.81,85.25,51682472.0,633096832.0
2015-02-26,86.77,87.28,86.19,84.16,29314720.0,346340032.0
2015-02-25,86.12,88.58,86.84,85.61,32865240.0,396456352.0
2015-02-17,88.87,89.81,85.9,85.61,41725876.0,505154080.0
2015-02-16,84.82,87.28,86.91,83.37,45686224.0,541244672.0
2015-02-13,82.79,84.24,84.02,82.64,31384652.0,361609088.0
2015-02-12,82.21,84.6,82.28,82.14,32540336.0,374090080.0
2015-02-11,78.88,83.66,83.08,78.88,37363236.0,422858464.0
2015-02-10,79.32,80.47,79.32,76.57,23185136.0,250301584.0
2015-02-09,78.88,80.98,79.75,78.3,14713833.0,162660896.0
2015-02-06,81.49,82.28,78.88,78.08,19965032.0,221288400.0
2015-02-05,79.97,83.58,81.7,79.89,40121056.0,454608736.0
2015-02-04,80.04,81.49,79.97,79.61,19746116.0,219496528.0
2015-02-03,77.8,81.7,80.26,77.65,22825986.0,252102304.0
2015-02-02,76.35,78.52,78.01,76.06,12305850.0,132031584.0
2015-01-30,77.72,78.52,76.57,76.49,14813659.0,158694992.0
2015-01-29,78.52,79.61,77.65,76.93,16701921.0,180440880.0
2015-01-28,81.05,81.63,79.68,78.95,19392522.0,215637456.0
2015-01-27,81.05,82.21,80.91,79.53,22715944.0,253720832.0
2015-01-26,79.75,81.56,81.27,79.61,23934746.0,267686736.0
2015-01-23,80.83,80.83,79.61,78.3,26433580.0,290421920.0
2015-01-22,80.18,81.49,81.34,78.66,34753452.0,384615232.0
2015-01-21,78.23,80.11,79.24,77.72,33198484.0,361388704.0
2015-01-20,73.96,78.16,77.8,73.16,28681208.0,303015456.0
2015-01-19,75.62,79.24,72.95,71.64,27233068.0,284801952.0
2015-01-16,75.99,79.53,78.01,75.62,35057496.0,375807008.0
2015-01-15,75.33,77.07,75.7,75.05,11831285.0,124136176.0
2015-01-14,76.71,76.71,75.26,74.54,11617045.0,121388032.0
2015-01-13,74.11,77.14,76.78,73.6,24116640.0,253628112.0
2015-01-12,74.54,75.48,73.74,73.09,10092518.0,103219776.0
2015-01-09,76.06,77.0,74.68,74.61,16951684.0,177656224.0
2015-01-08,74.03,78.59,76.78,73.45,30001640.0,315746016.0
2015-01-07,73.81,75.33,74.39,73.09,19191872.0,197245584.0
2015-01-06,71.86,74.32,74.11,71.14,16006859.0,161435968.0
2015-01-05,71.43,72.95,72.51,69.76,14640378.0,144593984.0
2014-12-31,70.92,72.01,71.64,70.41,9022414.0,88925432.0
2014-12-30,72.51,73.45,70.78,70.2,14079554.0,139300368.0
2014-12-29,75.05,75.12,72.95,72.51,17264384.0,175020688.0
2014-12-26,74.61,75.77,75.48,73.16,19674184.0,202689808.0
2014-12-25,73.74,74.68,74.54,73.24,12169649.0,124416024.0
2014-12-24,73.02,74.18,73.82,71.79,13002683.0,131456480.0
2014-12-23,75.12,76.13,72.3,72.22,20884620.0,213364416.0
2014-12-22,82.5,83.8,75.77,74.76,41208404.0,447340640.0
2014-12-19,78.74,83.66,83.08,77.8,48009024.0,541890432.0
2014-12-18,78.88,80.47,79.17,78.45,16442260.0,180651856.0
2014-12-17,80.91,80.91,79.03,78.3,20591646.0,226136800.0
2014-12-16,81.78,82.5,81.05,80.33,21194898.0,237200576.0
2014-12-15,80.18,82.72,82.36,79.61,24997548.0,281756512.0
2014-12-12,83.15,83.66,81.12,80.69,22623024.0,254739696.0
2014-12-11,79.39,81.78,81.49,78.95,36767840.0,408690112.0
2014-12-10,76.78,79.61,79.39,76.71,24245014.0,264012048.0
2014-12-09,80.18,81.56,77.0,76.28,45754672.0,501570016.0
2014-12-08,82.57,85.25,82.36,81.92,45004160.0,516270944.0
2014-12-05,88.29,88.87,82.36,80.33,54683104.0,636336768.0
2014-12-04,89.08,90.17,88.87,87.64,50632440.0,621687168.0
2014-12-03,89.95,94.66,90.1,87.78,75870232.0,948995520.0
2014-12-02,90.53,91.04,90.03,87.13,83278896.0,1022870016.0
2014-12-01,85.39,92.49,89.74,84.6,121984888.0,1508430336.0
2014-11-28,78.59,84.09,84.09,77.94,62477604.0,712525824.0
2014-11-27,75.12,76.78,76.42,74.83,23528686.0,246734176.0
2014-11-26,77.51,78.16,75.26,74.54,24643400.0,258706992.0
2014-11-25,75.55,77.43,76.2,75.26,26820242.0,282908768.0
2014-11-24,74.68,75.91,75.48,73.67,22328340.0,230694560.0
2014-11-21,74.47,74.76,73.81,73.38,12613571.0,128896376.0
2014-11-20,74.54,74.9,74.32,73.6,11201920.0,114779424.0
2014-11-19,73.74,76.28,75.33,73.24,24666132.0,255764752.0
2014-11-18,72.3,74.18,74.03,71.72,16868010.0,170467952.0
2014-11-17,71.21,72.66,72.51,70.56,12621232.0,125366712.0
2014-11-14,70.27,71.28,71.14,69.26,9255851.0,89691080.0
2014-11-13,71.64,72.08,70.12,68.75,14799173.0,143570704.0
2014-11-12,71.28,72.22,71.93,70.85,8920907.0,88116560.0
2014-11-11,73.81,73.89,70.85,69.47,21240984.0,208905696.0
2014-11-10,74.47,74.47,73.45,72.37,13960164.0,141080768.0
2014-11-07,75.62,76.35,73.89,73.81,18325038.0,190917440.0
2014-11-06,74.83,76.2,75.84,74.32,12567033.0,130741472.0
2014-11-05,75.26,75.91,74.76,74.47,13817869.0,143177840.0
2014-11-04,78.37,78.37,75.62,75.48,25691688.0,271855456.0
2014-11-03,76.56,78.45,78.01,76.2,25657408.0,274473152.0
2014-10-31,75.77,77.65,76.56,75.26,23832480.0,251951120.0
2014-10-30,76.56,76.78,75.77,75.33,23747752.0,249551600.0
2014-10-29,73.74,78.16,77.22,73.38,42819152.0,449328128.0
2014-10-28,72.22,73.81,73.45,71.86,14992565.0,150844544.0
2014-10-27,71.13,72.59,72.45,70.84,9460507.0,92890288.0
2014-10-24,71.06,71.5,71.2,70.25,8250624.0,80313888.0
2014-10-23,73.39,73.76,70.55,69.96,14051023.0,137576064.0
2014-10-22,73.91,75.0,73.03,72.88,11656065.0,117889872.0
2014-10-21,74.71,76.1,74.2,73.83,15502932.0,159205728.0
2014-10-20,73.98,74.78,74.64,73.18,10018278.0,101774576.0
2014-10-17,74.86,75.73,73.54,72.37,18690660.0,188730656.0
2014-10-16,77.48,78.14,75.0,75.0,17482784.0,183648048.0
2014-10-15,76.68,78.14,78.07,76.1,15051965.0,159343968.0
2014-10-14,77.34,78.58,76.54,75.73,16537400.0,174944608.0
2014-10-13,78.58,78.58,77.7,76.68,13032714.0,138023936.0
2014-10-10,78.58,79.68,78.65,77.56,16503466.0,177858384.0
2014-10-09,80.41,80.55,78.58,77.63,23473456.0,253529312.0
2014-10-08,79.82,80.99,80.33,79.02,24027860.0,264113536.0
2014-09-30,79.31,80.19,78.87,78.29,21562392.0,233079552.0
2014-09-29,78.87,82.01,79.24,78.14,30197396.0,327717728.0
2014-09-26,76.68,82.16,79.09,76.02,40547984.0,436127680.0
2014-09-25,74.93,77.41,77.05,74.93,23026082.0,239698496.0
2014-09-24,73.69,75.44,75.22,73.25,20188076.0,206602064.0
2014-09-23,72.88,74.42,73.91,72.52,11959094.0,120469016.0
2014-09-22,74.49,74.71,72.81,72.37,13363741.0,133903824.0
2014-09-19,74.86,75.44,74.49,74.05,12033907.0,123105552.0
2014-09-18,73.1,74.93,74.86,73.1,14132302.0,142966320.0
2014-09-17,73.03,74.05,73.83,71.72,17227448.0,172219520.0
2014-09-16,77.78,77.85,72.96,72.81,27067744.0,279001664.0
2014-09-15,76.17,78.14,77.85,75.88,22310952.0,236397840.0
2014-09-12,75.66,76.54,76.39,75.29,15837005.0,164916272.0
2014-09-11,77.56,78.95,75.37,75.08,31488966.0,331639040.0
2014-09-10,77.63,78.8,77.63,76.68,21805000.0,231882432.0
2014-09-09,77.05,78.51,78.29,76.54,31250652.0,331843968.0
2014-09-05,76.68,77.41,76.83,75.59,25721552.0,269356704.0
2014-09-04,73.47,80.26,77.41,73.1,49933496.0,523283008.0
2014-09-03,74.13,74.27,73.39,72.37,25982082.0,260438736.0
2014-09-02,72.37,73.83,73.39,72.23,19996444.0,200781584.0
2014-09-01,71.57,72.74,72.45,70.98,11567588.0,114314704.0
2014-08-29,70.62,71.5,71.28,70.11,9231433.0,89543728.0
2014-08-28,71.35,71.5,70.69,69.67,9711544.0,93965096.0
2014-08-27,70.47,71.86,71.42,70.33,11973638.0,116584256.0
2014-08-26,72.08,72.74,70.04,69.38,16940238.0,164399504.0
2014-08-25,75.0,75.59,72.08,71.64,20624756.0,206766240.0
2014-08-22,71.5,74.42,73.76,71.28,31476252.0,315218464.0
2014-08-21,71.06,71.79,71.72,70.33,17312956.0,168571488.0
2014-08-20,72.08,73.47,71.06,70.91,24183648.0,238013824.0
2014-08-19,72.45,74.42,72.37,71.57,31298332.0,312508224.0
2014-08-18,72.15,72.67,72.52,71.2,21776084.0,214872416.0
2014-08-15,71.13,72.45,72.08,70.55,29738834.0,292115040.0
2014-08-14,69.6,71.79,70.84,69.01,33562196.0,323798752.0
2014-08-13,69.53,70.62,69.31,68.14,16981584.0,161168368.0
2014-08-12,70.18,70.84,69.96,69.38,19040660.0,182516480.0
2014-08-11,68.65,70.47,70.33,67.99,25219488.0,239604656.0
2014-08-08,68.21,69.23,68.65,67.84,13320356.0,124971952.0
2014-08-07,69.01,70.11,68.21,68.14,14161984.0,133980160.0
2014-08-06,69.16,69.23,68.87,68.21,12642460.0,119051768.0
2014-08-05,68.14,69.53,69.31,67.63,18323728.0,172520384.0
2014-08-04,67.04,68.06,67.99,66.9,8908160.0,82510120.0
2014-08-01,68.65,68.8,66.9,66.68,17239444.0,159945120.0
2014-07-31,68.28,68.87,68.8,67.7,16103137.0,150941872.0
2014-07-30,67.84,68.58,68.43,67.26,14777052.0,137484736.0
2014-07-29,67.48,68.36,67.55,66.82,13340290.0,123623144.0
2014-07-28,66.75,67.55,67.41,66.39,17000178.0,156044352.0
2014-07-25,65.36,66.75,66.6,65.14,9382024.0,84582392.0
2014-07-24,66.9,67.48,65.51,64.85,13231877.0,119246744.0
2014-07-23,69.23,69.23,66.9,66.09,16866210.0,156166432.0
2014-07-22,68.5,69.6,69.16,68.14,17998120.0,169978640.0
2014-07-21,66.75,69.16,68.8,66.75,15522184.0,145306544.0
2014-07-18,66.9,68.14,66.75,66.6,9309153.0,85851080.0
2014-07-17,66.53,67.7,67.19,66.39,8841191.0,81092720.0
2014-07-16,69.01,69.31,67.11,66.68,13088054.0,121262032.0
2014-07-15,69.91,70.71,68.97,67.59,21388862.0,202302064.0
2014-07-14,69.19,71.44,70.06,68.89,24631158.0,237953632.0
2014-07-11,69.77,70.13,69.62,68.68,23169786.0,220704128.0
2014-07-10,67.01,72.97,70.13,66.5,46541424.0,446294080.0
2014-07-09,66.35,68.75,66.5,65.84,29329332.0,271594528.0
2014-07-08,66.35,66.86,66.5,65.26,16660285.0,151636576.0
2014-07-07,64.53,66.72,66.5,64.39,19873476.0,178980496.0
2014-07-04,63.95,64.97,64.46,63.37,13105952.0,115753864.0
2014-07-03,63.95,64.24,64.1,63.45,13425509.0,117960016.0
2014-07-02,65.48,65.77,64.32,63.08,19075696.0,168931808.0
2014-07-01,65.12,66.35,65.26,64.68,22323884.0,200951600.0
2014-06-30,64.75,65.62,65.04,63.88,20851734.0,186095664.0
2014-06-27,65.04,65.99,64.75,64.32,12896307.0,115484224.0
2014-06-26,62.86,65.04,64.75,62.86,13245305.0,117250248.0
2014-06-25,64.24,64.46,63.08,61.99,7855060.0,68246368.0
2014-06-24,62.35,64.24,64.17,62.28,10176338.0,88886240.0
2014-06-23,62.43,63.74,62.28,62.06,6020207.0,52035916.0
2014-06-20,61.77,62.57,62.43,61.05,6188626.0,52803952.0
2014-06-19,64.39,65.26,61.7,60.9,13190075.0,114548400.0
2014-06-18,65.77,66.28,64.9,64.32,12299147.0,110253760.0
2014-06-17,64.68,67.15,66.13,64.17,22660962.0,206390544.0
2014-06-16,64.32,65.84,64.83,63.95,12112070.0,108303224.0
2014-06-13,64.03,65.41,64.46,63.74,15563651.0,138239664.0
2014-06-12,62.21,65.04,64.83,61.55,17534660.0,153230576.0
2014-06-11,61.99,63.52,62.57,61.63,11586808.0,99606080.0
2014-06-10,60.32,62.35,62.06,59.81,9028362.0,75864848.0
2014-06-09,61.92,62.28,60.25,60.1,7253279.0,60994604.0
2014-06-06,62.5,63.59,61.92,61.41,6756915.0,58191384.0
2014-06-05,61.41,62.86,62.72,60.47,8626119.0,73766800.0
2014-06-04,63.74,63.81,61.48,60.83,12566334.0,106871440.0
2014-06-03,65.19,65.26,63.45,63.3,9203126.0,81358048.0
2014-05-30,64.75,66.42,65.19,64.03,14939448.0,134407424.0
2014-05-29,64.68,65.48,64.9,63.81,17724968.0,157646320.0
2014-05-28,60.83,66.5,66.06,60.47,37128804.0,331667328.0
2014-05-27,61.41,62.28,60.47,60.32,7646092.0,64529248.0
2014-05-26,61.12,61.63,61.41,60.68,5998489.0,50449400.0
2014-05-23,59.67,61.48,61.12,59.23,9102267.0,75966160.0
2014-05-22,59.96,61.41,59.59,59.52,8336942.0,69323056.0
2014-05-21,59.74,60.17,60.1,58.87,3960384.0,32393556.0
2014-05-20,60.1,60.17,59.74,58.79,5309474.0,43483208.0
2014-05-19,59.45,59.52,59.3,58.28,3689293.0,29911350.0
2014-05-16,59.59,62.65,60.1,58.79,10949074.0,91222368.0
2014-05-15,59.23,59.67,57.7,57.7,4001579.0,32365940.0
2014-05-14,59.23,59.81,59.23,58.87,2968887.0,24259580.0
2014-05-13,59.81,59.96,59.23,58.94,3026385.0,24725164.0
2014-05-12,57.78,59.96,59.81,57.41,5777710.0,46705768.0
2014-05-09,59.08,59.08,57.27,56.32,4729863.0,37506824.0
2014-05-08,58.72,60.1,58.65,58.36,3786477.0,30802208.0
2014-05-07,59.88,60.1,58.72,58.65,3215788.0,26202772.0
2014-05-06,59.74,60.47,60.1,59.3,4376366.0,36121260.0
2014-05-05,59.38,59.74,59.74,57.63,5089456.0,41088688.0
2014-04-30,59.67,60.32,59.38,59.16,4423844.0,36293256.0
2014-04-29,59.38,60.25,59.88,58.58,6736198.0,54919392.0
2014-04-28,61.77,61.77,59.38,58.07,7585711.0,61943996.0
2014-04-25,62.14,63.37,62.35,61.77,4813574.0,41359040.0
2014-04-24,63.52,64.1,62.35,62.21,5511974.0,47846744.0
2014-04-23,64.75,64.75,63.59,63.08,4952175.0,43363928.0
2014-04-22,65.04,65.48,64.75,63.23,7286593.0,64514172.0
2014-04-21,66.72,67.52,65.26,65.19,8193836.0,75057584.0
2014-04-18,67.95,68.75,67.95,67.37,6476741.0,60648648.0
2014-04-17,68.53,68.97,68.24,66.93,7505954.0,70173728.0
2014-04-16,67.59,69.33,68.39,67.22,7854487.0,74128896.0
2014-04-15,68.75,69.99,67.59,67.59,7511891.0,70796904.0
2014-04-14,67.59,69.4,68.75,66.79,9356668.0,88149992.0
2014-04-11,67.59,68.17,67.37,66.06,7151128.0,66240696.0
2014-04-10,69.62,69.69,68.17,68.02,13100940.0,124187472.0
2014-04-09,66.35,68.82,68.75,66.28,12553718.0,116933160.0
2014-04-08,65.19,66.72,66.21,63.95,5247008.0,47537884.0
2014-04-04,65.04,66.06,65.55,64.61,4743610.0,42684032.0
2014-04-03,64.39,65.55,65.04,63.52,6168849.0,55040168.0
2014-04-02,64.03,64.53,64.17,63.45,3519844.0,30975852.0
2014-04-01,62.65,64.24,63.95,62.21,5352406.0,46994748.0
2014-03-31,63.08,64.24,62.94,61.48,7105756.0,61463344.0
2014-03-28,63.52,64.1,61.7,61.63,6994563.0,60229572.0
2014-03-27,65.33,65.62,63.88,63.66,6319893.0,55901908.0
2014-03-26,66.57,66.79,65.33,65.26,6073574.0,55177512.0
2014-03-25,66.35,67.81,66.5,65.62,7065440.0,64878188.0
2014-03-24,65.26,66.57,66.21,65.04,7172833.0,65127240.0
2014-03-21,64.03,65.77,65.26,63.74,6191447.0,55263176.0
2014-03-20,65.62,66.57,63.88,63.59,9776719.0,88253000.0
2014-03-19,63.95,66.72,65.7,63.81,11037390.0,99771168.0
2014-03-18,64.68,65.55,64.1,63.95,7656959.0,68384784.0
2014-03-17,62.5,65.04,64.83,61.27,7521859.0,65647760.0
2014-03-14,63.23,63.59,62.72,62.06,5354049.0,46154752.0
2014-03-13,62.28,63.66,63.15,62.28,7454916.0,64754896.0
2014-03-12,64.24,64.75,62.28,61.05,10209991.0,88444944.0
2014-03-11,65.19,65.55,64.32,63.08,11658593.0,103025824.0
2014-03-10,71.58,71.58,65.99,65.77,18184702.0,168791264.0
2014-03-07,71.44,73.77,71.73,69.91,16922696.0,166784144.0
2014-03-06,73.4,73.4,72.02,71.08,22029776.0,218565984.0
2014-03-05,70.13,75.73,73.98,69.33,43506220.0,438848768.0
2014-03-04,67.15,70.93,69.69,66.79,27018102.0,258824112.0
2014-03-03,67.81,69.26,67.95,66.86,17380484.0,162950288.0
2014-02-28,67.95,68.61,68.46,65.55,19614040.0,182142480.0
2014-02-27,64.97,68.61,66.35,64.68,16985302.0,156822160.0
2014-02-26,65.41,65.77,64.9,62.94,8584322.0,75854368.0
2014-02-25,67.59,69.26,65.41,63.59,17924292.0,165132416.0
2014-02-24,65.48,67.95,67.59,64.83,11457607.0,105327384.0
2014-02-21,66.13,67.08,65.84,64.39,10737256.0,97079176.0
2014-02-20,68.31,68.75,66.06,65.99,13380616.0,123523104.0
2014-02-19,69.99,70.28,67.88,66.86,17713542.0,167151440.0
2014-02-18,69.77,70.71,70.35,68.75,17873656.0,171699760.0
2014-02-17,69.11,71.44,69.99,67.95,31601108.0,303906624.0
2014-02-14,64.68,69.77,68.39,63.66,25316224.0,234353872.0
2014-02-13,65.41,67.44,64.75,64.46,13976102.0,126785888.0
2014-02-12,65.33,66.13,65.92,63.74,13980002.0,124297008.0
2014-02-11,65.55,68.1,65.48,64.9,16426740.0,149839280.0
2014-02-10,62.79,66.42,65.04,62.21,15194436.0,134423184.0
2014-02-07,60.17,62.94,62.72,59.59,10637111.0,90394792.0
2014-01-30,59.59,60.9,59.81,58.94,5618833.0,46341608.0
2014-01-29,59.52,60.17,59.88,58.72,6549238.0,53601080.0
2014-01-28,59.81,60.61,59.38,58.58,5651546.0,46231008.0
2014-01-27,59.01,60.9,60.1,58.5,9115169.0,74977152.0
2014-01-24,58.36,59.88,59.38,57.99,8630124.0,70299592.0
2014-01-23,58.72,59.3,58.43,57.7,8215404.0,66147840.0
2014-01-22,56.32,59.01,58.65,55.89,10285284.0,82143800.0
2014-01-21,54.22,56.9,56.4,54.22,8094535.0,62239772.0
2014-01-20,56.18,56.18,54.36,54.0,4539291.0,34071028.0
2014-01-17,55.96,57.49,55.81,54.8,6448149.0,49547860.0
2014-01-16,55.89,57.12,56.4,55.38,6368527.0,49276696.0
2014-01-15,54.94,55.96,55.89,54.22,5291330.0,40198936.0
2014-01-14,53.85,55.23,55.02,53.85,5812026.0,43578312.0
2014-01-13,56.4,56.69,53.85,53.27,9481908.0,71363072.0
2014-01-10,57.85,58.36,56.69,55.96,7072836.0,55250456.0
2014-01-09,57.63,60.68,58.58,56.47,12653475.0,103085888.0
2014-01-08,57.41,58.72,57.92,56.32,8225542.0,65274548.0
2014-01-07,57.12,57.92,57.41,55.81,8137685.0,63696848.0
2014-01-06,61.12,61.12,57.12,56.54,11539896.0,92827488.0
2014-01-03,63.59,63.74,61.41,61.12,11643393.0,99306456.0
2014-01-02,64.75,65.41,63.88,63.59,6174638.0,54587828.0
2013-12-31,65.04,65.55,65.12,63.95,4171489.0,37199616.0
2013-12-30,64.68,66.28,65.19,64.68,6167652.0,55618464.0
2013-12-27,64.17,65.92,64.61,63.3,7656347.0,68214160.0
2013-12-26,67.44,67.44,64.53,64.32,6618549.0,59796312.0
2013-12-25,66.79,67.37,67.3,65.92,5184496.0,47623336.0
2013-12-24,67.22,67.44,66.79,66.21,4698724.0,43214264.0
2013-12-23,66.21,67.59,66.42,65.33,6383494.0,58756408.0
2013-12-20,65.41,66.35,65.99,65.12,4058176.0,36701320.0
2013-12-19,66.5,67.59,65.55,65.26,4195383.0,38278800.0
2013-12-18,67.73,67.73,66.35,65.77,4820580.0,44231440.0
2013-12-17,66.06,68.02,67.15,66.06,7129154.0,65982772.0
2013-12-16,64.68,67.81,65.99,64.68,6968127.0,63809724.0
2013-12-13,65.7,65.99,65.12,64.75,6723787.0,60375808.0
2013-12-12,65.99,67.01,66.13,65.84,5357408.0,49061368.0
2013-12-11,68.39,68.39,66.28,65.77,9858166.0,90801944.0
2013-12-10,68.53,68.82,68.61,67.73,7421697.0,69792632.0
2013-12-09,68.31,68.82,68.46,67.52,6466916.0,60655808.0
2013-12-06,68.9,68.9,68.31,66.57,12338895.0,114714096.0
2013-12-05,72.31,72.31,69.26,68.68,18178364.0,174851168.0
2013-12-04,68.61,72.38,71.88,68.39,17079300.0,166298848.0
2013-12-03,66.5,69.4,68.97,65.92,12499737.0,117148208.0
2013-12-02,69.91,71.58,66.35,65.62,20480124.0,193190720.0
2013-11-29,70.71,72.75,72.67,70.35,16294739.0,160280224.0
2013-11-28,74.71,75.94,71.22,70.64,26345332.0,264071856.0
2013-11-27,69.26,72.24,72.02,68.02,19548796.0,189630128.0
2013-11-26,68.39,70.35,68.68,68.39,10824558.0,103310536.0
2013-11-25,69.84,71.22,68.39,67.95,14375340.0,137437888.0
2013-11-22,72.31,73.11,70.5,69.91,16762315.0,164160768.0
2013-11-21,70.5,73.55,72.6,69.48,24448994.0,242914864.0
2013-11-20,68.61,71.8,70.71,68.53,22231500.0,214892928.0
2013-11-19,66.86,69.33,68.82,66.13,20705560.0,193847456.0
2013-11-18,65.77,67.44,67.22,65.12,18363244.0,168287216.0
2013-11-15,63.59,67.59,65.62,63.3,20481556.0,185601536.0
2013-11-14,61.92,64.75,63.95,59.88,15289586.0,129938472.0
2013-11-13,64.53,66.72,62.21,61.99,11800332.0,104909624.0
2013-11-12,64.46,65.55,65.04,63.45,8984982.0,80062592.0
2013-11-11,66.86,67.37,65.04,64.97,14525150.0,131554944.0
2013-11-08,65.77,67.37,67.01,63.23,20172430.0,181617888.0
2013-11-07,64.39,67.22,65.62,64.1,14413159.0,130462104.0
2013-11-06,65.7,67.95,65.12,64.61,22570908.0,205771104.0
2013-11-05,62.86,66.64,66.13,62.35,22670830.0,203062560.0
2013-11-04,62.06,64.17,63.08,62.06,11971356.0,104243608.0
2013-11-01,62.86,63.45,62.5,59.81,16069689.0,136666256.0
2013-10-31,64.68,65.99,63.23,62.72,16938796.0,149800752.0
2013-10-30,63.95,66.5,65.77,62.86,27036824.0,240926064.0
2013-10-29,70.5,71.22,64.25,63.37,43841448.0,396347104.0
2013-10-28,70.5,71.8,70.42,69.04,18746856.0,181891632.0
2013-10-25,72.97,73.47,70.35,68.97,31690936.0,308789376.0
2013-10-24,72.67,74.71,73.84,70.71,34827064.0,349151552.0
2013-10-23,79.94,79.94,73.18,73.18,68113424.0,706539200.0
2013-10-22,87.65,91.57,81.32,80.31,92226992.0,1099882112.0
2013-10-21,89.9,89.97,85.47,85.17,76434392.0,929455680.0
2013-10-18,74.71,81.76,81.76,74.71,21926756.0,240444368.0
2013-10-17,76.67,80.23,74.35,73.4,70918728.0,749351680.0
2013-10-16,75.94,75.94,75.94,71.22,79610824.0,825545216.0
2013-10-15,66.35,69.55,69.04,64.83,24369324.0,225382480.0
2013-10-14,65.77,67.73,66.42,65.77,16179076.0,148191968.0
2013-10-11,67.59,68.24,66.35,63.95,30444384.0,278448704.0
2013-10-10,63.74,70.06,67.88,62.79,44591544.0,419401632.0
2013-10-09,63.59,64.24,63.66,62.5,18046136.0,157214608.0
2013-10-08,62.43,64.32,64.03,61.7,20466208.0,178103056.0
2013-09-30,60.47,63.59,62.57,60.47,14947309.0,128408576.0
2013-09-27,61.19,61.92,60.9,60.39,10823237.0,90737440.0
2013-09-26,59.67,62.5,61.19,59.67,25157956.0,213272112.0
2013-09-25,59.23,61.92,60.25,58.72,22442606.0,188163872.0
2013-09-24,59.01,60.17,59.3,58.07,16558123.0,135195024.0
2013-09-23,57.99,59.52,59.23,57.78,15634422.0,126670552.0
2013-09-18,57.2,58.07,57.92,56.18,7617850.0,59693368.0
2013-09-17,58.07,58.14,56.98,56.32,9478212.0,74561608.0
2013-09-16,56.76,58.65,58.14,56.25,14169064.0,112909280.0
2013-09-13,56.69,57.05,56.76,55.89,9975498.0,77558928.0
2013-09-12,53.71,57.27,56.61,53.71,20300622.0,156346448.0
2013-09-11,55.45,55.45,53.71,53.27,11801130.0,87490944.0
2013-09-10,55.81,56.25,55.16,54.58,11147478.0,84571376.0
2013-09-09,56.69,56.9,55.96,55.81,8099861.0,62619900.0
2013-09-06,56.1,56.54,55.74,55.23,8693050.0,66886560.0
2013-09-05,55.6,56.83,56.54,54.51,11006133.0,84904832.0
2013-09-04,55.45,56.54,55.89,55.31,6842117.0,52772720.0
2013-09-03,55.31,56.1,55.6,54.51,8866798.0,67485952.0
2013-09-02,53.78,55.6,55.23,53.2,10699974.0,80313168.0
2013-08-30,57.78,58.07,54.72,53.34,21646928.0,166191952.0
2013-08-29,57.92,58.43,57.92,57.41,9378941.0,74828304.0
2013-08-28,58.94,59.16,57.78,57.63,14979925.0,120485512.0
2013-08-27,59.38,59.88,59.67,57.92,20237878.0,164027968.0
2013-08-26,58.72,59.59,59.45,57.99,15307724.0,124156024.0
2013-08-23,61.12,61.12,58.94,57.7,20526060.0,167469872.0
2013-08-22,60.97,62.06,60.54,60.32,18504538.0,155375632.0
2013-08-21,59.59,61.34,60.97,59.3,22804414.0,190414352.0
2013-08-20,60.03,61.12,59.96,59.09,20218264.0,167214144.0
2013-08-19,56.69,59.52,59.45,55.67,18586840.0,148508656.0
2013-08-16,57.85,60.17,57.49,57.2,17566340.0,141393936.0
2013-08-15,59.52,60.54,58.58,58.5,15296723.0,125625920.0
2013-08-14,58.94,59.96,59.01,58.43,13072444.0,106398384.0
2013-08-13,57.49,59.09,58.72,57.49,11753447.0,94648312.0
2013-08-12,57.27,57.99,57.85,56.54,13674262.0,107774024.0
2013-08-09,59.01,59.16,57.49,56.32,15429928.0,122269200.0
2013-08-08,58.36,59.23,58.65,58.28,12416358.0,100278608.0
2013-08-07,60.97,61.77,58.72,58.36,21298170.0,174423200.0
2013-08-06,60.54,62.43,61.12,60.03,18936804.0,159577840.0
2013-08-05,59.38,60.97,60.9,58.79,15564329.0,129354872.0
2013-08-02,60.17,60.83,59.16,58.79,17634318.0,145312992.0
2013-08-01,57.27,60.25,60.17,56.9,18555142.0,150527712.0
2013-07-31,57.41,58.72,57.27,56.69,15350387.0,121893304.0
2013-07-30,58.79,59.38,56.98,55.67,21076716.0,165662128.0
2013-07-29,59.45,61.27,59.01,58.72,18797324.0,154754048.0
2013-07-26,58.87,61.41,60.32,58.5,23534936.0,194724288.0
2013-07-25,63.08,63.52,59.45,58.87,36264280.0,305000768.0
2013-07-24,61.85,64.1,63.81,60.68,49417104.0,425454720.0
2013-07-23,61.77,63.45,62.94,60.61,68996672.0,588472448.0
2013-07-22,57.85,60.39,60.39,57.41,64557176.0,532344448.0
2013-07-19,56.69,58.5,54.87,54.43,26615020.0,207303216.0
2013-07-18,56.32,58.43,57.12,55.67,35197712.0,277404544.0
2013-07-17,53.63,59.23,56.76,53.27,56039828.0,440815072.0
2013-07-16,53.63,54.36,53.85,52.33,13574678.0,99832568.0
2013-07-15,52.62,53.85,53.49,52.33,17857416.0,130914376.0
2013-07-12,50.87,53.49,51.74,50.87,17611332.0,126807504.0
2013-07-11,49.85,51.96,51.24,49.64,15887965.0,111227040.0
2013-07-10,49.64,50.51,50.36,48.62,14086998.0,96123160.0
2013-07-09,48.84,50.07,49.56,48.18,9780152.0,66352156.0
2013-07-08,50.0,51.24,48.98,48.69,12125039.0,83210416.0
2013-07-05,53.42,55.09,52.33,52.25,14802117.0,109634040.0
2013-07-04,55.74,55.89,54.07,53.63,17102808.0,128466544.0
2013-07-03,54.14,57.17,55.66,52.7,31287480.0,239137616.0
2013-07-02,52.27,56.23,55.08,51.84,30932544.0,231534112.0
2013-07-01,50.9,53.2,52.99,49.82,22351036.0,159684112.0
2013-06-28,49.02,51.33,50.9,48.09,16709342.0,116110880.0
2013-06-27,50.1,51.04,49.38,48.38,15568766.0,107669904.0
2013-06-26,47.29,49.38,49.17,46.86,11595289.0,77647624.0
2013-06-25,47.58,49.1,47.73,43.18,14984207.0,96278680.0
2013-06-24,51.48,51.55,48.02,47.01,10868852.0,74295720.0
2013-06-21,49.74,52.05,51.69,48.66,10240960.0,71936296.0
2013-06-20,52.27,54.43,50.9,50.54,17364996.0,127013816.0
2013-06-19,51.84,52.2,51.98,50.47,10558776.0,75012600.0
2013-06-18,50.83,53.06,52.56,49.96,14054021.0,100732336.0
2013-06-17,50.39,50.97,50.39,49.6,6704035.0,46964744.0
2013-06-14,49.38,51.12,50.54,49.38,6927012.0,48464556.0
2013-06-13,51.04,51.04,49.53,47.94,9193008.0,62863744.0
2013-06-07,53.13,53.64,51.76,51.26,8901906.0,64471324.0
2013-06-06,54.65,54.65,53.13,53.06,6523082.0,48504984.0
2013-06-05,54.86,55.3,54.79,53.13,9818025.0,74166368.0
2013-06-04,57.31,57.6,55.08,54.22,14428508.0,111302120.0
2013-06-03,57.17,58.97,57.39,56.81,11166866.0,89807864.0
2013-05-31,59.05,59.62,57.46,57.31,14432691.0,116872392.0
2013-05-30,57.31,59.26,59.19,56.59,19810402.0,159932976.0
2013-05-29,57.67,57.89,57.17,56.38,12892254.0,102142256.0
2013-05-28,58.76,58.83,57.67,57.1,13685105.0,109424696.0
2013-05-27,59.12,59.48,58.9,57.46,17515104.0,141838384.0
2013-05-24,58.32,60.85,59.12,58.32,24792772.0,204050736.0
2013-05-23,58.25,60.99,58.25,57.53,29596628.0,242807136.0
2013-05-22,58.32,59.05,57.96,56.95,18392280.0,147238208.0
2013-05-21,56.81,59.33,58.61,56.74,29264724.0,237122192.0
2013-05-20,56.16,60.41,57.24,56.16,35354704.0,283259520.0
2013-05-17,54.07,55.73,55.22,53.64,20119798.0,153120112.0
2013-05-16,52.99,55.08,54.29,52.48,21886542.0,164753312.0
2013-05-15,52.34,53.42,53.28,51.76,12400958.0,90952312.0
2013-05-14,53.35,53.64,51.91,51.69,13903497.0,101247696.0
2013-05-13,52.63,53.71,53.64,51.91,13580391.0,99746464.0
2013-05-10,53.49,54.72,52.77,51.98,20010600.0,147101952.0
2013-05-09,53.78,54.58,54.0,52.92,16448289.0,122449856.0
2013-05-08,52.77,54.79,54.14,52.41,24532996.0,183130272.0
2013-05-07,51.91,53.71,53.13,51.84,17766708.0,130271024.0
2013-05-06,52.2,53.49,52.2,51.62,19657420.0,143347584.0
2013-05-03,50.03,52.27,52.05,49.89,16714614.0,119149216.0
2013-05-02,49.02,50.75,49.82,48.95,9728328.0,67374904.0
2013-04-26,50.54,51.48,50.03,48.95,17297296.0,119889040.0
2013-04-25,51.76,53.78,50.97,50.54,32570960.0,236239760.0
2013-04-24,48.45,52.77,52.12,48.45,26180802.0,186741968.0
2013-04-23,50.75,51.19,48.59,48.3,13338090.0,92145280.0
2013-04-22,49.24,51.55,50.97,49.17,17051074.0,119926000.0
2013-04-19,49.17,50.03,49.46,49.1,10960992.0,75376816.0
2013-04-18,47.44,49.67,49.24,47.15,11130430.0,75330392.0
2013-04-17,47.51,47.87,47.73,46.86,6458805.0,42456920.0
2013-04-16,46.28,47.94,47.65,46.21,5771917.0,37770772.0
2013-04-15,47.87,48.38,46.72,46.65,9461012.0,62077280.0
2013-04-12,48.88,49.82,48.52,48.3,10896533.0,73948744.0
2013-04-11,48.74,49.96,49.1,48.74,9964609.0,68286608.0
2013-04-10,49.31,50.1,48.59,48.09,9738727.0,66117548.0
2013-04-09,48.66,50.32,49.6,48.23,12857110.0,87927296.0
2013-04-08,46.5,49.17,48.66,45.63,14778978.0,97405040.0
2013-04-03,49.46,49.6,47.44,47.01,17131444.0,113770576.0
2013-04-02,51.04,51.4,49.53,48.73,19282786.0,133214440.0
2013-04-01,50.47,51.76,51.04,49.96,15818278.0,111178344.0
2013-03-29,48.88,52.05,50.9,48.45,27995388.0,196727808.0
2013-03-28,49.74,49.82,48.66,48.16,16211430.0,110031376.0
2013-03-27,48.59,50.75,50.54,48.45,22378272.0,155164736.0
2013-03-26,49.02,49.02,48.59,47.87,9815857.0,65866104.0
2013-03-25,49.6,49.96,49.24,48.52,12757258.0,86956024.0
2013-03-22,49.38,50.68,49.6,49.02,19165846.0,132549896.0
2013-03-21,50.1,50.39,49.74,49.24,21379486.0,147728608.0
2013-03-20,49.31,50.47,50.32,48.73,25220308.0,173263248.0
2013-03-19,49.67,50.1,49.67,48.3,20337680.0,138779056.0
2013-03-18,48.73,50.97,49.6,48.3,27108628.0,187465824.0
2013-03-15,48.52,50.18,49.02,47.22,35162600.0,239887808.0
2013-03-14,46.14,49.46,48.59,45.35,32688036.0,218155168.0
2013-03-13,46.36,47.73,46.36,45.35,25123196.0,162815600.0
2013-03-12,46.57,46.93,44.7,43.69,16367341.0,102381648.0
2013-03-11,46.72,47.44,46.79,46.0,8859201.0,57504992.0
2013-03-08,47.29,48.09,46.65,46.36,16252721.0,106977784.0
2013-03-07,47.44,48.16,47.29,46.86,23664620.0,156017392.0
2013-03-06,46.36,49.17,47.73,46.14,37064720.0,245325552.0
2013-03-05,44.48,46.07,46.0,44.12,16395105.0,102979672.0
2013-03-04,46.0,46.21,44.34,44.19,17945198.0,112071720.0
2013-03-01,46.86,47.15,46.72,45.56,28312736.0,181133792.0
2013-02-28,45.56,47.29,47.01,45.2,37102944.0,240364544.0
2013-02-27,45.2,46.36,45.49,45.06,12786704.0,81217856.0
2013-02-26,46.0,47.73,45.49,44.84,44772800.0,288905504.0
2013-02-25,44.7,46.72,46.57,44.12,23891024.0,150480416.0
2013-02-22,46.28,46.28,44.63,44.55,19033236.0,119495416.0
2013-02-21,46.65,47.94,46.07,45.56,58937936.0,380473472.0
2013-02-20,42.68,46.93,46.93,42.39,45203804.0,284963040.0
2013-02-19,43.62,43.83,42.68,42.25,9464725.0,56299244.0
2013-02-18,43.47,43.98,43.62,43.18,9542239.0,57675272.0
2013-02-08,42.9,43.76,43.26,42.75,10710923.0,64383224.0
2013-02-07,42.53,42.97,42.75,42.46,7138164.0,42261940.0
2013-02-06,42.39,43.18,42.68,42.39,8268852.0,49077424.0
2013-02-05,42.68,42.68,42.53,41.81,7525459.0,44184584.0
2013-02-04,42.39,42.9,42.82,42.1,10593540.0,62553904.0
2013-02-01,41.89,42.39,42.17,41.67,4994317.0,29201190.0
2013-01-31,42.39,42.53,41.89,41.67,6231841.0,36300080.0
2013-01-30,42.75,42.75,42.46,41.89,7984829.0,46833516.0
2013-01-29,42.25,43.04,42.46,41.96,8178570.0,48234136.0
2013-01-28,41.09,42.32,42.25,41.09,6432150.0,37334180.0
2013-01-25,41.31,41.81,41.17,40.73,6261050.0,35890776.0
2013-01-24,42.97,43.47,41.53,41.31,14353695.0,84728472.0
2013-01-23,42.17,43.26,43.26,41.53,12527904.0,73638672.0
2013-01-22,42.9,43.62,42.32,42.17,13769278.0,82127312.0
2013-01-21,43.04,43.11,43.04,42.53,9411980.0,55981484.0
2013-01-18,42.61,43.26,42.97,42.03,10994956.0,65028428.0
2013-01-17,43.33,43.47,42.46,42.25,10250622.0,60614656.0
2013-01-16,43.83,44.19,43.33,42.39,18774416.0,112489936.0
2013-01-15,43.83,45.13,43.98,43.62,25781540.0,157767680.0
2013-01-14,42.39,43.91,43.76,42.03,27291904.0,163955488.0
2013-01-11,43.55,44.34,43.04,42.82,25772848.0,156592480.0
2013-01-10,42.68,43.62,43.4,42.46,16041623.0,95593296.0
2013-01-09,42.9,43.76,42.9,42.25,15266186.0,91042952.0
2013-01-08,41.53,44.34,43.33,41.31,27441928.0,164486608.0
2013-01-07,40.88,41.6,41.53,40.88,4797073.0,27427078.0
2013-01-04,42.1,42.17,41.02,40.52,6555947.0,37514184.0
2012-12-31,41.74,42.32,41.81,41.53,7775172.0,45133604.0
2012-12-28,41.09,41.74,41.6,40.95,6681482.0,38383620.0
2012-12-27,41.74,41.96,41.17,41.09,9124815.0,52478856.0
2012-12-26,42.03,42.1,41.74,41.02,19504512.0,112235592.0
2012-12-25,41.53,43.33,42.32,41.38,30398314.0,179056672.0
2012-12-24,40.37,42.39,41.96,40.01,7369605.0,42027956.0
2012-12-21,41.74,42.1,40.45,40.16,12157416.0,69097760.0
2012-12-20,41.53,43.4,41.67,41.38,33462272.0,197298880.0
2012-12-19,39.8,43.76,42.03,39.51,29140196.0,169375248.0
2012-12-18,39.29,40.08,39.94,38.72,11155628.0,60946304.0
2012-12-17,38.28,40.23,39.58,38.21,12569884.0,68240528.0
2012-12-14,36.55,38.43,38.21,36.48,8308431.0,43557104.0
2012-12-13,37.42,37.63,36.55,36.48,5200736.0,26657190.0
2012-12-12,37.63,38.14,37.56,37.06,4338647.0,22550720.0
2012-12-11,37.92,38.43,37.7,37.63,5497471.0,28936512.0
2012-12-10,37.92,38.5,38.21,37.56,6362824.0,33573844.0
2012-12-07,36.62,37.78,37.63,36.48,5733323.0,29709504.0
2012-12-06,36.91,37.78,36.62,36.62,4112001.0,21163448.0
2012-12-05,35.33,37.13,36.7,35.18,5158010.0,26207818.0
2012-12-04,34.82,35.98,35.62,34.32,3728632.0,18101020.0
2012-12-03,36.48,36.62,34.89,34.82,2769678.0,13742291.0
2012-11-30,35.9,36.48,36.41,35.69,2918024.0,14626778.0
2012-11-29,36.77,37.13,35.83,35.83,3002203.0,15228875.0
2012-11-28,36.55,37.27,36.77,36.48,3047545.0,15560261.0
2012-11-27,39.36,39.51,37.42,37.34,5263154.0,27852640.0
2012-11-26,40.01,40.16,39.44,39.29,2758738.0,15205399.0
2012-11-23,40.45,40.88,39.94,39.72,3674405.0,20561360.0
2012-11-22,40.95,41.17,40.45,40.45,3287065.0,18604434.0
2012-11-21,40.8,41.38,41.38,40.23,4209593.0,23890566.0
2012-11-20,41.02,41.31,40.8,40.66,3896470.0,22163184.0
2012-11-19,40.88,41.31,41.02,40.08,5472620.0,30953126.0
2012-11-16,39.94,43.47,41.38,38.79,7800754.0,43642024.0
2012-11-15,40.45,40.88,40.08,39.72,4033451.0,22603028.0
2012-11-14,40.37,40.66,40.45,39.8,2779717.0,15507086.0
2012-11-13,41.17,41.17,40.3,40.08,3604157.0,20203912.0
2012-11-12,40.23,41.09,41.02,40.16,4275247.0,24125460.0
2012-11-09,40.01,40.59,40.16,39.87,4073360.0,22726236.0
2012-11-08,41.31,41.45,40.08,39.94,6593779.0,37287060.0
2012-11-07,41.53,42.03,41.74,41.24,4212565.0,24324996.0
2012-11-06,42.54,42.75,41.67,40.88,7493105.0,43132152.0
2012-11-05,42.97,43.04,42.54,42.17,4117931.0,24274860.0
2012-11-02,42.68,43.11,42.9,42.32,5584707.0,33175062.0
2012-11-01,41.96,43.11,42.75,41.96,5872083.0,34690500.0
2012-10-31,43.04,43.04,42.03,41.24,7224786.0,41999140.0
2012-10-30,42.68,43.55,42.97,42.68,4905024.0,29256802.0
2012-10-29,42.54,43.26,42.75,42.25,5187264.0,30740468.0
2012-10-26,43.4,43.83,42.25,42.03,7540769.0,44821020.0
2012-10-25,43.98,44.63,43.69,43.4,6860021.0,41826328.0
2012-10-24,43.4,44.41,44.12,43.4,6252425.0,38237716.0
2012-10-23,45.27,45.64,43.98,43.83,11915899.0,73768840.0
2012-10-22,45.13,45.42,45.27,44.63,8577522.0,53570136.0
2012-10-19,46.5,46.93,45.49,45.42,11623402.0,74173296.0
2012-10-18,46.14,47.08,46.57,46.07,16102906.0,103959200.0
2012-10-17,45.13,47.08,46.57,44.55,21273120.0,136067232.0
2012-10-16,44.84,46.07,44.84,44.48,11075710.0,69722152.0
2012-10-15,45.35,45.78,45.2,44.19,10361182.0,64592704.0
2012-10-12,44.99,46.14,45.71,43.98,18540240.0,116130200.0
2012-10-11,46.21,46.28,45.06,44.7,20934306.0,131650856.0
2012-10-10,46.0,48.3,46.79,45.64,34350904.0,224742800.0
2012-10-09,45.13,46.57,46.21,45.13,26505152.0,169006864.0
2012-10-08,45.42,46.65,45.35,44.84,24927852.0,157526688.0
2012-09-28,45.2,47.29,46.07,44.41,43364712.0,274959776.0
2012-09-27,44.63,47.94,46.28,43.69,67445576.0,429602912.0
2012-09-26,40.8,45.2,45.2,40.73,45209144.0,274119200.0
2012-09-25,40.73,41.53,41.09,40.01,9802072.0,55595216.0
2012-09-24,40.73,41.24,40.8,39.72,10551350.0,59319600.0
2012-09-21,43.11,43.55,41.45,41.31,17123762.0,100644672.0
2012-09-20,46.07,46.43,43.91,43.47,34116096.0,211640544.0
2012-09-19,41.81,45.71,45.71,41.67,30039612.0,188611088.0
2012-09-18,41.74,42.1,41.53,41.38,3803331.0,22004294.0
2012-09-17,43.62,43.62,41.81,41.74,6781056.0,40003300.0
2012-09-14,43.76,43.98,43.62,42.97,6521063.0,39354696.0
2012-09-13,44.27,44.41,43.33,43.26,6868563.0,41721220.0
2012-09-12,44.34,44.99,44.27,43.55,9524432.0,58347776.0
2012-09-11,44.41,44.55,44.27,43.83,6902769.0,42321440.0
2012-09-10,44.55,45.27,44.55,43.83,11786385.0,72816552.0
2012-09-07,43.98,44.99,44.41,43.26,16137745.0,99046512.0
2012-09-06,42.9,44.12,43.4,42.46,9059297.0,54083812.0
2012-09-05,42.17,44.27,43.18,41.53,12934913.0,77391760.0
2012-09-04,41.67,42.9,42.25,41.31,11930207.0,69967088.0
2012-09-03,41.45,42.03,41.67,41.02,4143159.0,23927816.0
2012-08-31,41.17,41.53,41.45,40.73,4081912.0,23282764.0
2012-08-30,40.08,42.25,41.38,39.94,10753020.0,61805580.0
2012-08-29,39.65,41.24,40.16,39.65,4973857.0,28015036.0
2012-08-28,39.44,40.45,40.01,39.29,3285023.0,18196136.0
2012-08-27,40.37,40.59,39.44,39.36,3593659.0,19836448.0
2012-08-24,41.74,42.1,40.66,40.59,4585896.0,26330876.0
2012-08-23,41.45,42.1,42.03,41.24,5743589.0,33315128.0
2012-08-22,42.03,42.03,41.31,41.09,3366754.0,19409308.0
2012-08-21,41.09,42.39,42.03,41.09,5250978.0,30508268.0
2012-08-20,40.37,41.38,41.24,40.01,3066456.0,17301414.0
2012-08-17,40.16,40.59,40.45,39.94,1701820.0,9509751.0
2012-08-16,40.95,41.09,40.23,40.01,3186388.0,17928616.0
2012-08-15,41.38,42.17,41.24,40.88,4494995.0,25920524.0
2012-08-14,41.02,41.67,41.31,40.08,4922194.0,27992304.0
2012-08-13,42.03,42.32,41.09,40.8,4269011.0,24653482.0
2012-08-10,42.68,43.33,42.46,42.17,4601263.0,27213252.0
2012-08-09,41.6,42.9,42.68,41.24,6349761.0,37086572.0
2012-08-08,41.81,42.1,41.74,41.24,4637890.0,26791044.0
2012-08-07,41.45,41.96,41.74,41.09,4120403.0,23777924.0
2012-08-06,40.23,41.45,41.38,40.23,4008745.0,22784952.0
2012-08-03,40.01,40.59,40.59,39.65,2084613.0,11662850.0
2012-08-02,40.01,40.88,39.87,39.65,2205695.0,12252769.0
2012-08-01,39.08,40.08,40.01,38.86,2699145.0,14880637.0
2012-07-31,39.87,40.01,39.08,38.72,2559834.0,13892939.0
2012-07-30,41.74,41.74,40.01,39.44,3641396.0,20423992.0
2012-07-27,41.45,41.67,41.53,41.09,2206879.0,12660156.0
2012-07-26,41.24,41.96,41.31,40.88,3248578.0,18688906.0
2012-07-25,41.45,41.89,41.38,41.02,2438766.0,14055377.0
2012-07-24,41.17,42.25,41.67,41.02,2389346.0,13815287.0
2012-07-23,41.89,41.89,41.45,41.09,2981160.0,17127468.0
2012-07-20,42.1,42.75,42.25,41.67,4373264.0,25653708.0
2012-07-19,41.89,42.9,42.1,41.81,5702543.0,33531618.0
2012-07-18,41.24,42.1,42.03,40.88,4812477.0,27786336.0
2012-07-17,40.45,41.53,41.24,40.08,2330306.0,13274574.0
2012-07-16,42.32,42.39,40.66,40.52,4053667.0,23135908.0
2012-07-13,42.32,42.9,42.17,41.96,2910949.0,17137038.0
2012-07-12,41.6,42.75,42.54,41.17,3883819.0,22690504.0
2012-07-11,41.09,41.74,41.6,41.02,2212649.0,12721924.0
2012-07-10,41.81,41.81,41.31,40.73,2775761.0,15851822.0
2012-07-09,42.45,42.95,41.67,41.24,3971993.0,23420646.0
2012-07-06,42.38,43.24,42.95,41.24,4753667.0,28152128.0
2012-07-05,43.38,43.38,41.74,41.74,4423222.0,26177004.0
2012-07-04,43.66,43.88,43.16,43.02,4421911.0,26954016.0
2012-07-03,43.88,44.09,43.52,43.31,4345707.0,26628566.0
2012-07-02,43.95,44.38,43.81,43.59,2695250.0,16591417.0
2012-06-29,42.95,43.74,43.66,42.74,2948830.0,17918644.0
2012-06-28,44.23,44.45,42.95,42.88,3055459.0,18723398.0
2012-06-27,44.52,44.88,44.09,44.02,3068907.0,19120608.0
2012-06-26,44.31,44.88,44.52,43.95,3676479.0,22891540.0
2012-06-25,46.23,46.38,44.59,44.52,5235594.0,33226554.0
2012-06-21,47.87,48.37,46.73,46.59,4457034.0,29481918.0
2012-06-20,47.87,48.45,48.09,47.52,5546023.0,37376608.0
2012-06-19,47.87,48.02,47.59,47.38,3570488.0,23864924.0
2012-06-18,48.09,48.23,47.87,47.66,3630548.0,24396182.0
2012-06-15,47.8,48.09,47.59,46.88,4099147.0,27343312.0
2012-06-14,47.52,48.16,47.59,47.23,5019989.0,33555664.0
2012-06-13,47.38,47.66,47.59,46.59,4430891.0,29371920.0
2012-06-12,47.66,47.73,46.95,46.95,4834558.0,32016272.0
2012-06-11,47.02,48.02,47.87,46.95,4444914.0,29597376.0
2012-06-08,47.87,48.02,47.23,47.16,3726096.0,24860572.0
2012-06-07,48.45,48.66,47.45,47.3,3844787.0,25765740.0
2012-06-06,47.87,48.3,47.66,47.3,5069242.0,33988308.0
2012-06-05,47.8,48.3,47.8,47.3,6027346.0,40339456.0
2012-06-04,50.59,50.73,47.73,47.66,13775539.0,94938464.0
2012-06-01,52.08,52.65,51.58,51.44,7507191.0,54794144.0
2012-05-31,51.51,52.87,52.08,51.23,12407202.0,90461816.0
2012-05-30,52.01,52.23,51.94,51.37,7456817.0,54055364.0
2012-05-29,51.73,52.23,51.94,51.3,12026997.0,87480376.0
2012-05-28,50.3,54.87,51.8,50.16,13582216.0,97960008.0
2012-05-25,51.09,51.37,50.94,50.23,7277356.0,51822176.0
2012-05-24,50.3,51.87,51.09,50.01,10358632.0,73968552.0
2012-05-23,51.73,51.73,50.44,50.16,9563932.0,68063560.0
2012-05-22,51.73,52.23,51.87,51.44,15852801.0,115209984.0
2012-05-21,50.59,52.16,51.73,50.16,13923616.0,100593016.0
2012-05-18,51.01,51.37,50.59,50.44,5479728.0,39110104.0
2012-05-17,50.23,51.51,51.37,50.01,7630547.0,54555124.0
2012-05-16,50.59,51.16,50.3,50.09,7252578.0,51567452.0
2012-05-15,50.66,50.66,50.59,49.66,8248031.0,57922240.0
2012-05-14,52.44,52.51,51.16,51.09,10735714.0,77622496.0
2012-05-10,52.58,52.73,52.08,51.37,11925936.0,86863600.0
2012-05-09,53.72,53.72,52.01,51.94,11762895.0,86774224.0
2012-05-08,55.01,55.22,54.22,53.72,11676523.0,89049248.0
2012-05-07,55.22,55.94,55.51,54.22,19395116.0,149772704.0
2012-05-04,54.01,55.08,54.72,53.15,16702481.0,127061232.0
2012-05-03,52.44,54.08,53.94,52.08,12772641.0,95485456.0
2012-05-02,53.58,53.65,52.73,52.65,10206459.0,75978864.0
2012-04-27,52.3,53.3,52.58,52.01,8500076.0,62728508.0
2012-04-26,53.58,53.58,52.37,52.08,13300590.0,98197896.0
2012-04-25,53.15,54.15,53.58,52.3,17009156.0,127114728.0
2012-04-24,52.44,54.08,53.65,51.37,19219836.0,142270480.0
2012-04-23,55.08,55.37,53.23,52.58,31105298.0,234353808.0
2012-04-20,57.08,58.22,56.36,55.87,49807512.0,396919168.0
2012-04-19,55.29,60.65,58.29,54.58,56849608.0,453196800.0
2012-04-18,52.44,56.22,55.87,52.16,32724884.0,248432352.0
2012-04-17,52.58,54.51,52.58,51.8,26487378.0,197470672.0
2012-04-16,51.73,54.15,53.51,51.3,31476468.0,233127472.0
2012-04-13,51.23,52.3,52.16,50.73,15024644.0,108742688.0
2012-04-12,49.16,51.51,51.37,48.52,21560306.0,151602320.0
2012-04-11,47.52,48.87,48.87,47.3,7433884.0,50357888.0
2012-04-10,47.3,48.37,48.3,46.02,6983767.0,46193496.0
2012-04-09,48.16,48.66,47.45,47.3,5609898.0,37695760.0
2012-04-06,48.16,49.16,48.52,47.8,6864953.0,46609984.0
2012-04-05,46.8,48.3,48.23,46.52,7622834.0,50874064.0
2012-03-30,46.52,47.09,46.66,46.09,6566637.0,42913376.0
2012-03-29,47.52,48.37,46.59,46.02,7973906.0,52815600.0
2012-03-28,50.8,50.8,48.02,47.66,11250394.0,77126880.0
2012-03-27,50.73,51.44,50.8,50.59,7479541.0,53460820.0
2012-03-26,49.94,50.59,50.37,49.8,5518071.0,38801424.0
2012-03-23,51.37,51.37,50.09,49.8,12348805.0,87382208.0
2012-03-22,51.94,52.3,51.66,51.16,7125723.0,51733248.0
2012-03-21,51.73,52.44,52.08,50.66,10283587.0,74447120.0
2012-03-20,53.44,53.8,51.37,51.3,14464444.0,106149856.0
2012-03-19,52.94,54.37,53.94,52.44,13947132.0,104465312.0
2012-03-16,51.94,53.15,53.08,51.3,12728351.0,93478568.0
2012-03-15,52.73,53.23,51.8,50.59,16529791.0,120232632.0
2012-03-14,56.86,57.43,53.01,52.3,31942658.0,246839200.0
2012-03-13,56.36,56.79,56.65,55.72,17354522.0,136783856.0
2012-03-12,55.79,56.65,56.44,55.51,19294134.0,151588880.0
2012-03-09,55.01,57.08,56.01,54.8,26009976.0,204398560.0
2012-03-08,54.8,55.51,54.72,54.44,15170264.0,116712040.0
2012-03-07,54.8,55.87,54.44,54.37,21665844.0,167209360.0
2012-03-06,54.22,55.79,55.65,53.08,27856364.0,213341872.0
2012-03-05,54.94,56.01,54.22,54.01,19687600.0,151942176.0
2012-03-02,53.94,54.72,54.44,53.58,16864860.0,127987536.0
2012-03-01,52.3,55.65,53.8,52.23,30354556.0,231450608.0
2012-02-29,53.15,54.08,52.65,52.51,13844024.0,103331408.0
2012-02-28,53.08,53.51,53.3,52.37,18713156.0,139044192.0
2012-02-27,54.8,55.44,53.44,53.37,27875660.0,212438368.0
2012-02-24,53.8,54.37,54.15,53.58,16784300.0,127110560.0
2012-02-23,54.22,54.65,54.01,53.08,24705756.0,186591632.0
2012-02-22,52.58,55.01,54.72,52.3,32559760.0,245543824.0
2012-02-21,51.94,53.15,52.87,51.01,23546564.0,172548720.0
2012-02-20,51.94,54.08,51.94,51.37,27758124.0,204430032.0
2012-02-17,52.01,52.23,51.09,50.37,17334448.0,124018328.0
2012-02-16,52.58,53.23,51.66,50.94,26032012.0,190094384.0
2012-02-15,49.94,52.23,52.01,49.8,28528792.0,204914560.0
2012-02-14,50.3,50.66,50.16,49.44,14700410.0,102939336.0
2012-02-13,48.52,51.87,50.73,47.87,26860484.0,189899104.0
2012-02-10,49.23,49.73,49.09,48.3,15708873.0,108177880.0
2012-02-09,48.52,51.23,49.59,48.09,26704112.0,185437760.0
2012-02-08,47.09,49.02,48.87,46.66,20420700.0,137462128.0
2012-02-07,48.3,48.37,47.09,46.52,11531582.0,76475296.0
2012-02-06,48.23,48.94,48.3,47.59,15701640.0,106365424.0
2012-02-03,46.66,48.45,47.95,46.45,16812524.0,112250640.0
2012-02-02,45.8,46.95,46.88,45.31,8691929.0,56364096.0
2012-02-01,46.23,47.09,45.59,45.38,8412810.0,54563792.0
2012-01-31,45.45,46.66,46.38,45.23,7252838.0,46652136.0
2012-01-30,46.38,46.66,45.66,44.95,7907869.0,50892560.0
2012-01-20,45.8,46.45,46.3,45.73,7645325.0,49491932.0
2012-01-19,44.95,46.23,45.52,44.81,9664178.0,61727116.0
2012-01-18,45.73,46.8,44.95,44.16,11449787.0,73214776.0
2012-01-17,42.81,46.38,46.02,42.81,10907148.0,68041240.0
2012-01-16,43.74,44.52,42.59,42.52,7840296.0,47888756.0
2012-01-13,47.23,47.59,44.52,44.31,14415741.0,91675512.0
2012-01-12,47.16,48.16,47.16,46.59,14174411.0,94155648.0
2012-01-11,46.88,50.44,47.8,46.52,22443346.0,152848912.0
2012-01-10,44.95,47.38,47.23,44.52,15676204.0,101645232.0
2012-01-09,42.67,45.16,45.09,42.67,10661703.0,66145144.0
2012-01-06,42.24,43.24,43.09,41.17,8360478.0,49464244.0
2012-01-05,45.52,45.95,42.52,41.95,16104642.0,98464176.0
2012-01-04,49.3,49.3,45.31,45.16,10788668.0,71731752.0
