date,open,high,close,low,volume,amount
2015-07-07,89.39,91.48,83.01,83.01,23012812.0,231379712.0
2015-07-06,103.49,103.49,92.24,84.69,33508372.0,363384032.0
2015-07-03,100.63,107.85,94.08,92.41,22687636.0,266593200.0
2015-07-02,110.79,113.31,101.89,99.88,18975846.0,241238112.0
2015-07-01,114.14,122.12,110.37,110.2,24959850.0,348943936.0
2015-06-30,106.76,117.08,116.08,96.6,26387400.0,333091552.0
2015-06-29,124.22,124.22,107.35,107.26,25202060.0,340050144.0
2015-06-26,127.57,129.76,119.18,119.18,18795384.0,276017632.0
2015-06-25,135.97,141.59,132.44,131.01,19695134.0,321493120.0
2015-06-24,135.13,136.81,135.72,131.01,18549132.0,298501920.0
2015-06-23,131.69,135.63,133.62,121.11,23140500.0,356384576.0
2015-06-19,140.0,145.03,134.04,132.44,17046020.0,282712928.0
2015-06-18,152.25,153.42,146.62,144.36,21766014.0,388112576.0
2015-06-17,144.95,152.58,152.08,139.16,24387056.0,425809984.0
2015-06-16,153.51,153.51,144.02,142.68,26824444.0,472310368.0
2015-06-15,167.44,167.44,156.36,153.59,29899434.0,567956480.0
2015-06-12,163.66,171.55,165.51,163.66,28366060.0,566657472.0
2015-06-11,165.17,165.17,163.66,158.29,28557740.0,548504320.0
2015-06-10,161.99,171.64,164.75,160.39,30925816.0,615501824.0
2015-06-09,162.32,166.18,164.92,157.79,34286496.0,658527424.0
2015-06-08,176.25,177.68,166.43,164.5,77252344.0,1566945920.0
2015-06-05,152.84,163.08,163.08,152.84,38477428.0,731294720.0
2015-06-04,138.48,148.81,148.22,129.34,55019328.0,929456320.0
2015-06-03,141.84,142.18,137.9,134.04,29254156.0,481319648.0
2015-06-02,136.47,142.51,141.09,134.04,33155040.0,542419584.0
2015-06-01,127.15,135.72,135.13,125.47,25200492.0,392839264.0
2015-05-29,130.09,132.44,127.15,117.75,35717900.0,537704704.0
2015-05-28,145.53,150.07,130.85,130.85,50717416.0,852684608.0
2015-05-27,137.48,147.55,145.37,136.81,46519720.0,783554624.0
2015-05-26,132.94,138.32,136.89,131.1,39818440.0,639024960.0
2015-05-25,129.25,134.2,132.78,127.83,34878600.0,546299968.0
2015-05-22,132.61,135.8,131.35,129.34,44794956.0,704910848.0
2015-05-21,122.79,134.88,133.03,120.86,50332272.0,760854336.0
2015-05-20,118.26,125.89,122.62,118.09,47669692.0,696000384.0
2015-05-19,119.6,124.3,123.04,117.84,19379712.0,279580992.0
2015-05-18,113.29,118.79,118.58,111.7,18505080.0,516646176.0
2015-05-15,114.16,114.16,112.41,110.45,9276985.0,249800880.0
2015-05-14,112.12,114.2,113.5,111.7,9594497.0,259941456.0
2015-05-13,111.7,114.58,112.08,110.62,12730594.0,343854048.0
2015-05-12,106.62,110.66,110.54,106.62,13146199.0,344303520.0
2015-05-11,102.37,106.08,105.83,101.58,6435969.0,160707664.0
2015-05-08,100.74,101.83,101.49,99.7,4842079.0,116983456.0
2015-05-07,102.58,104.08,99.16,99.03,5848604.0,141409472.0
2015-05-06,106.49,107.04,104.28,103.78,4903095.0,124247960.0
2015-05-05,109.0,109.08,105.74,103.78,7279859.0,185554144.0
2015-05-04,105.87,107.87,107.83,103.37,5873437.0,149748896.0
2015-04-30,106.29,107.95,105.95,105.74,5708068.0,146327008.0
2015-04-29,103.7,107.54,105.87,102.41,6617681.0,167203824.0
2015-04-28,110.79,110.79,103.91,103.37,11443565.0,293069376.0
2015-04-27,112.12,112.79,110.91,110.04,8967754.0,239182112.0
2015-04-24,111.45,112.12,110.29,108.79,8376670.0,222074032.0
2015-04-23,110.79,114.95,112.7,110.45,12365367.0,334745056.0
2015-04-22,109.45,111.5,111.0,108.58,9546452.0,253033264.0
2015-04-21,105.03,108.79,108.62,104.28,8854223.0,227721984.0
2015-04-20,108.37,110.87,105.49,105.2,11865257.0,308276480.0
2015-04-17,107.54,110.87,108.54,107.04,11413553.0,297752736.0
2015-04-16,105.45,109.95,107.66,104.03,10801368.0,277170368.0
2015-04-15,114.62,114.62,108.29,107.74,11828611.0,313021952.0
2015-04-14,116.75,116.75,114.83,113.29,12454068.0,342676480.0
2015-04-13,118.71,119.21,117.04,116.08,16214949.0,456679616.0
2015-04-10,118.37,120.79,118.37,115.58,26656264.0,753631488.0
2015-04-09,110.45,121.37,121.37,107.54,21362918.0,589178240.0
2015-04-08,112.33,112.33,110.33,107.12,11453327.0,302415168.0
2015-04-07,112.04,113.79,112.16,110.04,10344731.0,277425280.0
2015-04-03,109.25,112.5,111.16,107.95,10336236.0,273346656.0
2015-04-02,109.62,110.7,109.16,107.95,9842454.0,257723776.0
2015-04-01,106.7,110.95,109.2,105.95,15129479.0,395284256.0
2015-03-31,104.62,106.45,106.24,101.62,12278779.0,305495968.0
2015-03-30,105.12,107.2,104.53,103.66,12161280.0,306968960.0
2015-03-27,103.87,105.53,104.2,103.28,8566942.0,214196688.0
2015-03-26,101.91,106.12,103.74,99.83,13769801.0,340893408.0
2015-03-25,98.78,106.62,103.24,97.66,16018164.0,392991296.0
2015-03-24,102.16,102.53,99.74,97.53,15107586.0,361033376.0
2015-03-23,98.74,102.24,100.78,98.74,13794268.0,332615360.0
2015-03-20,98.41,100.33,98.7,97.57,13883703.0,328867040.0
2015-03-19,97.45,102.53,99.12,96.49,21276666.0,507665600.0
2015-03-18,100.03,100.83,97.58,96.32,29264652.0,689790208.0
2015-03-17,86.78,94.57,94.57,86.78,11330397.0,251665328.0
2015-03-16,84.82,86.57,85.99,84.19,10780043.0,220579872.0
2015-03-13,83.36,84.07,83.61,82.78,5737433.0,114988072.0
2015-03-12,82.61,83.99,82.74,82.19,5526518.0,109931232.0
2015-03-11,83.36,83.44,82.36,82.15,6042396.0,119933232.0
2015-03-10,82.94,83.99,83.74,82.86,7532339.0,150779104.0
2015-03-09,82.11,83.4,83.11,80.9,6763920.0,134055920.0
2015-03-06,82.61,84.15,82.44,81.69,7606849.0,151036528.0
2015-03-05,82.94,82.94,82.24,81.57,7488237.0,147544560.0
2015-03-04,79.82,83.36,82.9,79.19,13974410.0,273849536.0
2015-03-03,80.86,80.86,79.57,79.4,8227930.0,158099136.0
2015-03-02,80.4,81.53,81.11,79.82,7321581.0,141831808.0
2015-02-27,80.61,80.98,80.11,79.61,5906687.0,113851624.0
2015-02-26,79.19,80.11,80.03,78.98,4733960.0,90435512.0
2015-02-25,78.73,79.4,79.11,78.57,3635351.0,68903680.0
2015-02-17,79.53,79.57,78.73,78.36,3391988.0,64085888.0
2015-02-16,77.94,79.03,79.03,77.9,3627486.0,68423368.0
2015-02-13,78.28,78.36,77.9,77.57,3880045.0,72610632.0
2015-02-12,77.19,77.69,77.53,76.9,2843951.0,52824600.0
2015-02-11,76.28,77.11,76.57,76.28,2155130.0,39669072.0
2015-02-10,75.78,76.4,76.4,75.36,2520865.0,45968628.0
2015-02-09,75.78,76.23,75.36,74.94,2842480.0,51501576.0
2015-02-06,77.53,78.44,75.94,75.65,4654845.0,85707352.0
2015-02-05,80.61,81.07,77.53,77.15,7238335.0,137846976.0
2015-02-04,79.86,80.32,79.4,78.94,4761829.0,90841264.0
2015-02-03,80.07,81.07,79.86,78.36,8378312.0,159717088.0
2015-02-02,82.74,83.15,80.44,80.03,8681396.0,170380544.0
2015-01-30,82.03,82.49,81.9,80.86,7630814.0,149667952.0
2015-01-29,79.19,83.19,81.36,79.19,9974513.0,195830480.0
2015-01-28,80.44,80.48,79.65,79.23,4658195.0,89165920.0
2015-01-27,81.49,81.65,80.61,79.4,5886911.0,113775752.0
2015-01-26,80.4,81.24,80.94,79.9,4757664.0,92073216.0
2015-01-23,80.78,80.82,79.57,79.15,5978040.0,114558832.0
2015-01-22,78.94,81.15,80.57,78.19,7300626.0,139739424.0
2015-01-21,78.44,78.98,78.94,77.73,8832259.0,166282592.0
2015-01-20,75.44,77.86,77.82,75.44,6694792.0,123150616.0
2015-01-19,75.86,76.98,73.61,72.98,6055342.0,109712904.0
2015-01-16,77.32,77.9,77.44,76.61,5234939.0,96944696.0
2015-01-15,76.4,78.23,77.15,76.4,5214310.0,96884192.0
2015-01-14,74.94,76.86,76.03,74.28,4297877.0,77806880.0
2015-01-13,73.44,75.19,74.86,73.44,4025055.0,71828872.0
2015-01-12,75.44,75.78,73.9,73.44,6133805.0,109298712.0
2015-01-09,77.82,78.57,76.28,76.19,4794950.0,89263896.0
2015-01-08,77.98,79.23,77.69,76.28,5856655.0,109814824.0
2015-01-07,77.32,78.61,77.61,76.86,4769609.0,88887744.0
2015-01-06,76.69,78.61,77.86,76.19,6090566.0,113371088.0
2015-01-05,75.61,77.94,77.4,75.44,6197357.0,114528896.0
2014-12-31,75.23,76.19,76.11,73.57,5531138.0,99800120.0
2014-12-30,78.44,78.44,74.98,74.44,10894333.0,198603984.0
2014-12-29,81.49,81.53,78.57,77.94,7350366.0,139892016.0
2014-12-26,80.32,81.24,80.82,79.9,5084972.0,98268720.0
2014-12-25,80.19,81.15,80.73,79.61,4697687.0,90818336.0
2014-12-24,79.4,80.65,79.86,78.86,5998395.0,114652184.0
2014-12-23,84.69,84.69,79.78,79.61,7963684.0,156926976.0
2014-12-22,81.44,85.03,84.78,78.73,12856349.0,252718880.0
2014-12-19,83.99,83.99,80.36,78.57,12872907.0,249028320.0
2014-12-18,84.4,85.11,83.28,83.07,7047077.0,141791248.0
2014-12-17,86.7,86.7,83.94,82.94,9602902.0,194608720.0
2014-12-16,85.07,87.49,86.53,84.4,9606419.0,198160800.0
2014-12-15,85.9,85.94,85.11,83.99,8387423.0,170245856.0
2014-12-12,87.53,88.11,85.9,85.44,9116006.0,188468688.0
2014-12-11,85.44,88.36,86.86,84.69,12502043.0,259537088.0
2014-12-10,81.65,85.4,84.86,81.36,11653181.0,233492480.0
2014-12-09,83.99,86.57,81.69,80.78,18974538.0,383053824.0
2014-12-08,80.36,85.86,83.44,80.36,15030905.0,302596992.0
2014-12-05,85.36,85.36,80.36,79.15,19651804.0,385507360.0
2014-12-04,84.65,85.94,85.53,83.86,14595946.0,297606336.0
2014-12-03,85.07,87.45,84.78,82.94,17573312.0,359243904.0
2014-12-02,82.94,85.74,84.57,82.49,19146574.0,387176768.0
2014-12-01,80.11,86.61,84.44,78.48,34323924.0,675830976.0
2014-11-28,80.36,81.11,80.48,79.82,14635892.0,281943328.0
2014-11-27,78.61,80.19,79.82,78.61,12090214.0,230606288.0
2014-11-26,79.57,80.03,78.44,77.73,11887502.0,224743680.0
2014-11-25,81.28,81.69,79.82,79.73,16908312.0,326783712.0
2014-11-24,78.78,79.53,79.36,77.36,13560154.0,255301824.0
2014-11-21,76.73,78.98,78.07,76.07,12510318.0,233460816.0
2014-11-20,76.4,76.94,76.53,75.61,7448701.0,135979856.0
2014-11-19,77.82,79.82,77.23,76.94,11124996.0,208061408.0
2014-11-18,76.28,77.19,76.32,75.9,6995907.0,128735360.0
2014-11-17,76.61,77.19,75.94,75.36,5637466.0,103028888.0
2014-11-14,77.11,77.11,76.48,75.32,6597720.0,120346896.0
2014-11-13,76.19,78.48,77.28,75.36,15417148.0,285536384.0
2014-11-12,73.07,76.07,75.48,72.52,8262067.0,147916384.0
2014-11-11,74.07,76.28,73.02,72.52,9577941.0,171596240.0
2014-11-10,73.4,74.4,74.07,72.52,6043625.0,106985624.0
2014-11-07,75.86,76.11,72.86,72.52,9837619.0,175370496.0
2014-11-06,76.28,76.57,75.19,74.28,8829510.0,158679648.0
2014-11-05,77.15,77.48,76.07,75.94,7188444.0,131750768.0
2014-11-04,74.86,77.15,76.98,74.48,7926309.0,144862656.0
2014-11-03,74.32,75.69,75.15,73.86,5913869.0,106170656.0
2014-10-31,75.19,75.65,74.15,72.77,7576720.0,134484240.0
2014-10-30,75.82,76.57,75.32,75.15,5392807.0,97928056.0
2014-10-29,75.03,76.32,75.9,74.48,7594211.0,137394288.0
2014-10-28,73.77,75.48,75.4,72.32,9661066.0,170989792.0
2014-10-27,74.4,75.19,74.65,73.73,2567473.0,45905736.0
2014-10-24,73.77,74.82,74.82,73.57,2811119.0,50114864.0
2014-10-23,73.73,74.36,73.86,73.02,3087580.0,54604416.0
2014-10-22,74.44,75.15,73.86,73.65,3290494.0,58752396.0
2014-10-21,75.86,76.19,74.44,74.32,3936026.0,70948048.0
2014-10-20,75.36,76.48,75.73,75.28,3617998.0,65861360.0
2014-10-17,76.73,77.07,75.03,74.15,6898421.0,124546328.0
2014-10-16,78.19,78.69,76.65,76.53,5692354.0,106260352.0
2014-10-15,77.9,79.32,78.73,77.86,5237676.0,98587656.0
2014-10-14,77.32,79.07,77.94,77.32,5197448.0,97554328.0
2014-10-13,78.57,78.73,78.36,77.32,6497880.0,121516688.0
2014-10-10,79.78,80.23,78.98,78.73,7113738.0,135792960.0
2014-10-09,80.15,80.15,79.03,77.86,8041232.0,152714560.0
2014-10-08,79.53,80.11,79.9,78.57,7571736.0,144350560.0
2014-09-30,80.44,80.94,79.19,78.36,10398774.0,197626912.0
2014-09-29,80.86,82.11,80.28,79.65,16146641.0,312020000.0
2014-09-26,74.32,82.03,81.03,73.77,22856698.0,435048704.0
2014-09-25,75.65,76.32,74.57,74.23,7625233.0,137675872.0
2014-09-24,74.48,75.98,75.61,73.94,7929888.0,143345056.0
2014-09-23,74.02,74.61,74.44,73.65,4177698.0,74383528.0
2014-09-22,75.11,75.44,73.65,73.11,6031717.0,107012248.0
2014-09-19,74.53,76.28,75.03,74.36,8073799.0,145894688.0
2014-09-18,74.98,75.36,74.48,73.82,6784939.0,121263376.0
2014-09-17,72.27,75.28,74.9,71.73,9931180.0,175122656.0
2014-09-16,75.03,76.19,71.94,71.77,12136439.0,215872352.0
2014-09-15,73.36,76.57,76.07,73.36,15200764.0,275902048.0
2014-09-12,72.73,73.32,73.02,72.32,5469204.0,95597392.0
2014-09-11,72.48,73.48,72.73,71.69,7862578.0,137327264.0
2014-09-10,72.27,72.52,72.48,71.31,6016072.0,103696568.0
2014-09-09,71.65,73.27,72.57,71.48,6641914.0,115847304.0
2014-09-05,72.52,72.69,71.77,71.06,6787626.0,116744440.0
2014-09-04,71.52,72.61,72.4,71.52,5325768.0,92183264.0
2014-09-03,71.48,71.61,71.36,70.98,4872775.0,83397856.0
2014-09-02,70.52,71.23,71.19,70.27,4414594.0,75071880.0
2014-09-01,69.9,70.56,70.48,69.56,3821986.0,64276528.0
2014-08-29,69.02,69.69,69.65,68.61,2452756.0,40732460.0
2014-08-28,69.52,69.81,69.11,68.61,3562435.0,59169320.0
2014-08-27,69.11,69.77,69.56,68.52,3985237.0,66175452.0
2014-08-26,70.86,71.4,69.06,68.98,5712928.0,96169680.0
2014-08-25,72.65,72.65,71.06,70.69,5908358.0,101051080.0
2014-08-22,72.44,73.65,72.82,72.36,8925739.0,156184816.0
2014-08-21,71.52,72.48,72.23,71.19,5790354.0,99907544.0
2014-08-20,72.23,72.82,71.44,70.9,6370008.0,110126320.0
2014-08-19,73.48,73.65,72.27,72.02,7487470.0,130323224.0
2014-08-18,73.23,73.57,73.36,72.48,6466279.0,113196288.0
2014-08-15,72.11,73.61,73.19,71.73,6502758.0,113518512.0
2014-08-14,73.15,73.73,72.02,71.61,8996346.0,157225616.0
2014-08-13,74.19,74.19,73.61,71.82,12218070.0,214127328.0
2014-08-12,74.07,75.28,74.82,73.44,10142354.0,181342048.0
2014-08-11,70.36,75.61,74.94,70.23,14300172.0,251685920.0
2014-08-08,69.61,71.27,70.56,69.52,6641241.0,112435624.0
2014-08-07,71.27,71.4,69.61,69.31,8236040.0,138746416.0
2014-08-06,71.98,71.98,71.48,70.31,8022013.0,136869632.0
2014-08-05,72.65,72.77,71.9,71.48,8263828.0,142552480.0
2014-08-04,71.82,73.07,72.73,70.94,8465207.0,146784368.0
2014-08-01,70.44,73.36,71.31,70.15,11834076.0,204040272.0
2014-07-31,70.06,71.73,70.86,69.65,8608575.0,146485696.0
2014-07-30,71.36,72.9,70.31,69.73,12353849.0,211436112.0
2014-07-29,71.69,71.69,70.94,70.11,12136685.0,206051776.0
2014-07-28,70.52,71.98,71.86,70.02,14116287.0,240437744.0
2014-07-25,70.48,71.36,70.86,69.81,12211650.0,206808736.0
2014-07-24,69.61,71.48,71.31,68.27,18343880.0,308631168.0
2014-07-23,67.61,72.02,69.52,67.61,21653124.0,364725792.0
2014-07-22,64.36,69.98,67.86,64.19,17896240.0,289990176.0
2014-07-21,65.02,66.19,64.36,63.77,5494206.0,85725824.0
2014-07-18,65.56,67.23,65.56,64.61,8231759.0,130553560.0
2014-07-17,66.69,67.31,65.56,64.31,9859372.0,155875664.0
2014-07-16,64.61,65.94,65.56,64.61,10265404.0,160968448.0
2014-07-15,63.77,63.94,63.77,63.35,3924712.0,59947844.0
2014-07-14,62.48,63.77,63.69,62.15,4325338.0,65506460.0
2014-07-11,61.73,62.73,62.56,61.56,2502177.0,37390488.0
2014-07-10,62.52,62.65,61.85,61.77,3461675.0,51540060.0
2014-07-09,62.81,63.9,62.65,62.56,4801574.0,72879624.0
2014-07-08,62.6,62.85,62.77,61.94,2414008.0,36203748.0
2014-07-07,63.4,63.77,62.77,62.27,3435340.0,51765372.0
2014-07-04,63.15,63.56,63.4,62.98,2731004.0,41476880.0
2014-07-03,63.35,63.77,63.19,62.94,3660202.0,55637256.0
2014-07-02,62.9,63.69,63.35,62.52,3356674.0,50848728.0
2014-07-01,62.52,63.31,63.02,61.94,3999676.0,60295796.0
2014-06-30,62.02,62.73,62.31,61.81,3004058.0,44945808.0
2014-06-27,61.81,62.31,61.98,61.69,3474167.0,51754988.0
2014-06-26,61.19,62.23,61.81,61.15,3614242.0,53564872.0
2014-06-25,62.4,62.4,60.9,60.73,3779311.0,55556904.0
2014-06-24,62.27,62.81,62.4,61.77,2799649.0,41823032.0
2014-06-23,61.94,62.65,62.23,61.69,2689715.0,40097308.0
2014-06-20,61.27,61.9,61.81,60.85,2429049.0,35807936.0
2014-06-19,62.52,62.81,61.31,60.85,3776751.0,55952516.0
2014-06-18,63.77,64.11,62.44,62.31,4685839.0,70966720.0
2014-06-17,64.36,64.81,63.9,63.81,3251797.0,50220172.0
2014-06-16,65.02,65.15,64.52,64.23,4730983.0,73318448.0
2014-06-13,65.52,65.86,65.11,64.94,4603281.0,72180544.0
2014-06-12,64.65,65.65,65.61,63.81,6299928.0,98122408.0
2014-06-11,64.15,65.11,64.73,63.65,4164175.0,64367984.0
2014-06-10,63.69,64.48,64.4,63.15,3910935.0,60052712.0
2014-06-09,64.77,65.23,63.56,63.06,5190703.0,79570920.0
2014-06-06,65.94,65.94,64.77,64.44,4841231.0,75507824.0
2014-06-05,64.23,66.27,65.94,64.02,6798026.0,106646632.0
2014-06-04,65.15,65.31,64.52,63.94,7481472.0,115784904.0
2014-06-03,67.73,67.73,65.86,65.81,10441706.0,166367744.0
2014-05-30,66.27,70.81,67.65,65.86,21816588.0,358347136.0
2014-05-29,64.02,67.06,65.73,63.48,15945043.0,251084224.0
2014-05-28,64.15,64.69,64.27,63.27,7919436.0,121566760.0
2014-05-27,61.56,66.06,64.48,61.4,11983002.0,183854512.0
2014-05-26,60.85,61.6,61.56,60.69,2323195.0,34055288.0
2014-05-23,60.65,61.23,60.73,60.23,2914338.0,42298536.0
2014-05-22,61.77,61.9,60.77,60.73,1993427.0,29400480.0
2014-05-21,60.81,61.6,61.6,60.27,1614804.0,23678916.0
2014-05-20,61.31,62.06,60.98,60.94,1752126.0,25863628.0
2014-05-19,60.85,61.44,61.35,60.35,1337694.0,19520348.0
2014-05-16,61.9,61.94,60.98,60.23,2030941.0,29640620.0
2014-05-15,62.0,62.29,61.59,61.39,2817662.0,42456268.0
2014-05-14,62.29,62.58,61.84,61.59,2613532.0,39526532.0
2014-05-13,62.99,63.27,62.29,62.09,3501772.0,53517540.0
2014-05-12,62.29,63.44,63.07,61.51,6060953.0,92807984.0
2014-05-09,61.92,62.45,61.84,61.14,4026010.0,60684232.0
2014-05-08,60.28,62.13,61.43,60.28,3728923.0,55929760.0
2014-05-07,61.47,61.47,60.36,60.36,2190222.0,32523848.0
2014-05-06,59.99,61.88,61.67,59.71,3610882.0,53709676.0
2014-05-05,59.75,60.36,60.12,58.81,2205385.0,32007172.0
2014-04-30,60.04,60.24,59.79,59.01,2347197.0,34120912.0
2014-04-29,59.26,60.12,60.04,58.97,2159633.0,31342628.0
2014-04-28,59.05,59.95,59.13,58.93,2256642.0,32631912.0
2014-04-25,60.57,60.65,59.09,59.01,2382534.0,34864232.0
2014-04-24,62.91,62.91,60.24,59.95,5039812.0,75513296.0
2014-04-18,61.76,62.86,62.74,61.51,4627899.0,70311848.0
2014-04-17,62.33,62.7,61.39,61.31,3114037.0,46927872.0
2014-04-16,61.47,62.7,61.92,61.14,4668385.0,70629216.0
2014-04-15,62.37,63.27,61.92,61.92,7603950.0,116297240.0
2014-04-14,61.67,62.29,62.21,61.06,4275326.0,64294952.0
2014-04-11,60.65,62.29,61.72,60.36,7022445.0,105444968.0
2014-04-10,60.28,60.49,60.28,59.91,2479706.0,36438160.0
2014-04-09,60.12,60.53,60.32,59.83,2496048.0,36642852.0
2014-04-08,59.01,60.32,59.99,58.93,2945588.0,42938216.0
2014-04-04,59.22,59.3,59.22,58.64,1821542.0,26223832.0
2014-04-03,59.01,59.22,59.13,58.81,1818752.0,26199328.0
2014-04-02,58.81,59.3,58.93,58.73,1750208.0,25198508.0
2014-04-01,58.64,59.22,59.09,58.64,1392875.0,20037196.0
2014-03-31,58.77,59.3,58.81,58.4,1293710.0,18560820.0
2014-03-28,59.67,59.67,58.89,58.56,2049268.0,29499606.0
2014-03-27,60.04,60.04,59.38,59.13,2204885.0,32004742.0
2014-03-26,60.36,60.61,59.91,59.54,1842975.0,26970732.0
2014-03-25,60.08,60.73,60.16,59.75,2448141.0,35959036.0
2014-03-24,59.79,60.16,59.91,59.46,1879510.0,27421408.0
2014-03-21,58.6,59.91,59.79,58.36,2258319.0,32599086.0
2014-03-20,59.42,60.08,58.81,58.73,2215548.0,32115440.0
2014-03-19,60.2,60.45,59.91,59.3,2001987.0,29129526.0
2014-03-18,60.28,60.94,60.24,60.08,1898818.0,28026902.0
2014-03-17,59.79,60.45,60.45,59.5,1752798.0,25708246.0
2014-03-14,59.83,60.28,59.59,59.01,1470508.0,21385728.0
2014-03-13,59.75,60.53,59.99,59.67,1767986.0,25900224.0
2014-03-12,59.42,59.79,59.75,58.93,1584447.0,22985370.0
2014-03-11,59.42,59.59,59.42,58.44,1947157.0,28081256.0
2014-03-10,60.57,60.57,59.01,59.01,3516711.0,51122544.0
2014-03-07,61.96,62.45,60.69,60.53,3243854.0,48523680.0
2014-03-06,62.7,62.82,62.0,61.47,2566244.0,38846296.0
2014-03-05,62.45,63.93,62.7,62.13,4414451.0,67888152.0
2014-03-04,61.55,64.58,63.07,60.2,7320911.0,112107128.0
2014-03-03,61.35,62.09,61.88,60.49,2865887.0,42914664.0
2014-02-28,59.26,61.39,61.23,59.22,2676857.0,39373684.0
2014-02-27,60.65,61.14,59.55,59.42,2668858.0,39322848.0
2014-02-26,59.79,60.73,60.69,59.55,2375165.0,34831240.0
2014-02-25,61.14,62.09,60.04,59.05,4525010.0,67149160.0
2014-02-24,62.49,62.49,61.43,60.65,3651559.0,54980672.0
2014-02-21,63.44,64.05,62.66,62.54,3549886.0,54722816.0
2014-02-20,64.26,65.28,64.09,63.03,5905672.0,92867520.0
2014-02-19,63.81,65.12,64.22,63.11,4236576.0,66294836.0
2014-02-18,64.95,65.9,63.85,63.6,6552009.0,103748608.0
2014-02-17,63.85,65.2,64.91,63.77,5091547.0,80306264.0
2014-02-14,63.19,63.85,63.77,62.95,3492492.0,54096160.0
2014-02-13,64.17,64.17,63.15,63.11,3750608.0,58171104.0
2014-02-12,63.03,64.26,64.22,62.29,5794061.0,89600272.0
2014-02-11,62.7,64.05,63.07,62.66,5278738.0,81507864.0
2014-02-10,61.47,62.74,62.58,61.43,4647022.0,70863768.0
2014-02-07,60.04,61.39,61.35,59.46,1986944.0,29466988.0
2014-01-30,60.69,60.69,60.08,59.71,2077721.0,30418944.0
2014-01-29,60.61,61.14,60.69,60.53,2088448.0,30982548.0
2014-01-28,61.47,61.92,60.69,60.65,2508677.0,37423748.0
2014-01-27,62.17,62.95,61.67,61.63,3279561.0,49820952.0
2014-01-24,61.47,62.49,62.37,61.14,3980558.0,60235016.0
2014-01-23,62.17,62.41,61.63,61.43,3195811.0,48158496.0
2014-01-22,61.23,62.49,62.29,61.06,4051539.0,61286220.0
2014-01-21,61.39,61.88,61.35,60.65,2016066.0,30166408.0
2014-01-20,61.39,62.58,61.35,61.23,2609839.0,39429944.0
2014-01-17,61.63,62.7,61.18,61.14,3859516.0,58317124.0
2014-01-16,61.18,61.76,61.06,60.61,2723133.0,40710100.0
2014-01-15,60.53,60.9,60.86,59.95,2130568.0,31427780.0
2014-01-14,59.38,60.49,60.36,59.13,1990005.0,29154142.0
2014-01-13,59.91,60.49,59.38,58.64,1783350.0,25817974.0
2014-01-10,60.65,61.31,59.18,59.01,2559650.0,37424876.0
2014-01-09,60.86,61.59,60.98,60.81,2676896.0,39991992.0
2014-01-08,61.68,61.8,61.31,60.69,3864266.0,57725676.0
2014-01-07,58.31,62.66,61.76,57.78,6058350.0,90554496.0
2014-01-06,60.41,60.61,58.31,58.19,3635656.0,52336184.0
2014-01-03,62.09,62.33,60.61,60.36,4334042.0,64680464.0
2014-01-02,61.92,62.49,62.21,61.84,1910991.0,28959728.0
2013-12-31,61.88,62.37,61.88,61.06,2185333.0,33013478.0
2013-12-30,62.25,62.66,62.09,61.92,1812785.0,27559624.0
2013-12-27,61.39,62.29,61.88,61.39,2082685.0,31438790.0
2013-12-26,63.11,63.52,61.35,61.27,2533554.0,38498608.0
2013-12-25,63.19,63.56,63.11,62.7,2000099.0,30773868.0
2013-12-24,63.36,63.73,63.11,62.62,2227245.0,34306156.0
2013-12-23,62.25,63.44,63.11,61.14,2290412.0,34914468.0
2013-12-20,63.44,63.85,62.25,62.0,2677174.0,41011024.0
2013-12-19,63.93,65.94,63.44,63.31,3361746.0,52877916.0
2013-12-18,65.57,66.39,65.53,65.0,2225549.0,35656976.0
2013-12-17,65.77,66.84,65.69,65.57,3190332.0,51435648.0
2013-12-16,67.0,68.19,65.57,65.49,5277415.0,86140072.0
2013-12-13,66.39,66.76,66.43,65.77,2958053.0,47890328.0
2013-12-12,67.29,67.62,66.67,66.35,3791927.0,61920132.0
2013-12-11,66.39,67.41,67.33,65.45,5794710.0,94159712.0
2013-12-10,67.0,67.66,66.8,66.18,5115796.0,83361176.0
2013-12-09,64.87,67.78,67.45,64.79,9979626.0,162688672.0
2013-12-06,65.32,65.57,64.87,64.34,3776035.0,59701568.0
2013-12-05,64.95,66.06,65.32,64.46,5355590.0,85453312.0
2013-12-04,63.36,65.24,64.79,62.91,5078469.0,80089784.0
2013-12-03,62.33,63.56,63.48,62.33,2959958.0,45658324.0
2013-12-02,64.34,65.0,62.17,62.0,6878439.0,106187600.0
2013-11-29,65.98,67.04,65.9,65.65,4967453.0,80375856.0
2013-11-28,65.49,66.92,65.98,65.36,7564437.0,122212048.0
2013-11-27,64.09,66.8,66.06,63.15,6758825.0,107357104.0
2013-11-26,64.42,65.2,64.01,63.89,3103600.0,48814688.0
2013-11-25,65.28,66.39,64.38,64.13,6379124.0,101589232.0
2013-11-22,63.44,66.14,65.45,63.15,10628094.0,169169872.0
2013-11-21,64.05,64.22,63.77,63.11,3855362.0,59823784.0
2013-11-20,63.36,64.13,64.09,62.66,4504584.0,69666032.0
2013-11-19,63.52,63.68,63.15,62.91,4039459.0,62307216.0
2013-11-18,61.84,63.56,63.52,61.84,5690241.0,87286280.0
2013-11-15,60.86,62.41,61.68,60.69,3757728.0,56654956.0
2013-11-14,59.87,61.02,60.81,59.87,1856237.0,27489606.0
2013-11-13,61.96,62.0,60.28,60.16,2672253.0,39803960.0
2013-11-12,62.41,62.49,61.96,61.31,2769904.0,41826248.0
2013-11-11,62.91,62.95,62.25,61.51,1573314.0,23906008.0
2013-11-08,62.13,63.07,62.62,61.51,3152672.0,48034180.0
2013-11-07,62.09,64.13,63.23,61.88,5897630.0,91363352.0
2013-11-06,63.4,63.4,62.0,61.96,3760217.0,57581072.0
2013-11-05,60.77,63.52,63.4,60.32,5724819.0,87254128.0
2013-11-04,60.9,61.43,61.23,60.16,2393908.0,35596852.0
2013-11-01,60.2,61.18,60.94,59.67,2148571.0,31777160.0
2013-10-31,61.06,61.06,60.41,60.12,3071097.0,45370556.0
2013-10-30,60.45,61.84,61.39,59.83,3186271.0,47516668.0
2013-10-29,63.23,63.85,60.53,58.19,5597874.0,83532656.0
2013-10-28,64.01,64.67,63.03,62.74,4057629.0,62942440.0
2013-10-25,66.92,67.33,63.93,63.52,8076291.0,127756512.0
2013-10-24,67.95,68.23,67.13,67.0,4001938.0,65970584.0
2013-10-23,70.49,70.53,68.07,67.82,7213981.0,121061544.0
2013-10-22,68.72,70.49,70.32,68.03,9832066.0,167408864.0
2013-10-21,68.77,68.81,68.56,67.78,4323309.0,72165528.0
2013-10-18,68.64,68.81,67.66,67.29,4449485.0,73426568.0
2013-10-17,68.03,69.09,68.44,67.95,4585941.0,76745272.0
2013-10-16,70.16,70.49,67.66,67.41,7887815.0,132102328.0
2013-10-15,72.13,72.45,70.49,70.04,11322537.0,196141056.0
2013-10-14,68.36,72.25,72.08,68.23,16907326.0,293759584.0
2013-10-11,67.54,68.77,68.31,67.33,4820195.0,80105616.0
2013-10-10,69.17,69.17,67.29,67.21,5502476.0,91280488.0
2013-10-09,68.68,69.17,69.05,67.91,5139571.0,85958072.0
2013-10-08,66.39,68.89,68.72,66.39,6930944.0,115003480.0
2013-09-30,66.63,67.33,66.43,66.35,3954978.0,64348752.0
2013-09-27,67.21,67.62,66.63,66.47,4915081.0,80290384.0
2013-09-26,68.85,69.63,67.41,67.33,6082542.0,102028968.0
2013-09-25,68.77,69.5,68.81,67.7,5544483.0,92879136.0
2013-09-24,70.12,70.12,68.89,68.56,5561437.0,93667040.0
2013-09-23,68.85,70.0,69.67,68.81,5488419.0,92950736.0
2013-09-18,69.67,70.2,68.48,68.07,7360936.0,123506040.0
2013-09-17,69.22,71.72,70.04,69.17,12758971.0,220651216.0
2013-09-16,69.17,69.95,69.34,68.85,4643772.0,78539928.0
2013-09-13,70.28,70.32,68.93,68.52,7571639.0,127911168.0
2013-09-12,69.67,71.06,70.28,69.54,6351281.0,108955136.0
2013-09-11,71.22,71.92,70.2,69.13,13297061.0,228917056.0
2013-09-10,71.55,71.72,71.35,70.28,11198870.0,193722976.0
2013-09-09,71.67,72.29,71.59,70.94,10635998.0,185468512.0
2013-09-06,72.04,72.04,71.39,70.9,9807497.0,170751712.0
2013-09-05,73.77,74.83,72.45,72.37,15709728.0,280891808.0
2013-09-04,71.92,76.02,74.87,70.16,22369168.0,397270752.0
2013-09-03,69.17,72.66,71.96,68.56,17984508.0,312611328.0
2013-09-02,67.21,69.13,68.48,66.22,8934659.0,147887952.0
2013-08-30,71.22,71.22,67.29,67.13,15705234.0,263479520.0
2013-08-29,69.75,72.21,71.02,69.75,14174531.0,246301520.0
2013-08-28,70.49,70.81,70.08,69.38,10464503.0,178729792.0
2013-08-27,69.91,71.06,70.98,69.5,10605519.0,182263408.0
2013-08-26,68.56,70.69,70.28,68.44,11658478.0,197551600.0
2013-08-23,71.06,71.39,69.26,68.85,12708828.0,216867904.0
2013-08-22,72.37,73.56,70.69,70.53,13095466.0,228935728.0
2013-08-21,72.12,73.11,72.86,71.02,11033911.0,194548800.0
2013-08-20,71.72,73.07,72.17,71.35,11011641.0,194181728.0
2013-08-19,70.9,72.04,71.88,70.08,14517957.0,251800288.0
2013-08-16,75.98,76.43,71.47,71.35,26461542.0,477989312.0
2013-08-15,74.09,76.84,75.98,73.44,29678556.0,547322560.0
2013-08-14,74.58,74.91,73.97,72.94,25316208.0,456720000.0
2013-08-13,75.4,76.22,75.61,74.17,19988454.0,366822720.0
2013-08-12,73.77,75.2,75.16,73.56,22835072.0,415056576.0
2013-08-09,73.85,75.32,73.89,72.12,30182108.0,541111168.0
2013-08-08,75.81,76.35,74.87,73.89,40505188.0,741648128.0
2013-08-07,80.24,80.69,75.36,74.5,41207068.0,776264576.0
2013-08-06,81.47,82.29,80.48,79.38,31564590.0,618177152.0
2013-08-05,82.78,82.78,82.04,80.48,18030820.0,357587136.0
2013-08-02,89.09,89.46,84.17,82.37,18756776.0,390114880.0
2013-08-01,90.69,90.69,88.76,87.41,9343573.0,202972256.0
2013-07-31,85.44,92.94,92.37,81.72,17656596.0,379301120.0
2013-07-30,90.08,92.45,90.77,86.1,18184952.0,395922688.0
2013-07-29,93.68,94.62,90.08,88.6,15971696.0,357679168.0
2013-07-26,92.21,93.84,92.66,89.34,11219082.0,252166496.0
2013-07-25,92.9,93.97,92.17,90.57,6981149.0,156606080.0
2013-07-24,92.08,93.68,93.07,90.4,12560375.0,282957600.0
2013-07-23,92.0,92.82,91.8,90.16,10781815.0,241507728.0
2013-07-22,91.8,93.44,92.53,88.52,13000370.0,288243456.0
2013-07-19,91.96,93.15,91.88,89.67,15219485.0,337745632.0
2013-07-18,87.66,92.82,92.53,86.92,16431737.0,364030848.0
2013-07-17,89.25,89.58,88.15,85.57,12499841.0,267712432.0
2013-07-16,82.37,89.62,89.01,81.76,12635792.0,262418432.0
2013-07-15,82.74,84.79,83.68,80.32,15255629.0,306505504.0
2013-07-12,77.78,84.91,84.17,77.78,25195928.0,508108544.0
2013-07-11,76.43,77.37,77.21,75.08,12766691.0,237498432.0
2013-07-10,72.45,75.94,75.44,72.45,10183340.0,184338400.0
2013-07-09,71.51,73.56,73.15,70.32,10339679.0,182149856.0
2013-07-08,68.03,72.94,72.37,66.84,12646811.0,218450016.0
2013-07-05,70.28,73.85,69.26,69.17,19610428.0,338874336.0
2013-07-04,63.56,69.3,69.3,63.56,21312102.0,354310144.0
2013-07-03,60.86,63.31,62.99,60.65,7694759.0,116913872.0
2013-07-02,57.99,61.06,60.81,57.99,6419242.0,94066352.0
2013-07-01,56.55,58.07,57.99,56.55,2903690.0,40801064.0
2013-06-28,55.98,57.21,56.63,55.32,2567176.0,35343720.0
2013-06-27,57.17,57.74,56.23,55.73,3145888.0,43576808.0
2013-06-26,56.55,57.37,56.84,55.73,3502792.0,48244960.0
2013-06-25,56.02,57.33,56.68,52.25,4555203.0,61307480.0
2013-06-24,57.99,58.52,55.81,54.63,3718042.0,51683280.0
2013-06-21,57.7,58.93,58.19,57.33,1807473.0,25551610.0
2013-06-20,61.1,61.39,58.85,58.64,2216055.0,32515468.0
2013-06-19,61.35,61.35,60.83,59.7,2003478.0,29948012.0
2013-06-18,61.11,61.96,61.67,60.83,2013154.0,30596582.0
2013-06-17,61.07,61.55,60.83,60.38,2438886.0,36711324.0
2013-06-14,60.14,61.59,60.95,60.14,2407181.0,36364672.0
2013-06-13,61.67,61.67,60.14,59.17,3293858.0,49098792.0
2013-06-07,64.22,64.58,62.6,62.36,3337187.0,52439244.0
2013-06-06,65.11,65.11,64.22,63.98,3365682.0,53663220.0
2013-06-05,66.36,66.36,65.15,64.75,3560375.0,57486928.0
2013-06-04,66.16,66.93,66.4,65.67,4865907.0,79826304.0
2013-06-03,67.94,67.94,66.16,65.47,8233560.0,135529536.0
2013-05-31,68.94,69.83,68.02,67.77,9926015.0,168334112.0
2013-05-30,71.21,74.68,69.87,68.78,18061892.0,319546048.0
2013-05-10,65.63,68.91,68.7,65.03,7692137.0,128294968.0
2013-05-09,66.04,66.36,65.83,65.19,3499685.0,56850060.0
2013-05-08,65.27,66.4,66.32,65.27,4462315.0,72880392.0
2013-05-07,66.28,66.76,65.71,64.75,6263535.0,101647672.0
2013-05-06,68.66,69.07,66.44,66.24,10393729.0,172256800.0
2013-05-03,67.37,68.99,68.3,67.21,3920930.0,66079664.0
2013-05-02,67.65,69.39,67.69,67.05,3306469.0,55892148.0
2013-04-26,67.86,68.7,67.77,66.68,3554501.0,59369080.0
2013-04-25,65.43,69.71,68.26,65.11,8838992.0,148967104.0
2013-04-24,64.62,66.93,66.2,64.62,7720535.0,125821088.0
2013-04-23,64.02,64.3,63.01,62.64,1989975.0,31117502.0
2013-04-22,62.77,64.34,64.22,62.64,2348530.0,36958384.0
2013-04-19,62.0,63.25,63.21,61.92,2323149.0,36128948.0
2013-04-18,61.43,62.16,62.04,60.87,1279919.0,19554534.0
2013-04-17,62.04,62.97,61.92,61.31,1581359.0,24277012.0
2013-04-16,60.18,62.2,62.16,59.78,1986231.0,30021456.0
2013-04-15,63.65,63.65,61.8,61.19,1911738.0,29297812.0
2013-04-12,63.49,63.9,63.13,62.89,1726746.0,27053418.0
2013-04-11,64.58,65.31,63.61,63.49,1661982.0,26412612.0
2013-04-10,65.63,65.88,64.46,63.61,2220809.0,35541292.0
2013-04-09,65.27,66.16,65.75,65.23,1529429.0,24876368.0
2013-04-08,64.22,65.35,65.27,63.73,1856710.0,29689864.0
2013-04-03,64.87,65.92,65.51,64.18,1825487.0,29490948.0
2013-04-02,64.78,66.44,64.87,64.34,2384268.0,38627348.0
2013-04-01,64.46,64.87,64.26,63.73,1357871.0,21634076.0
2013-03-29,63.61,64.62,64.38,63.41,1256835.0,19980596.0
2013-03-28,65.43,65.43,63.61,63.05,3197813.0,50421120.0
2013-03-27,67.25,67.57,65.8,65.51,2474541.0,40585036.0
2013-03-26,67.69,67.69,67.01,66.12,1512864.0,25002980.0
2013-03-25,67.05,68.42,67.94,66.72,2737596.0,45871496.0
2013-03-22,67.29,67.29,66.89,66.36,1636749.0,27028346.0
2013-03-21,66.97,68.1,67.29,66.84,2452992.0,40949648.0
2013-03-20,66.16,67.01,66.97,65.67,2671856.0,43946792.0
2013-03-19,64.34,65.83,65.63,64.34,2149649.0,34636856.0
2013-03-18,64.75,64.91,64.26,64.02,1617866.0,25762514.0
2013-03-15,65.07,66.24,64.91,63.65,2597620.0,41952024.0
2013-03-14,64.38,65.96,64.99,64.3,2412636.0,39041448.0
2013-03-13,65.71,65.71,64.5,63.98,2865635.0,45876144.0
2013-03-12,69.27,70.0,65.88,65.11,5247183.0,87217680.0
2013-03-11,69.67,70.16,69.67,69.27,2019586.0,34812672.0
2013-03-08,70.68,71.0,69.07,68.74,3103968.0,53517448.0
2013-03-07,72.1,72.1,70.36,69.92,3556768.0,62417608.0
2013-03-06,71.97,72.1,71.97,70.72,5086248.0,90113704.0
2013-03-05,69.95,71.37,71.05,69.95,3901165.0,68195520.0
2013-03-04,71.49,72.3,69.95,69.55,4192404.0,73670176.0
2013-03-01,70.48,72.1,71.89,70.16,2905944.0,51181708.0
2013-02-28,69.47,70.68,70.56,68.66,3366901.0,58226988.0
2013-02-27,69.51,70.44,69.31,68.7,2094225.0,35989116.0
2013-02-26,70.8,71.53,69.23,69.19,2718417.0,47428360.0
2013-02-25,71.13,71.81,71.33,70.2,2144745.0,37776888.0
2013-02-22,70.68,72.18,71.25,70.56,2041666.0,35994896.0
2013-02-21,71.81,71.89,71.0,70.0,2962914.0,52099976.0
2013-02-20,70.76,72.66,72.42,70.56,2812584.0,49916676.0
2013-02-19,72.22,73.11,71.05,70.8,2896410.0,51419152.0
2013-02-18,74.92,75.33,72.66,72.3,5471366.0,99491744.0
2013-02-08,70.48,72.5,72.22,70.48,4090670.0,72886856.0
2013-02-07,70.28,70.56,70.48,69.67,1997259.0,34681416.0
2013-02-06,70.36,70.6,70.24,69.71,1893833.0,32900286.0
2013-02-05,68.66,70.6,70.24,68.22,4426437.0,75738712.0
2013-02-04,71.69,72.14,69.71,69.55,4838750.0,84115544.0
2013-02-01,71.97,73.39,71.53,71.29,6149592.0,110208328.0
2013-01-31,70.04,72.14,71.81,70.04,4852601.0,85989488.0
2013-01-30,70.68,71.05,70.08,69.87,2455526.0,42792732.0
2013-01-29,70.56,71.09,70.68,69.95,3021657.0,52654136.0
2013-01-28,68.3,70.52,70.44,68.3,3986748.0,68755472.0
2013-01-25,69.43,69.63,68.34,68.1,2448181.0,41577988.0
2013-01-24,71.0,71.81,69.31,68.74,4538182.0,79257040.0
2013-01-23,71.93,71.97,70.88,70.08,4306914.0,75515360.0
2013-01-22,71.49,72.42,72.22,68.98,7599878.0,133295544.0
2013-01-21,72.14,72.3,71.89,70.28,4100617.0,72523520.0
2013-01-18,69.39,71.89,71.81,69.39,6028258.0,105783032.0
2013-01-17,68.54,70.64,69.47,68.26,5892107.0,101573936.0
2013-01-16,69.27,69.43,68.58,66.97,4780591.0,81265416.0
2013-01-15,67.41,69.79,69.43,67.13,7717255.0,131216408.0
2013-01-14,65.03,67.65,67.41,64.7,5327624.0,88012784.0
2013-01-11,67.05,67.73,65.55,65.31,5094236.0,84085144.0
2013-01-10,67.37,67.85,66.84,66.32,4642237.0,76819200.0
2013-01-09,66.68,68.18,67.49,66.12,6141476.0,102147912.0
2013-01-08,65.51,66.76,66.6,65.03,5442532.0,88979344.0
2013-01-07,65.23,65.83,65.55,64.66,3093766.0,49955504.0
2013-01-04,66.48,66.68,65.39,64.78,2822234.0,45805356.0
2012-12-31,66.2,66.48,66.08,65.35,3613329.0,58834032.0
2012-12-28,65.51,66.04,66.0,64.99,3070369.0,49812304.0
2012-12-27,67.25,67.89,65.59,65.51,3288797.0,54061968.0
2012-12-26,65.92,67.45,67.29,65.35,3950049.0,64901408.0
2012-12-25,64.7,66.2,65.88,63.9,3856725.0,62507720.0
2012-12-24,64.62,65.51,64.74,64.14,2370104.0,37983580.0
2012-12-21,64.5,66.56,64.7,64.02,4275434.0,69201632.0
2012-12-20,63.86,64.74,64.42,63.21,2537614.0,40221040.0
2012-12-19,64.38,64.58,63.94,63.61,2663676.0,42181784.0
2012-12-18,64.02,66.48,64.74,63.61,5512513.0,89097232.0
2012-12-17,63.9,65.03,63.94,63.41,3198796.0,50781640.0
2012-12-14,60.99,64.5,63.82,60.95,4839379.0,75734392.0
2012-12-13,61.59,62.36,61.15,60.75,1577195.0,24036212.0
2012-12-12,62.28,62.56,61.59,60.79,2110971.0,32158370.0
2012-12-11,62.89,63.45,62.28,62.24,3179181.0,49504752.0
2012-12-10,61.55,63.49,62.81,60.87,3323790.0,51145372.0
2012-12-07,59.09,61.59,61.43,58.85,3358029.0,50597368.0
2012-12-06,59.41,59.62,58.93,58.44,1175443.0,17161124.0
2012-12-05,57.31,60.06,59.37,57.03,2333521.0,34063336.0
2012-12-04,56.59,57.72,57.47,54.81,1742885.0,24163260.0
2012-12-03,59.7,59.98,56.87,56.67,1174703.0,16956206.0
2012-11-30,58.52,59.94,59.7,58.36,1839030.0,26961744.0
2012-11-29,59.41,59.53,58.12,57.72,1808060.0,26268068.0
2012-11-28,61.23,61.55,59.21,58.81,1640521.0,24244000.0
2012-11-27,62.85,63.41,61.19,61.19,1521502.0,23351490.0
2012-11-26,64.66,64.95,63.21,63.21,955787.0,15097235.0
2012-11-23,64.95,65.59,64.66,64.46,1387100.0,22300990.0
2012-11-22,64.1,65.55,65.39,63.45,2963242.0,47576872.0
2012-11-21,63.57,64.42,64.26,62.69,1453957.0,22875952.0
2012-11-20,63.09,64.18,63.65,62.97,1500384.0,23598846.0
2012-11-19,62.12,63.37,62.97,62.12,1433512.0,22224202.0
2012-11-16,63.49,63.98,62.6,61.88,1697369.0,26339132.0
2012-11-15,64.87,65.23,63.49,63.41,1914269.0,30476036.0
2012-11-14,64.58,65.63,65.31,64.42,1392646.0,22441360.0
2012-11-13,66.44,66.84,64.58,64.42,1991573.0,32045856.0
2012-11-12,65.88,67.05,66.56,65.88,1341997.0,22110930.0
2012-11-09,65.67,66.64,66.32,64.62,1360047.0,22137512.0
2012-11-08,67.05,67.65,65.8,65.43,2004672.0,33040080.0
2012-11-07,69.35,69.39,68.3,67.89,2849103.0,48214592.0
2012-11-06,69.03,69.63,69.55,68.3,2687796.0,45875636.0
2012-11-05,69.19,69.83,69.47,68.66,2913937.0,49887220.0
2012-11-02,66.64,71.89,70.28,66.64,8836146.0,153432176.0
2012-11-01,64.18,66.76,66.44,64.14,3533351.0,57593500.0
2012-10-31,64.95,65.19,64.18,64.06,2306555.0,36750344.0
2012-10-30,66.16,66.6,64.83,64.5,2259045.0,36379664.0
2012-10-29,65.75,67.01,66.12,65.63,1616903.0,26555724.0
2012-10-26,67.13,67.49,66.0,65.27,1967382.0,32276316.0
2012-10-25,67.94,68.66,67.37,67.13,1726583.0,28959036.0
2012-10-24,68.26,68.86,68.1,67.98,1794382.0,30374400.0
2012-10-23,69.23,69.47,68.7,68.3,1655271.0,28167552.0
2012-10-22,68.7,69.27,69.15,68.14,2131237.0,36243224.0
2012-10-19,70.03,70.03,69.19,68.46,2773509.0,47476580.0
2012-10-18,69.47,70.2,70.04,69.15,2501905.0,43196068.0
2012-10-17,69.03,69.47,69.35,68.1,1930629.0,32970020.0
2012-10-16,67.65,69.07,68.34,67.33,1923760.0,32659512.0
2012-10-15,68.5,68.66,67.61,66.97,1510079.0,25325962.0
2012-10-12,69.11,69.75,68.66,67.81,2392017.0,40681712.0
2012-10-11,70.64,70.64,68.98,68.94,2276427.0,39298928.0
2012-10-10,70.32,71.33,70.8,69.91,2522715.0,44121480.0
2012-10-09,68.86,70.32,70.28,68.78,2950543.0,51027280.0
2012-10-08,69.39,70.08,68.58,68.26,2673050.0,45703996.0
2012-09-28,68.18,69.51,69.39,67.53,3514794.0,59704260.0
2012-09-27,66.64,68.5,68.22,66.28,3037465.0,50634256.0
2012-09-26,67.45,67.94,66.56,66.36,2284271.0,37855712.0
2012-09-25,69.07,69.43,67.65,67.41,4626472.0,78106056.0
2012-09-24,71.53,71.53,70.0,67.37,5078960.0,86965808.0
2012-09-21,72.34,73.35,71.93,71.81,2283393.0,40979744.0
2012-09-20,74.72,74.8,72.54,72.26,2424294.0,43976012.0
2012-09-19,74.32,74.84,74.76,73.71,1497543.0,27557364.0
2012-09-18,74.52,74.92,74.03,73.79,2091119.0,38421140.0
2012-09-17,76.82,76.82,74.52,74.32,2959669.0,55091040.0
2012-09-14,77.39,78.36,76.82,76.74,2599517.0,49847956.0
2012-09-13,78.76,79.2,76.38,76.34,2636859.0,51011124.0
2012-09-12,78.6,79.12,78.6,77.47,2980498.0,57707724.0
2012-09-11,78.15,78.23,77.91,76.94,2910625.0,55844464.0
2012-09-10,79.16,79.85,78.72,77.91,4523104.0,87798376.0
2012-09-07,77.22,80.25,79.24,77.06,4987719.0,97406368.0
2012-09-06,76.7,76.94,76.86,75.93,2382799.0,45072252.0
2012-09-05,75.45,76.94,76.34,75.33,1762910.0,33257056.0
2012-09-04,76.7,77.35,75.65,75.61,1674300.0,31704708.0
2012-09-03,74.72,76.82,76.46,74.52,2451548.0,46182096.0
2012-08-31,74.68,75.41,74.8,73.55,946385.0,17549420.0
2012-08-30,75.53,76.13,74.24,73.51,2188986.0,40544672.0
2012-08-29,76.34,77.39,75.69,75.61,1600250.0,30256080.0
2012-08-28,76.58,78.03,76.82,76.58,1543456.0,29489052.0
2012-08-27,78.31,78.4,76.98,76.34,2129782.0,40708632.0
2012-08-24,80.21,80.94,79.0,77.95,3749835.0,73541376.0
2012-08-23,81.59,82.68,80.94,79.97,3216744.0,64547952.0
2012-08-22,82.44,84.13,81.87,81.59,4581992.0,94208672.0
2012-08-21,81.87,82.92,82.39,81.3,3682535.0,74836472.0
2012-08-20,80.7,81.95,81.87,79.0,3332963.0,66556008.0
2012-08-17,80.17,81.99,80.7,79.77,2748828.0,54941316.0
2012-08-16,80.7,81.18,80.09,79.57,2178129.0,43339364.0
2012-08-15,81.18,81.59,80.74,80.01,2555365.0,50999344.0
2012-08-14,80.5,81.47,81.02,79.12,5997970.0,118977648.0
2012-08-13,82.03,83.89,81.59,80.78,5159424.0,105248072.0
2012-08-10,82.8,84.21,81.59,81.42,3022273.0,61848616.0
2012-08-09,80.9,83.73,82.8,79.85,5500962.0,111685936.0
2012-08-08,82.11,82.64,81.14,80.82,3879265.0,78553680.0
2012-08-07,81.91,82.72,82.35,81.3,4296544.0,87169128.0
2012-08-06,79.12,83.04,82.35,78.92,6256007.0,125487976.0
2012-08-03,78.76,79.81,79.77,77.99,2742404.0,53720656.0
2012-08-02,80.05,80.7,78.48,77.71,2809856.0,54813860.0
2012-08-01,77.14,79.36,79.28,76.54,3423437.0,66408080.0
2012-07-31,78.36,79.08,77.1,76.17,3942691.0,75452232.0
2012-07-30,77.47,80.74,78.76,77.47,4918567.0,96752720.0
2012-07-27,80.13,80.46,77.83,77.59,3446751.0,67156104.0
2012-07-26,79.57,80.9,79.69,78.68,4804731.0,95190408.0
2012-07-25,78.84,80.98,79.53,78.15,5184059.0,102612128.0
2012-07-24,78.15,80.42,79.49,77.75,5266706.0,103164816.0
2012-07-23,79.36,82.56,79.73,77.79,11445044.0,226420928.0
2012-07-20,75.04,76.82,75.89,74.92,3983596.0,75155984.0
2012-07-19,74.64,76.34,75.04,74.24,3647145.0,68289336.0
2012-07-18,73.71,74.6,74.56,72.34,1830532.0,33245840.0
2012-07-17,72.5,73.95,73.79,71.89,2171064.0,39332204.0
2012-07-16,75.45,75.49,72.54,72.3,2390725.0,43501924.0
2012-07-13,75.73,76.5,75.2,74.8,2142477.0,40010244.0
2012-07-12,74.32,77.22,75.85,74.07,3789284.0,71170392.0
2012-07-11,73.43,74.72,74.68,72.74,2093111.0,38381188.0
2012-07-10,71.81,73.79,72.9,71.81,2087893.0,37694488.0
2012-07-09,74.32,75.37,73.67,73.51,2972825.0,54770196.0
2012-07-06,73.91,75.49,75.2,73.11,3153226.0,58107320.0
2012-07-05,74.92,74.92,73.15,72.98,3892574.0,70950984.0
2012-07-04,74.8,75.93,75.41,74.32,3149833.0,58603616.0
2012-07-03,75.85,76.17,74.24,73.39,4970771.0,92091528.0
2012-07-02,75.53,77.14,75.53,75.25,4812417.0,90766776.0
2012-06-29,82.8,82.8,75.65,73.95,11400449.0,214537776.0
2012-06-28,82.98,83.7,82.1,81.98,3953213.0,81686632.0
2012-06-27,81.86,83.14,82.14,81.5,4653871.0,95769416.0
2012-06-26,80.06,82.22,82.1,78.97,4142719.0,83075408.0
2012-06-25,80.82,82.9,80.78,80.34,2981232.0,60677296.0
2012-06-21,82.98,83.98,82.1,81.38,4792660.0,98866176.0
2012-06-20,82.98,84.42,83.18,82.22,4315498.0,89812072.0
2012-06-19,83.06,84.02,82.74,82.34,4203041.0,87158064.0
2012-06-18,81.06,85.67,83.98,80.86,9878980.0,206267568.0
2012-06-15,78.86,81.02,79.78,78.5,3705399.0,73781312.0
2012-06-14,79.66,80.86,79.26,78.13,3428752.0,67983272.0
2012-06-13,77.53,79.26,78.86,77.37,2410209.0,47181800.0
2012-06-12,77.33,77.73,77.01,76.57,1773064.0,34130916.0
2012-06-11,76.29,78.78,78.09,76.13,2640123.0,51054672.0
2012-06-08,78.81,79.3,76.29,75.93,3784873.0,73187872.0
2012-06-07,78.5,79.26,77.81,77.13,2748602.0,53682504.0
2012-06-06,79.22,80.34,77.45,76.93,4077627.0,80137232.0
2012-06-05,80.46,81.26,79.1,78.97,4340984.0,86842160.0
2012-06-04,82.94,83.98,80.58,80.54,5373867.0,110461472.0
2012-06-01,84.55,85.27,84.62,83.66,5168743.0,108846296.0
2012-05-31,82.06,85.75,84.95,81.22,8632337.0,181691408.0
2012-05-30,83.66,83.66,82.62,82.14,3830700.0,79025712.0
2012-05-29,80.54,83.62,83.58,79.66,6135902.0,125182576.0
2012-05-28,80.46,81.54,80.78,78.45,4996824.0,99751696.0
2012-05-25,82.42,82.74,80.38,79.98,3900882.0,79099112.0
2012-05-24,83.94,84.78,82.42,82.18,3856232.0,80106608.0
2012-05-23,83.18,84.99,84.7,82.14,6154365.0,128938112.0
2012-05-22,82.14,84.39,83.98,81.38,5000616.0,103832160.0
2012-05-21,81.26,82.1,81.1,79.78,3579897.0,72193592.0
2012-05-18,82.54,83.14,80.98,80.94,4197620.0,85716696.0
2012-05-17,82.58,84.39,83.66,81.5,4559673.0,94733816.0
2012-05-16,85.31,85.71,82.86,82.78,5747131.0,120725560.0
2012-05-15,83.66,85.87,85.71,82.22,7468183.0,156827184.0
2012-05-14,83.78,85.91,84.14,82.54,9538519.0,200953152.0
2012-05-11,79.98,85.63,83.18,79.98,10613410.0,221286656.0
2012-05-10,80.14,81.18,80.42,79.74,4650899.0,93457032.0
2012-05-09,81.26,81.26,79.7,79.34,5096623.0,102075120.0
2012-05-07,82.5,82.5,82.06,80.94,5644843.0,115223464.0
2012-05-04,82.54,83.5,83.1,81.38,6640637.0,136837744.0
2012-05-03,80.38,83.94,83.1,80.26,11468575.0,236302416.0
2012-05-02,76.81,82.66,81.62,75.65,15699256.0,316799616.0
2012-04-27,76.29,76.49,75.13,74.93,2378808.0,44784800.0
2012-04-26,74.61,76.89,76.29,74.49,4339161.0,81955416.0
2012-04-25,73.65,74.89,74.61,73.25,2963742.0,54903852.0
2012-04-24,73.93,75.49,73.33,72.4,3693784.0,67953712.0
2012-04-23,77.33,77.33,74.77,74.69,4965505.0,93692416.0
2012-04-20,75.89,77.13,77.01,75.41,4972559.0,94905016.0
2012-04-19,76.69,77.37,75.85,75.65,4168809.0,79660520.0
2012-04-18,75.33,77.13,76.69,74.73,4934659.0,93967472.0
2012-04-17,75.77,76.93,75.17,75.13,4145552.0,78694448.0
2012-04-16,76.29,76.33,75.73,75.37,3685988.0,69758504.0
2012-04-13,75.65,76.85,76.49,74.97,5198782.0,98808104.0
2012-04-12,73.25,75.89,75.69,73.05,5668528.0,105380432.0
2012-04-11,72.92,74.09,73.05,72.16,4956881.0,90056704.0
2012-04-10,73.73,75.17,74.29,71.08,7839258.0,142336896.0
2012-04-09,77.01,77.33,76.29,75.61,3061911.0,58379748.0
2012-04-06,76.09,77.81,77.05,75.53,4082174.0,78172144.0
2012-04-05,73.33,76.29,76.25,72.97,3613376.0,67502152.0
2012-03-30,73.65,74.13,73.0,72.08,2764490.0,50368500.0
2012-03-29,74.05,74.41,72.97,72.08,4114707.0,75230432.0
2012-03-28,78.17,78.21,74.13,73.61,5274621.0,99590136.0
2012-03-27,81.98,82.7,78.86,78.45,6726316.0,134623488.0
2012-03-26,80.38,81.94,81.18,80.02,3417316.0,69013392.0
2012-03-23,82.5,83.02,80.54,79.98,5665060.0,114923976.0
2012-03-22,85.59,85.95,83.58,83.34,6438286.0,135265216.0
2012-03-21,85.75,87.47,86.35,84.06,7365909.0,157327984.0
2012-03-20,88.63,88.63,85.23,85.15,5479951.0,118157616.0
2012-03-19,85.95,88.71,88.63,85.07,6806964.0,147985184.0
2012-03-16,83.42,86.75,86.15,83.42,7263347.0,154637840.0
2012-03-15,86.15,87.39,83.54,82.86,7413400.0,156836704.0
2012-03-14,91.4,93.36,86.75,84.99,15077906.0,339545376.0
2012-03-13,88.95,91.76,91.4,87.63,9966469.0,223487456.0
2012-03-12,87.63,88.91,88.87,86.55,7223107.0,158254080.0
2012-03-09,85.75,87.91,87.63,85.75,6311799.0,136876736.0
2012-03-08,84.31,85.75,85.23,83.7,5056644.0,107127256.0
2012-03-07,84.7,85.67,83.82,83.5,6173837.0,130438064.0
2012-03-06,88.15,88.83,85.63,85.39,6525839.0,141034096.0
2012-03-05,89.55,90.16,88.15,87.87,7914182.0,175345440.0
2012-03-02,86.79,88.95,88.95,86.79,9163225.0,201646336.0
2012-03-01,87.19,88.63,87.07,86.03,6973768.0,151433184.0
2012-02-29,86.99,88.95,87.19,86.39,8418006.0,184249216.0
2012-02-28,85.51,88.95,87.51,85.35,12897066.0,280567840.0
2012-02-27,86.43,89.71,85.47,85.23,15142272.0,331667936.0
2012-02-24,83.94,86.59,86.39,83.38,13317681.0,282523360.0
2012-02-23,83.42,84.7,83.9,82.66,11924249.0,249395488.0
2012-02-22,82.34,83.46,83.3,81.38,11514395.0,237702608.0
2012-02-21,80.94,82.54,82.42,79.9,7359278.0,149193696.0
2012-02-20,82.42,82.7,80.94,80.86,7310465.0,149055056.0
2012-02-17,82.78,83.14,81.34,80.78,6543718.0,133213464.0
2012-02-16,83.22,83.94,82.22,81.38,9326190.0,192359264.0
2012-02-15,81.26,83.34,83.22,79.94,12011561.0,245352144.0
2012-02-14,82.34,82.66,81.14,80.46,5247456.0,106510160.0
2012-02-13,81.78,83.1,82.34,80.74,7224274.0,147788624.0
2012-02-10,81.86,83.98,82.66,80.54,8756414.0,179983584.0
2012-02-09,81.06,83.34,81.86,80.54,7087505.0,145266880.0
2012-02-08,77.77,81.34,81.06,77.41,6551612.0,130614528.0
2012-02-07,80.06,80.06,78.05,77.69,4939497.0,96758168.0
2012-02-06,81.9,81.94,80.82,80.06,6020872.0,121205760.0
2012-02-03,78.78,82.54,81.54,78.25,9500377.0,191154800.0
2012-02-02,78.38,80.46,78.66,78.09,9547239.0,188601152.0
2012-02-01,76.21,78.61,76.89,76.21,4570380.0,88393824.0
2012-01-31,76.93,77.49,77.21,75.89,3816451.0,73025424.0
2012-01-30,78.45,78.5,76.93,76.45,4851867.0,93708032.0
2012-01-20,80.14,80.14,78.5,74.53,12017998.0,232069552.0
2012-01-19,79.66,80.78,79.9,77.57,6300699.0,124846752.0
2012-01-18,80.14,83.14,79.7,78.33,11267880.0,228798128.0
2012-01-17,74.49,82.74,80.94,73.09,10978071.0,215140496.0
2012-01-16,76.37,79.54,75.21,75.13,7915134.0,153399152.0
2012-01-13,76.21,80.06,77.09,74.53,10969907.0,212174064.0
2012-01-12,75.25,78.53,77.01,74.49,10005346.0,190469696.0
2012-01-11,76.85,79.78,76.45,75.69,17219448.0,332254368.0
2012-01-10,70.12,73.05,73.05,70.12,5472381.0,98468480.0
2012-01-06,67.44,68.08,66.39,63.51,4259541.0,69445712.0
2012-01-05,70.88,71.64,67.96,67.4,3768898.0,65077980.0
2012-01-04,74.77,75.65,72.28,72.2,3527802.0,65095440.0
