date,open,high,close,low,volume,amount
2015-06-08,64.35,68.05,65.99,62.67,62005720.0,964273536.0
2015-06-05,64.73,67.12,64.69,62.38,90797704.0,1403108608.0
2015-06-04,58.98,64.69,64.02,55.62,76839592.0,1103525376.0
2015-06-03,58.6,59.94,59.06,57.13,50411156.0,702807296.0
2015-06-02,59.06,59.44,58.55,56.71,65802328.0,910503808.0
2015-06-01,53.6,58.39,58.39,52.55,62202568.0,843192512.0
2015-05-29,53.77,55.03,53.09,51.25,30668824.0,388824832.0
2015-05-28,59.81,59.81,53.85,53.81,49901712.0,681090880.0
2015-05-27,57.63,60.91,59.77,57.17,65262428.0,920124160.0
2015-05-26,56.83,57.88,57.72,55.45,48460276.0,653487616.0
2015-05-25,56.08,57.25,56.75,56.08,41030992.0,553275520.0
2015-05-22,55.03,56.54,55.99,54.15,47580992.0,627881216.0
2015-05-21,51.62,56.2,55.36,51.25,46852304.0,595986880.0
2015-05-20,51.92,52.76,51.58,51.25,26806920.0,332891520.0
2015-05-19,50.83,51.92,51.88,50.41,21779038.0,266361424.0
2015-05-18,49.36,51.25,50.7,49.06,21878488.0,261412128.0
2015-05-15,51.88,51.88,49.94,49.82,23094846.0,278088672.0
2015-05-14,52.8,52.8,51.96,50.83,24705188.0,303820768.0
2015-05-13,52.3,53.68,52.8,51.67,25785256.0,321866432.0
2015-05-12,53.22,53.52,52.88,52.3,22985384.0,288899360.0
2015-05-11,51.37,53.26,53.22,50.74,27586924.0,340853344.0
2015-05-08,50.36,51.67,51.41,48.94,23908812.0,285129312.0
2015-05-07,52.51,52.84,49.36,49.23,21587212.0,260757376.0
2015-05-06,54.35,54.98,52.25,51.5,19379116.0,246804960.0
2015-05-05,56.33,57.88,53.77,53.35,21680188.0,286318752.0
2015-05-04,56.08,56.66,56.37,54.52,21063016.0,278862528.0
2015-04-30,58.09,59.06,56.08,56.03,25438262.0,347463136.0
2015-04-29,56.45,58.43,57.72,55.07,27817070.0,378754912.0
2015-04-28,60.49,61.71,56.88,56.29,56216784.0,793555136.0
2015-04-27,59.65,61.16,60.11,58.81,45767484.0,653344128.0
2015-04-24,60.49,61.58,59.44,58.81,50612272.0,725492352.0
2015-04-23,57.63,63.01,61.45,56.92,84837160.0,1213085440.0
2015-04-22,55.57,57.97,57.42,55.2,49773176.0,674254592.0
2015-04-21,53.77,55.78,55.36,53.68,32758076.0,427750976.0
2015-04-20,54.61,56.96,54.1,53.77,52708176.0,696229568.0
2015-04-17,54.23,55.45,55.24,53.85,42463092.0,553904384.0
2015-04-16,52.51,54.19,53.94,52.09,27600456.0,350938784.0
2015-04-15,56.58,56.71,53.01,52.84,33426112.0,436275872.0
2015-04-14,57.97,58.68,56.75,56.58,35301736.0,485480064.0
2015-04-13,58.3,58.55,57.88,57.21,33012432.0,455087392.0
2015-04-10,57.38,58.93,58.3,57.13,32990040.0,456487296.0
2015-04-09,57.34,58.34,57.97,55.2,29688986.0,402733376.0
2015-04-08,59.44,59.77,57.63,56.75,36393972.0,503986080.0
2015-04-07,59.19,61.12,59.27,57.97,46550852.0,658510848.0
2015-04-03,56.33,59.65,58.85,56.03,51098936.0,705998144.0
2015-04-02,55.28,57.25,57.17,54.61,44788168.0,596355840.0
2015-04-01,54.31,55.49,55.2,53.81,29222468.0,379878432.0
2015-03-31,56.08,56.58,54.44,54.23,44987340.0,596359744.0
2015-03-30,53.35,55.83,55.32,53.01,47760480.0,619463360.0
2015-03-27,53.68,56.37,53.52,53.35,50957616.0,663166528.0
2015-03-26,53.05,54.27,53.18,52.51,35818464.0,454695904.0
2015-03-25,53.81,54.9,53.43,52.55,32940512.0,421069632.0
2015-03-24,53.05,54.56,54.27,51.2,47849956.0,600612160.0
2015-03-23,52.13,53.77,53.05,51.79,43623132.0,550800768.0
2015-03-20,52.67,52.84,51.79,51.04,35668312.0,439351776.0
2015-03-19,52.76,54.1,53.05,51.88,40219920.0,506897952.0
2015-03-18,51.71,53.14,52.51,51.5,35911472.0,447022368.0
2015-03-17,51.71,52.04,51.83,50.78,33296940.0,407344128.0
2015-03-16,51.16,52.25,51.88,49.99,40252056.0,491438880.0
2015-03-13,48.81,53.18,51.25,48.81,68063568.0,830072768.0
2015-03-12,46.79,48.43,48.35,46.37,25413886.0,288202912.0
2015-03-11,47.0,47.59,46.79,46.63,12537522.0,140494256.0
2015-03-10,46.63,47.8,46.96,46.63,14492725.0,162967872.0
2015-03-09,46.42,47.68,47.59,45.37,22225408.0,244811616.0
2015-03-06,45.79,48.26,47.47,45.79,22551340.0,253752576.0
2015-03-05,47.3,47.3,46.08,45.66,14674478.0,161429840.0
2015-03-04,47.38,47.8,47.38,46.75,14457789.0,162403456.0
2015-03-03,48.26,48.6,47.38,47.34,19237580.0,219497072.0
2015-03-02,47.17,50.32,48.73,47.17,20694844.0,240362544.0
2015-02-27,47.34,48.39,47.59,47.05,14381838.0,163879264.0
2015-02-26,44.69,48.39,47.97,44.69,23844492.0,266322624.0
2015-02-25,45.41,45.79,44.69,44.52,7483308.0,79994664.0
2015-02-17,45.07,45.79,45.37,44.86,8759730.0,94558464.0
2015-02-16,44.4,44.9,44.78,44.06,8316317.0,88249992.0
2015-02-13,43.85,44.86,44.31,43.6,12727784.0,134350128.0
2015-02-12,43.98,43.98,43.39,42.84,12606168.0,129850696.0
2015-02-11,44.19,44.9,44.15,43.85,6138488.0,64783872.0
2015-02-10,43.1,44.23,44.19,43.1,8839257.0,92263080.0
2015-02-09,43.48,43.85,43.01,42.34,9551577.0,98000880.0
2015-02-06,46.16,46.46,43.52,43.01,16303535.0,171716688.0
2015-02-05,48.73,48.73,46.16,46.12,15328081.0,172050720.0
2015-02-04,48.94,49.1,47.72,47.51,14619453.0,168571200.0
2015-02-03,47.26,48.52,48.1,47.0,14462711.0,164674704.0
2015-02-02,46.0,47.0,46.79,45.66,8874049.0,98133840.0
2015-01-30,47.05,48.22,46.54,46.42,12068612.0,135355072.0
2015-01-29,47.09,48.98,47.68,46.75,14579041.0,167183040.0
2015-01-28,48.68,48.68,47.76,47.55,12927929.0,148158544.0
2015-01-27,48.31,49.52,48.73,47.8,20354344.0,236068096.0
2015-01-26,47.59,48.56,48.35,47.13,14190534.0,162279488.0
2015-01-23,49.15,49.57,47.84,47.55,19905272.0,228588800.0
2015-01-22,48.1,50.15,48.64,47.51,27273340.0,317471136.0
2015-01-21,46.37,48.31,48.22,45.87,25898580.0,292395168.0
2015-01-20,45.83,47.38,46.5,45.11,22895674.0,251797136.0
2015-01-19,48.31,49.48,45.95,45.95,29548440.0,332542944.0
2015-01-16,51.12,52.42,51.08,50.41,20370560.0,249332720.0
2015-01-15,49.4,51.41,51.33,48.98,18536876.0,221434784.0
2015-01-14,50.24,51.37,49.36,48.94,17029364.0,203752784.0
2015-01-13,50.2,51.12,50.15,49.61,13406102.0,160685232.0
2015-01-12,50.99,51.41,50.41,49.9,22942414.0,275479040.0
2015-01-09,52.67,53.73,51.71,51.33,29333290.0,366693664.0
2015-01-08,54.61,56.2,53.35,52.34,40624712.0,525330912.0
2015-01-07,52.93,55.24,54.44,52.34,37125936.0,474414336.0
2015-01-06,56.5,58.68,54.27,53.18,80998960.0,1075450880.0
2015-01-05,50.62,55.07,55.07,50.62,55861848.0,717418432.0
2014-12-31,49.57,50.62,50.07,48.05,27905140.0,327824320.0
2014-12-30,51.04,51.67,49.61,49.15,23903994.0,284752800.0
2014-12-29,50.53,53.3,50.99,50.11,41774392.0,516347488.0
2014-12-26,49.15,51.67,51.25,48.73,43156156.0,516482912.0
2014-12-25,50.41,51.2,49.57,47.68,37828092.0,444931488.0
2014-12-24,48.05,49.82,48.43,46.71,26526232.0,305102144.0
2014-12-23,50.7,51.62,48.52,47.42,34306340.0,404674656.0
2014-12-22,51.96,55.87,52.67,50.41,60371404.0,763514240.0
2014-12-19,47.38,52.3,51.79,46.84,61536532.0,728929984.0
2014-12-18,46.84,50.28,48.1,46.84,52959592.0,614739008.0
2014-12-17,48.81,48.85,46.54,45.62,42666120.0,478252224.0
2014-12-16,43.98,47.76,47.76,43.77,58617760.0,646601024.0
2014-12-15,44.23,44.23,43.43,42.47,24804464.0,255436576.0
2014-12-12,44.95,45.32,44.53,43.39,20681788.0,217852992.0
2014-12-11,43.18,44.86,44.23,42.42,25839746.0,270493376.0
2014-12-10,42.01,43.64,43.39,41.59,26621232.0,270251744.0
2014-12-09,45.16,47.89,42.05,41.42,56994644.0,616404480.0
2014-12-08,44.95,47.47,45.95,43.48,51374364.0,551970048.0
2014-12-05,49.52,49.65,46.29,44.65,59699416.0,669725248.0
2014-12-04,47.13,49.52,49.44,47.13,56333312.0,650993536.0
2014-12-03,45.24,49.57,46.71,44.78,62418336.0,702982208.0
2014-12-02,44.65,46.12,45.53,43.69,50647984.0,543007808.0
2014-12-01,41.67,45.66,44.65,41.38,66008172.0,689853184.0
2014-11-28,43.01,43.01,42.22,40.16,61470776.0,609376768.0
2014-11-27,43.94,45.32,43.35,42.51,54571128.0,569388736.0
2014-11-26,41.63,44.23,43.64,41.29,67892304.0,692259392.0
2014-11-25,41.88,43.27,42.34,40.28,79489680.0,787708800.0
2014-11-24,38.02,40.83,40.83,37.34,60476384.0,574136192.0
2014-11-21,36.34,37.3,37.13,36.25,28322780.0,248321152.0
2014-11-20,36.21,37.59,36.63,35.58,41587896.0,362655584.0
2014-11-19,34.99,36.55,36.34,34.91,19935344.0,169270288.0
2014-11-18,35.24,35.28,35.2,34.7,11835933.0,98633832.0
2014-11-17,35.79,36.04,35.24,35.12,15501538.0,130730272.0
2014-11-14,35.91,36.34,35.62,35.2,23515496.0,200105872.0
2014-11-13,35.28,37.38,36.34,34.78,38797308.0,332107488.0
2014-11-12,34.44,35.41,35.28,33.81,21059094.0,175559920.0
2014-11-11,34.44,35.7,34.28,33.69,30729634.0,254856096.0
2014-11-10,33.9,34.44,34.44,33.39,13098844.0,106307840.0
2014-11-07,34.4,34.78,33.77,33.73,20309004.0,165026208.0
2014-11-06,34.7,34.91,34.19,33.81,18552928.0,151150432.0
2014-11-05,35.62,35.83,34.74,34.65,17932592.0,150057232.0
2014-11-04,35.24,36.67,36.0,35.07,26209580.0,224555520.0
2014-11-03,35.7,36.12,35.49,35.12,21315164.0,180034304.0
2014-10-31,34.32,36.5,35.7,34.11,33775152.0,284512864.0
2014-10-30,34.19,34.65,34.28,33.81,14186505.0,115601784.0
2014-10-29,33.86,34.57,34.19,33.56,15698189.0,127231544.0
2014-10-28,32.93,33.86,33.81,32.85,11633719.0,92551512.0
2014-10-27,33.1,33.27,33.27,32.68,5963957.0,46367436.0
2014-10-24,33.06,33.27,32.93,32.72,7706894.0,59909640.0
2014-10-23,33.87,34.29,32.98,32.8,10618403.0,83775648.0
2014-10-22,34.25,34.5,33.82,33.7,13241543.0,106225360.0
2014-10-21,34.93,35.35,34.16,34.08,13233522.0,108269568.0
2014-10-20,34.71,35.27,35.05,34.71,11055608.0,91225280.0
2014-10-17,35.65,35.95,34.97,34.5,16905144.0,139882896.0
2014-10-16,36.5,37.26,35.9,35.86,18837612.0,162461776.0
2014-10-15,37.22,37.52,36.58,36.12,20732172.0,178658624.0
2014-10-14,37.98,38.19,37.64,36.96,25933028.0,229640544.0
2014-10-13,36.5,38.36,38.32,36.2,39830324.0,354207776.0
2014-10-10,36.96,38.45,36.88,36.58,46390128.0,408692256.0
2014-10-09,35.35,36.71,36.37,34.93,34506440.0,291719776.0
2014-10-08,34.93,35.48,35.22,34.84,16193819.0,134136328.0
2014-09-30,35.86,36.41,35.18,34.93,36293928.0,305411648.0
2014-09-29,33.99,34.97,34.72,33.99,20850948.0,169717072.0
2014-09-26,33.87,34.16,33.95,33.7,9653918.0,77164224.0
2014-09-25,34.46,34.63,33.95,33.78,17663700.0,142512336.0
2014-09-24,33.36,34.46,34.38,33.14,19563464.0,156706048.0
2014-09-23,33.02,33.65,33.36,33.02,7865390.0,61797184.0
2014-09-22,33.82,33.82,33.14,32.89,11753817.0,92244816.0
2014-09-19,33.27,34.04,33.82,33.23,10388880.0,82409000.0
2014-09-18,33.1,34.29,33.48,32.76,13821833.0,109760584.0
2014-09-17,33.06,33.4,33.19,32.76,10648963.0,82966248.0
2014-09-16,34.88,35.01,33.14,32.93,21745430.0,174834032.0
2014-09-15,34.38,35.14,34.84,34.2,20006392.0,164053392.0
2014-09-12,33.95,34.38,34.38,33.78,16687859.0,134042312.0
2014-09-11,35.01,35.35,34.16,34.12,24626144.0,201123376.0
2014-09-10,35.22,35.22,34.97,34.55,18361796.0,150779680.0
2014-09-09,35.27,35.95,35.56,34.84,23151046.0,193270672.0
2014-09-05,35.27,35.86,35.27,34.72,21657398.0,179946608.0
2014-09-04,34.97,35.22,35.01,34.55,19688588.0,161849536.0
2014-09-03,34.76,36.24,34.93,34.72,34573488.0,287353440.0
2014-09-02,33.53,34.76,34.76,33.36,22268268.0,179422112.0
2014-09-01,33.1,33.53,33.48,32.51,12489670.0,97771400.0
2014-08-29,34.38,34.38,33.1,32.63,25885932.0,201730304.0
2014-08-28,34.2,35.18,34.33,33.99,23053376.0,187511456.0
2014-08-27,33.95,34.72,33.78,33.74,16142579.0,129948392.0
2014-08-26,33.82,35.31,33.95,33.65,27259602.0,220909440.0
2014-08-25,35.01,35.01,34.12,33.87,20971544.0,169776400.0
2014-08-22,35.48,36.28,34.93,34.59,26320584.0,217914016.0
2014-08-21,35.39,36.62,35.86,34.88,34067556.0,287160640.0
2014-08-20,35.01,36.37,35.56,34.42,39303456.0,325913184.0
2014-08-19,33.61,37.26,35.56,33.61,63305284.0,534195584.0
2014-08-18,33.31,34.55,33.87,33.19,34046472.0,272415424.0
2014-08-15,32.98,34.16,33.57,32.68,39097360.0,308760160.0
2014-08-14,34.5,34.5,33.06,32.76,48879080.0,386775776.0
2014-08-13,30.98,34.33,34.33,30.73,50803264.0,392176832.0
2014-08-12,31.36,31.53,31.19,30.6,19929460.0,145552000.0
2014-08-11,31.19,31.91,31.53,31.19,21833416.0,162548592.0
2014-08-08,31.53,31.74,30.98,30.64,18950904.0,138831616.0
2014-08-07,32.68,33.14,31.49,31.32,30163672.0,227098880.0
2014-08-06,32.38,33.23,32.93,31.91,26977524.0,206303488.0
2014-08-05,32.68,34.67,32.85,32.25,56524024.0,444559200.0
2014-08-04,30.43,33.19,32.85,30.09,49342712.0,368262080.0
2014-08-01,30.94,32.21,30.56,30.13,36233344.0,265356144.0
2014-07-31,30.56,31.36,31.02,30.13,26155128.0,189999792.0
2014-07-30,29.75,31.36,30.6,29.62,30635856.0,222284432.0
2014-07-29,30.13,30.39,30.09,29.41,25252192.0,178335328.0
2014-07-28,28.65,31.4,30.39,28.35,48358120.0,343601088.0
2014-07-25,28.18,28.86,28.56,27.63,25019594.0,167396656.0
2014-07-24,27.46,28.65,28.22,26.78,28867368.0,189904176.0
2014-07-23,27.57,28.02,27.57,27.29,19119980.0,130241680.0
2014-07-22,27.09,27.94,27.45,26.96,17168134.0,116608872.0
2014-07-21,26.76,27.41,27.21,26.72,12719138.0,85059672.0
2014-07-18,26.68,27.21,26.68,26.52,11325341.0,75117808.0
2014-07-17,26.35,27.29,26.88,26.31,14958942.0,99208816.0
2014-07-16,26.84,26.92,26.56,26.39,11099997.0,72713976.0
2014-07-15,25.91,27.41,26.96,25.83,24232366.0,159782272.0
2014-07-14,25.58,26.07,25.99,25.42,8785174.0,55546352.0
2014-07-11,25.42,25.62,25.5,25.18,5947423.0,37248960.0
2014-07-10,25.3,25.83,25.3,25.18,7557885.0,47270812.0
2014-07-09,25.7,26.11,25.38,25.34,10069775.0,63667960.0
2014-07-08,26.07,26.15,25.79,25.54,9131835.0,57971472.0
2014-07-07,26.56,26.72,26.19,25.75,11366919.0,73336136.0
2014-07-04,26.52,27.0,26.56,26.39,8806342.0,57824568.0
2014-07-03,26.6,26.84,26.56,26.39,11986035.0,78526664.0
2014-07-02,26.07,27.09,26.76,25.87,18562344.0,121520064.0
2014-07-01,25.99,26.48,26.15,25.75,9178037.0,59052940.0
2014-06-30,25.87,26.11,25.87,25.58,8772732.0,55758880.0
2014-06-27,26.11,26.15,25.87,25.7,8309508.0,53061816.0
2014-06-26,25.99,26.15,26.03,25.79,8047535.0,51454896.0
2014-06-25,25.95,26.76,25.99,25.62,11659187.0,75313120.0
2014-06-24,25.87,26.23,25.95,25.54,6887422.0,43871712.0
2014-06-23,25.75,26.52,25.91,25.46,12558507.0,80264176.0
2014-06-20,25.7,26.03,25.7,25.22,8888117.0,55830976.0
2014-06-19,27.69,27.69,25.87,25.09,20405116.0,132370704.0
2014-06-18,28.22,28.3,27.69,27.17,13822208.0,94244832.0
2014-06-17,28.06,28.51,28.22,27.98,9474428.0,65833196.0
2014-06-16,27.82,28.46,28.14,27.77,12260588.0,85125472.0
2014-06-13,27.45,28.14,27.77,27.41,10931667.0,74889824.0
2014-06-12,27.98,28.22,27.61,27.45,12072083.0,82555368.0
2014-06-11,28.43,28.43,28.18,27.86,12310882.0,85321056.0
2014-06-10,27.45,28.99,28.55,27.41,16932176.0,117975688.0
2014-06-09,27.53,28.06,27.73,27.29,8317317.0,56735932.0
2014-06-06,28.14,28.34,27.53,27.33,10933127.0,74838192.0
2014-06-05,28.34,28.34,28.14,27.65,13298736.0,91592512.0
2014-06-04,27.94,28.55,28.38,27.69,19942808.0,138435152.0
2014-06-03,27.33,28.34,27.9,27.25,23269914.0,160728896.0
2014-05-30,27.12,27.9,27.25,27.04,15239432.0,103126592.0
2014-05-29,28.14,28.26,27.29,27.25,19528492.0,132545208.0
2014-05-28,27.82,28.75,28.18,27.82,22237328.0,155069424.0
2014-05-27,28.83,28.83,27.94,27.86,22381712.0,155670448.0
2014-05-26,28.91,28.99,28.91,28.3,17109928.0,121041464.0
2014-05-23,29.2,29.44,28.75,28.06,24823688.0,174892400.0
2014-05-22,29.64,29.97,29.36,28.75,28506576.0,205622144.0
2014-05-21,29.03,30.66,29.97,28.87,33785248.0,249490976.0
2014-05-20,29.36,29.8,29.03,28.59,28089212.0,200808880.0
2014-05-19,30.58,30.58,29.24,29.03,28331614.0,205917856.0
2014-05-16,32.04,32.73,30.82,29.52,41762776.0,317329856.0
2014-05-15,32.2,33.3,32.4,32.08,31217428.0,251415376.0
2014-05-14,32.61,33.54,32.45,31.92,32119118.0,258202880.0
2014-05-13,33.99,34.52,33.01,32.0,64457768.0,526785632.0
2014-05-12,31.23,34.39,34.39,30.13,86979088.0,713266496.0
2014-05-09,30.54,31.75,31.27,30.13,40071656.0,306371264.0
2014-05-08,31.43,32.89,31.06,30.94,55610572.0,435986720.0
2014-05-07,30.33,32.45,32.04,29.8,55954688.0,433030880.0
2014-05-06,29.68,31.31,30.62,29.44,45689352.0,341803264.0
2014-05-05,27.94,30.45,30.25,26.92,42616152.0,301099776.0
2014-04-30,28.42,30.01,27.98,27.86,48266232.0,343470912.0
2014-04-29,26.03,28.59,28.59,25.99,40907344.0,278972384.0
2014-04-28,28.38,28.75,25.99,25.83,30938660.0,206165792.0
2014-04-25,28.26,29.24,28.71,27.37,33318676.0,233144336.0
2014-04-24,27.08,29.97,28.38,26.92,56231260.0,396318080.0
2014-04-23,26.03,27.9,27.29,25.95,28446052.0,190371616.0
2014-04-22,25.62,26.56,26.19,25.18,14868920.0,94764440.0
2014-04-21,26.03,26.23,25.91,25.42,17123088.0,109067680.0
2014-04-18,25.87,28.06,26.56,25.79,31066056.0,206442688.0
2014-04-17,25.7,26.19,26.11,25.3,16725002.0,105953720.0
2014-04-16,25.26,25.83,25.79,25.18,13515410.0,84782720.0
2014-04-15,26.23,26.23,25.34,25.18,17691332.0,111124056.0
2014-04-14,26.39,26.52,26.39,25.99,15600030.0,100936000.0
2014-04-11,25.83,26.6,26.48,25.62,22569584.0,145109744.0
2014-04-10,26.43,26.43,26.07,25.75,27799136.0,178285632.0
2014-04-09,25.83,26.64,26.39,25.7,50814736.0,327859040.0
2014-04-08,23.35,25.58,25.58,23.27,29848394.0,183008272.0
2014-04-04,22.9,23.31,23.27,22.74,5035930.0,28696694.0
2014-04-03,23.63,23.75,23.02,22.94,8058349.0,46068240.0
2014-04-02,23.51,23.75,23.51,23.19,9377756.0,54325272.0
2014-04-01,22.98,23.51,23.39,22.82,6899578.0,39323860.0
2014-03-31,23.11,23.63,22.94,22.74,7058650.0,40267336.0
2014-03-28,23.55,23.71,22.94,22.82,11154677.0,63672496.0
2014-03-27,23.92,24.49,23.75,23.59,11765265.0,69530304.0
2014-03-26,23.88,24.04,23.96,23.55,9875545.0,57754212.0
2014-03-25,24.36,24.57,24.0,23.96,13839711.0,82364552.0
2014-03-24,24.36,25.01,24.49,24.0,23841828.0,143285376.0
2014-03-21,23.11,25.09,24.73,22.37,35222652.0,208456592.0
2014-03-20,23.55,23.8,23.27,23.06,18260918.0,105108224.0
2014-03-19,23.71,23.88,23.8,23.02,19671680.0,113249512.0
2014-03-18,22.9,23.8,23.71,22.7,38410308.0,219687024.0
2014-03-17,20.83,22.86,22.86,20.83,36947984.0,205198592.0
2014-03-14,20.83,21.03,20.79,20.63,5434204.0,27795504.0
2014-03-13,20.67,21.52,21.07,20.51,9512112.0,49249072.0
2014-03-12,20.47,21.11,20.67,20.3,7424013.0,37915224.0
2014-03-11,20.3,20.99,20.51,20.14,6559629.0,33116588.0
2014-03-10,21.32,21.72,20.3,20.26,7488243.0,38356776.0
2014-03-07,21.85,22.01,21.56,21.48,4470208.0,23866798.0
2014-03-06,21.93,22.05,21.81,21.4,5602803.0,29963832.0
2014-03-05,21.72,22.5,22.05,21.68,8502334.0,46269544.0
2014-03-04,21.89,21.93,21.73,21.44,6113778.0,32593008.0
2014-03-03,21.56,22.13,22.09,21.56,7050906.0,37929612.0
2014-02-28,21.64,21.89,21.77,21.2,6440729.0,34183760.0
2014-02-27,22.37,22.37,21.6,21.56,8742028.0,47392028.0
2014-02-26,22.33,22.41,22.41,21.85,8017029.0,43741708.0
2014-02-25,23.27,23.47,22.33,22.05,12159784.0,68379872.0
2014-02-24,24.2,24.4,23.31,23.27,16109587.0,94348768.0
2014-02-21,25.5,25.5,24.73,24.61,14753566.0,90614720.0
2014-02-20,25.58,25.91,25.58,25.42,17249692.0,109213040.0
2014-02-19,25.54,25.91,25.58,25.14,11219192.0,70597656.0
2014-02-18,26.31,26.31,25.5,25.42,9401037.0,59701984.0
2014-02-17,26.48,26.68,26.35,26.19,14137772.0,91811992.0
2014-02-14,26.15,26.56,26.35,25.79,5427728.0,35039588.0
2014-02-13,26.31,26.72,26.11,26.07,8015360.0,52139888.0
2014-02-12,26.11,26.43,26.35,26.07,6616914.0,42808980.0
2014-02-11,25.66,26.96,26.52,25.58,14080060.0,91360104.0
2014-02-10,25.38,25.95,25.83,25.3,5782278.0,36598524.0
2014-02-07,24.97,25.26,25.22,24.69,2557692.0,15791157.0
2014-01-30,25.46,25.54,25.01,24.93,3218158.0,19957504.0
2014-01-29,25.79,25.95,25.46,25.34,4656531.0,29340748.0
2014-01-28,26.72,26.72,25.87,25.54,7968135.0,51030552.0
2014-01-27,25.62,27.0,26.72,25.42,9907689.0,64109240.0
2014-01-24,25.42,26.39,25.83,25.18,6457260.0,41201792.0
2014-01-23,25.66,25.75,25.42,25.42,4542200.0,28578814.0
2014-01-22,25.14,25.87,25.87,25.01,6891564.0,43352384.0
2014-01-21,24.69,25.14,25.05,24.69,3576439.0,21996490.0
2014-01-20,25.18,25.18,24.69,24.65,3413243.0,20873168.0
2014-01-17,25.74,25.74,25.14,25.09,4941847.0,30784576.0
2014-01-16,25.83,26.39,25.95,25.58,5250678.0,33621672.0
2014-01-15,26.03,26.11,25.79,25.58,2733111.0,17353228.0
2014-01-14,25.62,26.07,25.99,25.46,3125547.0,19836100.0
2014-01-13,26.31,26.88,25.75,25.46,6517420.0,41872684.0
2014-01-10,26.07,26.6,26.31,25.79,5324575.0,34406140.0
2014-01-09,25.7,26.52,26.15,25.62,8755241.0,56395816.0
2014-01-08,26.27,26.64,25.75,25.7,5620151.0,36060924.0
2014-01-07,26.31,26.52,26.27,26.03,4783009.0,31013460.0
2014-01-06,28.02,28.06,26.31,25.99,9805820.0,64525664.0
2014-01-03,28.83,28.91,28.18,27.98,6445763.0,45000832.0
2014-01-02,29.24,29.32,28.91,28.71,6166669.0,43948032.0
2013-12-31,28.99,30.25,29.48,28.67,5410185.0,39276492.0
2013-12-30,29.77,29.93,28.99,28.99,5019801.0,36183260.0
2013-12-27,29.32,29.89,29.72,29.07,5614722.0,40871816.0
2013-12-26,30.37,30.37,29.44,28.99,8808984.0,63951572.0
2013-12-25,30.78,30.98,30.5,30.13,7038530.0,52696884.0
2013-12-24,31.27,31.47,30.94,30.25,6632401.0,50400840.0
2013-12-23,32.48,32.65,31.19,30.54,5382166.0,41643436.0
2013-12-20,33.7,33.91,32.53,32.48,5312960.0,43163300.0
2013-12-19,34.03,34.35,33.74,33.7,3257976.0,27310172.0
2013-12-18,33.91,34.23,33.95,33.83,1815686.0,15196208.0
2013-12-17,34.03,34.35,34.03,33.91,2370168.0,19851696.0
2013-12-16,34.39,34.6,33.99,33.95,4603107.0,38767532.0
2013-12-13,34.15,34.43,34.11,34.03,3256011.0,27424220.0
2013-12-12,34.27,34.52,34.35,34.07,3303511.0,27878348.0
2013-12-11,34.48,34.64,34.31,34.11,4894399.0,41345304.0
2013-12-10,34.84,35.0,34.52,34.39,4345656.0,37045216.0
2013-12-09,35.0,35.21,34.76,34.64,3341622.0,28659336.0
2013-12-06,35.12,35.33,34.84,34.6,3801636.0,32649384.0
2013-12-05,34.92,35.9,35.04,34.92,7659183.0,66668272.0
2013-12-04,34.48,35.08,34.96,34.35,8528266.0,73193464.0
2013-12-03,33.95,34.52,34.48,33.91,5816387.0,49063044.0
2013-12-02,34.88,35.04,34.03,33.99,7926261.0,67100260.0
2013-11-29,35.53,35.53,35.16,35.08,5434657.0,47172556.0
2013-11-28,35.57,36.1,35.53,35.45,11228917.0,98836480.0
2013-11-27,34.68,35.25,35.12,34.43,5662461.0,48691600.0
2013-11-26,34.92,35.12,34.68,34.56,3714838.0,31790598.0
2013-11-25,35.12,35.41,34.84,34.76,4455903.0,38553376.0
2013-11-22,35.61,35.94,35.45,35.04,5825628.0,50725464.0
2013-11-21,35.33,36.38,35.49,35.0,9045410.0,79700912.0
2013-11-20,35.37,35.69,35.41,35.08,5497530.0,47867536.0
2013-11-19,35.65,36.1,35.33,34.92,11968685.0,104673712.0
2013-11-18,34.43,36.22,36.1,34.19,16182939.0,140154176.0
2013-11-15,33.74,34.6,34.27,33.7,5153647.0,43533408.0
2013-11-14,33.58,34.03,33.83,33.38,2707601.0,22491938.0
2013-11-13,33.74,34.03,33.38,33.3,2866709.0,23743904.0
2013-11-12,33.99,34.43,34.07,33.54,3955823.0,33121978.0
2013-11-11,33.91,34.11,33.7,33.62,2525084.0,21034700.0
2013-11-08,34.56,34.84,34.03,33.74,3182867.0,26851632.0
2013-11-07,34.48,34.88,34.52,34.19,3897424.0,33203604.0
2013-11-06,34.31,35.12,34.56,33.99,4943811.0,42157840.0
2013-11-05,34.23,34.48,34.39,33.7,2841285.0,23848570.0
2013-11-04,34.76,34.88,34.39,34.23,2341210.0,19848640.0
2013-11-01,34.6,34.88,34.48,34.39,2479475.0,21139202.0
2013-10-31,34.43,34.68,34.35,34.19,2589601.0,21923060.0
2013-10-30,34.27,35.0,34.68,34.11,4470012.0,38034472.0
2013-10-29,35.16,35.53,34.19,33.38,6486894.0,55005736.0
2013-10-28,36.38,36.47,34.92,34.31,7893866.0,68766800.0
2013-10-25,37.32,37.44,36.59,36.55,5608606.0,51130468.0
2013-10-24,38.05,38.09,37.2,37.03,6560316.0,60652352.0
2013-10-23,38.21,38.82,38.21,37.89,13365376.0,126486176.0
2013-10-22,37.56,38.58,38.25,37.32,13513675.0,126567816.0
2013-10-21,37.32,38.01,37.56,36.95,6848339.0,63210416.0
2013-10-18,37.64,37.97,37.32,37.24,5577665.0,51493140.0
2013-10-17,37.28,38.86,37.76,36.99,12914083.0,121075368.0
2013-10-16,37.44,37.6,37.11,36.99,6307647.0,57783404.0
2013-10-15,37.84,38.01,37.6,37.4,5866195.0,54379592.0
2013-10-14,37.56,37.97,37.8,37.52,7339948.0,68286864.0
2013-10-11,37.36,37.68,37.6,37.28,5628872.0,52010284.0
2013-10-10,37.24,37.76,37.28,36.83,7656090.0,70155432.0
2013-10-09,37.56,37.56,37.32,36.87,7872183.0,72057840.0
2013-10-08,36.95,37.48,37.44,36.79,4822507.0,44222216.0
2013-09-30,37.4,37.44,37.07,36.79,3941608.0,35889336.0
2013-09-27,36.79,37.6,37.24,36.71,6267065.0,57489792.0
2013-09-26,37.36,37.76,36.75,36.71,6522570.0,59618604.0
2013-09-25,37.6,38.13,37.44,37.28,7007600.0,65019088.0
2013-09-24,37.76,38.01,37.72,36.95,7414652.0,68284304.0
2013-09-23,37.72,38.13,37.89,37.48,5299485.0,49238988.0
2013-09-18,37.48,37.72,37.32,36.79,5832021.0,53385312.0
2013-09-17,38.78,38.78,37.32,37.16,10756370.0,99717752.0
2013-09-16,39.15,39.47,38.78,38.58,4967883.0,47547000.0
2013-09-13,39.84,39.84,39.02,38.78,8497472.0,81843976.0
2013-09-12,40.4,40.4,39.88,39.39,9825519.0,96319000.0
2013-09-11,39.51,41.01,40.44,39.43,18183504.0,181367888.0
2013-09-10,38.9,40.4,39.59,38.78,16940678.0,165007024.0
2013-09-09,38.29,39.19,38.78,38.05,10311871.0,98313616.0
2013-09-06,37.97,38.17,38.09,37.8,3538455.0,33137312.0
2013-09-05,38.37,38.45,38.01,37.76,5180373.0,48460380.0
2013-09-04,38.05,39.15,38.54,37.8,6673604.0,63152272.0
2013-09-03,37.72,38.49,38.25,37.56,6015925.0,56534244.0
2013-09-02,37.16,37.76,37.68,36.99,4898595.0,45194056.0
2013-08-30,37.48,37.8,37.2,36.99,5694612.0,52399724.0
2013-08-29,39.35,39.79,37.76,37.44,11210802.0,105297584.0
2013-08-28,38.62,40.12,39.35,38.29,11545130.0,112166224.0
2013-08-27,38.21,38.9,38.78,38.21,4106452.0,39041388.0
2013-08-26,37.64,38.49,38.49,37.64,5256900.0,49588688.0
2013-08-23,38.37,38.78,37.56,36.79,4688094.0,43698728.0
2013-08-22,38.17,38.86,38.01,37.97,3441289.0,32433154.0
2013-08-21,37.76,38.86,38.37,37.48,5385376.0,50800312.0
2013-08-20,38.58,38.86,37.76,37.4,5683450.0,53351424.0
2013-08-19,37.93,38.82,38.66,37.52,6935185.0,65104980.0
2013-08-16,38.54,41.42,38.37,38.09,12041943.0,115895840.0
2013-08-15,39.67,40.04,38.82,38.7,7715422.0,74801216.0
2013-08-14,40.28,41.46,39.63,39.35,14783719.0,146967824.0
2013-08-13,41.01,41.22,40.32,39.96,18037306.0,179957424.0
2013-08-12,37.64,41.26,41.17,37.44,30847990.0,301256224.0
2013-08-09,36.34,37.64,37.52,36.34,15261251.0,139884928.0
2013-08-08,36.59,36.83,36.22,36.14,5450328.0,48916012.0
2013-08-07,36.59,37.72,36.79,36.59,11799928.0,107610840.0
2013-08-06,36.75,37.03,36.67,36.02,9416610.0,84762216.0
2013-08-05,36.67,37.36,36.99,36.22,11601520.0,105143464.0
2013-08-02,35.81,37.76,36.91,35.81,17064460.0,154877984.0
2013-08-01,34.92,36.18,35.94,34.52,8792892.0,77260672.0
2013-07-31,34.56,35.21,34.88,34.19,4950410.0,42192680.0
2013-07-30,33.95,34.88,34.35,33.95,4397826.0,37188804.0
2013-07-29,34.03,34.56,33.83,33.78,3711665.0,31090392.0
2013-07-26,34.52,34.72,34.23,33.78,3865608.0,32670628.0
2013-07-25,34.64,35.49,34.64,34.15,7127796.0,61195004.0
2013-07-24,34.96,35.57,34.52,33.83,6551340.0,55635984.0
2013-07-23,34.52,35.94,35.25,34.27,6411793.0,55628808.0
2013-07-22,34.07,34.6,34.39,33.54,4897048.0,41089024.0
2013-07-19,36.1,36.47,34.43,34.27,6846914.0,59902692.0
2013-07-18,36.59,37.03,35.94,35.9,6711971.0,60049904.0
2013-07-17,36.38,37.97,36.79,36.14,13564612.0,124392040.0
2013-07-16,36.1,36.59,36.47,35.77,5872630.0,52434516.0
2013-07-15,36.18,37.16,36.38,35.77,7059321.0,63349704.0
2013-07-12,36.95,37.4,36.18,36.14,9070185.0,81905936.0
2013-07-11,36.14,37.97,37.4,35.57,15736040.0,144009168.0
2013-07-10,34.22,36.2,35.77,33.95,10105099.0,92003344.0
2013-07-09,33.6,34.61,34.07,33.49,4554961.0,40083856.0
2013-07-08,34.96,34.96,33.64,33.6,6510372.0,57502584.0
2013-07-05,35.46,36.01,35.54,35.04,8904013.0,81636008.0
2013-07-04,34.07,36.2,35.42,33.53,13147433.0,119238968.0
2013-07-03,34.96,35.58,34.65,34.26,6581859.0,59228676.0
2013-07-02,35.54,35.58,34.96,34.53,5092082.0,45933096.0
2013-07-01,35.42,35.81,35.31,34.53,4614196.0,41795900.0
2013-06-28,34.8,36.86,35.42,34.46,8934915.0,82185440.0
2013-06-27,35.0,37.28,35.27,35.0,13010468.0,120286808.0
2013-06-26,35.58,35.66,34.84,34.26,7883308.0,71012520.0
2013-06-25,36.43,37.05,35.73,33.18,13133867.0,118112016.0
2013-06-24,40.84,41.04,36.86,36.86,8314652.0,82862216.0
2013-06-21,40.92,41.93,40.96,39.88,4817397.0,50955800.0
2013-06-20,42.86,43.09,41.73,41.62,5314309.0,58266760.0
2013-06-19,42.97,43.86,43.59,41.81,8240713.0,91177872.0
2013-06-18,42.97,43.79,43.28,42.24,5355813.0,59675140.0
2013-06-17,44.1,44.25,42.78,42.39,6907208.0,76920352.0
2013-06-14,44.33,44.64,43.86,43.55,5984774.0,67968592.0
2013-06-13,47.16,47.16,44.13,43.36,7964201.0,91680736.0
2013-06-07,49.48,49.71,47.54,47.23,9729212.0,120910368.0
2013-06-06,49.67,50.64,49.48,49.36,6639728.0,85900440.0
2013-06-05,49.17,49.79,49.67,49.09,3892079.0,49860364.0
2013-06-04,50.29,50.29,49.44,49.17,6254132.0,80029232.0
2013-06-03,49.55,51.1,50.25,49.4,8483622.0,110567504.0
2013-05-31,50.06,50.64,49.79,49.67,7761017.0,100708248.0
2013-05-30,49.94,50.83,49.98,49.71,8222589.0,106785160.0
2013-05-29,50.76,51.1,50.21,49.94,9140099.0,119144080.0
2013-05-28,49.17,51.76,50.87,49.05,13779006.0,180279600.0
2013-05-27,50.1,50.14,49.24,49.09,7703276.0,98337464.0
2013-05-24,49.98,50.45,50.06,49.55,5620990.0,72560176.0
2013-05-23,50.91,51.03,49.94,49.9,9180160.0,119590672.0
2013-05-22,51.1,51.72,50.99,50.52,11107219.0,146387216.0
2013-05-21,51.14,51.99,51.34,50.79,10791689.0,143227424.0
2013-05-20,51.41,51.65,51.26,50.68,15083620.0,199175664.0
2013-05-17,49.79,52.27,51.68,49.09,19176616.0,251889088.0
2013-05-16,48.74,49.83,49.79,48.16,8451856.0,107328696.0
2013-05-15,49.01,49.24,48.82,48.63,4391180.0,55373644.0
2013-05-14,49.75,49.9,48.94,48.74,5569211.0,70498224.0
2013-05-13,50.41,50.56,49.75,49.21,6257871.0,80254520.0
2013-05-10,49.21,50.79,50.48,49.01,8835382.0,114414432.0
2013-05-09,50.72,51.34,49.63,48.97,10446565.0,135132768.0
2013-05-08,51.37,51.76,50.79,50.14,9111923.0,119369352.0
2013-05-07,49.17,53.43,51.38,48.9,16076410.0,213668064.0
2013-05-06,48.59,49.4,49.01,48.59,6257112.0,79215256.0
2013-05-03,48.2,49.17,47.97,47.77,7228009.0,90386352.0
2013-05-02,48.97,48.97,47.77,47.62,5476349.0,67930944.0
2013-04-26,49.55,50.17,49.09,49.05,4836243.0,61906728.0
2013-04-25,50.37,50.37,49.21,49.17,7473099.0,95795528.0
2013-04-24,50.14,50.76,50.45,49.63,6201845.0,80407512.0
2013-04-23,50.83,50.99,49.79,49.75,7560473.0,97979536.0
2013-04-22,51.61,51.8,50.95,50.33,10345831.0,136074320.0
2013-04-19,51.06,52.58,52.11,50.87,8418579.0,113087984.0
2013-04-18,50.64,51.68,50.83,50.14,4252245.0,55998632.0
2013-04-17,51.22,51.57,51.03,50.64,5163737.0,68087912.0
2013-04-16,50.25,51.61,51.41,49.36,7755166.0,100798216.0
2013-04-15,52.34,52.34,50.91,50.64,6624839.0,87618496.0
2013-04-12,52.77,53.66,52.77,52.65,4924651.0,67713432.0
2013-04-11,54.24,54.59,53.35,53.19,6818630.0,94721560.0
2013-04-10,52.69,54.16,53.97,52.65,9044693.0,125076752.0
2013-04-09,52.27,53.54,52.92,52.27,6599476.0,90272584.0
2013-04-08,52.19,52.34,52.19,50.83,6617347.0,88758472.0
2013-04-03,54.74,55.21,53.35,53.04,10734735.0,149052128.0
2013-04-02,55.28,56.06,54.55,54.2,9016439.0,128208704.0
2013-04-01,54.01,55.32,54.94,53.89,6011111.0,85097592.0
2013-03-29,54.7,55.87,54.36,54.32,9995017.0,142215040.0
2013-03-28,53.97,55.56,54.74,53.08,13744379.0,192955872.0
2013-03-27,54.01,55.36,54.39,53.89,9178069.0,129320104.0
2013-03-26,55.32,55.4,53.81,53.54,10158546.0,142090832.0
2013-03-25,55.25,55.9,55.28,54.7,8264344.0,118167736.0
2013-03-22,55.56,55.98,55.25,54.63,11986924.0,171016400.0
2013-03-21,55.09,58.38,56.21,54.74,17302316.0,251651264.0
2013-03-20,53.27,55.32,55.05,53.04,15798472.0,222056880.0
2013-03-19,53.97,54.01,53.35,52.27,21516496.0,295210912.0
2013-03-18,58.42,58.42,55.44,55.36,21878868.0,318987392.0
2013-03-15,60.4,60.98,58.88,58.61,32344308.0,499256928.0
2013-03-14,58.5,62.02,61.48,58.3,46113264.0,715107584.0
2013-03-13,58.46,59.62,59.2,57.69,20430106.0,310488992.0
2013-03-12,58.92,59.78,59.16,57.22,26447628.0,399668416.0
2013-03-11,59.58,60.63,59.08,58.5,23426580.0,360456192.0
2013-03-08,60.01,61.28,60.16,58.3,49078540.0,760520768.0
2013-03-07,54.59,60.36,60.36,53.89,42034768.0,643535040.0
2013-03-06,55.25,55.56,54.86,54.05,11503937.0,162419248.0
2013-03-05,53.81,54.74,54.66,53.74,13515668.0,189583488.0
2013-03-04,58.15,58.15,54.01,53.74,28615254.0,406232128.0
2013-03-01,61.13,61.13,59.23,58.07,25429004.0,388249600.0
2013-02-28,59.5,61.52,61.09,59.23,11133359.0,173918192.0
2013-02-27,58.15,59.43,59.23,58.15,6994076.0,106538504.0
2013-02-26,59.62,60.01,58.42,58.07,9323448.0,141981056.0
2013-02-25,60.2,61.17,59.89,59.81,8357718.0,130153096.0
2013-02-22,59.89,60.55,60.28,59.62,8060629.0,125108360.0
2013-02-21,62.91,63.07,60.28,60.01,18514652.0,292526144.0
2013-02-20,62.52,64.27,64.19,62.52,9148260.0,149681472.0
2013-02-19,64.73,65.58,62.64,61.94,13618925.0,223788528.0
2013-02-18,66.2,66.28,64.96,64.61,9497800.0,160114048.0
2013-02-08,66.05,66.59,65.74,65.62,11852815.0,202480000.0
2013-02-07,67.48,67.48,66.05,64.65,19339456.0,328108288.0
2013-02-06,67.48,67.67,66.98,66.12,14288029.0,246476784.0
2013-02-05,64.89,69.22,67.44,64.27,38588088.0,672857600.0
2013-02-04,62.52,65.39,65.12,61.56,36043696.0,596146624.0
2013-02-01,61.09,62.29,61.71,60.86,9506345.0,150938864.0
2013-01-31,61.25,63.07,61.63,60.43,16669354.0,266822208.0
2013-01-30,61.94,62.29,61.32,60.67,15794783.0,250663136.0
2013-01-29,59.23,62.37,61.79,59.23,34633376.0,548743296.0
2013-01-28,58.46,59.43,59.23,58.23,19602922.0,297447360.0
2013-01-25,57.65,58.65,58.23,57.49,14993397.0,225330096.0
2013-01-24,59.23,60.24,57.92,57.76,42065496.0,636585088.0
2013-01-23,62.22,62.22,59.97,58.23,57159224.0,892223168.0
2013-01-22,65.04,65.58,64.15,63.69,33483568.0,557222016.0
2013-01-18,66.67,67.75,66.59,65.58,18075600.0,311758848.0
2013-01-17,66.01,66.51,65.27,64.58,11468690.0,193183392.0
2013-01-16,65.89,68.06,66.51,65.23,18329734.0,315416896.0
2013-01-15,64.89,66.67,66.16,64.58,20217356.0,345830592.0
2013-01-14,62.64,65.58,65.08,62.33,14649584.0,242926416.0
2013-01-11,65.81,66.12,62.99,62.64,15389509.0,254988464.0
2013-01-10,67.75,67.94,65.54,65.35,23480476.0,405003552.0
2013-01-09,64.11,67.36,67.25,64.07,20291212.0,344068416.0
2013-01-08,65.0,65.66,64.34,63.84,12822442.0,213327408.0
2013-01-07,64.61,66.63,65.39,64.34,12476316.0,211535120.0
2013-01-04,67.21,67.4,65.35,64.58,12378450.0,210164496.0
2012-12-31,65.7,66.24,65.89,64.81,13954864.0,236500640.0
2012-12-28,65.27,66.4,65.66,64.07,14632844.0,246243584.0
2012-12-27,67.17,68.64,65.2,65.12,16065749.0,276172736.0
2012-12-26,66.36,66.86,66.24,65.43,11604585.0,197767856.0
2012-12-25,64.5,66.98,66.4,63.22,20517408.0,349132480.0
2012-12-24,64.65,66.36,64.5,63.84,13718615.0,230062352.0
2012-12-21,63.69,67.83,64.61,63.69,26275684.0,446258496.0
2012-12-20,62.06,63.38,63.18,60.63,13085574.0,209608384.0
2012-12-19,61.91,63.72,62.29,61.48,14567777.0,235655328.0
2012-12-18,61.56,63.3,61.67,61.01,16273614.0,261240016.0
2012-12-17,59.08,64.69,62.14,59.08,31541972.0,508532352.0
2012-12-14,55.71,59.62,59.08,55.59,21017904.0,317365920.0
2012-12-13,56.52,56.83,55.83,55.59,6180902.0,89448624.0
2012-12-12,56.87,57.53,56.52,55.59,10654508.0,155734272.0
2012-12-11,56.91,59.2,57.34,56.48,15359509.0,229882240.0
2012-12-10,56.56,57.8,57.57,56.14,18161684.0,267935680.0
2012-12-07,53.04,57.99,57.1,52.69,26762360.0,389824640.0
2012-12-06,52.27,53.19,52.73,52.15,9276374.0,126247800.0
2012-12-05,49.55,53.97,52.61,49.17,12515686.0,168800896.0
2012-12-04,48.63,49.9,49.67,48.24,6653772.0,84194304.0
2012-12-03,51.26,51.61,48.63,48.39,8087568.0,104364184.0
2012-11-30,50.72,51.68,51.26,50.02,6697557.0,88161064.0
2012-11-29,52.58,53.23,50.72,50.48,9855696.0,131550288.0
2012-11-28,52.27,53.47,52.77,52.11,6646442.0,90864048.0
2012-11-27,52.27,53.58,52.27,51.49,10284473.0,139286368.0
2012-11-26,54.78,55.17,52.96,52.65,20864264.0,289425216.0
2012-11-23,57.38,58.46,56.95,56.91,7779788.0,116059256.0
2012-11-22,57.26,57.61,57.18,56.6,6473584.0,95446072.0
2012-11-21,55.87,57.99,57.96,55.4,12577229.0,184864928.0
2012-11-20,56.72,57.07,55.4,54.98,7118162.0,102777024.0
2012-11-19,54.9,56.21,56.14,53.89,5901410.0,84118752.0
2012-11-16,54.7,54.98,54.55,53.85,4881498.0,68583296.0
2012-11-15,56.14,56.33,54.94,54.82,5743654.0,82412888.0
2012-11-14,55.98,56.76,56.64,55.4,4744966.0,68697744.0
2012-11-13,57.76,57.76,55.87,55.4,6376117.0,92925960.0
2012-11-12,56.91,58.42,57.57,56.91,4968033.0,74001224.0
2012-11-09,56.56,57.61,56.83,56.17,5593779.0,82470480.0
2012-11-08,59.35,59.35,56.91,56.83,11756417.0,176530976.0
2012-11-07,61.01,61.87,60.4,60.09,7496038.0,117851168.0
2012-11-06,61.71,61.75,60.24,59.39,9551060.0,148560288.0
2012-11-05,60.16,63.18,61.67,60.09,13736426.0,220220256.0
2012-11-02,60.59,61.87,60.67,59.93,11258733.0,176620800.0
2012-11-01,59.85,61.71,61.01,59.35,13710061.0,214643408.0
2012-10-31,58.77,59.81,59.7,58.38,8440378.0,128915584.0
2012-10-30,58.11,59.62,58.73,58.11,9174977.0,139474880.0
2012-10-29,58.07,58.5,57.84,57.3,7695392.0,115011144.0
2012-10-26,59.23,59.62,58.54,57.38,18735576.0,282269472.0
2012-10-25,65.58,65.66,59.85,59.43,32574856.0,524196480.0
2012-10-24,66.59,66.94,66.01,65.81,10210183.0,174876512.0
2012-10-23,68.06,68.72,67.48,67.29,9031444.0,158329440.0
2012-10-22,66.98,68.76,68.68,65.85,14555804.0,252550640.0
2012-10-19,68.1,68.6,67.56,67.48,13449067.0,236164416.0
2012-10-18,66.74,68.68,68.14,66.55,19749242.0,346139360.0
2012-10-17,67.44,67.87,66.4,65.27,14675138.0,251781184.0
2012-10-16,67.29,68.37,67.21,66.59,13961232.0,244113760.0
2012-10-15,68.14,68.22,67.33,65.7,11502937.0,197910016.0
2012-10-12,68.1,69.3,67.87,67.13,15421850.0,271385504.0
2012-10-11,68.87,68.91,67.29,67.09,19888144.0,347851200.0
2012-10-10,69.3,69.88,69.42,67.4,23545160.0,417971872.0
2012-10-09,68.76,71.97,69.42,68.72,31675844.0,572648832.0
2012-10-08,70.15,70.89,68.49,67.75,19199076.0,341611072.0
2012-09-28,68.99,71.2,71.08,68.14,33780592.0,608152960.0
2012-09-27,63.84,70.92,70.69,63.8,40246004.0,713301248.0
2012-09-26,63.49,66.59,64.46,63.22,19241968.0,323475264.0
2012-09-25,63.49,65.04,64.11,62.29,13055986.0,214776240.0
2012-09-24,60.67,65.54,64.46,59.62,15918595.0,258291296.0
2012-09-21,61.05,63.88,61.75,60.47,13527802.0,218650048.0
2012-09-20,62.25,62.6,61.05,60.86,8874934.0,141139008.0
2012-09-19,61.4,63.49,63.41,60.55,10215020.0,164028864.0
2012-09-18,61.79,62.48,61.05,60.01,12312111.0,194547216.0
2012-09-17,65.04,65.16,61.87,61.79,12615606.0,205477232.0
2012-09-14,66.2,67.67,65.16,64.42,22380760.0,380121440.0
2012-09-13,64.89,64.92,63.53,63.49,9843835.0,162798224.0
2012-09-12,64.23,66.67,64.85,64.15,18993548.0,320934816.0
2012-09-11,61.71,64.15,64.07,61.17,16230883.0,263384304.0
2012-09-10,61.87,63.53,62.87,60.32,33496180.0,535936064.0
2012-09-07,55.17,59.5,59.5,55.17,20622576.0,311659392.0
2012-09-06,53.12,54.12,54.08,53.12,6120090.0,84718264.0
2012-09-05,54.16,54.16,53.08,52.3,9409488.0,129083248.0
2012-09-04,54.08,54.7,54.32,53.43,8530493.0,119355248.0
2012-09-03,52.88,54.9,54.05,52.58,10174160.0,142275696.0
2012-08-31,54.47,54.7,52.96,52.69,8894751.0,122960416.0
2012-08-30,53.66,54.98,54.59,53.43,7258258.0,101352592.0
2012-08-29,57.69,58.03,53.74,53.43,11949842.0,170358432.0
2012-08-28,58.42,59.62,58.15,57.84,5103379.0,77019136.0
2012-08-27,60.01,60.01,58.46,57.88,6011972.0,90750416.0
2012-08-24,61.56,61.75,60.09,59.89,5302427.0,83148696.0
2012-08-23,61.36,62.6,62.29,61.17,4511684.0,72425056.0
2012-08-22,62.72,63.26,61.36,61.13,5668818.0,90483736.0
2012-08-21,62.45,63.41,62.83,62.06,4934837.0,80179400.0
2012-08-20,63.49,63.57,62.37,61.63,7497377.0,120856592.0
2012-08-17,63.45,64.46,64.03,63.22,3222327.0,53084472.0
2012-08-16,63.49,64.11,63.49,63.14,3032864.0,49887952.0
2012-08-15,64.38,64.38,63.57,63.41,3736561.0,61486808.0
2012-08-14,63.8,64.81,64.69,63.14,6916531.0,114082280.0
2012-08-13,66.59,66.59,64.15,63.96,10091959.0,168906528.0
2012-08-10,68.33,68.33,67.17,66.59,8049944.0,139955296.0
2012-08-09,68.33,68.76,68.41,67.44,6791788.0,119285696.0
2012-08-08,68.83,70.0,68.29,67.91,9328254.0,166195376.0
2012-08-07,68.22,69.03,67.83,67.44,6609834.0,116198480.0
2012-08-06,66.12,68.29,68.29,65.66,8125496.0,141299824.0
2012-08-03,65.58,66.28,66.2,64.85,4079788.0,69317176.0
2012-08-02,65.78,66.4,65.08,64.65,4492698.0,75835296.0
2012-08-01,64.03,67.21,66.36,63.84,6574118.0,112016840.0
2012-07-31,65.66,66.28,64.31,62.95,6940744.0,115143648.0
2012-07-30,66.05,66.78,66.05,65.19,5566037.0,95086112.0
2012-07-27,64.65,66.43,65.74,64.42,7053884.0,119404000.0
2012-07-26,63.84,65.54,64.23,63.49,6924903.0,115424368.0
2012-07-25,64.92,66.01,63.99,63.69,6136955.0,102318056.0
2012-07-24,64.46,66.4,65.47,63.88,7313752.0,123105752.0
2012-07-23,66.9,67.13,65.2,64.46,9390939.0,159355728.0
2012-07-20,70.31,71.12,68.14,67.75,9548375.0,171154256.0
2012-07-19,70.07,71.16,69.57,69.11,8798042.0,160029376.0
2012-07-18,70.42,71.55,70.58,67.36,10455798.0,187593600.0
2012-07-17,73.56,73.56,70.58,67.94,13672341.0,249772128.0
2012-07-16,73.94,76.15,74.6,73.94,5394417.0,104854704.0
2012-07-13,75.44,76.22,75.02,73.99,7584431.0,227632864.0
2012-07-12,70.95,76.19,75.29,70.7,12905647.0,380726240.0
2012-07-11,69.58,71.06,70.95,68.95,4169089.0,117208296.0
2012-07-10,68.72,70.38,69.53,68.72,4131997.0,114708328.0
2012-07-09,69.75,69.95,68.25,67.9,5064369.0,139444352.0
2012-07-06,70.08,71.33,70.73,67.42,5905657.0,163632096.0
2012-07-05,69.45,71.08,69.85,68.77,4712714.0,131012968.0
2012-07-04,69.68,71.11,70.48,69.48,9415786.0,264144880.0
2012-07-03,67.95,69.45,68.45,66.44,6282748.0,170845216.0
2012-07-02,68.95,71.46,68.15,68.0,8937145.0,247723024.0
2012-06-29,65.31,67.59,67.39,63.94,5649483.0,149208528.0
2012-06-28,65.19,66.57,65.34,65.19,5464868.0,143749216.0
2012-06-27,64.64,66.09,64.76,64.54,5455586.0,142186448.0
2012-06-26,63.01,65.09,64.64,62.73,6647398.0,170968720.0
2012-06-25,67.72,67.72,63.96,63.94,11710677.0,303635040.0
2012-06-21,71.96,72.33,68.37,67.82,12427495.0,341574432.0
2012-06-20,73.06,74.14,73.11,73.01,3053158.0,89484760.0
2012-06-19,73.51,73.96,72.99,72.48,3415998.0,99472072.0
2012-06-18,73.39,75.32,74.19,73.39,6779167.0,201569744.0
2012-06-15,72.46,73.41,72.94,71.33,6280458.0,181320768.0
2012-06-14,76.0,76.65,71.73,71.33,18171770.0,532286624.0
2012-06-13,78.45,78.83,76.85,75.52,8552080.0,261516144.0
2012-06-12,78.73,79.48,78.15,77.78,5281530.0,165327200.0
2012-06-11,75.69,80.26,80.16,75.24,7793092.0,242866400.0
2012-06-08,77.22,77.9,75.39,75.22,6343101.0,193331952.0
2012-06-07,77.37,77.88,76.45,75.29,6117311.0,187940080.0
2012-06-06,78.73,78.95,76.14,75.17,8464954.0,259834416.0
2012-06-05,78.78,79.15,78.25,77.47,5333140.0,166770496.0
2012-06-04,81.49,81.49,78.35,78.25,10817201.0,344596960.0
2012-06-01,83.24,84.49,83.29,82.74,4589675.0,153284288.0
2012-05-31,85.02,85.02,83.47,82.76,8284113.0,275910592.0
2012-05-30,86.25,86.95,85.6,85.0,5322793.0,182722544.0
2012-05-29,83.92,87.4,86.53,83.74,12169522.0,417493600.0
2012-05-28,80.81,85.05,83.74,78.98,6839326.0,223383792.0
2012-05-24,82.24,83.99,82.64,81.71,5660268.0,187143328.0
2012-05-23,81.36,83.89,82.31,81.28,7076099.0,233181584.0
2012-05-22,80.48,82.56,81.71,80.48,6377799.0,208078080.0
2012-05-21,76.87,81.23,80.18,76.87,8177901.0,259397312.0
2012-05-18,77.35,78.43,76.77,76.52,5171888.0,159572192.0
2012-05-17,76.9,79.93,78.23,76.3,7190265.0,224677056.0
2012-05-16,76.47,77.9,76.77,75.77,6187131.0,189780480.0
2012-05-15,77.27,77.4,77.25,75.22,7972299.0,242838272.0
2012-05-14,81.69,81.86,78.18,77.85,6383599.0,203629904.0
2012-05-11,80.58,82.66,80.63,79.98,6810432.0,220833552.0
2012-05-10,80.58,81.59,81.19,80.13,4816566.0,155269920.0
2012-05-09,81.81,81.81,80.98,79.73,7228389.0,232383872.0
2012-05-08,81.49,83.12,82.86,80.23,9413668.0,306972544.0
2012-05-07,83.89,84.47,81.79,81.36,14508510.0,476433696.0
2012-05-04,84.75,85.5,84.62,83.11,8672666.0,292143040.0
2012-05-03,81.99,85.05,84.92,81.84,9457093.0,315919776.0
2012-05-02,79.2,84.29,82.74,78.1,11455608.0,372439648.0
2012-04-27,79.2,79.43,77.8,77.0,7072437.0,219861808.0
2012-04-26,79.93,80.93,79.58,78.73,5422837.0,172312448.0
2012-04-25,79.25,81.11,80.03,78.13,7679486.0,243859520.0
2012-04-24,77.75,80.48,79.98,76.65,7126645.0,223778736.0
2012-04-23,77.15,78.78,78.6,76.72,6685235.0,207563696.0
2012-04-20,76.85,77.72,77.52,75.79,6519335.0,199736672.0
2012-04-19,76.42,77.35,76.72,75.84,3919041.0,119928864.0
2012-04-18,74.04,76.82,76.72,73.86,7563645.0,228603728.0
2012-04-17,74.77,75.07,73.84,73.74,3099043.0,92002832.0
2012-04-16,73.06,75.32,74.84,73.01,3969013.0,118352456.0
2012-04-13,75.34,75.72,74.27,73.71,7736983.0,230310080.0
2012-04-12,74.34,76.92,75.34,73.99,10076597.0,303798816.0
2012-04-11,72.71,74.59,73.84,72.48,4662939.0,137273152.0
2012-04-10,72.43,74.67,74.04,71.21,5232794.0,152514640.0
2012-04-09,72.46,74.92,72.01,71.71,5746115.0,168385104.0
2012-04-06,71.93,73.46,72.76,71.08,6806057.0,197213152.0
2012-04-05,66.44,72.78,71.96,66.09,7073750.0,196921472.0
2012-03-30,66.69,67.57,66.44,65.81,3389816.0,90369448.0
2012-03-29,67.12,69.15,66.32,66.19,4867693.0,131034920.0
2012-03-28,70.45,70.45,68.05,65.86,7002660.0,188948352.0
2012-03-27,72.21,72.66,70.81,70.63,3513523.0,100193296.0
2012-03-26,71.0,72.28,71.36,70.35,2616156.0,74398664.0
2012-03-23,73.46,74.19,71.46,70.95,6595419.0,190027152.0
2012-03-22,75.47,75.84,74.19,74.01,6701620.0,200015792.0
2012-03-21,72.46,75.89,75.64,71.61,11193245.0,331540544.0
2012-03-20,74.47,76.19,72.71,72.33,9775678.0,291379616.0
2012-03-19,72.11,73.89,73.81,71.66,5715969.0,165834656.0
2012-03-16,71.08,73.29,72.18,70.95,7536775.0,216158976.0
2012-03-15,70.33,71.96,70.95,69.7,7650765.0,216126224.0
2012-03-14,74.97,75.44,70.78,70.53,10942253.0,319247392.0
2012-03-13,75.09,75.34,74.69,73.39,8872606.0,262958224.0
2012-03-12,76.77,76.87,75.17,74.49,6089088.0,183108864.0
2012-03-09,75.24,77.1,76.55,74.77,8374716.0,254658192.0
2012-03-08,73.21,74.47,74.44,72.46,6414805.0,188391184.0
2012-03-07,71.51,74.92,72.48,71.51,8212649.0,240041184.0
2012-03-06,73.64,75.72,73.19,71.26,14056315.0,411115296.0
2012-03-05,71.71,77.42,73.74,71.71,15658808.0,465646528.0
2012-03-02,68.9,72.58,71.93,68.9,10967666.0,311447200.0
2012-03-01,66.74,69.33,68.32,66.47,7631977.0,208490624.0
2012-02-29,67.22,68.65,67.47,67.07,6187929.0,167612720.0
2012-02-28,67.65,68.7,67.7,66.69,6839457.0,184224496.0
2012-02-27,68.5,69.88,68.35,67.97,10630208.0,291857888.0
2012-02-24,65.46,70.1,68.1,65.46,13568412.0,367869280.0
2012-02-23,65.89,66.24,65.74,64.74,6729402.0,176107616.0
2012-02-22,64.81,65.99,65.49,64.21,7146674.0,185999184.0
2012-02-21,63.66,64.89,64.81,62.78,6104748.0,155513520.0
2012-02-20,64.56,65.06,63.23,63.21,4998108.0,127884952.0
2012-02-17,64.46,65.06,63.36,63.06,4398617.0,111764688.0
2012-02-16,65.26,65.34,64.49,63.68,7609223.0,195992336.0
2012-02-15,64.44,66.29,65.67,64.19,13395124.0,349012608.0
2012-02-14,65.59,65.82,65.11,64.39,6940137.0,179752976.0
2012-02-13,64.44,66.82,65.67,63.98,8482203.0,220692192.0
2012-02-10,64.06,65.56,65.44,63.81,10566750.0,273091136.0
2012-02-09,63.18,65.11,64.61,62.81,14280211.0,365057696.0
2012-02-08,60.0,64.69,63.33,59.32,12146649.0,300926560.0
2012-02-07,60.62,60.88,60.0,58.29,7597465.0,180456320.0
2012-02-06,61.93,63.18,61.18,60.35,8317857.0,205133360.0
2012-02-03,61.43,61.88,61.43,60.42,6714872.0,163785344.0
2012-02-02,60.12,62.68,61.78,59.75,10204109.0,249984304.0
2012-02-01,60.62,61.55,59.92,59.45,6093743.0,146659328.0
2012-01-31,60.65,62.18,61.3,59.77,6748051.0,164636640.0
2012-01-30,62.1,62.43,61.1,60.93,5244275.0,128441144.0
2012-01-20,62.76,63.23,61.9,60.85,7791563.0,192507952.0
2012-01-19,60.17,63.36,62.38,60.0,11758215.0,288504896.0
2012-01-18,59.45,62.1,60.65,58.55,20832054.0,503582176.0
2012-01-17,54.48,59.3,59.3,54.16,13287341.0,302406464.0
2012-01-16,55.44,58.09,53.91,53.86,8697979.0,193847680.0
2012-01-13,58.34,58.42,56.09,55.03,10082336.0,227762560.0
2012-01-12,57.67,58.8,57.84,56.99,8468099.0,195201952.0
2012-01-11,58.42,59.17,58.42,57.22,13578719.0,315037696.0
2012-01-10,54.66,59.2,58.49,54.23,19333792.0,435850112.0
2012-01-09,49.42,54.03,54.03,48.39,12205652.0,257704016.0
2012-01-06,48.14,49.29,49.12,47.91,3966125.0,76844696.0
2012-01-05,50.17,51.02,48.27,47.89,4918191.0,97684928.0
2012-01-04,52.53,52.95,50.37,50.32,4547024.0,94309632.0
