date,open,high,close,low,volume,amount
2015-07-10,55.08,57.24,57.24,55.08,11090801.0,213281680.0
2015-07-09,47.29,52.03,52.03,45.9,22097620.0,370535776.0
2015-07-08,39.8,48.27,47.29,39.8,49800772.0,735455168.0
2015-07-07,47.44,47.88,44.21,44.21,24326434.0,367700320.0
2015-07-06,59.78,59.78,49.12,48.92,28844926.0,501979840.0
2015-07-03,54.81,60.41,54.37,54.37,17461600.0,326722432.0
2015-07-02,67.1,67.22,60.41,60.41,15481586.0,323973792.0
2015-07-01,73.29,74.74,67.13,67.13,18376404.0,443434080.0
2015-06-30,67.66,74.92,74.59,64.67,24144012.0,565431488.0
2015-06-29,79.86,81.34,71.86,71.86,21090482.0,525378176.0
2015-06-26,82.91,82.91,79.86,79.86,14535235.0,396640864.0
2015-06-25,98.28,98.31,88.74,88.24,36260152.0,1131991040.0
2015-06-24,94.25,104.5,98.04,92.18,38977856.0,1294161664.0
2015-06-23,85.87,95.05,95.05,82.64,29135234.0,888065024.0
2015-06-19,84.27,89.51,86.4,80.25,19532884.0,566956032.0
2015-06-18,83.68,88.18,84.89,82.94,16898416.0,490407488.0
2015-06-17,80.6,82.91,81.93,76.99,10383793.0,279889696.0
2015-06-16,84.03,87.35,80.22,80.19,11459593.0,321155616.0
2015-06-15,91.44,92.21,85.9,85.75,12066460.0,361570016.0
2015-06-12,88.54,92.39,90.76,87.8,11446523.0,348218592.0
2015-06-11,88.59,90.46,88.57,86.49,8218205.0,245231488.0
2015-06-10,87.11,90.64,88.57,85.96,7449261.0,222505088.0
2015-06-09,93.51,93.51,88.86,88.24,9835694.0,299587264.0
2015-06-08,88.48,94.4,91.08,87.35,16753843.0,516060736.0
2015-06-05,86.31,89.72,89.6,82.85,14175445.0,413706912.0
2015-06-04,88.21,88.71,85.4,79.65,12227112.0,346833600.0
2015-06-03,90.61,90.61,88.18,86.08,12693680.0,379079008.0
2015-06-02,86.82,90.31,89.99,84.98,16419904.0,488839904.0
2015-06-01,82.61,86.85,86.82,81.58,12358699.0,353484704.0
2015-05-29,84.84,86.58,81.49,75.71,18135992.0,503720448.0
2015-05-28,81.02,87.38,83.14,81.02,29061538.0,851375104.0
2015-05-27,79.25,80.4,79.42,76.83,11833139.0,315533152.0
2015-05-26,77.77,80.22,79.22,77.3,11636806.0,312178720.0
2015-05-25,77.16,78.92,77.63,76.01,13420945.0,352078784.0
2015-05-22,75.12,77.92,77.39,73.77,14729267.0,377719616.0
2015-05-21,74.59,76.07,73.97,72.77,14818017.0,371414400.0
2015-05-20,75.42,77.39,74.65,74.39,13011462.0,335441696.0
2015-05-19,76.01,76.01,75.39,73.65,10658930.0,270976544.0
2015-05-18,71.77,75.27,75.09,70.7,14036968.0,348053952.0
2015-05-15,73.0,74.56,71.77,70.56,13359632.0,327859936.0
2015-05-14,68.55,73.94,73.18,68.55,19305288.0,469772576.0
2015-05-13,70.14,70.41,68.55,68.35,11216192.0,263180064.0
2015-05-12,70.38,72.15,70.53,69.58,11760174.0,282121824.0
2015-05-11,68.05,70.64,70.59,67.43,15032551.0,354604640.0
2015-05-08,66.2,67.67,67.43,65.4,8742227.0,197264128.0
2015-05-07,66.58,69.23,65.96,64.81,9253306.0,211119856.0
2015-05-06,66.93,69.82,67.55,66.28,15469192.0,359448352.0
2015-05-05,64.84,67.29,66.4,64.34,10718240.0,239416272.0
2015-05-04,65.25,65.67,64.84,64.13,6857837.0,151139824.0
2015-04-30,65.4,66.46,65.22,64.93,7109737.0,158239072.0
2015-04-29,64.4,65.96,64.96,63.25,6881750.0,151588576.0
2015-04-28,67.4,67.76,64.4,63.93,11489829.0,256144736.0
2015-04-27,65.72,67.38,66.55,65.11,9964064.0,224056880.0
2015-04-24,67.7,67.7,65.55,64.31,13740328.0,306686368.0
2015-04-23,67.61,68.26,67.7,66.52,8922360.0,204064560.0
2015-04-22,68.05,69.38,67.55,67.11,10714426.0,246572864.0
2015-04-21,65.22,69.97,67.7,65.05,10428093.0,239143664.0
2015-04-20,69.29,69.29,65.4,64.22,15521777.0,348643264.0
2015-04-17,70.7,72.15,69.29,68.52,13864245.0,329848032.0
2015-04-16,64.81,70.7,70.64,63.78,18301884.0,423733760.0
2015-04-15,63.34,66.05,65.99,60.6,17609860.0,380969504.0
2015-04-14,65.17,65.7,64.02,63.34,10456081.0,229035056.0
2015-04-13,62.93,65.81,65.11,62.93,12510641.0,275109280.0
2015-04-10,61.19,63.55,62.51,60.98,7260336.0,154525488.0
2015-04-09,63.66,64.49,61.78,58.86,8677239.0,181545760.0
2015-04-08,66.31,67.05,64.28,63.4,9654131.0,212050800.0
2015-04-07,64.46,67.26,66.05,63.75,12367948.0,273483648.0
2015-04-03,62.31,64.81,64.37,61.22,11753697.0,252575824.0
2015-04-02,61.72,63.34,62.31,61.25,11701564.0,247916656.0
2015-04-01,60.84,61.6,61.37,59.8,8329229.0,171801040.0
2015-03-31,62.6,63.25,60.78,60.69,12038319.0,252360544.0
2015-03-30,62.01,63.49,62.66,60.69,12568617.0,266364464.0
2015-03-27,61.6,62.1,60.89,60.27,6099614.0,126390832.0
2015-03-26,61.39,64.08,61.9,60.1,11750627.0,249124128.0
2015-03-25,60.39,61.87,61.69,59.63,11580213.0,239592400.0
2015-03-24,58.01,61.9,61.4,56.56,20787692.0,418443008.0
2015-03-23,53.32,58.48,58.15,52.76,22465340.0,425541344.0
2015-03-20,53.35,53.88,53.29,52.47,9378753.0,169308640.0
2015-03-19,53.91,54.65,53.35,52.7,9487570.0,172021200.0
2015-03-18,53.44,54.15,53.97,52.88,9800606.0,177796000.0
2015-03-17,52.14,54.38,53.65,51.7,15805360.0,283350368.0
2015-03-16,51.61,52.59,52.2,51.23,10088374.0,177624096.0
2015-03-13,51.61,51.73,51.32,50.73,5116251.0,88863776.0
2015-03-12,50.26,51.61,51.29,49.99,7084339.0,122716072.0
2015-03-11,50.97,50.97,50.26,50.08,5816585.0,99540968.0
2015-03-10,50.67,51.23,51.14,49.88,6808876.0,116468328.0
2015-03-09,49.23,51.05,50.23,49.05,7262700.0,123931256.0
2015-03-06,51.26,51.26,49.52,49.43,6273264.0,106711000.0
2015-03-05,51.55,52.5,51.08,50.49,7430177.0,129560656.0
2015-03-04,49.55,52.91,51.64,49.49,13459935.0,234758448.0
2015-03-03,49.05,50.58,49.49,48.61,10831321.0,183119808.0
2015-03-02,48.31,48.93,48.9,47.84,7706477.0,126578320.0
2015-02-27,48.73,48.9,48.26,48.02,4448085.0,72979856.0
2015-02-26,48.08,48.99,48.76,48.08,4017100.0,66320968.0
2015-02-25,47.99,48.55,48.08,47.7,3641611.0,59502096.0
2015-02-17,48.79,48.79,47.99,47.96,4128988.0,67714736.0
2015-02-16,47.43,48.34,48.31,47.4,5785552.0,94323680.0
2015-02-13,46.81,48.05,47.4,46.69,5832539.0,94113816.0
2015-02-12,46.61,46.93,46.69,46.31,3494336.0,55328044.0
2015-02-11,46.31,46.87,46.66,45.9,4112699.0,64791072.0
2015-02-10,46.16,46.52,46.31,46.02,2740045.0,43017040.0
2015-02-09,47.25,47.67,46.16,45.96,5250437.0,82801232.0
2015-02-06,47.34,48.08,47.55,47.2,4152084.0,67161968.0
2015-02-05,48.02,48.02,47.31,47.16,4519084.0,72933176.0
2015-02-04,48.34,48.34,47.46,47.2,3587192.0,58034220.0
2015-02-03,47.9,48.52,48.26,47.67,3903099.0,63768896.0
2015-02-02,47.05,48.2,47.96,46.81,5575443.0,90082616.0
2015-01-30,48.05,48.55,47.2,47.08,4916458.0,79536136.0
2015-01-29,48.58,49.14,48.05,47.78,5110456.0,83800168.0
2015-01-28,48.49,49.38,48.55,48.37,4942270.0,81920288.0
2015-01-27,49.49,49.67,48.93,48.11,6530696.0,108151144.0
2015-01-26,49.2,50.17,49.46,48.73,11256983.0,188764736.0
2015-01-23,48.79,49.46,49.23,48.4,10279675.0,170779136.0
2015-01-22,49.17,49.4,49.08,48.37,15624365.0,259208992.0
2015-01-21,45.49,49.94,49.76,45.22,34154416.0,559972160.0
2015-01-20,44.78,45.43,45.4,44.34,4477398.0,68406320.0
2015-01-19,44.19,45.66,44.34,43.95,6431374.0,97740672.0
2015-01-16,45.1,45.6,45.22,44.69,7583195.0,115629200.0
2015-01-15,45.93,46.31,45.4,45.22,4299102.0,66404796.0
2015-01-14,45.34,46.31,45.84,44.96,4318753.0,67227600.0
2015-01-13,44.81,45.52,45.34,44.63,3101698.0,47640464.0
2015-01-12,44.48,45.19,44.93,44.07,3918054.0,59288520.0
2015-01-09,45.87,46.49,45.13,45.07,6263597.0,97736144.0
2015-01-08,46.66,47.43,46.08,45.99,8882903.0,141035904.0
2015-01-07,45.96,46.61,46.55,45.55,7790354.0,121937064.0
2015-01-06,44.75,47.05,46.13,44.19,13918691.0,217926640.0
2015-01-05,44.78,44.93,44.87,43.75,4646576.0,70074336.0
2014-12-31,44.48,45.31,44.96,43.48,5478753.0,82382480.0
2014-12-30,45.1,46.19,45.22,44.72,5048179.0,78021328.0
2014-12-29,45.93,45.93,45.1,45.02,4375577.0,67585224.0
2014-12-26,45.81,46.1,45.9,45.4,4260807.0,66231424.0
2014-12-25,45.66,46.19,45.9,45.34,4889443.0,76014800.0
2014-12-24,44.28,45.58,45.49,44.28,4037200.0,61725200.0
2014-12-23,44.13,45.02,44.16,43.84,3038159.0,45868776.0
2014-12-22,45.07,45.07,43.95,43.69,6333246.0,94794144.0
2014-12-19,45.66,45.66,45.16,44.69,4929108.0,75428664.0
2014-12-18,45.93,46.08,45.72,45.07,4074876.0,63066024.0
2014-12-17,46.52,46.52,45.93,45.55,5985225.0,93294072.0
2014-12-16,46.75,47.25,46.49,45.96,7156694.0,112807080.0
2014-12-15,45.72,47.58,46.9,45.72,13074178.0,207782144.0
2014-12-12,45.63,45.96,45.72,45.19,7227965.0,112036280.0
2014-12-11,44.66,45.84,45.66,44.43,10310624.0,158304288.0
2014-12-10,44.48,45.07,44.78,43.78,8903321.0,134295168.0
2014-12-09,44.43,45.31,43.95,43.63,11273320.0,169387552.0
2014-12-08,44.57,44.78,44.54,43.42,14834982.0,221573712.0
2014-12-05,46.1,46.4,44.57,44.19,12353613.0,188819392.0
2014-12-04,45.69,46.66,46.1,45.63,9849707.0,154047680.0
2014-12-03,45.72,45.9,45.69,44.96,9673242.0,149152096.0
2014-12-02,45.07,45.78,45.22,44.81,5583880.0,85832208.0
2014-12-01,46.05,46.05,45.34,44.45,7178255.0,109689520.0
2014-11-28,45.04,46.1,46.05,44.81,9858645.0,152259296.0
2014-11-27,45.28,45.49,44.93,44.72,4592475.0,70117184.0
2014-11-26,44.72,45.25,45.22,44.16,6537976.0,99282544.0
2014-11-25,43.95,44.99,44.72,43.9,6360795.0,96211800.0
2014-11-24,44.66,44.72,44.1,43.72,7631687.0,113927688.0
2014-11-21,44.54,44.63,44.4,44.22,3466118.0,52304608.0
2014-11-20,43.81,44.6,44.37,43.45,3641244.0,54623776.0
2014-11-19,44.31,44.63,43.9,43.6,5577236.0,83544496.0
2014-11-18,44.81,45.81,44.13,43.95,6356971.0,96857784.0
2014-11-17,48.08,48.08,45.31,44.19,13697773.0,214001264.0
2014-11-14,42.3,43.72,43.72,42.25,4331124.0,63443044.0
2014-11-13,43.25,43.25,42.54,42.19,3721259.0,53903612.0
2014-11-12,43.25,43.25,43.19,42.66,3868891.0,56395464.0
2014-11-11,43.9,43.95,43.07,42.89,4948574.0,73010864.0
2014-11-10,43.6,43.87,43.72,43.04,3111081.0,45977428.0
2014-11-07,44.19,44.43,43.45,43.31,4634348.0,68981608.0
2014-11-06,44.1,44.4,44.16,43.63,2998022.0,44785920.0
2014-11-05,44.37,44.66,44.07,43.87,4044725.0,60615656.0
2014-11-04,44.75,45.22,44.45,44.37,5642033.0,85819120.0
2014-11-03,44.72,44.9,44.87,44.13,6262970.0,94494064.0
2014-10-31,45.37,45.37,44.63,44.28,6053356.0,91761536.0
2014-10-30,45.55,45.87,45.46,45.13,5054157.0,77939504.0
2014-10-29,45.1,45.22,45.22,44.43,6256072.0,95250176.0
2014-10-28,44.04,44.98,44.96,44.04,4193946.0,63319580.0
2014-10-27,43.81,44.31,43.87,43.22,2684626.0,39951512.0
2014-10-24,43.72,44.37,43.87,43.72,2478396.0,37043644.0
2014-10-23,43.54,44.57,44.01,43.19,5826530.0,86664560.0
2014-10-22,44.19,44.9,43.54,43.34,4230397.0,63271208.0
2014-10-21,45.1,45.22,44.22,44.13,3742397.0,56548652.0
2014-10-20,44.6,45.98,45.1,44.57,4423959.0,67946504.0
2014-10-17,45.66,45.72,44.25,43.54,7481691.0,113403888.0
2014-10-16,46.28,47.51,45.75,45.34,9924324.0,157918784.0
2014-10-15,45.4,46.78,46.51,45.31,6942051.0,109164472.0
2014-10-14,45.9,46.34,45.42,45.13,4503565.0,69915456.0
2014-10-13,46.19,46.34,46.04,44.72,5464065.0,84529304.0
2014-10-10,46.34,46.84,46.16,45.9,7573948.0,119188968.0
2014-10-09,46.78,46.84,46.57,45.75,7965283.0,125366520.0
2014-10-08,44.81,47.51,46.84,44.78,12366870.0,194100160.0
2014-09-30,44.75,45.01,44.78,44.42,5345290.0,81189048.0
2014-09-29,43.31,45.13,44.72,43.31,13394215.0,201858336.0
2014-09-26,43.28,43.45,43.28,42.92,6754203.0,99148968.0
2014-09-25,42.98,43.84,43.28,42.63,7759468.0,113705600.0
2014-09-24,42.51,43.1,42.98,42.16,5906550.0,85898568.0
2014-09-23,42.28,42.84,42.51,42.25,4469543.0,64530312.0
2014-09-22,43.25,43.25,42.37,42.19,6162160.0,89571432.0
2014-09-19,43.04,43.63,43.37,42.95,6825271.0,100245952.0
2014-09-18,42.81,43.4,43.04,42.54,6778439.0,99201120.0
2014-09-17,42.51,42.92,42.72,42.07,6214426.0,89747864.0
2014-09-16,43.54,43.75,42.25,42.1,8422325.0,122625992.0
2014-09-15,43.25,43.66,43.54,42.87,7455362.0,109727656.0
2014-09-12,42.45,43.31,43.07,42.25,6668136.0,97261928.0
2014-09-11,42.95,43.6,42.51,42.28,8216438.0,119934472.0
2014-09-10,43.13,43.22,42.95,42.51,7420879.0,108186312.0
2014-09-09,41.81,43.31,43.28,41.37,13423897.0,194389360.0
2014-09-05,41.92,42.16,41.63,41.51,6424975.0,91186088.0
2014-09-04,42.25,42.28,41.95,41.75,5732059.0,81735376.0
2014-09-03,41.78,42.45,42.16,41.34,7064554.0,100906296.0
2014-09-02,41.37,41.92,41.72,41.16,6002002.0,84903312.0
2014-09-01,40.95,41.51,41.28,40.95,3640065.0,51109664.0
2014-08-29,40.25,41.01,40.95,40.07,3609534.0,49989972.0
2014-08-28,40.63,41.01,40.19,39.98,5469328.0,74977984.0
2014-08-27,40.69,40.98,40.48,40.25,4247751.0,58631492.0
2014-08-26,41.4,41.63,40.69,40.54,5978843.0,83141744.0
2014-08-25,42.22,42.28,41.42,41.1,6387696.0,90219184.0
2014-08-22,42.01,42.34,42.1,41.78,3691872.0,52767360.0
2014-08-21,42.04,42.42,42.13,41.63,4724180.0,67496816.0
2014-08-20,42.51,42.54,42.04,41.98,4188122.0,59949768.0
2014-08-19,42.6,42.66,42.51,42.07,5545915.0,79797168.0
2014-08-18,42.13,42.57,42.54,42.01,6801985.0,97699856.0
2014-08-15,41.92,42.45,42.13,41.31,8290412.0,117980912.0
2014-08-14,43.51,43.51,41.98,41.92,9678043.0,139433856.0
2014-08-13,43.37,43.95,43.45,43.01,4625708.0,68170016.0
2014-08-12,43.66,43.69,43.34,43.07,3661013.0,53899776.0
2014-08-11,42.37,43.54,43.48,42.01,7469414.0,109050720.0
2014-08-08,42.22,42.48,42.25,42.07,2680514.0,38490488.0
2014-08-07,42.66,42.75,42.25,42.07,4494207.0,64799712.0
2014-08-06,42.28,42.66,42.57,41.81,4659143.0,66920872.0
2014-08-05,42.13,42.34,42.28,41.78,3655377.0,52228524.0
2014-08-04,42.37,42.45,42.13,41.72,4540999.0,64942376.0
2014-08-01,42.6,43.07,42.25,42.07,6030642.0,87331696.0
2014-07-31,42.51,42.92,42.84,42.16,3718777.0,53818800.0
2014-07-30,42.42,42.66,42.51,41.92,3878940.0,55822968.0
2014-07-29,42.1,43.4,42.22,41.92,7098761.0,102919320.0
2014-07-28,41.84,42.45,42.07,41.19,5337643.0,75631552.0
2014-07-25,40.63,42.07,41.87,40.48,3459753.0,48694544.0
2014-07-24,41.48,41.92,40.63,40.28,5908975.0,81815744.0
2014-07-23,42.37,42.48,41.51,41.19,4402527.0,62233484.0
2014-07-22,42.66,42.78,42.4,41.63,4356605.0,62543904.0
2014-07-21,42.28,43.1,42.78,42.28,3946289.0,57163264.0
2014-07-18,42.98,43.78,42.34,41.92,5142558.0,74651640.0
2014-07-17,44.13,44.16,43.37,42.51,5650255.0,82608600.0
2014-07-16,44.22,44.72,44.04,43.84,5101975.0,76763760.0
2014-07-15,43.04,44.6,44.57,42.66,6388404.0,95567536.0
2014-07-14,42.23,43.22,43.08,42.17,2442446.0,35658836.0
2014-07-11,42.58,43.22,42.46,41.96,4281500.0,62311200.0
2014-07-10,42.2,43.13,42.64,41.87,5027673.0,72733896.0
2014-07-09,43.93,44.13,42.34,42.11,4647940.0,68410736.0
2014-07-08,43.69,43.96,43.87,43.11,3448516.0,51359896.0
2014-07-07,43.52,43.99,43.55,42.78,5564251.0,82189032.0
2014-07-04,44.28,44.28,43.75,43.13,4174940.0,62171684.0
2014-07-03,44.04,44.92,44.25,43.69,4795999.0,72138160.0
2014-07-02,44.87,44.87,44.13,43.72,5224878.0,78630544.0
2014-07-01,45.28,45.45,44.81,43.99,7567167.0,115007232.0
2014-06-30,41.7,45.54,45.42,41.29,12544989.0,184232192.0
2014-06-27,43.84,43.84,42.2,39.94,15586077.0,221471360.0
2014-06-12,44.66,45.1,43.96,43.55,5348211.0,80470904.0
2014-06-11,43.81,44.81,44.66,43.25,6535347.0,98554880.0
2014-06-10,42.43,43.93,43.81,41.99,6871117.0,101155480.0
2014-06-09,42.55,43.28,42.2,41.76,6189846.0,89487912.0
2014-06-06,42.81,43.78,42.9,42.52,5969125.0,88196928.0
2014-06-05,42.87,42.87,42.75,42.2,5050796.0,73245704.0
2014-06-04,42.96,43.28,42.9,42.28,6111236.0,89211616.0
2014-06-03,41.87,43.28,42.84,41.64,7604822.0,110855112.0
2014-05-30,41.11,42.17,41.61,41.02,6250928.0,88917344.0
2014-05-29,41.49,41.84,41.29,40.94,4984603.0,70376744.0
2014-05-28,40.23,41.64,41.52,40.23,7020164.0,98543552.0
2014-05-27,40.97,41.35,40.52,40.32,4377674.0,60878716.0
2014-05-26,39.15,40.91,40.88,39.15,8686858.0,119718560.0
2014-05-23,38.77,39.65,39.15,38.65,3468568.0,46436152.0
2014-05-22,40.0,40.32,39.0,38.94,3263999.0,44206708.0
2014-05-21,40.47,40.76,40.06,39.62,2979769.0,40758712.0
2014-05-20,40.09,40.82,40.41,39.97,5691862.0,78658152.0
2014-05-19,39.7,40.41,40.03,39.62,2916920.0,39870852.0
2014-05-16,39.62,40.55,39.62,39.15,3059819.0,41467760.0
2014-05-15,39.7,40.64,40.23,39.41,4532904.0,61980484.0
2014-05-14,39.82,41.05,39.94,39.82,4053409.0,55975992.0
2014-05-13,40.7,41.05,40.12,39.47,9761656.0,134710192.0
2014-05-12,41.05,41.08,40.97,40.17,10206315.0,142086000.0
2014-05-09,40.17,41.52,40.55,39.94,10588546.0,146801008.0
2014-05-08,39.29,40.35,39.7,39.12,8211989.0,111857144.0
2014-05-07,39.56,40.32,39.27,39.15,8246525.0,112244448.0
2014-05-06,39.5,40.32,39.65,39.12,10187675.0,138463552.0
2014-05-05,37.39,39.7,39.59,36.95,11028915.0,145608928.0
2014-04-30,36.66,37.65,37.48,36.42,6435438.0,81185152.0
2014-04-29,36.62,36.98,36.95,35.89,3557577.0,44124840.0
2014-04-28,37.68,37.68,36.8,36.36,4471072.0,56123408.0
2014-04-25,38.74,39.12,37.86,37.83,4350310.0,57086616.0
2014-04-24,39.73,40.47,38.65,38.59,10426164.0,141294416.0
2014-04-23,38.65,40.0,39.79,38.41,11968194.0,161754640.0
2014-04-22,38.62,38.94,38.62,38.0,4482283.0,58665320.0
2014-04-21,39.06,39.73,38.74,38.68,4211562.0,56234640.0
2014-04-18,38.65,39.44,39.27,38.56,3443653.0,45807056.0
2014-04-17,39.35,39.88,38.94,38.53,7711600.0,102279736.0
2014-04-16,39.94,40.06,39.35,38.85,3954106.0,53059188.0
2014-04-15,39.59,40.32,39.56,39.23,4755635.0,64430608.0
2014-04-14,38.77,40.17,39.79,38.77,11031302.0,149875424.0
2014-04-11,37.74,40.38,39.15,37.65,13325105.0,177987136.0
2014-04-10,38.12,38.5,37.89,37.8,4477510.0,58135540.0
2014-04-09,38.15,38.8,37.92,37.68,6301735.0,82260248.0
2014-04-08,37.04,38.56,38.44,37.04,12007972.0,155919136.0
2014-04-04,37.01,37.3,37.09,36.68,3206150.0,40514668.0
2014-04-03,37.01,37.48,36.86,36.8,4074824.0,51452584.0
2014-04-02,36.07,37.33,37.04,35.75,5615036.0,70501216.0
2014-04-01,35.01,36.01,35.95,35.01,4209958.0,51227944.0
2014-03-31,35.86,36.13,34.98,34.87,2641885.0,31883106.0
2014-03-28,36.74,36.89,35.86,35.13,5289962.0,64934296.0
2014-03-27,36.89,37.39,36.83,36.6,5551482.0,70233064.0
2014-03-26,37.01,37.42,36.74,36.66,4970526.0,62651472.0
2014-03-25,36.95,37.71,36.95,36.3,6540925.0,82655568.0
2014-03-24,36.16,37.42,36.86,35.95,9852835.0,124274216.0
2014-03-21,34.63,36.42,36.3,34.6,9492474.0,116519136.0
2014-03-20,35.19,35.42,34.63,34.6,3477622.0,41725576.0
2014-03-19,35.28,35.6,35.07,34.95,2780988.0,33443920.0
2014-03-18,35.19,35.8,35.48,35.07,2976692.0,36120988.0
2014-03-17,34.81,35.22,35.19,34.54,2126994.0,25379460.0
2014-03-14,34.6,34.81,34.6,34.45,1582165.0,18680100.0
2014-03-13,34.66,34.84,34.69,34.45,1716053.0,20276024.0
2014-03-12,34.19,34.66,34.6,34.19,2990124.0,35113376.0
2014-03-11,34.02,34.51,34.19,33.87,2917932.0,33979676.0
2014-03-10,34.84,34.84,34.05,33.96,3860230.0,45059492.0
2014-03-07,35.63,35.63,34.98,34.9,5013128.0,60096160.0
2014-03-06,35.34,35.72,35.54,35.25,5007057.0,60517344.0
2014-03-05,35.8,35.92,35.28,35.16,3806868.0,45986308.0
2014-03-04,36.22,36.24,35.77,35.25,5014505.0,61257708.0
2014-03-03,35.72,36.51,36.45,35.48,6218538.0,76296176.0
2014-02-28,35.77,35.77,35.69,35.04,4199217.0,50694668.0
2014-02-27,35.83,36.22,35.72,35.37,4574379.0,55842264.0
2014-02-26,35.45,35.77,35.75,34.9,3926458.0,47237052.0
2014-02-25,36.27,36.92,35.45,34.98,7074697.0,87182528.0
2014-02-24,35.8,36.42,36.36,35.04,7544148.0,91669368.0
2014-02-21,36.54,36.83,35.92,35.66,7893958.0,97494192.0
2014-02-20,37.62,37.65,36.57,36.45,6633634.0,83614664.0
2014-02-19,37.65,38.09,37.51,37.21,5525406.0,70697760.0
2014-02-18,38.12,38.3,37.83,37.59,4954327.0,63907808.0
2014-02-17,38.27,38.56,38.27,37.68,5065948.0,65716384.0
2014-02-14,37.59,38.71,38.12,37.56,6449117.0,83852792.0
2014-02-13,38.06,38.47,37.59,37.56,7136503.0,92249560.0
2014-02-12,36.68,38.85,38.44,36.42,14744163.0,189500192.0
2014-02-11,36.3,36.86,36.57,35.95,5414857.0,67143168.0
2014-02-10,35.54,36.39,36.3,35.54,5833041.0,71871344.0
2014-02-07,34.92,35.39,35.28,34.9,1949320.0,23414740.0
2014-01-30,34.92,35.42,35.01,34.92,2012753.0,24120024.0
2014-01-29,35.28,35.31,35.01,34.9,1973986.0,23612134.0
2014-01-28,35.1,35.37,35.34,34.84,2149167.0,25748228.0
2014-01-27,35.25,35.25,34.92,34.84,2228293.0,26577958.0
2014-01-24,34.9,35.34,35.31,34.66,2658123.0,31870842.0
2014-01-23,35.39,35.39,35.07,34.9,2632440.0,31509676.0
2014-01-22,34.95,35.39,35.39,34.78,2920880.0,35049448.0
2014-01-21,34.37,35.37,35.04,34.37,3553094.0,42416908.0
2014-01-20,34.16,34.63,34.46,34.05,1588452.0,18607008.0
2014-01-17,34.25,34.6,34.16,34.02,1388282.0,16228156.0
2014-01-16,34.4,34.54,34.25,34.13,1583608.0,18525796.0
2014-01-15,34.92,34.92,34.4,33.72,3954642.0,46133064.0
2014-01-14,33.9,35.19,34.92,33.75,2408987.0,28383378.0
2014-01-13,34.78,35.04,34.07,33.72,2889738.0,33794908.0
2014-01-10,35.63,35.95,34.75,34.6,3382145.0,40560424.0
2014-01-09,35.98,36.66,35.89,35.72,3463146.0,42762288.0
2014-01-08,36.16,36.48,35.98,35.63,2943788.0,36192056.0
2014-01-07,36.54,36.54,36.33,35.8,4517394.0,55755200.0
2014-01-06,36.36,37.3,36.86,35.48,7504083.0,93510368.0
2014-01-03,37.09,37.39,36.45,36.13,4023023.0,50294524.0
2014-01-02,37.04,37.77,37.21,36.66,6428635.0,81827704.0
2013-12-31,36.66,37.09,37.01,36.45,2849328.0,35815460.0
2013-12-30,37.18,37.59,36.66,36.42,3868390.0,48685664.0
2013-12-27,36.74,37.27,36.98,36.39,9001540.0,113281752.0
2013-12-26,37.06,37.77,36.89,36.66,4266480.0,54033468.0
2013-12-25,36.07,37.77,37.53,35.66,9846754.0,122928904.0
2013-12-24,36.51,36.66,36.01,35.51,4430388.0,54482196.0
2013-12-23,35.54,36.68,36.27,35.34,3317537.0,40997296.0
2013-12-20,35.57,35.92,35.51,35.16,2263372.0,27348402.0
2013-12-19,36.01,36.22,35.57,35.42,1315843.0,16005937.0
2013-12-18,35.63,36.21,35.92,35.19,1817967.0,22393946.0
2013-12-17,35.54,35.89,35.54,35.31,1920038.0,23479388.0
2013-12-16,36.33,36.35,35.57,35.48,2477004.0,30492336.0
2013-12-13,36.44,36.76,36.47,36.15,2528990.0,31781812.0
2013-12-12,36.03,36.65,36.47,35.77,4099829.0,51380356.0
2013-12-11,35.92,36.18,35.95,35.69,2200860.0,27177656.0
2013-12-10,35.92,36.09,35.92,35.72,2474779.0,30529780.0
2013-12-09,36.33,36.33,36.01,35.63,4531890.0,55954116.0
2013-12-06,36.59,36.79,36.24,36.18,2612977.0,32761404.0
2013-12-05,36.35,36.85,36.82,35.8,5191555.0,64797628.0
2013-12-04,36.01,36.76,36.41,36.01,5502011.0,69021488.0
2013-12-03,35.63,36.41,36.24,35.63,2731957.0,33887920.0
2013-12-02,37.46,37.46,35.74,35.19,6837319.0,85412816.0
2013-11-29,37.84,38.16,37.95,37.4,3587220.0,46702256.0
2013-11-28,38.04,38.16,37.95,37.43,5067459.0,65901472.0
2013-11-27,37.63,38.39,37.98,37.63,3014761.0,39464352.0
2013-11-26,38.65,38.97,37.78,37.63,5454734.0,71592416.0
2013-11-25,37.84,39.41,38.71,37.49,8424250.0,112353152.0
2013-11-22,38.57,38.62,37.95,37.93,3672864.0,48344064.0
2013-11-21,38.1,38.62,38.42,37.78,4693584.0,61684160.0
2013-11-20,38.68,38.91,38.13,37.52,4893816.0,64056740.0
2013-11-19,38.1,38.62,38.48,38.1,6220718.0,82189896.0
2013-11-18,36.33,39.09,38.27,36.09,14407916.0,188523120.0
2013-11-15,35.4,36.15,35.54,35.4,4882105.0,59941888.0
2013-11-14,34.29,35.54,35.51,34.29,3331889.0,40136536.0
2013-11-13,35.4,35.4,34.49,34.47,2393291.0,28713626.0
2013-11-12,35.08,35.6,35.37,35.05,3972165.0,48279136.0
2013-11-11,34.76,35.37,35.1,34.17,2519646.0,30152330.0
2013-11-08,34.61,35.1,34.52,34.26,4256043.0,50673420.0
2013-11-07,34.9,34.9,34.32,34.17,1847378.0,21852348.0
2013-11-06,34.96,35.69,34.81,34.78,3709995.0,44921928.0
2013-11-05,34.49,34.87,34.81,34.09,2155684.0,25612666.0
2013-11-04,34.29,34.61,34.38,34.17,2762654.0,32628444.0
2013-11-01,33.8,34.64,34.2,33.74,2128002.0,25034006.0
2013-10-31,34.9,35.13,34.38,34.29,3277221.0,38903968.0
2013-10-30,34.84,35.37,35.16,34.52,3368775.0,40503024.0
2013-10-29,36.27,36.27,34.78,33.88,5662102.0,67883816.0
2013-10-28,36.59,36.88,36.27,35.86,2739479.0,34129824.0
2013-10-25,37.34,37.63,36.47,36.09,5253710.0,66638880.0
2013-10-24,37.29,37.75,37.11,36.91,3989205.0,50995888.0
2013-10-23,38.25,38.39,37.66,37.05,5401665.0,69960424.0
2013-10-22,38.1,38.91,38.13,37.75,6834953.0,89979712.0
2013-10-21,37.75,38.45,38.1,37.4,9209540.0,120671288.0
2013-10-18,37.08,37.52,37.46,36.88,3848985.0,49239152.0
2013-10-17,39.44,39.7,36.94,36.82,11150710.0,145538848.0
2013-10-16,40.34,40.34,38.86,38.71,8614287.0,116579176.0
2013-10-15,40.08,41.3,40.54,39.84,11421823.0,159191616.0
2013-10-14,39.55,40.63,39.32,39.03,7233899.0,98920208.0
2013-10-11,40.22,40.51,39.61,39.38,9013132.0,122997176.0
2013-10-10,40.43,40.86,40.16,40.05,6401322.0,88836048.0
2013-10-09,39.5,41.07,40.6,39.09,11742258.0,163854496.0
2013-10-08,38.59,39.7,39.44,38.51,8326980.0,112191128.0
2013-09-30,38.88,38.91,38.8,38.25,7909153.0,104795736.0
2013-09-27,36.65,39.12,39.03,36.65,26274776.0,347027872.0
2013-09-26,36.41,37.05,36.41,35.89,6262342.0,78230072.0
2013-09-25,36.79,36.91,36.21,36.18,3032542.0,38103132.0
2013-09-24,36.65,37.02,36.79,36.3,4771737.0,60193628.0
2013-09-23,36.01,37.23,36.76,35.83,5677510.0,71437312.0
2013-09-18,35.63,36.09,35.98,35.51,3646737.0,44876872.0
2013-09-17,36.44,36.73,35.74,35.69,3998343.0,49868960.0
2013-09-16,36.76,36.79,36.44,36.24,3500524.0,43801328.0
2013-09-13,36.91,36.91,36.67,36.33,6587996.0,82699656.0
2013-09-12,35.86,37.08,37.08,35.86,11196689.0,141301008.0
2013-09-11,35.95,36.06,35.6,35.51,4089393.0,50183692.0
2013-09-10,35.4,35.98,35.95,35.28,4422736.0,54393048.0
2013-09-09,35.08,35.57,35.42,35.05,3856928.0,46858468.0
2013-09-06,35.28,35.4,35.05,34.78,4064973.0,48883308.0
2013-09-05,35.8,35.83,35.28,35.08,4008485.0,48719000.0
2013-09-04,36.09,36.09,35.8,35.63,3188097.0,39214936.0
2013-09-03,35.57,36.3,36.27,35.42,3815088.0,46981588.0
2013-09-02,35.42,35.74,35.57,35.28,2791737.0,34093024.0
2013-08-30,36.44,36.59,35.51,35.34,4656853.0,57600168.0
2013-08-29,36.21,36.85,36.47,36.01,3579679.0,44881872.0
2013-08-28,36.94,37.02,36.18,36.12,5939261.0,74460288.0
2013-08-27,37.31,37.34,37.11,36.82,3795354.0,48406172.0
2013-08-26,36.82,37.29,37.26,36.5,4099356.0,52095344.0
2013-08-23,37.61,37.72,36.97,36.47,5720238.0,72663136.0
2013-08-22,37.84,37.87,37.61,37.31,4570710.0,58943160.0
2013-08-21,37.37,38.54,38.13,37.23,8349050.0,109040784.0
2013-08-20,37.34,37.34,36.91,36.73,5098335.0,64792780.0
2013-08-19,36.67,37.52,37.26,36.5,4754458.0,60681888.0
2013-08-16,38.19,38.65,36.97,36.88,10977011.0,141853872.0
2013-08-15,39.76,39.84,38.68,38.51,18387256.0,246346192.0
2013-08-14,42.49,42.61,41.68,41.15,5239360.0,75145720.0
2013-08-13,41.77,42.64,42.35,41.71,4888152.0,70805696.0
2013-08-12,41.94,42.9,41.94,41.59,5668699.0,82124312.0
2013-08-09,41.74,43.05,41.94,41.39,7963263.0,115681272.0
2013-08-08,39.93,41.62,41.59,39.9,8347704.0,117786656.0
2013-08-07,40.4,41.1,40.11,40.08,5692101.0,79583648.0
2013-08-06,40.83,40.89,40.69,40.08,6213486.0,86771128.0
2013-08-05,40.22,41.04,40.8,40.14,6248019.0,87499392.0
2013-08-02,39.64,40.57,40.22,39.0,6776298.0,93019040.0
2013-08-01,39.15,39.84,39.52,38.83,6765802.0,91248912.0
2013-07-31,39.5,39.64,39.18,38.51,4397702.0,58961304.0
2013-07-30,39.44,39.76,39.29,38.22,3290461.0,44125564.0
2013-07-29,39.99,40.11,39.44,38.77,4111475.0,55600616.0
2013-07-26,39.7,40.89,40.31,39.5,4963111.0,68804720.0
2013-07-25,40.72,41.15,39.96,39.67,6464717.0,89613192.0
2013-07-24,39.7,41.21,41.04,39.41,8952825.0,124164632.0
2013-07-23,38.54,40.43,40.14,38.39,10079386.0,137236080.0
2013-07-22,36.65,38.89,38.57,36.56,8157321.0,105562120.0
2013-07-19,37.49,37.66,36.35,36.33,4613578.0,58549856.0
2013-07-18,36.82,37.87,37.49,36.5,4697630.0,60050924.0
2013-07-17,38.83,38.97,37.66,37.37,5673593.0,74594472.0
2013-07-16,37.78,39.23,38.97,37.2,7560371.0,99631456.0
2013-07-15,36.67,37.93,37.81,36.65,7887093.0,101248384.0
2013-07-12,37.69,37.93,36.97,36.88,6178436.0,79545056.0
2013-07-11,36.5,38.19,37.63,36.5,5298276.0,68257560.0
2013-07-10,35.86,36.73,36.65,35.54,4309069.0,53642888.0
2013-07-09,35.86,36.27,35.92,35.34,4046377.0,49644120.0
2013-07-08,38.57,38.57,35.98,35.89,9348433.0,118795256.0
2013-07-05,40.08,40.57,39.21,39.15,4092023.0,56193748.0
2013-07-04,40.28,40.46,40.11,39.7,4441225.0,61125908.0
2013-07-03,40.14,40.86,40.43,39.52,5869939.0,81196352.0
2013-07-02,38.33,40.75,40.69,37.98,9448589.0,128912272.0
2013-07-01,37.37,38.33,38.25,37.02,3313489.0,43047240.0
2013-06-28,38.16,38.68,37.58,37.37,2588224.0,33657256.0
2013-06-27,38.22,39.15,38.16,37.43,4201619.0,55427592.0
2013-06-26,37.55,38.65,38.39,37.31,4086825.0,53504504.0
2013-06-25,36.82,37.95,37.55,33.65,4875453.0,61281416.0
2013-06-24,39.79,39.79,37.34,36.99,6086821.0,80164680.0
2013-06-21,39.12,40.16,39.96,38.68,4976038.0,67642856.0
2013-06-20,39.23,40.72,40.14,38.97,6531779.0,89794056.0
2013-06-19,39.7,39.93,39.7,38.16,4100357.0,55231364.0
2013-06-18,39.79,40.25,39.87,39.55,3100136.0,42462896.0
2013-06-17,39.82,40.28,39.64,38.74,5128708.0,69679992.0
2013-06-14,38.94,39.73,39.55,38.68,5027040.0,67633144.0
2013-06-13,38.97,38.97,38.91,37.46,5892506.0,77739792.0
2013-06-07,41.3,41.68,39.53,39.29,7953534.0,109986880.0
2013-06-06,42.73,42.73,41.39,41.33,5264744.0,75873752.0
2013-06-05,42.38,42.9,42.84,42.03,5238012.0,76614408.0
2013-06-04,44.5,44.5,42.52,42.03,11096222.0,163740704.0
2013-06-03,44.99,45.63,44.56,44.24,10205356.0,157257296.0
2013-05-31,43.48,45.78,44.94,43.48,18614068.0,286729632.0
2013-05-30,43.05,44.41,43.6,42.84,14192544.0,213845712.0
2013-05-29,42.43,43.54,43.37,41.91,13177866.0,194505952.0
2013-05-28,42.17,42.93,42.43,41.79,12472712.0,181612256.0
2013-05-27,40.89,42.32,42.26,40.78,9442534.0,134622496.0
2013-05-24,41.01,41.39,41.21,40.8,6635213.0,93722912.0
2013-05-23,42.03,42.03,41.01,40.72,8691297.0,123397376.0
2013-05-22,41.88,42.67,42.11,41.62,12242725.0,177496784.0
2013-05-21,40.83,42.03,42.0,40.16,12031663.0,169872624.0
2013-05-20,41.74,42.0,40.83,40.37,17481966.0,245730992.0
2013-05-17,41.1,41.59,41.24,40.51,14060888.0,198452720.0
2013-05-16,39.32,41.04,41.01,38.97,18487972.0,255232176.0
2013-05-15,39.15,39.41,39.18,38.62,8722866.0,116504368.0
2013-05-14,39.55,39.76,39.09,38.54,4410671.0,59251524.0
2013-05-13,39.26,39.58,39.5,38.71,7000138.0,94422808.0
2013-05-10,39.26,39.61,39.5,38.07,14751384.0,196892480.0
2013-05-09,42.46,42.67,39.79,39.15,20561812.0,287257152.0
2013-05-08,41.45,42.32,41.77,40.31,9593327.0,136402848.0
2013-05-07,41.56,42.23,41.18,40.86,3975453.0,56435920.0
2013-05-06,41.04,42.23,41.88,40.28,8621260.0,121882312.0
2013-05-03,39.82,41.74,41.27,39.58,4731193.0,67001968.0
2013-05-02,38.45,40.22,40.08,38.13,5308614.0,71719832.0
2013-04-26,43.22,43.34,39.06,39.0,13322826.0,184776320.0
2013-04-25,43.98,43.98,43.34,42.03,11326545.0,166223760.0
2013-04-24,44.79,44.79,44.09,42.96,9881197.0,148618784.0
2013-04-23,46.83,46.97,44.85,43.92,5920616.0,92116200.0
2013-04-22,45.58,47.41,47.06,45.58,5118006.0,81932096.0
2013-04-19,45.23,46.24,45.81,45.23,4606812.0,72524680.0
2013-04-18,44.94,46.48,45.11,44.59,6130056.0,96164176.0
2013-04-17,43.02,45.52,45.37,42.9,8318708.0,126322256.0
2013-04-16,42.75,43.34,42.75,41.88,4276554.0,62338116.0
2013-04-15,43.74,44.21,43.39,43.13,4543627.0,67988032.0
2013-04-12,42.75,44.3,43.74,42.75,5639490.0,84226264.0
2013-04-11,42.9,43.22,43.16,42.38,5000608.0,73650752.0
2013-04-10,43.57,43.86,42.7,42.52,5018034.0,73975280.0
2013-04-09,44.53,44.99,43.92,43.89,3384885.0,51535384.0
2013-04-08,43.34,44.82,44.59,43.28,4542176.0,69317968.0
2013-04-03,44.06,44.91,43.48,42.96,6210242.0,93642616.0
2013-04-02,47.49,48.48,44.0,43.8,10122486.0,158728624.0
2013-04-01,46.83,47.96,47.52,46.56,6011269.0,97790928.0
2013-03-29,47.41,48.45,46.97,46.53,5593567.0,91268584.0
2013-03-28,49.15,49.38,47.61,47.12,7353756.0,122488208.0
2013-03-27,48.31,50.08,49.56,48.02,7976666.0,134779072.0
2013-03-26,47.7,48.66,48.34,46.39,6172185.0,100746032.0
2013-03-25,49.79,49.79,48.05,47.44,7669176.0,127486992.0
2013-03-22,49.82,49.97,49.79,48.72,5696196.0,96609952.0
2013-03-21,48.28,50.29,49.76,47.7,7748926.0,131792904.0
2013-03-20,47.26,49.01,48.42,47.12,9686829.0,161245312.0
2013-03-19,46.53,47.55,46.97,45.31,6733222.0,107254656.0
2013-03-18,46.83,49.91,46.56,46.24,13118427.0,217174016.0
2013-03-15,45.81,46.97,45.92,44.21,9005133.0,142787104.0
2013-03-14,43.1,45.72,45.6,43.1,6895217.0,106192256.0
2013-03-13,43.71,44.62,43.34,42.84,6035091.0,90523528.0
2013-03-12,46.56,46.74,43.63,43.07,11758789.0,179558640.0
2013-03-11,45.63,47.47,46.77,45.23,7227419.0,115764600.0
2013-03-08,44.64,47.2,45.49,44.5,8894247.0,140274880.0
2013-03-07,46.1,47.09,44.56,44.06,10582166.0,164463136.0
2013-03-06,44.56,47.47,46.27,44.56,15235249.0,243285456.0
2013-03-05,41.45,44.64,44.56,41.36,11700222.0,175830832.0
2013-03-04,41.88,43.57,41.62,40.57,11207194.0,163442640.0
2013-03-01,41.1,42.96,42.11,40.83,9362013.0,136534752.0
2013-02-28,39.9,41.5,41.24,39.64,6141369.0,86002504.0
2013-02-27,41.36,41.97,40.11,39.29,8500359.0,117584552.0
2013-02-26,41.15,42.35,41.36,40.43,8707960.0,124964008.0
2013-02-25,40.19,41.59,41.04,39.73,7594473.0,106258928.0
2013-02-22,41.74,42.11,40.19,40.08,7072961.0,99602424.0
2013-02-21,43.34,44.06,41.88,41.24,11105043.0,162790416.0
2013-02-20,40.63,44.15,44.12,40.46,10385902.0,151104992.0
2013-02-19,41.18,41.56,40.78,40.16,6307141.0,88248136.0
2013-02-18,42.41,42.52,41.59,40.66,6194152.0,88545720.0
2013-02-08,40.72,42.64,42.17,40.6,8736437.0,125641960.0
2013-02-07,40.14,41.21,40.78,39.5,6780145.0,94435600.0
2013-02-06,39.84,41.18,40.14,39.41,11196712.0,155814896.0
2013-02-05,37.31,40.57,40.16,36.73,17653162.0,236291072.0
2013-02-04,35.92,37.9,37.02,35.92,10637053.0,135403696.0
2013-02-01,35.66,36.21,35.8,35.28,4985997.0,61386392.0
2013-01-31,35.77,36.27,35.92,35.28,7204648.0,88407584.0
2013-01-30,34.93,37.08,35.8,34.9,16810732.0,207755296.0
2013-01-29,34.55,36.01,34.9,34.55,14787054.0,178403120.0
2013-01-28,31.99,33.56,33.48,31.99,7490536.0,84503160.0
2013-01-25,31.06,32.4,32.23,31.06,3266369.0,35950272.0
2013-01-24,32.84,32.95,31.7,31.41,5642219.0,62476648.0
2013-01-23,32.66,33.04,32.81,32.17,3845482.0,43037540.0
2013-01-22,33.3,33.53,32.81,32.63,4609956.0,52465476.0
2013-01-21,33.51,33.59,33.24,32.98,6000681.0,68412072.0
2013-01-18,33.8,34.2,33.62,33.01,5897753.0,67919328.0
2013-01-17,33.39,34.26,33.77,32.98,9139479.0,106448608.0
2013-01-16,33.19,33.62,33.21,32.52,8398804.0,95705744.0
2013-01-15,32.11,33.36,33.21,31.76,9754729.0,110119240.0
2013-01-14,30.62,32.08,32.05,30.6,6653522.0,72313872.0
2013-01-11,31.79,31.96,30.6,30.42,5062193.0,54308156.0
2013-01-10,31.47,32.02,31.76,31.38,4594695.0,49988896.0
2013-01-09,32.14,32.28,31.44,31.09,6701154.0,72931816.0
2013-01-08,31.27,32.78,32.2,31.09,12988964.0,142882592.0
2013-01-07,30.92,31.41,31.06,30.68,6302090.0,67297960.0
2013-01-04,31.12,31.27,30.48,30.28,4325361.0,45549940.0
2012-12-31,30.45,30.92,30.83,30.02,7155210.0,74984056.0
2012-12-28,30.25,30.48,30.31,29.96,5166919.0,53732360.0
2012-12-27,30.89,30.98,30.34,30.28,5772760.0,60513520.0
2012-12-26,30.74,31.21,30.83,30.51,6639707.0,70342576.0
2012-12-25,30.28,31.03,30.8,29.9,7979703.0,84110432.0
2012-12-24,29.96,30.42,30.31,29.84,8647691.0,89750608.0
2012-12-21,29.67,30.36,29.84,29.46,9211845.0,94651776.0
2012-12-20,30.54,30.66,30.02,29.35,14918469.0,153856912.0
2012-12-19,32.87,33.42,31.41,31.24,30275352.0,335922368.0
2012-12-18,31.67,31.67,31.67,31.12,15369402.0,167191728.0
2012-12-17,29.08,29.08,28.79,28.44,4169559.0,41147992.0
2012-12-14,27.92,29.2,29.08,27.77,3656973.0,36181780.0
2012-12-13,28.01,28.15,27.98,27.77,1295953.0,12467524.0
2012-12-12,28.01,28.06,28.01,27.5,2005308.0,19515074.0
2012-12-11,28.21,28.32,27.95,27.89,1636748.0,16137845.0
2012-12-10,28.06,28.49,28.38,27.78,2460974.0,24378670.0
2012-12-07,26.9,28.18,28.15,26.9,3199075.0,31061890.0
2012-12-06,26.87,27.18,26.84,26.7,1441560.0,13587675.0
2012-12-05,25.5,27.27,27.04,25.5,4534890.0,42337376.0
2012-12-04,26.01,26.1,25.61,25.27,2351409.0,21084488.0
2012-12-03,26.67,26.67,26.01,25.7,1107343.0,10201236.0
2012-11-30,26.64,26.93,26.58,26.47,1107174.0,10381677.0
2012-11-29,26.9,27.18,26.64,26.41,2020574.0,19065536.0
2012-11-28,26.36,27.1,26.73,26.33,3192938.0,29984296.0
2012-11-27,27.75,28.04,26.67,26.07,2010005.0,19082504.0
2012-11-26,28.49,28.61,28.04,27.75,1904299.0,18837156.0
2012-11-23,28.21,28.98,28.58,28.06,4096104.0,41186480.0
2012-11-22,27.41,28.43,28.38,27.07,4195532.0,41003336.0
2012-11-21,27.27,27.84,27.72,27.01,3118634.0,29996080.0
2012-11-20,28.8,28.98,27.55,27.55,3240501.0,31929994.0
2012-11-19,29.18,29.18,28.75,28.38,2073421.0,20806844.0
2012-11-16,29.57,29.57,29.32,28.66,1347460.0,13714086.0
2012-11-15,29.35,29.8,29.55,29.06,1891621.0,19608744.0
2012-11-14,29.26,29.66,29.52,29.26,1227145.0,12677223.0
2012-11-13,30.74,30.74,29.52,29.46,2359663.0,24848340.0
2012-11-12,31.2,31.51,30.89,30.43,2301575.0,24947184.0
2012-11-09,31.06,31.57,31.28,30.83,1655607.0,18119356.0
2012-11-08,31.57,32.05,31.4,31.2,1825793.0,20264596.0
2012-11-07,32.42,32.42,31.94,31.82,2105152.0,23645424.0
2012-11-06,32.31,32.54,32.4,31.82,1928257.0,21819816.0
2012-11-05,32.11,32.45,32.37,31.91,1924817.0,21712646.0
2012-11-02,33.02,33.02,32.34,31.94,4059671.0,46146064.0
2012-11-01,32.91,33.16,33.05,32.65,3725856.0,43019080.0
2012-10-31,32.91,33.14,32.88,32.34,2148291.0,24660040.0
2012-10-30,32.57,33.28,32.65,32.45,2181643.0,25207816.0
2012-10-29,32.17,32.65,32.48,31.63,1580484.0,17947994.0
2012-10-26,32.94,33.05,32.17,32.14,2087079.0,23756388.0
2012-10-25,32.85,33.11,32.88,32.54,1880093.0,21648796.0
2012-10-24,33.45,33.91,32.85,32.48,5715262.0,66336232.0
2012-10-23,35.39,35.39,33.82,33.76,8564300.0,103431584.0
2012-10-22,33.93,35.67,35.53,33.91,4924577.0,60178192.0
2012-10-19,34.42,34.53,34.28,33.99,2294317.0,27561444.0
2012-10-18,34.36,34.82,34.5,33.82,5448479.0,65504276.0
2012-10-17,34.42,35.02,34.36,34.08,3844808.0,46530052.0
2012-10-16,33.05,35.22,34.25,33.05,8686409.0,104970800.0
2012-10-15,32.42,33.34,33.05,32.37,2794607.0,32323756.0
2012-10-12,32.88,33.42,32.42,32.25,2057724.0,23651876.0
2012-10-11,33.02,33.79,32.88,32.77,3745185.0,43789136.0
2012-10-10,32.91,33.28,33.14,32.68,2237946.0,26002040.0
2012-10-09,32.08,33.22,32.97,32.08,4126240.0,47580112.0
2012-10-08,31.77,32.25,32.2,31.48,3173055.0,35545512.0
2012-09-28,30.29,31.91,31.74,30.14,5060408.0,55707412.0
2012-09-27,30.09,31.06,30.46,29.77,3648476.0,38962304.0
2012-09-26,31.2,31.2,30.14,30.03,1834630.0,19649314.0
2012-09-25,31.0,31.23,30.77,30.43,3699618.0,40178528.0
2012-09-24,31.45,31.48,31.0,30.52,4158621.0,45324160.0
2012-09-21,32.71,33.05,31.51,31.34,4275831.0,48435440.0
2012-09-20,34.19,34.25,32.88,32.62,2781737.0,32535600.0
2012-09-19,33.28,34.33,34.28,33.28,2777595.0,33132484.0
2012-09-18,33.08,33.65,33.28,33.08,2097189.0,24592064.0
2012-09-17,34.08,34.48,33.25,33.14,3427848.0,40686792.0
2012-09-14,34.25,34.56,33.99,33.73,2056150.0,24641498.0
2012-09-13,35.27,35.33,34.08,34.05,3804634.0,46462200.0
2012-09-12,35.76,35.87,35.36,34.9,3451517.0,42695928.0
2012-09-11,35.27,35.73,35.5,35.1,3364550.0,41772456.0
2012-09-10,35.9,36.13,35.47,35.19,5794015.0,72060736.0
2012-09-07,34.79,36.5,35.9,34.76,6845715.0,85611408.0
2012-09-06,34.28,34.79,34.76,34.22,1505642.0,18257124.0
2012-09-05,34.3,34.62,34.3,33.68,1859871.0,22273104.0
2012-09-04,34.79,35.07,34.3,34.19,2385364.0,28969492.0
2012-09-03,33.36,34.9,34.76,33.19,2865018.0,34685132.0
2012-08-31,32.91,34.05,33.79,32.85,2472292.0,29046104.0
2012-08-30,34.67,34.93,33.05,32.42,5637191.0,66062496.0
2012-08-29,34.48,35.24,34.73,34.19,2704791.0,33024056.0
2012-08-28,34.05,35.05,34.62,33.99,3323552.0,40343616.0
2012-08-27,35.05,35.3,34.3,34.19,3239016.0,39455336.0
2012-08-24,36.19,36.55,35.5,35.47,3915764.0,49421192.0
2012-08-23,36.01,36.92,36.47,35.79,4761448.0,60688656.0
2012-08-22,36.75,37.24,36.1,36.04,6327908.0,81370392.0
2012-08-21,34.84,36.58,36.5,34.67,8467253.0,106852432.0
2012-08-20,34.76,34.9,34.76,33.99,3341740.0,40420028.0
2012-08-17,34.59,35.13,34.93,33.99,4169910.0,50675248.0
2012-08-16,34.19,34.96,34.9,33.56,5430854.0,64886936.0
2012-08-15,35.24,35.56,34.45,34.19,7997539.0,98188376.0
2012-08-14,35.47,35.73,34.96,33.65,8053635.0,97978832.0
2012-08-13,36.16,36.9,35.56,35.56,7148346.0,90634824.0
2012-08-10,36.75,37.32,36.61,36.13,5041622.0,65005400.0
2012-08-09,35.56,36.58,36.55,35.33,6318039.0,79886040.0
2012-08-08,35.3,35.79,35.39,34.93,3736360.0,46235956.0
2012-08-07,36.13,36.13,35.33,34.99,5599790.0,69781208.0
2012-08-06,35.87,36.73,36.21,35.64,5538371.0,70485760.0
2012-08-03,35.1,36.21,36.1,34.84,5563223.0,69545704.0
2012-08-02,34.13,35.39,35.02,33.91,7109776.0,87026960.0
2012-08-01,32.99,34.67,34.19,32.82,7871017.0,93550184.0
2012-07-31,33.05,33.68,33.31,32.11,6931265.0,80588272.0
2012-07-30,34.7,34.9,33.14,32.77,12218113.0,143419488.0
2012-07-27,36.07,36.41,34.76,34.08,9416360.0,114772400.0
2012-07-26,38.32,38.32,36.13,36.1,6001569.0,78631600.0
2012-07-25,39.03,39.03,38.24,37.75,3370835.0,45301512.0
2012-07-24,38.89,39.35,39.03,38.58,6588556.0,90046368.0
2012-07-23,37.32,39.15,39.06,37.18,4407157.0,59240492.0
2012-07-20,37.04,38.81,37.72,37.04,4755721.0,63622288.0
2012-07-19,37.78,38.35,37.32,37.1,4081186.0,54085980.0
2012-07-18,37.87,38.52,38.32,36.07,6866900.0,90246840.0
2012-07-17,37.84,38.46,38.29,35.9,6554111.0,85505776.0
2012-07-16,39.6,40.43,37.92,37.61,7584458.0,103789552.0
2012-07-13,39.18,39.89,39.75,38.92,4610442.0,63912384.0
2012-07-12,38.46,39.66,39.6,38.35,8284533.0,113476616.0
2012-07-11,36.21,39.01,38.95,35.93,7711327.0,102307976.0
2012-07-10,37.47,37.47,36.36,36.33,3644238.0,47044180.0
2012-07-09,36.44,38.15,37.47,36.44,7612584.0,100406032.0
2012-07-06,36.19,36.95,36.75,35.64,6613810.0,84505360.0
2012-07-05,34.76,35.93,35.62,34.76,4001513.0,49878752.0
2012-07-04,35.7,35.98,35.05,34.9,5407962.0,67212216.0
2012-07-03,36.47,37.1,35.62,35.27,6614715.0,83731976.0
2012-07-02,35.5,37.15,36.47,35.3,7147555.0,91483816.0
2012-06-29,34.48,35.33,35.3,34.28,5240309.0,64160596.0
2012-06-28,33.85,35.44,34.59,33.85,6520668.0,79178424.0
2012-06-27,32.91,34.53,33.68,32.91,5188396.0,62025672.0
2012-06-26,32.74,33.36,32.94,32.48,2729748.0,31603268.0
2012-06-25,33.34,34.08,33.14,32.71,2872622.0,33756092.0
2012-06-21,32.91,33.79,33.71,32.37,4276224.0,49520628.0
2012-06-20,34.33,34.42,33.42,33.19,3308510.0,39198948.0
2012-06-19,34.13,34.87,34.42,33.56,6268044.0,75401104.0
2012-06-18,33.45,34.1,34.08,33.22,3750910.0,44547728.0
2012-06-15,33.48,34.62,33.31,33.02,6709992.0,79792208.0
2012-06-14,33.62,33.85,33.31,32.91,7811919.0,91524720.0
2012-06-13,33.22,34.13,33.88,32.54,8494810.0,99807328.0
2012-06-11,31.68,33.39,33.02,31.34,7567641.0,86805632.0
2012-06-08,32.77,32.79,31.71,31.63,7464768.0,84264688.0
2012-06-07,32.2,32.94,32.48,32.2,8062041.0,92518768.0
2012-06-06,31.85,32.62,31.97,31.65,4738396.0,53381872.0
2012-06-05,31.43,32.91,31.91,31.43,8088400.0,91393528.0
2012-06-04,30.34,32.57,31.48,30.09,10831343.0,120527568.0
2012-06-01,30.69,31.26,31.03,30.52,5804237.0,62977264.0
2012-05-31,29.6,30.89,30.83,29.6,9016458.0,96626696.0
2012-05-30,29.38,30.2,29.55,29.23,3715588.0,38928224.0
2012-05-29,29.46,29.92,29.55,29.12,2697955.0,28022544.0
2012-05-28,29.09,29.6,29.52,28.43,3815184.0,38780088.0
2012-05-25,29.66,29.83,29.12,29.0,3536613.0,36401448.0
2012-05-24,30.94,31.4,29.8,29.35,6146766.0,65632068.0
2012-05-23,30.74,31.54,31.17,30.12,8601356.0,93745928.0
2012-05-22,29.8,30.77,30.6,29.52,4935088.0,52389704.0
2012-05-21,29.4,30.06,29.66,29.35,2723216.0,28360484.0
2012-05-18,28.8,30.06,29.57,28.8,4199715.0,43695016.0
2012-05-17,28.58,29.52,29.2,28.58,2858161.0,29223120.0
2012-05-16,29.09,29.2,28.63,28.58,6624770.0,67242296.0
2012-05-14,29.38,30.26,29.6,29.32,6835119.0,71490440.0
2012-05-11,29.2,29.69,29.2,29.0,2511721.0,25841696.0
2012-05-10,28.66,29.89,29.29,28.63,3092044.0,31869068.0
2012-05-09,29.29,29.29,28.83,28.61,4132022.0,41910352.0
2012-05-08,29.77,29.86,29.38,28.98,2705012.0,27839040.0
2012-05-07,29.26,30.34,29.66,29.06,5459904.0,57017932.0
2012-05-04,29.23,29.6,29.4,28.8,5275803.0,54189484.0
2012-05-03,28.29,29.97,29.52,28.18,8906121.0,91797232.0
2012-05-02,27.35,28.43,28.23,27.07,5372948.0,52692832.0
2012-04-27,26.84,27.38,26.87,26.78,1669657.0,15851997.0
2012-04-26,26.84,27.52,26.87,26.75,2086465.0,19852672.0
2012-04-25,26.78,27.3,26.84,26.36,4293254.0,40513052.0
2012-04-24,25.64,27.84,26.9,25.59,8077014.0,75262224.0
2012-04-23,25.84,26.16,25.81,25.44,3810755.0,34642744.0
2012-04-20,26.33,26.78,25.84,25.64,3886999.0,35561252.0
2012-04-19,26.24,26.33,26.3,25.79,1758535.0,16092443.0
2012-04-18,26.01,26.27,26.27,25.81,1598401.0,14658898.0
2012-04-17,25.73,26.47,25.96,25.73,2702518.0,24858622.0
2012-04-16,25.5,26.27,25.87,25.21,2377608.0,21589790.0
2012-04-13,25.36,25.73,25.64,25.3,2152486.0,19277124.0
2012-04-12,25.21,25.41,25.36,24.93,2790856.0,24708468.0
2012-04-11,24.9,25.3,25.02,24.53,1245345.0,10897929.0
2012-04-10,24.64,25.07,25.07,24.36,1476410.0,12803279.0
2012-04-09,25.36,25.5,24.93,24.82,1036705.0,9154755.0
2012-04-06,25.33,25.7,25.33,25.13,2461760.0,21932608.0
2012-04-05,24.79,25.53,25.5,24.33,4526778.0,39537364.0
2012-03-30,25.33,25.41,25.1,24.79,1052498.0,9261281.0
2012-03-29,25.64,25.64,25.1,25.07,1507245.0,13357023.0
2012-03-28,27.01,27.04,25.73,25.64,1972388.0,18157788.0
2012-03-27,27.61,28.06,27.18,27.07,1467107.0,14139152.0
2012-03-26,27.64,27.89,27.67,27.24,1523542.0,14745186.0
2012-03-23,28.15,28.21,27.89,27.32,2037457.0,19795824.0
2012-03-22,28.63,28.63,28.43,28.04,1510196.0,14980194.0
2012-03-21,28.52,28.78,28.49,27.98,1230038.0,12252604.0
2012-03-20,29.06,29.35,28.52,28.49,1581125.0,16034171.0
2012-03-19,28.95,29.55,29.52,28.78,2997803.0,30828686.0
2012-03-16,28.15,29.0,28.98,28.09,3384213.0,33945552.0
2012-03-15,27.86,28.26,28.01,27.07,2235754.0,21840124.0
2012-03-14,29.38,29.63,28.09,27.92,3861952.0,39027960.0
2012-03-13,29.66,29.75,29.38,29.12,3475079.0,35955884.0
2012-03-12,28.58,29.66,29.57,28.43,6525276.0,66871812.0
2012-03-09,28.52,28.55,28.52,28.12,2419581.0,24100152.0
2012-03-08,28.04,28.55,28.41,27.98,3210070.0,31820938.0
2012-03-07,28.29,28.41,28.01,27.84,3135064.0,30937280.0
2012-03-06,29.26,29.43,28.63,28.49,4084627.0,41222068.0
2012-03-05,29.89,30.32,29.57,29.26,14957639.0,155499696.0
2012-03-02,28.58,31.0,30.0,28.35,8665145.0,88968384.0
2012-03-01,29.0,29.0,28.55,28.35,7112874.0,71454128.0
2012-02-29,28.12,29.8,29.29,27.81,8873747.0,89159872.0
2012-02-28,28.21,28.32,28.18,27.61,2125443.0,20816820.0
2012-02-27,27.95,28.75,28.32,27.89,3321815.0,32980660.0
2012-02-24,27.1,28.09,28.07,27.1,3733967.0,36291800.0
2012-02-23,27.58,27.58,27.24,26.93,1995695.0,19024104.0
2012-02-22,27.01,27.35,27.32,26.98,2505078.0,23900402.0
2012-02-21,26.55,27.21,27.15,26.18,4071991.0,38184820.0
2012-02-20,26.58,26.9,26.64,26.41,2233923.0,20862908.0
2012-02-17,26.55,26.67,26.33,26.21,1492472.0,13827396.0
2012-02-16,26.53,26.7,26.55,26.36,2285785.0,21279952.0
2012-02-15,26.16,26.58,26.55,25.84,2596966.0,23968476.0
2012-02-14,26.21,26.33,26.13,25.87,1377403.0,12588727.0
2012-02-13,25.96,26.41,26.3,25.64,1974028.0,18107246.0
2012-02-10,26.18,26.38,26.04,25.93,1762184.0,16152747.0
2012-02-09,26.07,26.33,26.21,25.79,2362768.0,21624202.0
2012-02-08,25.19,25.98,25.93,25.19,1302985.0,11783237.0
2012-02-07,25.93,26.07,25.44,25.24,1129800.0,10149885.0
2012-02-06,25.64,26.24,25.84,25.44,2052697.0,18684548.0
2012-02-03,25.24,26.13,25.73,25.1,2474988.0,22259836.0
2012-02-02,24.9,25.24,25.24,24.79,655403.0,5762680.0
2012-02-01,24.79,25.07,24.79,24.64,759398.0,6614127.0
2012-01-31,25.07,25.33,24.9,24.25,687051.0,5963710.0
2012-01-30,25.41,25.41,25.1,25.04,828456.0,7325509.0
2012-01-20,24.65,25.67,25.36,24.65,2247241.0,19945220.0
2012-01-19,24.33,24.73,24.65,24.27,1503534.0,12948324.0
2012-01-18,25.27,25.67,24.45,24.22,2461488.0,21483516.0
2012-01-17,24.27,25.73,25.27,24.05,2279374.0,19915840.0
2012-01-16,25.33,25.41,24.27,24.22,1777446.0,15492283.0
2012-01-13,27.01,27.01,25.47,25.41,1547569.0,14028636.0
2012-01-12,26.75,27.21,26.84,26.73,878943.0,8295685.0
2012-01-11,27.44,27.44,27.01,26.73,1118803.0,10642528.0
2012-01-10,26.67,27.38,27.35,26.36,2173767.0,20572160.0
2012-01-09,26.21,26.67,26.64,25.67,1118685.0,10347945.0
2012-01-06,25.24,26.3,26.1,24.79,1003795.0,8978260.0
2012-01-05,26.38,26.38,25.36,24.84,1807029.0,16112412.0
2012-01-04,26.93,27.12,26.36,26.3,573403.0,5404810.0
