date,open,high,close,low,volume,amount
2015-07-10,58.48,62.97,62.97,57.73,151363344.0,877889472.0
2015-07-09,51.96,57.2,57.2,51.96,115149832.0,595481856.0
2015-07-08,51.96,54.84,51.96,51.96,89315288.0,441583360.0
2015-07-07,53.45,58.26,57.73,50.25,146820064.0,749438912.0
2015-07-06,59.44,59.55,55.8,51.21,109247632.0,568545216.0
2015-07-03,59.01,60.72,54.09,53.99,89983264.0,475251872.0
2015-07-02,64.25,65.75,59.97,58.69,83832432.0,490304736.0
2015-07-01,67.03,69.17,64.25,63.93,100976632.0,632181184.0
2015-06-30,63.08,67.56,67.35,57.52,121323008.0,718125248.0
2015-06-29,69.17,70.24,63.08,60.19,128303784.0,781644928.0
2015-06-26,72.7,72.91,66.71,66.71,122073920.0,791169088.0
2015-06-25,76.97,77.72,74.09,71.52,120835096.0,858615232.0
2015-06-24,74.41,77.61,77.51,74.41,135090384.0,964154560.0
2015-06-23,73.44,75.37,74.09,66.07,124752880.0,828930176.0
2015-06-19,79.11,80.18,73.44,73.12,126762256.0,909696064.0
2015-06-18,80.18,84.99,81.25,78.79,222998656.0,1726452352.0
2015-06-17,75.9,80.39,80.07,74.3,134367488.0,977432128.0
2015-06-16,81.25,81.25,76.76,75.9,136888864.0,1004388672.0
2015-06-15,81.03,83.81,81.68,79.0,260949792.0,1995550976.0
2015-06-12,76.76,84.03,81.03,76.76,331159008.0,2513410304.0
2015-06-11,77.19,77.61,76.76,75.9,99210960.0,709628480.0
2015-06-10,76.33,78.47,76.87,74.62,111660688.0,802012096.0
2015-06-09,78.79,78.79,76.97,76.22,121437224.0,877143360.0
2015-06-08,76.97,79.64,79.11,74.83,216346016.0,1567873664.0
2015-06-05,76.22,78.58,76.97,75.69,167904768.0,1210435968.0
2015-06-04,77.19,77.19,76.01,70.02,138647632.0,968342144.0
2015-06-03,79.86,80.07,77.29,75.37,178186640.0,1284311168.0
2015-06-02,78.04,82.1,79.75,76.97,355527424.0,2649743616.0
2015-06-01,69.38,75.9,75.9,68.74,207811312.0,1417690112.0
2015-05-29,67.89,69.6,68.95,62.86,144567536.0,911977920.0
2015-05-28,75.48,75.8,68.31,67.99,218997008.0,1489538944.0
2015-05-27,73.34,77.72,75.37,73.12,244728608.0,1731842944.0
2015-05-26,73.77,74.51,73.34,70.34,239982656.0,1633704320.0
2015-05-25,69.17,74.83,73.23,69.17,248547232.0,1685852544.0
2015-05-22,69.17,69.38,69.17,67.46,162515904.0,1041039104.0
2015-05-21,64.89,69.49,69.17,64.47,179791728.0,1136527360.0
2015-05-20,65.53,66.28,65.0,64.25,123990568.0,758427648.0
2015-05-19,63.5,65.75,65.21,62.65,98480488.0,595575232.0
2015-05-18,62.01,63.82,62.33,61.36,51443528.0,301725696.0
2015-05-15,64.47,64.57,62.22,62.01,74199184.0,435116480.0
2015-05-14,64.68,65.53,64.78,64.14,75834784.0,458234176.0
2015-05-13,64.89,67.78,66.07,63.72,123632960.0,758933632.0
2015-05-12,64.25,65.32,64.78,63.61,99705688.0,600443392.0
2015-05-11,62.01,64.04,63.93,61.26,80440984.0,472574560.0
2015-05-08,59.55,61.26,61.26,59.23,79822480.0,450203296.0
2015-05-07,62.54,62.54,59.01,58.8,91719904.0,516394816.0
2015-05-06,65.85,67.03,63.08,61.47,94755008.0,574299648.0
2015-05-05,69.81,69.81,65.96,65.21,99828200.0,633676864.0
2015-05-04,69.49,70.45,70.02,68.42,75717704.0,493237632.0
2015-04-30,71.52,71.84,69.49,69.38,99295480.0,650158784.0
2015-04-29,68.74,73.02,71.41,67.56,112404000.0,742168832.0
2015-04-28,73.87,73.87,69.7,69.6,166683216.0,1109497984.0
2015-04-27,73.34,75.69,73.98,72.8,179773344.0,1247560448.0
2015-04-24,72.38,75.37,73.44,71.09,179467696.0,1230021888.0
2015-04-23,71.41,75.9,73.34,70.77,234931856.0,1616765824.0
2015-04-22,70.56,71.84,71.41,69.28,200185184.0,1329310080.0
2015-04-21,69.92,72.06,70.56,68.1,175408736.0,1143100800.0
2015-04-20,69.28,74.3,70.99,67.35,326062176.0,2173332736.0
2015-04-17,65.75,71.63,69.28,65.75,299047904.0,1921876224.0
2015-04-16,64.14,66.92,65.64,60.94,181428240.0,1095494656.0
2015-04-15,70.34,71.95,66.39,65.75,370242880.0,2381404416.0
2015-04-14,62.22,68.53,68.53,61.26,235497744.0,1462229248.0
2015-04-13,60.83,63.4,62.33,60.62,191378784.0,1110081536.0
2015-04-10,59.55,60.72,60.19,58.91,91591720.0,514548128.0
2015-04-09,61.36,62.11,59.55,58.26,133944112.0,747801856.0
2015-04-08,62.65,63.18,61.47,60.94,140684368.0,813197824.0
2015-04-07,61.04,62.65,62.54,60.72,191752592.0,1110635648.0
2015-04-03,59.97,61.47,61.04,59.44,142055952.0,804998464.0
2015-04-02,60.08,60.62,60.19,59.44,96118832.0,539047808.0
2015-04-01,59.65,60.4,60.19,59.44,94473864.0,529047392.0
2015-03-31,61.47,62.01,60.19,59.87,131993400.0,748813184.0
2015-03-30,60.08,62.54,61.47,60.08,160815776.0,925743232.0
2015-03-27,59.12,60.94,59.65,59.12,79292536.0,444230720.0
2015-03-26,60.51,60.94,59.44,58.8,113848320.0,635169920.0
2015-03-25,61.58,63.5,60.83,60.3,225412336.0,1304123008.0
2015-03-24,58.8,62.43,61.69,57.2,305830464.0,1708908672.0
2015-03-23,56.66,60.4,59.55,56.66,266380736.0,1454939904.0
2015-03-20,59.87,60.4,59.55,59.12,119233224.0,663794240.0
2015-03-19,59.65,62.43,60.19,59.01,224068432.0,1263424896.0
2015-03-18,57.73,62.01,60.72,56.77,255965616.0,1419267072.0
2015-03-17,56.02,58.69,57.41,55.7,164408752.0,881718400.0
2015-03-16,55.38,56.13,55.91,54.95,86448256.0,450649728.0
2015-03-13,54.63,56.02,55.16,54.31,57290816.0,294817088.0
2015-03-12,54.52,54.95,54.74,53.77,55182580.0,280423968.0
2015-03-11,55.38,56.13,54.52,54.31,69670320.0,358299200.0
2015-03-10,55.7,57.09,55.7,54.84,85904240.0,448230496.0
2015-03-09,54.52,55.16,55.06,53.45,65063576.0,331448384.0
2015-03-06,54.41,55.38,54.41,54.09,72171176.0,369276384.0
2015-03-05,56.34,57.62,54.52,54.09,150084464.0,780499136.0
2015-03-04,56.55,58.16,56.87,55.91,215500800.0,1147411840.0
2015-03-03,52.6,58.91,58.16,52.6,334833408.0,1813728128.0
2015-03-02,53.35,53.67,53.56,52.49,72475768.0,359495712.0
2015-02-27,53.67,54.41,53.35,52.6,96593280.0,483388512.0
2015-02-26,51.85,53.45,53.45,51.31,77704856.0,380039008.0
2015-02-25,51.31,52.49,51.64,50.78,46141804.0,223199088.0
2015-02-17,50.46,51.31,51.21,50.14,34285948.0,162665712.0
2015-02-16,49.82,50.57,50.25,49.82,23986918.0,112725128.0
2015-02-13,49.28,50.14,49.82,49.28,29480992.0,137402240.0
2015-02-12,49.28,50.25,49.5,48.32,30211876.0,138923088.0
2015-02-11,49.18,49.39,49.28,48.96,18177994.0,83582592.0
2015-02-10,48.86,49.28,49.07,48.64,20730404.0,94888920.0
2015-02-09,48.75,49.5,48.64,48.64,21785024.0,99647352.0
2015-02-06,49.39,50.14,48.64,48.22,34304172.0,157348544.0
2015-02-05,51.64,51.64,50.03,49.92,28968288.0,136936496.0
2015-02-04,50.89,51.53,50.57,50.46,27648420.0,131672504.0
2015-02-03,50.46,50.99,50.89,50.14,27887432.0,131876368.0
2015-02-02,50.89,50.89,50.25,49.82,38689272.0,182181376.0
2015-01-30,52.6,53.45,51.42,51.31,41690992.0,203865520.0
2015-01-29,53.56,54.2,52.6,52.38,69224264.0,344630848.0
2015-01-28,53.24,54.95,54.2,52.7,118041984.0,597112384.0
2015-01-27,52.38,55.16,53.77,50.67,125582280.0,624091584.0
2015-01-26,51.74,52.28,52.17,51.31,47877112.0,231681872.0
2015-01-23,52.28,52.92,51.96,51.53,76498552.0,373911904.0
2015-01-22,51.21,52.92,52.17,50.78,78114992.0,378586816.0
2015-01-21,50.35,51.42,51.42,49.71,59692300.0,283876320.0
2015-01-20,48.11,50.78,50.35,48.11,58400200.0,272808384.0
2015-01-19,50.35,51.31,48.11,46.72,74479424.0,344501664.0
2015-01-16,51.96,51.96,51.74,51.1,45648088.0,220017584.0
2015-01-15,50.78,52.81,52.06,50.25,43997352.0,212519152.0
2015-01-14,51.85,52.17,50.78,50.25,49484396.0,235309088.0
2015-01-13,51.96,53.13,51.85,51.21,51581344.0,251194976.0
2015-01-12,54.31,54.41,52.17,51.74,91428624.0,452231136.0
2015-01-09,55.06,58.16,55.38,54.52,164811312.0,873832000.0
2015-01-08,53.24,58.26,56.02,52.49,174990496.0,913278848.0
2015-01-07,52.92,54.31,54.09,52.06,66833832.0,330266976.0
2015-01-06,52.06,54.74,53.35,51.31,88918032.0,445042496.0
2015-01-05,50.78,52.38,52.06,50.78,65170960.0,314817728.0
2014-12-31,50.14,51.1,50.78,49.71,46493104.0,219210336.0
2014-12-30,52.17,52.28,50.14,50.03,68251776.0,323132224.0
2014-12-29,53.77,53.77,52.28,51.96,79554832.0,391533888.0
2014-12-26,53.45,54.41,53.77,52.38,90613424.0,452457344.0
2014-12-25,52.17,54.31,53.45,52.17,75345184.0,376223392.0
2014-12-24,51.21,52.92,51.96,51.21,51955672.0,252545600.0
2014-12-23,52.49,53.88,51.21,49.71,76238688.0,369758016.0
2014-12-22,57.73,57.73,53.13,52.38,184948896.0,941395328.0
2014-12-19,57.09,60.83,58.16,56.98,168964896.0,931637760.0
2014-12-18,57.73,59.01,57.41,56.66,113866320.0,613352192.0
2014-12-17,58.48,61.36,58.48,56.87,175011312.0,968826496.0
2014-12-16,57.62,60.19,59.33,56.02,195174560.0,1060603968.0
2014-12-15,59.44,60.72,57.94,57.09,156345984.0,851648320.0
2014-12-12,61.04,62.65,59.44,58.8,226601264.0,1263378944.0
2014-12-11,61.47,66.28,62.11,59.12,427839840.0,2533638144.0
2014-12-10,56.77,61.04,61.04,52.7,549941568.0,2964457216.0
2014-12-09,50.89,55.48,55.48,49.71,393416768.0,1987416960.0
2014-12-08,47.68,51.21,50.46,47.68,168955888.0,793974592.0
2014-12-05,49.6,49.6,48.22,46.18,103905656.0,470837216.0
2014-12-04,49.07,50.25,49.92,48.64,122641512.0,568995712.0
2014-12-03,49.07,49.39,49.07,48.53,83084360.0,379533248.0
2014-12-02,48.64,49.6,49.07,48.32,63561852.0,292019552.0
2014-12-01,49.71,49.71,48.75,48.64,70785808.0,324777664.0
2014-11-28,49.71,50.25,49.71,49.39,68481696.0,318845984.0
2014-11-27,49.6,50.25,49.71,49.28,63379136.0,294390624.0
2014-11-26,50.03,50.35,49.71,49.39,65067216.0,302290880.0
2014-11-25,49.39,51.21,50.35,48.96,116699728.0,545656320.0
2014-11-24,49.82,50.03,49.5,48.96,61644860.0,285023328.0
2014-11-21,49.28,49.71,49.39,48.96,38356912.0,176643456.0
2014-11-20,49.82,50.03,49.5,48.96,45773128.0,211162960.0
2014-11-19,49.82,51.21,50.03,48.96,76548816.0,359912352.0
2014-11-18,49.6,50.25,49.71,49.28,39901020.0,185279680.0
2014-11-17,48.64,50.67,49.5,48.64,61979984.0,286492160.0
2014-11-14,48.96,49.07,48.53,47.68,44378152.0,200361264.0
2014-11-13,50.14,50.14,48.86,48.53,60033400.0,275331872.0
2014-11-12,49.07,50.78,50.14,48.32,53436540.0,249401968.0
2014-11-11,52.7,52.7,49.82,49.18,121733104.0,576312832.0
2014-11-10,49.92,52.92,52.28,49.71,141259840.0,684783296.0
2014-11-07,51.42,51.85,50.03,50.03,79508472.0,377796160.0
2014-11-06,51.1,51.74,51.31,50.57,73204624.0,349575520.0
2014-11-05,52.06,53.24,51.42,50.57,125791064.0,607905472.0
2014-11-04,53.88,55.38,52.6,52.38,206455200.0,1034471232.0
2014-11-03,51.74,55.48,53.88,50.99,287773472.0,1433618432.0
2014-10-31,51.53,52.28,51.64,49.28,172210720.0,821552704.0
2014-10-30,48.64,52.92,51.31,48.32,205014208.0,982355840.0
2014-10-29,47.68,50.78,49.28,47.04,130461840.0,601015104.0
2014-10-28,46.5,47.57,47.47,46.18,60792120.0,267874512.0
2014-10-27,47.04,47.79,46.61,46.08,50891284.0,222067840.0
2014-10-24,46.72,48.43,47.47,46.4,64824620.0,287403968.0
2014-10-23,48.33,49.18,47.15,46.93,101187088.0,449977152.0
2014-10-22,49.72,51.54,49.4,48.43,116177600.0,540884864.0
2014-10-21,50.15,53.36,51.11,49.93,281651328.0,1365785984.0
2014-10-20,45.11,49.61,49.61,44.47,181648080.0,822511744.0
2014-10-17,47.04,47.04,45.11,43.29,96743760.0,407168704.0
2014-10-16,49.29,49.4,47.25,47.15,90359120.0,405705856.0
2014-10-15,49.93,50.04,49.61,49.29,53048416.0,245026704.0
2014-10-14,49.72,50.9,50.15,49.29,62325948.0,292379296.0
2014-10-13,50.36,50.47,49.83,49.29,62469492.0,289962336.0
2014-10-10,51.11,51.43,50.68,50.47,66513768.0,314938272.0
2014-10-09,51.86,51.86,51.43,51.01,83805584.0,401631520.0
2014-10-08,51.22,52.72,51.97,50.9,98777272.0,477064672.0
2014-09-30,51.65,51.97,51.22,50.58,77613472.0,370113920.0
2014-09-29,51.76,52.4,51.65,51.54,69050400.0,333738112.0
2014-09-26,52.08,52.4,51.86,51.54,88182792.0,426906432.0
2014-09-25,51.97,54.65,52.72,51.43,203442912.0,1005317888.0
2014-09-24,52.29,52.72,52.08,51.22,131347920.0,634299904.0
2014-09-23,51.43,54.33,52.61,51.01,165297728.0,815426688.0
2014-09-22,50.68,52.51,51.86,49.72,128679624.0,619336896.0
2014-09-19,51.43,51.97,50.9,50.47,97028136.0,461611904.0
2014-09-18,51.97,53.47,51.86,51.22,118142160.0,574923392.0
2014-09-17,51.33,54.54,53.04,47.25,228422240.0,1098384000.0
2014-09-16,54.22,55.18,51.65,51.54,219640000.0,1091560576.0
2014-09-15,54.33,57.65,55.08,53.9,289125536.0,1494127616.0
2014-09-12,51.43,56.58,55.4,49.61,404971200.0,2025126656.0
2014-09-11,51.97,53.79,51.86,50.9,184175120.0,898945152.0
2014-09-10,52.18,54.43,52.4,50.36,220737248.0,1074290176.0
2014-09-09,52.29,55.51,52.83,51.43,318346784.0,1592836864.0
2014-09-05,50.58,54.65,53.47,48.22,472305600.0,2306892032.0
2014-09-04,45.0,50.47,50.47,44.68,427039616.0,1906683520.0
2014-09-03,47.25,49.29,45.86,44.79,531176192.0,2337955328.0
2014-09-02,42.33,44.79,44.79,41.79,352901568.0,1449623168.0
2014-09-01,36.75,40.72,40.72,35.68,316458432.0,1151192320.0
2014-08-29,36.22,37.29,36.97,35.36,171902544.0,582280320.0
2014-08-28,39.43,40.08,36.86,36.33,288518240.0,1010668096.0
2014-08-27,39.65,44.36,40.4,38.36,390321568.0,1499446016.0
2014-08-26,39.0,41.68,41.36,37.93,478996448.0,1808972672.0
2014-08-25,34.83,37.93,37.93,33.97,367857408.0,1261036928.0
2014-08-22,31.82,34.5,34.5,30.22,347354304.0,1082389760.0
2014-08-21,30.97,31.4,31.4,28.93,475145216.0,1337121152.0
2014-08-20,26.04,28.5,28.5,25.93,217405616.0,570779392.0
2014-08-19,26.14,26.14,25.93,25.82,49162720.0,118802672.0
2014-08-18,26.04,26.25,26.14,25.93,54638344.0,132704672.0
2014-08-15,26.14,26.14,26.04,25.82,51224608.0,123929584.0
2014-08-14,25.5,26.25,26.14,25.39,119483136.0,289714944.0
2014-08-13,25.61,25.72,25.5,25.29,38764272.0,92089176.0
2014-08-12,25.61,25.72,25.61,25.39,36370700.0,86661536.0
2014-08-11,25.5,25.72,25.72,25.39,34772344.0,83113208.0
2014-08-08,25.61,25.72,25.5,25.29,53013220.0,125981488.0
2014-08-07,25.93,26.04,25.72,25.72,41663604.0,100281304.0
2014-08-06,25.93,26.04,25.93,25.72,48019072.0,115969408.0
2014-08-05,25.93,26.25,26.04,25.61,71306104.0,172352336.0
2014-08-04,25.72,26.04,25.93,25.61,55852684.0,134827136.0
2014-08-01,26.04,26.57,25.82,25.72,96602080.0,235829216.0
2014-07-31,25.82,26.14,25.82,25.61,61319372.0,147652064.0
2014-07-30,25.82,26.57,26.14,25.5,108380464.0,263473888.0
2014-07-29,25.29,26.14,25.93,25.18,93114640.0,223093024.0
2014-07-28,24.97,25.61,25.39,24.86,71525944.0,168409632.0
2014-07-25,24.75,24.97,24.97,24.54,35658096.0,82191120.0
2014-07-24,24.86,24.97,24.75,24.64,48551520.0,112107080.0
2014-07-23,24.97,25.39,24.97,24.75,54686264.0,127687328.0
2014-07-22,24.86,25.18,25.07,24.75,28699240.0,67013712.0
2014-07-21,25.18,25.39,24.97,24.86,36688396.0,85683712.0
2014-07-18,25.39,25.39,25.29,25.18,32674324.0,77109888.0
2014-07-17,25.39,25.61,25.5,25.29,36833668.0,87380128.0
2014-07-16,25.39,26.14,25.61,25.18,62468868.0,149955440.0
2014-07-15,25.61,25.61,25.39,25.18,47871224.0,113270600.0
2014-07-14,25.61,25.72,25.61,25.18,50763168.0,120527840.0
2014-07-11,25.72,25.93,25.72,25.5,43921140.0,105512752.0
2014-07-10,26.04,26.36,25.82,25.72,56066904.0,135596192.0
2014-07-09,26.14,26.79,26.14,25.61,86991424.0,212492640.0
2014-07-08,26.25,26.36,26.14,25.5,70905872.0,171129584.0
2014-07-07,26.57,27.0,26.25,26.04,103291568.0,253515904.0
2014-07-04,28.93,28.93,27.11,26.57,259634080.0,662594240.0
2014-07-03,25.72,28.5,28.5,25.29,344104224.0,896460160.0
2014-07-02,25.29,26.47,25.93,24.75,165923904.0,396956992.0
2014-07-01,24.97,25.93,25.5,24.54,126349592.0,296788896.0
2014-06-30,24.86,25.07,24.97,24.54,63175580.0,146183968.0
2014-06-27,25.5,25.72,25.07,24.75,103500368.0,242446512.0
2014-06-26,24.64,25.93,25.39,24.32,118679056.0,279509888.0
2014-06-25,25.61,25.61,24.75,24.43,90650304.0,209972448.0
2014-06-24,25.5,26.04,25.61,25.18,81135408.0,193428064.0
2014-06-23,25.61,26.68,25.82,25.07,108907040.0,263514224.0
2014-06-20,24.11,26.47,25.93,23.25,161516512.0,381158592.0
2014-06-19,25.93,26.04,24.54,23.79,170475408.0,395246784.0
2014-06-18,26.79,27.64,26.36,26.25,189649616.0,471812096.0
2014-06-17,29.14,30.43,27.75,26.25,394290784.0,1041175232.0
2014-06-16,26.57,29.15,29.15,26.14,77511304.0,205112224.0
2014-06-13,27.84,28.31,26.63,25.66,134246320.0,1067281728.0
2014-06-12,25.83,26.33,26.33,25.26,40818704.0,318775264.0
2014-06-11,22.98,23.95,23.95,22.74,43933372.0,308661248.0
2014-06-10,20.63,21.77,21.77,20.63,55709240.0,356774432.0
2014-06-09,19.99,20.13,19.79,19.62,17454820.0,103327032.0
2014-06-06,20.33,20.53,20.09,19.93,25296998.0,152576800.0
2014-06-05,20.7,20.86,20.46,20.16,32590704.0,198830944.0
2014-06-04,19.82,21.07,20.9,19.82,60382488.0,367734688.0
2014-06-03,19.12,20.09,20.06,19.02,32441644.0,189663936.0
2014-05-30,19.45,19.62,19.29,19.15,29461952.0,169829856.0
2014-05-29,19.79,20.23,19.56,19.52,31544914.0,186778128.0
2014-05-28,19.66,19.96,19.79,19.45,25315672.0,148736768.0
2014-05-27,19.79,20.06,19.79,19.42,26108484.0,153781056.0
2014-05-26,19.62,20.09,19.96,19.45,34141324.0,201269664.0
2014-05-23,20.19,20.53,19.59,19.45,60527108.0,360069856.0
2014-05-22,21.17,21.43,20.39,20.19,64125592.0,393430176.0
2014-05-19,21.77,22.37,21.47,21.17,57299144.0,370500288.0
2014-05-16,21.13,22.91,22.27,20.46,100201712.0,656603904.0
2014-05-15,20.83,21.47,20.83,20.06,60817040.0,374331616.0
2014-05-14,20.29,21.07,20.53,20.13,49723836.0,304724768.0
2014-05-13,20.29,20.9,20.56,19.82,58216388.0,351582016.0
2014-05-12,19.62,21.74,20.8,19.62,98938240.0,624069760.0
2014-05-09,20.39,20.96,19.76,19.59,63894272.0,385923168.0
2014-05-07,20.13,20.8,20.8,19.86,105717584.0,646592640.0
2014-05-06,17.78,18.92,18.92,17.64,35735800.0,196461744.0
2014-05-05,17.07,17.21,17.21,16.13,43995964.0,222170544.0
2014-04-28,15.63,15.63,15.63,15.63,38767948.0,180658640.0
2014-04-25,14.22,14.22,14.22,14.22,27061788.0,114741984.0
2014-04-24,12.51,13.05,12.91,12.48,15966765.0,61209256.0
2014-04-23,12.61,12.68,12.65,12.38,6772036.0,25391864.0
2014-04-22,12.01,12.65,12.61,12.01,12850805.0,47854424.0
2014-04-21,12.24,12.44,12.11,12.11,8537973.0,31288994.0
2014-04-18,11.97,12.38,12.28,11.91,11751231.0,42903336.0
2014-04-17,11.77,12.07,12.01,11.74,3249125.0,11556698.0
2014-04-16,11.71,11.81,11.77,11.67,1233546.0,4322308.0
2014-04-15,11.97,11.97,11.74,11.71,1668549.0,5884680.0
2014-04-14,11.91,12.01,11.97,11.81,2070143.0,7341545.0
2014-04-11,11.74,11.94,11.91,11.71,3768480.0,13318274.0
2014-04-10,11.77,11.81,11.77,11.67,2122834.0,7436717.0
2014-04-09,11.74,11.81,11.77,11.71,1663005.0,5820144.0
2014-04-08,11.67,11.84,11.77,11.64,2227388.0,7805265.0
2014-04-04,11.64,11.74,11.67,11.64,1221636.0,4251127.0
2014-04-03,11.87,11.87,11.61,11.57,1759285.0,6128992.0
2014-04-02,11.94,11.97,11.77,11.74,2116856.0,7471887.0
2014-04-01,11.71,11.97,11.94,11.67,2301493.0,8145433.0
2014-03-31,11.84,11.97,11.77,11.67,1965461.0,6887004.0
2014-03-28,11.67,11.94,11.87,11.64,3393497.0,11944331.0
2014-03-27,11.77,11.94,11.74,11.67,3049055.0,10766185.0
2014-03-26,12.08,12.14,11.84,11.71,3288397.0,11630004.0
2014-03-25,11.91,12.21,12.08,11.81,6488496.0,23174170.0
2014-03-24,11.87,12.24,11.97,11.81,8121345.0,29096940.0
2014-03-21,11.17,12.01,11.94,11.14,17149294.0,59902152.0
2014-03-20,11.17,11.44,11.3,11.14,6886751.0,23299664.0
2014-03-19,11.04,11.24,11.17,10.97,2225965.0,7358135.0
2014-03-18,10.97,11.07,11.04,10.9,1635782.0,5366188.0
2014-03-17,10.9,10.97,10.94,10.87,1066909.0,3469371.0
2014-03-14,10.8,10.94,10.87,10.8,1644451.0,5328612.0
2014-03-13,10.83,10.9,10.87,10.73,1244593.0,4018306.0
2014-03-12,10.73,10.87,10.8,10.7,1723870.0,5525198.0
2014-03-11,10.7,10.9,10.83,10.67,1831182.0,5906681.0
2014-03-10,11.04,11.07,10.73,10.7,2043141.0,6596205.0
2014-03-07,11.07,11.1,11.07,10.94,1714326.0,5630221.0
2014-03-06,10.94,11.1,11.07,10.94,1323150.0,4349297.0
2014-03-05,11.04,11.14,10.94,10.94,1615895.0,5310417.0
2014-03-04,11.1,11.1,11.1,10.97,1882894.0,6181921.0
2014-03-03,10.9,11.1,11.1,10.87,2334148.0,7647688.0
2014-02-28,10.77,10.94,10.94,10.73,1381686.0,4454944.0
2014-02-27,10.97,11.0,10.8,10.7,4143314.0,13381799.0
2014-02-26,10.9,11.0,10.97,10.83,1591921.0,5188065.0
2014-02-25,11.17,11.24,10.97,10.94,2672096.0,8853951.0
2014-02-24,11.54,11.54,11.17,11.07,3504920.0,11713581.0
2014-02-21,11.61,11.71,11.47,11.44,2198743.0,7583180.0
2014-02-20,11.57,11.84,11.71,11.51,5775629.0,20094584.0
2014-02-19,11.57,11.67,11.61,11.51,2386159.0,8228132.0
2014-02-18,11.67,11.71,11.57,11.47,2622011.0,9052853.0
2014-02-17,11.74,11.77,11.74,11.61,3376361.0,11750942.0
2014-02-14,11.57,11.74,11.74,11.57,2911393.0,10130964.0
2014-02-13,11.71,11.77,11.67,11.54,3621009.0,12602399.0
2014-02-12,11.54,11.71,11.64,11.51,4060906.0,14025064.0
2014-02-11,11.47,11.57,11.51,11.37,2492843.0,8523650.0
2014-02-10,11.1,11.47,11.47,11.1,3592919.0,12115832.0
2014-02-07,11.14,11.2,11.1,11.04,1439363.0,4764259.0
2014-01-30,11.1,11.2,11.14,11.04,1092045.0,3621028.0
2014-01-29,11.2,11.3,11.2,11.14,1024569.0,3425741.0
2014-01-28,11.14,11.34,11.2,11.1,1587027.0,5302476.0
2014-01-27,11.2,11.24,11.24,11.0,1798151.0,5961279.0
2014-01-24,11.1,11.2,11.2,11.0,1712455.0,5688060.0
2014-01-23,11.04,11.14,11.14,11.0,1149722.0,3798593.0
2014-01-22,10.87,11.1,11.1,10.83,1364842.0,4481744.0
2014-01-21,10.73,10.94,10.87,10.73,785741.0,2546215.0
2014-01-20,10.83,10.9,10.8,10.73,743599.0,2397016.0
2014-01-17,10.9,10.9,10.8,10.73,823109.0,2656969.0
2014-01-16,10.87,11.0,10.94,10.87,890549.0,2902624.0
2014-01-15,10.94,11.04,10.87,10.8,1130842.0,3679282.0
2014-01-14,10.83,11.0,10.97,10.8,1091983.0,3553587.0
2014-01-13,10.77,10.94,10.87,10.73,865001.0,2790610.0
2014-01-10,10.94,11.04,10.77,10.7,1741726.0,5626170.0
2014-01-09,11.04,11.17,10.94,10.9,1864812.0,6129908.0
2014-01-08,11.17,11.3,11.07,11.07,1345088.0,4473053.0
2014-01-07,11.14,11.3,11.17,11.1,983530.0,3276337.0
2014-01-06,11.54,11.54,11.17,11.04,2175809.0,7279951.0
2014-01-03,11.67,11.81,11.47,11.47,2058400.0,7105236.0
2014-01-02,11.84,11.84,11.71,11.57,1344026.0,4687593.0
2013-12-31,11.47,11.81,11.77,11.4,2586302.0,8964822.0
2013-12-30,11.54,11.54,11.51,11.4,1586298.0,5419362.0
2013-12-27,11.34,11.4,11.4,11.2,1224650.0,4131514.0
2013-12-26,11.44,11.44,11.24,11.2,1777484.0,5987336.0
2013-12-25,11.37,11.47,11.44,11.3,1712882.0,5813757.0
2013-12-24,11.3,11.44,11.37,11.3,1551710.0,5269200.0
2013-12-23,11.37,11.44,11.3,11.24,1400008.0,4725680.0
2013-12-20,11.51,11.54,11.4,11.3,1760697.0,5983716.0
2013-12-19,11.61,11.67,11.51,11.47,1425557.0,4910387.0
2013-12-18,11.61,11.67,11.61,11.51,1067284.0,3687810.0
2013-12-17,11.77,11.84,11.61,11.61,2203924.0,7703241.0
2013-12-16,11.87,11.97,11.81,11.74,2970084.0,10491945.0
2013-12-13,11.81,11.97,11.91,11.77,1890101.0,6683533.0
2013-12-12,11.81,11.91,11.87,11.74,2090633.0,7362722.0
2013-12-11,12.07,12.07,11.87,11.81,3240459.0,11490366.0
2013-12-10,12.08,12.14,12.08,11.94,3942099.0,14151833.0
2013-12-09,12.18,12.24,12.08,12.04,2875982.0,10384902.0
2013-12-06,12.08,12.34,12.14,12.08,3238705.0,11764043.0
2013-12-05,12.24,12.24,12.18,12.07,4404829.0,15939470.0
2013-12-04,11.84,12.34,12.24,11.84,9546520.0,34798420.0
2013-12-03,11.71,11.94,11.91,11.61,2839294.0,9988886.0
2013-12-02,11.91,12.07,11.71,11.51,5983582.0,21020976.0
2013-11-29,12.21,12.24,12.11,12.01,4530786.0,16354468.0
2013-11-28,11.97,12.21,12.14,11.91,6509261.0,23429676.0
2013-11-27,12.04,12.04,11.97,11.74,4888298.0,17329080.0
2013-11-26,12.14,12.41,11.97,11.94,8524077.0,30856592.0
2013-11-25,11.84,12.41,12.14,11.77,12112760.0,43992648.0
2013-11-22,11.84,12.04,11.87,11.71,3453764.0,12168113.0
2013-11-21,11.64,12.34,11.87,11.51,9655602.0,34449468.0
2013-11-20,11.61,11.74,11.67,11.44,2782785.0,9621800.0
2013-11-19,11.57,11.77,11.61,11.47,3338047.0,11562507.0
2013-11-18,11.34,11.57,11.54,11.3,2925796.0,9982286.0
2013-11-15,11.14,11.4,11.34,11.14,2346111.0,7897869.0
2013-11-14,11.14,11.2,11.14,11.04,1628499.0,5394617.0
2013-11-13,11.34,11.34,11.14,11.14,1793399.0,6000576.0
2013-11-12,11.24,11.37,11.3,11.17,2004162.0,6722826.0
2013-11-11,11.37,11.4,11.27,11.07,4062374.0,13546064.0
2013-11-08,11.1,11.71,11.51,11.1,7419895.0,25508938.0
2013-11-07,11.34,11.34,11.17,11.14,1461214.0,4885839.0
2013-11-06,11.47,11.54,11.34,11.24,1889725.0,6413521.0
2013-11-05,11.51,11.51,11.51,11.24,2137255.0,7244496.0
2013-11-04,11.44,11.61,11.47,11.4,1059008.0,3632936.0
2013-11-01,11.4,11.61,11.54,11.3,1920949.0,6590392.0
2013-10-31,11.61,11.64,11.47,11.4,2083677.0,7178846.0
2013-10-30,11.27,11.57,11.57,11.17,3337590.0,11354468.0
2013-10-29,11.64,11.67,11.34,11.07,4833571.0,16387927.0
2013-10-28,11.57,11.71,11.64,11.54,1306659.0,4525539.0
2013-10-25,11.87,11.91,11.64,11.57,2547500.0,8900071.0
2013-10-24,11.87,11.94,11.94,11.67,2832183.0,9969930.0
2013-10-23,12.21,12.24,11.77,11.74,3854339.0,13689135.0
2013-10-22,12.18,12.34,12.18,12.07,3740948.0,13618571.0
2013-10-21,12.11,12.21,12.18,11.91,4478433.0,16095060.0
2013-10-18,11.97,12.21,12.11,11.87,3034535.0,10935639.0
2013-10-17,11.94,12.14,11.97,11.91,2662518.0,9533017.0
2013-10-16,12.41,12.41,11.94,11.91,4851855.0,17540366.0
2013-10-15,12.51,12.71,12.51,12.14,6723218.0,24910104.0
2013-10-14,12.48,12.65,12.48,12.38,4211522.0,15658677.0
2013-10-11,12.24,12.58,12.51,12.08,5539529.0,20429260.0
2013-10-10,12.51,12.71,12.24,12.21,7782665.0,28805612.0
2013-10-09,12.07,13.02,12.78,12.07,15405052.0,58207480.0
2013-10-08,11.67,12.08,12.04,11.57,3215131.0,11425444.0
2013-09-30,11.54,11.71,11.67,11.47,1134671.0,3928793.0
2013-09-27,11.51,11.64,11.54,11.47,1800401.0,6198799.0
2013-09-26,11.87,11.97,11.51,11.51,3020740.0,10506835.0
2013-09-25,12.01,12.01,11.87,11.81,2822237.0,10038018.0
2013-09-24,12.04,12.21,12.08,11.81,4765058.0,17060876.0
2013-09-23,12.18,12.18,12.11,11.87,3109391.0,11158066.0
2013-09-18,11.91,12.14,12.04,11.81,2909787.0,10414094.0
2013-09-17,12.24,12.28,11.94,11.91,4236939.0,15215818.0
2013-09-16,12.24,12.65,12.34,12.14,6026102.0,22304424.0
2013-09-13,12.41,12.41,12.24,11.97,5456674.0,19815270.0
2013-09-12,12.51,12.65,12.41,12.24,6994564.0,25829852.0
2013-09-11,13.02,13.08,12.58,12.54,14145102.0,53556288.0
2013-09-10,12.31,13.12,12.98,12.14,23155120.0,88683712.0
2013-09-09,11.94,12.71,12.31,11.87,13525564.0,49679776.0
2013-09-06,11.74,12.14,11.87,11.64,5843554.0,20818202.0
2013-09-05,11.91,12.07,11.77,11.77,6150333.0,21784340.0
2013-09-04,11.57,12.31,12.11,11.57,12853046.0,46230828.0
2013-09-03,11.57,11.77,11.67,11.34,11045410.0,37987636.0
2013-09-02,13.35,13.35,11.77,11.74,25337642.0,91429864.0
2013-08-30,11.84,13.05,13.05,11.61,42036076.0,160551104.0
2013-08-29,11.44,12.01,11.87,11.2,14301754.0,50040772.0
2013-08-28,11.34,11.67,11.34,11.17,7096677.0,24093866.0
2013-08-27,11.07,11.34,11.34,10.94,5747905.0,19266006.0
2013-08-26,10.8,11.17,11.04,10.73,3553858.0,11630252.0
2013-08-23,10.67,10.8,10.77,10.57,1599012.0,5099997.0
2013-08-22,10.63,10.73,10.67,10.63,804371.0,2562528.0
2013-08-21,10.73,10.73,10.7,10.6,1128988.0,3588210.0
2013-08-20,10.8,10.83,10.7,10.63,1476449.0,4719967.0
2013-08-19,10.6,10.83,10.77,10.57,1557680.0,4979238.0
2013-08-16,10.73,11.04,10.7,10.63,2377466.0,7667981.0
2013-08-15,10.8,10.94,10.83,10.67,3289926.0,10581379.0
2013-08-14,10.73,11.44,10.9,10.7,6123043.0,20132582.0
2013-08-13,10.7,10.8,10.77,10.67,2222733.0,7109716.0
2013-08-12,10.53,10.73,10.7,10.46,2711640.0,8589046.0
2013-08-09,10.5,10.57,10.53,10.37,948649.0,2965813.0
2013-08-08,10.53,10.53,10.46,10.37,662944.0,2063088.0
2013-08-07,10.57,10.6,10.46,10.46,1151728.0,3609880.0
2013-08-06,10.5,10.57,10.53,10.43,1126655.0,3527871.0
2013-08-05,10.43,10.53,10.5,10.33,1269958.0,3957529.0
2013-08-02,10.43,10.46,10.37,10.33,953600.0,2954778.0
2013-08-01,10.3,10.43,10.4,10.26,1270068.0,3918964.0
2013-07-31,10.26,10.37,10.26,10.2,829100.0,2535836.0
2013-07-30,10.2,10.33,10.23,10.16,995728.0,3037919.0
2013-07-29,10.4,10.4,10.2,10.13,1761790.0,5384086.0
2013-07-26,10.43,10.53,10.46,10.37,879431.0,2740628.0
2013-07-25,10.53,10.57,10.46,10.43,990855.0,3098706.0
2013-07-24,10.6,10.6,10.5,10.4,1183439.0,3698380.0
2013-07-23,10.43,10.63,10.6,10.4,1718037.0,5402617.0
2013-07-22,10.53,10.53,10.43,10.33,1796222.0,5565144.0
2013-07-19,10.57,10.8,10.57,10.53,2267713.0,7193253.0
2013-07-18,10.63,11.27,10.83,10.63,5258847.0,17157104.0
2013-07-17,10.63,10.67,10.5,10.5,1384801.0,4370230.0
2013-07-16,10.57,10.63,10.63,10.46,1403125.0,4412112.0
2013-07-15,10.46,10.6,10.57,10.46,1083121.0,3401816.0
2013-07-12,10.63,10.63,10.5,10.4,1780375.0,5576663.0
2013-07-11,10.4,10.73,10.67,10.33,2310060.0,7301927.0
2013-07-10,10.16,10.4,10.4,10.13,1123076.0,3438084.0
2013-07-09,10.16,10.26,10.16,10.13,524649.0,1593956.0
2013-07-08,10.43,10.43,10.16,10.06,984162.0,2999212.0
2013-07-05,10.4,10.6,10.43,10.37,987963.0,3086458.0
2013-07-04,10.23,10.57,10.53,10.13,2032175.0,6332992.0
2013-07-03,10.57,10.57,10.37,10.26,1524062.0,4700218.0
2013-07-02,10.73,10.73,10.57,10.4,1598744.0,5008598.0
2013-07-01,10.3,10.63,10.63,10.26,1817580.0,5669585.0
2013-06-28,10.43,10.53,10.3,10.23,1595599.0,4922463.0
2013-06-27,10.23,10.63,10.43,10.23,2152529.0,6730235.0
2013-06-26,10.43,10.46,10.16,10.13,1757679.0,5375488.0
2013-06-25,10.6,10.67,10.4,9.83,2193031.0,6700474.0
2013-06-24,11.34,11.34,10.63,10.33,1626050.0,5274367.0
2013-06-21,11.27,11.34,11.3,11.1,1179015.0,3937810.0
2013-06-20,11.4,11.51,11.34,11.34,1522657.0,5184216.0
2013-06-19,11.36,11.42,11.39,10.99,1801159.0,6084360.0
2013-06-18,11.46,11.52,11.46,11.32,931239.0,3191950.0
2013-06-17,11.39,11.66,11.49,11.32,1112324.0,3834656.0
2013-06-14,11.36,11.46,11.42,11.22,1136439.0,3882354.0
2013-06-13,11.66,11.66,11.32,11.29,1632110.0,5581052.0
2013-06-07,11.82,11.82,11.72,11.62,1576838.0,5536807.0
2013-06-06,11.92,11.92,11.79,11.79,822706.0,2920523.0
2013-06-05,11.79,11.96,11.92,11.76,1479116.0,5255923.0
2013-06-04,12.02,12.06,11.82,11.82,1864892.0,6659431.0
2013-06-03,12.06,12.09,12.06,11.99,1212280.0,4384269.0
2013-05-31,12.12,12.19,12.09,12.02,2578220.0,9367729.0
2013-05-30,12.09,12.12,12.09,11.96,1818998.0,6569190.0
2013-05-29,12.09,12.09,12.09,11.99,2326846.0,8425164.0
2013-05-28,11.99,12.09,12.06,11.86,2415520.0,8688776.0
2013-05-27,12.02,12.02,11.99,11.86,1754491.0,6287887.0
2013-05-24,11.99,12.06,12.02,11.92,1169886.0,4209125.0
2013-05-23,12.02,12.12,11.92,11.89,1277409.0,4601407.0
2013-05-22,12.12,12.16,12.02,11.96,1512691.0,5457317.0
2013-05-21,11.99,12.19,12.12,11.99,2403935.0,8727401.0
2013-05-20,11.92,12.06,11.99,11.89,2624460.0,9438470.0
2013-05-17,11.76,11.92,11.89,11.69,1604062.0,5691857.0
2013-05-16,11.66,11.82,11.76,11.59,1779858.0,6259958.0
2013-05-15,11.66,11.72,11.66,11.59,681850.0,2386765.0
2013-05-14,11.76,11.76,11.66,11.62,847599.0,2969483.0
2013-05-13,11.72,11.79,11.76,11.69,713252.0,2515856.0
2013-05-10,11.69,11.82,11.79,11.62,1031992.0,3626783.0
2013-05-09,11.69,11.79,11.69,11.59,1246572.0,4363566.0
2013-05-08,11.79,11.86,11.72,11.69,951645.0,3358458.0
2013-05-07,11.82,11.86,11.79,11.66,812725.0,2879705.0
2013-05-06,11.69,11.86,11.82,11.69,1147067.0,4064700.0
2013-05-03,11.59,11.82,11.72,11.56,1045160.0,3679463.0
2013-05-02,11.49,11.66,11.56,11.46,886600.0,3086144.0
2013-04-26,11.56,11.62,11.46,11.42,1121384.0,3864031.0
2013-04-25,11.66,11.76,11.56,11.56,1123794.0,3930219.0
2013-04-24,11.62,11.76,11.72,11.52,1552490.0,5431218.0
2013-04-23,11.92,11.92,11.62,11.49,1866799.0,6542652.0
2013-04-22,11.89,11.92,11.92,11.82,1261392.0,4503742.0
2013-04-19,11.79,11.99,11.99,11.79,1374477.0,4911474.0
2013-04-18,11.76,11.82,11.79,11.69,656450.0,2314489.0
2013-04-17,11.72,11.82,11.79,11.72,551401.0,1947381.0
2013-04-16,11.72,11.79,11.79,11.66,640567.0,2259107.0
2013-04-15,11.86,11.99,11.72,11.72,856090.0,3037502.0
2013-04-12,11.92,12.02,11.92,11.86,540228.0,1936003.0
2013-04-11,12.02,12.12,11.92,11.89,710923.0,2562084.0
2013-04-10,11.99,12.09,12.02,11.96,525052.0,1896206.0
2013-04-09,11.92,12.09,12.06,11.92,1099040.0,3968715.0
2013-04-08,11.99,11.99,11.92,11.82,1119510.0,3991041.0
2013-04-03,12.06,12.12,12.02,11.99,857211.0,3098943.0
2013-04-02,12.22,12.22,12.06,11.99,1370591.0,4976218.0
2013-04-01,12.19,12.19,12.19,12.06,1081002.0,3938238.0
2013-03-29,12.19,12.32,12.19,12.09,1517372.0,5564041.0
2013-03-28,12.42,12.42,12.19,12.16,2001900.0,7357424.0
2013-03-27,12.46,12.49,12.42,12.36,1256937.0,4685440.0
2013-03-26,12.59,12.59,12.46,12.29,1840137.0,6862948.0
2013-03-25,12.42,12.59,12.56,12.42,1896612.0,7125849.0
2013-03-22,12.36,12.52,12.52,12.36,1622061.0,6057421.0
2013-03-21,12.46,12.46,12.42,12.36,1465490.0,5462629.0
2013-03-20,12.29,12.46,12.46,12.22,2075956.0,7708960.0
2013-03-19,12.22,12.32,12.26,12.09,1416134.0,5185429.0
2013-03-18,12.32,12.39,12.22,12.22,1487510.0,5490900.0
2013-03-15,12.29,12.52,12.32,12.26,1463179.0,5447990.0
2013-03-14,12.29,12.46,12.39,12.22,1571239.0,5818289.0
2013-03-13,12.46,12.46,12.36,12.19,1850949.0,6847367.0
2013-03-12,12.89,12.89,12.36,12.32,4053558.0,15314688.0
2013-03-11,12.89,13.02,12.86,12.72,5443816.0,21116354.0
2013-03-08,12.66,12.92,12.82,12.59,4391415.0,16861236.0
2013-03-07,12.66,12.76,12.66,12.49,3012877.0,11407358.0
2013-03-06,12.39,12.86,12.69,12.39,4651940.0,17703052.0
2013-03-05,12.32,12.49,12.42,12.32,1261542.0,4701509.0
2013-03-04,12.59,12.62,12.29,12.26,2680299.0,9978422.0
2013-03-01,12.52,12.76,12.62,12.46,3611231.0,13675294.0
2013-02-28,12.36,12.56,12.52,12.29,2017874.0,7533286.0
2013-02-27,12.29,12.39,12.32,12.26,1608531.0,5949550.0
2013-02-26,12.39,12.46,12.29,12.26,1875340.0,6963693.0
2013-02-25,12.39,12.46,12.39,12.36,1085790.0,4039394.0
2013-02-22,12.39,12.49,12.36,12.32,1444895.0,5381033.0
2013-02-21,12.62,12.62,12.42,12.32,3049183.0,11401252.0
2013-02-20,12.66,12.72,12.69,12.52,2366839.0,8959830.0
2013-02-19,12.79,12.82,12.66,12.59,2186169.0,8321792.0
2013-02-18,12.82,12.89,12.82,12.79,2229919.0,8583861.0
2013-02-08,12.69,12.86,12.82,12.69,2198048.0,8423528.0
2013-02-07,12.76,12.76,12.69,12.59,1887812.0,7194278.0
2013-02-06,12.86,12.86,12.79,12.76,2674061.0,10276028.0
2013-02-05,12.82,12.89,12.86,12.69,3245760.0,12456887.0
2013-02-04,12.66,12.86,12.86,12.66,5101548.0,19509636.0
2013-02-01,12.72,12.72,12.66,12.56,3708695.0,14062208.0
2013-01-31,12.79,12.82,12.66,12.62,4983960.0,18999380.0
2013-01-30,12.46,12.82,12.69,12.32,5373043.0,20270624.0
2013-01-29,12.36,12.46,12.46,12.29,3160059.0,11742458.0
2013-01-28,12.22,12.39,12.36,12.06,3655084.0,13410790.0
2013-01-25,12.36,12.36,12.22,12.16,2228822.0,8182203.0
2013-01-24,12.59,12.69,12.39,12.32,4028113.0,15121937.0
2013-01-23,12.62,12.72,12.62,12.46,3377193.0,12748597.0
2013-01-22,12.59,12.89,12.69,12.46,9196593.0,35105192.0
2013-01-21,12.46,12.76,12.59,12.46,4185545.0,15817587.0
2013-01-18,12.36,12.46,12.46,12.32,2320327.0,8626705.0
2013-01-17,12.42,12.46,12.32,12.29,2839994.0,10523109.0
2013-01-16,12.49,12.56,12.42,12.32,3240101.0,12106903.0
2013-01-15,12.42,12.52,12.52,12.36,4662988.0,17398732.0
2013-01-14,12.09,12.42,12.36,12.02,3085875.0,11364284.0
2013-01-11,12.42,12.42,12.09,12.06,2488370.0,9124664.0
2013-01-10,12.32,12.42,12.39,12.29,2719086.0,10091319.0
2013-01-09,12.26,12.39,12.36,12.22,2492765.0,9217484.0
2013-01-08,12.26,12.39,12.32,12.19,2045007.0,7542753.0
2013-01-07,12.29,12.29,12.29,12.16,1629563.0,5987271.0
2013-01-04,12.29,12.46,12.29,12.22,2848593.0,10556772.0
2012-12-31,12.19,12.29,12.26,12.16,2059362.0,7560468.0
2012-12-28,12.12,12.19,12.19,12.06,1916676.0,6973329.0
2012-12-27,12.19,12.26,12.09,11.99,2627865.0,9561720.0
2012-12-26,12.12,12.22,12.19,12.09,1835508.0,6698269.0
2012-12-25,11.92,12.19,12.12,11.89,2849818.0,10333858.0
2012-12-24,11.86,11.96,11.89,11.86,862150.0,3077390.0
2012-12-21,11.92,12.02,11.92,11.89,1257136.0,4511919.0
2012-12-20,11.92,11.96,11.92,11.79,1578369.0,5621402.0
2012-12-19,11.96,12.02,11.96,11.92,1056116.0,3795131.0
2012-12-18,12.06,12.12,11.99,11.92,2344847.0,8443351.0
2012-12-17,11.92,12.16,12.06,11.92,2044050.0,7396889.0
2012-12-14,11.66,11.96,11.96,11.56,2861020.0,10199672.0
2012-12-13,11.66,11.72,11.59,11.56,700750.0,2448157.0
2012-12-12,11.69,11.76,11.76,11.59,1098047.0,3849010.0
2012-12-11,11.86,11.86,11.72,11.69,1124385.0,3970803.0
2012-12-10,11.89,11.99,11.86,11.76,1750080.0,6215261.0
2012-12-07,11.66,11.86,11.82,11.56,1836117.0,6472978.0
2012-12-06,11.66,11.89,11.69,11.62,1678292.0,5924127.0
2012-12-05,11.49,11.76,11.66,11.36,1537951.0,5369149.0
2012-12-04,11.19,11.42,11.42,11.09,1037566.0,3502502.0
2012-12-03,11.29,11.56,11.32,11.12,1013404.0,3456217.0
2012-11-30,11.22,11.36,11.29,10.99,789998.0,2674004.0
2012-11-29,11.32,11.39,11.26,11.22,1084073.0,3675920.0
2012-11-28,11.69,11.76,11.26,10.99,1059502.0,3607430.0
2012-11-27,11.86,11.89,11.66,11.66,1116036.0,3934082.0
2012-11-26,11.99,12.02,11.86,11.86,456399.0,1631271.0
2012-11-23,12.06,12.09,11.96,11.92,509068.0,1831091.0
2012-11-22,12.02,12.06,11.92,11.82,674650.0,2418969.0
2012-11-21,11.99,12.26,12.09,11.92,1469506.0,5322222.0
2012-11-20,12.02,12.06,11.86,11.82,463799.0,1658300.0
2012-11-19,11.96,12.09,11.96,11.82,589090.0,2112732.0
2012-11-16,11.86,11.99,11.92,11.82,687643.0,2450242.0
2012-11-15,12.06,12.06,11.89,11.82,973449.0,3493156.0
2012-11-14,12.09,12.12,12.09,11.92,895689.0,3228937.0
2012-11-13,12.32,12.32,12.09,12.02,1066101.0,3888768.0
2012-11-12,12.22,12.32,12.29,12.22,647080.0,2382293.0
2012-11-09,12.26,12.32,12.22,12.16,889401.0,3268465.0
2012-11-08,12.36,12.52,12.32,12.26,1486299.0,5527432.0
2012-11-07,12.36,12.46,12.32,12.29,991844.0,3680576.0
2012-11-06,12.42,12.49,12.36,12.26,1211317.0,4484188.0
2012-11-05,12.46,12.49,12.46,12.39,973495.0,3635360.0
2012-11-02,12.49,12.52,12.46,12.32,1435374.0,5346378.0
2012-11-01,12.26,12.49,12.46,12.19,1349199.0,5021751.0
2012-10-31,12.26,12.32,12.26,12.12,677851.0,2480975.0
2012-10-30,12.22,12.32,12.19,12.16,1004192.0,3693794.0
2012-10-29,12.22,12.32,12.22,12.19,722396.0,2655398.0
2012-10-26,12.59,12.79,12.26,12.22,2261975.0,8446177.0
2012-10-25,12.52,12.96,12.62,12.42,3161241.0,12071185.0
2012-10-24,12.32,12.56,12.52,12.32,1673765.0,6264151.0
2012-10-23,12.32,12.46,12.39,12.32,1156148.0,4308229.0
2012-10-22,12.46,12.46,12.42,12.26,968367.0,3597140.0
2012-10-19,12.39,12.49,12.36,12.36,931700.0,3477626.0
2012-10-18,12.26,12.49,12.42,12.22,1762295.0,6567651.0
2012-10-17,12.29,12.32,12.26,12.16,686385.0,2525992.0
2012-10-16,12.26,12.39,12.26,12.22,694810.0,2565526.0
2012-10-15,12.46,12.46,12.26,12.22,740710.0,2731906.0
2012-10-12,12.42,12.56,12.39,12.32,814637.0,3034866.0
2012-10-11,12.56,12.56,12.39,12.36,1099690.0,4112339.0
2012-10-10,12.49,12.59,12.56,12.39,1191216.0,4467573.0
2012-10-09,12.32,12.52,12.52,12.22,1348098.0,5042359.0
2012-10-08,12.26,12.42,12.32,12.19,776155.0,2866288.0
2012-09-28,12.19,12.36,12.36,12.06,1012100.0,3716062.0
2012-09-27,11.99,12.26,12.19,11.99,1170383.0,4261461.0
2012-09-26,12.29,12.29,11.99,11.96,925595.0,3359129.0
2012-09-25,12.26,12.36,12.19,12.19,608050.0,2233495.0
2012-09-24,12.32,12.39,12.26,12.16,854231.0,3150520.0
2012-09-21,12.29,12.42,12.29,12.26,538877.0,1995474.0
2012-09-20,12.69,12.69,12.26,12.22,1260506.0,4687182.0
2012-09-19,12.56,12.62,12.62,12.49,534750.0,2014284.0
2012-09-18,12.49,12.66,12.49,12.42,950520.0,3569613.0
2012-09-17,12.76,12.92,12.52,12.52,1543311.0,5884887.0
2012-09-14,12.92,12.92,12.86,12.72,1768366.0,6804985.0
2012-09-13,12.96,13.12,12.86,12.86,1624525.0,6342787.0
2012-09-12,12.86,12.99,12.96,12.79,1147151.0,4443527.0
2012-09-11,12.99,12.99,12.86,12.79,1180366.0,4554824.0
2012-09-10,12.96,13.06,12.99,12.82,1426532.0,5545008.0
2012-09-07,12.72,13.12,12.92,12.69,2682349.0,10421693.0
2012-09-06,12.49,12.66,12.62,12.42,641454.0,2418043.0
2012-09-05,12.52,12.62,12.49,12.39,666056.0,2497783.0
2012-09-04,12.59,12.76,12.52,12.49,740514.0,2798055.0
2012-09-03,12.59,12.72,12.66,12.46,988708.0,3748161.0
2012-08-31,12.39,13.06,12.66,12.39,1834816.0,7016940.0
2012-08-30,12.56,12.56,12.42,12.32,754736.0,2814826.0
2012-08-29,12.52,12.72,12.52,12.42,944590.0,3560603.0
2012-08-28,12.62,12.66,12.56,12.46,1336444.0,5033224.0
2012-08-27,12.66,12.76,12.69,12.39,922589.0,3462658.0
2012-08-24,12.92,12.96,12.69,12.66,917318.0,3520617.0
2012-08-23,12.92,13.02,12.96,12.89,993483.0,3860157.0
2012-08-22,13.16,13.16,12.99,12.79,1165319.0,4528457.0
2012-08-21,12.82,13.09,12.99,12.82,1189819.0,4632735.0
2012-08-20,12.86,12.92,12.89,12.72,838369.0,3224526.0
2012-08-17,12.79,12.89,12.86,12.72,1008435.0,3876727.0
2012-08-16,12.89,12.92,12.79,12.72,1029361.0,3954640.0
2012-08-15,13.06,13.22,12.89,12.89,1592571.0,6234033.0
2012-08-14,12.92,12.99,12.96,12.76,1203893.0,4644736.0
2012-08-13,13.19,13.26,12.92,12.89,1700379.0,6663170.0
2012-08-10,13.36,13.59,13.29,13.16,4960513.0,19919032.0
2012-08-09,12.99,13.22,13.12,12.89,2305800.0,9062086.0
2012-08-08,13.02,13.16,13.02,12.82,3405912.0,13241422.0
2012-08-07,12.99,13.12,13.06,12.86,2358458.0,9184410.0
2012-08-06,12.66,13.06,13.02,12.66,2907812.0,11295615.0
2012-08-03,12.76,12.96,12.96,12.62,3780307.0,14577729.0
2012-08-02,12.46,12.62,12.52,12.36,2068364.0,7774518.0
2012-08-01,12.39,12.52,12.42,12.32,1161275.0,4346890.0
2012-07-31,12.49,12.49,12.39,12.32,1439291.0,5352638.0
2012-07-30,12.39,12.96,12.59,12.29,2287322.0,8650518.0
2012-07-27,12.42,12.49,12.36,12.29,690714.0,2569348.0
2012-07-26,12.56,12.59,12.36,12.32,933537.0,3498301.0
2012-07-25,12.46,12.62,12.59,12.46,939167.0,3538349.0
2012-07-24,12.49,12.62,12.49,12.39,883515.0,3319149.0
2012-07-23,12.49,12.66,12.46,12.32,1109888.0,4157901.0
2012-07-20,12.62,12.62,12.49,12.46,908820.0,3416195.0
2012-07-19,12.42,12.72,12.59,12.29,1888002.0,7113156.0
2012-07-18,12.29,12.46,12.42,12.22,828613.0,3068945.0
2012-07-17,12.16,12.39,12.39,12.16,685059.0,2528875.0
2012-07-16,12.69,12.69,12.26,12.26,1633715.0,6072341.0
2012-07-13,12.62,12.76,12.69,12.59,794933.0,3022424.0
2012-07-12,12.66,12.72,12.69,12.42,1181704.0,4462430.0
2012-07-11,12.49,12.62,12.59,12.39,768138.0,2894972.0
2012-07-10,12.42,12.59,12.52,12.36,876967.0,3284335.0
2012-07-09,12.72,12.72,12.46,12.39,1799036.0,6786394.0
2012-07-06,12.76,12.86,12.82,12.56,2424753.0,9229794.0
2012-07-05,12.92,12.92,12.72,12.69,1135618.0,4354320.0
2012-07-04,13.09,13.22,12.99,12.92,1028481.0,4024865.0
2012-07-03,13.06,13.22,13.09,12.96,1072298.0,4218355.0
2012-07-02,13.06,13.19,13.06,12.89,1323435.0,5184670.0
2012-06-29,12.59,13.26,13.02,12.56,2597753.0,10118875.0
2012-06-28,12.99,12.99,12.66,12.66,1080913.0,4152415.0
2012-06-27,12.92,12.96,12.86,12.79,998886.0,3862202.0
2012-06-26,12.82,12.96,12.92,12.69,1463629.0,5650537.0
2012-06-25,13.19,13.19,12.82,12.82,1533868.0,5987037.0
2012-06-21,13.39,13.39,13.16,13.12,2183678.0,8652227.0
2012-06-20,13.39,13.46,13.36,13.32,1329183.0,5331241.0
2012-06-19,13.46,13.52,13.39,13.32,1740920.0,6998227.0
2012-06-18,13.46,13.52,13.46,13.42,1955949.0,7908049.0
2012-06-15,13.49,13.49,13.46,13.32,1656685.0,6678124.0
2012-06-14,13.49,13.59,13.49,13.39,2436584.0,9841970.0
2012-06-13,13.39,13.56,13.56,13.32,2623813.0,10607772.0
2012-06-12,13.49,13.49,13.39,13.29,2093938.0,8405385.0
2012-06-11,13.42,13.56,13.52,13.36,1700805.0,6882801.0
2012-06-08,13.59,13.66,13.42,13.39,1908081.0,7715491.0
2012-06-07,13.59,13.66,13.46,13.39,1780012.0,7225204.0
2012-06-06,13.62,13.66,13.49,13.39,2192775.0,8893604.0
2012-06-05,13.62,13.72,13.56,13.42,2795782.0,11350360.0
2012-06-04,13.99,13.99,13.62,13.59,5845175.0,24128100.0
2012-06-01,14.19,14.65,14.22,14.09,6501096.0,28000696.0
2012-05-31,14.06,14.19,14.06,13.99,4307436.0,18178686.0
2012-05-30,14.02,14.59,14.22,13.96,8134044.0,34886968.0
2012-05-29,14.09,14.19,14.09,13.82,7842485.0,32949712.0
2012-05-28,13.56,14.32,14.16,13.42,10264768.0,42920968.0
2012-05-25,13.96,13.99,13.62,13.52,6023775.0,24798612.0
2012-05-24,13.82,14.32,13.96,13.79,7585077.0,32037620.0
2012-05-23,14.09,14.09,13.99,13.72,7517320.0,31342984.0
2012-05-22,14.12,14.32,14.16,13.92,8673361.0,36689160.0
2012-05-21,14.99,14.99,14.19,13.86,17817640.0,76211552.0
2012-05-18,14.42,15.89,15.15,14.32,37254920.0,171511840.0
2012-05-17,13.69,14.89,14.76,13.62,24106192.0,104150376.0
2012-05-16,13.36,14.22,13.66,13.32,5476410.0,22818432.0
2012-05-15,13.32,13.39,13.39,13.19,1850129.0,7401004.0
2012-05-14,13.52,13.56,13.39,13.36,2034499.0,8211936.0
2012-05-11,13.59,13.62,13.39,13.39,1547718.0,6268294.0
2012-05-10,13.66,13.69,13.59,13.52,1497361.0,6121164.0
2012-05-09,13.99,13.99,13.62,13.62,3218190.0,13299715.0
2012-05-08,14.02,14.09,14.02,13.92,2407901.0,10110912.0
2012-05-07,14.02,14.16,14.06,13.92,2556907.0,10783673.0
2012-05-04,13.99,14.16,14.02,13.89,2338956.0,9855052.0
2012-05-03,14.09,14.12,14.06,13.92,3442836.0,14480366.0
2012-05-02,14.02,14.32,14.09,14.02,5823099.0,24758876.0
2012-04-27,13.59,14.29,13.96,13.59,10344494.0,43304976.0
2012-04-26,13.66,13.82,13.59,13.49,3463252.0,14218983.0
2012-04-25,13.42,13.62,13.62,13.32,3359105.0,13623642.0
2012-04-24,13.46,13.56,13.42,13.22,2564123.0,10290226.0
2012-04-23,13.46,13.69,13.56,13.39,2831505.0,11512891.0
2012-04-20,13.36,13.56,13.49,13.32,1915751.0,7741283.0
2012-04-19,13.42,13.42,13.36,13.32,987407.0,3964559.0
2012-04-18,13.19,13.42,13.36,13.16,1808912.0,7323765.0
2012-04-17,13.46,13.46,13.19,13.16,1836000.0,7413159.0
2012-04-16,13.19,13.36,13.36,13.09,2278496.0,9160716.0
2012-04-13,13.16,13.29,13.22,13.13,2060524.0,8280411.0
2012-04-12,12.96,13.19,13.19,12.93,1967615.0,7832212.0
2012-04-11,12.83,13.03,13.03,12.76,1217786.0,4781499.0
2012-04-10,12.73,12.93,12.93,12.63,1121141.0,4340221.0
2012-04-09,12.83,12.9,12.83,12.7,1427124.0,5564430.0
2012-04-06,12.83,12.9,12.8,12.66,1402439.0,5451521.0
2012-04-05,12.57,12.83,12.8,12.57,1170593.0,4543667.0
2012-03-30,12.57,12.73,12.57,12.47,1179108.0,4498275.0
2012-03-29,12.76,12.9,12.57,12.5,1580900.0,6110538.0
2012-03-28,13.36,13.36,12.73,12.73,1960088.0,7739862.0
2012-03-27,13.49,13.55,13.36,13.36,976824.0,3981306.0
2012-03-26,13.42,13.49,13.39,13.32,1099150.0,4471664.0
2012-03-23,13.69,13.72,13.42,13.26,2410535.0,9874235.0
2012-03-22,13.55,13.91,13.72,13.55,4183007.0,17493688.0
2012-03-21,13.49,13.59,13.52,13.42,1458101.0,5976966.0
2012-03-20,13.69,13.69,13.46,13.42,1694152.0,6956973.0
2012-03-19,13.59,13.69,13.69,13.46,1892996.0,7805755.0
2012-03-16,13.42,13.59,13.59,13.42,2080852.0,8549512.0
2012-03-15,13.49,13.69,13.42,13.32,3628800.0,14835693.0
2012-03-14,14.18,14.28,13.62,13.59,6070457.0,25724158.0
2012-03-13,14.08,14.18,14.18,14.05,2845900.0,12225488.0
2012-03-12,14.08,14.11,14.08,13.98,2564198.0,10957869.0
2012-03-09,13.91,14.05,14.05,13.82,2375805.0,10090423.0
2012-03-08,13.82,13.98,13.88,13.78,2013978.0,8497661.0
2012-03-07,13.82,13.95,13.78,13.72,2083513.0,8756433.0
2012-03-06,14.08,14.11,13.85,13.78,3158326.0,13342390.0
2012-03-05,14.08,14.15,14.08,14.01,3532787.0,15126169.0
2012-03-02,13.91,14.08,14.08,13.91,2269768.0,9673362.0
2012-03-01,13.88,13.98,13.92,13.78,2380647.0,10064335.0
2012-02-29,14.11,14.15,13.88,13.88,2352551.0,10006984.0
2012-02-28,14.08,14.21,14.11,13.98,3215367.0,13769938.0
2012-02-27,14.15,14.31,14.18,14.01,6271332.0,26994392.0
2012-02-23,13.88,14.05,13.95,13.85,4414118.0,18724024.0
2012-02-22,13.72,13.88,13.88,13.65,3459587.0,14514315.0
2012-02-21,13.72,13.78,13.72,13.55,1778561.0,7382842.0
2012-02-20,13.82,13.91,13.72,13.69,2460912.0,10303402.0
2012-02-17,13.78,13.82,13.75,13.59,1732438.0,7211288.0
2012-02-16,13.78,13.88,13.75,13.65,2163722.0,9052657.0
2012-02-15,13.69,13.85,13.82,13.59,3221636.0,13470959.0
2012-02-14,13.69,13.72,13.65,13.55,1875795.0,7764353.0
2012-02-13,13.52,13.88,13.72,13.49,4022062.0,16814708.0
2012-02-10,13.55,13.72,13.59,13.46,2144138.0,8851788.0
2012-02-09,13.46,13.72,13.59,13.46,2833683.0,11728761.0
2012-02-08,13.22,13.65,13.55,13.22,2567644.0,10476790.0
2012-02-07,13.46,13.46,13.22,13.16,1684505.0,6786202.0
2012-02-06,13.46,13.52,13.46,13.32,2417091.0,9852802.0
2012-02-03,13.42,13.55,13.46,13.36,1573372.0,6431005.0
2012-02-02,13.29,13.42,13.39,13.22,1389172.0,5631465.0
2012-02-01,13.26,13.39,13.26,13.22,969812.0,3924843.0
2012-01-31,13.32,13.36,13.32,13.13,1795500.0,7213206.0
2012-01-30,13.65,13.69,13.36,13.32,2317312.0,9520411.0
2012-01-20,13.55,13.65,13.62,13.49,3081645.0,12713885.0
2012-01-19,13.55,13.78,13.62,13.52,3557812.0,14747265.0
2012-01-18,14.47,14.74,13.62,13.59,7109261.0,30458296.0
2012-01-10,13.29,13.52,13.52,13.16,6005620.0,24398360.0
2012-01-09,12.76,13.32,13.29,12.76,4765366.0,18959620.0
2012-01-06,12.44,12.73,12.7,12.3,2448651.0,9328904.0
2012-01-05,12.5,12.8,12.47,12.4,4087306.0,15637860.0
2012-01-04,13.75,13.75,12.7,12.63,7457485.0,29600628.0
