date,open,high,close,low,volume,amount
2015-07-10,107.28,115.11,115.11,107.28,98614272.0,1493737984.0
2015-07-07,105.85,115.78,104.64,104.64,99285376.0,1425837440.0
2015-07-06,112.92,116.46,116.24,95.23,297381408.0,4219909120.0
2015-07-03,105.85,113.08,105.85,105.85,103480984.0,1466171904.0
2015-07-02,122.41,127.08,117.59,117.59,111556512.0,1763286144.0
2015-07-01,135.51,146.05,130.69,130.69,187911232.0,3422983936.0
2015-06-30,154.33,154.33,145.22,140.78,298894816.0,5761058304.0
2015-06-29,150.04,156.44,156.44,138.44,322483648.0,6514269184.0
2015-06-26,145.29,159.75,142.21,135.21,276771968.0,5503549440.0
2015-06-25,139.27,154.78,150.19,138.59,234195376.0,4639053824.0
2015-06-24,143.79,149.51,140.7,137.69,200789008.0,3794461440.0
2015-06-23,128.36,137.16,137.16,126.1,137921008.0,2417604608.0
2015-06-19,124.22,135.43,124.67,120.45,124769224.0,2133534592.0
2015-06-18,128.13,137.92,128.36,126.55,121075864.0,2127850112.0
2015-06-17,129.94,129.94,128.58,119.7,123533544.0,2061798784.0
2015-06-16,130.09,141.53,130.01,128.06,204463920.0,3646639360.0
2015-06-15,124.89,131.52,131.52,123.46,134958592.0,2330825984.0
2015-06-12,118.04,121.96,119.55,115.26,115990120.0,1823144448.0
2015-06-11,112.17,120.0,118.57,110.82,138889696.0,2132185600.0
2015-06-10,111.42,114.81,112.17,109.84,96731672.0,1445334016.0
2015-06-09,113.0,116.46,113.22,111.87,102458696.0,1548551424.0
2015-06-08,113.45,113.98,112.25,109.16,112535792.0,1674692992.0
2015-06-05,111.04,114.81,114.13,107.95,159718624.0,2353713152.0
2015-06-04,116.69,116.69,109.91,102.99,142694496.0,2070860672.0
2015-06-03,113.98,113.98,113.98,113.98,2982674.0,45157684.0
2015-05-12,103.6,104.34,103.75,101.45,97127904.0,1350265216.0
2015-05-11,105.23,107.31,104.64,103.38,132182656.0,1872881408.0
2015-05-08,100.56,102.79,102.42,97.9,77445776.0,1043567616.0
2015-05-07,96.71,99.82,99.67,93.75,80882016.0,1055833280.0
2015-05-06,102.34,105.23,98.12,96.49,107227752.0,1470100352.0
2015-05-05,109.16,111.46,102.12,99.67,147231712.0,2089034624.0
2015-05-04,110.57,117.83,110.72,109.31,244242016.0,3736541184.0
2015-04-30,100.05,108.94,108.2,100.05,210634976.0,3019020032.0
2015-04-29,96.34,101.16,99.01,93.52,109128272.0,1432858624.0
2015-04-28,95.82,102.05,97.82,95.82,161386096.0,2152424704.0
2015-04-27,94.49,95.97,95.16,92.78,75362856.0,962925888.0
2015-04-24,95.01,96.04,93.52,92.56,82605240.0,1049921856.0
2015-04-23,98.49,100.42,97.38,94.93,125449824.0,1649694464.0
2015-04-22,92.78,97.23,95.45,92.64,131430728.0,1686653824.0
2015-04-21,88.93,92.64,92.34,87.82,68197240.0,827939136.0
2015-04-20,92.04,93.75,89.15,88.34,123079464.0,1526012672.0
2015-04-17,89.0,93.6,91.75,87.74,117883008.0,1440906880.0
2015-04-16,86.34,88.86,88.56,84.93,51893804.0,612694144.0
2015-04-15,89.82,89.82,86.93,86.48,59277544.0,704359552.0
2015-04-14,91.52,91.89,89.89,89.6,73660584.0,898723968.0
2015-04-13,92.04,93.45,91.89,90.19,96702248.0,1196949760.0
2015-04-10,91.89,92.78,91.97,90.26,96748760.0,1194627328.0
2015-04-09,87.89,95.45,94.27,85.74,158537600.0,1932016512.0
2015-04-08,89.75,90.26,88.63,86.26,96624992.0,1153358080.0
2015-04-07,87.67,89.89,89.6,86.86,92799456.0,1103040896.0
2015-04-03,85.97,87.74,87.45,85.67,68018872.0,796939840.0
2015-04-02,87.6,88.04,87.15,85.3,80907216.0,945124032.0
2015-04-01,88.48,88.48,87.6,85.59,99049960.0,1161807872.0
2015-03-31,94.86,96.04,88.41,87.45,182536032.0,2272772096.0
2015-03-30,85.74,93.23,92.04,83.08,176048752.0,2093483904.0
2015-03-27,83.22,85.22,84.78,80.93,133454720.0,1503738880.0
2015-03-26,77.07,82.63,82.26,76.41,91338304.0,982115968.0
2015-03-25,79.15,79.44,77.67,76.55,62644868.0,658932672.0
2015-03-24,81.96,82.04,79.52,77.44,98521816.0,1053083840.0
2015-03-23,82.41,84.63,81.74,80.63,112047720.0,1244379136.0
2015-03-20,78.92,82.63,80.85,77.59,110420136.0,1192024960.0
2015-03-19,80.41,80.41,78.7,77.81,76473504.0,811546176.0
2015-03-18,77.44,82.19,80.7,77.15,109510088.0,1187817984.0
2015-03-17,75.89,78.56,77.52,75.81,106794480.0,1113965568.0
2015-03-16,75.22,76.11,75.52,74.4,81812192.0,831243776.0
2015-03-13,74.78,76.18,74.48,73.81,69404376.0,698583872.0
2015-03-12,71.59,74.78,74.48,71.0,76280112.0,752628352.0
2015-03-11,71.07,72.48,71.29,70.55,38427968.0,370850240.0
2015-03-10,72.25,72.25,71.51,71.14,35184976.0,339949344.0
2015-03-09,70.11,72.77,72.7,68.25,53575544.0,512977152.0
2015-03-06,70.62,71.74,70.7,70.25,35257972.0,337604864.0
2015-03-05,72.18,72.18,70.4,69.44,54365812.0,518573120.0
2015-03-04,71.96,73.81,72.77,70.62,47027168.0,457897984.0
2015-03-03,75.07,75.07,72.55,72.11,66929528.0,661847936.0
2015-03-02,78.56,78.63,75.81,74.7,103999992.0,1074595072.0
2015-02-27,76.11,76.7,75.66,74.92,48995500.0,501363264.0
2015-02-26,72.03,76.92,76.78,71.89,72172416.0,728433088.0
2015-02-25,74.85,74.85,72.4,71.96,43529068.0,427599520.0
2015-02-17,74.63,75.96,75.07,74.18,40664120.0,411683424.0
2015-02-16,75.22,75.89,74.63,73.59,55338584.0,555370496.0
2015-02-13,72.7,78.92,75.89,71.59,93278152.0,951451008.0
2015-02-12,71.89,73.14,72.11,70.85,33639904.0,326673632.0
2015-02-11,73.37,73.74,72.18,71.51,42389876.0,415282464.0
2015-02-10,69.07,72.7,72.63,68.25,60615996.0,584704192.0
2015-02-09,67.88,70.77,69.22,66.1,53289784.0,493037824.0
2015-02-06,71.81,71.81,68.92,67.96,79244544.0,743063296.0
2015-02-05,77.81,78.55,73.07,72.77,110182688.0,1129851648.0
2015-02-04,73.66,77.44,74.03,72.25,77491488.0,780387200.0
2015-02-03,77.96,78.41,75.07,69.66,135602416.0,1339361280.0
2015-02-02,78.18,81.3,77.15,76.85,80912704.0,859185536.0
2015-01-30,78.26,84.04,81.22,77.15,121462352.0,1324425472.0
2015-01-29,76.85,79.59,77.37,76.48,48808568.0,513210080.0
2015-01-28,77.81,80.26,78.26,75.89,65934836.0,691863104.0
2015-01-27,83.37,84.04,79.0,76.11,100653672.0,1082408448.0
2015-01-26,84.11,85.45,83.96,80.63,73562552.0,827796736.0
2015-01-23,84.85,85.3,82.93,81.52,89648752.0,1011542592.0
2015-01-22,83.0,86.34,84.93,81.96,120612864.0,1361614336.0
2015-01-21,79.3,86.34,83.96,77.15,194230608.0,2204774400.0
2015-01-20,71.37,78.48,78.48,71.0,117613904.0,1191217408.0
2015-01-19,74.18,77.59,71.37,71.37,93206736.0,926475008.0
2015-01-16,78.56,80.56,79.3,76.18,119976032.0,1273657216.0
2015-01-15,71.44,78.11,78.11,70.18,106710704.0,1082151040.0
2015-01-14,69.07,72.77,71.0,69.07,78159400.0,752379776.0
2015-01-13,69.0,71.44,68.85,68.48,65143488.0,612680320.0
2015-01-12,71.14,71.51,69.29,67.96,82121968.0,771780480.0
2015-01-09,73.59,77.3,73.22,72.77,113135280.0,1148121472.0
2015-01-08,76.55,77.22,73.89,71.89,100567840.0,1003420032.0
2015-01-07,76.41,78.33,76.85,74.78,95143760.0,982177408.0
2015-01-06,80.41,82.19,77.81,74.85,146879872.0,1541606784.0
2015-01-05,78.41,82.19,82.19,76.41,188180416.0,2045662464.0
2014-12-31,65.96,74.7,74.7,65.88,149848208.0,1424327040.0
2014-12-30,64.47,69.96,67.88,63.07,181873376.0,1659855488.0
2014-12-29,59.29,63.59,63.59,58.55,139518064.0,1172054784.0
2014-12-26,56.47,58.32,57.8,56.17,63143060.0,490684800.0
2014-12-25,54.32,56.1,56.03,53.88,41286272.0,307930336.0
2014-12-24,56.17,56.91,54.02,53.14,57621776.0,425768928.0
2014-12-23,58.4,60.55,56.91,55.66,55598392.0,437515008.0
2014-12-22,58.32,60.77,58.77,56.4,71453496.0,571583296.0
2014-12-19,58.77,59.36,58.1,55.58,60336156.0,471264192.0
2014-12-18,60.4,60.99,59.21,58.55,79196368.0,639342016.0
2014-12-17,56.54,59.66,59.44,55.95,126910736.0,995231104.0
2014-12-16,53.95,56.54,56.32,53.43,71313288.0,529903520.0
2014-12-15,54.1,54.1,54.02,52.69,53751720.0,387003136.0
2014-12-12,55.95,56.69,54.77,54.17,65769260.0,490703904.0
2014-12-11,54.54,57.51,56.17,53.8,89347944.0,675680256.0
2014-12-10,53.06,54.91,54.62,51.88,74052480.0,534903136.0
2014-12-09,56.03,60.62,52.54,51.06,177807344.0,1353973632.0
2014-12-08,53.06,57.36,56.77,51.95,103540448.0,770233024.0
2014-12-05,56.69,56.99,53.73,52.02,94959712.0,696813312.0
2014-12-04,53.28,56.91,56.47,52.99,88952376.0,657555136.0
2014-12-03,53.13,57.58,53.51,52.1,118187280.0,878159424.0
2014-12-02,51.88,53.73,52.99,50.62,107754720.0,757230272.0
2014-12-01,54.69,54.91,52.02,51.58,113400488.0,808617216.0
2014-11-28,50.84,55.21,54.25,50.17,123656592.0,873241280.0
2014-11-27,50.99,52.02,50.76,49.88,75586760.0,520904544.0
2014-11-26,50.39,52.02,51.88,49.13,82488280.0,559036032.0
2014-11-25,49.65,51.06,50.32,48.54,149956384.0,1008510912.0
2014-11-24,47.58,48.1,48.1,46.69,173084928.0,1119102720.0
2014-11-21,43.28,43.87,43.72,43.06,30191100.0,176772864.0
2014-11-20,43.35,43.72,43.2,43.06,12842450.0,75176224.0
2014-11-19,43.13,43.8,43.43,43.06,14816378.0,86713648.0
2014-11-18,43.87,44.09,43.43,43.13,24301700.0,142765200.0
2014-11-17,45.06,45.58,44.02,43.87,41898472.0,252949568.0
2014-11-14,44.24,45.58,44.69,43.8,44587928.0,269917824.0
2014-11-13,45.8,45.8,44.54,44.32,42274964.0,256141072.0
2014-11-12,43.8,45.58,45.5,43.5,57102600.0,345493792.0
2014-11-11,44.02,44.76,44.39,43.06,71547336.0,425417120.0
2014-11-10,42.98,43.95,43.8,42.54,42137960.0,246981200.0
2014-11-07,42.98,43.72,42.69,41.95,46298128.0,269421312.0
2014-11-06,42.39,43.43,42.69,42.39,27376370.0,158634560.0
2014-11-05,43.43,43.5,42.39,42.32,23655368.0,136807040.0
2014-11-04,42.69,43.8,43.35,42.32,46518504.0,271067520.0
2014-11-03,42.98,43.58,42.76,42.39,37332924.0,216177536.0
2014-10-31,41.35,43.13,42.83,41.35,54319876.0,311402816.0
2014-10-30,41.5,41.65,41.35,40.83,25941692.0,144352928.0
2014-10-29,40.69,41.58,41.5,40.24,29923806.0,165646352.0
2014-10-28,39.5,40.69,40.69,39.42,22956140.0,124553216.0
2014-10-27,39.72,39.94,39.06,38.98,17158236.0,91864184.0
2014-10-24,39.57,39.94,39.72,39.42,10274152.0,55496352.0
2014-10-23,40.09,40.45,39.57,39.42,13887919.0,75263600.0
2014-10-22,40.53,40.97,40.16,40.09,13419081.0,73951208.0
2014-10-21,41.41,41.41,40.53,40.45,14944706.0,83011376.0
2014-10-20,41.04,41.56,41.34,40.75,15102356.0,84699312.0
2014-10-17,41.34,41.56,40.97,40.31,24426910.0,135860384.0
2014-10-16,42.0,42.44,41.34,41.19,24777592.0,141232000.0
2014-10-15,42.73,43.03,42.51,41.41,29532928.0,169783248.0
2014-10-14,43.32,43.47,42.51,42.22,36225096.0,210296512.0
2014-10-13,42.29,43.69,43.25,41.93,50207424.0,292862208.0
2014-10-10,41.19,42.88,42.59,41.12,73979176.0,423566272.0
2014-10-09,41.41,41.41,40.9,40.38,27341394.0,151804848.0
2014-10-08,42.07,42.66,41.12,40.82,57127416.0,321677440.0
2014-09-30,40.45,41.26,40.53,40.31,44125008.0,244196336.0
2014-09-29,39.42,39.94,39.87,39.42,21574744.0,116311480.0
2014-09-26,39.35,39.65,39.42,39.13,16125550.0,86453008.0
2014-09-25,39.65,40.01,39.65,39.06,24100062.0,129659088.0
2014-09-24,39.2,39.65,39.65,38.69,27752376.0,148149888.0
2014-09-23,38.98,39.79,39.35,38.98,27184690.0,145614976.0
2014-09-22,40.09,40.09,38.76,38.4,30667944.0,163343488.0
2014-09-19,40.45,40.53,40.01,39.5,29657300.0,161157248.0
2014-09-18,41.04,41.04,40.38,39.87,48055856.0,263514816.0
2014-09-17,38.84,41.48,41.12,38.47,95609672.0,523385568.0
2014-09-16,38.17,39.72,38.69,38.1,71086496.0,376865120.0
2014-09-15,38.1,38.32,38.1,37.88,19537568.0,101263560.0
2014-09-12,38.1,38.25,38.17,37.81,18268156.0,94485056.0
2014-09-11,38.25,38.69,38.03,37.88,25691348.0,133520704.0
2014-09-10,38.47,38.47,38.32,37.95,21949644.0,113873736.0
2014-09-09,39.2,39.28,38.54,38.32,26645660.0,140083360.0
2014-09-05,39.13,39.42,39.13,38.69,24664348.0,130887688.0
2014-09-04,39.13,39.5,39.28,38.98,29975906.0,159861664.0
2014-09-03,38.32,39.13,38.84,38.32,29839968.0,157530160.0
2014-09-02,38.03,38.54,38.4,38.03,15920897.0,82909872.0
2014-09-01,37.66,38.62,38.03,37.37,17032996.0,88004200.0
2014-08-29,37.44,37.81,37.66,37.15,18462552.0,94033176.0
2014-08-28,38.4,38.47,37.59,37.51,13542308.0,69933992.0
2014-08-27,38.25,38.47,38.47,38.1,10583300.0,55086836.0
2014-08-26,38.62,38.76,38.47,37.81,17612620.0,91797784.0
2014-08-25,38.62,38.91,38.69,37.95,23892604.0,124888392.0
2014-08-22,38.47,38.98,38.76,38.25,25871490.0,135969248.0
2014-08-21,38.1,38.76,38.69,37.59,33658500.0,175076368.0
2014-08-20,38.25,38.47,38.17,37.95,16322049.0,84795688.0
2014-08-19,38.62,38.76,38.32,37.88,25944884.0,134818784.0
2014-08-18,38.47,38.76,38.54,38.25,26167716.0,137042672.0
2014-08-15,38.4,38.91,38.4,38.1,27475376.0,143672032.0
2014-08-14,38.98,39.5,38.4,38.25,35983664.0,190455088.0
2014-08-13,39.13,39.42,38.98,38.32,30994168.0,163514480.0
2014-08-12,38.76,39.06,38.84,38.25,26448472.0,139069856.0
2014-08-11,38.54,39.06,38.84,38.32,20340300.0,107266176.0
2014-08-08,38.32,38.69,38.32,38.03,13507346.0,70331560.0
2014-08-07,38.76,39.28,38.32,38.17,23555996.0,123998080.0
2014-08-06,39.35,39.42,38.76,38.32,27347664.0,144183296.0
2014-08-05,39.79,40.31,39.5,38.98,35125588.0,188981424.0
2014-08-04,38.84,40.09,39.65,38.1,46185296.0,245774944.0
2014-08-01,38.54,39.65,38.69,37.88,35394164.0,185676336.0
2014-07-31,37.88,38.91,38.76,37.88,27616648.0,144284400.0
2014-07-30,39.13,39.2,37.88,37.44,44793516.0,231701120.0
2014-07-29,39.5,40.09,39.35,38.76,40594584.0,216721216.0
2014-07-28,39.72,40.38,39.72,39.2,56597176.0,305813696.0
2014-07-25,39.5,39.72,39.2,38.25,52906644.0,279977952.0
2014-07-24,37.37,41.12,40.01,37.37,106573888.0,581220032.0
2014-07-23,37.44,38.1,37.37,36.7,31258508.0,158580848.0
2014-07-22,36.04,37.81,37.29,35.75,37722968.0,189776128.0
2014-07-21,37.51,37.81,36.34,35.97,45532968.0,228674528.0
2014-07-18,34.35,38.03,36.7,34.2,75593952.0,373720448.0
2014-07-17,33.69,35.09,34.57,33.47,39836336.0,186721408.0
2014-07-16,33.39,34.2,33.69,33.39,25297094.0,116565328.0
2014-07-15,33.47,33.69,33.47,33.17,15092926.0,68526096.0
2014-07-14,32.73,33.76,33.54,32.66,21731888.0,98562952.0
2014-07-11,32.29,33.17,32.73,32.22,26284480.0,117484224.0
2014-07-10,31.77,32.51,32.36,31.77,9274579.0,40571872.0
2014-07-09,32.88,32.88,32.0,31.92,12607268.0,55430136.0
2014-07-08,32.73,32.95,32.73,32.36,13893652.0,61759376.0
2014-07-07,32.0,32.88,32.58,31.85,28358642.0,125500216.0
2014-07-04,31.85,32.29,32.07,31.7,16449069.0,71698520.0
2014-07-03,31.63,32.0,31.92,31.48,15782417.0,68138328.0
2014-07-02,31.55,31.85,31.7,31.41,17053756.0,73315384.0
2014-07-01,31.85,31.92,31.7,31.33,16167326.0,69398968.0
2014-06-30,31.7,32.07,31.77,31.48,10995607.0,47594316.0
2014-06-27,31.63,32.07,31.7,31.48,9988736.0,43174480.0
2014-06-26,31.19,32.29,31.7,31.04,15102480.0,64935392.0
2014-06-25,31.26,31.33,31.11,30.89,8926556.0,37739356.0
2014-06-24,31.11,31.33,31.26,30.89,5398820.0,22868752.0
2014-06-23,31.19,31.48,31.11,30.97,5904605.0,25064156.0
2014-06-20,30.97,31.26,31.11,30.75,6822105.0,28793096.0
2014-06-19,31.63,31.77,30.97,30.82,8895440.0,37825348.0
2014-06-18,31.77,32.0,31.77,31.63,7505431.0,32464172.0
2014-06-17,32.0,32.14,31.77,31.7,10096687.0,43814628.0
2014-06-16,32.66,32.8,32.22,31.85,18389084.0,80440520.0
2014-06-13,32.66,32.95,32.59,32.36,15853880.0,70252736.0
2014-06-12,33.03,33.25,32.73,32.44,13268926.0,59186928.0
2014-06-11,33.1,33.61,33.25,32.73,12811183.0,57669388.0
2014-06-10,32.36,33.32,33.25,32.29,17000766.0,76100592.0
2014-06-09,31.77,33.69,32.51,31.55,13342736.0,59167808.0
2014-06-06,32.14,32.36,31.92,31.55,4935595.0,21413416.0
2014-06-05,31.55,32.22,32.14,31.55,7171594.0,31115588.0
2014-06-04,32.22,32.29,31.7,31.26,8732278.0,37591892.0
2014-06-03,32.88,33.03,32.29,32.22,8797265.0,38974020.0
2014-05-30,32.88,33.39,32.88,32.29,12605131.0,56089432.0
2014-05-29,33.25,33.69,33.03,32.95,14588802.0,66233032.0
2014-05-28,33.47,33.69,33.32,32.88,10406218.0,47017464.0
2014-05-27,33.17,33.76,33.32,33.03,14295214.0,64931328.0
2014-05-26,33.17,33.61,33.32,32.8,21696672.0,98154896.0
2014-05-23,32.0,33.1,32.88,31.92,25315136.0,112852736.0
2014-05-22,31.92,32.88,32.14,31.77,23130032.0,102168976.0
2014-05-21,30.52,32.29,32.14,30.45,32531636.0,139497392.0
2014-05-20,30.97,31.11,30.6,30.38,13004043.0,54291496.0
2014-05-19,31.26,31.33,30.82,30.52,12015369.0,50368680.0
2014-05-16,31.11,31.77,31.41,30.97,20563084.0,87854968.0
2014-05-15,32.07,32.14,31.11,30.89,23092272.0,98755672.0
2014-05-14,32.58,33.61,32.36,32.14,27198140.0,120630256.0
2014-05-13,31.26,32.36,32.14,31.26,34711988.0,150634544.0
2014-05-12,31.11,31.48,31.26,29.57,46987464.0,196819376.0
2014-05-09,32.07,32.29,31.33,31.04,21078680.0,90274192.0
2014-05-08,31.77,33.1,32.07,31.7,32916464.0,145562336.0
2014-05-07,32.07,32.29,31.92,31.7,12704471.0,55314904.0
2014-05-06,32.29,32.73,32.14,32.0,16241308.0,71321160.0
2014-05-05,33.34,33.34,32.21,31.44,41502204.0,189257376.0
2014-04-30,33.91,33.91,33.63,33.2,20903168.0,99187368.0
2014-04-29,34.62,34.76,34.05,33.06,31532612.0,150343584.0
2014-04-28,34.55,35.6,34.9,34.33,37379204.0,184987024.0
2014-04-25,34.55,36.45,34.76,33.98,65468236.0,327409792.0
2014-04-24,34.19,35.39,34.33,33.98,37051420.0,182609600.0
2014-04-23,33.63,34.4,34.33,33.48,22639368.0,109036728.0
2014-04-22,33.27,33.98,33.84,33.13,23296680.0,110670464.0
2014-04-21,33.48,34.19,33.2,33.06,27093574.0,129088336.0
2014-04-18,33.98,34.26,33.91,33.56,18786604.0,90260632.0
2014-04-17,34.97,35.04,34.26,33.98,20735420.0,101154720.0
2014-04-16,34.62,35.18,34.97,34.47,26673532.0,131480888.0
2014-04-15,35.89,35.96,34.76,34.55,43391432.0,214616032.0
2014-04-14,36.17,36.38,36.1,35.53,34481816.0,175505392.0
2014-04-11,36.17,36.38,36.31,35.67,37551292.0,191322672.0
2014-04-10,36.95,37.23,35.96,35.46,57929388.0,296293856.0
2014-04-09,37.44,37.94,37.23,36.66,39843676.0,210307920.0
2014-04-08,37.65,40.13,37.8,37.58,66567256.0,360405696.0
2014-04-04,36.66,38.15,37.3,36.38,47874704.0,253481264.0
2014-04-03,38.15,38.43,36.81,36.52,77780160.0,412996416.0
2014-04-02,34.83,38.01,38.01,34.47,103567560.0,546583680.0
2014-04-01,34.4,34.97,34.55,33.48,28809336.0,139523296.0
2014-03-31,35.67,36.31,34.62,33.56,43513336.0,214641344.0
2014-03-28,35.67,36.81,35.32,34.97,29605556.0,150867360.0
2014-03-27,36.95,38.22,35.89,35.39,51102008.0,266810512.0
2014-03-26,36.73,37.72,36.73,36.1,29319920.0,152290352.0
2014-03-25,37.16,38.36,37.16,36.24,71462048.0,377368448.0
2014-03-24,34.9,37.87,37.23,34.83,103481448.0,534677408.0
2014-03-21,33.13,35.32,34.9,33.06,73600384.0,360678784.0
2014-03-20,33.41,34.97,33.34,33.27,66125824.0,318502624.0
2014-03-19,31.37,32.78,32.5,30.87,25349304.0,114329728.0
2014-03-18,32.35,32.43,31.58,31.37,24876608.0,112095856.0
2014-03-17,31.51,33.06,32.85,31.3,35164408.0,161743248.0
2014-03-14,32.0,32.78,31.01,30.94,35874848.0,161075360.0
2014-03-13,31.01,32.78,32.21,30.66,63551880.0,285614496.0
2014-03-12,28.82,31.44,30.94,28.68,66896112.0,289627168.0
2014-03-11,28.75,29.39,29.18,28.54,14582382.0,59979968.0
2014-03-10,29.18,29.18,28.68,28.54,18515848.0,75531840.0
2014-03-07,29.81,30.09,29.32,29.11,22528828.0,94339208.0
2014-03-06,28.89,30.52,30.09,28.54,43021256.0,180115248.0
2014-03-05,29.25,29.25,28.89,28.82,12156453.0,49892704.0
2014-03-04,29.53,29.74,29.32,28.96,17204828.0,71247376.0
2014-03-03,29.04,29.18,28.96,28.75,16019744.0,65631892.0
2014-02-28,29.04,29.32,29.25,28.68,15482606.0,63544368.0
2014-02-27,29.53,29.6,28.96,28.89,18717658.0,77453736.0
2014-02-26,29.39,29.74,29.53,29.18,15156169.0,63042332.0
2014-02-25,29.81,30.16,29.46,29.18,18801998.0,79002120.0
2014-02-24,31.58,31.58,29.81,29.74,27242928.0,116828768.0
2014-02-21,32.71,32.78,32.28,32.07,15189774.0,69585488.0
2014-02-20,33.48,33.77,32.85,32.78,24841654.0,116965864.0
2014-02-19,32.43,33.2,32.99,32.35,19136816.0,89053720.0
2014-02-18,32.5,32.64,32.57,32.35,13306907.0,61168100.0
2014-02-17,32.64,32.85,32.64,32.35,18688956.0,86133120.0
2014-02-14,32.21,32.43,32.43,32.0,10031571.0,45769340.0
2014-02-13,32.78,32.78,32.21,32.21,16732295.0,76942032.0
2014-02-12,32.78,32.85,32.85,32.5,16456878.0,76239688.0
2014-02-11,32.28,32.85,32.64,32.07,16657463.0,76538792.0
2014-02-10,31.58,32.5,32.35,31.58,16195120.0,73681936.0
2014-02-07,31.44,31.65,31.51,31.15,7434680.0,32994448.0
2014-01-30,32.0,32.14,31.65,31.51,8412662.0,37851800.0
2014-01-29,32.35,32.5,32.0,31.86,13870049.0,63033088.0
2014-01-28,32.14,32.92,32.21,32.07,15105464.0,69174368.0
2014-01-27,32.07,32.5,32.14,31.72,27918660.0,126646216.0
2014-01-24,31.65,33.34,32.21,31.58,28991096.0,133885864.0
2014-01-23,32.14,32.35,31.79,31.65,17588652.0,79625440.0
2014-01-22,31.08,32.64,32.28,30.94,33094476.0,149948272.0
2014-01-21,30.87,31.3,31.01,30.8,7565158.0,33228356.0
2014-01-20,30.45,31.01,30.66,30.45,7629917.0,33219324.0
2014-01-17,30.94,31.01,30.59,30.45,8286750.0,35975548.0
2014-01-16,31.15,31.3,31.15,30.73,13072246.0,57371432.0
2014-01-15,31.51,31.58,31.01,30.8,8156333.0,35827600.0
2014-01-14,30.94,31.86,31.51,30.59,11988549.0,53040224.0
2014-01-13,31.3,31.51,31.01,30.59,10163757.0,44580716.0
2014-01-10,31.44,31.58,31.15,30.8,11907758.0,52463688.0
2014-01-09,31.86,32.21,31.37,31.3,20115606.0,90475704.0
2014-01-08,32.5,32.78,31.86,31.58,14967919.0,67891168.0
2014-01-07,32.99,33.06,32.43,32.0,17438312.0,80374200.0
2014-01-06,34.4,34.55,33.2,33.06,11206767.0,52887896.0
2014-01-03,35.25,35.32,34.62,34.33,5481625.0,26906804.0
2014-01-02,35.46,35.96,35.25,35.18,9636642.0,48444240.0
2013-12-31,34.76,35.67,35.53,34.47,14252869.0,70925496.0
2013-12-30,34.55,34.97,34.76,34.05,8891493.0,43366636.0
2013-12-27,33.2,34.62,34.55,33.13,19039156.0,91511456.0
2013-12-26,33.7,33.84,33.13,33.06,8100553.0,38232436.0
2013-12-25,33.56,33.84,33.63,33.41,5358660.0,25490248.0
2013-12-24,33.63,33.98,33.56,33.48,6557821.0,31343904.0
2013-12-23,33.98,34.12,33.56,33.2,6429566.0,30591624.0
2013-12-20,34.83,34.83,33.98,33.84,7908924.0,38305804.0
2013-12-19,35.11,35.18,34.62,34.47,6574725.0,32402604.0
2013-12-18,34.9,35.25,34.97,34.9,6670436.0,33065844.0
2013-12-17,35.46,35.53,34.97,34.97,9131183.0,45498116.0
2013-12-16,36.31,36.31,35.39,35.25,11920134.0,60148428.0
2013-12-13,35.96,36.31,36.03,35.96,9441396.0,48240700.0
2013-12-12,36.38,36.59,36.17,35.89,10407966.0,53414304.0
2013-12-11,36.73,36.95,36.38,36.31,14949208.0,77409304.0
2013-12-10,36.73,37.02,36.88,36.52,10907389.0,56791336.0
2013-12-09,37.09,37.16,36.66,36.52,9458650.0,49146560.0
2013-12-06,36.73,37.16,36.88,36.73,7307567.0,38221648.0
2013-12-05,36.81,37.3,36.88,36.59,12828819.0,67163560.0
2013-12-04,36.17,37.58,36.95,35.89,32827214.0,171016320.0
2013-12-03,35.96,36.31,36.24,35.75,25256792.0,129087568.0
2013-12-02,36.73,36.95,36.03,35.89,17905888.0,92094176.0
2013-11-29,37.16,37.23,36.95,36.88,10976790.0,57518784.0
2013-11-28,36.88,37.51,37.16,36.59,19225388.0,101124928.0
2013-11-27,36.45,37.16,36.81,36.31,13778396.0,71592168.0
2013-11-26,36.59,36.73,36.52,36.31,9439542.0,48812808.0
2013-11-25,36.59,37.09,36.59,36.45,15117428.0,78446816.0
2013-11-22,37.09,37.16,36.88,36.73,15256941.0,79728704.0
2013-11-21,37.65,37.65,37.23,37.09,14393072.0,75949744.0
2013-11-20,38.22,38.43,37.87,37.65,9464194.0,50701100.0
2013-11-19,38.15,38.29,37.94,37.51,11833640.0,63423288.0
2013-11-18,37.37,38.22,38.15,37.09,16911518.0,90333312.0
2013-11-15,36.81,37.65,37.3,36.81,16102753.0,85047240.0
2013-11-14,37.09,37.16,36.81,36.45,7209832.0,37444144.0
2013-11-13,37.23,37.58,36.95,36.81,6600703.0,34801732.0
2013-11-12,37.09,37.8,37.3,37.02,7232882.0,38198268.0
2013-11-11,37.44,37.65,37.09,36.73,10463849.0,54944636.0
2013-11-08,38.36,38.71,37.72,37.37,12069142.0,64711716.0
2013-11-07,38.22,38.57,38.43,37.94,6508392.0,35286940.0
2013-11-06,39.0,39.0,38.22,38.15,13344528.0,72576024.0
2013-11-05,39.0,39.35,39.0,38.43,15470129.0,84804384.0
2013-11-04,40.34,40.83,39.49,39.21,16994302.0,95656312.0
2013-11-01,39.0,39.7,39.42,38.5,11761716.0,65268696.0
2013-10-31,38.85,40.41,38.85,38.64,24008556.0,134226032.0
2013-10-30,38.01,38.36,38.22,37.44,13626987.0,73309056.0
2013-10-29,38.01,38.64,37.94,36.73,18376484.0,98274648.0
2013-10-28,39.0,39.28,38.01,37.72,15206186.0,82503752.0
2013-10-25,40.9,40.9,39.0,38.64,38621016.0,216252848.0
2013-10-24,38.5,41.47,41.04,38.15,42432768.0,242129776.0
2013-10-23,39.14,39.63,38.64,38.57,9107092.0,50404152.0
2013-10-22,39.07,39.63,38.92,38.71,10641747.0,58984996.0
2013-10-21,38.22,39.14,38.85,37.94,10653482.0,58170592.0
2013-10-18,38.36,38.64,38.15,38.01,8364532.0,45310076.0
2013-10-17,38.43,38.78,38.22,38.01,7258371.0,39396240.0
2013-10-16,39.42,39.56,38.08,37.94,13931781.0,75899464.0
2013-10-15,39.42,39.84,39.56,39.07,8849320.0,49298864.0
2013-10-14,40.69,40.9,39.7,39.21,22270424.0,125400056.0
2013-10-11,40.27,40.97,40.69,40.05,14894716.0,85414656.0
2013-10-10,40.48,40.83,40.05,39.91,13038699.0,74481976.0
2013-10-09,39.63,41.12,40.76,39.49,26963728.0,153948048.0
2013-10-08,38.15,39.98,39.98,37.87,24696820.0,137194432.0
2013-09-30,37.8,38.29,38.22,37.58,7366760.0,39455984.0
2013-09-27,37.87,38.29,37.51,37.44,12806389.0,68449912.0
2013-09-26,38.43,38.85,37.72,37.58,13972885.0,75362656.0
2013-09-25,39.0,39.35,38.43,38.36,15344248.0,84463056.0
2013-09-24,39.91,39.91,39.07,38.78,19519148.0,108315216.0
2013-09-23,39.84,40.2,40.05,39.56,15964943.0,90130936.0
2013-09-18,39.42,39.91,39.7,39.28,10757275.0,60273216.0
2013-09-17,40.9,41.12,39.56,39.49,17286406.0,98532024.0
2013-09-16,41.89,42.1,40.9,40.76,13679923.0,79977000.0
2013-09-13,42.24,42.6,41.54,41.26,21141006.0,124909440.0
2013-09-12,41.12,42.39,42.17,40.69,31780340.0,187075088.0
2013-09-11,41.26,41.96,41.33,40.9,33765564.0,197377120.0
2013-09-10,40.9,41.19,41.19,40.55,21145688.0,122472000.0
2013-09-09,39.35,41.26,40.76,39.14,36595052.0,209700112.0
2013-09-06,39.63,39.98,39.28,38.85,15796527.0,87663456.0
2013-09-05,39.91,40.62,39.7,39.63,19538668.0,111146592.0
2013-09-04,39.63,39.91,39.77,39.42,11495892.0,64520192.0
2013-09-03,38.57,39.98,39.91,38.57,24643700.0,136966304.0
2013-09-02,39.56,39.63,38.64,38.36,22163180.0,121801072.0
2013-08-30,39.77,39.91,39.63,39.07,16041399.0,89755040.0
2013-08-29,40.13,40.48,39.77,39.21,18535728.0,104228592.0
2013-08-28,40.55,40.55,40.05,39.7,14462240.0,81975272.0
2013-08-27,40.62,40.97,40.76,40.34,12371129.0,71241912.0
2013-08-26,40.27,40.76,40.76,39.98,15357193.0,87930688.0
2013-08-23,40.27,40.55,40.13,39.49,8545135.0,48314856.0
2013-08-22,40.41,40.83,40.2,40.13,7686296.0,44052636.0
2013-08-21,40.62,40.76,40.55,40.13,7726085.0,44172896.0
2013-08-20,41.47,41.61,40.48,40.34,14875688.0,86170680.0
2013-08-19,41.19,41.75,41.54,40.9,7954267.0,46551792.0
2013-08-16,41.61,45.85,41.4,41.04,22874396.0,137599136.0
2013-08-15,42.39,42.67,41.68,41.47,9556057.0,56972724.0
2013-08-14,42.32,43.09,42.39,42.1,25626260.0,154781792.0
2013-08-13,41.89,42.1,41.89,41.4,11379894.0,67343488.0
2013-08-12,40.9,41.96,41.82,40.62,21843838.0,128431368.0
2013-08-09,40.76,41.26,40.69,39.91,16088970.0,92061496.0
2013-08-08,40.55,40.9,40.62,40.34,10284349.0,59113708.0
2013-08-07,40.34,41.96,40.69,40.34,26992612.0,157811920.0
2013-08-06,40.34,40.55,40.13,39.49,14307510.0,80901616.0
2013-08-05,39.77,40.69,40.55,39.7,13680381.0,77602528.0
2013-08-02,41.54,42.03,40.41,40.2,27985670.0,162885024.0
2013-08-01,39.14,39.77,39.63,38.57,14306033.0,79872240.0
2013-07-31,39.49,40.13,38.85,38.57,17264784.0,95972240.0
2013-07-30,37.72,38.57,37.72,37.44,14070943.0,75561912.0
2013-07-29,38.85,38.85,37.51,37.09,12748970.0,67781344.0
2013-07-26,38.92,39.49,38.92,38.71,5173907.0,28565562.0
2013-07-25,39.98,40.27,39.21,39.21,11098726.0,62093480.0
2013-07-24,40.34,40.41,39.84,39.28,8935699.0,50280440.0
2013-07-23,39.28,40.69,40.55,39.0,21776960.0,124018944.0
2013-07-22,39.21,39.84,39.07,38.57,14855752.0,82070832.0
2013-07-19,42.24,42.39,39.21,39.14,19469790.0,112216544.0
2013-07-18,42.32,42.67,42.32,41.47,21407384.0,128028800.0
2013-07-17,41.04,43.09,42.67,40.62,32608748.0,193796736.0
2013-07-16,41.33,41.61,41.47,40.2,28111284.0,162854656.0
2013-07-15,42.03,42.88,41.89,41.54,15727713.0,93643288.0
2013-07-12,42.74,43.59,41.75,41.54,22011990.0,132026256.0
2013-07-11,41.12,44.44,43.02,41.12,63859704.0,386316224.0
2013-07-10,39.91,41.4,41.26,38.85,22991988.0,130860136.0
2013-07-09,40.55,41.26,39.7,39.42,15310664.0,86910544.0
2013-07-08,39.56,41.96,40.83,39.49,31464300.0,182951232.0
2013-07-05,40.27,42.1,40.62,39.91,26779620.0,155869296.0
2013-07-04,39.14,40.34,39.91,38.5,24024716.0,135456304.0
2013-07-03,39.07,39.35,39.28,37.09,18227198.0,99030800.0
2013-07-02,39.14,39.35,39.28,38.15,17051266.0,93332800.0
2013-07-01,38.36,39.63,39.07,38.22,15508640.0,85521856.0
2013-06-28,37.8,40.62,39.21,37.44,37827004.0,210547440.0
2013-06-27,37.3,38.01,37.58,36.81,18308490.0,97063768.0
2013-06-26,37.23,37.58,36.95,36.45,19154836.0,100585848.0
2013-06-25,37.44,38.29,37.09,34.12,32476046.0,169000048.0
2013-06-24,41.33,41.75,37.65,37.44,33947968.0,189635824.0
2013-06-21,39.98,41.82,41.61,39.28,31123088.0,179957696.0
2013-06-20,41.68,43.09,40.69,40.69,23878616.0,141290688.0
2013-06-19,40.83,42.6,42.46,39.28,29259926.0,168439104.0
2013-06-18,40.97,41.33,40.97,40.62,11064919.0,64067624.0
2013-06-17,42.03,42.1,40.76,40.55,16057009.0,93207008.0
2013-06-14,42.03,42.24,41.89,41.4,14954254.0,88293120.0
2013-06-13,43.52,43.59,41.96,41.4,24987222.0,148526864.0
2013-06-07,45.78,46.13,44.01,43.73,18155104.0,114749144.0
2013-06-06,46.98,47.69,45.71,45.57,21401946.0,141174368.0
2013-06-05,46.91,47.33,47.19,46.7,11176327.0,74327640.0
2013-06-04,47.61,47.69,46.91,46.77,14798063.0,98785024.0
2013-06-03,46.48,47.69,47.61,46.48,20998076.0,140393216.0
2013-05-31,47.54,47.9,46.48,46.41,16984720.0,112891912.0
2013-05-30,47.61,48.11,47.47,46.98,29578276.0,199035984.0
2013-05-29,48.04,48.96,47.97,47.54,51762104.0,353954496.0
2013-05-28,45.71,47.97,47.9,45.28,41377860.0,273688672.0
2013-05-27,46.77,46.77,45.92,45.42,27260948.0,177035808.0
2013-05-24,47.33,47.83,46.84,46.7,23816652.0,158559376.0
2013-05-23,47.26,48.53,47.33,47.05,30716152.0,208346752.0
2013-05-22,47.26,48.25,47.54,46.91,30138852.0,203126080.0
2013-05-21,47.33,47.47,47.19,46.7,35214496.0,234664912.0
2013-05-20,48.04,49.73,47.83,47.54,38501872.0,265602144.0
2013-05-17,46.74,47.71,47.34,46.7,30067162.0,308519744.0
2013-05-16,45.09,46.65,46.61,44.95,20872300.0,208522912.0
2013-05-15,44.95,45.18,45.09,44.77,6278436.0,61375924.0
2013-05-14,45.09,45.41,44.77,44.4,11087785.0,108283816.0
2013-05-13,44.81,45.13,45.04,44.49,9360016.0,91195440.0
2013-05-10,44.17,44.86,44.67,44.03,5198035.0,50320444.0
2013-05-09,44.86,44.95,44.35,43.71,10583791.0,101699544.0
2013-05-08,45.55,46.15,44.95,44.72,10571798.0,104457368.0
2013-05-07,44.67,45.73,45.27,44.45,10743711.0,105723936.0
2013-05-06,44.4,44.81,44.63,44.08,9647929.0,93241768.0
2013-05-03,43.62,44.77,44.17,43.62,10021268.0,96629944.0
2013-05-02,42.93,43.85,43.57,42.65,5392129.0,50873248.0
2013-04-26,43.62,43.8,42.83,42.51,6954461.0,65363032.0
2013-04-25,43.98,43.98,43.16,43.02,9329999.0,87999336.0
2013-04-24,43.48,44.26,44.03,43.16,8197269.0,77869584.0
2013-04-23,45.64,45.78,43.2,43.2,16837728.0,161489728.0
2013-04-22,46.47,46.84,45.64,45.46,18356900.0,183094000.0
2013-04-19,46.24,47.16,46.88,46.24,26144664.0,265636896.0
2013-04-18,46.47,47.34,46.33,46.05,12044856.0,121960784.0
2013-04-17,47.16,47.34,46.61,46.05,13672129.0,138667072.0
2013-04-16,44.72,47.16,47.16,44.49,33828936.0,340295520.0
2013-04-15,44.49,45.37,45.04,44.17,20753648.0,202798000.0
2013-04-12,43.94,44.67,44.4,43.75,14164138.0,136506160.0
2013-04-11,44.26,44.49,43.71,43.57,10900274.0,104010480.0
2013-04-10,43.94,44.12,43.8,43.52,7636892.0,72648136.0
2013-04-09,43.29,44.4,43.8,43.29,12752856.0,121523504.0
2013-04-08,43.02,43.02,42.74,41.78,23370296.0,214699056.0
2013-04-03,45.04,45.23,43.89,43.2,11058653.0,105763280.0
2013-04-02,44.77,45.73,44.86,44.45,10909057.0,106796184.0
2013-04-01,43.85,45.55,44.67,43.85,15246006.0,148805024.0
2013-03-29,43.94,44.4,43.85,43.66,5615979.0,53687652.0
2013-03-28,45.32,45.32,43.94,43.89,10912353.0,105193288.0
2013-03-27,45.64,46.56,45.78,45.41,12081323.0,120760672.0
2013-03-26,45.92,46.84,45.73,45.37,13856815.0,138385024.0
2013-03-25,45.83,46.61,46.01,45.5,13765818.0,137669056.0
2013-03-22,45.92,46.1,45.73,45.18,10399084.0,103045864.0
2013-03-21,46.65,46.7,45.69,45.32,16981352.0,169525136.0
2013-03-20,45.83,47.02,46.65,45.69,22463986.0,226918576.0
2013-03-19,44.49,45.96,45.69,44.31,16353397.0,160994208.0
2013-03-18,43.85,44.63,44.35,43.71,5836929.0,56000552.0
2013-03-15,44.26,45.04,43.85,43.39,9049923.0,86938640.0
2013-03-14,44.08,44.67,44.26,43.85,5218454.0,50318328.0
2013-03-13,44.81,44.91,44.12,43.8,8430732.0,80985128.0
2013-03-12,45.27,45.96,44.81,44.31,10193875.0,99920000.0
2013-03-11,45.0,45.5,45.23,44.63,7972411.0,78316520.0
2013-03-08,45.37,45.5,44.91,44.63,8152130.0,79707376.0
2013-03-07,44.95,45.64,45.18,44.03,15496626.0,151937248.0
2013-03-06,44.54,45.5,44.67,44.35,18123572.0,176736272.0
2013-03-05,43.39,44.81,44.77,42.97,30632638.0,290889632.0
2013-03-04,47.3,47.3,44.54,44.54,33423014.0,328208736.0
2013-03-01,50.15,50.52,49.51,49.0,14760732.0,159372512.0
2013-02-28,48.49,50.38,50.24,48.49,29481786.0,318028672.0
2013-02-27,47.66,48.59,48.17,47.44,17341526.0,180936640.0
2013-02-26,48.26,48.86,47.34,47.02,16659350.0,174863824.0
2013-02-25,49.97,50.24,48.54,48.03,28619542.0,303187456.0
2013-02-22,49.46,50.56,49.69,49.37,14189971.0,153992992.0
2013-02-21,49.74,50.43,49.37,48.77,18172226.0,196335776.0
2013-02-20,49.97,50.43,50.24,49.41,18310746.0,198675424.0
2013-02-19,52.22,52.22,49.87,49.37,28820196.0,314890336.0
2013-02-18,53.05,53.28,52.22,51.53,17724056.0,201028112.0
2013-02-08,52.68,53.14,52.73,52.27,13578689.0,155710416.0
2013-02-07,51.71,52.77,52.59,51.12,18266658.0,206982096.0
2013-02-06,53.05,53.37,51.81,51.62,25114356.0,285461664.0
2013-02-05,51.99,54.57,53.69,51.81,28065396.0,326351360.0
2013-02-04,52.27,52.91,52.45,50.89,31754636.0,358930912.0
2013-02-01,52.22,52.4,52.04,51.39,28473844.0,321068064.0
2013-01-31,54.98,55.16,52.08,51.81,38679348.0,443916640.0
2013-01-30,54.61,55.76,55.72,54.2,22984062.0,275405856.0
2013-01-29,55.12,56.45,54.75,54.57,24458212.0,295061920.0
2013-01-28,52.91,55.21,54.94,52.91,24339206.0,286886112.0
2013-01-25,53.28,53.32,52.82,52.08,16667133.0,190780992.0
2013-01-24,53.69,55.26,53.28,52.27,36601376.0,428808352.0
2013-01-23,55.12,55.95,53.51,53.09,34573848.0,406010976.0
2013-01-22,56.68,56.91,55.3,54.7,27760140.0,335901696.0
2013-01-21,59.72,59.95,56.82,56.55,32093112.0,401816992.0
2013-01-18,57.37,59.77,58.89,57.28,21682530.0,275051840.0
2013-01-17,57.14,58.25,57.05,56.77,21782134.0,272490944.0
2013-01-16,57.97,58.57,57.05,56.36,21468068.0,265695488.0
2013-01-15,59.35,59.58,58.66,57.83,19479684.0,247998720.0
2013-01-14,56.22,60.04,59.31,56.22,27756464.0,349903776.0
2013-01-11,59.12,59.58,56.36,55.9,19389092.0,240578336.0
2013-01-10,58.71,60.04,59.35,58.57,21494706.0,277917248.0
2013-01-09,58.48,58.98,58.57,57.6,17484844.0,221299520.0
2013-01-08,59.67,60.23,58.71,57.33,19145124.0,242890416.0
2013-01-07,60.23,60.27,59.81,58.71,13845851.0,178820848.0
2013-01-04,61.88,62.02,60.69,58.89,19830922.0,260493120.0
2012-12-31,58.2,60.73,60.36,56.96,21980636.0,283272864.0
2012-12-28,54.43,58.38,57.88,54.24,20991080.0,257458560.0
2012-12-27,54.7,55.21,54.48,53.69,14491381.0,172033312.0
2012-12-26,53.78,56.09,54.7,53.46,29289572.0,348125344.0
2012-12-25,50.89,54.66,53.74,50.56,29875182.0,346275520.0
2012-12-24,50.43,51.81,50.98,50.2,12661630.0,140808304.0
2012-12-21,51.02,52.13,50.84,49.92,21647322.0,239606768.0
2012-12-20,49.37,51.53,51.02,49.23,23967552.0,262311552.0
2012-12-19,50.15,50.38,50.01,48.54,29983152.0,322000224.0
2012-12-18,51.99,53.14,50.52,50.24,26951516.0,300011520.0
2012-12-17,53.37,55.26,52.5,52.17,23268998.0,271516320.0
2012-12-14,50.66,54.43,53.42,50.2,26253832.0,299877824.0
2012-12-13,50.7,51.58,50.75,50.2,11806887.0,130979512.0
2012-12-12,50.89,51.3,51.12,49.87,7359189.0,81057168.0
2012-12-11,50.79,51.76,51.07,50.47,8524584.0,94632208.0
2012-12-10,50.06,52.08,51.53,49.28,24323344.0,267968992.0
2012-12-07,49.92,50.98,49.87,48.82,19081576.0,206563248.0
2012-12-06,49.92,51.16,50.01,49.55,14741834.0,161731184.0
2012-12-05,47.71,50.79,49.92,46.98,22638896.0,244829040.0
2012-12-04,46.74,47.76,47.71,45.69,12257209.0,125109000.0
2012-12-03,46.33,48.45,47.07,46.33,19843314.0,205613536.0
2012-11-30,45.09,47.25,46.61,44.63,9844864.0,99110272.0
2012-11-29,45.18,45.46,45.04,44.72,5507043.0,53937872.0
2012-11-28,46.47,46.7,45.32,44.17,10039132.0,98209656.0
2012-11-27,47.2,47.53,46.93,46.15,6478214.0,65778832.0
2012-11-26,47.62,47.85,47.71,46.84,4408177.0,45439344.0
2012-11-23,46.79,48.35,47.9,46.47,10792476.0,111564768.0
2012-11-22,46.1,47.34,46.7,45.55,7804372.0,79053504.0
2012-11-21,45.23,46.61,46.56,44.67,8653118.0,85989152.0
2012-11-20,45.09,45.73,45.32,44.45,7505798.0,73619472.0
2012-11-19,45.37,45.41,45.32,43.8,8491864.0,82331248.0
2012-11-16,45.09,45.73,45.5,43.94,8003650.0,78132072.0
2012-11-15,46.01,46.74,45.46,45.04,8997379.0,89611864.0
2012-11-14,46.19,46.65,46.47,45.83,3488699.0,35087764.0
2012-11-13,48.35,48.35,46.38,46.15,6431521.0,65684936.0
2012-11-12,47.02,48.45,48.26,47.02,7568307.0,79050072.0
2012-11-09,46.7,47.62,47.34,46.7,3571161.0,36704608.0
2012-11-08,46.93,48.63,47.07,46.52,8963803.0,92896856.0
2012-11-07,48.31,48.59,47.44,47.16,7922400.0,82114000.0
2012-11-06,49.18,49.18,48.45,47.44,7876968.0,82569088.0
2012-11-05,49.28,49.87,49.23,48.54,11281684.0,120757776.0
2012-11-02,48.86,50.24,49.23,48.31,13946673.0,149171824.0
2012-11-01,46.98,49.69,48.91,46.98,18411362.0,194551328.0
2012-10-31,46.84,47.34,47.16,45.83,6539530.0,66336184.0
2012-10-30,45.78,47.48,46.84,45.78,6929328.0,70508904.0
2012-10-29,45.64,45.96,45.78,45.09,3713258.0,36686892.0
2012-10-26,46.7,47.16,45.96,45.09,5539186.0,55501912.0
2012-10-25,47.02,47.53,46.56,46.19,7305364.0,74382568.0
2012-10-24,47.53,48.08,47.2,46.84,7057908.0,72798784.0
2012-10-23,48.95,49.87,48.36,47.99,13762080.0,146072672.0
2012-10-22,47.94,49.23,49.0,47.39,11330444.0,119230568.0
2012-10-19,46.7,48.77,48.13,46.47,20747056.0,215206688.0
2012-10-18,44.54,47.99,47.07,44.17,21406916.0,214437152.0
2012-10-17,45.23,45.32,44.26,43.85,3903450.0,37529840.0
2012-10-16,44.91,45.41,44.63,44.58,4377416.0,42861316.0
2012-10-15,45.69,45.78,44.91,44.4,2856159.0,27879490.0
2012-10-12,45.83,46.98,45.55,45.13,5156542.0,51528864.0
2012-10-11,45.55,46.01,45.69,44.95,6072846.0,60001072.0
2012-10-10,45.09,46.01,45.92,44.77,7284796.0,71793264.0
2012-10-09,43.71,45.73,45.46,43.71,12019274.0,117072280.0
2012-10-08,44.03,44.81,43.71,43.3,4981034.0,47629080.0
2012-09-28,42.28,45.0,44.54,42.05,14108786.0,134827872.0
2012-09-27,40.82,42.86,42.5,40.73,8982406.0,83236128.0
2012-09-26,41.5,41.63,40.91,40.36,4130100.0,37104816.0
2012-09-25,41.27,41.95,41.54,41.05,6048663.0,55314128.0
2012-09-24,40.36,41.95,41.36,39.82,7605327.0,68819808.0
2012-09-21,40.73,41.32,40.59,40.27,6275065.0,56295588.0
2012-09-20,41.77,41.95,40.86,40.77,8313268.0,75551984.0
2012-09-19,42.45,42.45,42.18,41.36,9268429.0,85798584.0
2012-09-18,42.18,42.68,42.09,41.77,6260149.0,58343920.0
2012-09-17,43.77,44.35,42.31,41.63,15056071.0,141098048.0
2012-09-14,46.26,46.44,44.58,43.81,11236687.0,110733552.0
2012-09-13,45.62,46.58,45.58,45.4,6525256.0,66333352.0
2012-09-12,45.94,46.49,45.85,45.04,7952941.0,79871984.0
2012-09-11,47.08,47.08,45.72,45.31,11226756.0,113101880.0
2012-09-10,47.35,48.71,46.99,46.49,10860095.0,113256592.0
2012-09-07,46.67,48.21,47.3,46.26,14259767.0,148526720.0
2012-09-06,45.85,46.85,46.03,45.62,7311299.0,74369112.0
2012-09-05,45.13,46.35,45.72,45.04,5838957.0,59111896.0
2012-09-04,45.4,46.49,45.26,44.95,6792746.0,68431664.0
2012-09-03,43.54,47.94,45.94,43.13,22924280.0,232675168.0
2012-08-31,42.72,44.08,43.77,42.63,14012661.0,134570896.0
2012-08-30,41.68,43.45,43.04,41.41,9437699.0,88203896.0
2012-08-29,41.27,42.18,41.91,40.36,10608103.0,96323232.0
2012-08-28,42.45,42.68,41.63,40.59,11594395.0,105544912.0
2012-08-27,42.68,43.58,42.63,42.54,4466245.0,42327828.0
2012-08-24,42.77,43.36,43.27,42.13,5752309.0,54261164.0
2012-08-23,42.18,43.45,43.13,41.73,13884884.0,130257568.0
2012-08-22,42.41,42.41,42.0,41.32,7709975.0,71044032.0
2012-08-21,42.45,43.54,42.27,41.95,6238139.0,58752364.0
2012-08-20,43.18,43.18,42.63,41.27,10216238.0,94437392.0
2012-08-17,43.77,44.13,43.81,42.72,6424461.0,61768476.0
2012-08-16,43.49,44.04,43.77,43.45,3404961.0,32865428.0
2012-08-15,43.99,44.17,43.72,43.04,7077201.0,68007912.0
2012-08-14,43.22,44.49,44.31,42.95,14887539.0,143674784.0
2012-08-13,46.31,46.31,43.04,42.59,22058102.0,212860048.0
2012-08-10,48.66,48.66,46.58,46.31,8956605.0,92981096.0
2012-08-09,47.08,48.57,48.39,47.08,10941626.0,116089408.0
2012-08-08,46.49,47.85,47.08,46.49,11463033.0,119069832.0
2012-08-07,46.8,46.94,46.71,46.35,6895443.0,70840824.0
2012-08-06,45.94,47.08,46.9,45.08,7742108.0,78459032.0
2012-08-03,46.71,47.08,46.17,44.95,7557428.0,76298448.0
2012-08-02,51.16,51.25,46.17,46.08,13037833.0,137242272.0
2012-08-01,50.43,53.02,51.2,50.34,5906991.0,67683064.0
2012-07-31,49.03,51.66,50.43,48.89,4486915.0,49878660.0
2012-07-30,49.66,50.57,49.03,48.84,2963753.0,32426426.0
2012-07-27,49.25,50.16,49.66,48.53,4867409.0,53029756.0
2012-07-26,50.57,50.98,49.53,48.16,10140859.0,110431152.0
2012-07-25,52.7,52.7,51.16,49.53,11163291.0,125037424.0
2012-07-24,51.38,53.79,53.02,51.02,6472538.0,75911320.0
2012-07-23,51.52,52.61,52.11,50.3,5115621.0,58204204.0
2012-07-20,53.15,53.29,52.2,50.98,13454800.0,155099824.0
2012-07-19,54.83,55.83,53.97,52.16,12938027.0,154349888.0
2012-07-18,60.09,60.09,55.74,53.7,21536714.0,259640144.0
2012-07-17,59.01,60.32,59.64,58.55,2205446.0,29085444.0
2012-07-16,61.32,61.54,59.19,58.05,5214054.0,68077960.0
2012-07-13,60.82,61.82,61.36,60.32,2831512.0,38117608.0
2012-07-12,59.05,61.23,61.14,58.51,7636051.0,100872008.0
2012-07-11,59.78,60.0,59.78,58.6,6986211.0,91174856.0
2012-07-10,62.27,62.27,59.91,58.91,10540456.0,139420784.0
2012-07-09,62.36,64.4,62.27,61.77,6025739.0,84418696.0
2012-07-06,60.95,63.68,63.04,60.95,9869702.0,135051200.0
2012-07-05,59.73,61.0,60.0,58.91,4416484.0,58349332.0
2012-07-04,60.55,60.91,60.46,59.41,2592609.0,34418056.0
2012-07-03,59.87,61.68,60.73,58.96,6053934.0,80828304.0
2012-07-02,60.27,61.59,59.87,59.46,3803201.0,50660856.0
2012-06-29,57.24,61.0,60.05,56.92,7374200.0,95603112.0
2012-06-28,57.51,58.1,57.42,57.24,5700307.0,72546568.0
2012-06-27,57.51,59.87,57.51,56.33,9021281.0,116213752.0
2012-06-26,56.51,58.41,57.78,55.69,5367635.0,67781096.0
2012-06-25,58.91,59.19,56.37,55.2,9605599.0,120871104.0
2012-06-21,58.87,59.87,58.96,58.41,4896807.0,63746472.0
2012-06-20,59.73,60.23,58.87,58.19,7771724.0,100856952.0
2012-06-19,61.91,61.91,59.55,58.96,6907870.0,92282824.0
2012-06-18,62.36,62.59,61.91,61.05,5444986.0,74235760.0
2012-06-15,63.49,63.49,62.68,60.18,10727794.0,145191376.0
2012-06-14,63.49,63.77,63.31,63.04,7020842.0,98236496.0
2012-06-13,63.54,64.9,63.95,63.31,12743593.0,180010736.0
2012-06-12,62.09,64.58,63.81,61.63,13308754.0,185217440.0
2012-06-11,60.05,62.86,62.54,58.6,13109686.0,176270032.0
2012-06-08,61.91,62.13,59.5,59.19,12916046.0,172436288.0
2012-06-07,61.68,62.81,60.73,60.27,7724140.0,104745264.0
2012-06-06,61.0,62.09,61.59,59.41,6783743.0,91313360.0
2012-06-05,61.32,61.77,61.63,59.73,3564026.0,47782564.0
2012-06-04,61.68,62.59,61.36,60.46,5680524.0,77302488.0
2012-06-01,62.68,63.27,62.81,61.91,7828492.0,107784952.0
2012-05-31,61.32,63.22,63.04,60.68,6847515.0,93688512.0
2012-05-30,60.82,63.09,62.04,60.41,10833859.0,148176720.0
2012-05-29,58.51,61.73,60.95,58.19,13967225.0,186506336.0
2012-05-28,57.37,59.0,58.87,55.1,9504333.0,121088856.0
2012-05-25,57.28,58.28,56.78,56.74,4993364.0,63270880.0
2012-05-24,57.6,58.05,56.96,55.83,6968670.0,87788288.0
2012-05-23,56.1,58.51,57.6,55.83,8476484.0,107696776.0
2012-05-22,54.02,56.69,56.51,54.02,11024355.0,135802672.0
2012-05-21,53.97,54.65,54.38,53.47,3000262.0,35820360.0
2012-05-18,54.88,54.88,53.92,53.61,2880869.0,34494508.0
2012-05-17,54.29,55.38,55.01,54.02,4107319.0,49714964.0
2012-05-16,55.78,56.06,54.38,54.06,5993359.0,72055696.0
2012-05-15,54.2,56.24,55.88,53.56,6414678.0,78262264.0
2012-05-14,54.71,55.74,54.8,54.26,10606861.0,130092624.0
2012-05-11,54.4,54.93,54.31,54.13,3417352.0,41589048.0
2012-05-10,55.2,55.43,54.89,54.26,3411499.0,41810276.0
2012-05-09,55.61,56.14,54.93,53.72,7540265.0,92445264.0
2012-05-08,56.41,57.17,56.1,55.29,6670274.0,83952432.0
2012-05-07,56.91,57.26,57.04,55.16,13364678.0,167303936.0
2012-05-04,56.55,57.76,57.26,55.34,7907700.0,100155936.0
2012-05-03,56.82,57.58,57.13,54.49,9081988.0,113304032.0
2012-05-02,56.37,58.47,57.26,55.2,11686540.0,148640576.0
2012-04-27,55.47,56.99,56.28,54.93,14951151.0,187231472.0
2012-04-26,54.71,56.01,55.56,54.35,17702464.0,218143696.0
2012-04-25,52.65,55.47,55.38,52.11,22258182.0,269188864.0
2012-04-24,52.6,54.44,52.87,50.77,14082807.0,165525728.0
2012-04-23,55.29,55.29,52.87,51.98,14215433.0,168926496.0
2012-04-19,55.25,56.01,55.52,54.76,9575910.0,118169064.0
2012-04-18,54.76,56.1,55.7,53.68,13807996.0,169928992.0
2012-04-17,55.11,56.28,54.58,53.95,6589779.0,80885168.0
2012-04-16,53.68,55.88,55.65,53.01,5153417.0,62916864.0
2012-04-13,55.02,57.13,54.8,54.22,8880296.0,110073832.0
2012-04-12,54.49,55.52,55.02,53.37,10540897.0,128476664.0
2012-04-11,54.17,57.17,54.53,53.99,12242710.0,152379344.0
2012-04-10,53.41,55.11,55.02,51.66,8197369.0,97247944.0
2012-04-09,54.13,54.17,53.32,52.87,5788583.0,68922448.0
2012-04-06,53.63,55.56,54.22,52.38,11798260.0,142689264.0
2012-04-05,51.8,54.66,53.63,51.39,15455146.0,183558000.0
2012-03-30,50.5,52.56,52.34,49.78,11736506.0,135606048.0
2012-03-29,48.62,52.34,50.54,46.29,20625628.0,232466480.0
2012-03-28,49.42,50.68,48.62,48.26,9960775.0,110175552.0
2012-03-27,49.38,50.9,49.42,49.2,7615452.0,84906808.0
2012-03-26,48.39,49.96,49.29,48.39,7444143.0,81888448.0
2012-03-23,49.56,50.63,48.98,48.66,8692983.0,96313544.0
2012-03-22,49.42,51.17,50.05,49.2,8979271.0,101235728.0
2012-03-21,49.6,50.09,49.69,48.44,11661266.0,129030064.0
2012-03-20,47.94,50.5,49.24,47.94,39205984.0,431543584.0
2012-03-19,48.17,48.62,47.77,46.82,19186750.0,203730512.0
2012-03-16,47.72,49.29,48.71,47.05,14960788.0,160539488.0
2012-03-15,48.84,48.88,47.81,46.42,18605242.0,197135184.0
2012-03-14,52.34,53.1,49.06,48.62,16231577.0,186970688.0
2012-03-13,52.11,52.69,52.2,51.08,12851068.0,148635360.0
2012-03-12,52.87,53.41,52.42,50.36,22645700.0,261470832.0
2012-03-08,52.96,54.26,53.14,52.74,14829493.0,177597312.0
2012-03-07,52.83,53.72,52.83,51.98,5156413.0,60779616.0
2012-03-06,55.11,55.11,53.77,53.1,7207183.0,86489552.0
2012-03-05,55.65,56.01,55.11,54.44,10455074.0,128724344.0
2012-03-02,52.56,56.77,55.65,52.25,21192720.0,259984496.0
2012-03-01,51.3,53.37,53.23,51.13,17450840.0,204036640.0
2012-02-29,52.2,52.69,52.16,50.81,21922728.0,253284144.0
2012-02-28,51.8,53.63,53.32,51.44,10753422.0,126255704.0
2012-02-27,53.37,53.99,52.47,51.75,21378876.0,252025840.0
2012-02-24,49.65,53.9,52.92,49.15,26408986.0,304965984.0
2012-02-23,48.57,50.68,49.92,48.39,17807632.0,198282448.0
2012-02-22,45.93,49.96,49.11,45.93,27410584.0,295023392.0
2012-02-21,44.05,46.02,45.79,43.69,16445708.0,164739424.0
2012-02-20,44.14,45.34,43.87,43.6,18969288.0,187972608.0
2012-02-17,43.37,43.55,43.28,42.3,11300021.0,108544328.0
2012-02-16,42.84,43.24,43.15,42.61,11088663.0,106375312.0
2012-02-15,42.48,43.73,43.2,41.85,19740688.0,188888720.0
2012-02-14,42.12,42.79,42.66,41.4,13662769.0,128562656.0
2012-02-13,42.66,42.75,42.61,40.1,23514318.0,220483248.0
2012-02-10,42.61,45.52,44.09,42.57,38619832.0,381061760.0
2012-02-09,41.0,42.39,41.76,40.28,23390348.0,217192976.0
2012-02-08,39.66,41.31,41.09,39.66,18407292.0,167241808.0
2012-02-07,40.82,40.82,39.88,39.48,16009675.0,142678112.0
2012-02-06,43.6,43.6,41.04,40.91,26529520.0,246468448.0
2012-02-03,42.93,43.96,43.69,42.61,7106779.0,68847128.0
2012-02-02,42.25,43.69,43.46,41.04,8391954.0,78802912.0
2012-02-01,43.06,43.91,42.03,41.63,5590792.0,53596640.0
2012-01-31,42.07,43.33,43.1,41.81,6731006.0,64009012.0
2012-01-30,43.91,43.91,42.03,41.9,7838191.0,74967064.0
2012-01-20,41.49,44.27,44.05,41.49,17191520.0,164674736.0
2012-01-19,39.88,41.4,41.31,39.34,10179466.0,92297376.0
2012-01-18,40.64,41.72,39.7,39.43,9340698.0,84936040.0
2012-01-17,38.98,42.03,40.77,38.04,16954818.0,150619968.0
2012-01-16,41.22,41.45,39.52,39.48,6813538.0,61578960.0
2012-01-13,42.97,43.6,41.76,40.42,10282687.0,95831088.0
2012-01-12,42.12,43.91,42.84,41.85,12546126.0,120087696.0
2012-01-11,42.93,43.28,42.39,41.98,12233785.0,115617776.0
2012-01-10,41.67,43.55,43.37,41.13,21978796.0,208299904.0
2012-01-09,40.1,42.12,42.03,38.62,10248860.0,92493080.0
2012-01-06,40.15,40.6,40.51,38.09,8629964.0,75636824.0
2012-01-05,41.27,41.67,40.37,39.48,15777696.0,142080624.0
2012-01-04,42.97,43.6,41.45,41.27,9138657.0,87097824.0
