date,open,high,close,low,volume,amount
2015-07-10,67.83,67.83,67.83,65.25,18048166.0,412135168.0
2015-07-09,56.07,61.67,61.67,51.78,45502428.0,899097280.0
2015-07-08,56.07,59.15,56.07,56.07,41383888.0,787693248.0
2015-07-07,65.52,66.44,62.29,62.29,45763884.0,966438912.0
2015-07-06,84.42,84.42,69.22,69.22,40568656.0,1012908096.0
2015-07-03,80.27,85.39,76.92,76.92,34196020.0,905196032.0
2015-07-02,95.08,97.54,85.48,85.39,35751552.0,1082089856.0
2015-07-01,102.34,108.53,94.87,94.78,28134984.0,982452032.0
2015-06-30,94.84,103.67,103.46,88.06,44128352.0,1405295616.0
2015-06-29,111.08,111.9,97.83,97.83,34600644.0,1188928640.0
2015-06-26,115.52,121.32,108.71,108.71,22330560.0,855646528.0
2015-06-25,126.77,128.55,120.79,118.72,20719048.0,872304768.0
2015-06-24,122.24,127.25,124.67,120.79,24992332.0,1047963264.0
2015-06-23,115.87,124.34,122.18,109.98,25865742.0,1024285312.0
2015-06-19,121.83,127.31,115.55,115.13,22503708.0,918662528.0
2015-06-18,125.89,130.48,123.63,121.15,17971092.0,766726912.0
2015-06-17,127.96,129.85,127.84,122.12,22912524.0,974990464.0
2015-06-16,135.66,137.44,128.52,126.48,29318272.0,1295271040.0
2015-06-15,139.6,143.84,139.21,136.55,28874124.0,1363980800.0
2015-06-12,144.25,144.25,139.6,137.97,28729986.0,1362090624.0
2015-06-11,136.84,143.39,143.12,135.66,41011704.0,1935593600.0
2015-06-10,131.07,137.56,134.47,128.85,23197030.0,1054260992.0
2015-06-09,134.33,138.77,133.79,130.33,26067004.0,1188406144.0
2015-06-08,135.66,135.69,132.96,128.25,26086632.0,1159003520.0
2015-06-05,138.06,140.67,135.69,133.05,32871100.0,1525051520.0
2015-06-04,134.44,135.28,132.46,122.98,27508662.0,1207972096.0
2015-06-03,141.14,141.88,136.1,133.29,28214420.0,1302078208.0
2015-06-02,135.96,142.18,140.9,133.76,32394602.0,1517940352.0
2015-06-01,128.49,137.38,136.07,127.4,30486932.0,1381923072.0
2015-05-29,125.59,131.1,128.49,119.1,34842284.0,1496009088.0
2015-05-28,136.28,141.58,125.29,125.23,46066564.0,2073924224.0
2015-05-27,140.69,148.4,139.16,135.07,48969384.0,2350110976.0
2015-05-26,131.51,142.26,140.67,130.03,50507580.0,2332421376.0
2015-05-25,122.09,131.01,129.41,120.55,36752840.0,1584051456.0
2015-05-22,122.86,123.66,122.03,118.45,30281506.0,1233126656.0
2015-05-21,118.18,122.18,121.47,115.52,26572304.0,1076559872.0
2015-05-20,118.66,124.26,118.33,117.0,32772928.0,1345532928.0
2015-05-19,118.21,118.21,117.98,114.51,23197904.0,913521024.0
2015-05-18,118.42,123.04,118.3,117.92,30778872.0,1247952128.0
2015-05-15,116.11,119.87,117.86,114.04,33682520.0,1336315136.0
2015-05-14,116.56,119.61,115.93,115.25,23764132.0,938598848.0
2015-05-13,119.96,122.89,116.91,116.85,38438048.0,1552257536.0
2015-05-12,111.05,122.54,122.51,110.54,49396232.0,1943321088.0
2015-05-11,110.13,112.76,111.4,109.0,27252504.0,1019708672.0
2015-05-08,107.82,110.19,108.91,106.34,22215296.0,813062272.0
2015-05-07,106.16,112.56,106.75,105.06,26663948.0,972407936.0
2015-05-06,110.22,111.34,105.98,105.33,28167878.0,1034359552.0
2015-05-05,113.65,113.65,108.97,108.7,34166368.0,1283233536.0
2015-05-04,109.59,115.78,114.81,108.41,55826860.0,2129367424.0
2015-04-30,100.59,110.63,110.63,100.56,52699720.0,1886032128.0
2015-04-29,98.87,103.08,100.56,98.69,25447634.0,868241920.0
2015-04-28,104.26,105.45,99.46,98.34,33979280.0,1161429248.0
2015-04-27,105.68,109.53,105.62,104.8,41475956.0,1497059072.0
2015-04-24,101.6,109.24,104.0,100.35,41885500.0,1484473088.0
2015-04-23,105.0,105.12,101.69,100.74,32950862.0,1137792768.0
2015-04-22,103.08,105.57,103.67,101.6,39313492.0,1379855104.0
2015-04-21,101.42,109.33,102.84,100.29,57600648.0,2025728384.0
2015-04-20,98.28,106.51,101.03,96.56,62112668.0,2131141632.0
2015-04-17,97.75,102.43,99.02,97.3,63841480.0,2148023808.0
2015-04-16,88.86,97.54,97.54,88.83,65805360.0,2133713024.0
2015-04-15,92.18,92.21,88.68,88.59,23799680.0,723302784.0
2015-04-14,92.95,94.37,92.27,91.38,26516850.0,830018944.0
2015-04-13,91.88,94.69,92.95,90.84,32572612.0,1021723584.0
2015-04-10,87.05,92.39,91.76,86.96,34470036.0,1048458752.0
2015-04-09,90.78,91.17,87.05,85.66,30758180.0,910409472.0
2015-04-08,93.57,94.04,90.81,89.75,32170334.0,994960192.0
2015-04-07,93.3,94.28,93.36,92.42,28928784.0,908995968.0
2015-04-03,91.23,94.37,93.33,90.58,36774788.0,1145768320.0
2015-04-02,93.21,93.45,91.53,90.34,29265896.0,904770048.0
2015-04-01,92.77,94.43,92.47,91.32,35028708.0,1095976320.0
2015-03-31,91.56,92.83,90.64,90.1,32565950.0,1007281728.0
2015-03-30,90.05,92.06,91.61,88.98,30960848.0,949392256.0
2015-03-27,90.79,90.87,88.98,88.59,16962204.0,510948704.0
2015-03-26,89.22,91.38,89.84,88.18,29887408.0,907595008.0
2015-03-25,90.93,91.08,88.83,88.06,26464380.0,799025408.0
2015-03-24,89.81,92.53,90.81,87.53,39138752.0,1194640000.0
2015-03-23,88.65,90.13,89.42,88.0,29073060.0,874940608.0
2015-03-20,87.85,89.31,88.42,87.35,25959836.0,773487488.0
2015-03-19,88.8,89.22,87.85,86.99,25756536.0,765466048.0
2015-03-18,87.02,89.19,88.68,86.34,34222056.0,1015787200.0
2015-03-17,86.58,88.74,87.05,86.08,34112476.0,1005005248.0
2015-03-16,84.77,87.02,86.55,84.24,25361596.0,732875904.0
2015-03-13,84.89,85.42,84.36,83.97,11361238.0,323744544.0
2015-03-12,83.91,85.1,84.42,83.83,9933350.0,283224576.0
2015-03-11,85.39,86.28,84.36,83.53,12362561.0,352634176.0
2015-03-10,84.77,85.72,85.1,84.39,12582812.0,361415552.0
2015-03-09,82.94,85.1,84.86,82.37,10109640.0,285502528.0
2015-03-06,85.13,86.31,83.71,83.53,12546111.0,359547776.0
2015-03-05,87.38,87.38,85.34,85.04,20959008.0,607791808.0
2015-03-04,85.78,87.38,87.35,85.36,37203396.0,1089075584.0
2015-03-03,86.19,87.32,85.34,85.01,21540764.0,625850432.0
2015-03-02,85.57,86.7,86.25,83.77,24647412.0,710081600.0
2015-02-27,83.5,87.14,84.98,83.5,28795024.0,833545024.0
2015-02-26,82.23,83.2,83.0,81.75,15505226.0,432662336.0
2015-02-25,81.75,83.32,82.23,81.19,11557211.0,321109632.0
2015-02-17,82.4,82.88,81.63,81.4,8878181.0,245368064.0
2015-02-16,82.28,82.79,82.37,81.72,15684284.0,435153920.0
2015-02-13,82.58,83.38,82.25,82.05,14186293.0,396269152.0
2015-02-12,82.64,83.83,82.02,81.78,15252824.0,425762880.0
2015-02-11,79.77,83.68,82.73,79.32,16150719.0,443794208.0
2015-02-10,78.79,79.89,79.71,78.49,7186354.0,191912256.0
2015-02-09,79.17,79.97,78.79,78.23,7177112.0,192147728.0
2015-02-06,79.71,81.22,78.64,78.23,11010924.0,297075520.0
2015-02-05,82.94,83.35,80.06,80.0,14539364.0,399708032.0
2015-02-04,83.38,84.71,82.58,82.49,16164815.0,456693984.0
2015-02-03,82.94,83.59,83.41,82.05,9920830.0,277807808.0
2015-02-02,81.96,82.88,81.87,80.89,8226059.0,227921232.0
2015-01-30,83.08,83.77,82.23,81.93,13092942.0,366160064.0
2015-01-29,84.68,84.68,82.7,82.55,15909272.0,447592896.0
2015-01-28,87.38,87.47,85.07,85.04,18361896.0,532198592.0
2015-01-27,86.79,88.15,87.35,85.93,30949156.0,910412160.0
2015-01-26,86.52,87.73,86.7,85.69,17928420.0,524455296.0
2015-01-23,88.27,88.27,85.72,85.22,34814632.0,1018733440.0
2015-01-22,86.22,90.61,88.56,84.57,47510784.0,1402059520.0
2015-01-21,84.12,85.9,85.84,83.59,42799056.0,1229666048.0
2015-01-20,81.75,84.42,84.21,81.6,22732044.0,637627328.0
2015-01-19,82.64,86.05,81.43,79.68,29583852.0,842198656.0
2015-01-16,81.48,84.86,84.21,80.27,24590292.0,686940096.0
2015-01-15,80.8,81.4,81.31,79.38,13910928.0,377162528.0
2015-01-14,82.94,82.97,80.89,80.6,18585136.0,513615648.0
2015-01-13,82.11,83.41,82.43,82.11,20681004.0,578472000.0
2015-01-12,82.94,83.53,82.76,81.16,13486041.0,376454976.0
2015-01-09,83.83,85.6,83.47,83.38,22754440.0,651394176.0
2015-01-08,83.29,85.84,84.21,81.25,22184544.0,624000960.0
2015-01-07,84.77,85.1,83.29,82.97,14386401.0,407334208.0
2015-01-06,82.08,86.05,84.74,81.99,25249650.0,719764864.0
2015-01-05,81.99,82.58,82.08,79.06,15496165.0,422844864.0
2014-12-31,82.05,83.11,82.02,80.39,16634356.0,461177024.0
2014-12-30,83.89,84.51,81.93,80.75,12685630.0,352893632.0
2014-12-29,85.28,85.31,83.59,82.82,19032258.0,537380224.0
2014-12-26,85.07,88.56,86.25,84.57,19808802.0,577419712.0
2014-12-25,85.22,85.9,85.34,83.53,18663514.0,535219840.0
2014-12-24,83.56,85.45,85.01,82.82,14319306.0,407186080.0
2014-12-23,84.45,86.34,83.26,82.52,19185820.0,547727744.0
2014-12-22,88.27,88.42,83.89,82.94,22857910.0,657993664.0
2014-12-19,87.38,88.27,86.85,83.74,25424808.0,732808064.0
2014-12-18,86.85,91.47,88.8,86.49,40467992.0,1219208064.0
2014-12-17,89.07,90.31,87.59,85.84,29895752.0,881592704.0
2014-12-16,86.82,90.49,89.33,85.54,30622792.0,913356416.0
2014-12-15,85.28,89.01,87.41,82.94,32313552.0,944569728.0
2014-12-12,84.42,90.61,89.6,83.23,25387912.0,746629568.0
2014-12-11,83.38,86.4,84.36,81.75,18829060.0,533654656.0
2014-12-10,81.66,87.05,84.15,78.85,24579802.0,691151040.0
2014-12-09,93.66,95.44,84.51,84.51,44048928.0,1326466176.0
2014-12-08,90.64,97.16,93.9,88.71,54873760.0,1728189824.0
2014-12-05,84.89,90.37,89.28,78.14,53493624.0,1564120448.0
2014-12-04,82.88,84.39,83.29,81.78,25566784.0,718536256.0
2014-12-03,75.38,83.68,83.44,75.38,28787048.0,761962624.0
2014-12-02,74.94,76.45,76.06,74.44,11817843.0,302617440.0
2014-12-01,77.55,77.55,74.91,74.79,14325160.0,365748192.0
2014-11-28,79.2,79.68,77.69,76.81,15188205.0,400397248.0
2014-11-27,79.97,81.1,79.77,78.64,17725034.0,478938112.0
2014-11-26,78.49,81.19,79.77,77.49,15367661.0,411508288.0
2014-11-25,77.75,78.46,78.26,77.31,12405299.0,326903808.0
2014-11-24,76.98,78.35,77.55,75.77,14824385.0,386143008.0
2014-11-21,75.09,76.42,76.3,74.79,6717435.0,171972096.0
2014-11-20,76.33,76.33,74.88,74.85,6030751.0,153341056.0
2014-11-19,76.6,76.86,76.36,74.05,9627361.0,245650944.0
2014-11-18,75.98,77.55,76.6,75.98,7100822.0,183576304.0
2014-11-17,75.09,76.86,75.86,74.05,10369106.0,265931648.0
2014-11-14,73.69,75.06,74.35,72.57,9119154.0,227857120.0
2014-11-13,77.13,77.22,73.84,72.57,17175738.0,428891648.0
2014-11-12,75.83,77.96,77.13,75.83,9468116.0,246483392.0
2014-11-11,79.94,80.66,76.42,76.01,17602204.0,461848576.0
2014-11-10,80.57,80.69,79.94,78.2,15326757.0,408801952.0
2014-11-07,80.72,82.05,80.21,79.68,12922750.0,353245024.0
2014-11-06,81.4,81.6,80.36,79.35,11358141.0,307385792.0
2014-11-05,79.83,82.28,80.66,79.68,11009946.0,301742080.0
2014-11-04,82.4,82.64,79.92,79.38,14328663.0,389185536.0
2014-11-03,81.66,83.23,82.28,81.31,11211681.0,312220224.0
2014-10-31,82.97,83.68,81.57,80.57,13395630.0,368218880.0
2014-10-30,85.63,86.46,82.73,82.58,17311672.0,491428608.0
2014-10-29,86.22,86.73,85.87,84.71,16034856.0,463883488.0
2014-10-28,82.28,85.9,85.81,81.69,14515502.0,412911008.0
2014-10-27,80.36,82.22,81.57,79.89,7688899.0,210949120.0
2014-10-24,83.14,84.12,80.95,80.78,10585667.0,294539936.0
2014-10-23,84.59,85.45,83.17,82.85,10701946.0,303418944.0
2014-10-22,85.09,88.17,85.21,85.09,14067447.0,411787392.0
2014-10-21,85.33,86.4,85.48,84.03,10505061.0,303207552.0
2014-10-20,85.72,86.4,85.39,84.03,12446530.0,358346944.0
2014-10-17,84.03,86.93,86.16,81.96,18743122.0,533235136.0
2014-10-16,86.55,88.56,84.53,84.33,14581366.0,425103904.0
2014-10-15,87.58,88.82,86.96,84.33,20425212.0,595654208.0
2014-10-14,91.16,93.56,88.2,86.81,31964020.0,972122112.0
2014-10-13,92.34,92.76,92.23,89.39,23443538.0,722303680.0
2014-10-10,85.78,93.2,92.34,83.82,43026512.0,1308800768.0
2014-10-09,86.1,87.17,85.57,84.39,25287704.0,734059776.0
2014-10-08,79.56,86.84,86.49,79.12,32953686.0,925666048.0
2014-09-30,80.6,80.92,79.18,78.47,11184307.0,299751616.0
2014-09-29,79.86,81.84,80.09,79.3,17522912.0,476809408.0
2014-09-26,79.98,80.72,78.73,77.37,13444175.0,357810144.0
2014-09-25,79.44,82.79,79.74,79.27,30917280.0,845929216.0
2014-09-24,74.92,79.65,78.82,74.56,24227202.0,638545280.0
2014-09-23,74.27,75.72,75.09,73.64,13391433.0,339558560.0
2014-09-22,75.12,75.12,72.99,71.96,14172891.0,349473504.0
2014-09-19,73.11,76.25,75.36,73.02,11202790.0,282493280.0
2014-09-18,73.32,73.67,73.05,72.55,8342649.0,205989152.0
2014-09-17,74.56,74.86,73.5,71.93,17807308.0,440619264.0
2014-09-16,79.59,79.89,74.56,73.76,26082720.0,677191424.0
2014-09-15,80.48,81.6,80.09,79.3,21067082.0,571990528.0
2014-09-12,76.99,80.69,80.04,76.48,24666420.0,655193472.0
2014-09-11,77.46,78.41,76.9,76.07,20532972.0,535969888.0
2014-09-10,77.17,78.2,77.58,75.98,16426479.0,429262944.0
2014-09-09,77.02,78.5,77.52,76.37,15865469.0,415555040.0
2014-09-05,77.76,77.76,76.93,75.89,19882766.0,515176320.0
2014-09-04,78.11,81.16,77.85,77.4,30524208.0,815611200.0
2014-09-03,78.11,79.24,78.44,76.66,32275846.0,848447488.0
2014-09-02,75.36,81.37,79.15,74.06,50928576.0,1332973824.0
2014-09-01,75.15,78.56,74.98,73.61,44449600.0,1129978240.0
2014-08-29,67.82,71.48,71.48,67.82,39373032.0,933688704.0
2014-08-28,66.51,66.75,64.98,64.35,11906076.0,263792912.0
2014-08-27,64.56,67.4,66.16,64.5,15687724.0,352473696.0
2014-08-26,65.27,65.83,64.71,64.62,8253714.0,181706736.0
2014-08-25,66.51,66.63,65.27,65.09,9061471.0,201101024.0
2014-08-22,67.64,67.67,66.69,66.28,10756999.0,242797504.0
2014-08-21,66.87,67.67,67.64,66.01,16518221.0,373802464.0
2014-08-20,65.8,66.57,66.57,65.42,12547617.0,280437600.0
2014-08-19,65.83,66.16,65.63,65.21,10802493.0,240074336.0
2014-08-18,65.09,65.83,65.72,65.03,7365909.0,162953216.0
2014-08-15,65.33,66.13,65.12,64.53,7444951.0,164307728.0
2014-08-14,65.54,66.48,64.92,64.83,9261817.0,205730576.0
2014-08-13,67.17,67.17,65.89,65.24,7684100.0,171257296.0
2014-08-12,66.04,67.82,67.19,66.04,10821419.0,245118704.0
2014-08-11,66.57,67.02,66.37,66.19,7735838.0,173788208.0
2014-08-08,65.63,67.14,66.22,65.42,7923032.0,177924608.0
2014-08-07,67.08,67.85,65.8,65.75,9820530.0,221855472.0
2014-08-06,65.42,68.29,66.93,65.24,13982684.0,315725344.0
2014-08-05,66.07,66.42,65.77,65.21,8319962.0,184936240.0
2014-08-04,64.8,66.51,65.95,64.68,9914929.0,220534912.0
2014-08-01,65.45,66.81,64.56,64.53,12082004.0,269685024.0
2014-07-31,64.35,65.63,65.39,63.73,7712305.0,169154528.0
2014-07-30,64.5,65.66,64.5,63.73,8272269.0,180863536.0
2014-07-29,63.82,65.18,64.36,63.65,8899515.0,194525488.0
2014-07-28,61.99,64.44,63.79,61.99,8933686.0,191709536.0
2014-07-25,61.9,62.17,61.73,60.96,4129725.0,85881768.0
2014-07-24,61.31,62.02,61.28,59.63,6179126.0,128213256.0
2014-07-23,62.44,63.17,61.76,61.43,5216355.0,110248016.0
2014-07-22,62.64,62.79,62.44,61.46,6162316.0,129598608.0
2014-07-21,61.34,62.49,62.44,60.43,6446362.0,133768704.0
2014-07-18,61.49,62.52,61.28,61.26,5158559.0,108014368.0
2014-07-17,61.99,62.79,61.58,60.63,6521607.0,136449392.0
2014-07-16,66.42,66.42,62.11,62.05,14148108.0,304889632.0
2014-07-15,65.48,67.13,66.39,65.21,8105776.0,182090608.0
2014-07-14,66.33,67.51,66.07,65.45,10711478.0,240634272.0
2014-07-11,65.42,67.34,66.3,65.18,8288151.0,186058928.0
2014-07-10,65.71,67.42,65.86,64.92,10731087.0,241207648.0
2014-07-09,65.24,68.78,65.95,64.68,17148684.0,390446112.0
2014-07-08,66.57,67.34,65.33,64.5,9363040.0,207378080.0
2014-07-07,66.36,67.72,66.75,65.98,11512269.0,261179600.0
2014-07-04,66.78,66.86,65.74,65.54,7720866.0,172502128.0
2014-07-03,68.49,68.75,67.28,66.57,11132423.0,254818176.0
2014-07-02,66.42,69.67,68.19,66.42,16021761.0,370557696.0
2014-07-01,67.66,69.88,66.36,65.71,16862932.0,383930560.0
2014-06-30,64.33,68.49,66.92,64.33,19477576.0,441490368.0
2014-06-27,63.26,65.12,64.15,61.91,10936631.0,234498400.0
2014-06-26,63.7,63.7,63.32,62.73,5957981.0,127566264.0
2014-06-25,63.76,64.47,63.59,62.91,6802476.0,146744480.0
2014-06-24,62.14,64.03,63.53,61.49,9075487.0,194208112.0
2014-06-23,61.4,62.67,62.17,61.26,7408987.0,155963424.0
2014-06-20,60.96,61.67,61.4,60.52,4772352.0,99110464.0
2014-06-19,60.69,62.41,60.43,59.63,10375381.0,215134608.0
2014-06-18,59.96,61.93,60.4,59.96,6759394.0,139564448.0
2014-06-17,61.05,61.67,59.96,59.63,5257352.0,108223536.0
2014-06-16,60.61,61.99,61.31,59.96,9265728.0,192246256.0
2014-06-13,58.75,60.63,60.46,58.75,9297041.0,188512112.0
2014-06-12,58.63,59.51,58.86,58.45,6266930.0,125412112.0
2014-06-11,58.69,58.86,58.48,58.21,3942825.0,78241856.0
2014-06-10,58.01,58.95,58.66,57.56,6408543.0,126971624.0
2014-06-09,57.86,58.69,58.04,57.86,3276515.0,64533216.0
2014-06-06,58.51,59.51,58.33,57.95,6480054.0,128792352.0
2014-06-05,57.15,58.72,58.48,56.68,5318995.0,104505040.0
2014-06-04,57.56,57.74,57.51,55.2,8715405.0,165804480.0
2014-06-03,58.45,58.89,57.74,57.54,4758264.0,94142792.0
2014-05-30,58.24,58.98,58.27,57.18,8260451.0,161940544.0
2014-05-29,59.45,59.45,58.39,58.3,9674688.0,192388672.0
2014-05-28,58.89,59.48,59.42,58.57,6923105.0,138605232.0
2014-05-27,59.37,59.87,58.95,58.77,6186668.0,124509016.0
2014-05-26,60.4,60.81,59.75,59.51,9581289.0,195463936.0
2014-05-23,59.04,59.84,59.37,58.77,5351105.0,107430112.0
2014-05-22,59.72,60.55,59.31,59.22,9876607.0,200154000.0
2014-05-21,59.04,60.22,59.72,58.66,9255897.0,186760608.0
2014-05-20,61.49,61.93,59.45,58.54,14317487.0,290061568.0
2014-05-19,64.92,65.54,61.02,60.31,19494144.0,411666112.0
2014-05-16,59.96,61.26,61.05,59.66,7455774.0,153041376.0
2014-05-15,60.28,61.93,59.78,59.69,7456360.0,153917600.0
2014-05-14,61.14,61.37,60.25,59.4,7854011.0,160858240.0
2014-05-13,59.99,61.34,60.87,59.99,9646025.0,198571408.0
2014-05-12,58.48,61.7,59.99,57.18,9508135.0,191178496.0
2014-05-09,59.69,59.96,57.24,56.91,7027256.0,137949344.0
2014-05-08,59.31,61.55,59.57,59.31,6468579.0,132464472.0
2014-05-07,60.49,60.49,58.92,58.75,6900373.0,138916752.0
2014-05-06,63.14,63.32,61.26,60.81,8167229.0,172196944.0
2014-05-05,62.7,63.41,62.73,61.84,6904304.0,146258944.0
2014-04-30,61.43,63.06,62.7,61.43,7445670.0,157649488.0
2014-04-29,60.49,62.35,62.14,59.78,10865756.0,227525520.0
2014-04-28,62.47,63.32,60.9,59.63,9189188.0,190975808.0
2014-04-25,62.02,64.33,62.73,60.81,13572914.0,287964672.0
2014-04-24,62.88,64.92,63.26,61.4,23952568.0,516481728.0
2014-04-23,56.95,63.12,62.7,56.74,17836460.0,366096480.0
2014-04-22,57.71,58.3,57.39,55.7,7624480.0,146645408.0
2014-04-21,59.28,59.31,58.13,58.07,5737104.0,114036640.0
2014-04-18,59.78,59.81,59.57,58.75,6284028.0,126018616.0
2014-04-17,60.6,61.05,60.25,60.07,3313203.0,67737856.0
2014-04-16,61.05,61.7,60.78,59.81,4437839.0,91246624.0
2014-04-15,63.47,64.0,61.4,61.14,8095093.0,169960400.0
2014-04-14,61.05,63.17,61.96,61.05,8470143.0,178426560.0
2014-04-11,60.96,61.37,61.02,59.87,7460898.0,153570240.0
2014-04-10,59.93,62.35,60.93,59.48,11324700.0,234448512.0
2014-04-09,59.69,60.4,59.75,59.25,10173623.0,206238640.0
2014-04-08,55.94,60.13,59.66,55.73,19699464.0,392683968.0
2014-04-04,55.06,56.15,56.03,54.73,7560713.0,142690528.0
2014-04-03,54.82,55.68,55.03,54.26,6391680.0,119241640.0
2014-04-02,55.5,55.73,54.58,54.02,7873996.0,146185568.0
2014-04-01,55.23,56.38,55.53,55.06,8747931.0,165201872.0
2014-03-31,54.61,56.24,55.41,53.49,12074820.0,224886112.0
2014-03-28,57.89,58.42,54.55,54.49,11120415.0,210722976.0
2014-03-27,59.96,59.96,57.86,57.83,6772388.0,135261920.0
2014-03-26,61.43,61.43,60.02,58.89,11831798.0,240172000.0
2014-03-25,61.11,63.2,61.79,60.58,17700276.0,370952960.0
2014-03-24,60.55,61.64,60.55,59.87,10493752.0,215715872.0
2014-03-21,60.55,61.26,61.11,58.48,10389834.0,210409584.0
2014-03-20,61.61,62.23,61.17,60.22,8812623.0,183392784.0
2014-03-19,61.7,62.14,61.96,60.46,9027811.0,188134176.0
2014-03-18,62.67,63.26,61.79,61.46,7287729.0,154149264.0
2014-03-17,62.82,62.88,62.7,60.69,11602612.0,244226848.0
2014-03-14,62.29,63.41,62.02,61.7,13346035.0,283217408.0
2014-03-13,61.64,62.94,62.05,60.22,14860816.0,313105472.0
2014-03-12,61.64,62.58,61.64,59.93,11048771.0,228402032.0
2014-03-11,62.79,63.2,61.84,59.63,15492676.0,319784480.0
2014-03-10,67.01,67.45,62.82,62.32,12278503.0,269220672.0
2014-03-07,68.81,70.23,68.16,67.39,5273169.0,121764832.0
2014-03-06,67.57,69.23,68.9,66.72,8408035.0,193312336.0
2014-03-05,68.75,70.82,67.57,67.48,14167168.0,328920800.0
2014-03-04,68.37,69.23,68.78,67.31,8698107.0,200698224.0
2014-03-03,69.64,69.96,68.72,67.22,18451680.0,427787008.0
2014-02-28,66.07,67.9,67.16,65.62,7229219.0,163760720.0
2014-02-27,69.37,69.99,66.54,66.16,12102167.0,279942432.0
2014-02-26,69.23,70.38,69.43,67.31,7282316.0,169544064.0
2014-02-25,72.92,72.97,69.79,67.34,10789811.0,256924800.0
2014-02-24,72.33,73.51,72.68,71.08,10217183.0,250188592.0
2014-02-21,72.33,73.74,72.3,71.35,8624420.0,211717616.0
2014-02-20,74.54,76.02,72.36,72.24,11397470.0,284935008.0
2014-02-19,75.31,76.31,74.69,73.48,11680494.0,293703232.0
2014-02-18,76.46,76.93,76.02,75.22,10526618.0,271904192.0
2014-02-17,74.57,76.78,76.02,74.57,25284278.0,648783168.0
2014-02-14,73.77,74.63,73.92,73.06,5831357.0,145794608.0
2014-02-13,75.78,75.78,73.56,72.8,12948290.0,323292320.0
2014-02-12,75.72,76.9,75.87,74.78,17423860.0,446700480.0
2014-02-11,77.4,77.93,75.57,73.45,21343520.0,544681536.0
2014-02-10,78.08,80.03,77.67,77.49,16381381.0,437201472.0
2014-02-07,76.31,78.73,78.11,74.75,12034037.0,316336384.0
2014-01-30,72.74,78.26,76.49,72.68,14013574.0,359468544.0
2014-01-29,73.03,74.39,73.33,72.92,6635402.0,165826912.0
2014-01-28,71.29,73.65,73.3,70.29,6763783.0,165022688.0
2014-01-27,74.54,74.54,71.73,71.44,7306459.0,181243104.0
2014-01-24,70.88,73.21,72.0,70.88,5245507.0,128373000.0
2014-01-23,69.96,73.8,72.18,69.96,11023448.0,270233952.0
2014-01-22,68.78,70.88,70.35,68.49,6048245.0,144015312.0
2014-01-21,69.2,69.84,68.84,68.07,3831118.0,89505592.0
2014-01-20,70.52,70.82,68.34,67.6,5045286.0,117973624.0
2014-01-17,70.91,71.59,70.52,70.23,5715505.0,137647824.0
2014-01-16,70.02,71.59,70.91,69.55,5730891.0,137169568.0
2014-01-15,68.16,71.73,70.38,67.54,11699885.0,279656544.0
2014-01-14,67.57,68.49,68.16,67.01,2698772.0,61989288.0
2014-01-13,70.23,70.52,67.99,66.57,5543005.0,127608680.0
2014-01-10,67.34,70.85,69.37,67.34,6289252.0,148473472.0
2014-01-09,69.61,71.14,67.84,67.34,10156940.0,237748000.0
2014-01-08,68.81,72.03,70.94,66.42,11439654.0,271213536.0
2014-01-07,66.1,67.25,66.89,65.86,2585501.0,58272464.0
2014-01-06,68.07,68.07,66.48,65.39,5726138.0,129260408.0
2014-01-03,68.93,69.64,68.28,67.87,6156429.0,142687888.0
2014-01-02,70.5,70.73,69.76,67.66,5960046.0,139446736.0
2013-12-31,69.85,71.03,70.44,69.52,4172757.0,99206896.0
2013-12-30,69.2,71.38,70.55,68.81,8178499.0,194949008.0
2013-12-27,67.6,69.11,68.9,67.31,6710699.0,156176880.0
2013-12-26,66.98,68.1,67.28,66.72,3469004.0,79449176.0
2013-12-25,66.72,68.78,67.93,66.45,5369509.0,123364696.0
2013-12-24,67.6,68.84,67.01,66.13,11639343.0,266999648.0
2013-12-23,63.76,67.31,66.36,61.88,10056560.0,222390144.0
2013-12-20,65.12,66.27,63.35,62.88,6972932.0,151654064.0
2013-12-19,66.45,68.05,65.71,65.27,3856955.0,86611688.0
2013-12-18,68.19,68.49,66.42,65.86,6708416.0,151516912.0
2013-12-17,66.24,69.37,68.1,65.56,12998017.0,298121056.0
2013-12-16,67.96,68.49,66.6,64.68,6811754.0,153483264.0
2013-12-13,67.42,68.43,67.93,67.34,3499536.0,80510008.0
2013-12-12,67.75,68.84,67.81,67.25,4587156.0,105878008.0
2013-12-11,68.67,69.23,67.78,67.34,5286040.0,121929232.0
2013-12-10,68.28,69.14,68.72,66.98,6427551.0,147954688.0
2013-12-09,68.67,69.31,68.61,67.84,6987821.0,161894592.0
2013-12-06,69.14,69.61,68.1,67.25,8745361.0,201750432.0
2013-12-05,70.5,73.12,69.85,68.78,8008932.0,192936016.0
2013-12-04,69.46,70.94,70.23,69.37,10147666.0,241617344.0
2013-12-03,69.08,70.73,70.17,67.16,10102630.0,237167952.0
2013-12-02,73.51,75.75,68.72,66.42,24940944.0,594262720.0
2013-11-29,71.5,74.39,73.51,70.94,12811703.0,317516160.0
2013-11-28,73.77,75.81,71.44,71.41,14556928.0,361665536.0
2013-11-27,72.03,73.8,73.39,70.85,13714476.0,337838560.0
2013-11-26,72.33,75.28,71.65,71.03,17173530.0,421886048.0
2013-11-25,71.73,75.31,73.62,70.85,24946856.0,622048512.0
2013-11-22,70.85,73.39,69.2,68.78,20472538.0,489854464.0
2013-11-21,69.46,71.09,68.52,67.69,17559504.0,412386848.0
2013-11-20,66.27,72.3,71.35,66.13,25086400.0,592288704.0
2013-11-19,66.13,68.72,65.95,65.03,26347230.0,591912384.0
2013-11-18,62.88,67.63,67.34,62.88,40800304.0,925524096.0
2013-11-15,57.86,64.27,61.49,57.86,25313226.0,528820032.0
2013-11-14,53.73,59.54,58.66,53.4,21367600.0,416542240.0
2013-11-13,57.56,59.4,54.2,53.96,14997316.0,284522208.0
2013-11-12,52.1,54.11,53.99,51.51,2731367.0,48672708.0
2013-11-11,52.81,52.84,52.1,50.98,2368695.0,41432592.0
2013-11-08,52.84,53.14,52.87,52.13,1553442.0,27665844.0
2013-11-07,53.73,54.29,53.08,52.78,1923038.0,34734860.0
2013-11-06,52.25,55.2,53.7,52.25,4803124.0,87611696.0
2013-11-05,51.66,52.55,52.55,51.42,1851411.0,32645172.0
2013-11-04,51.81,52.52,52.05,51.66,2244624.0,39530708.0
2013-11-01,52.69,52.78,51.6,51.31,3507956.0,61606944.0
2013-10-31,52.4,52.58,51.99,51.72,2451065.0,43166724.0
2013-10-30,52.05,52.9,52.66,50.98,4259841.0,74595712.0
2013-10-29,54.08,54.29,52.1,51.45,4470352.0,79440128.0
2013-10-28,52.4,54.08,53.55,52.25,4146681.0,74920880.0
2013-10-25,53.08,53.43,52.58,51.66,5416647.0,96027184.0
2013-10-24,53.28,54.76,53.05,52.81,7546075.0,137162960.0
2013-10-23,55.23,56.38,53.2,53.14,6100775.0,111719776.0
2013-10-22,56.09,56.98,55.85,55.53,4106474.0,78283328.0
2013-10-21,55.79,56.47,56.41,54.7,4971913.0,94310264.0
2013-10-18,54.32,56.62,56.21,54.08,6278540.0,118784624.0
2013-10-17,54.79,55.65,54.08,53.99,4639815.0,86294584.0
2013-10-16,55.5,55.7,54.67,54.61,4937601.0,92009744.0
2013-10-15,57.0,57.65,56.09,55.62,6397441.0,122059344.0
2013-10-14,55.79,58.01,56.92,55.56,11084722.0,213873984.0
2013-10-11,55.94,56.68,55.82,55.06,9236171.0,175257280.0
2013-10-10,54.17,58.36,55.79,54.08,15557068.0,296593184.0
2013-10-09,52.55,54.02,53.05,52.25,8706222.0,156848112.0
2013-10-08,51.13,52.63,52.55,50.57,3723352.0,65122116.0
2013-09-30,51.96,52.49,51.42,51.16,3356881.0,58729468.0
2013-09-27,51.78,52.93,52.02,51.66,3362043.0,59520312.0
2013-09-26,53.14,53.14,51.99,51.87,4415559.0,78464280.0
2013-09-25,53.96,54.76,53.28,53.14,5538719.0,101239088.0
2013-09-24,53.34,54.02,53.79,52.84,3913800.0,71030896.0
2013-09-23,53.17,53.88,53.61,52.13,8335232.0,149298720.0
2013-09-18,54.32,54.61,53.11,52.28,6261320.0,112875328.0
2013-09-17,55.17,55.79,54.61,54.14,4859772.0,90403160.0
2013-09-16,55.44,55.91,55.62,54.91,5586754.0,104841040.0
2013-09-13,55.44,55.44,55.17,54.47,4550286.0,84619856.0
2013-09-12,56.18,56.59,55.47,54.38,7390000.0,137840240.0
2013-09-11,60.66,62.29,56.06,55.65,17271284.0,339223488.0
2013-09-10,59.63,60.31,59.34,58.48,9471579.0,190309808.0
2013-09-09,58.1,61.14,59.78,57.27,13479678.0,270361920.0
2013-09-06,56.44,57.74,57.51,56.15,6930865.0,134631664.0
2013-09-05,57.65,57.65,56.89,56.0,6403381.0,123091400.0
2013-09-04,55.5,58.45,56.89,55.5,11306923.0,219128240.0
2013-09-03,54.02,55.26,55.03,53.58,6580801.0,121794432.0
2013-09-02,53.76,55.06,54.11,53.76,5328766.0,98282880.0
2013-08-30,54.49,55.15,53.67,53.17,5778971.0,105254904.0
2013-08-29,55.17,55.35,55.09,53.58,8885877.0,163608912.0
2013-08-28,52.99,56.71,54.97,52.99,19388872.0,362437376.0
2013-08-27,50.48,53.14,52.84,49.86,7443820.0,131015248.0
2013-08-26,49.86,50.63,50.48,49.18,3460705.0,58497776.0
2013-08-23,51.07,51.25,49.77,48.89,3661817.0,62057044.0
2013-08-22,50.22,50.98,50.98,50.22,2737989.0,46919756.0
2013-08-21,49.89,50.48,50.07,49.56,2018123.0,34115472.0
2013-08-20,51.01,51.66,50.19,49.89,3586052.0,61424748.0
2013-08-19,49.8,51.07,50.92,49.74,2628214.0,45134784.0
2013-08-16,51.22,56.18,50.13,50.04,4238712.0,74149672.0
2013-08-15,52.02,52.55,51.07,51.04,2224170.0,38972560.0
2013-08-14,52.25,52.66,52.16,51.66,4052191.0,71621880.0
2013-08-13,53.37,53.73,52.63,52.28,2385678.0,42796808.0
2013-08-12,52.12,52.8,52.37,51.66,3161413.0,72709472.0
2013-08-09,51.55,51.84,51.8,49.96,2354310.0,53138604.0
2013-08-08,51.69,52.64,51.12,50.67,3529412.0,80513536.0
2013-08-07,51.96,53.14,52.09,51.73,3566735.0,82355864.0
2013-08-06,51.44,52.14,51.73,51.21,3052393.0,69596784.0
2013-08-05,50.98,52.12,51.39,50.6,2497493.0,56708204.0
2013-08-02,51.21,51.66,50.58,50.44,2570241.0,57720460.0
2013-08-01,49.6,51.14,51.05,48.72,3677159.0,81038096.0
2013-07-31,48.67,49.92,48.94,48.67,2344063.0,51142864.0
2013-07-30,50.03,50.8,48.6,48.13,4615341.0,100504032.0
2013-07-29,51.16,51.44,50.1,49.85,3598500.0,80258128.0
2013-07-26,52.12,53.23,51.98,51.35,2519913.0,58064668.0
2013-07-25,54.31,54.72,53.48,53.23,3530791.0,83945944.0
2013-07-24,53.18,54.41,53.88,52.55,5778979.0,137267760.0
2013-07-23,53.02,53.82,53.18,52.39,4304646.0,100886680.0
2013-07-22,50.78,53.16,52.68,50.19,3964778.0,92149200.0
2013-07-19,53.68,54.13,51.05,50.78,5444716.0,126550200.0
2013-07-18,54.38,54.41,54.06,52.8,6180934.0,146157920.0
2013-07-17,57.19,58.23,54.95,54.9,6715331.0,167518128.0
2013-07-16,54.77,57.19,57.15,54.36,9463955.0,234130016.0
2013-07-15,53.98,54.95,54.81,53.82,4425282.0,106422256.0
2013-07-12,54.84,55.97,53.98,53.95,4689863.0,113809984.0
2013-07-11,54.43,55.97,54.84,53.2,8455449.0,203900576.0
2013-07-10,54.34,55.02,54.77,53.75,3077008.0,73855064.0
2013-07-09,52.57,54.95,54.34,51.84,6485030.0,154631312.0
2013-07-08,52.8,53.86,52.8,50.19,7822486.0,180284080.0
2013-07-05,55.06,56.01,54.11,53.93,4944891.0,119505120.0
2013-07-04,55.38,57.67,54.99,53.73,10597779.0,261184432.0
2013-07-03,52.46,55.99,55.24,51.62,13992719.0,329969600.0
2013-07-02,48.45,52.52,52.37,48.11,10620752.0,238982544.0
2013-07-01,46.79,48.76,48.42,46.63,7508525.0,158910384.0
2013-06-28,47.09,49.83,47.47,45.32,8808261.0,183776784.0
2013-06-27,48.49,49.6,47.61,47.18,6982091.0,149188528.0
2013-06-26,49.4,49.4,48.7,46.45,7434327.0,158012640.0
2013-06-25,49.17,49.83,48.42,44.82,16978212.0,349405216.0
2013-06-24,55.17,55.47,49.8,49.8,9558214.0,218789920.0
2013-06-21,54.38,55.47,55.33,52.18,4707912.0,111717880.0
2013-06-20,56.99,57.46,55.33,55.2,5668553.0,141199680.0
2013-06-19,55.7,58.46,58.14,54.43,9151691.0,228858752.0
2013-06-18,57.1,58.85,55.52,55.29,8237530.0,207458464.0
2013-06-17,55.63,57.69,56.33,54.5,8172653.0,202026288.0
2013-06-14,51.12,54.16,53.88,50.8,4866719.0,113071240.0
2013-06-13,54.11,54.2,51.26,49.74,7085968.0,160280688.0
2013-06-07,56.42,57.03,54.13,52.34,5860003.0,141686048.0
2013-06-06,56.42,56.81,56.24,55.52,3482575.0,86240792.0
2013-06-05,57.78,58.8,56.42,55.97,4778481.0,119418312.0
2013-06-04,59.19,60.16,57.8,57.44,8209245.0,212356912.0
2013-06-03,58.48,60.32,59.05,58.28,7375442.0,192798896.0
2013-05-31,61.56,62.18,58.48,58.42,10556061.0,277555552.0
2013-05-30,62.99,63.45,62.11,61.38,6281293.0,173027552.0
2013-05-29,62.54,63.31,62.99,61.09,7516745.0,207041712.0
2013-05-28,61.75,63.4,61.84,60.64,6435153.0,175847952.0
2013-05-27,62.65,64.26,61.75,61.68,7646150.0,212673280.0
2013-05-24,61.16,64.35,62.88,60.95,9116218.0,253090096.0
2013-05-23,59.32,61.88,60.34,58.53,7938060.0,212048336.0
2013-05-22,63.22,63.45,59.59,58.91,9425364.0,254853952.0
2013-05-21,62.2,64.69,63.22,61.13,14461965.0,403678720.0
2013-05-20,60.27,64.26,62.83,59.16,13896143.0,378707680.0
2013-05-17,57.17,60.7,59.82,57.17,10623743.0,278739520.0
2013-05-16,57.94,58.28,57.53,56.67,7915117.0,201209344.0
2013-05-15,54.61,58.26,57.42,53.97,13427295.0,336473248.0
2013-05-14,54.36,55.11,54.61,53.48,8500825.0,204008272.0
2013-05-13,51.35,54.45,54.38,50.89,11497602.0,268597440.0
2013-05-10,49.62,50.94,50.78,49.62,3521325.0,78354488.0
2013-05-09,49.85,50.42,49.9,49.38,3128758.0,68801112.0
2013-05-08,50.53,50.96,49.87,49.71,1898794.0,41843700.0
2013-05-07,49.35,50.1,49.62,48.88,2972659.0,64997416.0
2013-05-06,48.67,49.42,49.38,48.45,2890212.0,62256412.0
2013-05-03,48.26,49.38,48.65,48.26,3163399.0,68005232.0
2013-05-02,49.35,49.35,48.2,47.58,2558444.0,54800452.0
2013-04-26,51.66,52.03,49.4,49.35,3057671.0,67973056.0
2013-04-25,52.55,53.11,51.21,51.14,3195938.0,73569800.0
2013-04-24,51.89,53.02,52.62,50.98,2935228.0,67885568.0
2013-04-23,52.48,53.3,51.69,51.48,3242841.0,74892696.0
2013-04-22,51.55,52.57,52.43,51.1,3286901.0,75674488.0
2013-04-19,49.85,51.69,51.64,49.8,3647071.0,82127784.0
2013-04-18,50.21,50.73,50.24,49.74,1460279.0,32364188.0
2013-04-17,49.58,50.51,50.19,49.53,1993009.0,43909892.0
2013-04-16,48.24,49.83,49.76,48.24,2174798.0,47235784.0
2013-04-15,50.98,50.98,49.15,49.06,2780015.0,61364424.0
2013-04-12,52.23,52.23,50.96,50.76,1751247.0,39764312.0
2013-04-11,52.3,52.7,51.94,51.66,2151434.0,49543720.0
2013-04-10,52.07,52.68,52.3,51.32,3666079.0,84430128.0
2013-04-09,51.82,52.07,51.89,51.1,3068824.0,69979512.0
2013-04-08,50.35,51.98,51.37,49.9,3105025.0,70364960.0
2013-04-03,52.0,52.0,51.28,49.85,3247511.0,73046904.0
2013-04-02,53.16,54.16,51.66,50.91,4986144.0,114767664.0
2013-04-01,51.21,53.77,53.25,51.21,6051132.0,141779568.0
2013-03-29,53.16,53.2,51.98,51.14,2977746.0,68371288.0
2013-03-28,52.12,53.2,52.64,50.48,4692419.0,107175776.0
2013-03-27,51.89,53.63,52.7,51.71,6192786.0,144505856.0
2013-03-26,51.44,52.34,51.98,49.85,5294926.0,119533624.0
2013-03-25,53.25,53.7,51.55,51.44,5219146.0,119838736.0
2013-03-22,50.64,53.14,52.73,50.53,7541307.0,173077312.0
2013-03-21,49.44,51.1,50.39,49.24,3796732.0,84589648.0
2013-03-20,47.47,49.44,49.37,47.43,4577070.0,98251504.0
2013-03-19,47.47,47.81,47.52,46.63,2456872.0,51270760.0
2013-03-18,48.13,48.13,47.47,46.68,2418081.0,50564240.0
2013-03-15,46.93,49.08,48.13,46.93,4771196.0,101351904.0
2013-03-14,46.56,48.11,47.34,46.56,2371050.0,49753988.0
2013-03-13,47.79,47.81,47.52,46.31,2746766.0,57149448.0
2013-03-12,48.06,48.6,47.74,46.45,4950906.0,103926816.0
2013-03-11,46.66,48.54,47.83,46.23,4584622.0,96275968.0
2013-03-08,49.6,50.17,46.56,45.73,9583811.0,201301904.0
2013-03-07,52.34,52.34,49.62,48.72,8318484.0,184474992.0
2013-03-06,52.12,53.34,52.41,51.71,6295867.0,145506336.0
2013-03-05,51.05,51.64,51.53,50.1,4238186.0,95359336.0
2013-03-04,53.25,53.25,51.05,50.3,8573392.0,195303904.0
2013-03-01,52.09,54.38,53.43,52.09,7202034.0,169481840.0
2013-02-28,52.07,52.48,52.03,50.87,5627943.0,127810608.0
2013-02-27,50.91,52.57,52.03,49.01,9694102.0,218057408.0
2013-02-26,49.85,51.84,50.67,49.17,5806774.0,129443136.0
2013-02-25,50.98,51.32,49.85,48.92,7159358.0,156606944.0
2013-02-22,50.98,52.09,50.98,50.26,4347623.0,98367784.0
2013-02-21,52.14,52.46,50.46,50.1,7287320.0,164264048.0
2013-02-20,54.79,54.79,52.75,51.37,9971393.0,231640432.0
2013-02-19,55.65,56.13,54.59,53.68,6706048.0,162122448.0
2013-02-18,54.54,55.85,55.56,53.63,6720916.0,162930064.0
2013-02-08,54.93,56.4,54.31,53.95,5389584.0,130220824.0
2013-02-07,52.07,56.65,54.99,51.55,10795666.0,255531776.0
2013-02-06,51.84,53.14,52.93,50.98,9610734.0,221516912.0
2013-02-05,53.91,54.56,51.69,50.69,9614860.0,221412096.0
2013-02-04,54.43,56.67,54.43,53.63,9610449.0,232818864.0
2013-02-01,52.12,56.53,55.29,51.21,14350285.0,342610304.0
2013-01-31,49.56,54.38,52.3,48.94,12641971.0,286574976.0
2013-01-30,49.62,50.42,49.62,48.24,11956899.0,262031376.0
2013-01-29,47.06,50.48,49.33,46.18,15746801.0,337899936.0
2013-01-28,45.61,47.99,47.4,45.61,15570698.0,324322656.0
2013-01-25,46.0,46.11,45.32,44.14,9290425.0,185425232.0
2013-01-24,46.97,47.56,46.47,44.87,19211440.0,394868352.0
2013-01-23,42.15,46.56,46.56,42.15,24788568.0,503120896.0
2013-01-22,41.72,43.23,42.33,40.9,11045164.0,206440816.0
2013-01-21,42.6,42.6,41.31,40.31,5881756.0,106825088.0
2013-01-18,40.29,43.05,41.97,40.29,5780834.0,107336904.0
2013-01-17,43.91,43.91,41.4,40.9,10682552.0,198306624.0
2013-01-16,43.05,43.96,43.91,41.28,16480362.0,310681248.0
2013-01-15,43.05,46.0,42.92,42.26,25226224.0,486227616.0
2013-01-14,37.84,42.17,42.17,37.61,13319273.0,241775120.0
2013-01-11,37.95,40.22,38.34,37.84,10258782.0,176603680.0
2013-01-10,36.73,38.25,37.66,36.48,6921004.0,114954040.0
2013-01-09,36.84,37.8,36.94,36.05,9056352.0,148196416.0
2013-01-08,33.85,37.16,36.98,33.85,17671502.0,280948896.0
2013-01-07,35.01,35.55,33.78,33.47,16751586.0,253838480.0
2013-01-04,36.23,36.3,35.1,34.99,4551223.0,71198096.0
2012-12-31,35.46,36.05,35.91,35.12,3327097.0,52399180.0
2012-12-28,35.01,35.76,35.26,34.67,3355528.0,52064992.0
2012-12-27,35.01,35.98,34.78,34.1,5979003.0,92292888.0
2012-12-26,34.58,34.85,34.8,34.03,3572759.0,54276824.0
2012-12-25,34.17,34.62,34.47,33.47,4331210.0,65358100.0
2012-12-24,32.36,34.78,34.28,32.27,6890312.0,102572472.0
2012-12-21,32.02,32.77,32.36,31.81,3066635.0,43670788.0
2012-12-20,32.49,32.49,32.04,31.59,3395035.0,47850080.0
2012-12-19,32.24,32.83,32.54,31.95,3755225.0,53720144.0
2012-12-18,31.95,32.86,32.27,31.75,4300043.0,61507532.0
2012-12-17,32.34,32.81,32.13,31.72,4563381.0,64825824.0
2012-12-14,30.86,32.52,32.31,30.59,7866383.0,110529984.0
2012-12-13,31.95,31.95,30.86,30.61,4619397.0,63346876.0
2012-12-12,32.52,32.52,32.11,31.5,6350236.0,89398152.0
2012-12-11,31.72,32.86,32.86,31.09,14345257.0,204281600.0
2012-12-10,29.86,29.86,29.86,29.86,847553.0,11170749.0
2012-11-30,26.96,27.3,27.15,26.56,2852490.0,33855956.0
2012-11-29,28.1,28.64,26.69,26.67,2399420.0,29034420.0
2012-11-28,29.89,29.89,28.44,27.46,1851965.0,23410432.0
2012-11-27,30.59,31.04,30.09,29.89,1432664.0,19106920.0
2012-11-26,30.82,31.38,31.09,30.79,1386599.0,19030474.0
2012-11-23,30.79,31.7,30.55,30.52,2540515.0,34856736.0
2012-11-22,31.41,31.56,30.59,30.5,1042756.0,14199999.0
2012-11-21,31.27,31.7,31.61,30.55,1202344.0,16574564.0
2012-11-20,31.47,31.84,31.27,31.2,838521.0,11615223.0
2012-11-19,32.06,32.09,31.54,30.98,1644159.0,22838060.0
2012-11-16,32.86,32.86,32.09,30.82,2366516.0,33022852.0
2012-11-15,33.56,33.58,32.92,32.72,1625876.0,23745138.0
2012-11-14,34.96,34.96,33.74,33.49,1600851.0,24067832.0
2012-11-13,35.39,35.58,34.65,34.53,2273655.0,34985460.0
2012-11-12,34.31,35.35,35.3,33.78,4683693.0,71983992.0
2012-11-09,33.72,34.15,33.76,33.54,746913.0,11151094.0
2012-11-08,34.33,34.33,33.74,33.49,1351519.0,20213928.0
2012-11-07,33.04,34.49,34.37,33.04,2583441.0,38942772.0
2012-11-06,33.99,34.19,33.76,32.99,2753077.0,40600432.0
2012-11-05,34.67,34.99,34.08,33.85,3542769.0,53675976.0
2012-11-02,35.12,35.12,34.83,34.62,2639405.0,40495496.0
2012-11-01,34.8,35.33,35.03,34.6,2402484.0,37065768.0
2012-10-31,36.16,36.37,34.78,33.99,2662921.0,41144200.0
2012-10-30,36.71,36.91,36.28,36.07,1010852.0,16203573.0
2012-10-29,36.26,36.96,36.39,36.14,1097008.0,17662290.0
2012-10-26,37.46,37.75,36.73,36.16,2489072.0,40133884.0
2012-10-25,37.57,38.25,37.46,37.05,2377930.0,39400368.0
2012-10-24,38.63,39.13,37.48,37.12,3142818.0,52344088.0
2012-10-23,40.4,40.45,38.86,38.09,4164159.0,72454272.0
2012-10-22,41.13,41.22,40.45,39.79,2020912.0,35987168.0
2012-10-19,40.79,40.97,40.81,40.54,1153686.0,20734126.0
2012-10-18,40.97,40.97,40.79,40.36,1397550.0,25144180.0
2012-10-17,40.92,40.92,40.54,40.22,609287.0,10892626.0
2012-10-16,40.81,41.1,40.54,40.33,937546.0,16818306.0
2012-10-15,40.72,41.1,40.79,40.22,1297443.0,23319460.0
2012-10-12,41.01,41.19,40.42,40.33,1249069.0,22454712.0
2012-10-11,41.47,41.85,40.83,40.67,1812691.0,32767620.0
2012-10-10,40.67,41.44,41.42,40.22,2295967.0,41425516.0
2012-10-09,40.06,40.79,40.67,39.9,2669834.0,47644568.0
2012-10-08,40.85,41.22,40.06,39.65,2039368.0,36158192.0
2012-09-28,40.02,41.17,40.85,40.02,1871466.0,33416960.0
2012-09-27,40.52,41.19,40.83,39.56,3941134.0,70374192.0
2012-09-26,41.74,41.74,40.54,39.2,2996732.0,53292672.0
2012-09-25,41.01,42.8,41.85,40.92,2691892.0,49593444.0
2012-09-24,43.84,43.84,40.99,40.79,2874691.0,53315720.0
2012-09-21,42.6,43.8,42.98,40.65,2483439.0,45824916.0
2012-09-20,42.67,43.6,42.67,41.81,1646108.0,30939668.0
2012-09-19,42.83,43.26,42.6,42.17,1489771.0,28145080.0
2012-09-18,43.78,43.82,42.6,42.53,2325864.0,44339672.0
2012-09-17,44.98,45.27,43.94,43.73,2951292.0,58296808.0
2012-09-14,45.77,45.77,44.55,44.19,4061478.0,80387624.0
2012-09-13,45.02,47.2,45.79,44.34,7681104.0,155048832.0
2012-09-12,45.91,46.34,45.39,43.73,5498316.0,108831776.0
2012-09-11,46.43,47.47,45.95,45.77,4163575.0,85419568.0
2012-09-10,45.79,46.54,45.88,45.23,3023395.0,60981824.0
2012-09-07,45.43,46.45,46.0,45.09,4608099.0,93148216.0
2012-09-06,45.2,45.43,45.02,44.41,1000378.0,19779832.0
2012-09-05,44.55,45.79,45.25,44.09,2628162.0,52529084.0
2012-09-04,43.28,44.98,44.55,43.28,2494420.0,48803232.0
2012-09-03,43.05,43.73,43.53,42.42,1168868.0,22319992.0
2012-08-31,42.71,43.82,43.26,42.71,1265329.0,24220726.0
2012-08-30,44.19,44.52,42.92,42.73,1643947.0,31494888.0
2012-08-29,43.28,45.09,44.21,43.23,2941162.0,57679428.0
2012-08-28,43.91,45.07,44.16,43.46,2826050.0,55111144.0
2012-08-27,45.2,45.43,43.51,42.05,1899786.0,36738012.0
2012-08-24,45.75,46.0,45.11,44.98,2128304.0,42805184.0
2012-08-23,45.09,45.77,45.75,44.75,2269036.0,45488892.0
2012-08-22,45.32,46.25,45.11,45.05,1729130.0,34826448.0
2012-08-21,45.02,46.34,45.79,44.91,4265258.0,86391544.0
2012-08-20,44.37,45.27,44.73,44.14,2431479.0,47973864.0
2012-08-17,45.09,45.39,45.14,44.0,5137537.0,102104704.0
2012-08-16,43.53,45.77,45.32,43.51,7038160.0,140107184.0
2012-08-15,41.4,44.07,43.8,40.6,6575537.0,124017760.0
2012-08-14,41.72,42.35,41.38,40.45,3861904.0,70445848.0
2012-08-13,42.19,42.83,41.47,40.79,2086277.0,38846184.0
2012-08-10,41.92,42.83,42.42,41.47,2984123.0,55850484.0
2012-08-09,40.67,42.1,41.74,40.31,3159160.0,57818404.0
2012-08-08,40.38,41.01,40.49,40.29,1736705.0,31138172.0
2012-08-07,39.43,40.79,40.6,39.27,3040733.0,53898132.0
2012-08-06,39.09,39.56,39.43,38.93,1836940.0,31864540.0
2012-08-03,38.43,39.02,38.95,38.09,512633.0,8748218.0
2012-08-02,38.2,39.34,38.43,37.16,1164221.0,19825860.0
2012-08-01,38.29,39.45,38.75,38.29,633957.0,10855406.0
2012-07-31,38.93,39.56,38.38,38.07,1011250.0,17260340.0
2012-07-30,39.59,40.22,39.4,39.2,753659.0,13170794.0
2012-07-27,38.97,39.65,39.59,38.97,746774.0,12915727.0
2012-07-26,40.27,40.27,39.04,38.86,991482.0,17240584.0
2012-07-25,40.08,40.9,39.65,39.54,1207851.0,21495864.0
2012-07-24,40.7,40.95,40.22,40.08,809406.0,14440202.0
2012-07-23,39.0,41.44,40.65,38.41,3417308.0,61117248.0
2012-07-20,39.52,39.84,39.18,38.86,1417618.0,24641908.0
2012-07-19,37.61,39.27,39.22,37.61,2074401.0,35517380.0
2012-07-18,37.57,37.61,37.59,37.05,581566.0,9599247.0
2012-07-17,36.8,37.61,37.25,36.53,924363.0,15114602.0
2012-07-16,37.23,37.23,36.73,35.85,1573355.0,25161012.0
2012-07-13,38.5,39.27,36.91,36.87,1613144.0,26985840.0
2012-07-12,40.29,40.29,38.79,38.41,1986837.0,34182936.0
2012-07-11,39.84,40.7,40.06,39.68,537784.0,9488545.0
2012-07-10,39.92,40.6,39.84,39.68,834355.0,14728893.0
2012-07-09,41.24,41.35,40.27,40.17,1047224.0,18922318.0
2012-07-06,41.47,41.81,41.24,40.81,1193311.0,21798836.0
2012-07-05,40.47,41.47,41.1,40.11,1867324.0,33736816.0
2012-07-04,40.54,40.99,40.92,40.33,959820.0,17225624.0
2012-07-03,40.63,41.01,40.54,40.06,683805.0,12285387.0
2012-07-02,40.81,41.24,40.63,39.88,1002565.0,17959764.0
2012-06-28,39.88,40.79,40.76,39.43,1271738.0,22287898.0
2012-06-27,39.61,40.02,39.77,39.22,1165008.0,20373836.0
2012-06-26,40.27,40.27,39.68,39.54,824207.0,14491062.0
2012-06-25,40.33,40.79,39.7,39.65,722290.0,12885651.0
2012-06-21,41.22,41.22,40.36,40.36,834918.0,15003115.0
2012-06-20,41.87,42.01,41.38,41.06,630243.0,11527287.0
2012-06-19,41.47,41.78,41.35,40.6,1159806.0,21082286.0
2012-06-18,41.92,42.21,41.69,41.26,1911931.0,35303264.0
2012-06-15,41.28,41.92,41.78,41.19,1441213.0,26477362.0
2012-06-14,41.28,42.26,41.49,41.13,1485927.0,27268140.0
2012-06-13,40.76,41.65,41.56,40.11,1121081.0,20203834.0
2012-06-12,41.78,41.78,40.79,40.51,770790.0,13927783.0
2012-06-11,40.42,41.26,41.24,40.42,1038491.0,18785720.0
2012-06-08,39.68,40.72,40.17,39.54,1014362.0,17931452.0
2012-06-07,40.72,40.81,39.65,39.65,858650.0,15176733.0
2012-06-06,40.51,41.24,40.22,40.06,1002258.0,17805404.0
2012-06-05,40.45,40.99,40.15,39.9,1567654.0,27931612.0
2012-06-04,41.24,41.69,40.2,40.02,1887517.0,34149536.0
2012-06-01,43.26,43.35,42.1,41.69,1465118.0,27491196.0
2012-05-31,42.53,43.26,42.89,41.92,1253135.0,23779982.0
2012-05-30,42.33,42.83,42.53,42.15,1124654.0,21061728.0
2012-05-29,41.65,43.03,42.37,41.58,1645819.0,30776268.0
2012-05-28,41.69,41.92,41.6,41.01,1890169.0,34645720.0
2012-05-25,42.37,43.12,41.67,41.58,874727.0,16253238.0
2012-05-24,42.78,43.41,42.44,42.15,705770.0,13306971.0
2012-05-23,43.46,43.46,42.78,42.37,1286744.0,24361360.0
2012-05-22,42.83,43.62,43.48,42.83,1508744.0,28742552.0
2012-05-21,41.76,43.08,43.03,40.63,2295359.0,42192760.0
2012-05-18,43.28,43.28,41.74,41.1,3102660.0,57560944.0
2012-05-17,44.09,44.59,43.39,42.26,3374149.0,64466072.0
2012-05-16,45.79,45.79,44.09,43.96,2161845.0,42525928.0
2012-05-15,45.57,46.63,45.61,44.41,4123458.0,82446816.0
2012-05-14,45.32,48.26,46.11,44.3,9421704.0,192045824.0
2012-05-11,43.53,44.59,44.46,43.53,2251558.0,43918300.0
2012-05-10,44.66,44.91,43.98,43.84,2388352.0,46656528.0
2012-05-09,44.64,45.27,44.14,43.96,3944056.0,77740720.0
2012-05-08,44.68,45.3,44.64,43.44,4563878.0,89454760.0
2012-05-07,45.25,45.73,45.07,43.98,5156372.0,102320704.0
2012-05-04,41.26,45.5,44.84,40.79,9852142.0,190488832.0
2012-05-03,39.25,41.92,41.35,39.2,5732760.0,104209152.0
2012-05-02,39.22,39.63,39.59,38.75,2676469.0,46283084.0
2012-04-27,38.86,39.04,38.7,38.32,989122.0,16895494.0
2012-04-26,38.45,39.16,38.86,38.29,1484322.0,25371408.0
2012-04-25,38.23,39.31,38.45,38.23,1305087.0,22198012.0
2012-04-24,39.43,39.43,38.5,38.0,3313345.0,56477520.0
2012-04-23,38.27,40.06,39.63,37.98,3293925.0,57010584.0
2012-04-20,38.5,38.88,38.27,38.11,1883322.0,31907686.0
2012-04-19,40.13,40.13,38.88,38.81,874436.0,15129476.0
2012-04-18,38.56,39.36,39.16,38.2,1564055.0,42784036.0
2012-04-17,38.52,38.9,38.37,38.11,834579.0,22662126.0
2012-04-16,38.31,38.92,38.51,38.11,1044597.0,28356530.0
2012-04-13,38.14,39.16,38.29,37.8,1970545.0,53523964.0
2012-04-12,35.39,38.82,38.29,35.39,2932060.0,78337216.0
2012-04-11,34.98,35.79,35.29,34.84,1264722.0,31597196.0
2012-04-10,35.41,35.73,35.26,34.48,899519.0,22272828.0
2012-04-09,35.06,35.76,35.25,34.81,931706.0,23260956.0
2012-04-06,34.98,35.35,34.81,34.53,1246140.0,30674008.0
2012-04-05,33.99,35.26,35.05,33.86,1769043.0,42889920.0
2012-03-29,34.7,35.55,34.09,33.82,1027041.0,24898320.0
2012-03-28,36.89,37.34,35.23,35.02,1040954.0,26409804.0
2012-03-27,36.81,37.5,37.17,36.81,664413.0,17441822.0
2012-03-26,36.65,36.92,36.72,36.33,506365.0,13087164.0
2012-03-23,37.39,37.88,36.64,36.58,903231.0,23515256.0
2012-03-22,38.08,38.79,37.26,36.85,686120.0,18339500.0
2012-03-21,38.59,39.09,38.08,37.69,1103829.0,29849676.0
2012-03-20,38.95,38.95,38.07,36.82,915874.0,24762190.0
2012-03-19,38.53,39.16,38.99,38.38,1909932.0,52266988.0
2012-03-16,38.95,39.51,38.97,38.49,1829194.0,50255888.0
2012-03-15,38.6,39.2,38.97,38.59,2190623.0,60171944.0
2012-03-14,41.35,41.78,38.75,38.52,2556916.0,72884664.0
2012-03-13,42.24,42.33,41.34,41.07,1664787.0,48896112.0
2012-03-12,42.02,42.29,42.15,41.49,1021270.0,30264448.0
2012-03-09,40.8,42.06,41.88,40.8,2505190.0,73689376.0
2012-03-08,40.79,41.35,40.89,40.46,1605627.0,46387032.0
2012-03-07,40.77,41.59,40.76,40.06,1100518.0,31716120.0
2012-03-06,41.49,41.79,40.77,40.3,1819461.0,52555376.0
2012-03-05,41.78,42.36,41.56,41.42,1828729.0,53953832.0
2012-03-02,40.87,41.92,41.34,40.23,2468444.0,71387952.0
2012-03-01,40.89,41.21,40.59,40.15,2122386.0,61004264.0
2012-02-29,39.87,40.73,40.48,39.51,2598302.0,73939936.0
2012-02-28,40.29,40.56,39.97,39.6,1942720.0,55029780.0
2012-02-27,40.33,41.18,40.79,39.36,5325283.0,150080432.0
2012-02-24,40.93,40.98,40.39,39.88,2145841.0,60975928.0
2012-02-23,41.04,41.21,41.03,40.5,1360140.0,39211352.0
2012-02-22,40.84,41.24,41.16,40.15,1497840.0,43169792.0
2012-02-21,40.25,41.04,40.67,39.98,1411551.0,40435344.0
2012-02-20,40.11,41.75,40.33,39.72,2171074.0,62283984.0
2012-02-17,39.09,39.55,39.4,38.8,1122903.0,31128002.0
2012-02-16,39.23,40.08,39.02,38.38,1575557.0,43603216.0
2012-02-15,37.84,39.28,39.09,37.7,2211061.0,60458356.0
2012-02-14,36.31,38.14,37.94,36.31,2583052.0,68399584.0
2012-02-13,35.26,37.32,36.42,35.26,1363944.0,35146208.0
2012-02-10,36.21,36.89,36.28,35.55,1441321.0,36977648.0
2012-02-09,36.24,37.1,36.62,35.91,2229566.0,57492488.0
2012-02-08,34.8,36.18,36.16,34.48,4046378.0,101919056.0
2012-02-07,34.92,35.23,34.81,34.48,872608.0,21467824.0
2012-02-06,35.48,35.52,35.25,35.06,1146880.0,28536948.0
2012-02-03,33.99,35.41,35.16,33.83,2264589.0,55400756.0
2012-02-02,34.33,34.33,34.23,33.71,827353.0,19821936.0
2012-02-01,34.7,34.81,33.98,33.83,897213.0,21676848.0
2012-01-31,34.46,34.92,34.84,34.29,407459.0,9952975.0
2012-01-30,33.99,34.9,34.48,33.7,907178.0,22052318.0
2012-01-20,34.43,34.97,34.07,33.96,1519305.0,36594860.0
2012-01-19,35.36,35.76,34.37,33.86,839158.0,20734816.0
2012-01-18,35.69,36.03,35.06,34.99,1685133.0,42287812.0
2012-01-17,34.98,35.93,35.6,34.38,1982370.0,49383228.0
2012-01-16,35.48,35.48,34.7,34.13,525070.0,12913138.0
2012-01-13,35.94,35.94,34.91,34.7,1181775.0,29432960.0
2012-01-12,36.11,36.26,35.6,35.29,1659719.0,42004920.0
2012-01-11,34.7,35.94,35.83,34.7,2851934.0,71776640.0
2012-01-10,34.67,35.43,35.15,34.0,2581864.0,63355152.0
2012-01-09,33.92,34.78,34.36,33.54,1726026.0,41622956.0
2012-01-06,33.21,34.1,33.83,32.43,1018982.0,23795510.0
2012-01-05,33.14,33.28,32.6,32.29,836831.0,19366694.0
2012-01-04,34.43,34.97,33.51,33.45,712617.0,17197488.0
