date,open,high,close,low,volume,amount
2015-07-10,42.02,44.17,44.17,42.02,16907810.0,525426720.0
2015-07-09,36.49,40.15,40.15,33.77,39190940.0,1062644480.0
2015-07-08,36.49,37.06,36.49,36.49,37778816.0,980913024.0
2015-07-07,43.85,44.3,40.54,40.32,38107044.0,1117748352.0
2015-07-06,47.77,47.77,44.79,41.29,28805964.0,915823040.0
2015-07-03,43.61,46.58,43.43,41.67,29279284.0,919663744.0
2015-07-02,49.02,49.02,44.75,43.19,23980184.0,787056128.0
2015-07-01,47.22,50.82,47.9,46.24,35115940.0,1229330944.0
2015-06-30,44.61,48.59,48.46,41.29,35343208.0,1134870272.0
2015-06-29,48.94,49.21,44.58,42.65,30872248.0,1008122240.0
2015-06-26,51.51,51.51,47.39,47.36,25980134.0,904417536.0
2015-06-25,55.67,55.67,52.62,51.75,16658965.0,643831232.0
2015-06-24,55.01,56.15,55.67,54.42,22478100.0,884829760.0
2015-06-23,52.43,54.93,54.84,50.84,19890356.0,750590912.0
2015-06-19,56.94,57.33,52.31,51.27,23755956.0,923167168.0
2015-06-18,59.27,60.03,56.97,56.95,17574904.0,733948800.0
2015-06-17,59.77,60.03,59.26,56.79,22993844.0,955567296.0
2015-06-16,61.44,61.79,59.71,59.23,22609744.0,968299200.0
2015-06-15,64.97,66.07,61.96,61.85,25657876.0,1164288768.0
2015-06-12,65.83,66.21,64.62,64.55,24889576.0,1153226368.0
2015-06-11,64.62,67.5,66.0,63.42,26548364.0,1241111552.0
2015-06-10,62.82,65.93,64.59,61.91,25543378.0,1169124992.0
2015-06-09,62.83,64.65,63.45,62.02,24055292.0,1090074240.0
2015-06-08,63.09,63.11,62.73,61.3,24293812.0,1074008960.0
2015-06-05,65.56,66.05,63.33,61.51,36380124.0,1650684544.0
2015-06-04,65.11,65.94,65.12,59.98,31746946.0,1433392896.0
2015-06-03,63.07,68.15,66.39,61.91,41043456.0,1902501632.0
2015-06-02,62.06,63.47,63.0,60.58,34237008.0,1513044864.0
2015-06-01,62.44,64.49,62.92,60.47,47166900.0,2102636800.0
2015-05-29,53.75,59.27,59.23,52.06,44655076.0,1769604352.0
2015-05-28,55.52,57.45,53.89,53.59,36456120.0,1451831808.0
2015-05-27,56.21,56.24,55.34,54.7,30375080.0,1196438144.0
2015-05-26,56.34,57.21,56.36,55.83,29660796.0,1189445760.0
2015-05-25,54.2,56.81,56.25,53.45,34155744.0,1348898560.0
2015-05-22,53.44,54.28,54.09,52.62,32119746.0,1225049344.0
2015-05-21,51.29,53.37,53.17,50.63,31518146.0,1175495808.0
2015-05-20,50.89,52.29,51.27,50.3,25709218.0,938487872.0
2015-05-19,50.22,50.91,50.89,48.66,25290724.0,892804736.0
2015-05-18,51.01,51.02,50.11,49.36,16735103.0,598003264.0
2015-05-15,52.12,53.03,51.67,51.47,22050470.0,821013376.0
2015-05-14,52.05,53.55,52.12,51.79,24621900.0,922007296.0
2015-05-13,51.72,51.74,51.01,50.63,15948047.0,579354112.0
2015-05-12,51.47,51.77,51.58,50.8,18045648.0,656865664.0
2015-05-11,49.92,52.24,51.75,49.26,21544946.0,773949568.0
2015-05-08,48.87,49.35,49.16,48.09,14278333.0,494511488.0
2015-05-07,51.46,51.96,48.14,47.83,24388356.0,854206144.0
2015-05-06,51.33,52.75,51.29,50.67,23094436.0,853277632.0
2015-05-05,51.6,52.86,51.22,50.75,27427548.0,1009699520.0
2015-05-04,50.77,51.19,50.63,50.27,13758135.0,496005152.0
2015-04-30,51.53,51.88,50.63,50.49,14690022.0,534244736.0
2015-04-29,50.41,51.55,51.02,50.32,14470878.0,525062688.0
2015-04-28,53.44,53.86,50.39,49.92,34723572.0,1263987968.0
2015-04-27,53.4,54.49,53.38,52.48,21300846.0,807555136.0
2015-04-24,53.86,53.9,52.95,52.05,22380954.0,844050944.0
2015-04-23,54.83,55.39,54.42,53.83,24101548.0,934427520.0
2015-04-22,55.23,55.49,54.83,54.1,25928832.0,1006116096.0
2015-04-21,51.72,55.08,54.82,51.72,34022984.0,1304609536.0
2015-04-20,52.4,53.95,51.37,51.02,33895912.0,1269138176.0
2015-04-17,50.34,54.76,52.34,50.34,36414264.0,1364150784.0
2015-04-16,47.81,51.05,49.92,47.31,25271728.0,890307712.0
2015-04-15,50.54,50.61,48.25,48.04,21841836.0,762155008.0
2015-04-14,49.64,51.12,50.47,49.61,29025610.0,1039201792.0
2015-04-13,48.63,50.46,49.6,47.97,26049074.0,914339648.0
2015-04-10,47.07,48.85,48.57,47.0,19333730.0,662994624.0
2015-04-09,48.84,49.14,47.36,46.37,23425696.0,788766976.0
2015-04-08,50.33,50.56,48.83,48.63,26317740.0,924754880.0
2015-04-07,49.01,50.49,50.37,48.63,28810460.0,1018214144.0
2015-04-03,48.33,49.47,49.12,47.95,23493122.0,816473984.0
2015-04-02,48.09,49.04,48.53,47.88,23872644.0,824189184.0
2015-04-01,47.81,48.85,48.12,47.36,22731382.0,775547840.0
2015-03-31,49.5,49.57,48.05,47.72,31382222.0,1081665792.0
2015-03-30,48.8,49.73,49.01,48.35,29335540.0,1021762624.0
2015-03-27,48.08,49.64,48.97,47.53,32728588.0,1133765632.0
2015-03-26,46.86,48.94,47.31,46.69,32256656.0,1095347072.0
2015-03-25,44.93,48.5,47.5,44.63,54004044.0,1796316672.0
2015-03-24,45.2,45.33,44.79,43.9,27440272.0,871543360.0
2015-03-23,45.25,45.47,45.16,44.72,33020826.0,1056532736.0
2015-03-20,44.66,45.35,44.97,44.45,27759740.0,885520640.0
2015-03-19,44.76,44.82,44.33,44.02,21638068.0,681189632.0
2015-03-18,44.3,45.51,44.75,44.13,36140996.0,1150221184.0
2015-03-13,42.75,42.88,42.78,42.24,8914039.0,269631296.0
2015-03-12,43.06,43.2,42.55,42.36,8989103.0,272864096.0
2015-03-11,43.05,43.47,42.82,42.65,9119988.0,279149056.0
2015-03-10,42.74,43.83,43.02,42.72,14225646.0,437342304.0
2015-03-09,42.53,42.67,42.53,41.64,9919134.0,297867552.0
2015-03-06,43.89,43.93,42.62,42.53,13913797.0,426298176.0
2015-03-05,43.43,44.21,43.52,43.07,15188327.0,472073376.0
2015-03-04,43.16,43.79,43.58,42.99,15633055.0,483220672.0
2015-03-03,43.64,43.78,42.98,42.89,16996580.0,522931168.0
2015-03-02,44.3,44.3,43.9,43.43,15187481.0,471166240.0
2015-02-27,44.44,44.65,43.88,43.82,12061284.0,377744288.0
2015-02-26,44.65,44.93,44.54,44.13,11791844.0,372574176.0
2015-02-25,43.09,45.04,44.54,43.09,24567454.0,773433664.0
2015-02-17,42.96,43.44,43.1,42.79,8131076.0,249146608.0
2015-02-16,42.98,43.24,42.96,42.61,11305717.0,344951584.0
2015-02-13,42.89,43.71,42.92,42.61,12647769.0,388563904.0
2015-02-12,42.61,43.2,42.68,42.55,11612343.0,354709792.0
2015-02-11,42.6,43.03,42.55,42.05,10001501.0,302698144.0
2015-02-10,41.03,42.82,42.51,40.87,16921624.0,505381696.0
2015-02-09,40.64,41.7,40.95,40.64,10281712.0,300965312.0
2015-02-06,41.11,41.87,40.36,40.16,12312468.0,357483648.0
2015-02-05,42.58,42.67,41.12,41.08,15473449.0,458837920.0
2015-02-04,43.44,43.55,42.12,42.05,10853199.0,329599296.0
2015-02-03,42.03,43.36,43.1,41.95,18338412.0,559582336.0
2015-02-02,41.71,42.12,41.82,41.34,12081825.0,357851776.0
2015-01-30,42.33,42.67,42.12,41.78,13576951.0,407683520.0
2015-01-29,42.88,43.0,42.15,42.05,15308598.0,463241920.0
2015-01-28,43.24,44.16,43.29,42.75,18460608.0,570230912.0
2015-01-27,44.47,44.61,43.34,42.98,25756516.0,799340608.0
2015-01-26,44.54,44.78,44.37,43.81,17838646.0,561947840.0
2015-01-23,44.79,44.96,44.05,43.62,27494612.0,864191552.0
2015-01-22,44.99,45.83,44.96,44.71,24196354.0,776214848.0
2015-01-21,45.3,45.38,45.04,44.42,35495008.0,1132525696.0
2015-01-20,45.0,45.89,45.3,44.1,41258376.0,1318750080.0
2015-01-19,42.99,46.7,44.52,42.34,57860072.0,1846560384.0
2015-01-16,41.65,44.27,43.76,41.48,48716000.0,1496391040.0
2015-01-15,42.44,43.17,41.4,40.78,43365036.0,1285593728.0
2015-01-14,44.99,45.0,42.4,42.27,76169976.0,2338860544.0
2015-01-13,41.94,41.94,41.94,41.94,3949177.0,117764456.0
2014-12-03,37.97,38.59,38.12,37.46,17387596.0,470945696.0
2014-12-02,37.6,38.14,37.97,37.35,23161332.0,624351488.0
2014-12-01,37.13,37.48,37.34,36.56,15184083.0,399395680.0
2014-11-28,37.55,37.55,37.07,36.77,14437515.0,381106016.0
2014-11-27,37.21,37.79,37.62,37.13,26825718.0,714803520.0
2014-11-26,37.62,37.69,37.15,36.97,13995941.0,370750240.0
2014-11-25,37.24,37.72,37.55,37.14,14742798.0,393318304.0
2014-11-24,36.96,37.3,37.17,36.79,13674722.0,360785632.0
2014-11-21,36.82,36.93,36.84,36.62,8491601.0,222202896.0
2014-11-20,36.91,37.3,36.77,36.73,8944089.0,235303088.0
2014-11-19,36.56,37.13,36.98,36.31,13413975.0,351699104.0
2014-11-18,36.79,36.79,36.21,36.07,10081848.0,260473408.0
2014-11-17,36.82,37.07,36.73,36.55,7898137.0,206614096.0
2014-11-14,36.59,37.1,36.8,36.28,8617310.0,225614816.0
2014-11-13,37.15,37.18,36.72,36.44,9378401.0,244246864.0
2014-11-12,36.7,37.25,37.11,36.47,7821440.0,205194496.0
2014-11-11,37.83,38.1,36.73,36.3,17442858.0,461953088.0
2014-11-10,36.97,37.63,37.59,36.87,10415153.0,276708960.0
2014-11-07,37.13,37.38,36.97,36.96,11634180.0,307191648.0
2014-11-06,37.55,37.69,37.48,37.27,6724871.0,179000144.0
2014-11-05,37.2,37.81,37.49,36.96,10666067.0,283177152.0
2014-11-04,38.22,38.24,37.34,37.27,20973452.0,560211200.0
2014-11-03,38.11,38.29,38.28,37.74,16201867.0,437197312.0
2014-10-31,38.52,38.87,38.32,37.94,15981528.0,435175136.0
2014-10-30,39.35,39.35,38.6,38.53,21165484.0,584381888.0
2014-10-29,39.55,40.18,39.39,39.11,22581104.0,635317760.0
2014-10-28,38.22,38.77,38.72,38.22,9569988.0,262134800.0
2014-10-27,38.22,38.58,38.48,37.87,6123412.0,165700448.0
2014-10-24,38.15,38.59,38.34,37.77,7171229.0,193491264.0
2014-10-23,38.58,38.75,38.08,37.77,11014365.0,297053056.0
2014-10-22,39.64,39.78,38.62,38.46,14947920.0,411728864.0
2014-10-21,40.39,40.39,39.55,39.5,16906992.0,475426240.0
2014-10-20,40.53,41.18,40.52,40.2,16639418.0,477089152.0
2014-10-17,40.2,40.88,40.2,39.35,21629264.0,611247168.0
2014-10-16,40.35,41.76,40.25,40.13,38294744.0,1107837056.0
2014-10-15,39.45,41.04,40.71,39.43,45704352.0,1309225728.0
2014-10-14,39.45,40.03,39.54,39.24,14971414.0,418753664.0
2014-10-13,39.41,39.67,39.47,39.07,11444844.0,318195712.0
2014-10-10,39.77,40.19,39.48,39.38,14924778.0,417750336.0
2014-10-09,40.32,40.84,39.95,39.7,21174200.0,601253696.0
2014-10-08,39.58,40.42,40.29,39.17,27811200.0,785077568.0
2014-09-30,38.76,39.85,39.44,38.76,24877724.0,694313728.0
2014-09-29,39.07,39.21,38.75,38.53,15414820.0,422691328.0
2014-09-26,38.48,38.75,38.49,38.05,11211145.0,303735456.0
2014-09-25,38.93,39.12,38.49,38.39,18711454.0,511391968.0
2014-09-24,38.72,39.27,39.13,38.45,15138781.0,417294784.0
2014-09-23,38.53,39.13,38.86,38.24,14185484.0,387655136.0
2014-09-22,39.35,39.4,38.53,38.38,13471363.0,368942688.0
2014-09-19,39.16,40.01,39.26,39.16,27269636.0,761280192.0
2014-09-18,39.1,39.27,38.76,38.69,18362340.0,505156960.0
2014-09-17,38.15,39.55,39.31,37.73,29567522.0,812749184.0
2014-09-16,38.96,39.07,38.07,38.02,21671228.0,591215680.0
2014-09-15,39.1,39.1,38.87,38.51,20950816.0,573416128.0
2014-09-12,39.24,39.51,39.14,38.79,15054582.0,415643424.0
2014-09-11,39.51,39.88,39.04,38.95,20117612.0,559610752.0
2014-09-10,39.71,40.05,39.6,39.47,13780874.0,385930432.0
2014-09-09,39.58,40.6,40.13,39.28,26180526.0,740201472.0
2014-09-05,39.91,40.11,39.41,39.26,18300680.0,510842272.0
2014-09-04,39.64,39.99,39.67,39.24,21238936.0,594358464.0
2014-09-03,40.5,41.01,39.54,39.38,50615068.0,1429190528.0
2014-09-02,37.83,38.45,38.22,37.61,17434292.0,468920640.0
2014-09-01,37.66,37.93,37.81,37.13,12803598.0,339459712.0
2014-08-29,37.74,38.34,37.95,37.52,10422224.0,279098624.0
2014-08-28,37.54,38.51,37.84,37.54,12717948.0,341651744.0
2014-08-27,37.94,38.08,37.47,37.4,11665388.0,310195360.0
2014-08-26,37.83,38.72,37.95,37.54,20693156.0,557522240.0
2014-08-25,38.93,38.93,37.84,37.74,30697148.0,826495808.0
2014-08-22,36.52,39.72,39.19,36.52,53215352.0,1437122816.0
2014-08-21,36.64,36.64,36.11,35.89,13780307.0,351657664.0
2014-08-20,36.79,36.81,36.67,36.52,10336695.0,267503296.0
2014-08-19,37.03,37.05,36.85,36.67,9661563.0,251327744.0
2014-08-18,36.92,37.33,37.09,36.92,10383738.0,272281056.0
2014-08-15,36.45,36.94,36.89,36.35,11508323.0,298295104.0
2014-08-14,37.02,37.09,36.47,36.38,11547123.0,299112128.0
2014-08-13,36.67,37.63,37.08,36.67,15594659.0,409283552.0
2014-08-12,37.52,37.53,36.64,36.48,19815224.0,515190080.0
2014-08-11,37.6,37.74,37.54,37.44,13506918.0,358566368.0
2014-08-08,37.34,37.73,37.37,37.2,10016333.0,264582976.0
2014-08-07,37.47,38.05,37.29,37.13,14060953.0,373565536.0
2014-08-06,38.08,38.08,37.56,37.25,17186924.0,455304064.0
2014-08-05,38.79,38.79,38.08,37.54,21633780.0,581149184.0
2014-08-04,38.85,38.85,38.63,37.77,33310664.0,900726720.0
2014-08-01,37.94,39.92,38.97,37.3,69512256.0,1904365312.0
2014-07-31,36.51,37.77,36.3,36.13,35456344.0,921091456.0
2014-07-30,34.81,35.93,35.26,34.44,16213862.0,402886624.0
2014-07-29,35.05,35.21,34.77,34.44,19801440.0,491852544.0
2014-07-28,33.15,34.76,34.7,33.15,21032486.0,510918016.0
2014-07-25,32.85,33.17,33.1,32.77,8046890.0,189479536.0
2014-07-24,32.49,32.96,32.77,32.49,6929916.0,161771168.0
2014-07-23,32.95,33.03,32.47,32.46,6911842.0,160609024.0
2014-07-22,32.75,33.2,32.92,32.68,8192057.0,192519712.0
2014-07-21,32.54,32.88,32.74,32.4,6447624.0,150147744.0
2014-07-18,32.35,32.68,32.61,32.35,6809468.0,157901200.0
2014-07-17,33.02,33.05,32.32,32.02,11872216.0,273076448.0
2014-07-16,33.5,33.51,33.01,32.85,6179491.0,145754944.0
2014-07-15,32.85,33.45,33.37,32.85,11434175.0,270813984.0
2014-07-14,32.33,32.92,32.74,32.28,9793812.0,228171600.0
2014-07-11,32.99,32.99,32.49,32.26,11303560.0,262054128.0
2014-07-10,32.77,33.13,32.99,32.75,5620692.0,132013440.0
2014-07-09,33.17,33.4,32.77,32.68,11585489.0,271593856.0
2014-07-08,34.45,34.7,33.05,32.7,23387292.0,554227200.0
2014-07-07,35.07,35.48,34.59,34.41,9244274.0,228853536.0
2014-07-04,35.85,35.92,35.18,35.11,7900970.0,199353376.0
2014-07-03,35.46,35.71,35.69,35.07,12325425.0,311473216.0
2014-07-02,35.45,35.76,35.31,35.1,8777238.0,221638064.0
2014-07-01,35.43,35.74,35.18,34.96,9286918.0,233805552.0
2014-06-30,34.79,35.21,34.91,34.67,5747952.0,143188704.0
2014-06-27,35.07,35.28,34.96,34.65,9745073.0,243123072.0
2014-06-26,35.36,35.56,35.18,34.9,7290047.0,182904864.0
2014-06-25,34.51,35.56,35.26,34.17,15395388.0,381365920.0
2014-06-24,33.96,34.63,34.55,33.95,5207831.0,127914424.0
2014-06-23,34.31,34.4,33.96,33.82,4213210.0,102132632.0
2014-06-20,33.83,34.24,34.14,33.66,4419506.0,106835624.0
2014-06-19,34.49,34.97,33.8,33.66,6921231.0,169093760.0
2014-06-18,34.79,34.86,34.49,34.23,6791381.0,167060176.0
2014-06-17,35.8,35.8,34.87,34.86,10194031.0,255594832.0
2014-06-16,36.02,36.12,35.8,35.45,9108690.0,232688192.0
2014-06-13,35.7,36.05,35.83,35.21,12101746.0,307800832.0
2014-06-12,35.99,36.62,35.97,35.22,14382395.0,367789856.0
2014-06-11,36.19,37.31,36.25,36.09,16853616.0,442160160.0
2014-06-10,36.12,36.34,36.33,35.6,12693453.0,325301280.0
2014-06-09,34.55,36.47,36.34,34.51,24315126.0,622649344.0
2014-06-06,35.17,35.19,34.45,34.37,5959969.0,147203184.0
2014-06-05,34.58,35.18,35.11,34.24,7350477.0,181640832.0
2014-06-04,35.38,35.42,34.34,33.93,9951907.0,244930432.0
2014-06-03,35.05,36.06,35.38,34.9,13756878.0,349188832.0
2014-05-30,33.59,35.36,35.15,33.59,24161260.0,601268928.0
2014-05-29,34.06,34.37,33.43,33.4,7075745.0,171099840.0
2014-05-28,33.59,34.06,33.93,33.47,6815094.0,164232928.0
2014-05-27,33.38,34.23,33.58,33.31,9851713.0,237778256.0
2014-05-26,32.61,33.65,33.52,32.43,11453019.0,270968128.0
2014-05-23,32.12,32.45,32.36,32.09,3927364.0,90326528.0
2014-05-22,32.53,32.8,32.23,32.12,5428791.0,125670840.0
2014-05-21,31.95,32.52,32.47,31.63,4483513.0,102926336.0
2014-05-20,32.4,32.61,32.19,31.87,5362836.0,123269920.0
2014-05-19,33.12,33.12,32.18,31.7,7748419.0,177900960.0
2014-05-16,33.82,33.96,33.13,32.71,6920969.0,163983296.0
2014-05-15,34.63,34.91,33.95,33.93,5564403.0,136158832.0
2014-05-14,34.25,34.97,34.76,34.2,7735772.0,191781744.0
2014-05-13,34.55,34.6,34.24,33.88,5886451.0,143578096.0
2014-05-12,34.49,35.04,34.56,34.21,8992774.0,222094528.0
2014-05-09,33.73,34.56,34.13,33.71,10040014.0,244571616.0
2014-05-08,32.99,33.83,33.43,32.99,4859175.0,116190576.0
2014-05-07,33.71,33.75,33.03,32.99,4555381.0,108281952.0
2014-05-06,33.64,34.14,33.93,33.43,6483454.0,156202576.0
2014-05-05,33.8,34.11,33.64,33.23,7832984.0,187818480.0
2014-04-30,32.05,34.65,34.23,31.95,13657601.0,322833856.0
2014-04-29,31.49,32.47,31.93,31.49,6218577.0,141589072.0
2014-04-28,32.54,32.54,31.52,31.18,8340385.0,187917760.0
2014-04-25,33.69,33.92,32.67,32.66,10788632.0,254064496.0
2014-04-24,34.66,34.79,33.69,33.55,9939591.0,241095792.0
2014-04-23,35.0,35.04,34.76,34.62,5557268.0,137747504.0
2014-04-22,35.31,35.32,35.12,34.8,6354953.0,158657376.0
2014-04-21,35.26,35.76,35.31,35.14,7768348.0,196374832.0
2014-04-18,34.93,35.42,35.36,34.9,5822337.0,146373776.0
2014-04-17,35.42,35.5,35.01,35.0,6188037.0,155041248.0
2014-04-16,34.84,35.48,35.38,34.83,7492498.0,188240272.0
2014-04-15,35.77,35.8,34.91,34.84,15247989.0,383535616.0
2014-04-14,36.11,36.25,35.83,35.56,13907567.0,354923808.0
2014-04-11,36.33,36.86,36.25,36.01,11565409.0,300143296.0
2014-04-10,36.75,36.89,36.61,36.19,10471533.0,271924640.0
2014-04-09,36.34,37.17,36.62,36.34,7628487.0,199940512.0
2014-04-08,36.04,36.81,36.57,35.73,8405439.0,217762240.0
2014-04-04,36.55,36.6,36.41,35.84,7976787.0,206013744.0
2014-04-03,36.68,36.99,36.6,36.55,3959207.0,103713728.0
2014-04-02,37.12,37.31,36.79,36.48,6031631.0,158536272.0
2014-04-01,36.11,37.03,36.88,36.06,6775316.0,177370496.0
2014-03-31,36.43,36.68,36.09,35.99,6139195.0,158812416.0
2014-03-28,37.31,37.68,36.43,36.33,10357388.0,270925408.0
2014-03-27,37.31,38.14,37.1,36.47,14119644.0,375542208.0
2014-03-26,37.19,37.91,37.45,37.19,6485592.0,173683232.0
2014-03-25,37.03,37.38,37.12,36.96,5853033.0,154945104.0
2014-03-24,37.73,38.06,37.09,36.93,9884368.0,262770720.0
2014-03-21,36.61,37.73,37.54,36.47,8370319.0,221828352.0
2014-03-20,38.56,38.67,37.05,37.02,9715959.0,262074352.0
2014-03-19,38.58,38.9,38.56,38.17,12678592.0,348655680.0
2014-03-18,37.31,38.85,38.31,37.31,16065941.0,438931392.0
2014-03-17,36.47,37.38,37.31,36.46,6510591.0,171761952.0
2014-03-14,37.62,38.04,36.61,36.46,9649903.0,254853056.0
2014-03-13,37.16,38.11,37.62,36.86,7569254.0,202526848.0
2014-03-12,36.85,37.73,37.28,36.61,7389722.0,196045904.0
2014-03-11,36.51,37.24,36.89,36.16,7700382.0,202059248.0
2014-03-10,37.89,37.9,36.67,36.3,10689867.0,281561120.0
2014-03-07,38.59,39.14,38.07,37.45,15964876.0,435730016.0
2014-03-06,40.4,42.05,39.26,39.14,33565512.0,969139584.0
2014-03-04,37.73,39.51,39.47,36.26,18294906.0,493200992.0
2014-03-03,37.72,38.7,37.87,37.45,9460012.0,256998720.0
2014-02-28,36.91,38.01,37.89,36.75,8171703.0,218867408.0
2014-02-27,37.2,38.46,37.03,36.89,9950591.0,266948848.0
2014-02-26,36.61,36.89,36.82,35.77,9207540.0,238799456.0
2014-02-25,37.76,38.53,36.51,36.47,11745151.0,314318592.0
2014-02-24,38.72,38.78,37.76,37.02,11224273.0,302342144.0
2014-02-21,39.37,39.84,38.91,38.76,7005053.0,195882736.0
2014-02-20,40.26,40.51,39.3,39.14,8747632.0,248002528.0
2014-02-19,39.35,40.75,40.15,38.85,15088891.0,430635008.0
2014-02-18,40.13,40.2,39.35,39.14,12370984.0,349212000.0
2014-02-17,40.16,40.66,40.34,39.5,10403519.0,296705216.0
2014-02-14,39.57,40.37,40.08,39.56,7155484.0,203738176.0
2014-02-13,40.95,40.95,39.53,39.51,11782836.0,338249184.0
2014-02-12,41.31,42.15,40.93,40.54,13491427.0,395063072.0
2014-02-11,39.84,41.52,41.27,39.47,22369232.0,650613056.0
2014-02-10,38.15,40.64,39.73,38.15,18088876.0,510692384.0
2014-02-07,37.73,38.34,37.97,37.19,7804796.0,210903360.0
2014-01-30,37.7,38.76,38.03,37.45,9109945.0,248130592.0
2014-01-29,38.43,38.43,37.82,37.59,8856607.0,239146336.0
2014-01-28,36.19,38.42,38.01,36.19,17130964.0,460939488.0
2014-01-27,37.05,37.05,36.39,36.19,7661188.0,199105744.0
2014-01-24,36.93,37.51,37.1,36.89,8006008.0,212357824.0
2014-01-23,37.24,37.56,36.93,36.79,8246002.0,218420160.0
2014-01-22,35.44,37.16,37.05,35.31,14038607.0,365369728.0
2014-01-21,35.16,35.81,35.44,35.16,6642056.0,168171808.0
2014-01-20,36.11,36.51,35.2,34.82,10282963.0,260837200.0
2014-01-17,36.99,36.99,36.29,36.25,6442654.0,168061248.0
2014-01-16,36.88,37.2,36.99,36.54,6343543.0,167365104.0
2014-01-15,37.0,37.33,36.91,36.62,5254208.0,138626208.0
2014-01-14,37.07,37.17,37.09,36.11,7233527.0,189636672.0
2014-01-13,37.09,37.9,36.98,36.53,6257510.0,165924560.0
2014-01-10,36.92,37.58,37.09,36.65,6140067.0,162990624.0
2014-01-09,38.28,38.32,37.3,37.23,13198823.0,357352640.0
2014-01-08,38.0,38.53,38.29,37.55,8211720.0,224195408.0
2014-01-07,37.14,38.59,37.91,36.92,8033996.0,217290400.0
2014-01-06,38.99,39.01,37.51,37.23,9814208.0,264634768.0
2014-01-03,39.61,39.61,39.02,38.73,9397858.0,262492928.0
2014-01-02,38.71,39.9,39.69,38.07,14660558.0,410856544.0
2013-12-31,37.47,38.91,38.71,37.24,13168533.0,359868032.0
2013-12-30,37.23,38.0,37.52,36.88,11067435.0,296477120.0
2013-12-27,36.75,37.44,37.14,36.57,8900752.0,235576256.0
2013-12-26,37.51,37.52,36.75,36.0,19274428.0,504499776.0
2013-12-25,36.92,37.62,37.51,36.57,12266290.0,327046336.0
2013-12-24,39.62,39.89,37.23,36.32,26132086.0,703919168.0
2013-12-23,39.19,40.31,39.54,38.99,12536933.0,355181760.0
2013-12-20,38.63,39.89,39.03,38.49,9847551.0,275412128.0
2013-12-19,39.27,39.82,38.92,38.63,11149901.0,312272288.0
2013-12-18,40.57,40.59,39.2,38.49,18292604.0,512780416.0
2013-12-17,40.42,42.13,40.82,40.18,15463640.0,455402208.0
2013-12-16,44.78,44.92,40.68,40.59,35436896.0,1070211200.0
2013-12-06,44.99,47.14,45.02,44.34,32869144.0,1067441856.0
2013-12-05,40.75,43.13,43.09,40.73,26712790.0,800310528.0
2013-12-04,40.22,41.76,40.67,40.22,19776764.0,580903872.0
2013-12-03,38.36,40.28,40.18,38.36,14244766.0,402647040.0
2013-12-02,39.35,40.17,38.29,38.04,14004126.0,389157856.0
2013-11-29,39.42,40.54,40.08,39.05,21124160.0,602900160.0
2013-11-28,37.79,39.82,39.42,37.48,27373608.0,758012352.0
2013-11-27,37.53,37.87,37.58,36.82,15452024.0,413381920.0
2013-11-26,38.78,38.94,37.28,36.74,17823348.0,477978688.0
2013-11-25,38.73,39.17,38.89,38.6,8066707.0,224401712.0
2013-11-22,39.23,39.28,38.47,38.14,8593925.0,237008432.0
2013-11-21,39.27,39.31,39.22,38.63,6041487.0,168185728.0
2013-11-20,39.47,39.63,39.26,38.3,10492978.0,290860928.0
2013-11-19,40.56,40.94,39.28,39.02,13972473.0,397299360.0
2013-11-18,40.54,40.67,40.4,39.79,10322123.0,296614976.0
2013-11-15,39.76,40.73,40.15,39.68,10081860.0,290764224.0
2013-11-14,38.52,40.24,39.77,38.18,9264641.0,260711552.0
2013-11-13,39.44,39.45,38.68,38.63,9176649.0,255667040.0
2013-11-12,37.62,40.07,39.72,37.14,21265552.0,592481536.0
2013-11-11,36.32,37.72,37.49,36.32,11312393.0,298987680.0
2013-11-08,36.75,37.97,36.32,36.04,20589808.0,540541952.0
2013-11-07,40.52,40.52,37.49,36.85,33227152.0,896550080.0
2013-11-06,41.71,41.78,40.95,40.73,7454770.0,219554704.0
2013-11-05,40.94,41.85,41.83,40.11,9071955.0,264446208.0
2013-11-04,41.83,42.11,40.99,40.82,9704401.0,287259040.0
2013-11-01,40.59,43.01,42.56,39.89,19092012.0,564320384.0
2013-10-31,44.3,44.72,43.13,43.13,16166535.0,501956672.0
2013-10-30,47.14,47.99,47.92,46.48,7043765.0,238729600.0
2013-10-29,48.28,48.77,47.04,45.39,7134226.0,239178672.0
2013-10-28,48.81,48.81,48.31,47.72,5000977.0,172091376.0
2013-10-25,50.31,50.37,48.95,48.42,9272231.0,325599808.0
2013-10-24,49.54,51.5,50.24,49.02,18499236.0,670939392.0
2013-10-23,50.66,50.83,48.87,47.74,14167335.0,498090400.0
2013-10-22,51.81,52.62,51.08,51.01,9314973.0,344714816.0
2013-10-21,50.61,52.13,51.81,50.49,8780800.0,324044864.0
2013-10-18,50.8,51.2,50.44,50.09,6139506.0,221485376.0
2013-10-17,51.87,52.76,50.8,50.66,7896872.0,291684736.0
2013-10-16,52.48,52.83,51.68,51.31,10214986.0,378110176.0
2013-10-15,53.32,53.95,52.65,52.06,11117873.0,419028416.0
2013-10-14,51.95,53.99,53.03,51.91,15778658.0,599744704.0
2013-10-11,50.59,52.01,51.85,49.68,17808570.0,649699584.0
2013-10-10,49.66,51.5,50.54,49.16,12321375.0,443850880.0
2013-10-09,50.24,50.31,49.66,49.22,10771908.0,382310752.0
2013-10-08,50.45,51.92,50.54,50.24,14723403.0,535445280.0
2013-09-30,50.45,50.45,49.8,48.84,10017549.0,355088768.0
2013-09-27,49.4,50.93,49.52,48.84,16903136.0,602937408.0
2013-09-26,46.39,50.61,49.67,46.39,29631924.0,1028517760.0
2013-09-25,47.61,48.06,46.37,45.99,10950313.0,366537696.0
2013-09-24,47.15,47.54,46.83,46.55,9438759.0,316932128.0
2013-09-23,44.85,47.58,47.57,44.81,15870423.0,530115488.0
2013-09-18,44.42,45.04,44.65,43.1,6903354.0,217901904.0
2013-09-17,46.18,46.49,44.44,44.38,8484817.0,273662912.0
2013-09-16,45.25,46.83,46.38,45.05,9540577.0,314703360.0
2013-09-13,44.63,45.48,45.25,44.51,7331317.0,235756512.0
2013-09-12,44.7,45.62,44.84,44.55,10009111.0,321538560.0
2013-09-11,46.0,46.11,45.02,44.48,9763690.0,313784416.0
2013-09-10,46.39,46.39,45.5,45.2,11653609.0,379716224.0
2013-09-09,46.81,47.11,46.62,45.76,8748480.0,289709376.0
2013-09-06,46.88,47.54,46.8,46.58,6656092.0,222632832.0
2013-09-05,47.58,47.58,47.15,46.53,7327795.0,246176352.0
2013-09-04,48.98,48.98,47.74,47.6,6891513.0,236273040.0
2013-09-03,47.72,49.26,48.84,47.49,7567038.0,263720400.0
2013-09-02,47.14,48.3,47.58,46.88,9002167.0,307252512.0
2013-08-30,48.31,48.31,46.55,44.78,14572445.0,485692448.0
2013-08-29,50.09,50.37,48.41,48.28,8510671.0,297546496.0
2013-08-28,49.96,50.28,49.56,48.81,8005735.0,283391872.0
2013-08-27,50.31,50.87,50.23,49.82,6139849.0,220455248.0
2013-08-26,48.91,50.52,50.35,48.91,10980628.0,391706624.0
2013-08-23,49.18,49.84,48.81,48.28,7602937.0,266621008.0
2013-08-22,49.46,49.85,49.11,48.9,7710156.0,271884352.0
2013-08-21,48.02,49.59,49.43,47.89,9755890.0,341733760.0
2013-08-20,48.98,49.22,48.02,47.51,12615154.0,434538208.0
2013-08-19,48.83,49.54,49.18,48.42,8414988.0,294800800.0
2013-08-16,50.02,51.03,48.83,48.7,12609817.0,447564096.0
2013-08-15,50.94,51.0,50.27,50.1,6055547.0,218200368.0
2013-08-14,51.8,51.98,50.93,50.1,14666836.0,532068128.0
2013-08-13,52.5,52.61,51.71,51.22,8684803.0,320642880.0
2013-08-12,52.62,52.9,52.45,51.53,10783298.0,402200960.0
2013-08-09,51.52,52.97,52.2,51.08,15045324.0,560451904.0
2013-08-08,51.05,51.57,51.14,50.42,9195964.0,334908416.0
2013-08-07,52.62,52.65,51.27,51.0,13791488.0,508682080.0
2013-08-06,50.8,52.83,52.61,50.59,22405896.0,833495424.0
2013-08-05,50.52,51.32,50.59,50.24,13294499.0,481491456.0
2013-08-02,50.83,51.41,50.35,50.1,11376177.0,410162944.0
2013-08-01,49.82,50.76,50.65,49.4,11467880.0,410830240.0
2013-07-31,50.31,50.79,49.71,49.0,10324226.0,366493120.0
2013-07-30,52.24,52.68,50.09,49.54,12638606.0,457470816.0
2013-07-29,51.78,53.04,51.96,51.36,14272580.0,533563072.0
2013-07-26,51.08,52.76,51.98,50.82,14418100.0,534929280.0
2013-07-25,52.26,52.62,51.43,50.31,17189456.0,630009344.0
2013-07-24,49.02,52.34,52.27,48.7,28973492.0,1055171904.0
2013-07-23,48.62,49.75,49.02,48.59,8834637.0,310923264.0
2013-07-22,47.21,48.63,48.49,47.16,8108962.0,277726656.0
2013-07-19,48.16,49.53,47.89,47.84,9266211.0,321908832.0
2013-07-18,49.16,49.96,48.45,48.4,9913969.0,346854880.0
2013-07-17,51.47,51.47,49.39,49.26,13697417.0,491730624.0
2013-07-16,50.66,51.29,51.2,50.1,12621791.0,458163200.0
2013-07-15,49.35,50.93,50.59,48.98,12871560.0,460723712.0
2013-07-12,50.26,51.22,49.63,49.6,12503426.0,450229280.0
2013-07-11,48.98,50.17,50.12,48.69,14357185.0,508377952.0
2013-07-10,48.0,48.76,48.49,47.44,9045340.0,311530368.0
2013-07-09,47.05,47.95,47.64,46.79,8008375.0,271528832.0
2013-07-08,48.2,48.77,47.05,46.79,14248535.0,485137888.0
2013-07-05,49.71,50.34,49.28,48.98,11491642.0,406866400.0
2013-07-04,50.94,52.01,49.7,49.54,21481408.0,779241728.0
2013-07-03,51.18,51.92,51.38,50.38,14609966.0,535324288.0
2013-07-02,50.4,52.2,51.18,49.98,19431224.0,713110912.0
2013-07-01,48.12,50.38,50.34,48.07,17393900.0,615389504.0
2013-06-28,48.0,48.98,47.95,47.47,15123017.0,520074400.0
2013-06-27,47.57,50.94,48.34,47.57,29216796.0,1022354688.0
2013-06-26,44.11,46.76,46.42,44.09,17627072.0,574752384.0
2013-06-25,43.59,45.48,44.66,40.73,21599964.0,673983680.0
2013-06-24,46.18,46.32,44.41,42.84,16317157.0,517637056.0
2013-06-21,44.76,47.32,46.6,44.09,12856243.0,420158752.0
2013-06-20,49.42,49.45,46.38,46.16,16663880.0,567401984.0
2013-06-19,48.72,49.74,49.64,48.26,11491578.0,404506528.0
2013-06-18,49.23,50.13,49.02,48.49,15347175.0,541991360.0
2013-06-17,48.56,50.22,49.6,47.37,19142110.0,673149568.0
2013-06-14,46.65,48.81,48.27,46.65,21707546.0,739289152.0
2013-06-13,45.48,46.1,45.7,42.8,17368094.0,555645760.0
2013-06-07,48.97,49.35,46.65,45.16,24053006.0,805423296.0
2013-06-06,48.97,50.03,48.51,48.44,14642383.0,512584896.0
2013-06-05,51.5,52.06,49.26,47.82,25653870.0,908959296.0
2013-06-04,50.38,51.2,50.98,49.99,16224451.0,588105792.0
2013-06-03,52.76,52.76,50.34,50.22,27662818.0,1013546880.0
2013-05-31,55.28,55.28,53.14,52.86,19375588.0,741883072.0
2013-05-30,54.72,55.8,55.0,54.37,22542728.0,887469248.0
2013-05-29,54.51,55.28,53.87,53.25,17046116.0,657420800.0
2013-05-28,54.58,55.13,54.43,53.39,16216285.0,627427008.0
2013-05-27,52.54,55.23,54.86,52.17,28402290.0,1100263424.0
2013-05-24,51.63,53.48,52.47,51.57,28395916.0,1065864640.0
2013-05-23,50.38,51.75,50.68,49.3,38490640.0,1397486720.0
2013-05-22,50.66,53.99,52.36,49.96,18521958.0,695551296.0
2013-05-21,50.33,51.78,50.76,49.82,11873871.0,432625216.0
2013-05-20,51.36,52.15,51.49,48.07,26242168.0,933402368.0
2013-05-17,52.75,53.85,52.87,51.89,14041912.0,529047808.0
2013-05-16,55.6,55.63,52.96,52.5,22808396.0,875291712.0
2013-05-15,56.54,57.0,56.32,55.0,9705751.0,388298432.0
2013-05-14,55.1,56.86,56.19,54.59,13211134.0,527950336.0
2013-05-13,54.58,55.06,54.53,53.18,8722600.0,337378912.0
2013-05-10,52.62,55.53,54.5,52.48,17179864.0,666506432.0
2013-05-09,52.78,53.17,52.58,51.57,10551372.0,393376192.0
2013-05-08,53.31,53.74,53.0,52.5,10070341.0,381329824.0
2013-05-07,51.92,53.32,53.2,51.38,11269242.0,422356000.0
2013-05-06,53.18,54.33,52.37,50.89,15856218.0,594542784.0
2013-05-03,49.45,53.42,52.37,49.45,16598444.0,620491328.0
2013-05-02,46.91,51.08,49.43,46.18,12305925.0,432135904.0
2013-04-26,49.22,51.73,49.05,48.62,13321295.0,476515200.0
2013-04-25,51.08,53.39,50.49,49.8,14594390.0,535574144.0
2013-04-24,47.44,51.73,51.36,47.33,13674091.0,486594816.0
2013-04-23,49.02,49.25,47.39,47.15,9021774.0,308560416.0
2013-04-22,48.12,49.47,49.04,48.12,10116790.0,353316224.0
2013-04-19,46.88,48.88,48.02,46.88,10859675.0,374645344.0
2013-04-18,46.53,47.44,47.05,46.18,9086825.0,304590112.0
2013-04-17,44.09,47.99,47.18,43.95,18073616.0,600048832.0
2013-04-16,43.93,44.42,44.03,43.2,6080411.0,190317760.0
2013-04-15,44.77,45.48,44.56,44.23,7991337.0,256029568.0
2013-04-12,43.8,44.77,43.99,42.9,7028468.0,220281888.0
2013-04-11,45.01,45.19,43.97,43.24,8185312.0,257924320.0
2013-04-10,44.97,46.13,44.42,43.51,12650344.0,402069056.0
2013-04-09,46.9,47.58,45.27,44.95,20737990.0,684034560.0
2013-04-08,45.06,47.7,47.7,44.62,33051988.0,1088751616.0
2013-04-03,44.77,46.72,43.36,42.69,12810108.0,408746368.0
2013-04-02,45.41,47.07,44.46,43.71,12826203.0,414885280.0
2013-04-01,45.97,46.69,45.72,44.92,11080772.0,363372064.0
2013-03-29,41.99,46.46,45.78,40.88,23051914.0,726155712.0
2013-03-28,42.69,43.68,42.27,41.99,13312885.0,406887200.0
2013-03-27,44.34,45.92,44.35,44.09,13435956.0,431227168.0
2013-03-26,43.31,45.9,45.5,42.84,18821684.0,600930432.0
2013-03-25,42.85,45.76,43.95,41.83,22130212.0,693746688.0
2013-03-22,39.2,42.91,42.91,39.2,23904598.0,714855232.0
2013-03-21,38.57,39.51,39.01,38.49,8102727.0,226490880.0
2013-03-20,36.95,38.75,38.71,36.64,9856235.0,267164352.0
2013-03-19,37.35,37.77,37.13,35.66,6566001.0,171594624.0
2013-03-15,36.18,38.0,37.33,35.76,11228320.0,299506336.0
2013-03-14,37.31,37.4,36.19,35.83,6574802.0,170650992.0
2013-03-13,37.02,37.51,37.14,35.69,8076200.0,210781728.0
2013-03-12,37.4,38.4,37.26,35.97,11245098.0,299502656.0
2013-03-11,38.77,38.77,37.59,36.67,14636913.0,390721120.0
2013-03-08,39.3,40.73,39.16,38.49,9483638.0,268455936.0
2013-03-07,41.17,41.2,39.24,37.79,17743540.0,500623744.0
2013-03-06,40.59,42.04,40.88,40.26,12383175.0,363464384.0
2013-03-05,40.31,41.08,40.64,39.19,16360078.0,471795328.0
2013-03-04,39.27,39.82,38.74,38.21,9807900.0,271971392.0
2013-03-01,39.54,40.73,39.59,38.95,12893999.0,365576512.0
2013-02-28,37.23,39.47,39.4,37.09,14001161.0,386013248.0
2013-02-27,37.09,38.0,37.05,36.11,9571791.0,252860592.0
2013-02-26,38.38,38.89,37.06,36.96,11006389.0,296861920.0
2013-02-25,38.7,39.49,38.71,38.35,6798782.0,188632832.0
2013-02-22,39.19,39.47,38.5,38.08,8631692.0,237243792.0
2013-02-21,40.21,40.85,39.2,38.7,12745329.0,360902784.0
2013-02-20,38.07,40.95,40.24,38.07,15237435.0,433680480.0
2013-02-19,39.4,41.03,38.45,37.8,19754960.0,562665344.0
2013-02-18,38.05,39.89,39.41,37.3,11546502.0,316521280.0
2013-02-08,37.37,39.15,38.05,37.24,8392518.0,230192896.0
2013-02-07,37.79,38.99,37.76,37.52,9715224.0,264613296.0
2013-02-06,35.94,39.09,38.0,35.41,19492412.0,519480992.0
2013-02-05,33.59,35.9,35.86,33.42,9271562.0,230776672.0
2013-02-04,34.85,35.66,33.99,33.56,9104962.0,222204000.0
2013-02-01,36.22,36.53,35.24,34.58,8786595.0,222435632.0
2013-01-31,34.96,35.8,35.28,34.85,8030968.0,202669920.0
2013-01-30,35.03,35.95,34.68,34.65,9966915.0,250598208.0
2013-01-29,33.81,36.39,35.31,33.45,14955763.0,377696800.0
2013-01-28,33.1,34.12,33.85,32.89,14271913.0,342148640.0
2013-01-25,30.51,33.31,33.16,30.51,15243621.0,354655744.0
2013-01-24,31.49,31.99,30.62,30.59,8392027.0,187995472.0
2013-01-23,30.93,31.43,31.34,30.8,5757564.0,128041968.0
2013-01-22,32.47,32.52,31.39,31.18,7716494.0,174714720.0
2013-01-21,33.17,33.28,32.52,32.12,8450907.0,196923088.0
2013-01-18,33.28,33.49,33.18,32.61,7941118.0,187261040.0
2013-01-17,32.88,34.12,33.41,32.75,14393185.0,344880768.0
2013-01-16,32.2,33.17,32.58,31.8,14183143.0,330960160.0
2013-01-15,31.67,32.75,32.22,31.1,18729624.0,430996064.0
2013-01-14,29.81,31.98,31.57,29.81,17306130.0,388736896.0
2013-01-11,31.2,31.32,30.13,30.09,9843412.0,214359104.0
2013-01-10,31.07,31.68,31.11,30.65,10085656.0,223915168.0
2013-01-09,31.49,31.49,31.07,30.23,14923698.0,327853408.0
2013-01-08,31.35,32.4,31.48,30.79,26398456.0,594492672.0
2013-01-07,28.0,30.48,30.48,28.0,24901610.0,526053504.0
2013-01-04,27.96,28.38,27.71,27.43,12084342.0,239577312.0
2012-12-31,27.36,27.4,27.18,26.72,8297357.0,159983440.0
2012-12-28,27.21,27.45,27.12,26.84,7896516.0,152921984.0
2012-12-27,28.06,28.26,27.15,27.15,9378646.0,184229520.0
2012-12-26,27.99,28.2,28.02,27.47,9562978.0,189966848.0
2012-12-25,27.53,28.33,27.96,27.26,14354043.0,286212352.0
2012-12-24,27.15,27.7,27.68,26.8,8710212.0,170117168.0
2012-12-21,26.66,28.27,27.3,26.25,14050101.0,274102816.0
2012-12-20,27.01,27.01,26.58,26.14,7241838.0,137144720.0
2012-12-19,27.4,27.66,27.08,26.73,5115688.0,99042152.0
2012-12-18,27.43,28.12,27.4,27.08,7433686.0,146779296.0
2012-12-17,27.84,27.85,27.42,26.84,10742185.0,209149040.0
2012-12-14,27.04,27.95,27.81,26.59,8597257.0,169248944.0
2012-12-13,26.1,28.59,27.0,26.1,9629045.0,188908208.0
2012-12-12,26.65,26.98,26.41,25.74,6529857.0,122432312.0
2012-12-11,26.87,27.77,26.62,26.52,11529450.0,223663792.0
2012-12-10,24.38,26.87,26.87,24.23,10473456.0,193780416.0
2012-12-07,23.96,24.53,24.42,23.65,6261888.0,108297448.0
2012-12-06,23.79,24.28,23.96,23.54,4624259.0,79022472.0
2012-12-05,23.02,24.28,23.78,22.45,8048091.0,136294448.0
2012-12-04,22.43,23.74,23.32,21.13,9560856.0,151876048.0
2012-12-03,25.89,25.89,23.12,23.12,9224159.0,158835952.0
2012-11-22,26.51,26.51,25.68,25.58,3588847.0,66414920.0
2012-11-21,26.13,26.66,26.59,25.33,5057522.0,94279976.0
2012-11-20,26.66,26.73,26.27,26.23,3944489.0,74715968.0
2012-11-19,26.87,26.98,26.62,25.47,6049062.0,113683656.0
2012-11-16,26.52,27.21,26.97,26.1,5175243.0,98409368.0
2012-11-15,28.07,28.27,26.69,26.63,6254702.0,122324544.0
2012-11-14,28.07,28.34,28.27,27.4,4112723.0,81976768.0
2012-11-13,28.76,28.93,28.05,27.86,3809312.0,76980712.0
2012-11-12,28.31,29.08,28.83,27.98,4937525.0,100796856.0
2012-11-09,28.83,29.36,28.49,28.41,8038665.0,165562096.0
2012-11-08,29.5,29.94,28.96,28.94,5077184.0,106391632.0
2012-11-07,29.81,30.05,29.75,29.54,2868806.0,60983900.0
2012-11-06,30.45,30.59,29.81,29.42,5593464.0,118847248.0
2012-11-05,31.21,31.22,30.44,30.31,5322917.0,116420848.0
2012-11-02,31.35,31.56,31.29,30.97,4848274.0,108351952.0
2012-11-01,30.12,31.32,31.29,30.12,7003984.0,154753536.0
2012-10-31,30.29,30.65,30.1,29.89,3582724.0,77144360.0
2012-10-30,29.92,30.93,30.31,29.6,5014645.0,108743976.0
2012-10-29,29.74,30.23,30.15,29.31,4077082.0,87193488.0
2012-10-26,30.45,30.76,29.77,29.1,9524988.0,201475344.0
2012-10-25,31.42,31.74,30.64,30.62,7007659.0,155954912.0
2012-10-24,31.38,31.46,30.89,30.51,7283412.0,161256128.0
2012-10-23,32.73,33.14,31.6,31.42,7544678.0,173332384.0
2012-10-22,32.89,32.96,32.73,32.47,4393988.0,102626616.0
2012-10-19,33.81,33.81,33.14,33.04,4639258.0,110516976.0
2012-10-18,33.41,33.81,33.67,33.06,8509126.0,203954736.0
2012-10-17,33.14,33.77,33.39,32.19,9964040.0,235814944.0
2012-10-16,32.68,33.85,32.79,32.59,8906768.0,211708064.0
2012-10-15,32.47,33.1,32.9,32.05,6186133.0,143723536.0
2012-10-12,32.2,33.14,32.64,31.78,6699100.0,155787024.0
2012-10-11,32.89,33.44,32.33,32.27,9451821.0,221733776.0
2012-10-10,32.55,34.15,33.18,32.05,17399062.0,411468896.0
2012-10-09,29.39,32.41,32.41,29.39,21194072.0,476281504.0
2012-10-08,29.14,29.57,29.46,28.83,5761200.0,120337320.0
2012-09-28,28.41,29.19,29.11,28.21,7948659.0,162982704.0
2012-09-27,28.12,29.05,28.75,27.45,10245704.0,206985840.0
2012-09-26,29.53,30.15,28.12,27.78,8852793.0,180194976.0
2012-09-25,29.67,30.34,29.71,29.26,5199217.0,111007040.0
2012-09-24,29.33,29.88,29.75,28.68,8010303.0,167475392.0
2012-09-21,31.66,31.71,29.94,29.78,11137272.0,241511664.0
2012-09-20,32.75,33.58,31.66,31.6,8226215.0,191649664.0
2012-09-19,31.98,33.1,32.51,31.98,4926507.0,114801600.0
2012-09-18,33.56,33.7,32.34,31.56,7294152.0,170387152.0
2012-09-17,34.58,35.41,33.74,33.72,7129286.0,175267040.0
2012-09-14,34.81,34.99,34.25,33.88,9126925.0,224507552.0
2012-09-13,33.62,35.76,35.02,33.62,19410640.0,481950112.0
2012-09-12,33.56,33.85,33.53,32.72,6233741.0,148562848.0
2012-09-11,33.55,33.55,33.18,32.8,5885617.0,138910272.0
2012-09-10,34.15,34.29,33.72,33.24,8542675.0,205229888.0
2012-09-07,33.17,34.57,33.84,32.96,11095991.0,268104432.0
2012-09-06,32.19,32.89,32.71,32.19,4900095.0,114229672.0
2012-09-05,32.29,32.57,32.19,31.63,5661327.0,130278408.0
2012-09-04,32.19,33.11,32.29,32.19,9421699.0,219601552.0
2012-09-03,30.65,32.09,31.91,30.16,9307782.0,210439968.0
2012-08-31,30.93,31.45,30.68,29.89,9888155.0,216507760.0
2012-08-30,34.25,34.53,31.1,30.8,15086069.0,347007520.0
2012-08-29,34.4,35.07,34.23,33.74,8191038.0,201440160.0
2012-08-28,35.56,36.05,34.69,33.63,12682687.0,315909792.0
2012-08-27,36.71,37.45,35.86,35.72,9589505.0,250974576.0
2012-08-24,38.12,38.46,36.84,36.78,9625282.0,257574784.0
2012-08-23,37.65,38.63,38.3,36.68,11925198.0,321327968.0
2012-08-22,37.62,38.63,37.79,37.13,13420418.0,364921504.0
2012-08-21,36.61,37.67,37.05,36.53,8023544.0,212945616.0
2012-08-20,36.43,36.95,36.58,35.97,6376172.0,165785984.0
2012-08-17,36.14,37.21,37.02,35.06,11661054.0,299724672.0
2012-08-16,37.65,38.73,36.64,35.9,13955005.0,373070400.0
2012-08-15,39.22,39.61,37.98,37.93,15461908.0,427027136.0
2012-08-14,37.1,39.38,39.22,37.1,23097660.0,633261376.0
2012-08-13,36.39,38.49,37.52,35.3,20438354.0,542479744.0
2012-08-10,36.84,38.6,36.71,36.53,21669082.0,580826688.0
2012-08-09,35.81,36.54,36.35,34.99,15377089.0,393211136.0
2012-08-08,34.85,36.56,36.04,34.36,19622358.0,500419008.0
2012-08-07,36.39,36.39,35.13,34.82,24135466.0,610454848.0
2012-08-06,36.35,36.92,36.86,35.55,15621725.0,404199520.0
2012-08-03,36.98,37.14,36.64,35.8,14318189.0,371968544.0
2012-08-02,35.74,37.65,36.77,35.41,23907624.0,627363840.0
2012-08-01,33.87,36.11,35.73,33.81,21578414.0,543781760.0
2012-07-31,33.6,34.83,34.26,33.44,16252203.0,398010400.0
2012-07-30,34.99,36.04,33.63,33.35,16305027.0,400736096.0
2012-07-27,36.57,36.74,35.25,34.2,22768384.0,574837568.0
2012-07-26,37.62,38.84,36.28,36.12,19164164.0,512908032.0
2012-07-25,38.21,39.05,38.09,37.48,15679375.0,427039456.0
2012-07-24,37.93,39.98,39.03,37.13,26893172.0,746322240.0
2012-07-23,37.7,38.73,37.98,37.4,17960600.0,489864128.0
2012-07-20,40.0,40.78,38.09,37.98,32593450.0,912555584.0
2012-07-19,40.05,41.36,40.47,39.79,21990318.0,635443904.0
2012-07-18,42.34,42.62,40.75,39.05,32258792.0,937814912.0
2012-07-17,42.85,44.58,43.24,40.38,35797260.0,1088850304.0
2012-07-16,43.99,47.25,43.78,42.41,52875804.0,1696147456.0
2012-07-13,38.56,42.95,42.95,38.56,35645852.0,1056090496.0
2012-07-12,39.61,41.12,39.05,38.0,35296692.0,999012096.0
2012-07-11,35.53,39.4,39.4,35.53,28438520.0,772096832.0
2012-07-10,35.77,36.74,35.81,35.55,17242328.0,444860032.0
2012-07-09,34.08,37.55,35.97,33.94,32364332.0,833242624.0
2012-07-06,32.15,34.62,34.13,31.91,20834780.0,497515520.0
2012-07-05,33.48,34.19,32.13,32.03,21071362.0,502699872.0
2012-07-04,31.91,34.22,33.74,31.24,23637780.0,558558656.0
2012-07-03,32.48,32.65,31.96,31.87,9197747.0,211814368.0
2012-07-02,32.71,33.41,32.5,31.91,14332573.0,334391872.0
2012-06-29,31.21,32.19,32.08,31.07,12296398.0,279446528.0
2012-06-28,30.65,32.15,31.2,30.09,14974861.0,334327072.0
2012-06-27,30.62,30.9,30.4,29.64,10727869.0,232433664.0
2012-06-26,31.29,31.49,30.41,30.06,10137334.0,221533296.0
2012-06-25,31.81,32.93,31.27,30.65,15071379.0,340941504.0
2012-06-21,32.4,33.59,32.38,31.95,15173590.0,354561952.0
2012-06-20,34.76,34.99,33.11,32.9,26689170.0,639591168.0
2012-06-19,32.1,35.2,34.83,31.57,48696436.0,1181325440.0
2012-06-18,30.1,32.19,32.12,30.06,21778036.0,481554656.0
2012-06-15,29.92,30.54,29.88,29.6,12432494.0,266982464.0
2012-06-14,30.75,30.75,29.98,29.74,12291422.0,264287344.0
2012-06-13,30.16,31.07,30.69,29.74,14933280.0,326619680.0
2012-06-12,29.66,30.8,30.02,29.59,15641428.0,338811488.0
2012-06-11,30.51,30.79,29.95,28.76,21428700.0,454597600.0
2012-06-08,32.19,32.24,30.73,30.59,22375996.0,498396768.0
2012-06-07,31.74,32.3,32.06,31.49,16606218.0,378242944.0
2012-06-06,32.59,33.34,31.7,31.36,27768268.0,641334080.0
2012-06-05,33.49,35.66,33.45,33.18,38531060.0,947669760.0
2012-06-04,32.55,34.5,33.67,32.01,34067780.0,810832320.0
2012-06-01,32.23,32.86,32.37,31.85,16857884.0,390115840.0
2012-05-31,33.03,33.8,32.62,32.55,22150806.0,524951296.0
2012-05-30,32.48,33.58,33.14,31.63,26309000.0,616926592.0
2012-05-29,32.17,34.01,32.34,32.12,35916264.0,841756416.0
2012-05-28,32.23,32.5,31.35,30.93,38472724.0,867190016.0
2012-05-25,34.4,35.06,33.83,33.63,26424068.0,648400832.0
2012-05-24,34.06,35.21,34.88,32.89,49504532.0,1205758592.0
2012-05-23,30.76,34.19,34.19,30.54,44089920.0,1045313856.0
2012-05-22,29.5,32.47,31.08,29.32,39348744.0,877348928.0
2012-05-21,28.56,30.3,29.77,28.0,28629254.0,598085632.0
2012-05-18,28.12,29.74,28.59,27.64,30553104.0,625862784.0
2012-05-17,28.12,28.63,27.97,27.17,33535636.0,673868864.0
2012-05-16,27.88,30.78,29.89,27.09,62007096.0,1289836288.0
2012-05-15,30.64,31.84,27.99,27.58,78348536.0,1682463232.0
2012-05-14,29.12,29.12,29.12,29.12,8643271.0,180730800.0
2012-05-11,24.23,26.48,26.48,24.22,33455944.0,612192320.0
2012-05-10,22.74,24.85,24.07,22.74,32024996.0,562410688.0
2012-05-09,22.0,22.97,22.59,21.68,15101399.0,243381520.0
2012-05-08,21.55,22.66,22.13,21.28,17498738.0,278266944.0
2012-05-07,20.38,22.59,21.71,20.38,16980388.0,265372096.0
2012-05-04,20.75,21.56,20.54,20.26,18086932.0,270331520.0
2012-05-03,18.52,20.54,20.54,18.48,18832608.0,268017392.0
2012-05-02,18.69,18.79,18.68,18.37,6466256.0,86647384.0
2012-04-27,18.18,18.65,18.33,18.18,4650918.0,61550024.0
2012-04-26,18.5,18.51,18.13,18.11,5884962.0,77431544.0
2012-04-25,18.38,18.63,18.52,18.09,5184266.0,68528440.0
2012-04-24,18.94,18.97,18.51,18.05,8052538.0,107038144.0
2012-04-23,18.24,19.15,19.05,18.12,12417853.0,166811744.0
2012-04-20,18.31,18.52,18.27,17.91,7765905.0,101565328.0
2012-04-19,18.09,18.57,18.29,18.09,8557635.0,112524384.0
2012-04-18,17.86,18.23,18.08,17.52,8555893.0,109998184.0
2012-04-17,17.27,18.45,17.84,17.27,11561752.0,149313904.0
2012-04-16,17.62,17.62,17.38,17.27,5979339.0,74759632.0
2012-04-13,17.69,18.08,17.79,17.55,11807969.0,150847968.0
2012-04-11,17.13,17.34,17.27,16.95,5270563.0,64966172.0
2012-04-10,17.06,17.46,17.44,16.71,8455524.0,103444080.0
2012-04-09,18.08,18.08,17.28,17.19,9794755.0,124111456.0
2012-04-06,18.36,18.8,18.23,17.9,11721811.0,153826336.0
2012-04-05,18.04,18.89,18.7,17.34,13430540.0,174927184.0
2012-03-30,19.25,19.82,18.33,17.84,19291164.0,257630432.0
2012-03-29,19.78,21.8,19.82,19.34,29493770.0,432505600.0
2012-03-28,18.38,20.12,20.12,18.11,26489600.0,377261856.0
