date,open,high,close,low,volume,amount
2015-07-10,226.87,239.91,239.91,220.1,231842064.0,3237446912.0
2015-07-09,178.45,218.07,218.07,178.45,267160272.0,3155460608.0
2015-07-08,198.26,198.26,198.26,198.26,47160100.0,552244800.0
2015-07-07,235.34,241.6,220.27,220.27,200036032.0,2658588672.0
2015-07-06,258.53,258.53,244.65,224.16,209925024.0,3019316480.0
2015-07-03,235.17,251.76,235.0,217.05,175094752.0,2411137536.0
2015-07-02,247.19,250.58,239.23,228.57,164656704.0,2358596608.0
2015-07-01,243.8,259.04,241.1,237.03,219106480.0,3223196160.0
2015-06-30,217.9,239.91,239.91,212.31,176966880.0,2384121600.0
2015-06-29,243.97,244.48,218.07,211.97,165359808.0,2220087552.0
2015-06-26,253.29,257.86,235.51,235.51,136998144.0,1969733632.0
2015-06-25,282.41,283.59,261.75,256.16,107543592.0,1725379200.0
2015-06-24,286.13,286.98,281.22,270.89,121994864.0,2019087616.0
2015-06-23,265.48,283.93,282.92,242.11,122629800.0,1930377344.0
2015-06-19,287.65,291.21,262.43,262.26,117222112.0,1910288000.0
2015-06-18,310.68,310.68,291.38,289.52,98028368.0,1743794304.0
2015-06-17,313.22,318.64,311.19,296.29,113733824.0,2062175232.0
2015-06-16,308.82,326.09,316.44,304.08,142905072.0,2675563008.0
2015-06-15,322.7,324.56,312.54,310.51,122662024.0,2290016512.0
2015-06-12,325.07,327.44,321.35,316.27,134889440.0,2557804800.0
2015-06-11,331.68,336.42,325.07,318.81,194233392.0,3722598656.0
2015-06-10,338.62,353.35,338.79,331.84,82483704.0,1667282944.0
2015-06-09,346.98,347.48,338.87,334.44,66340160.0,2690929920.0
2015-06-08,352.92,355.34,341.88,333.6,76823152.0,3142960128.0
2015-06-05,366.38,370.39,352.33,342.97,100883488.0,4318688256.0
2015-06-04,333.6,357.68,353.5,307.68,111587248.0,4487432192.0
2015-06-03,327.33,337.37,327.92,319.39,74171056.0,2909880576.0
2015-06-02,300.16,331.68,331.26,296.81,102421232.0,3826665728.0
2015-06-01,289.88,302.58,301.5,284.77,66182784.0,2336242944.0
2015-05-29,279.84,289.71,286.53,272.57,77941648.0,2632605184.0
2015-05-28,311.86,313.04,279.76,279.76,100026816.0,3561467136.0
2015-05-27,313.87,317.55,310.86,301.08,68335928.0,2520899840.0
2015-05-26,303.5,311.61,308.35,299.66,73469920.0,2697521408.0
2015-05-25,284.27,307.68,303.5,284.27,85704632.0,3058100992.0
2015-05-22,283.27,285.94,283.44,275.08,83932752.0,2826323968.0
2015-05-21,262.62,283.94,282.18,261.36,98473888.0,3227587584.0
2015-05-20,264.71,271.48,263.54,261.36,72732416.0,2323837696.0
2015-05-19,254.84,266.55,263.79,252.5,63796384.0,1982738176.0
2015-05-18,252.0,258.19,254.01,248.32,43014588.0,1304043264.0
2015-05-15,264.46,265.38,253.76,251.83,54297496.0,1662063616.0
2015-05-14,262.03,272.99,264.29,260.53,63285584.0,2022567808.0
2015-05-13,255.76,267.13,263.62,250.91,82934680.0,2586934272.0
2015-05-12,257.18,257.35,255.76,249.91,68401168.0,2075923328.0
2015-05-11,249.16,256.51,255.43,248.24,59499088.0,1792625792.0
2015-05-08,244.98,248.91,247.15,241.47,45815384.0,1344824832.0
2015-05-07,244.14,248.07,242.13,238.71,39640852.0,1150272000.0
2015-05-06,252.84,261.95,244.31,240.8,87242816.0,2651565312.0
2015-05-05,270.06,273.57,254.34,253.42,87745128.0,2759222784.0
2015-05-04,252.08,276.42,274.57,252.08,120046680.0,3860104192.0
2015-04-30,245.4,258.1,251.25,243.05,84271464.0,2534232576.0
2015-04-29,242.89,246.98,244.22,239.96,38086488.0,1111564416.0
2015-04-28,250.08,253.0,243.72,242.05,59501888.0,1755880448.0
2015-04-27,243.22,255.01,253.09,243.22,82829232.0,2461330176.0
2015-04-24,242.47,247.07,242.8,238.96,50915260.0,1478143488.0
2015-04-23,252.08,252.34,248.16,245.4,59065904.0,1755792128.0
2015-04-22,246.65,252.92,250.25,245.81,60003724.0,1794069376.0
2015-04-21,236.2,245.06,244.73,235.19,56842520.0,1643076864.0
2015-04-20,245.98,245.98,239.38,235.45,70002336.0,2013025408.0
2015-04-17,247.4,252.5,248.07,245.15,51640236.0,1532592128.0
2015-04-16,240.8,248.15,245.65,237.45,41657708.0,1217329792.0
2015-04-15,252.34,252.34,241.13,240.88,56537852.0,1661702784.0
2015-04-14,260.36,260.36,252.34,249.49,67940872.0,2065999744.0
2015-04-13,259.36,263.2,260.44,255.93,62086776.0,1928330624.0
2015-04-10,246.65,259.02,256.77,245.14,74658000.0,2283511808.0
2015-04-09,245.65,249.16,247.49,240.88,70040088.0,2053796480.0
2015-04-08,249.91,252.17,242.3,238.29,115437480.0,3371133952.0
2015-04-03,246.9,255.85,252.17,245.81,71864768.0,2167502592.0
2015-04-02,246.9,250.41,246.31,243.47,56836144.0,1678047232.0
2015-04-01,243.31,250.58,246.23,242.47,61761788.0,1819473920.0
2015-03-31,259.19,261.28,245.06,244.73,98811680.0,2971608832.0
2015-03-30,250.83,260.61,255.09,249.83,77839272.0,2368568064.0
2015-03-27,241.97,250.66,248.91,238.37,70673192.0,2073200768.0
2015-03-26,237.95,249.16,237.54,235.78,69427504.0,2010361472.0
2015-03-25,236.2,240.63,237.95,230.76,69430176.0,1957005824.0
2015-03-24,230.51,241.47,236.62,229.76,100836032.0,2844117248.0
2015-03-23,230.76,232.02,229.01,227.17,63836400.0,1749433472.0
2015-03-20,236.53,236.53,228.67,224.41,96805520.0,2657973760.0
2015-03-19,212.03,233.94,233.94,211.2,128576336.0,3435240448.0
2015-03-18,210.86,212.79,212.7,209.03,55827740.0,1408537600.0
2015-03-17,209.78,213.21,210.7,205.76,64674924.0,1622957824.0
2015-03-16,203.34,208.77,207.85,202.92,47370704.0,1167367424.0
2015-03-13,202.75,205.35,202.5,201.16,33517096.0,813979520.0
2015-03-12,204.84,207.6,201.92,199.83,50568952.0,1226176384.0
2015-03-11,208.19,209.19,204.76,203.34,45331924.0,1116428672.0
2015-03-10,214.04,214.71,209.19,208.52,43373620.0,1093423616.0
2015-03-09,211.12,211.78,209.78,205.76,36345408.0,903594368.0
2015-03-06,215.04,217.13,210.95,207.6,60778644.0,1538457728.0
2015-03-05,212.28,213.62,208.1,204.84,45533940.0,1129017472.0
2015-03-04,208.86,214.21,212.03,206.18,44942948.0,1132828416.0
2015-03-03,202.34,216.38,207.6,201.83,82098400.0,2068424320.0
2015-03-02,209.03,210.36,204.68,202.34,49353984.0,1208090880.0
2015-02-27,206.6,209.03,206.52,202.5,39655936.0,976594304.0
2015-02-26,200.66,210.36,206.1,197.24,50906872.0,1243149568.0
2015-02-25,216.97,216.97,201.42,200.25,71586688.0,1768618496.0
2015-02-17,217.72,218.22,213.96,211.12,41912968.0,1075008128.0
2015-02-16,211.78,223.24,215.63,210.36,66361056.0,1732145280.0
2015-02-13,211.37,215.13,211.87,206.35,72005104.0,1814356864.0
2015-02-12,192.55,211.62,211.62,192.55,94859288.0,2326457344.0
2015-02-11,192.72,195.4,192.39,190.21,31037398.0,715257664.0
2015-02-10,190.46,194.48,192.72,188.12,33922840.0,777020480.0
2015-02-09,185.28,193.47,190.04,184.19,41857836.0,951178176.0
2015-02-06,188.96,191.05,185.28,182.19,47810192.0,1061843008.0
2015-02-05,192.14,197.07,190.46,184.11,98674600.0,2250092544.0
2015-02-04,201.17,203.93,188.29,188.04,79553392.0,1859467904.0
2015-02-03,203.84,205.76,201.17,196.9,44660676.0,1071532608.0
2015-02-02,196.48,204.93,202.84,193.81,37982504.0,910164352.0
2015-01-30,203.0,207.1,199.33,198.99,49041424.0,1191561472.0
2015-01-29,205.43,206.18,201.42,200.25,69693024.0,1690426624.0
2015-01-28,218.81,218.81,207.52,206.18,78076416.0,1967964672.0
2015-01-27,225.08,227.0,218.81,211.95,66279328.0,1730553728.0
2015-01-26,223.91,226.5,224.41,220.65,48985992.0,1308656896.0
2015-01-23,211.95,225.58,224.16,210.7,81497512.0,2131810304.0
2015-01-22,214.04,216.38,211.7,208.19,49280640.0,1244071552.0
2015-01-21,209.11,218.64,213.54,206.6,66830960.0,1710323456.0
2015-01-20,200.58,210.53,208.94,198.91,74572808.0,1822552064.0
2015-01-19,201.5,218.22,199.24,192.55,92214560.0,2276698624.0
2015-01-16,207.77,219.56,207.27,202.67,69657920.0,1762401792.0
2015-01-15,209.03,213.04,207.19,204.84,48085680.0,1192710656.0
2015-01-14,205.68,209.86,209.69,202.17,42897296.0,1052250880.0
2015-01-13,210.28,211.37,205.43,200.75,67555184.0,1661783936.0
2015-01-12,196.48,208.69,208.61,193.56,101220336.0,2428696064.0
2015-01-09,192.3,204.01,189.71,188.04,100891320.0,2375979520.0
2015-01-08,182.27,198.57,192.14,180.43,80273088.0,1805368192.0
2015-01-07,182.1,184.78,181.27,177.75,52453856.0,1136824704.0
2015-01-06,180.68,185.45,182.69,176.67,75316112.0,1638280832.0
2015-01-05,168.81,181.02,180.18,166.55,104555944.0,2201848832.0
2014-12-31,162.2,165.38,164.54,156.52,73665760.0,1417499008.0
2014-12-30,171.9,172.99,161.45,161.12,71954640.0,1429529600.0
2014-12-29,167.22,174.66,171.48,165.72,66632180.0,1366291840.0
2014-12-26,166.47,170.4,166.72,164.54,60775788.0,1213451264.0
2014-12-25,166.38,169.56,167.3,162.37,83734080.0,1659535104.0
2014-12-24,161.03,168.06,166.3,157.6,121426272.0,2388863232.0
2014-12-23,152.17,161.37,157.69,152.17,116539512.0,2183639808.0
2014-12-22,147.41,154.68,148.16,144.9,71250504.0,1275670912.0
2014-12-19,150.16,152.0,148.07,144.14,49678724.0,874309824.0
2014-12-18,144.98,152.17,150.16,144.81,66858572.0,1197478912.0
2014-12-17,145.48,148.66,144.81,143.22,56239456.0,979417408.0
2014-12-16,147.15,147.57,145.4,142.39,50833280.0,879112320.0
2014-12-15,145.4,149.91,146.15,144.14,81173472.0,1429838592.0
2014-12-12,135.95,147.15,143.73,134.61,100741600.0,1689652480.0
2014-12-11,136.53,139.13,135.45,134.19,55779376.0,909460352.0
2014-12-10,134.28,139.21,136.79,134.28,77199456.0,1262677760.0
2014-12-09,130.85,141.55,133.61,130.18,114331200.0,1846471936.0
2014-12-08,127.92,132.35,130.68,126.33,65710316.0,1026114432.0
2014-12-05,132.19,132.61,128.34,126.33,66761056.0,1031726912.0
2014-12-04,131.85,133.36,132.19,130.1,83492024.0,1318287872.0
2014-12-03,126.5,133.53,130.77,125.58,90971504.0,1415744000.0
2014-12-02,124.91,126.75,126.08,124.5,49547928.0,744424832.0
2014-12-01,123.49,126.5,124.91,122.99,52144356.0,778488960.0
2014-11-28,125.16,125.25,123.41,122.07,38964632.0,575400896.0
2014-11-27,126.42,126.75,125.08,123.83,36044896.0,539556992.0
2014-11-26,125.58,127.25,125.67,124.08,40216616.0,605651584.0
2014-11-25,123.24,125.67,125.33,123.16,50166104.0,745894592.0
2014-11-24,123.74,124.08,123.24,122.66,37165456.0,548055808.0
2014-11-21,122.74,123.58,122.82,121.4,22251486.0,326567552.0
2014-11-20,121.82,123.24,122.57,121.15,17688184.0,259024752.0
2014-11-19,121.48,122.99,121.9,120.9,16644984.0,243064320.0
2014-11-18,122.74,123.07,121.57,121.23,20056892.0,292381312.0
2014-11-17,123.74,125.08,122.91,122.66,28421180.0,420782720.0
2014-11-14,120.4,123.74,123.41,119.39,35958384.0,524662688.0
2014-11-13,121.07,121.23,120.23,119.81,19908708.0,286362688.0
2014-11-12,119.81,120.98,120.82,118.98,15709039.0,225890080.0
2014-11-11,122.57,123.33,119.56,118.81,31490502.0,456174816.0
2014-11-10,120.9,122.49,122.32,119.9,23941476.0,347745152.0
2014-11-07,122.49,122.49,120.56,120.23,28084128.0,407921120.0
2014-11-06,123.58,123.58,122.32,121.4,19747960.0,288569472.0
2014-11-05,122.74,123.91,123.16,121.99,20918186.0,308044864.0
2014-11-04,123.66,123.66,122.57,122.24,28623096.0,420359680.0
2014-11-03,124.75,126.08,123.91,123.16,38031844.0,567263936.0
2014-10-31,120.56,124.83,124.33,120.56,53523104.0,787390848.0
2014-10-30,121.48,122.15,120.15,120.06,33349778.0,482085824.0
2014-10-29,121.74,122.57,121.4,120.06,36259804.0,525954080.0
2014-10-28,119.56,121.48,121.4,119.31,25678474.0,369843712.0
2014-10-27,119.31,120.24,119.56,117.63,35305484.0,500001408.0
2014-10-24,123.09,123.85,122.51,121.67,18289840.0,267414848.0
2014-10-23,121.58,124.78,122.51,120.49,31579322.0,460441664.0
2014-10-22,124.35,124.69,121.33,121.08,32190042.0,470392000.0
2014-10-21,128.05,128.22,123.68,123.51,41393532.0,619558976.0
2014-10-20,127.38,128.72,128.14,127.3,22708682.0,345837664.0
2014-10-17,128.56,129.23,127.72,126.37,27616456.0,419489632.0
2014-10-16,129.82,130.82,128.3,128.22,32321468.0,499196224.0
2014-10-15,131.75,132.76,131.24,129.65,35468296.0,553485888.0
2014-10-14,132.67,134.19,130.82,130.49,63042416.0,987945536.0
2014-10-13,127.8,128.72,128.64,126.71,24818918.0,377520032.0
2014-10-10,129.4,129.65,127.88,127.46,43705880.0,668304384.0
2014-10-09,132.17,132.5,129.98,129.06,44605484.0,693387072.0
2014-10-08,131.75,133.34,132.17,131.24,55731032.0,876422144.0
2014-09-30,131.5,131.58,130.4,127.8,79763496.0,1229826048.0
2014-09-29,133.43,134.69,131.75,130.99,76057784.0,1203762816.0
2014-09-26,131.08,137.13,133.34,130.32,55923472.0,890463552.0
2014-09-25,133.43,135.61,131.92,130.82,59799396.0,949754432.0
2014-09-24,131.92,133.01,131.66,130.49,55064260.0,864065600.0
2014-09-23,132.76,132.93,132.25,128.89,62914556.0,981772608.0
2014-09-22,129.4,135.78,132.09,129.4,120868160.0,1906555264.0
2014-09-19,123.68,129.06,128.05,123.26,129154040.0,1938186240.0
2014-09-18,123.6,124.86,123.6,122.59,53935012.0,792660544.0
2014-09-17,123.51,124.1,123.68,121.67,37467688.0,548750656.0
2014-09-16,124.35,125.95,122.59,121.67,79731128.0,1176002560.0
2014-09-15,124.02,125.11,124.19,122.51,48637088.0,715453440.0
2014-09-12,122.59,124.19,124.02,122.34,46488640.0,681526336.0
2014-09-11,125.95,127.63,123.43,123.09,78175936.0,1168360576.0
2014-09-10,124.44,126.45,126.03,123.18,59884508.0,890767488.0
2014-09-09,124.02,125.03,124.61,121.92,64144288.0,939366720.0
2014-09-05,122.25,124.02,123.6,121.25,58446408.0,852403392.0
2014-09-04,120.57,122.51,121.75,119.14,67881184.0,978676864.0
2014-09-03,120.57,121.41,120.57,119.65,44146868.0,632383936.0
2014-09-02,120.07,121.08,120.49,119.31,47965528.0,686855296.0
2014-09-01,115.95,121.33,120.57,115.36,70714776.0,990537024.0
2014-08-29,116.29,117.3,116.88,115.36,37768928.0,523216864.0
2014-08-28,122.67,123.09,116.29,115.62,106993776.0,1514102272.0
2014-08-27,128.3,129.14,126.37,125.19,31952592.0,480297952.0
2014-08-26,130.24,131.75,128.56,127.55,34194576.0,526713408.0
2014-08-25,128.13,131.24,130.49,127.3,50910300.0,787044928.0
2014-08-22,128.39,129.73,127.88,127.63,32171052.0,491617056.0
2014-08-21,128.81,128.98,127.72,125.95,28644916.0,433563584.0
2014-08-20,128.13,129.82,128.47,127.04,42475880.0,651315200.0
2014-08-19,128.05,128.81,127.88,126.62,26377764.0,401292416.0
2014-08-18,124.86,128.39,128.22,124.52,40961064.0,617973440.0
2014-08-15,123.93,125.28,124.78,123.93,20528756.0,304450368.0
2014-08-14,125.95,126.12,124.02,123.93,29132596.0,431715296.0
2014-08-13,125.95,126.45,125.87,123.85,34534204.0,513729120.0
2014-08-12,129.06,129.06,126.62,125.7,45724252.0,692048256.0
2014-08-11,129.48,129.65,129.4,128.13,32443664.0,497972352.0
2014-08-08,127.63,129.56,129.14,127.63,18083914.0,277284800.0
2014-08-07,129.56,130.15,127.46,127.38,27127800.0,415180192.0
2014-08-06,130.24,130.24,129.56,128.56,24302504.0,373825888.0
2014-08-05,131.16,132.0,130.57,129.4,41414312.0,643147776.0
2014-08-04,127.38,132.42,131.16,126.37,52054364.0,804610048.0
2014-08-01,126.88,128.39,126.03,125.87,23171216.0,350184192.0
2014-07-31,128.13,128.39,128.22,124.77,33950248.0,510886912.0
2014-07-30,129.56,130.07,128.47,127.97,23767176.0,364476640.0
2014-07-29,129.4,131.08,129.48,128.56,33013872.0,509205760.0
2014-07-28,127.21,129.65,128.98,127.21,40526272.0,620559936.0
2014-07-25,125.61,127.3,126.96,124.94,25517084.0,383604640.0
2014-07-24,122.25,125.61,124.94,121.83,24389262.0,361843776.0
2014-07-23,122.76,123.51,122.09,121.67,14049550.0,205041280.0
2014-07-22,122.76,123.85,122.59,121.25,18066120.0,263544096.0
2014-07-21,122.67,123.85,122.76,122.51,11840929.0,173685056.0
2014-07-18,121.33,124.52,122.76,120.99,18455776.0,270332640.0
2014-07-17,125.61,125.78,121.92,121.41,23435596.0,342350976.0
2014-07-16,124.52,126.96,125.19,123.6,20622480.0,308289216.0
2014-07-15,126.03,126.71,124.52,123.6,18657364.0,276894560.0
2014-07-14,124.94,126.79,126.62,122.76,20596186.0,304623808.0
2014-07-11,123.6,126.71,124.86,123.6,11674548.0,174418160.0
2014-07-10,125.28,125.53,123.85,123.6,18596214.0,275072640.0
2014-07-09,128.22,128.22,125.78,125.19,27304260.0,410996512.0
2014-07-08,130.24,130.24,128.47,127.04,27010624.0,411555488.0
2014-07-07,127.3,130.66,130.32,126.71,40287052.0,620568448.0
2014-07-04,129.56,129.56,126.62,126.29,30966526.0,469348928.0
2014-07-03,129.4,130.4,129.65,128.56,19014004.0,293114304.0
2014-07-02,130.91,131.24,129.56,128.22,24810448.0,382863424.0
2014-07-01,135.7,135.7,130.32,129.98,44067448.0,689313472.0
2014-06-30,134.27,136.28,135.7,131.24,65774244.0,1048547968.0
2014-06-27,127.97,130.82,130.32,126.37,43727344.0,671711552.0
2014-06-26,122.25,128.3,126.62,121.16,34306184.0,512197408.0
2014-06-25,122.17,123.01,121.16,120.91,9984946.0,144322912.0
2014-06-24,123.35,123.6,122.08,121.33,15343137.0,222743040.0
2014-06-23,125.28,126.29,123.68,123.09,13864780.0,204864432.0
2014-06-20,122.67,125.03,124.69,121.41,11934798.0,175681776.0
2014-06-19,123.51,124.35,121.58,120.99,16669364.0,243175984.0
2014-06-18,125.03,126.29,123.09,122.17,21693804.0,319722816.0
2014-06-17,125.9,127.22,124.66,123.59,19573500.0,296306944.0
2014-06-16,124.74,126.89,126.31,124.41,29799600.0,453163616.0
2014-06-13,121.94,126.06,125.24,121.86,23183508.0,349635584.0
2014-06-12,122.52,122.76,121.53,120.7,16880384.0,249053152.0
2014-06-11,126.23,126.23,123.09,121.03,32364302.0,483359840.0
2014-06-10,124.58,127.22,127.14,123.92,12264116.0,186946608.0
2014-06-09,125.16,125.65,124.08,123.67,11923784.0,179672704.0
2014-06-06,125.57,127.63,125.98,124.74,15099687.0,230729216.0
2014-06-05,124.99,126.15,124.99,123.92,12644804.0,192031408.0
2014-06-04,126.31,127.14,125.16,123.84,19450804.0,294238432.0
2014-06-03,130.68,131.76,127.14,126.89,22393748.0,350281120.0
2014-05-30,131.51,132.42,130.19,130.02,11554412.0,183950176.0
2014-05-29,132.83,133.16,131.18,130.44,14482158.0,230761664.0
2014-05-28,133.24,134.23,132.91,129.94,29100034.0,464697120.0
2014-05-27,136.54,136.79,133.65,133.41,16279001.0,266042864.0
2014-05-26,137.78,138.11,136.71,134.97,14762279.0,243451728.0
2014-05-23,133.82,136.62,136.46,133.08,13055994.0,213616160.0
2014-05-22,133.98,137.37,134.15,133.41,19918600.0,327192480.0
2014-05-21,132.09,134.07,133.9,130.77,8553345.0,137765600.0
2014-05-20,133.74,135.88,132.83,132.0,14963055.0,242983040.0
2014-05-19,132.09,135.72,132.0,131.67,14096774.0,228085024.0
2014-05-16,131.26,132.75,131.51,130.11,12226079.0,194591680.0
2014-05-15,136.87,137.12,132.25,131.76,21409868.0,348216608.0
2014-05-14,133.32,140.09,137.53,133.08,27212836.0,455199136.0
2014-05-13,136.29,136.95,133.65,132.99,19538388.0,319191200.0
2014-05-12,131.18,138.19,137.78,127.47,35812468.0,579609088.0
2014-05-09,131.59,131.84,130.19,128.04,15327496.0,241078032.0
2014-05-08,132.17,135.06,130.77,130.35,16683188.0,268248544.0
2014-05-07,135.22,135.22,133.08,132.5,13353184.0,216541728.0
2014-05-06,136.29,137.53,135.96,134.31,19395276.0,319650432.0
2014-05-05,131.84,136.21,136.13,131.59,24530744.0,399671776.0
2014-04-30,135.39,136.29,131.34,130.02,24590860.0,394598784.0
2014-04-29,133.9,137.04,135.14,132.83,19544716.0,319147392.0
2014-04-28,139.51,140.67,133.9,131.26,26494674.0,434701376.0
2014-04-25,138.69,142.48,139.26,137.78,19202368.0,326295360.0
2014-04-24,139.35,141.99,138.52,136.54,18396624.0,309932736.0
2014-04-23,146.03,146.77,140.17,138.44,29584760.0,509462368.0
2014-04-22,147.6,149.16,147.18,142.89,28120952.0,496753856.0
2014-04-21,142.32,150.57,148.09,141.66,38760144.0,692574784.0
2014-04-18,142.48,145.04,143.06,141.49,21101276.0,366118304.0
2014-04-17,138.11,143.22,142.73,138.11,31455010.0,537927232.0
2014-04-16,140.25,140.91,137.7,135.72,26350288.0,440127552.0
2014-04-15,139.43,141.49,139.92,136.71,25852438.0,435554656.0
2014-04-14,140.25,141.66,139.59,138.85,18733984.0,317347776.0
2014-04-11,138.6,142.56,139.43,138.27,22890738.0,389297504.0
2014-04-10,142.15,145.29,140.01,139.43,30843032.0,533266240.0
2014-04-09,140.91,143.72,143.22,137.37,42641840.0,724328704.0
2014-04-08,144.38,147.51,141.16,140.67,61477720.0,1071153472.0
2014-04-04,137.86,142.32,142.07,137.04,31593420.0,533935936.0
2014-04-03,135.3,139.1,137.78,134.97,31292284.0,521759648.0
2014-04-02,131.26,137.2,135.8,130.77,35002780.0,571915584.0
2014-04-01,132.83,135.63,131.18,131.01,31693972.0,510417824.0
2014-03-31,130.35,135.96,134.15,129.12,54219096.0,871767872.0
2014-03-28,129.61,132.83,128.95,127.05,37008756.0,582049344.0
2014-03-27,132.0,134.89,127.96,127.47,73478096.0,1165297408.0
2014-03-19,120.45,123.59,123.26,118.39,37502644.0,550791936.0
2014-03-18,120.87,122.19,121.36,118.47,36952952.0,538781376.0
2014-03-17,111.87,120.04,119.71,111.71,45262684.0,637715200.0
2014-03-14,110.39,114.51,111.38,109.4,25733288.0,349642240.0
2014-03-13,112.12,112.37,110.72,108.82,22980716.0,307172288.0
2014-03-12,113.85,116.16,111.13,109.89,27151180.0,370602880.0
2014-03-11,113.03,117.65,114.68,111.46,28344270.0,395438464.0
2014-03-10,113.94,118.89,113.03,112.7,37298528.0,524063584.0
2014-03-07,114.18,116.16,115.26,112.94,30238064.0,419632768.0
2014-03-06,109.07,113.69,113.36,109.07,30843640.0,417625920.0
2014-03-05,110.97,111.46,109.07,107.67,15653271.0,208056496.0
2014-03-04,111.38,111.87,109.81,108.98,27177768.0,362738464.0
2014-03-03,101.97,107.58,107.25,101.15,36624576.0,466279360.0
2014-02-28,103.79,105.11,101.31,99.08,21421068.0,262360928.0
2014-02-27,106.92,108.16,103.62,102.96,24888280.0,317273728.0
2014-02-26,106.84,108.66,106.1,104.45,17681048.0,227816704.0
2014-02-25,112.86,116.16,107.83,106.43,32701212.0,439080416.0
2014-02-24,110.88,113.36,113.19,108.08,24299346.0,325117248.0
2014-02-21,113.85,115.83,112.37,110.72,22620128.0,309889824.0
2014-02-20,116.08,118.89,115.09,112.7,47801812.0,672612544.0
2014-02-19,113.85,116.16,114.1,111.38,34066748.0,470740800.0
2014-02-18,112.04,113.03,110.55,108.82,30026920.0,402532160.0
2014-02-17,112.61,117.57,113.36,110.55,34181060.0,470806816.0
2014-02-14,107.0,109.56,109.07,106.43,24746590.0,324483232.0
2014-02-13,102.72,109.56,106.26,102.72,37041588.0,481947904.0
2014-02-12,100.08,102.8,102.72,98.59,18571226.0,227053792.0
2014-02-11,101.89,102.47,100.08,98.18,17234492.0,208932160.0
2014-02-10,99.99,102.63,101.56,99.99,21391024.0,263262352.0
2014-02-07,96.03,100.57,99.91,94.96,15106162.0,179226496.0
2014-01-30,98.84,99.25,96.53,96.36,7232739.0,85532608.0
2014-01-29,99.66,100.24,98.92,98.59,8434266.0,101263416.0
2014-01-28,98.92,100.49,99.0,98.26,6823772.0,82075904.0
2014-01-27,99.66,101.23,98.92,98.67,13221957.0,159690832.0
2014-01-24,99.66,101.06,100.41,98.67,12398304.0,150201136.0
2014-01-23,100.73,102.72,100.24,99.58,12351842.0,150871808.0
2014-01-22,95.29,101.89,101.31,94.96,21011772.0,254688736.0
2014-01-21,95.21,96.44,95.12,93.23,12510652.0,143873504.0
2014-01-20,95.7,97.6,94.55,94.3,7858266.0,90886944.0
2014-01-17,99.0,100.65,96.86,95.54,20484640.0,244864512.0
2014-01-16,96.2,98.26,97.77,95.7,10127097.0,119556184.0
2014-01-15,96.69,99.5,96.28,94.88,32919538.0,388985152.0
2014-01-14,94.14,97.52,96.44,94.14,7189066.0,83690032.0
2014-01-13,96.28,97.11,93.89,93.47,9544715.0,109933784.0
2014-01-10,96.69,97.52,96.36,94.55,9160869.0,106522928.0
2014-01-09,100.65,101.06,97.27,97.19,18590756.0,223098768.0
2014-01-08,103.46,104.61,100.73,99.83,19008968.0,234397952.0
2014-01-07,102.47,106.26,103.46,101.48,15054802.0,189685840.0
2014-01-06,107.91,107.91,103.87,103.46,11655663.0,147545200.0
2014-01-03,107.33,108.82,108.41,107.33,9869281.0,129216736.0
2014-01-02,108.57,109.48,108.74,107.67,6463358.0,85130232.0
2013-12-31,106.43,110.14,109.07,106.43,7525767.0,98449384.0
2013-12-30,107.09,109.89,108.08,107.09,8756050.0,114851400.0
2013-12-27,103.95,108.08,107.0,103.79,9746875.0,125872048.0
2013-12-26,105.6,107.09,104.03,103.13,5965986.0,75554624.0
2013-12-25,104.61,106.84,106.51,104.03,7873471.0,101167320.0
2013-12-24,103.29,105.69,103.87,102.22,7980684.0,100825720.0
2013-12-23,101.81,103.7,103.54,100.24,7070916.0,86920696.0
2013-12-20,104.28,104.86,101.72,100.49,7844048.0,97514592.0
2013-12-19,106.1,106.34,103.87,103.7,6941811.0,88294296.0
2013-12-18,106.92,107.33,105.85,103.95,8097736.0,103348152.0
2013-12-17,106.51,107.5,106.76,106.1,5427808.0,70256056.0
2013-12-16,110.55,110.97,106.67,106.02,13206285.0,172799792.0
2013-12-13,107.25,111.13,110.8,107.25,16774398.0,223318512.0
2013-12-12,107.33,109.31,107.91,106.92,8632459.0,113464496.0
2013-12-11,107.25,108.9,107.33,106.67,9294488.0,121482992.0
2013-12-10,108.08,108.74,108.0,106.43,10696431.0,139397680.0
2013-12-09,108.82,110.06,108.08,107.58,10694917.0,140725120.0
2013-12-06,108.33,110.47,107.75,107.25,12993955.0,171291888.0
2013-12-05,111.79,112.62,108.57,107.83,22709652.0,300934336.0
2013-12-04,109.4,114.27,112.04,108.9,33844156.0,459550560.0
2013-12-03,109.73,112.12,109.31,107.17,30357300.0,405398304.0
2013-12-02,110.22,114.51,111.3,106.1,36347016.0,490457056.0
2013-11-29,109.97,113.69,111.96,109.07,38725264.0,523919392.0
2013-11-28,102.39,111.54,110.31,102.39,43621272.0,577293952.0
2013-11-27,100.49,103.29,102.39,99.66,16922820.0,208365040.0
2013-11-26,100.16,101.39,100.57,99.5,14826376.0,180766656.0
2013-11-25,98.01,100.32,99.75,97.27,16364749.0,197505280.0
2013-11-22,95.54,99.91,98.51,94.8,17374172.0,206707840.0
2013-11-21,96.53,96.53,95.54,93.56,11647469.0,134152120.0
2013-11-20,98.67,98.84,96.61,95.37,10072230.0,118229776.0
2013-11-19,99.0,99.25,97.44,97.02,7546952.0,89484056.0
2013-11-18,97.44,99.25,98.67,97.44,15056722.0,179473792.0
2013-11-15,97.02,99.83,97.35,96.03,15596872.0,184737232.0
2013-11-14,94.96,96.53,95.29,93.14,8159752.0,93954688.0
2013-11-13,94.05,97.27,94.38,92.65,16529812.0,190022176.0
2013-11-12,92.4,93.47,92.98,91.33,6994628.0,78496704.0
2013-11-11,90.09,93.81,92.32,90.09,11124620.0,124516680.0
2013-11-08,93.56,93.81,90.59,90.01,11659233.0,129524264.0
2013-11-07,96.94,97.11,94.05,92.4,11301700.0,128981984.0
2013-11-06,97.11,98.51,96.94,96.28,7260028.0,85475808.0
2013-11-05,98.09,98.67,98.01,96.11,7310959.0,86367104.0
2013-11-04,96.28,100.16,98.92,96.28,9477953.0,113470928.0
2013-11-01,97.77,98.84,96.86,94.47,8054404.0,94329936.0
2013-10-31,97.52,97.85,96.61,95.54,7074767.0,82909392.0
2013-10-30,94.88,97.85,97.77,93.97,10104921.0,117574376.0
2013-10-29,95.78,96.94,95.37,89.52,17608382.0,199409808.0
2013-10-28,96.53,96.53,95.45,93.64,14806822.0,169991520.0
2013-10-25,100.9,101.39,97.11,94.88,15847314.0,186429456.0
2013-10-24,99.42,100.9,100.65,99.08,8410498.0,102051168.0
2013-10-23,100.65,101.31,99.58,97.6,13898204.0,167610592.0
2013-10-22,103.95,103.95,100.49,99.58,19723312.0,241730256.0
2013-10-21,100.82,104.61,103.95,99.08,24579728.0,303724864.0
2013-10-18,102.39,103.54,100.73,99.83,17851004.0,218872512.0
2013-10-17,104.36,105.36,102.3,100.24,17362560.0,216247248.0
2013-10-16,112.12,112.12,103.38,100.82,36596664.0,467822176.0
2013-10-15,109.48,112.53,111.13,107.09,29420168.0,391474272.0
2013-10-14,112.86,113.61,110.47,108.74,28545584.0,381860768.0
2013-10-11,109.48,113.52,112.12,108.16,35477272.0,480824416.0
2013-10-10,111.3,112.2,108.82,106.59,28939752.0,380583072.0
2013-10-09,102.8,111.46,111.3,102.47,38001888.0,500962208.0
2013-10-08,99.99,103.62,102.8,99.91,13567234.0,168667568.0
2013-09-30,100.24,101.89,101.06,99.33,8826046.0,107360432.0
2013-09-27,100.49,102.55,100.98,99.0,7899526.0,96614608.0
2013-09-26,103.54,105.19,100.57,99.91,16679507.0,204442336.0
2013-09-25,104.45,106.51,104.2,103.54,10637851.0,134917088.0
2013-09-24,105.44,105.85,105.03,104.03,12972270.0,164943904.0
2013-09-23,105.6,107.25,105.93,104.61,19358518.0,248022992.0
2013-09-18,108.98,111.54,105.69,103.54,24701344.0,318159840.0
2013-09-17,109.56,111.95,109.07,107.75,20478912.0,273524096.0
2013-09-16,105.11,111.54,109.73,105.11,32214684.0,426033536.0
2013-09-13,103.29,108.0,104.86,103.21,14869022.0,191507584.0
2013-09-12,104.2,105.6,103.95,102.72,14869241.0,187511392.0
2013-09-11,98.18,106.92,105.27,95.04,35352184.0,431953120.0
2013-09-10,96.86,99.25,98.26,96.36,19971304.0,238070400.0
2013-09-09,101.64,103.95,96.69,96.11,33966472.0,405124576.0
2013-09-06,100.65,102.14,101.31,99.83,10127250.0,123810728.0
2013-09-05,101.56,101.89,101.06,100.32,7774479.0,95091920.0
2013-09-04,103.29,103.95,101.56,101.31,7474092.0,92968096.0
2013-09-03,103.29,104.2,103.21,101.06,7463763.0,93411688.0
2013-09-02,99.17,103.7,102.63,99.08,9930950.0,122358352.0
2013-08-30,104.28,105.19,99.42,99.33,16611803.0,204050640.0
2013-08-29,105.69,106.59,104.28,103.13,10067089.0,127293552.0
2013-08-28,108.0,110.8,105.36,105.27,18598016.0,243127424.0
2013-08-27,105.44,111.79,109.4,104.28,22257212.0,289956544.0
2013-08-26,103.13,106.84,105.6,102.3,13902821.0,177153504.0
2013-08-23,105.85,107.25,102.96,101.89,13967658.0,175741024.0
2013-08-22,102.63,106.76,105.44,102.14,19426268.0,248141424.0
2013-08-21,103.95,105.6,103.46,100.49,22334054.0,279267264.0
2013-08-20,108.9,109.48,104.94,103.13,42855624.0,549863360.0
2013-08-19,97.85,108.74,108.74,97.85,40421936.0,513679776.0
2013-08-16,101.89,104.45,98.84,98.18,19096604.0,234157936.0
2013-08-15,104.78,106.51,102.14,101.89,16125731.0,202327328.0
2013-08-14,104.78,108.9,106.02,103.79,22743400.0,294085280.0
2013-08-13,105.77,106.43,105.19,102.96,22278994.0,281882336.0
2013-08-12,107.25,108.9,106.67,104.03,27334988.0,352653376.0
2013-08-09,103.79,107.91,106.76,101.64,39494612.0,507641472.0
2013-08-08,102.72,105.93,103.79,101.23,35520244.0,445560064.0
2013-08-07,97.35,104.94,102.22,97.35,38948568.0,479361312.0
2013-08-06,96.94,101.64,98.09,96.36,36826052.0,442230944.0
2013-08-05,90.92,98.42,97.19,90.92,47192512.0,543744704.0
2013-08-02,89.6,91.08,90.09,88.77,26304800.0,287638144.0
2013-08-01,83.9,90.59,89.6,83.9,35833176.0,384545152.0
2013-07-31,83.49,84.07,82.34,81.76,7267072.0,72867080.0
2013-07-30,81.92,83.33,83.0,80.11,13499764.0,134508112.0
2013-07-29,79.28,81.35,80.6,78.13,7701533.0,74891000.0
2013-07-26,80.03,81.26,79.53,78.38,8413273.0,81206008.0
2013-07-25,82.75,83.66,81.18,80.85,7704423.0,76546888.0
2013-07-24,83.16,84.48,82.75,81.51,10514209.0,105135848.0
2013-07-23,79.61,83.74,83.66,79.53,15164368.0,151203424.0
2013-07-22,79.2,79.86,79.53,76.31,16786582.0,159410432.0
2013-07-19,83.82,84.15,80.6,80.52,14479240.0,143927488.0
2013-07-18,83.33,84.89,83.57,82.5,8671805.0,87954640.0
2013-07-17,86.21,86.63,84.48,82.34,14452511.0,147486768.0
2013-07-16,87.45,87.62,86.63,85.06,11605293.0,121210192.0
2013-07-15,82.67,87.04,86.13,82.25,23536444.0,242818384.0
2013-07-12,82.09,84.07,82.58,81.68,14954184.0,150516416.0
2013-07-11,80.69,83.0,81.92,80.03,18213832.0,180814528.0
2013-07-10,80.03,81.59,80.77,77.55,14340816.0,137913776.0
2013-07-09,80.44,83.08,80.27,80.03,11642567.0,115053808.0
2013-07-08,80.85,81.59,80.6,78.13,14474362.0,140564528.0
2013-07-05,81.68,83.16,81.84,80.03,12408130.0,123603336.0
2013-07-04,76.73,83.99,82.58,76.07,28758864.0,282945824.0
2013-07-03,78.38,79.28,77.06,75.98,11281826.0,105921624.0
2013-07-02,78.21,80.19,78.79,77.3,12497924.0,119096192.0
2013-07-01,77.06,78.62,78.21,76.4,10770382.0,101070968.0
2013-06-28,75.98,78.21,77.39,74.58,12311747.0,114257008.0
2013-06-27,75.57,77.47,76.97,74.75,14410208.0,133914672.0
2013-06-26,74.83,76.97,75.16,74.42,16819094.0,154477424.0
2013-06-25,69.22,75.57,74.83,66.83,19174636.0,164834960.0
2013-06-24,72.44,72.68,70.13,69.3,11746546.0,100669048.0
2013-06-21,71.78,74.17,73.1,71.12,7946390.0,69988912.0
2013-06-20,76.64,77.06,73.76,73.26,10176481.0,92234720.0
2013-06-19,77.55,78.38,76.81,75.9,6670090.0,61797728.0
2013-06-18,77.96,79.86,78.46,77.96,6491973.0,61976556.0
2013-06-17,76.97,79.12,77.63,76.64,7732546.0,73131168.0
2013-06-14,77.3,78.05,77.55,75.74,10366589.0,96881384.0
2013-06-13,77.55,77.72,77.39,73.1,15749423.0,144049888.0
2013-06-07,81.35,81.35,79.78,78.79,17172266.0,165961280.0
2013-06-06,83.33,83.33,81.51,81.1,8227234.0,81959872.0
2013-06-05,82.5,84.07,83.16,82.25,6897175.0,69496184.0
2013-06-04,83.66,83.74,82.42,81.43,13841574.0,138177344.0
2013-06-03,86.79,87.62,83.57,82.91,17765868.0,181664256.0
2013-05-31,87.7,91.17,86.88,86.63,23164820.0,250676656.0
2013-05-30,86.79,89.52,87.78,86.21,21307172.0,227502672.0
2013-05-29,84.48,88.11,87.04,84.07,26259396.0,273017056.0
2013-05-28,84.81,86.21,84.23,83.57,14607758.0,149646400.0
2013-05-27,80.69,85.31,84.81,80.69,24493784.0,246850784.0
2013-05-24,81.26,82.25,80.52,79.28,15576065.0,152066560.0
2013-05-23,82.34,83.57,81.26,80.69,14414701.0,143409488.0
2013-05-22,85.97,86.21,83.08,82.34,17528894.0,177278208.0
2013-05-21,86.63,87.45,85.97,85.55,17190778.0,179665104.0
2013-05-20,84.89,87.95,86.71,84.4,17183444.0,180165088.0
2013-05-17,82.17,85.55,84.98,81.26,16062663.0,162080656.0
2013-05-16,81.24,82.46,81.65,80.59,10187345.0,102264680.0
2013-05-15,81.16,81.49,81.24,79.86,9463912.0,94070264.0
2013-05-14,81.81,82.22,81.0,79.86,9725482.0,96821632.0
2013-05-13,84.98,85.14,82.06,81.24,11299341.0,115155176.0
2013-05-10,80.19,84.0,83.92,80.19,15665634.0,159564416.0
2013-05-09,79.62,81.49,80.19,79.21,18781502.0,185664640.0
2013-05-08,82.22,82.22,81.97,80.03,16721924.0,167368464.0
2013-05-07,84.81,85.14,82.3,79.13,35733384.0,360377184.0
2013-05-06,83.68,85.38,85.22,83.03,18317226.0,190138160.0
2013-05-03,84.81,86.19,84.17,83.19,11054065.0,115715712.0
2013-05-02,81.97,84.81,84.57,81.24,13736518.0,141084256.0
2013-04-26,86.11,87.41,82.46,81.24,17017104.0,176065920.0
2013-04-25,84.81,89.12,86.92,84.49,14751456.0,158838672.0
2013-04-24,87.01,88.71,85.95,85.06,21578716.0,231008496.0
2013-04-23,88.22,89.28,85.14,84.57,14663366.0,155793616.0
2013-04-22,87.74,90.25,88.22,86.44,17107576.0,186143024.0
2013-04-19,85.71,88.95,88.63,84.98,20590792.0,221723200.0
2013-04-18,84.81,86.36,85.3,84.33,11736588.0,123265024.0
2013-04-17,80.59,85.79,85.22,80.35,20908692.0,216810240.0
2013-04-16,78.65,80.67,80.59,78.16,12822546.0,125620008.0
2013-04-15,81.65,81.65,79.22,79.13,5913832.0,58451064.0
2013-04-12,80.76,81.97,81.0,79.54,5485874.0,54610608.0
2013-04-11,82.62,82.62,80.76,80.67,6532642.0,65453112.0
2013-04-10,81.73,82.7,82.06,79.94,6794851.0,67856576.0
2013-04-09,81.24,83.44,82.14,80.03,11444856.0,115715296.0
2013-04-08,77.1,80.84,80.51,75.48,12779081.0,123848696.0
2013-04-03,78.48,79.38,78.32,76.7,15552055.0,149703888.0
2013-04-02,80.35,82.22,77.92,77.51,12850820.0,125286616.0
2013-04-01,81.16,82.54,80.68,79.78,9100156.0,90594864.0
2013-03-29,81.57,84.41,82.14,81.24,12545170.0,128326864.0
2013-03-28,81.16,82.79,81.97,78.0,15817504.0,157129376.0
2013-03-27,84.41,86.28,81.57,79.54,19508804.0,198434144.0
2013-03-26,82.22,84.73,83.92,81.81,14177070.0,145550864.0
2013-03-25,83.68,84.41,82.79,81.81,15702872.0,160957120.0
2013-03-22,79.54,83.6,82.95,79.54,26953210.0,271630400.0
2013-03-21,76.78,81.0,79.86,75.97,31449220.0,306853792.0
2013-03-20,72.4,77.27,75.97,72.4,20222770.0,186991728.0
2013-03-19,75.24,75.89,73.05,72.23,18484176.0,167208784.0
2013-03-18,73.05,76.21,75.08,72.07,26587620.0,244505328.0
2013-03-15,69.15,74.59,73.45,69.15,30953596.0,278107456.0
2013-03-14,67.93,71.02,67.77,67.12,16275212.0,140170208.0
2013-03-13,67.61,68.66,68.1,67.28,9083820.0,76275440.0
2013-03-12,70.37,71.91,67.77,65.74,25567092.0,216432448.0
2013-03-11,73.21,73.21,70.37,69.88,16860304.0,147588208.0
2013-03-08,74.83,76.13,73.13,72.48,9550626.0,87445632.0
2013-03-07,75.97,78.32,75.4,74.34,20179344.0,190133792.0
2013-03-06,75.08,76.54,76.45,73.94,17596792.0,163614336.0
2013-03-05,73.21,75.48,74.59,71.58,14885419.0,135012576.0
2013-03-04,75.89,75.97,73.05,70.12,35660216.0,319897696.0
2013-03-01,74.02,77.35,77.11,74.02,20364190.0,191492032.0
2013-02-28,72.88,74.1,73.53,71.42,21730574.0,195683152.0
2013-02-27,69.96,72.64,72.48,69.96,18962332.0,167674480.0
2013-02-26,71.91,71.91,70.29,70.21,17913964.0,156604928.0
2013-02-25,69.39,72.8,71.83,68.99,18444656.0,162799056.0
2013-02-22,69.64,71.34,69.07,68.66,15264816.0,131778656.0
2013-02-21,72.4,72.4,70.04,68.83,20908008.0,181015504.0
2013-02-20,70.29,74.34,72.8,70.29,28092634.0,250942288.0
2013-02-19,69.88,72.97,71.42,68.01,41474172.0,363407008.0
2013-02-18,72.07,73.05,69.88,69.72,20902724.0,183473280.0
2013-02-08,69.96,73.78,71.91,69.8,23109730.0,205444400.0
2013-02-07,67.36,70.45,69.8,66.72,23379038.0,199231568.0
2013-02-06,67.12,71.59,68.01,66.15,37069120.0,314953760.0
2013-02-05,66.39,67.61,67.28,65.25,46336740.0,381736768.0
2013-02-04,64.93,68.1,66.88,64.2,58178312.0,472172512.0
2013-02-01,57.38,63.15,63.15,57.3,72675880.0,554629568.0
2013-01-31,57.95,58.27,57.38,56.73,13073488.0,92220072.0
2013-01-30,56.16,58.92,58.03,56.16,27290480.0,193976896.0
2013-01-29,56.08,57.46,56.25,55.68,20347136.0,141467200.0
2013-01-28,53.49,56.41,56.33,53.49,21223876.0,144247536.0
2013-01-25,53.16,54.62,53.73,53.08,9684684.0,64306388.0
2013-01-24,55.11,56.08,53.0,52.67,19563552.0,130391152.0
2013-01-23,55.11,55.35,55.11,54.22,10606745.0,71510736.0
2013-01-22,56.49,56.65,55.19,54.3,27436676.0,187526336.0
2013-01-21,56.73,58.03,56.49,56.08,22815692.0,160275120.0
2013-01-18,56.9,57.22,56.33,55.76,24115036.0,167739760.0
2013-01-17,55.19,56.98,55.84,55.03,29531972.0,202914592.0
2013-01-16,54.87,56.73,55.03,54.3,38485932.0,263126992.0
2013-01-15,52.76,56.25,54.95,52.76,74753656.0,510309952.0
2013-01-14,48.29,51.62,51.13,48.21,29280272.0,182114096.0
2013-01-11,49.67,49.83,48.37,48.29,9590957.0,58017700.0
2013-01-10,49.91,50.08,49.51,49.35,8657863.0,52973356.0
2013-01-09,48.78,50.48,49.83,48.53,18734960.0,114449360.0
2013-01-08,48.94,49.35,48.86,47.97,12630145.0,75529736.0
2013-01-07,48.29,49.1,48.94,48.21,7144694.0,42783948.0
2013-01-04,49.27,49.75,48.78,47.89,16700953.0,100330976.0
2012-12-31,49.19,49.59,49.27,48.53,11297123.0,68423872.0
2012-12-28,49.43,49.59,49.02,48.7,7846773.0,47428464.0
2012-12-27,49.51,49.75,48.94,48.86,8701427.0,52761652.0
2012-12-26,49.35,49.75,49.43,48.94,7904571.0,48052336.0
2012-12-25,48.29,49.75,49.35,47.8,15890558.0,96348288.0
2012-12-24,46.91,49.02,48.21,46.83,12447240.0,73811392.0
2012-12-21,47.48,47.97,47.16,46.91,5907936.0,34487760.0
2012-12-20,47.32,47.64,47.32,46.67,6725097.0,39016596.0
2012-12-19,47.4,48.53,47.4,47.07,8734692.0,51536568.0
2012-12-18,47.32,49.1,47.48,46.83,11786058.0,69232688.0
2012-12-17,47.07,47.72,47.32,46.75,12197454.0,70924152.0
2012-12-14,45.21,47.64,46.99,45.05,19820676.0,113710984.0
2012-12-13,45.13,45.78,44.96,44.96,3140481.0,17520200.0
2012-12-12,45.21,45.45,45.37,44.72,3585503.0,19911228.0
2012-12-11,45.7,45.7,45.21,45.05,5797701.0,32387708.0
2012-12-10,46.18,46.34,45.78,45.45,8921263.0,50507528.0
2012-12-07,45.29,46.02,45.94,44.8,10533411.0,59216936.0
2012-12-06,45.45,45.86,45.05,44.88,6789958.0,38130008.0
2012-12-05,44.31,46.1,45.53,44.07,9195207.0,51396452.0
2012-12-04,43.75,44.56,44.4,43.42,4781714.0,25908510.0
2012-12-03,44.4,44.72,43.67,43.5,6423509.0,34897352.0
2012-11-30,42.53,44.48,44.4,42.37,12093983.0,65314612.0
2012-11-29,42.29,43.42,42.37,42.04,6377273.0,33393388.0
2012-11-28,42.04,42.53,41.96,41.39,3699936.0,19146884.0
2012-11-27,43.67,43.99,42.53,42.45,5537928.0,29412304.0
2012-11-26,43.91,43.99,43.18,42.94,3476053.0,18571742.0
2012-11-23,43.58,44.31,44.07,43.58,6322627.0,34285816.0
2012-11-22,43.99,43.99,43.42,43.18,3842573.0,20604658.0
2012-11-21,43.18,44.23,44.15,42.61,4476743.0,23976614.0
2012-11-20,43.42,43.59,43.18,42.53,4624644.0,24585390.0
2012-11-19,42.85,43.34,43.18,42.53,3551584.0,18790684.0
2012-11-16,43.42,44.23,42.85,42.53,7449741.0,39466672.0
2012-11-15,44.8,44.96,43.75,43.58,7044912.0,38402976.0
2012-11-14,45.86,45.86,45.13,44.56,6592489.0,36534480.0
2012-11-13,46.99,46.99,45.53,45.29,8816821.0,49803924.0
2012-11-12,46.67,47.32,46.91,46.59,3475191.0,20083990.0
2012-11-09,46.83,47.4,46.67,46.42,3343446.0,19299020.0
2012-11-08,47.4,47.48,46.83,46.51,4371492.0,25366572.0
2012-11-07,47.64,48.05,47.8,47.24,4098915.0,24016164.0
2012-11-06,47.89,48.05,47.64,47.08,3438947.0,20102552.0
2012-11-05,49.02,49.02,48.05,47.8,5366618.0,31791220.0
2012-11-02,48.7,49.27,48.86,48.37,6586777.0,39636552.0
2012-11-01,47.97,49.1,48.7,47.89,7743555.0,46441744.0
2012-10-31,47.4,48.29,47.89,46.99,5074307.0,29873400.0
2012-10-30,46.67,47.8,47.24,46.67,4215002.0,24571028.0
2012-10-29,47.16,47.72,46.91,46.59,3874701.0,22425100.0
2012-10-26,48.29,48.54,47.16,46.99,5508190.0,32322508.0
2012-10-25,48.78,49.27,48.37,48.29,4385970.0,26320580.0
2012-10-24,48.78,49.43,48.7,48.62,4576232.0,27579986.0
2012-10-23,50.48,50.65,48.86,48.78,12673482.0,77215248.0
2012-10-22,49.75,50.73,50.48,49.67,10155348.0,62895040.0
2012-10-19,49.67,50.73,50.08,49.59,8871518.0,54909652.0
2012-10-18,49.67,50.48,49.83,49.51,11499103.0,70972944.0
2012-10-17,48.7,49.91,49.43,48.05,11691475.0,70852400.0
2012-10-16,47.64,48.54,48.21,47.64,5110367.0,30396120.0
2012-10-15,48.53,48.62,47.64,47.48,5370723.0,31722880.0
2012-10-12,48.54,49.19,48.7,47.8,5471611.0,32732652.0
2012-10-11,49.35,49.59,48.21,48.13,7004933.0,42087112.0
2012-10-10,48.86,49.83,49.59,48.7,9564846.0,58333924.0
2012-10-09,47.8,49.35,49.02,47.64,10848557.0,65367792.0
2012-10-08,47.64,48.62,47.48,47.08,4817484.0,28270230.0
2012-09-28,46.34,47.89,47.48,46.02,10825514.0,62751072.0
2012-09-27,45.21,47.16,46.83,44.96,10961508.0,62575856.0
2012-09-26,47.08,47.32,45.37,45.13,5224143.0,29614202.0
2012-09-25,46.59,47.72,47.32,46.26,6670440.0,38615992.0
2012-09-24,45.53,46.99,46.75,45.21,4218115.0,24020584.0
2012-09-21,46.18,46.59,45.61,45.45,4871259.0,27629774.0
2012-09-20,48.37,48.7,46.18,46.1,7647536.0,44130232.0
2012-09-19,48.37,49.02,47.89,47.64,5041243.0,29932628.0
2012-09-18,47.56,48.7,47.89,47.4,4953577.0,29276924.0
2012-09-17,49.43,49.91,47.8,47.72,8082865.0,48749024.0
2012-09-14,50.0,50.32,49.43,49.02,8936753.0,54522768.0
2012-09-13,49.91,50.81,49.59,49.43,11153833.0,68912616.0
2012-09-12,48.13,51.86,50.16,47.97,32744236.0,203130688.0
2012-09-11,47.4,47.4,47.16,46.51,5927873.0,34219272.0
2012-09-10,46.34,48.13,47.64,46.02,14047325.0,81514208.0
2012-09-07,44.72,46.91,46.51,44.48,17130272.0,96993960.0
2012-09-06,43.5,44.48,44.4,43.5,3796646.0,20655148.0
2012-09-05,43.67,44.07,43.67,43.18,2913093.0,15660211.0
2012-09-04,44.15,44.64,43.83,43.67,4376523.0,23775372.0
2012-09-03,44.15,44.96,44.48,44.15,4649656.0,25521568.0
2012-08-31,43.67,44.56,44.4,43.67,4835094.0,26378466.0
2012-08-30,44.31,44.31,43.59,43.02,3292475.0,17714242.0
2012-08-29,43.34,44.72,43.75,42.85,6093684.0,33074664.0
2012-08-28,42.45,43.75,43.42,42.45,3851369.0,20531908.0
2012-08-27,44.23,44.23,42.94,42.77,4114071.0,21947618.0
2012-08-24,44.64,44.8,44.07,44.07,3676323.0,20107732.0
2012-08-23,44.64,45.21,44.8,44.56,3864077.0,21325212.0
2012-08-22,44.8,45.29,44.64,44.48,3239303.0,17912014.0
2012-08-21,44.56,45.37,45.13,44.15,6799578.0,37675824.0
2012-08-20,43.91,44.64,44.56,43.67,4018669.0,21791920.0
2012-08-17,44.23,44.88,44.4,43.83,5074723.0,27781788.0
2012-08-16,43.42,44.4,44.07,43.42,3987433.0,21662392.0
2012-08-15,44.31,44.4,43.67,43.59,3565864.0,19351164.0
2012-08-14,43.83,44.4,44.4,43.42,4080977.0,22086794.0
2012-08-13,44.88,44.96,43.83,43.83,6305063.0,34461016.0
2012-08-10,44.8,45.13,44.8,44.48,7494377.0,41338616.0
2012-08-09,44.15,44.8,44.64,44.15,6746072.0,36982784.0
2012-08-08,44.4,44.8,44.23,43.99,7403355.0,40480188.0
2012-08-07,43.99,44.72,44.4,43.83,8339547.0,45465736.0
2012-08-06,42.69,44.15,43.99,42.69,7195967.0,38497948.0
2012-08-03,41.96,43.1,43.02,41.96,5490512.0,28790664.0
2012-08-02,42.69,43.02,42.04,41.88,5992691.0,31207672.0
2012-08-01,42.2,43.1,42.69,41.88,3268057.0,17209108.0
2012-07-31,42.69,43.1,42.29,42.12,3864071.0,20275624.0
2012-07-30,43.42,43.67,42.77,42.69,3126282.0,16623470.0
2012-07-27,43.42,43.59,43.5,43.18,3000924.0,16038549.0
2012-07-26,43.67,43.99,43.26,43.18,4021633.0,21583096.0
2012-07-25,44.23,44.4,43.75,43.59,3566776.0,19381616.0
2012-07-24,43.59,44.4,44.15,43.42,4518657.0,24524136.0
2012-07-23,44.07,44.15,43.67,43.18,4057126.0,21871372.0
2012-07-20,44.15,44.8,44.31,43.99,5664881.0,31020372.0
2012-07-19,43.42,44.88,44.07,43.34,7564167.0,41244532.0
2012-07-18,43.5,43.75,43.67,42.45,4464557.0,23786060.0
2012-07-17,43.26,43.67,43.5,43.1,3524068.0,18831872.0
2012-07-16,45.21,45.21,43.18,43.02,7216794.0,38915812.0
2012-07-13,45.37,45.78,45.05,44.96,4103993.0,22898432.0
2012-07-12,45.29,45.86,45.78,44.07,8646299.0,47839052.0
2012-07-11,45.29,45.7,45.29,45.13,4022533.0,22475092.0
2012-07-10,44.88,45.53,45.29,44.8,3905595.0,21770334.0
2012-07-09,45.94,46.18,45.05,44.96,5338406.0,29967618.0
2012-07-06,45.86,46.34,46.26,45.21,5350319.0,30201120.0
2012-07-05,46.83,46.83,45.61,45.53,5399224.0,30528740.0
2012-07-04,47.16,47.48,46.91,46.51,4786113.0,27672176.0
2012-07-03,46.83,47.48,47.24,46.83,3760917.0,21864602.0
2012-07-02,47.48,47.8,46.91,46.51,4543424.0,26359730.0
2012-06-28,47.08,47.4,46.51,46.34,3827013.0,22143220.0
2012-06-27,47.4,47.64,46.99,46.91,3136777.0,18277772.0
2012-06-26,46.91,47.48,47.48,46.59,3698655.0,21508180.0
2012-06-25,47.64,48.13,46.91,46.83,5133469.0,30057252.0
2012-06-21,48.94,48.94,47.8,47.64,6240510.0,36958992.0
2012-06-20,49.35,49.43,48.94,48.86,4172641.0,25254190.0
2012-06-19,49.51,49.59,49.1,49.02,4097790.0,24877996.0
2012-06-18,49.51,50.0,49.51,49.02,6495922.0,39699656.0
2012-06-15,49.91,50.0,49.27,48.7,6711212.0,40679532.0
2012-06-14,49.51,50.32,49.59,49.27,9555586.0,58785608.0
2012-06-13,48.7,49.35,49.35,48.29,8324210.0,50003568.0
2012-06-12,48.54,48.86,48.37,48.29,3811927.0,22801976.0
2012-06-11,48.37,49.1,48.86,48.05,5262167.0,31445706.0
2012-06-08,48.45,48.7,47.97,47.8,4687105.0,27825232.0
2012-06-07,48.7,48.94,48.05,47.89,5731914.0,34213168.0
2012-06-06,49.02,49.35,48.13,47.89,7573924.0,45255932.0
2012-06-05,48.86,49.43,49.1,48.7,6482591.0,39248696.0
2012-06-04,49.98,49.98,48.62,48.47,10405800.0,64120608.0
2012-06-01,50.3,50.78,50.7,49.82,10262223.0,64729616.0
2012-05-31,49.9,50.86,50.38,49.34,10506259.0,65816720.0
2012-05-30,50.62,50.78,50.38,50.06,7572386.0,47805936.0
2012-05-29,49.74,50.78,50.46,49.26,12394491.0,78003128.0
2012-05-28,48.38,49.82,49.66,47.75,10102800.0,61774008.0
2012-05-25,50.06,50.3,48.7,48.47,11595227.0,71439888.0
2012-05-24,49.98,50.54,49.98,49.74,8375796.0,52516460.0
2012-05-23,50.78,50.94,50.14,49.66,12047488.0,75863976.0
2012-05-22,50.38,51.18,50.94,50.38,8551392.0,54432588.0
2012-05-21,51.18,51.66,50.38,49.82,13903826.0,88090312.0
2012-05-17,51.1,52.46,52.3,51.1,13739440.0,89507128.0
2012-05-16,51.18,52.38,51.1,50.46,14869361.0,96239512.0
2012-05-15,51.18,51.66,51.18,50.06,17457264.0,110851424.0
2012-05-14,52.78,53.1,51.82,51.74,18266018.0,119765264.0
2012-05-11,53.89,54.37,52.54,52.54,26934268.0,180393104.0
2012-05-10,55.81,58.84,54.85,53.41,70990064.0,497700672.0
2012-04-26,55.09,55.73,53.49,52.78,74637136.0,506243040.0
2012-04-25,48.38,53.41,53.41,47.99,55394180.0,363030624.0
2012-04-24,48.94,49.74,48.55,47.27,22250016.0,134295776.0
2012-04-23,49.9,50.06,49.26,49.18,14916968.0,92719736.0
2012-04-20,49.1,49.98,49.66,49.02,19174066.0,119050512.0
2012-04-19,49.18,49.58,49.34,48.62,23668508.0,145710800.0
2012-04-18,50.06,50.3,49.58,47.43,52169604.0,319748192.0
2012-04-17,51.18,51.82,50.38,50.22,17849022.0,113560376.0
2012-04-16,51.1,52.06,51.5,50.86,12808164.0,82680408.0
2012-04-13,51.34,51.9,51.42,51.02,20254344.0,130500496.0
2012-04-12,49.74,51.66,51.34,49.74,26622334.0,169804288.0
2012-04-11,49.1,50.22,49.74,48.78,15915769.0,98826592.0
2012-04-10,48.86,49.74,49.66,48.23,16350744.0,100266280.0
2012-04-09,49.1,50.06,49.18,48.86,17479942.0,108518592.0
2012-04-06,49.82,50.46,49.5,49.18,25019902.0,155809152.0
2012-04-05,48.86,50.78,50.54,48.15,38829768.0,241652128.0
2012-03-30,55.57,55.97,50.14,50.14,64414184.0,416893312.0
2012-03-29,57.73,59.32,55.73,54.85,71260848.0,502201792.0
2012-03-28,58.29,58.69,56.93,56.77,57397140.0,414188352.0
2012-03-27,56.93,58.6,58.29,56.29,41537796.0,299533376.0
2012-03-26,57.49,57.49,56.53,55.73,17116438.0,120868080.0
2012-03-23,57.89,59.0,56.93,56.69,26501002.0,190600272.0
2012-03-22,58.77,58.77,57.89,57.17,17303840.0,125846008.0
2012-03-21,59.24,59.24,58.77,56.85,36942720.0,270082240.0
2012-03-20,59.96,59.96,59.01,57.73,38346316.0,283047136.0
2012-03-19,59.08,60.04,59.8,57.65,40020348.0,295877408.0
2012-03-16,57.57,60.6,59.16,57.01,52092296.0,383530464.0
2012-03-15,57.09,57.81,57.09,55.33,43271036.0,307889792.0
2012-03-14,59.08,59.16,56.93,55.73,56164964.0,403923712.0
2012-03-13,57.33,59.72,58.84,57.09,44628496.0,327257568.0
2012-03-12,56.77,57.97,57.65,56.21,27292156.0,195282816.0
2012-03-09,56.13,57.09,56.69,55.97,25945290.0,183813408.0
2012-03-08,54.13,56.21,56.13,54.13,29534820.0,204347824.0
2012-03-07,53.66,54.69,53.97,53.41,16491007.0,111606320.0
2012-03-06,55.41,55.65,54.29,54.13,23424228.0,160360848.0
2012-03-05,56.29,56.77,55.81,55.73,22987568.0,161649600.0
2012-03-02,54.45,56.53,56.21,54.21,28455210.0,198400832.0
2012-03-01,53.97,55.09,54.37,53.81,13691529.0,93221040.0
2012-02-29,55.01,55.57,54.13,54.05,14520560.0,99540168.0
2012-02-28,55.09,55.57,55.17,54.61,25674204.0,177184080.0
2012-02-27,55.01,56.85,55.41,54.53,40763524.0,283822720.0
2012-02-24,53.41,54.93,54.77,53.26,28331920.0,192306208.0
2012-02-23,53.58,53.89,53.49,53.02,20278796.0,135777056.0
2012-02-22,52.7,53.73,53.49,52.46,23964736.0,159620464.0
2012-02-21,52.06,52.86,52.86,51.26,14323746.0,93393944.0
2012-02-20,52.78,53.26,52.06,52.06,13474212.0,88836016.0
2012-02-17,53.49,53.73,52.22,51.58,15071750.0,99094216.0
2012-02-16,53.66,54.45,53.18,52.46,19832672.0,132649032.0
2012-02-15,53.02,53.81,53.81,52.14,17463374.0,116442760.0
2012-02-14,52.7,53.49,53.02,52.3,12869220.0,85398368.0
2012-02-13,52.54,53.41,52.7,51.74,16977470.0,111836808.0
2012-02-10,52.22,53.89,53.18,51.82,22365984.0,148132096.0
2012-02-09,51.98,53.66,52.14,51.74,23644096.0,155669824.0
2012-02-08,50.62,52.38,52.14,50.46,18492200.0,119406824.0
2012-02-07,51.26,51.66,50.7,50.14,15085997.0,95872280.0
2012-02-06,50.7,52.06,51.66,50.3,29965540.0,192198144.0
2012-02-03,48.47,50.78,50.7,48.3,29063508.0,181509216.0
2012-02-02,48.23,48.7,48.7,47.27,16018052.0,96495808.0
2012-02-01,49.34,49.34,48.07,47.83,13042233.0,79376384.0
2012-01-31,49.26,49.58,49.18,48.23,12477023.0,75878208.0
2012-01-30,50.14,50.38,49.18,49.02,8453539.0,52524388.0
2012-01-20,49.5,50.14,49.9,49.42,9557203.0,59686744.0
2012-01-19,48.15,49.5,49.42,48.15,12339823.0,75744816.0
2012-01-18,50.38,50.7,48.55,48.38,17067890.0,106023312.0
2012-01-17,47.51,50.46,50.38,47.03,14836343.0,91167112.0
2012-01-16,48.07,48.7,47.35,47.19,6225933.0,37426808.0
2012-01-13,50.54,50.86,48.94,47.91,14288159.0,87323024.0
2012-01-12,50.14,51.82,50.3,49.74,15140910.0,96455056.0
2012-01-11,50.3,50.86,50.14,49.66,14908467.0,94010024.0
2012-01-10,48.15,50.78,50.62,47.75,24772912.0,152979984.0
2012-01-09,46.79,48.47,48.3,46.23,17734892.0,105822072.0
2012-01-06,45.91,46.71,46.63,45.35,12277696.0,70769168.0
2012-01-05,44.87,46.23,45.83,44.39,13291676.0,75769800.0
2012-01-04,46.55,47.67,45.35,45.11,19959428.0,116553864.0
