date,open,high,close,low,volume,amount
2015-07-10,101.38,104.97,104.97,98.0,52929688.0,809944832.0
2015-07-02,101.92,109.22,95.44,95.44,26815360.0,398632800.0
2015-07-01,114.16,120.64,106.05,105.03,25648690.0,437943808.0
2015-06-30,109.97,116.32,115.03,99.36,28565172.0,454865824.0
2015-06-29,125.71,125.71,110.37,110.37,25030018.0,421514144.0
2015-06-26,132.47,132.47,122.61,122.61,14741085.0,274872512.0
2015-06-25,137.0,142.95,136.26,134.23,18817294.0,384715328.0
2015-06-24,135.65,139.16,136.53,133.22,13573005.0,273597120.0
2015-06-23,134.57,137.14,134.84,122.33,14716584.0,284696896.0
2015-06-19,142.75,142.75,134.3,131.12,14263319.0,290294816.0
2015-06-18,151.53,152.01,143.56,142.27,12103777.0,263383056.0
2015-06-17,147.48,152.75,151.53,139.3,18826776.0,407322912.0
2015-06-16,155.45,155.45,147.41,143.42,23192836.0,508944224.0
2015-06-15,162.08,162.89,157.07,156.53,16008642.0,377020224.0
2015-06-12,161.54,162.89,160.52,157.82,18418100.0,435811776.0
2015-06-11,159.58,161.81,160.72,158.16,15216823.0,361238112.0
2015-06-10,156.81,161.74,159.58,153.43,16815380.0,395925120.0
2015-06-09,160.12,161.54,155.99,154.1,19076198.0,445431424.0
2015-06-08,162.35,164.65,160.05,159.51,21550358.0,513820896.0
2015-06-05,163.63,171.61,165.79,160.86,35420080.0,862617280.0
2015-06-04,169.65,169.65,163.83,153.29,37399688.0,878609472.0
2015-06-03,179.11,179.11,170.32,165.59,22505344.0,569907200.0
2015-06-02,177.76,179.11,176.81,171.94,21878836.0,567017408.0
2015-06-01,160.25,171.4,168.97,159.58,21896468.0,537905344.0
2015-05-29,162.69,167.28,159.71,150.05,19967134.0,474139456.0
2015-05-28,183.77,186.68,162.69,161.94,24983116.0,648841472.0
2015-05-27,181.81,184.18,179.92,174.44,22325756.0,590899840.0
2015-05-26,169.04,181.0,180.33,164.91,32174682.0,825728640.0
2015-05-25,167.62,172.01,168.9,163.56,26133372.0,651683776.0
2015-05-22,168.97,172.62,167.75,164.1,21500056.0,532559456.0
2015-05-21,167.62,171.2,169.04,164.24,19795974.0,492022528.0
2015-05-20,167.35,177.56,168.9,162.55,29379124.0,741098496.0
2015-05-19,161.47,173.97,167.35,148.69,57417292.0,1391010816.0
2015-05-18,146.33,158.16,158.16,146.33,12534596.0,288714688.0
2015-05-15,142.69,144.19,143.74,137.99,10399736.0,391153344.0
2015-05-14,141.11,144.53,142.35,136.49,12228738.0,457867968.0
2015-05-13,123.35,135.48,135.48,121.28,10911222.0,382662528.0
2015-05-12,122.15,125.26,123.16,120.16,10893627.0,355925440.0
2015-05-11,112.57,117.0,116.48,111.3,10974264.0,334681632.0
2015-05-08,107.58,111.52,111.45,107.58,8389633.0,245318848.0
2015-05-07,109.42,111.14,106.45,103.03,7794959.0,223013968.0
2015-05-06,112.65,114.22,109.42,108.25,9651781.0,287755200.0
2015-05-05,120.34,120.91,112.12,111.9,9339364.0,285081312.0
2015-05-04,116.03,121.58,119.18,115.65,8465093.0,266352992.0
2015-04-30,115.5,119.71,115.99,113.02,6888128.0,215470944.0
2015-04-29,113.47,117.53,115.58,112.83,8070418.0,248057456.0
2015-04-28,116.55,119.29,112.83,112.65,13777353.0,422985536.0
2015-04-27,118.13,122.37,119.29,114.04,18778636.0,592163840.0
2015-04-24,118.88,121.43,118.17,116.36,19665416.0,621313472.0
2015-04-23,106.23,116.4,116.4,105.96,17702744.0,537014336.0
2015-04-22,105.06,107.88,105.81,103.64,9880400.0,278911936.0
2015-04-21,101.87,104.46,104.27,101.87,8963859.0,246842112.0
2015-04-20,106.08,106.08,101.83,101.05,16674818.0,458904384.0
2015-04-17,110.51,111.52,107.62,107.35,12765544.0,370489024.0
2015-04-16,105.51,110.88,109.94,104.2,17786232.0,514175584.0
2015-04-15,108.25,112.57,107.77,105.06,18673388.0,542649600.0
2015-04-14,104.69,110.39,107.58,102.92,27431636.0,775142208.0
2015-04-13,91.24,101.01,101.01,91.24,19537812.0,515488800.0
2015-04-10,88.32,92.63,91.81,88.32,10620824.0,257026848.0
2015-04-09,93.42,93.42,89.18,86.36,12941136.0,307101792.0
2015-04-08,97.55,97.55,93.46,91.06,14731757.0,368431040.0
2015-04-07,97.22,97.25,95.98,95.0,13348535.0,340461440.0
2015-04-03,92.07,94.92,94.77,92.0,15764045.0,394439136.0
2015-04-02,93.12,94.85,93.46,92.0,17585438.0,436257024.0
2015-04-01,85.8,92.63,91.62,85.27,21046748.0,504856000.0
2015-03-31,87.04,87.3,85.8,83.92,18860600.0,428278304.0
2015-03-30,86.29,88.17,86.06,84.64,20843784.0,479140000.0
2015-03-20,82.95,85.05,84.19,82.57,15580520.0,348582464.0
2015-03-19,80.96,84.07,83.1,80.24,18105712.0,396557472.0
2015-03-18,80.36,81.07,80.73,79.64,11711004.0,250577600.0
2015-03-17,80.06,82.16,79.94,79.27,11830612.0,253859008.0
2015-03-16,79.53,80.58,80.06,78.78,12060232.0,255827696.0
2015-03-13,78.25,79.45,79.34,76.9,6844332.0,142622912.0
2015-03-12,76.9,78.36,78.06,76.41,5756304.0,118908616.0
2015-03-11,77.95,78.03,76.94,76.26,4119953.0,84454152.0
2015-03-10,77.58,78.4,78.03,76.6,5355570.0,110652688.0
2015-03-09,77.84,77.95,77.54,75.51,3749651.0,76584864.0
2015-03-06,79.6,80.24,77.84,77.54,4420059.0,92332896.0
2015-03-05,78.48,80.36,79.45,77.73,7602724.0,159800960.0
2015-03-04,80.66,80.66,78.89,78.1,6353682.0,133579328.0
2015-03-03,77.73,80.62,79.04,77.05,12161778.0,257297504.0
2015-03-02,75.25,77.58,77.43,75.25,10112679.0,207433520.0
2015-02-27,75.32,75.77,74.91,74.69,4223777.0,84750136.0
2015-02-26,75.85,76.22,75.17,73.48,5873939.0,116379968.0
2015-02-25,76.49,77.31,75.85,75.59,3414919.0,69510112.0
2015-02-17,76.56,77.09,76.34,75.36,3317742.0,67252048.0
2015-02-16,74.72,76.98,76.08,73.97,5398545.0,108558984.0
2015-02-13,72.43,74.05,73.75,72.43,3460285.0,67666224.0
2015-02-12,72.25,72.92,72.25,71.27,2993906.0,57492468.0
2015-02-11,71.0,72.43,72.25,70.97,3167237.0,60651352.0
2015-02-10,69.84,71.04,70.97,69.5,3654029.0,68321056.0
2015-02-09,71.64,72.06,69.47,69.28,4626023.0,86632616.0
2015-02-06,74.91,75.06,71.61,71.34,4399585.0,84928616.0
2015-02-05,75.81,76.64,74.72,74.72,3701793.0,74329160.0
2015-02-04,77.28,77.28,75.59,75.47,3416664.0,69378928.0
2015-02-03,77.35,77.35,76.64,75.85,2658115.0,54044252.0
2015-02-02,75.81,77.05,76.41,75.1,2451068.0,49764912.0
2015-01-30,77.35,78.85,76.45,76.0,4363837.0,89286336.0
2015-01-29,78.1,79.53,78.18,75.7,6066672.0,125620064.0
2015-01-28,81.89,82.16,80.24,80.02,4168169.0,89680960.0
2015-01-27,79.87,83.25,82.23,79.38,9192796.0,200623168.0
2015-01-26,78.74,79.23,79.23,77.61,5747178.0,120280616.0
2015-01-23,76.9,79.08,77.99,75.85,8120108.0,167949104.0
2015-01-22,76.34,76.79,76.6,75.1,5233123.0,105841136.0
2015-01-21,75.85,77.35,76.26,75.77,6774885.0,138219872.0
2015-01-20,73.67,76.19,75.81,73.67,5836271.0,116829968.0
2015-01-19,73.33,76.41,74.27,71.87,4940408.0,97312640.0
2015-01-16,72.69,75.66,74.69,71.27,6584944.0,128958424.0
2015-01-15,71.68,73.71,72.55,71.68,2792562.0,54143408.0
2015-01-14,71.46,73.22,71.64,70.59,2557212.0,48584492.0
2015-01-13,70.97,72.66,71.46,70.97,2710220.0,51704552.0
2015-01-12,72.47,73.33,71.38,69.84,4276875.0,81170632.0
2015-01-09,74.46,75.47,73.52,73.41,3231713.0,64141808.0
2015-01-08,75.55,75.55,75.06,74.27,2786664.0,55516168.0
2015-01-07,73.97,76.75,75.66,73.63,5437757.0,109479968.0
2015-01-06,75.1,75.1,74.31,72.32,5089242.0,99913888.0
2015-01-05,74.69,77.28,75.17,73.18,12904634.0,258051952.0
2014-12-31,68.34,72.58,72.51,67.59,7470497.0,140246192.0
2014-12-30,69.02,69.77,67.96,66.12,6095248.0,110254064.0
2014-12-29,75.14,75.14,68.23,67.4,17705890.0,324310240.0
2014-12-26,74.95,75.66,74.87,74.05,2842636.0,56511372.0
2014-12-25,75.51,76.45,74.87,73.78,3141936.0,62772796.0
2014-12-24,72.73,75.96,75.29,72.73,3171311.0,63026536.0
2014-12-23,72.32,74.16,72.39,71.64,3406308.0,65996816.0
2014-12-22,78.1,80.2,72.32,72.02,7858012.0,156604112.0
2014-12-19,81.48,81.48,78.55,76.98,6995764.0,146320176.0
2014-12-18,83.43,84.41,81.48,81.41,5182428.0,113554208.0
2014-12-17,86.55,86.66,83.36,81.71,7573663.0,168415760.0
2014-12-16,87.79,88.39,86.36,86.17,4444174.0,102566504.0
2014-12-15,86.74,88.32,87.79,85.27,3967389.0,91727040.0
2014-12-12,87.64,88.43,87.11,86.14,3500733.0,81235384.0
2014-12-11,87.49,89.74,87.64,86.7,3148762.0,73981352.0
2014-12-10,85.91,89.93,88.99,84.11,4861038.0,113603576.0
2014-12-09,87.04,88.17,85.09,84.64,6541175.0,150257040.0
2014-12-08,88.05,88.43,86.85,86.36,8644846.0,200899472.0
2014-12-05,91.62,91.62,88.65,86.4,8801154.0,208822304.0
2014-12-04,91.81,93.31,91.92,91.55,6207287.0,152071040.0
2014-12-03,91.92,93.61,92.3,90.12,6854787.0,168088480.0
2014-12-02,92.0,93.16,92.15,90.87,6059631.0,148451392.0
2014-12-01,93.53,93.69,92.15,91.24,6575566.0,161431296.0
2014-11-28,93.87,94.59,93.65,91.24,6963452.0,172207984.0
2014-11-27,93.87,95.15,93.83,93.35,5415614.0,135894848.0
2014-11-26,89.37,95.07,94.25,88.5,12300471.0,302647296.0
2014-11-25,89.37,89.82,88.5,87.49,5026222.0,117994608.0
2014-11-24,89.74,90.68,88.99,88.95,5403274.0,128942120.0
2014-11-21,90.57,90.57,89.67,89.25,2865665.0,68483632.0
2014-11-20,90.04,91.77,90.31,87.49,2789517.0,66960848.0
2014-11-19,93.42,95.34,90.42,89.63,10679322.0,262054096.0
2014-11-18,89.97,91.06,90.38,88.92,2388726.0,57273824.0
2014-11-17,91.77,91.77,90.38,89.44,2808286.0,67641968.0
2014-11-14,88.24,91.06,90.08,87.11,4526055.0,107851136.0
2014-11-13,86.93,88.5,88.32,85.5,5463345.0,126957208.0
2014-11-12,88.17,88.92,87.41,86.29,4775169.0,111594392.0
2014-11-11,92.75,93.12,88.17,86.44,6022996.0,143757296.0
2014-11-10,93.12,93.5,92.86,91.62,3195475.0,78677536.0
2014-11-07,94.77,94.77,92.63,90.12,5564596.0,136911504.0
2014-11-06,92.56,95.3,93.42,92.37,4638039.0,115822288.0
2014-11-05,94.1,94.1,92.56,91.62,5246885.0,129488832.0
2014-11-04,95.11,95.75,94.1,93.83,4076052.0,102645232.0
2014-11-03,95.11,96.05,95.75,93.87,5000150.0,126345936.0
2014-10-31,95.67,97.29,95.38,93.95,5090062.0,129713952.0
2014-10-30,95.98,96.65,95.53,94.55,5606374.0,142335728.0
2014-10-29,97.67,98.0,95.94,95.26,7169448.0,183645360.0
2014-10-28,97.29,97.44,97.18,95.94,5522318.0,142526256.0
2014-10-27,93.62,98.36,97.67,93.62,8155520.0,207724736.0
2014-10-24,93.16,94.72,93.54,93.12,3080794.0,76189536.0
2014-10-23,96.27,97.33,93.16,92.25,7910309.0,195784608.0
2014-10-22,95.7,96.99,95.97,95.21,7032707.0,178170928.0
2014-10-21,91.91,96.01,95.4,91.91,9749494.0,243989712.0
2014-10-20,88.88,91.95,91.91,88.24,7672015.0,182425760.0
2014-10-17,89.45,90.13,88.24,86.04,5842262.0,135339072.0
2014-10-16,90.85,91.91,89.45,88.99,6664853.0,159154640.0
2014-10-15,91.8,92.48,90.81,90.02,5122476.0,122830120.0
2014-10-14,90.78,92.48,92.14,90.17,8887118.0,214415248.0
2014-10-13,91.16,91.57,90.93,89.45,5118461.0,122008304.0
2014-10-10,90.7,91.88,91.0,88.54,8741889.0,207244368.0
2014-10-09,92.1,92.94,90.93,89.49,6160323.0,148014272.0
2014-10-08,89.71,92.71,91.91,89.68,7510327.0,181316576.0
2014-09-30,90.13,90.97,89.33,86.04,7808680.0,183204992.0
2014-09-29,89.45,91.65,90.36,89.45,5416030.0,129250528.0
2014-09-26,88.46,89.83,89.3,88.05,5536755.0,130043584.0
2014-09-25,88.65,90.89,88.31,87.63,8968749.0,211693440.0
2014-09-24,83.01,90.74,87.44,82.63,12367956.0,282128384.0
2014-09-23,82.55,84.98,83.01,82.44,7204267.0,158651968.0
2014-09-22,87.14,87.14,82.78,82.25,17381916.0,385425184.0
2014-09-19,80.31,81.68,81.19,79.63,5990719.0,127556416.0
2014-09-18,78.91,79.9,79.78,78.12,3335883.0,69448928.0
2014-09-17,78.65,79.78,79.37,77.36,6272010.0,130612160.0
2014-09-16,82.55,83.39,78.69,78.38,8336378.0,177288544.0
2014-09-15,81.68,83.95,82.51,80.96,7421851.0,161349424.0
2014-09-12,81.03,82.82,81.68,80.73,4329992.0,93115968.0
2014-09-11,81.49,82.59,81.07,80.35,10175333.0,218351952.0
2014-09-10,77.74,85.43,82.02,77.66,16923560.0,368316992.0
2014-09-09,79.06,79.9,77.66,77.55,8840853.0,183312528.0
2014-09-05,78.57,80.43,79.14,77.74,8490654.0,177190576.0
2014-09-04,77.32,78.84,78.46,76.56,10356169.0,211511072.0
2014-09-03,78.08,78.08,77.32,76.6,7369745.0,150245872.0
2014-09-02,77.21,78.38,77.85,76.56,7840653.0,159932624.0
2014-09-01,73.8,77.36,76.98,73.76,10744157.0,216751600.0
2014-08-29,73.34,74.06,73.8,72.39,4795290.0,92811632.0
2014-08-28,73.95,74.02,73.64,72.2,5455513.0,105134712.0
2014-08-27,73.38,74.82,73.61,71.64,6349384.0,122752680.0
2014-08-26,72.85,76.56,73.87,72.77,10106624.0,200036144.0
2014-08-25,74.7,74.7,73.3,72.85,8591799.0,166655184.0
2014-08-22,72.66,76.26,74.7,71.67,14648931.0,285835936.0
2014-08-21,70.88,72.51,72.2,70.38,11589526.0,218846256.0
2014-08-20,71.64,71.75,71.29,69.66,8786819.0,163731584.0
2014-08-19,71.26,72.89,72.01,69.55,20573880.0,388639712.0
2014-08-18,64.43,70.72,70.72,64.43,24000304.0,435096608.0
2014-08-15,63.41,64.36,64.28,63.07,6402144.0,107926200.0
2014-08-14,62.58,63.79,63.41,62.42,6856685.0,114444376.0
2014-08-13,63.71,63.71,62.42,62.08,6321816.0,104744976.0
2014-08-12,64.05,64.28,63.71,63.56,5092408.0,85679936.0
2014-08-11,63.94,64.28,64.21,63.56,6761134.0,113918760.0
2014-08-08,63.98,64.36,63.83,63.3,3822745.0,64251944.0
2014-08-07,64.74,65.53,64.02,63.87,8018671.0,136885760.0
2014-08-06,63.15,64.74,64.55,63.15,8718801.0,147229152.0
2014-08-05,63.41,64.05,63.41,63.03,5717448.0,95784552.0
2014-08-04,62.77,63.79,63.26,62.54,7423841.0,123588072.0
2014-08-01,63.83,64.43,62.8,62.31,6184582.0,103417560.0
2014-07-31,63.71,63.94,63.75,63.18,4836252.0,81163984.0
2014-07-30,64.81,65.31,63.71,63.15,9945294.0,167843424.0
2014-07-29,62.99,64.81,64.43,62.42,12209555.0,205404544.0
2014-07-28,62.5,63.11,62.77,62.01,7289564.0,120408880.0
2014-07-25,61.7,63.11,62.5,61.36,7287604.0,120244240.0
2014-07-24,61.59,62.35,62.05,60.98,5143731.0,83655184.0
2014-07-23,63.03,63.3,61.82,61.4,7626480.0,125531992.0
2014-07-22,61.33,63.03,62.46,61.02,8983587.0,147581680.0
2014-07-21,60.98,62.54,60.76,60.26,4625472.0,75011328.0
2014-07-18,59.96,61.59,60.98,59.92,3073637.0,49501484.0
2014-07-17,62.05,62.46,60.57,59.88,5808421.0,93736336.0
2014-07-16,62.08,63.87,61.7,61.29,6849894.0,112601544.0
2014-07-15,60.83,64.28,62.77,59.92,13033700.0,214060032.0
2014-07-14,57.99,60.98,60.87,57.53,11182860.0,175635696.0
2014-07-11,57.69,58.14,57.69,57.04,3012965.0,45793556.0
2014-07-10,57.91,58.71,57.73,57.53,4585154.0,70280072.0
2014-07-09,58.94,59.01,57.46,56.85,5323331.0,81047496.0
2014-07-08,58.45,60.6,59.58,58.22,3308691.0,52009164.0
2014-07-07,59.03,59.88,58.45,58.17,2128620.0,49428772.0
2014-07-04,59.86,60.16,59.1,59.03,3002999.0,70589728.0
2014-07-03,60.26,60.64,59.56,59.1,4483394.0,106421784.0
2014-07-02,57.81,59.23,58.98,57.64,4069529.0,94545976.0
2014-07-01,57.53,57.81,57.71,57.11,2190770.0,49924280.0
2014-06-30,57.38,57.74,57.26,56.9,2706792.0,61476824.0
2014-06-27,57.46,58.24,57.53,57.23,3423939.0,78226432.0
2014-06-26,57.38,58.04,57.33,57.18,3645656.0,82831152.0
2014-06-25,58.39,58.6,57.46,57.16,1578040.0,35926264.0
2014-06-24,58.12,58.87,58.39,57.89,1268101.0,29266814.0
2014-06-23,58.14,58.87,58.47,58.12,1088873.0,25230116.0
2014-06-20,57.36,58.57,58.14,56.85,1447090.0,33148300.0
2014-06-19,59.13,59.81,57.74,57.64,3047132.0,70681552.0
2014-06-18,58.32,59.71,59.35,58.32,3362426.0,78791144.0
2014-06-17,58.87,59.1,58.32,58.12,1750562.0,40559836.0
2014-06-16,59.38,59.51,58.92,58.39,2302344.0,53623952.0
2014-06-13,58.6,59.58,59.38,58.6,2980499.0,69675744.0
2014-06-12,58.6,58.82,58.6,58.14,2668833.0,61837272.0
2014-06-11,59.33,59.86,58.42,57.84,4846177.0,111980400.0
2014-06-10,59.28,60.34,59.38,58.12,4296826.0,100935552.0
2014-06-09,61.25,61.65,59.71,59.38,2552529.0,61417120.0
2014-06-06,61.91,62.66,61.02,60.64,2663422.0,64802592.0
2014-06-05,59.0,61.53,60.95,58.88,3006507.0,72071256.0
2014-06-04,61.83,61.83,59.66,59.48,1433797.0,34210312.0
2014-06-03,61.4,62.49,61.83,61.4,1493768.0,36641496.0
2014-05-30,61.91,62.16,61.4,60.95,2046859.0,49818120.0
2014-05-29,62.03,63.17,62.69,60.72,3284338.0,80667080.0
2014-05-28,64.69,64.69,62.08,61.17,4803796.0,118702720.0
2014-05-20,59.73,59.76,59.33,59.13,762044.0,17920664.0
2014-05-19,59.61,59.86,59.41,58.75,674806.0,15799115.0
2014-05-16,59.51,59.63,59.58,58.87,862179.0,20242542.0
2014-05-15,59.15,60.01,59.51,58.95,1328243.0,31348172.0
2014-05-14,59.25,59.63,59.51,58.49,2108312.0,49377552.0
2014-05-13,59.94,59.94,58.82,58.62,1167667.0,27296100.0
2014-05-12,57.61,59.46,59.38,57.48,2117289.0,49313308.0
2014-05-09,57.94,58.37,56.98,56.35,1485729.0,33570568.0
2014-05-08,58.92,59.28,57.97,57.94,809672.0,18676110.0
2014-05-07,59.33,59.33,58.42,58.37,831061.0,19305496.0
2014-05-06,59.2,59.84,59.28,58.62,889427.0,20891632.0
2014-05-05,58.87,59.38,59.25,57.13,2091158.0,48122864.0
2014-04-30,58.7,59.23,59.0,58.19,769292.0,17895686.0
2014-04-29,57.94,59.08,58.75,57.61,928120.0,21507504.0
2014-04-28,59.91,60.26,57.94,57.51,2162106.0,49858360.0
2014-04-25,61.76,62.03,59.91,59.58,1398779.0,33408544.0
2014-04-24,62.11,62.19,61.76,61.27,1387368.0,33917960.0
2014-04-23,63.17,63.73,62.08,61.81,2492394.0,61630944.0
2014-04-22,61.78,63.17,63.17,60.64,4011793.0,97822536.0
2014-04-21,59.94,61.7,61.63,59.91,5284678.0,127893424.0
2014-04-18,59.63,59.96,59.71,59.28,1528984.0,36043336.0
2014-04-17,59.43,60.14,59.63,59.43,1141968.0,27008808.0
2014-04-16,59.78,60.09,59.81,59.35,1079226.0,25495214.0
2014-04-15,60.92,60.97,59.78,59.13,2240789.0,53080296.0
2014-04-14,59.94,61.15,60.87,59.81,2620337.0,62813240.0
2014-04-11,59.66,60.95,60.21,58.95,2003929.0,47651824.0
2014-04-10,60.09,61.12,59.94,59.78,2913927.0,69731792.0
2014-04-09,59.63,60.34,59.94,59.41,1345742.0,31839588.0
2014-04-08,60.52,60.64,59.96,59.13,1969016.0,46585840.0
2014-04-04,58.9,60.64,60.37,58.9,2726483.0,64974280.0
2014-04-03,58.14,59.99,59.28,58.14,2995458.0,70297960.0
2014-04-02,57.81,58.42,58.29,57.23,2127580.0,48754576.0
2014-04-01,55.24,58.29,57.81,55.19,2943055.0,66362288.0
2014-03-31,55.62,56.63,55.44,55.08,1543057.0,34013440.0
2014-03-28,58.29,58.7,55.36,55.19,2432872.0,54600016.0
2014-03-27,58.45,58.72,58.14,57.81,1622103.0,37430320.0
2014-03-26,58.85,58.88,58.5,57.56,1901193.0,43790976.0
2014-03-25,58.14,58.72,58.39,57.74,1320284.0,30445320.0
2014-03-24,58.45,59.35,58.39,57.64,2010317.0,46338112.0
2014-03-21,57.76,58.62,58.42,57.11,2331050.0,53446276.0
2014-03-20,58.49,59.08,57.74,57.61,2226530.0,51419328.0
2014-03-19,59.38,59.43,58.37,58.29,2379973.0,55353536.0
2014-03-18,60.84,61.05,59.94,59.08,4404520.0,104098872.0
2014-03-17,61.4,61.88,61.1,59.94,3759606.0,90279480.0
2014-03-14,59.15,62.16,61.38,59.0,4942092.0,118654728.0
2014-03-13,58.32,59.78,58.98,58.32,1286779.0,30126172.0
2014-03-12,60.14,60.31,59.23,58.12,2710242.0,63354904.0
2014-03-11,60.64,61.1,60.39,59.53,4700004.0,112026248.0
2014-03-10,58.27,60.92,59.56,56.35,6216201.0,146127136.0
2014-03-07,58.12,59.53,58.27,57.79,2134897.0,49354132.0
2014-03-06,58.98,59.76,58.37,57.99,3353976.0,77571640.0
2014-03-05,59.63,61.3,59.84,59.25,2626457.0,62522956.0
2014-03-04,59.63,60.01,59.23,58.07,3107039.0,72872128.0
2014-03-03,59.81,60.9,59.96,59.23,2709330.0,64269312.0
2014-02-28,58.24,59.18,59.03,57.31,2550373.0,58658680.0
2014-02-27,59.81,61.78,58.7,58.37,2803861.0,66524440.0
2014-02-26,58.37,60.49,59.56,57.81,2647198.0,61970816.0
2014-02-25,60.69,61.27,58.22,58.12,4110322.0,97290968.0
2014-02-24,62.87,64.43,60.69,60.26,5038043.0,121678864.0
2014-02-21,64.89,65.62,63.47,62.94,2516598.0,63919572.0
2014-02-20,64.96,65.67,64.51,64.06,2605225.0,66760784.0
2014-02-19,65.95,65.95,64.96,64.58,4662227.0,120245752.0
2014-02-18,62.11,66.45,66.18,61.15,7156630.0,181404976.0
2014-02-17,62.51,62.87,62.11,61.02,4525853.0,110700008.0
2014-02-14,63.42,63.85,62.51,61.65,5157031.0,127205536.0
2014-02-13,63.75,65.02,63.75,63.2,2815518.0,71477216.0
2014-02-12,63.65,64.11,63.75,63.07,1996884.0,50247852.0
2014-02-11,63.17,64.51,63.3,62.99,2950372.0,74293176.0
2014-02-10,60.52,63.98,63.12,60.52,3892878.0,96473728.0
2014-02-07,59.94,60.9,60.39,58.95,3278005.0,77542448.0
2014-01-30,62.69,62.97,60.54,60.09,2844818.0,68651784.0
2014-01-29,63.45,63.83,62.66,62.31,2811438.0,69997936.0
2014-01-28,64.61,65.06,63.35,62.92,1480771.0,37308112.0
2014-01-27,63.85,64.89,64.28,63.75,3158926.0,80453712.0
2014-01-24,63.57,64.81,63.95,63.2,3228724.0,81784592.0
2014-01-23,63.8,64.94,63.58,63.42,3745905.0,95270776.0
2014-01-22,63.17,64.23,63.8,63.02,1601802.0,40330584.0
2014-01-21,62.51,63.8,62.89,62.11,1029383.0,25653158.0
2014-01-20,63.42,64.69,62.51,62.16,1570382.0,39038592.0
2014-01-17,66.71,66.71,64.21,63.62,2654336.0,67757720.0
2014-01-16,64.69,67.06,66.3,64.69,2635662.0,68960752.0
2014-01-15,65.75,66.0,64.79,64.43,2079373.0,53545888.0
2014-01-14,65.67,66.68,65.82,64.81,1787811.0,46252064.0
2014-01-13,67.42,67.87,66.91,63.75,4449142.0,115966288.0
2014-01-10,67.21,69.49,67.64,66.96,2626977.0,71254656.0
2014-01-09,67.21,67.87,67.49,66.38,3175798.0,84612176.0
2014-01-08,66.71,67.26,66.53,66.08,2221178.0,58516364.0
2014-01-07,64.33,66.58,66.45,64.26,3409934.0,89056632.0
2014-01-06,65.57,65.92,64.56,64.31,2629561.0,67642424.0
2014-01-03,64.31,65.37,64.86,64.13,2246297.0,57589660.0
2014-01-02,65.55,65.9,64.26,63.88,2713025.0,69426152.0
2013-12-31,65.67,66.1,65.55,65.09,1339353.0,34698540.0
2013-12-30,66.61,66.61,65.7,64.99,2120002.0,55043624.0
2013-12-27,63.5,66.45,66.28,63.5,2489763.0,64654688.0
2013-12-26,64.43,66.0,64.61,63.95,2243552.0,57775052.0
2013-12-25,67.42,67.72,64.69,61.91,6197434.0,158223744.0
2013-12-24,67.34,67.92,66.05,65.44,3768812.0,99565056.0
2013-12-23,67.72,68.58,67.39,65.7,2609130.0,69142056.0
2013-12-20,69.49,69.92,68.68,66.71,4217289.0,113789872.0
2013-12-19,69.23,70.19,68.53,67.97,5019929.0,136745792.0
2013-12-18,65.39,70.73,69.18,65.39,8163692.0,223090224.0
2013-12-17,67.74,67.79,65.14,64.69,2637314.0,68618160.0
2013-12-16,67.74,68.45,67.39,66.73,2059687.0,54995560.0
2013-12-13,66.86,68.3,67.95,66.45,2745853.0,73767328.0
2013-12-12,68.0,68.35,66.89,66.83,2194253.0,58415912.0
2013-12-11,67.26,68.68,68.0,66.35,4708758.0,126077048.0
2013-12-10,67.06,67.36,66.71,66.1,1738865.0,45823848.0
2013-12-09,64.43,67.36,67.19,64.43,4585357.0,120850512.0
2013-12-06,64.94,65.07,64.43,63.68,1463869.0,37269360.0
2013-12-05,63.5,64.94,64.66,63.5,1457336.0,37259736.0
2013-12-04,63.6,65.12,64.48,63.6,1726749.0,44072768.0
2013-12-03,62.39,64.31,64.26,60.39,2486426.0,61392344.0
2013-12-02,65.44,66.28,62.59,62.26,5534487.0,139950096.0
2013-11-29,65.7,66.86,66.23,65.44,2423364.0,63485616.0
2013-11-28,65.97,66.96,65.52,65.39,2936235.0,76852536.0
2013-11-27,63.85,66.33,65.97,63.85,3452446.0,89305600.0
2013-11-26,62.99,64.56,64.03,62.79,3249669.0,82115576.0
2013-11-25,63.68,64.41,62.99,62.87,2453264.0,61638072.0
2013-11-22,65.7,66.41,63.32,62.97,4511045.0,114403952.0
2013-11-21,64.94,66.05,65.92,64.94,3404507.0,88337280.0
2013-11-20,65.14,66.1,65.65,63.95,3136387.0,80838776.0
2013-11-19,63.04,65.7,65.19,62.46,5392999.0,137380352.0
2013-11-18,60.47,63.3,62.99,60.44,5485925.0,135869968.0
2013-11-15,59.51,61.65,60.54,58.88,2366621.0,56653780.0
2013-11-14,58.42,59.81,59.18,57.11,2181095.0,50438836.0
2013-11-13,61.25,61.65,58.22,57.89,2336267.0,55309628.0
2013-11-12,62.06,62.06,61.25,60.39,1564201.0,37717284.0
2013-11-11,62.41,62.66,61.2,60.14,2759988.0,66976804.0
2013-11-08,59.76,62.26,61.25,59.28,3920516.0,94390320.0
2013-11-07,59.94,61.35,59.41,59.13,2823510.0,67451864.0
2013-11-06,61.1,61.27,59.61,59.25,2830788.0,67429272.0
2013-11-05,58.14,61.35,61.07,58.14,4687783.0,112156368.0
2013-11-04,57.06,59.33,57.89,57.06,3550610.0,81705856.0
2013-11-01,57.79,57.86,57.06,56.55,3272121.0,74030864.0
2013-10-31,60.9,60.9,57.89,56.78,6223010.0,144127328.0
2013-10-30,61.53,62.41,60.9,59.89,5641867.0,135954784.0
2013-10-29,67.34,67.34,61.6,60.8,8306294.0,206730432.0
2013-10-28,70.37,71.94,67.54,66.58,5110343.0,139401408.0
2013-10-25,69.36,71.51,70.22,68.55,6495896.0,181054784.0
2013-10-24,66.05,70.73,69.87,65.82,7218133.0,196775936.0
2013-10-23,68.6,70.98,66.05,65.72,5549867.0,148902864.0
2013-10-22,66.89,71.53,68.58,66.89,7852005.0,216193056.0
2013-10-21,64.69,66.99,66.89,64.69,6954704.0,183041504.0
2013-10-18,65.12,65.5,64.11,63.98,3397242.0,87060728.0
2013-10-17,63.42,65.14,65.04,62.31,4784166.0,120660232.0
2013-10-16,61.4,64.43,63.3,60.47,6017901.0,149457360.0
2013-10-15,61.33,62.29,61.4,60.97,2223814.0,54169340.0
2013-10-14,60.9,62.77,61.45,60.85,2876210.0,70257968.0
2013-10-11,61.76,62.16,61.35,60.34,3325046.0,80233552.0
2013-10-10,61.88,63.04,61.86,61.3,2097947.0,51429896.0
2013-10-09,62.89,63.4,61.81,61.07,3652109.0,89575480.0
2013-10-08,63.17,63.62,62.79,62.19,2740263.0,67900416.0
2013-09-30,62.51,64.61,63.8,61.98,2824967.0,71329824.0
2013-09-27,59.23,63.22,62.26,58.8,4152089.0,101056752.0
2013-09-26,60.52,60.54,58.92,58.65,2645947.0,62148532.0
2013-09-25,60.67,61.25,60.39,59.89,1890946.0,45203912.0
2013-09-24,60.85,61.38,60.92,60.39,1957089.0,47161960.0
2013-09-23,59.86,60.9,60.85,59.58,2571723.0,61513584.0
2013-09-18,61.91,61.91,60.54,56.78,7808534.0,182138624.0
2013-09-17,64.46,64.46,62.69,62.41,1899350.0,47467272.0
2013-09-16,65.65,66.41,64.46,63.37,2114205.0,54149752.0
2013-09-13,64.94,66.76,65.65,64.94,2024652.0,52801872.0
2013-09-12,65.32,65.7,65.17,63.98,2735963.0,70224328.0
2013-09-11,66.2,66.61,65.7,64.99,4070646.0,105755872.0
2013-09-10,66.58,67.59,66.51,65.75,3774037.0,99670784.0
2013-09-09,66.45,66.94,66.38,64.81,3248462.0,84648824.0
2013-09-06,63.68,66.94,66.45,63.68,6602547.0,171944016.0
2013-09-05,64.53,65.24,63.68,63.62,2638249.0,67104664.0
2013-09-04,62.99,65.27,63.85,62.99,4676209.0,118937600.0
2013-09-03,61.88,63.04,62.84,61.58,2504014.0,62022880.0
2013-09-02,58.67,62.87,61.91,58.67,3384924.0,81974992.0
2013-08-30,58.88,60.06,59.05,58.7,1976554.0,46354764.0
2013-08-29,60.16,61.05,59.43,58.95,1806501.0,42722984.0
2013-08-28,61.88,61.88,60.24,60.09,2243137.0,53848148.0
2013-08-27,62.16,62.41,61.98,61.48,1872442.0,45842224.0
2013-08-26,61.78,62.64,62.11,61.15,2197852.0,53848552.0
2013-08-23,62.21,63.42,61.76,59.89,2721244.0,66458088.0
2013-08-22,59.41,62.31,62.16,58.95,3911681.0,95125072.0
2013-08-21,58.12,59.71,59.41,57.94,2002692.0,46829340.0
2013-08-20,58.37,59.25,58.12,57.36,1936321.0,44633260.0
2013-08-19,57.18,58.75,58.34,57.11,1881030.0,43151744.0
2013-08-16,61.4,62.29,57.18,56.85,4950272.0,117782112.0
2013-08-15,61.78,62.39,61.45,61.17,1953662.0,47712572.0
2013-08-14,62.31,62.62,61.78,60.85,2870441.0,70225912.0
2013-08-13,61.43,62.74,62.01,61.4,3130073.0,76801712.0
2013-08-12,61.17,62.89,61.38,61.12,3530722.0,86624608.0
2013-08-09,61.15,62.87,61.17,60.47,4589524.0,112476848.0
2013-08-08,59.63,61.73,60.97,59.18,3996347.0,95698808.0
2013-08-07,62.06,62.06,59.78,59.38,4505538.0,107705288.0
2013-08-06,59.08,62.62,62.06,58.72,6291562.0,153825104.0
2013-08-05,57.61,59.3,59.1,57.61,3865913.0,89781144.0
2013-08-02,58.24,59.89,58.17,57.74,4616825.0,107382016.0
2013-08-01,58.8,58.8,58.14,57.31,4504418.0,103214416.0
2013-07-31,58.88,59.18,58.12,57.86,3664283.0,84873712.0
2013-07-30,58.14,59.18,58.45,57.11,5769188.0,132758184.0
2013-07-29,56.22,60.39,58.57,55.59,13617763.0,315602464.0
2013-07-26,51.7,56.4,55.59,51.47,11221160.0,241674992.0
2013-07-25,50.99,53.27,51.93,50.28,5352651.0,110906944.0
2013-07-24,51.98,51.98,50.89,50.11,3729588.0,74965368.0
2013-07-23,50.71,53.39,52.05,50.71,3523856.0,72943312.0
2013-07-22,49.7,51.07,50.89,49.2,2811962.0,55756280.0
2013-07-19,53.14,53.14,50.21,50.06,3796770.0,77094784.0
2013-07-18,52.84,53.52,52.63,52.3,2309818.0,48313780.0
2013-07-17,54.1,54.28,52.89,52.26,3748615.0,78857472.0
2013-07-16,52.18,54.58,54.45,52.08,4864339.0,103176168.0
2013-07-15,52.43,53.04,52.3,51.8,3375160.0,70000616.0
2013-07-12,53.57,53.75,51.93,51.9,5048559.0,105520904.0
2013-07-11,53.47,55.09,54.17,52.43,6626272.0,141259104.0
2013-07-10,50.03,54.12,53.42,49.27,5244228.0,107448360.0
2013-07-09,49.27,50.97,50.44,49.27,2411073.0,48026064.0
2013-07-08,52.18,52.18,49.6,49.53,4169617.0,83537720.0
2013-07-05,54.78,56.42,52.89,52.76,6762192.0,147089312.0
2013-07-04,52.56,56.42,54.76,51.83,8336751.0,180998944.0
2013-07-03,52.05,53.52,52.73,51.55,4848916.0,100952728.0
2013-07-02,50.87,53.29,52.58,50.06,7548201.0,155175360.0
2013-07-01,46.62,51.04,50.87,46.62,9036665.0,174990464.0
2013-06-28,46.72,48.26,46.49,45.23,6631442.0,122772096.0
2013-06-27,50.18,50.71,47.18,46.7,5865896.0,113798000.0
2013-06-26,49.27,50.03,49.78,48.19,4753968.0,92893232.0
2013-06-25,50.01,50.49,48.99,45.73,7955959.0,151325696.0
2013-06-24,55.97,56.45,50.49,50.41,5787724.0,121213920.0
2013-06-21,55.39,56.48,55.94,54.35,4945311.0,108896520.0
2013-06-20,54.02,61.76,57.03,54.02,13861815.0,317459168.0
2013-06-07,61.0,61.02,58.02,57.86,8840383.0,206534352.0
2013-06-06,64.43,64.43,60.59,60.27,10748520.0,263131888.0
2013-06-05,65.17,65.67,64.53,64.38,4425915.0,113694984.0
2013-06-04,65.7,66.53,65.34,64.51,5700842.0,147384240.0
2013-06-03,66.68,67.24,65.67,65.39,8412853.0,220498240.0
2013-05-31,69.87,70.73,67.54,65.67,20015156.0,537732800.0
2013-05-30,75.27,75.27,70.93,69.54,28029504.0,787406656.0
2013-05-29,68.45,75.0,75.0,68.45,17399872.0,502510912.0
2013-05-28,65.95,68.2,68.17,64.84,6261716.0,165169856.0
2013-05-27,65.02,66.61,65.7,64.56,3889779.0,101193792.0
2013-05-24,64.18,64.76,64.48,63.5,2164004.0,54917244.0
2013-05-23,63.88,65.19,64.16,62.92,2804307.0,71261520.0
2013-05-22,63.93,65.37,64.28,63.9,3780411.0,96814312.0
2013-05-21,62.92,64.28,63.93,62.54,4380371.0,110069272.0
2013-05-20,67.29,67.8,63.2,62.41,8932932.0,228386736.0
2013-05-17,67.09,67.74,67.34,66.83,2680450.0,71416296.0
2013-05-16,68.07,68.35,67.39,66.61,2568994.0,68373512.0
2013-05-15,67.52,68.45,68.2,67.29,1720930.0,46257504.0
2013-05-14,66.91,69.03,68.28,66.45,2888385.0,77843528.0
2013-05-13,67.84,68.43,67.01,66.61,2148493.0,57085076.0
2013-05-10,68.35,69.26,67.64,66.71,3181423.0,85443784.0
2013-05-09,67.19,69.28,69.21,66.08,5114825.0,136762928.0
2013-05-08,68.5,68.86,66.99,66.33,6391363.0,170239856.0
2013-05-07,70.5,71.26,68.65,68.22,4707207.0,129789536.0
2013-05-06,70.75,70.75,70.42,69.51,3761718.0,104599312.0
2013-05-03,67.77,70.22,69.92,67.77,4753091.0,130632792.0
2013-05-02,66.2,68.38,67.31,66.2,2511722.0,67208688.0
2013-04-26,67.95,69.34,67.59,67.21,3411889.0,92050416.0
2013-04-25,67.21,68.6,68.0,66.73,3931226.0,105124432.0
2013-04-24,64.43,68.17,67.72,64.43,5137133.0,136036288.0
2013-04-23,65.37,65.65,64.66,64.18,3241300.0,83108616.0
2013-04-22,62.56,65.57,65.5,62.16,4890554.0,124635224.0
2013-04-19,62.16,63.15,62.41,62.11,2241996.0,55440176.0
2013-04-18,63.93,64.0,62.01,61.86,2674838.0,66355172.0
2013-04-17,63.17,64.28,64.11,62.79,1714873.0,43231144.0
2013-04-16,62.62,63.42,63.17,61.35,1879438.0,46239344.0
2013-04-15,64.58,65.32,62.82,62.36,2776137.0,69494512.0
2013-04-12,64.13,65.34,64.59,63.68,2642729.0,67663992.0
2013-04-11,64.94,65.34,64.76,63.95,2798840.0,71785200.0
2013-04-10,64.86,65.07,64.91,63.6,2981858.0,75905056.0
2013-04-09,63.15,65.34,64.86,62.49,5429866.0,138565824.0
2013-04-08,61.15,63.17,62.94,60.16,2181464.0,53519752.0
2013-04-03,61.68,62.64,61.91,61.15,2325618.0,56772016.0
2013-04-02,63.17,63.68,61.33,60.64,4142924.0,101742224.0
2013-04-01,63.12,64.18,63.55,62.29,2407594.0,60367832.0
2013-03-29,62.29,63.15,62.89,60.97,2463918.0,60904300.0
2013-03-28,63.4,64.46,62.11,62.03,3701000.0,92635480.0
2013-03-27,61.7,64.56,64.0,61.7,4818871.0,121341416.0
2013-03-26,62.72,63.65,61.96,61.48,3364747.0,82818904.0
2013-03-25,62.77,64.31,63.32,62.64,5372792.0,135258992.0
2013-03-22,59.84,62.87,62.64,59.76,7676469.0,187673552.0
2013-03-21,60.52,61.88,59.78,59.53,4383075.0,104683264.0
2013-03-20,57.03,58.82,58.82,56.75,2089801.0,47987180.0
2013-03-19,56.75,57.86,57.03,56.35,1259764.0,28415904.0
2013-03-18,58.65,59.13,56.75,56.35,2867783.0,65034940.0
2013-03-15,59.89,60.14,58.65,57.86,3507943.0,81425088.0
2013-03-14,59.86,61.81,59.96,59.63,4277886.0,102667816.0
2013-03-13,59.38,61.3,59.86,58.32,4418355.0,104944704.0
2013-03-12,60.24,62.36,59.28,58.14,5249954.0,126122992.0
2013-03-11,59.73,60.77,60.24,58.88,3676757.0,87378832.0
2013-03-08,57.56,60.31,59.84,57.56,7001918.0,165168704.0
2013-03-07,57.61,58.14,57.69,56.65,2848396.0,64977380.0
2013-03-06,58.17,58.37,57.59,57.31,3058256.0,69722816.0
2013-03-05,57.84,58.42,58.12,57.33,3628710.0,83146144.0
2013-03-04,56.98,58.5,57.26,56.35,2978722.0,67627280.0
2013-03-01,56.3,58.12,57.56,55.84,3820902.0,86554952.0
2013-02-28,55.34,56.35,56.3,54.78,1965912.0,43353060.0
2013-02-27,54.2,55.82,55.69,54.2,1114462.0,24341626.0
2013-02-26,55.84,55.84,54.53,54.35,1301590.0,28398314.0
2013-02-25,55.59,56.27,55.46,55.21,1367384.0,30109754.0
2013-02-22,54.86,56.9,55.84,54.86,1635130.0,36278400.0
2013-02-21,56.85,57.18,55.36,54.33,2096592.0,46252160.0
2013-02-20,56.73,57.61,57.41,56.55,1809510.0,40901828.0
2013-02-19,57.28,57.84,56.98,56.6,1894889.0,42891656.0
2013-02-18,59.08,59.08,57.28,57.26,2727741.0,62521540.0
2013-02-08,57.01,58.45,58.27,56.85,2809267.0,64523076.0
2013-02-07,57.16,57.66,57.01,56.37,2363022.0,53393064.0
2013-02-06,55.89,58.14,57.33,55.89,3968317.0,90035544.0
2013-02-05,55.56,56.5,55.89,54.96,1801387.0,39834096.0
2013-02-04,56.6,57.01,55.31,54.93,2884895.0,63471248.0
2013-02-01,55.59,57.91,56.58,55.34,4564874.0,102511200.0
2013-01-31,52.76,57.13,56.2,51.72,7893224.0,172190272.0
2013-01-30,55.51,55.56,53.16,52.81,4450799.0,94498280.0
2013-01-29,56.09,56.09,55.41,55.24,2276596.0,50082496.0
2013-01-28,54.73,56.15,55.51,54.58,2915491.0,64023456.0
2013-01-25,53.85,54.83,54.78,52.58,2472247.0,52213560.0
2013-01-24,56.32,56.6,54.12,53.85,3098745.0,67793288.0
2013-01-23,55.29,56.3,56.25,55.03,2048753.0,45153836.0
2013-01-22,54.86,56.68,55.69,54.86,3001559.0,66563248.0
2013-01-21,56.6,56.85,55.26,54.98,3429382.0,75287528.0
2013-01-18,56.07,56.55,56.12,55.59,2263688.0,50198332.0
2013-01-17,58.42,59.25,56.09,55.59,2941908.0,66265592.0
2013-01-16,56.98,58.88,58.4,56.73,5537264.0,126902920.0
2013-01-15,56.5,57.86,57.51,55.41,4823604.0,108268224.0
2013-01-14,54.83,57.26,56.52,54.83,3308119.0,73841192.0
2013-01-11,57.56,57.56,55.51,55.09,3343200.0,74220592.0
2013-01-10,59.13,59.61,57.61,56.88,5527720.0,126955920.0
2013-01-09,59.58,60.95,59.13,58.6,3378580.0,80138440.0
2013-01-08,58.32,59.81,59.58,58.14,3951172.0,92713544.0
2013-01-07,59.91,59.96,58.82,58.62,3195521.0,74642776.0
2013-01-04,57.08,62.16,59.91,57.08,6896152.0,163160688.0
2012-12-31,55.59,56.83,56.75,55.46,3113285.0,69009816.0
2012-12-28,54.96,55.97,55.19,54.5,2361972.0,51791000.0
2012-12-27,56.45,56.7,55.11,55.09,3428967.0,75685632.0
2012-12-26,55.84,57.26,56.47,55.59,4803999.0,107354240.0
2012-12-25,55.59,56.58,55.82,54.2,6250603.0,137359808.0
2012-12-24,55.41,56.25,55.97,54.07,6223741.0,136128480.0
2012-12-21,57.74,57.74,55.44,55.24,6292424.0,139925504.0
2012-12-20,55.13,56.93,56.47,54.83,9257507.0,204983616.0
2012-12-19,55.59,56.98,56.47,54.58,15998508.0,356496096.0
2012-12-18,51.8,51.8,51.8,51.8,590531.0,12105886.0
2012-12-04,45.2,47.12,47.1,43.87,1323761.0,23900678.0
2012-12-03,46.75,48.21,45.26,44.47,1442057.0,26760076.0
2012-11-30,43.71,47.96,47.55,43.28,3009370.0,53534948.0
2012-11-29,45.38,45.96,43.69,43.61,1280988.0,22770468.0
2012-11-28,48.01,48.01,45.51,45.28,2063140.0,38032364.0
2012-11-27,49.65,50.21,48.09,47.5,1294813.0,24739016.0
2012-11-26,50.33,51.04,49.8,49.68,901394.0,17929436.0
2012-11-23,49.78,50.89,50.59,49.3,1479312.0,29440452.0
2012-11-22,49.68,50.66,49.78,48.97,1868017.0,36905856.0
2012-11-21,50.41,51.09,49.93,47.5,2712966.0,52557344.0
2012-11-20,50.44,51.07,50.49,49.78,1646756.0,32909174.0
2012-11-19,50.71,51.07,50.33,49.42,1214595.0,24089414.0
2012-11-16,52.71,52.71,50.71,49.95,1988504.0,39952384.0
2012-11-15,55.36,55.67,52.91,51.29,3460458.0,73562168.0
2012-11-14,56.05,57.06,56.02,55.34,1496790.0,33266336.0
2012-11-13,56.93,57.01,56.12,54.6,1875668.0,41457460.0
2012-11-12,56.35,57.59,56.88,56.12,2055346.0,46245472.0
2012-11-09,55.97,57.11,56.35,55.97,1567278.0,35017312.0
2012-11-08,56.73,56.85,55.84,55.51,1794605.0,39849160.0
2012-11-07,56.85,58.57,57.48,56.52,3410477.0,77922288.0
2012-11-06,57.03,57.03,56.85,55.34,2540306.0,56351696.0
2012-11-05,55.72,57.11,57.01,55.44,2858192.0,63931568.0
2012-11-02,55.59,56.3,55.69,55.06,2221561.0,48909616.0
2012-11-01,55.79,57.08,56.15,55.21,3819582.0,84933312.0
2012-10-31,54.73,56.55,55.74,54.71,2948100.0,64692036.0
2012-10-30,53.06,57.81,55.24,52.56,7389584.0,163394000.0
2012-10-29,47.38,53.44,53.44,47.38,8256992.0,168675984.0
2012-10-26,51.88,52.53,48.59,46.65,8437969.0,161219392.0
2012-10-25,54.76,55.06,51.83,51.67,3790920.0,79734440.0
2012-10-24,54.58,55.16,54.76,53.82,2674855.0,57841836.0
2012-10-23,55.99,56.17,54.96,54.05,6390635.0,138422832.0
2012-10-22,56.98,57.44,55.92,55.59,5785142.0,128357808.0
2012-10-19,57.74,58.09,57.13,56.85,1749073.0,39713752.0
2012-10-18,57.18,58.34,57.86,56.73,2468099.0,56233796.0
2012-10-17,56.17,57.48,57.41,55.84,2986520.0,67009992.0
2012-10-16,56.47,57.36,55.82,55.59,2649631.0,59033680.0
2012-10-15,59.18,60.06,56.5,56.35,4169002.0,95149088.0
2012-10-12,62.41,62.66,60.09,59.3,3899324.0,93541712.0
2012-10-11,62.66,64.69,62.21,61.15,4020450.0,100441136.0
2012-10-10,62.44,63.07,62.26,60.9,3074733.0,75352272.0
2012-10-09,65.19,66.2,63.12,62.79,5559441.0,141087904.0
2012-10-08,62.36,63.73,62.99,61.38,2288687.0,56658024.0
2012-09-28,58.85,62.66,61.86,58.4,2977098.0,71321152.0
2012-09-27,58.14,59.35,58.6,57.06,1507838.0,34833440.0
2012-09-26,59.25,59.63,58.12,57.86,1266811.0,29412136.0
2012-09-25,58.17,59.46,59.25,57.38,1785494.0,41602960.0
2012-09-24,56.35,58.32,58.17,54.98,2167339.0,49219928.0
2012-09-21,57.16,57.81,56.8,56.35,2377301.0,53580848.0
2012-09-20,59.33,59.35,57.11,56.85,2403811.0,54747720.0
2012-09-19,58.14,59.91,59.28,57.89,2538683.0,59470120.0
2012-09-18,57.86,59.46,59.23,54.96,5750228.0,129461904.0
2012-09-17,65.82,65.82,59.25,59.25,6254150.0,151250192.0
2012-09-14,66.71,66.71,65.85,65.22,3008572.0,78525672.0
2012-09-13,65.87,66.56,65.32,65.09,1959910.0,51014580.0
2012-09-12,66.96,67.21,65.95,65.09,2934097.0,76669992.0
2012-09-11,69.13,69.49,66.23,66.08,3788907.0,100306384.0
2012-09-10,70.07,70.25,69.13,68.75,2140523.0,58703044.0
2012-09-07,68.98,71.11,70.12,68.22,3083113.0,85283728.0
2012-09-06,66.71,67.97,67.87,66.45,1278028.0,34156868.0
2012-09-05,67.24,67.72,66.58,66.28,1405464.0,37193720.0
2012-09-04,67.31,68.45,67.24,66.76,1523607.0,40728324.0
2012-09-03,66.43,68.45,67.31,66.41,1673396.0,44781212.0
2012-08-31,65.44,68.2,66.66,65.02,2450354.0,64400240.0
2012-08-30,67.69,68.45,65.44,65.22,3344318.0,88119368.0
2012-08-29,71.03,71.48,67.84,67.47,4622961.0,126682600.0
2012-08-28,70.88,72.42,71.03,70.75,1672641.0,47158952.0
2012-08-27,69.49,72.44,70.88,69.23,4236085.0,119084496.0
2012-08-24,74.74,78.31,73.28,73.03,6602994.0,196584496.0
2012-08-23,72.02,76.26,74.67,72.02,5977124.0,175765856.0
2012-08-22,72.44,73.45,72.42,71.51,1916717.0,55074328.0
2012-08-21,71.16,73.76,72.44,71.16,2371513.0,68090064.0
2012-08-20,73.28,73.3,72.17,70.78,2311604.0,65898916.0
2012-08-17,73.38,74.69,73.5,72.42,2409947.0,70228872.0
2012-08-16,71.51,74.95,73.56,71.16,4418347.0,128407424.0
2012-08-15,72.52,73.58,72.14,70.78,3612320.0,103202528.0
2012-08-14,75.73,75.81,73.94,68.1,11461990.0,325490176.0
2012-08-13,72.22,78.48,75.65,70.9,15486332.0,465510464.0
2012-08-10,71.21,72.17,71.36,70.12,4384963.0,123310888.0
2012-08-09,70.75,72.42,70.98,70.12,5424414.0,153126144.0
2012-08-08,70.52,72.24,71.36,69.49,4100806.0,115326952.0
2012-08-07,71.0,71.51,70.52,69.59,4504383.0,125981808.0
2012-08-06,67.21,71.11,71.0,67.21,5766281.0,158846880.0
2012-08-03,66.28,68.17,67.59,66.08,3355897.0,89623632.0
2012-08-02,66.3,66.53,65.97,64.69,1581569.0,40945632.0
2012-08-01,65.7,67.39,66.13,65.12,2282963.0,59880840.0
2012-07-31,66.73,67.9,65.65,65.27,1967756.0,51976064.0
2012-07-30,64.86,68.05,67.16,64.38,4526044.0,119909200.0
2012-07-27,65.57,66.61,65.55,64.43,3862407.0,100404224.0
2012-07-26,68.22,68.81,65.24,64.69,3414595.0,91035936.0
2012-07-25,68.12,69.39,68.45,67.97,2511256.0,68251160.0
2012-07-24,68.35,69.44,68.48,67.36,3724117.0,100803872.0
2012-07-23,69.89,70.45,69.11,68.38,2803208.0,77113984.0
2012-07-20,71.51,72.52,70.45,70.14,4650985.0,130525480.0
2012-07-19,72.87,73.78,72.06,71.43,7047625.0,202665264.0
2012-07-18,71.13,73.66,72.9,70.02,8752372.0,250060608.0
2012-07-17,68.86,72.49,71.53,67.52,5765329.0,160306384.0
2012-07-16,67.95,72.9,70.3,67.49,10816886.0,305180928.0
2012-07-13,71.46,72.24,68.63,68.25,6307923.0,174676752.0
2012-07-12,69.23,72.47,71.46,67.57,5806296.0,161744864.0
2012-07-11,71.11,71.28,69.03,66.99,5921089.0,161014160.0
2012-07-10,70.75,73.25,71.33,69.69,6330162.0,179107488.0
2012-07-09,68.1,73.83,70.62,67.24,11235043.0,318320960.0
2012-07-06,65.44,67.74,67.14,64.94,5249227.0,137346960.0
2012-07-05,65.97,67.01,65.62,63.75,6597888.0,170155120.0
2012-07-04,71.0,71.11,66.81,66.58,8085119.0,218993600.0
2012-07-03,69.99,71.51,70.67,69.59,5892374.0,164390448.0
2012-07-02,70.19,72.39,70.32,69.49,7556774.0,212998944.0
2012-06-29,67.47,70.09,69.92,67.01,6118117.0,166315648.0
2012-06-28,68.48,71.26,68.55,67.92,6938292.0,191120912.0
2012-06-27,67.69,70.83,68.96,66.91,8853860.0,241261888.0
2012-06-26,67.49,68.86,68.4,64.69,13505473.0,357036000.0
2012-06-25,71.11,72.97,68.98,68.68,10862970.0,307074752.0
2012-06-21,71.79,73.15,72.39,69.49,10693417.0,301987456.0
2012-06-20,73.15,73.96,73.08,71.33,13168260.0,379256768.0
2012-06-19,76.26,76.81,72.8,70.32,23783392.0,689420416.0
2012-06-18,75.05,78.66,76.64,74.67,22192614.0,673368640.0
2012-06-15,76.18,78.03,76.06,75.3,25290564.0,768268416.0
2012-06-14,77.07,77.07,77.07,74.54,50966996.0,1546871808.0
2012-06-13,70.07,70.07,70.07,70.07,703834.0,19517316.0
2012-06-08,63.7,63.7,63.7,63.7,394555.0,9946732.0
2012-06-07,57.91,57.91,57.91,57.91,184141.0,4220512.0
2012-03-26,51.55,53.06,52.66,51.55,2156349.0,44644008.0
2012-03-23,54.96,54.96,52.48,51.4,5615861.0,116398088.0
2012-03-22,54.83,56.27,54.96,54.33,2737468.0,59685240.0
2012-03-21,56.25,57.86,55.34,54.33,4798454.0,106110264.0
2012-03-19,56.98,57.99,56.93,56.22,4966225.0,112193912.0
2012-03-16,54.33,57.56,57.28,53.9,6767779.0,150261104.0
2012-03-15,53.16,54.81,54.17,52.58,6806806.0,144877696.0
2012-03-14,55.54,57.16,53.19,51.29,9700199.0,208213776.0
2012-03-13,55.59,56.75,56.2,54.6,8381106.0,185441872.0
2012-03-12,50.54,55.19,55.19,49.88,11332266.0,241453296.0
2012-03-09,50.01,50.69,50.16,49.3,4445699.0,87863104.0
2012-03-08,49.25,50.21,49.98,49.05,4948151.0,97361600.0
2012-03-07,48.72,51.07,49.85,48.26,10548844.0,207983136.0
2012-03-06,46.7,49.98,49.22,46.62,12632518.0,242536928.0
2012-03-05,46.62,47.12,46.75,46.09,4495710.0,82985520.0
2012-03-02,45.94,46.42,46.34,45.53,3821790.0,69821576.0
2012-03-01,45.56,46.16,45.84,45.1,3501211.0,63391200.0
2012-02-29,45.28,45.89,45.56,44.09,5202059.0,92511352.0
2012-02-28,45.86,46.39,45.13,44.73,4644506.0,83328064.0
2012-02-27,46.9,47.18,46.22,46.16,7665579.0,141403248.0
2012-02-24,47.25,47.25,46.7,46.16,7244651.0,133548016.0
2012-02-23,46.8,47.88,47.23,46.75,4959038.0,92910488.0
2012-02-22,46.29,47.25,47.12,46.27,4641855.0,86089504.0
2012-02-21,46.57,46.75,46.27,45.18,4133443.0,75308176.0
2012-02-20,47.23,47.68,46.62,46.49,5246676.0,97634000.0
2012-02-17,47.15,47.48,46.59,46.19,3928062.0,72634512.0
2012-02-16,46.24,47.76,47.1,45.74,8159635.0,151783504.0
2012-02-15,45.28,46.57,46.22,44.98,5050455.0,91500792.0
2012-02-14,45.48,45.99,45.53,45.2,3446344.0,62195364.0
2012-02-13,45.08,46.16,45.46,44.37,5114621.0,91974680.0
2012-02-10,45.46,46.8,45.81,44.09,9098387.0,163409552.0
2012-02-09,45.0,45.86,45.23,44.73,6595918.0,118152632.0
2012-02-08,44.35,45.43,44.83,43.87,6809827.0,120735656.0
2012-02-07,45.1,45.18,44.32,43.84,5215515.0,91689200.0
2012-02-06,42.91,46.72,45.61,42.7,8665292.0,154079824.0
2012-02-03,42.7,43.59,42.93,42.45,3555914.0,60603776.0
2012-02-02,42.45,43.36,42.8,41.69,3853842.0,64378500.0
2012-02-01,43.59,43.97,42.7,42.58,1821620.0,31269122.0
2012-01-31,43.34,44.45,43.59,43.06,1948809.0,33621468.0
2012-01-30,42.45,44.9,43.41,42.07,3182546.0,55221232.0
2012-01-20,42.45,42.45,42.07,41.52,1321682.0,21979316.0
2012-01-19,41.9,42.91,41.72,40.71,3428204.0,56605968.0
2012-01-18,44.22,45.15,42.38,42.2,3478424.0,60424792.0
2012-01-17,41.92,44.45,44.22,41.92,3553013.0,61109528.0
2012-01-16,42.45,43.21,41.92,41.44,2002188.0,33466160.0
2012-01-13,43.84,44.17,43.01,42.05,4263523.0,72536800.0
2012-01-12,44.37,44.88,44.12,43.46,5510525.0,96509520.0
2012-01-11,43.28,45.1,44.55,42.45,8150282.0,141934784.0
2012-01-10,42.91,44.17,43.38,42.2,9457722.0,161576224.0
2012-01-09,40.43,43.28,42.96,39.97,6034371.0,101035216.0
2012-01-06,40.18,41.82,40.81,39.09,7080913.0,113483264.0
2012-01-05,41.95,43.16,40.48,38.53,5479386.0,89718280.0
2012-01-04,40.93,43.41,42.63,40.73,6750947.0,112556552.0
