date,open,high,close,low,volume,amount
2015-07-10,63.84,66.76,66.76,63.84,34365044.0,186605392.0
2015-07-09,52.87,60.67,60.67,52.87,47862888.0,229881840.0
2015-07-08,52.99,58.96,55.19,52.99,127203464.0,581456320.0
2015-07-07,62.25,63.96,58.84,58.84,49984184.0,247129600.0
2015-07-06,69.44,69.68,65.42,57.26,80363512.0,424515232.0
2015-07-03,63.11,72.36,63.35,62.86,62898004.0,340248352.0
2015-07-02,77.72,78.94,69.68,69.68,66011672.0,396543232.0
2015-07-01,81.87,86.62,77.36,76.63,73142472.0,496643584.0
2015-06-30,75.29,84.18,83.82,69.68,87244800.0,546253056.0
2015-06-29,89.18,89.79,77.36,77.36,75917368.0,503742592.0
2015-06-26,93.81,93.81,86.01,86.01,52711056.0,381503360.0
2015-06-25,102.33,103.19,95.51,93.32,55625816.0,453732672.0
2015-06-24,100.14,103.19,102.21,98.07,61904056.0,513176896.0
2015-06-23,101.12,103.67,98.8,92.22,73104560.0,581506944.0
2015-06-19,110.25,112.57,102.46,102.46,60710272.0,529543072.0
2015-06-18,115.61,120.49,113.79,113.3,65555376.0,627920704.0
2015-06-17,117.56,119.39,116.34,108.67,78800848.0,734565312.0
2015-06-16,122.07,125.36,116.59,114.52,89828928.0,885051584.0
2015-06-15,119.39,128.89,125.24,119.39,112935192.0,1146562176.0
2015-06-12,117.32,124.26,120.36,116.71,109672808.0,1086688000.0
2015-06-11,116.71,119.39,117.44,115.73,68420888.0,658117632.0
2015-06-10,116.22,123.04,118.66,113.06,95766848.0,934232640.0
2015-06-09,115.13,117.56,116.83,112.45,82456480.0,771556352.0
2015-06-08,120.36,120.49,116.47,114.52,116181040.0,1111153024.0
2015-06-05,120.0,124.14,120.85,116.95,185781248.0,1841863936.0
2015-06-04,104.53,114.88,114.88,101.12,183851968.0,1649643136.0
2015-06-03,107.08,107.08,104.41,100.14,107741544.0,920588736.0
2015-06-02,107.33,109.28,107.45,103.55,115550696.0,1008043584.0
2015-06-01,104.89,108.67,107.33,103.06,131206136.0,1139113728.0
2015-05-29,97.46,108.91,104.77,91.98,149968672.0,1244024960.0
2015-05-28,111.96,116.34,100.75,98.68,227902320.0,2054434560.0
2015-05-27,99.29,108.91,108.91,99.29,174691168.0,1533389568.0
2015-05-26,90.03,99.05,99.05,88.32,146163360.0,1143108736.0
2015-05-25,84.3,91.37,90.03,82.72,127200320.0,911849856.0
2015-05-22,87.72,87.72,84.3,82.35,184546672.0,1286423936.0
2015-05-21,73.1,80.41,80.41,72.49,69076784.0,436644128.0
2015-05-20,72.24,74.92,73.1,72.0,79654112.0,482746880.0
2015-05-19,70.42,72.85,72.49,70.05,49343188.0,290006592.0
2015-05-18,70.54,70.9,70.29,69.2,35994424.0,207344912.0
2015-05-15,71.39,71.39,70.17,68.83,38552888.0,221261152.0
2015-05-14,72.49,73.34,71.88,70.78,46178856.0,272664928.0
2015-05-13,71.39,73.34,72.0,70.05,57911276.0,341480064.0
2015-05-12,70.66,71.63,71.15,69.93,42598068.0,247244912.0
2015-05-11,68.47,70.54,70.54,67.37,50609428.0,287718304.0
2015-05-08,67.25,67.86,67.86,65.79,49071244.0,269999296.0
2015-05-07,69.2,70.05,66.64,65.54,47324316.0,261696976.0
2015-05-06,72.12,73.7,69.2,68.22,44151988.0,257853744.0
2015-05-05,76.02,76.02,71.88,71.76,54289088.0,328520960.0
2015-05-04,76.02,76.26,75.65,74.56,40521540.0,250969200.0
2015-04-30,76.87,76.99,75.9,74.8,51121368.0,317411200.0
2015-04-29,76.26,77.36,76.39,75.05,51175196.0,321167456.0
2015-04-28,78.09,78.21,75.78,74.56,58010240.0,361433888.0
2015-04-27,77.12,78.58,77.72,76.39,68921600.0,438880896.0
2015-04-24,75.41,78.58,77.12,74.19,73349848.0,457883904.0
2015-04-23,75.41,79.43,76.39,74.44,87166936.0,550866176.0
2015-04-22,73.58,75.9,75.41,72.73,76621064.0,471668224.0
2015-04-21,70.17,73.7,73.58,69.44,99632072.0,590908480.0
2015-04-20,69.69,72.73,72.12,67.61,89835120.0,514850752.0
2015-04-17,70.9,71.15,70.17,69.44,67221232.0,387952160.0
2015-04-16,69.69,71.51,70.42,68.22,58699648.0,337051648.0
2015-04-15,71.76,72.12,68.71,67.86,53881384.0,309493120.0
2015-04-14,69.08,73.95,71.76,68.47,82490864.0,487888512.0
2015-04-13,67.98,69.81,69.32,67.13,59003196.0,332141824.0
2015-04-10,67.25,68.34,67.86,66.76,42854028.0,238294672.0
2015-04-09,68.95,69.08,66.52,64.32,68486600.0,373612736.0
2015-04-08,70.42,70.78,69.32,67.13,63148424.0,357966688.0
2015-04-07,69.08,70.78,70.42,68.47,62266840.0,356891424.0
2015-04-03,67.0,70.05,68.95,66.03,59136312.0,332595552.0
2015-04-02,66.27,68.83,67.61,65.54,67334728.0,372485696.0
2015-04-01,63.84,66.52,66.03,63.47,79564880.0,424684832.0
2015-03-31,63.96,65.18,64.32,62.62,65292672.0,342788384.0
2015-03-30,63.84,65.06,63.72,63.23,49523740.0,259064656.0
2015-03-27,62.38,63.47,63.35,61.89,36786040.0,189077808.0
2015-03-26,63.11,64.32,62.38,62.13,49836052.0,257138240.0
2015-03-25,65.18,65.18,63.72,62.86,54067540.0,283971968.0
2015-03-24,63.23,66.76,65.18,61.89,102897384.0,544521408.0
2015-03-23,59.57,63.59,63.23,59.57,65149548.0,332019264.0
2015-03-20,59.82,62.13,59.57,59.21,78194776.0,386977024.0
2015-03-19,57.02,60.06,59.7,56.53,82324816.0,397403776.0
2015-03-18,54.82,57.02,56.89,54.7,56059280.0,258555216.0
2015-03-17,54.94,55.92,55.06,54.21,51470716.0,232551232.0
2015-03-16,53.73,55.06,54.7,53.73,34770472.0,155677744.0
2015-03-13,53.36,53.85,53.6,52.75,22271684.0,97314240.0
2015-03-12,54.09,54.94,53.36,53.12,38600476.0,170647952.0
2015-03-11,53.24,55.8,54.46,52.38,55933368.0,247896624.0
2015-03-10,52.02,54.09,53.24,51.78,42187440.0,184535888.0
2015-03-09,51.17,52.38,52.38,50.19,31892064.0,134953824.0
2015-03-06,54.58,54.58,51.53,51.41,66301984.0,288129376.0
2015-03-05,51.17,53.24,52.75,50.56,63878136.0,270147488.0
2015-03-04,50.07,51.53,50.92,49.46,56353772.0,235000624.0
2015-03-03,48.85,50.92,50.31,48.73,61270520.0,252087696.0
2015-03-02,48.49,49.1,49.1,48.24,29188550.0,116920040.0
2015-02-27,48.24,48.61,48.24,47.88,19741532.0,78163944.0
2015-02-26,47.63,49.46,48.12,47.63,30410196.0,120079888.0
2015-02-25,47.39,47.88,47.51,47.02,12440184.0,48427464.0
2015-02-17,47.39,47.88,47.51,46.9,14302800.0,55467428.0
2015-02-16,46.54,47.39,47.39,46.29,16123308.0,62190660.0
2015-02-13,45.69,46.9,46.54,45.44,16437018.0,62590536.0
2015-02-12,44.95,45.56,45.44,44.95,9116708.0,33908836.0
2015-02-11,44.59,45.08,44.95,44.47,9492372.0,34871688.0
2015-02-10,44.34,44.83,44.71,43.61,14819353.0,53696232.0
2015-02-09,44.22,44.71,44.34,44.1,9541665.0,34771672.0
2015-02-06,45.32,45.56,44.47,44.22,12232359.0,45007356.0
2015-02-05,46.17,46.42,45.44,45.44,10953156.0,41228440.0
2015-02-04,46.42,46.66,45.81,45.81,12754918.0,48439804.0
2015-02-03,46.17,46.54,46.42,45.81,10053729.0,38128976.0
2015-02-02,46.17,46.29,45.93,45.56,14273252.0,53779760.0
2015-01-30,47.27,47.76,46.78,46.66,14139863.0,54746244.0
2015-01-29,47.39,47.76,47.39,47.15,12969636.0,50492300.0
2015-01-28,47.76,48.24,47.88,47.27,17219432.0,67566384.0
2015-01-27,47.39,48.12,47.76,46.9,25588164.0,99950080.0
2015-01-26,46.54,47.51,47.39,46.29,18900672.0,73051616.0
2015-01-23,47.02,47.02,46.54,46.29,15930276.0,60966580.0
2015-01-22,46.54,47.15,47.02,46.42,15077056.0,58062832.0
2015-01-21,45.69,46.78,46.78,45.44,18546196.0,70357064.0
2015-01-20,44.22,45.93,45.56,44.22,19172096.0,71209152.0
2015-01-19,47.15,47.15,44.34,43.49,31027466.0,115666400.0
2015-01-16,47.63,47.88,47.63,47.15,16396310.0,63946148.0
2015-01-15,47.02,47.63,47.63,46.54,16651988.0,64395600.0
2015-01-14,48.37,48.37,47.02,46.66,20650666.0,80579384.0
2015-01-13,48.12,48.49,48.37,47.88,12315839.0,48689696.0
2015-01-12,48.97,49.7,48.12,47.88,25844992.0,102644904.0
2015-01-09,49.34,50.19,49.22,48.85,27155930.0,110671784.0
2015-01-08,50.44,50.68,49.46,49.22,28026636.0,114439664.0
2015-01-07,51.17,51.17,50.68,50.19,31236684.0,129995360.0
2015-01-06,50.19,51.41,51.29,49.95,53648936.0,223441312.0
2015-01-05,49.7,50.8,50.56,49.22,48781160.0,200837040.0
2014-12-31,50.31,50.31,49.58,48.85,33845384.0,137706192.0
2014-12-30,48.24,50.19,50.07,47.88,51913208.0,210068544.0
2014-12-29,49.1,49.22,48.37,48.12,25545712.0,101715136.0
2014-12-26,49.58,49.7,49.22,48.85,23280376.0,93876120.0
2014-12-25,48.85,49.58,49.46,48.73,27133462.0,109466176.0
2014-12-24,47.76,49.22,48.73,47.63,26704156.0,106318960.0
2014-12-23,48.12,48.97,47.51,47.51,24924868.0,98774488.0
2014-12-22,49.22,50.19,48.24,47.88,40086032.0,160669536.0
2014-12-19,49.46,49.46,49.22,47.63,31674376.0,126542208.0
2014-12-18,49.95,50.19,49.34,49.1,30890848.0,125497120.0
2014-12-17,51.29,51.29,49.95,49.46,33430922.0,137858096.0
2014-12-16,50.92,51.65,51.29,50.56,34385276.0,144458624.0
2014-12-15,50.07,51.05,50.92,49.58,34915132.0,144510784.0
2014-12-12,50.8,51.05,50.31,49.7,45416560.0,187524176.0
2014-12-11,48.12,51.78,50.92,47.88,87193488.0,357862272.0
2014-12-10,46.9,48.49,48.37,46.78,34573772.0,135465136.0
2014-12-09,47.51,49.95,47.27,46.9,63124576.0,249808336.0
2014-12-08,46.9,48.24,47.76,46.66,37325232.0,145281264.0
2014-12-05,49.58,49.58,47.27,46.29,51636700.0,202706496.0
2014-12-04,49.22,49.58,49.58,48.85,42888120.0,173535568.0
2014-12-03,48.49,49.7,49.34,48.24,50263216.0,201905440.0
2014-12-02,48.12,48.49,48.37,47.76,30968798.0,122558056.0
2014-12-01,47.51,49.34,48.12,47.02,52946152.0,209579888.0
2014-11-28,47.88,48.24,47.63,46.9,31426024.0,122594096.0
2014-11-27,48.12,48.49,47.88,47.39,30617624.0,120478776.0
2014-11-26,47.51,48.61,48.12,47.15,46551272.0,183172544.0
2014-11-25,47.63,47.76,47.51,47.02,26517784.0,103039264.0
2014-11-24,47.15,47.76,47.39,46.78,33035278.0,128356736.0
2014-11-21,46.29,47.02,46.78,46.17,19518564.0,74769304.0
2014-11-20,46.29,46.66,46.42,45.93,14551181.0,55406824.0
2014-11-19,46.17,46.66,46.42,45.93,18635032.0,70894624.0
2014-11-18,45.44,46.54,46.42,45.2,18427416.0,69270824.0
2014-11-17,45.56,45.93,45.56,45.08,11870091.0,44385768.0
2014-11-14,45.81,45.93,45.44,45.08,16477597.0,61481240.0
2014-11-13,46.66,46.9,46.05,45.44,22259060.0,84342152.0
2014-11-12,45.81,46.66,46.66,45.2,19239064.0,72635432.0
2014-11-11,47.15,47.76,46.05,45.44,33303888.0,127323152.0
2014-11-10,46.05,47.27,47.15,45.81,30688358.0,117776896.0
2014-11-07,46.9,47.27,45.56,45.2,28381940.0,107990336.0
2014-11-06,46.66,47.27,46.9,46.17,24089182.0,92421792.0
2014-11-05,47.63,48.73,46.66,46.54,42941828.0,167799104.0
2014-11-04,46.9,47.51,47.51,46.42,40677804.0,156899200.0
2014-11-03,45.93,46.9,46.54,45.69,32410080.0,123710944.0
2014-10-31,45.69,46.17,45.81,45.2,25795868.0,96720200.0
2014-10-30,45.32,46.54,45.69,45.08,29084130.0,109124496.0
2014-10-29,44.83,45.69,45.44,44.22,29357410.0,108532088.0
2014-10-28,44.22,44.95,44.83,43.98,21346312.0,78019144.0
2014-10-27,44.09,45.72,45.47,43.72,19762688.0,71065832.0
2014-10-24,43.97,44.59,44.22,43.72,12150145.0,42928548.0
2014-10-23,44.84,45.09,44.22,43.84,18262188.0,64770756.0
2014-10-22,46.34,46.59,45.22,44.84,18964006.0,69362048.0
2014-10-21,46.72,47.34,46.34,46.22,16362432.0,61263308.0
2014-10-20,46.22,46.97,46.59,46.22,16566196.0,61758700.0
2014-10-17,47.47,47.84,46.09,45.34,28854680.0,107328536.0
2014-10-16,48.72,48.97,47.72,47.59,25966864.0,100601384.0
2014-10-15,49.09,49.47,48.97,48.09,25599624.0,99929344.0
2014-10-14,47.72,49.72,49.34,47.47,48062032.0,186775104.0
2014-10-13,47.59,47.72,47.72,46.47,19474352.0,73510688.0
2014-10-10,48.47,48.59,47.97,47.34,24342176.0,93512704.0
2014-10-09,47.72,48.97,48.34,47.47,39024032.0,150330160.0
2014-10-08,47.09,47.84,47.59,46.47,29187622.0,110540976.0
2014-09-30,46.47,46.97,46.84,45.97,25985512.0,96741456.0
2014-09-29,45.84,46.47,46.34,45.59,22009090.0,81113344.0
2014-09-26,45.59,45.97,45.59,44.97,17143892.0,62394068.0
2014-09-25,46.09,46.72,45.59,45.34,24882790.0,91865512.0
2014-09-24,45.59,46.22,46.09,45.22,22383564.0,81974592.0
2014-09-23,44.84,45.59,45.47,44.72,16156983.0,58418800.0
2014-09-22,45.97,46.22,45.09,44.72,21356038.0,77468784.0
2014-09-19,46.59,47.34,46.34,45.72,22945424.0,85235664.0
2014-09-18,46.22,48.09,46.47,45.84,43704064.0,164216800.0
2014-09-17,44.47,46.47,46.34,43.72,48141708.0,175209376.0
2014-09-16,45.34,47.22,44.59,44.47,63420352.0,233274240.0
2014-09-15,44.84,45.59,45.34,44.59,37850628.0,136401888.0
2014-09-12,43.34,44.97,44.84,43.22,35114516.0,124792192.0
2014-09-11,43.59,44.22,43.47,43.1,22425798.0,78502496.0
2014-09-10,43.84,43.84,43.59,42.97,16422940.0,56990564.0
2014-09-09,43.72,44.22,43.84,43.47,17758620.0,62192536.0
2014-09-05,43.34,43.97,43.84,43.1,24708776.0,85999760.0
2014-09-04,43.22,43.47,43.34,42.97,14610119.0,50556412.0
2014-09-03,43.22,43.47,43.22,42.97,19727060.0,68202600.0
2014-09-02,42.1,43.34,43.22,41.97,21341252.0,73166640.0
2014-09-01,41.85,42.6,42.22,41.6,13497273.0,45642356.0
2014-08-29,41.72,42.35,42.1,41.6,7923509.0,26660564.0
2014-08-28,42.97,43.1,41.72,41.72,11432717.0,38575188.0
2014-08-27,41.6,43.22,42.72,41.47,23038538.0,78665784.0
2014-08-26,42.35,42.72,41.22,40.72,17010180.0,56792208.0
2014-08-25,43.1,43.1,42.47,42.35,10230972.0,34920056.0
2014-08-22,42.85,43.1,42.85,42.6,12664464.0,43424844.0
2014-08-21,43.47,43.59,43.1,42.47,18274464.0,62767024.0
2014-08-20,43.1,43.97,43.59,42.72,30895252.0,107668920.0
2014-08-19,43.47,43.47,43.1,42.6,20021692.0,68767856.0
2014-08-18,43.34,43.84,43.47,42.85,32550196.0,112659064.0
2014-08-15,43.22,43.84,43.59,42.47,52975324.0,183002336.0
2014-08-14,43.59,43.84,42.97,42.72,34628768.0,119624240.0
2014-08-13,44.34,44.72,43.97,42.72,49368660.0,172440496.0
2014-08-12,41.35,45.84,44.84,40.97,108404928.0,381626880.0
2014-08-11,39.6,42.22,41.72,39.6,52846584.0,173742944.0
2014-08-08,39.6,39.85,39.6,39.1,10687595.0,33779336.0
2014-08-07,40.22,40.6,39.47,39.47,16886452.0,54129940.0
2014-08-06,39.72,40.35,40.22,39.35,22078696.0,70711584.0
2014-08-05,39.35,39.85,39.85,39.1,18452238.0,58489664.0
2014-08-04,38.85,39.35,39.35,38.72,11339380.0,35475952.0
2014-08-01,39.35,39.47,38.85,38.72,16306793.0,51114184.0
2014-07-31,38.97,39.85,39.6,38.72,17473580.0,55035856.0
2014-07-30,39.22,39.35,38.97,38.6,11823996.0,36840024.0
2014-07-29,38.97,39.35,39.22,38.97,10944939.0,34296980.0
2014-07-28,38.6,39.22,38.97,38.6,14532663.0,45347180.0
2014-07-25,38.6,38.72,38.6,38.22,7638201.0,23516812.0
2014-07-24,38.22,38.72,38.6,38.1,8834303.0,27155228.0
2014-07-23,38.1,39.1,38.35,37.97,13329563.0,41159448.0
2014-07-22,37.97,38.22,38.22,37.72,6979016.0,21266208.0
2014-07-21,37.85,37.97,37.97,37.6,4152303.0,12568738.0
2014-07-18,37.6,37.97,37.85,37.47,4185999.0,12662601.0
2014-07-17,37.97,38.1,37.6,37.47,5597698.0,16933488.0
2014-07-16,38.1,38.35,38.1,37.85,9416338.0,28705608.0
2014-07-15,37.47,39.35,38.35,37.35,20653968.0,63477024.0
2014-07-14,37.1,37.72,37.47,36.98,6904404.0,20725710.0
2014-07-11,36.73,37.23,37.23,36.6,6636125.0,19680764.0
2014-07-10,36.6,36.98,36.85,36.48,5612709.0,16524167.0
2014-07-09,37.1,37.23,36.73,36.6,5003365.0,14767309.0
2014-07-08,37.23,37.23,37.23,36.85,5547982.0,16439369.0
2014-07-07,37.23,37.35,37.1,36.85,4291173.0,12733414.0
2014-07-04,37.72,37.85,37.1,37.1,5650079.0,16885078.0
2014-07-03,37.23,37.85,37.6,36.98,11073627.0,33288840.0
2014-07-02,36.98,37.35,37.35,36.73,10622947.0,31494538.0
2014-07-01,36.6,38.35,37.47,36.23,19436416.0,58267632.0
2014-06-30,36.1,36.6,36.48,35.98,7225751.0,21004648.0
2014-06-27,35.73,36.35,36.1,35.48,7355153.0,21214316.0
2014-06-26,35.35,35.85,35.73,35.35,5757213.0,16435724.0
2014-06-25,35.6,35.6,35.35,35.23,3213665.0,9102404.0
2014-06-24,35.35,35.73,35.73,35.23,3094821.0,8814203.0
2014-06-23,35.48,35.73,35.48,35.35,4271454.0,12156843.0
2014-06-20,35.35,35.48,35.48,34.98,5011303.0,14152544.0
2014-06-19,36.6,36.73,35.48,35.23,10781781.0,30916800.0
2014-06-18,36.85,36.98,36.6,36.6,4447083.0,13092954.0
2014-06-17,37.1,37.1,36.98,36.85,4341737.0,12851944.0
2014-06-16,37.1,37.23,37.23,36.73,8293624.0,24553030.0
2014-06-13,36.85,37.35,37.1,36.73,7931744.0,23528068.0
2014-06-12,36.98,37.1,36.85,36.73,5189006.0,15314889.0
2014-06-11,37.23,37.23,36.98,36.85,4967760.0,14699518.0
2014-06-10,36.98,37.23,37.23,36.73,4046228.0,12003752.0
2014-06-09,36.85,37.1,36.98,36.73,3231405.0,9546241.0
2014-06-06,37.1,37.1,36.98,36.73,3336349.0,9856529.0
2014-06-05,36.73,37.1,37.1,36.73,3205644.0,9486705.0
2014-06-04,36.98,37.1,36.98,36.73,3938177.0,11622703.0
2014-06-03,37.23,37.23,36.98,36.98,3490398.0,10365136.0
2014-05-30,37.1,37.35,37.23,36.85,3534029.0,10504649.0
2014-05-29,37.47,37.47,37.1,36.98,3736395.0,11132571.0
2014-05-28,37.1,37.47,37.35,36.85,3962344.0,11783242.0
2014-05-27,37.47,37.47,37.1,37.1,3050040.0,9094784.0
2014-05-26,37.6,37.6,37.47,37.23,2755799.0,8256301.0
2014-05-23,37.1,37.47,37.35,36.98,2278319.0,6789663.0
2014-05-22,37.23,37.6,36.98,36.98,2670913.0,7984962.0
2014-05-21,36.98,37.23,37.23,36.48,2735929.0,8085200.0
2014-05-20,37.1,37.35,36.98,36.73,3309110.0,9811340.0
2014-05-19,37.35,37.35,36.98,36.85,2961061.0,8765839.0
2014-05-16,37.1,37.47,37.23,36.98,2073605.0,6174076.0
2014-05-15,37.97,37.97,37.1,37.1,3083936.0,9243876.0
2014-05-14,37.85,37.97,37.85,37.72,2685692.0,8142281.0
2014-05-13,38.1,38.22,37.85,37.72,4204911.0,12780353.0
2014-05-12,37.35,38.1,38.1,37.22,6482042.0,19560922.0
2014-05-09,37.35,37.35,36.98,36.73,4804862.0,14262684.0
2014-05-08,37.1,37.72,37.35,37.1,3156344.0,9467297.0
2014-05-07,37.85,37.85,37.23,36.98,4899840.0,14683128.0
2014-05-06,37.97,38.35,37.97,37.85,2337506.0,7121940.0
2014-05-05,37.47,38.1,38.1,37.35,4386013.0,13300999.0
2014-04-30,37.47,37.6,37.47,37.22,4995702.0,14978239.0
2014-04-29,37.22,37.47,37.47,36.98,4632484.0,13810785.0
2014-04-28,38.35,38.35,37.23,36.98,6444597.0,19342600.0
2014-04-25,38.47,38.97,38.35,38.35,5101114.0,15754310.0
2014-04-24,38.47,38.72,38.47,38.35,4220077.0,13026766.0
2014-04-23,38.6,38.85,38.47,38.22,3785761.0,11669603.0
2014-04-22,38.85,39.1,38.6,38.35,5784350.0,17899248.0
2014-04-21,39.6,39.72,38.85,38.85,7393239.0,23268042.0
2014-04-18,39.72,39.97,39.85,39.6,5131434.0,16313531.0
2014-04-17,39.97,40.1,39.97,39.47,5972711.0,19023188.0
2014-04-16,39.72,39.97,39.85,39.47,6977807.0,22188508.0
2014-04-15,40.22,40.22,39.72,39.6,7485563.0,23871780.0
2014-04-14,40.22,40.35,40.22,39.85,5570280.0,17858188.0
2014-04-11,40.35,40.47,40.35,39.85,7199757.0,23127572.0
2014-04-10,40.22,40.6,40.47,39.97,8328892.0,26872598.0
2014-04-09,40.22,40.47,40.47,39.97,9313585.0,29955278.0
2014-04-08,39.85,40.22,40.1,39.47,7903637.0,25278068.0
2014-04-04,39.97,39.97,39.97,39.35,7363945.0,23388344.0
2014-04-03,40.6,40.72,39.85,39.72,5095308.0,16364298.0
2014-04-02,40.1,40.85,40.6,39.85,6752723.0,21856496.0
2014-04-01,39.6,39.97,39.97,39.47,4342399.0,13824399.0
2014-03-31,39.97,40.35,39.6,39.47,5460515.0,17392746.0
2014-03-28,40.47,40.85,39.97,39.97,7337573.0,23743980.0
2014-03-27,40.6,40.97,40.47,40.22,8274111.0,26880306.0
2014-03-26,40.6,41.35,40.72,40.47,10377947.0,33972880.0
2014-03-25,40.85,41.35,40.47,39.97,12237524.0,39788796.0
2014-03-24,40.35,40.97,40.85,40.35,11105704.0,36178016.0
2014-03-21,39.47,40.47,40.35,39.1,10745377.0,34395048.0
2014-03-20,39.72,40.35,39.6,39.47,9234541.0,29541838.0
2014-03-19,39.6,39.97,39.85,38.97,6578664.0,20763256.0
2014-03-18,39.72,40.47,39.72,39.35,7925601.0,25313054.0
2014-03-17,38.97,40.22,39.72,38.97,8452172.0,26765356.0
2014-03-14,39.35,39.47,38.97,38.85,4033204.0,12628776.0
2014-03-13,39.22,39.85,39.47,39.1,6251789.0,19739648.0
2014-03-12,38.6,39.22,39.22,38.47,5892374.0,18348972.0
2014-03-11,38.6,39.35,38.72,38.35,6800251.0,21150668.0
2014-03-10,40.35,40.35,38.6,38.47,9926996.0,31213924.0
2014-03-07,41.1,41.6,40.47,40.35,8825794.0,28867164.0
2014-03-06,40.72,41.22,41.1,40.22,11189294.0,36461132.0
2014-03-05,39.85,42.35,40.85,39.72,23613044.0,78043824.0
2014-03-04,39.6,39.97,39.85,39.22,7496703.0,23775852.0
2014-03-03,39.35,40.1,39.97,39.1,9113422.0,28985960.0
2014-02-28,39.1,39.47,39.35,38.6,7933572.0,24817216.0
2014-02-27,39.35,40.1,39.1,38.97,10055754.0,31762386.0
2014-02-26,39.35,39.6,39.35,38.22,10946442.0,34153044.0
2014-02-25,40.97,41.35,39.35,39.1,12084836.0,39174980.0
2014-02-24,40.85,41.85,41.1,40.47,9774651.0,32227674.0
2014-02-21,41.97,42.22,41.1,40.72,13858464.0,45863544.0
2014-02-20,42.6,42.85,42.1,41.85,18413548.0,62337300.0
2014-02-19,42.35,42.97,42.47,41.97,18615250.0,63323512.0
2014-02-18,42.97,42.97,42.47,41.97,16188833.0,54706804.0
2014-02-17,42.6,43.22,42.97,41.6,27691210.0,94127128.0
2014-02-14,42.47,42.72,42.6,41.97,20914556.0,71026896.0
2014-02-13,44.22,44.22,42.1,41.97,65681688.0,226308400.0
2014-02-12,39.47,43.47,43.47,39.35,55843008.0,191206224.0
2014-02-11,39.47,39.6,39.47,39.1,9665143.0,30460968.0
2014-02-10,38.85,39.6,39.47,38.72,8937545.0,28141546.0
2014-02-07,38.85,38.97,38.85,38.47,6618100.0,20508332.0
2014-01-30,38.97,39.35,38.97,38.47,5566545.0,17326720.0
2014-01-29,38.35,39.72,38.97,38.35,10319704.0,32325930.0
2014-01-28,38.1,38.22,38.1,37.85,3684821.0,11207838.0
2014-01-27,38.1,38.47,37.97,37.85,7106221.0,21717376.0
2014-01-24,38.1,38.6,38.35,37.85,7141399.0,21848830.0
2014-01-23,38.1,38.47,38.22,37.85,5435065.0,16589591.0
2014-01-22,37.97,38.1,38.1,37.6,9124580.0,27689488.0
2014-01-21,36.98,37.97,37.47,36.73,4502862.0,13515207.0
2014-01-20,36.85,37.1,36.98,36.48,3909224.0,11517566.0
2014-01-17,37.47,37.47,36.98,36.73,3870432.0,11446762.0
2014-01-16,37.6,37.97,37.47,37.35,3840591.0,11580762.0
2014-01-15,37.72,37.85,37.6,37.22,2661472.0,7985842.0
2014-01-14,36.73,37.85,37.85,36.73,4792802.0,14348577.0
2014-01-13,36.6,37.22,36.73,36.48,2906693.0,8550560.0
2014-01-10,37.35,37.47,36.6,36.48,4722684.0,13911227.0
2014-01-09,37.47,37.85,37.35,37.22,6242890.0,18764712.0
2014-01-08,37.6,38.1,37.47,37.35,4793307.0,14445036.0
2014-01-07,37.85,37.97,37.6,37.35,5544767.0,16704230.0
2014-01-06,39.22,39.22,37.85,37.72,7650407.0,23387000.0
2014-01-03,39.6,39.6,39.22,38.97,5656466.0,17737802.0
2014-01-02,39.22,39.72,39.72,39.1,5444301.0,17196242.0
2013-12-31,39.47,39.72,39.47,39.1,6065074.0,19137484.0
2013-12-30,39.6,39.85,39.47,39.22,5313989.0,16774471.0
2013-12-27,39.6,39.85,39.72,38.97,9065962.0,28625892.0
2013-12-26,40.1,40.22,39.47,39.35,6535786.0,20750484.0
2013-12-25,39.97,40.35,40.22,39.47,4914961.0,15681659.0
2013-12-24,40.22,40.35,39.72,39.47,3578623.0,11438975.0
2013-12-23,40.1,40.35,39.97,39.47,3433777.0,10949896.0
2013-12-20,40.72,40.85,39.97,39.72,5552301.0,17830112.0
2013-12-19,40.72,41.35,40.72,40.6,4567951.0,14968202.0
2013-12-18,40.97,41.1,40.72,40.6,3665859.0,11984713.0
2013-12-17,41.1,41.22,40.85,40.85,4127971.0,13548407.0
2013-12-16,41.72,41.97,41.22,40.97,8049854.0,26691128.0
2013-12-13,41.47,42.1,42.1,41.47,6143448.0,20526892.0
2013-12-12,41.47,41.85,41.6,41.22,4006896.0,13332022.0
2013-12-11,42.1,42.1,41.47,41.35,7055552.0,23551016.0
2013-12-10,42.1,42.47,42.22,41.6,8461110.0,28456252.0
2013-12-09,41.97,42.35,41.97,41.85,7335651.0,24702998.0
2013-12-06,41.85,42.22,41.97,41.6,5679924.0,19017596.0
2013-12-05,41.47,42.1,41.97,41.35,9937134.0,33285956.0
2013-12-04,40.85,41.97,41.47,40.6,9366843.0,31097182.0
2013-12-03,39.97,40.97,40.97,39.97,6876420.0,22296336.0
2013-12-02,41.47,41.85,40.1,39.6,13489998.0,44004992.0
2013-11-29,42.1,42.22,42.1,41.72,9568798.0,32180444.0
2013-11-28,41.85,42.47,42.1,41.85,11402140.0,38470448.0
2013-11-27,41.85,42.1,41.97,41.47,7118580.0,23834764.0
2013-11-26,41.97,42.1,41.85,41.6,6444833.0,21567600.0
2013-11-25,41.97,42.6,41.97,41.72,6115846.0,20645364.0
2013-11-22,42.35,42.47,42.1,41.85,6847860.0,23118694.0
2013-11-21,42.35,42.97,42.47,42.1,11628861.0,39575148.0
2013-11-20,41.97,42.22,42.22,41.6,7031630.0,23649536.0
2013-11-19,42.22,42.35,41.97,41.72,10207824.0,34333488.0
2013-11-18,42.47,43.22,42.35,41.85,18347100.0,62090412.0
2013-11-15,40.35,41.6,41.35,40.22,15354342.0,50666464.0
2013-11-14,39.85,40.6,40.47,39.47,7130643.0,22853178.0
2013-11-13,40.6,40.6,39.72,39.72,6080205.0,19570588.0
2013-11-12,40.35,40.72,40.72,40.1,6158959.0,19938420.0
2013-11-11,39.97,40.47,40.35,39.72,5658123.0,18185158.0
2013-11-08,40.6,40.72,39.97,39.85,7266791.0,23416092.0
2013-11-07,41.22,41.22,40.6,40.6,7906859.0,25845960.0
2013-11-06,41.97,42.1,41.35,41.22,10733216.0,35769128.0
2013-11-05,41.85,42.1,42.1,41.1,8715257.0,28991208.0
2013-11-04,42.35,42.35,41.97,41.85,5971235.0,20118052.0
2013-11-01,42.6,42.6,42.1,41.72,7480759.0,25167610.0
2013-10-31,42.47,43.22,42.6,41.97,8588887.0,29235060.0
2013-10-30,41.85,42.85,42.85,41.6,8338240.0,28330824.0
2013-10-29,42.97,43.47,41.85,40.85,12328447.0,41374160.0
2013-10-28,43.34,43.59,42.85,42.6,7818308.0,26835336.0
2013-10-25,44.22,44.59,43.34,42.97,13850252.0,48418088.0
2013-10-24,44.09,44.72,44.22,43.84,11256707.0,39864560.0
2013-10-23,45.84,46.47,43.97,43.97,21124316.0,76308504.0
2013-10-22,46.22,47.09,45.72,45.72,24241612.0,89817624.0
2013-10-21,45.97,46.47,46.22,45.34,26731848.0,98493928.0
2013-10-18,44.97,46.09,45.97,44.72,22428192.0,82059984.0
2013-10-17,44.47,45.59,44.97,44.47,15775894.0,56958884.0
2013-10-16,45.22,45.97,44.47,44.22,21953532.0,79454576.0
2013-10-15,45.59,45.84,45.09,44.72,18215124.0,65962044.0
2013-10-14,45.22,46.84,45.97,44.97,26629752.0,97482032.0
2013-10-11,44.84,45.09,44.97,44.47,13488408.0,48430436.0
2013-10-10,44.72,45.34,44.47,44.22,13266995.0,47521600.0
2013-10-09,44.47,44.97,44.72,44.22,10692520.0,38128104.0
2013-10-08,43.59,45.09,44.72,43.1,15264736.0,54219616.0
2013-09-30,43.59,44.22,43.72,43.1,7532864.0,26326132.0
2013-09-27,43.34,43.84,43.34,43.22,6675260.0,23242664.0
2013-09-26,44.47,44.47,43.22,43.09,10308116.0,35981040.0
2013-09-25,45.47,45.84,44.47,44.34,13510018.0,48747176.0
2013-09-24,44.34,45.72,45.47,44.22,18859100.0,68090544.0
2013-09-23,43.97,44.59,44.59,43.72,10337763.0,36642940.0
2013-09-18,43.72,44.22,43.97,43.22,9086182.0,31805172.0
2013-09-17,45.22,45.34,43.72,43.59,11069763.0,39397404.0
2013-09-16,44.97,45.47,45.09,44.72,9911619.0,35757360.0
2013-09-13,45.84,45.84,44.97,44.72,15785332.0,57031276.0
2013-09-12,46.47,46.47,45.84,45.47,20992816.0,77000016.0
2013-09-11,45.47,46.72,46.47,45.34,31606372.0,116627360.0
2013-09-10,45.09,45.59,45.59,44.47,22964186.0,82935640.0
2013-09-09,44.84,45.34,45.09,44.59,17553276.0,63058664.0
2013-09-06,44.47,44.97,44.84,44.09,18058596.0,64448784.0
2013-09-05,43.59,46.34,44.97,43.47,36567240.0,132320576.0
2013-09-04,44.34,44.47,43.72,43.59,11664203.0,41034440.0
2013-09-03,43.84,44.34,44.34,43.47,11770925.0,41577596.0
2013-09-02,43.59,43.84,43.84,42.97,9863904.0,34298232.0
2013-08-30,43.34,43.72,43.22,42.97,11263436.0,39082552.0
2013-08-29,43.72,43.72,43.34,42.72,11071985.0,38346692.0
2013-08-28,44.09,44.22,43.72,43.47,10692155.0,37486176.0
2013-08-27,43.97,44.47,44.34,43.47,11950371.0,41996652.0
2013-08-26,43.34,44.09,43.97,43.1,10851081.0,37959728.0
2013-08-23,43.97,44.22,43.34,42.47,14027783.0,48703280.0
2013-08-22,44.59,44.59,44.09,43.72,9540338.0,33685348.0
2013-08-21,45.22,45.22,44.47,44.09,10466121.0,37302992.0
2013-08-20,43.72,44.84,44.72,43.47,20260816.0,72139840.0
2013-08-19,43.47,43.97,43.84,42.97,10384013.0,36197980.0
2013-08-16,43.59,45.09,43.72,43.34,12890250.0,45508320.0
2013-08-15,44.09,45.09,44.22,44.09,13133529.0,46787776.0
2013-08-14,45.34,45.34,44.09,43.84,20424560.0,72921560.0
2013-08-13,45.59,45.84,45.22,44.59,21478088.0,77667056.0
2013-08-12,45.72,49.72,45.97,44.97,64071648.0,236924064.0
2013-08-09,43.22,46.47,45.47,42.6,42421124.0,149385568.0
2013-08-08,42.22,43.1,43.1,41.72,28825412.0,98039944.0
2013-08-07,41.85,42.35,42.35,41.47,16896922.0,56804072.0
2013-08-06,41.35,41.97,41.85,41.22,13542697.0,45206096.0
2013-08-05,41.1,41.47,41.35,40.72,10475499.0,34509588.0
2013-08-02,41.6,41.97,41.1,40.97,11017226.0,36383184.0
2013-08-01,40.6,41.47,41.35,40.35,9509288.0,31181894.0
2013-07-31,40.6,41.22,40.6,40.35,7533577.0,24627404.0
2013-07-30,41.22,41.6,40.6,39.72,8465332.0,27480694.0
2013-07-29,42.35,42.97,41.22,41.1,15429441.0,51801668.0
2013-07-26,40.85,42.1,41.6,40.72,16377709.0,54533764.0
2013-07-25,40.6,41.47,40.97,40.22,14669847.0,47948248.0
2013-07-24,40.6,41.35,40.6,40.1,10111567.0,32914160.0
2013-07-23,40.1,40.97,40.85,39.97,11167514.0,36362144.0
2013-07-22,39.6,40.22,40.22,39.1,5628574.0,17909788.0
2013-07-19,40.6,41.1,39.6,39.47,9173658.0,29592880.0
2013-07-18,41.47,41.6,40.47,40.35,7854529.0,25630964.0
2013-07-17,42.35,42.47,41.35,41.22,11226427.0,37636296.0
2013-07-16,42.35,43.59,42.47,42.1,22354996.0,76141424.0
2013-07-15,40.97,42.6,41.85,40.97,12472453.0,41771272.0
2013-07-12,42.35,42.35,41.1,40.97,13477230.0,44935872.0
2013-07-11,40.85,42.47,42.35,40.22,16568139.0,55355928.0
2013-07-10,39.72,40.85,40.85,39.47,6096621.0,19653050.0
2013-07-09,39.97,40.35,39.6,39.35,5443710.0,17353212.0
2013-07-08,42.22,42.22,39.72,39.6,8593727.0,27847892.0
2013-07-05,42.47,43.1,42.35,42.22,7449076.0,25469444.0
2013-07-04,42.22,43.1,42.72,41.72,9720131.0,33015052.0
2013-07-03,41.85,42.72,42.6,40.47,10981687.0,36837656.0
2013-07-02,41.85,41.97,41.85,41.22,6574848.0,21853858.0
2013-07-01,41.47,42.1,41.6,40.97,6078740.0,20217106.0
2013-06-28,41.47,42.47,41.47,40.97,8663993.0,28980060.0
2013-06-27,42.85,43.59,41.72,41.47,9384097.0,32011604.0
2013-06-26,42.6,43.22,42.85,41.6,8290243.0,28206136.0
2013-06-25,41.22,42.97,42.72,38.72,12867778.0,42503324.0
2013-06-24,45.34,46.34,42.35,40.72,15429802.0,54170824.0
2013-06-21,41.97,43.72,43.47,41.97,8117890.0,27981412.0
2013-06-20,45.59,45.59,44.09,43.84,7786157.0,27797528.0
2013-06-19,46.47,46.47,45.72,44.59,8245793.0,29884506.0
2013-06-18,46.47,47.22,46.47,46.34,7138308.0,26685644.0
2013-06-17,45.84,47.09,46.47,45.84,10199513.0,37977448.0
2013-06-14,45.47,45.84,45.72,44.97,5357576.0,19524804.0
2013-06-13,46.09,46.09,45.09,43.84,7733627.0,27793900.0
2013-06-07,47.47,47.84,46.47,45.97,10159191.0,38055352.0
2013-06-06,48.34,48.34,47.22,47.22,11186238.0,42743920.0
2013-06-05,48.09,49.09,48.72,47.72,10870217.0,42005416.0
2013-06-04,50.22,50.22,48.34,48.09,17293062.0,67660688.0
2013-06-03,49.72,50.72,49.97,49.47,16653850.0,66536064.0
2013-05-31,51.22,51.47,50.09,49.97,16506209.0,66862380.0
2013-05-30,50.97,51.59,51.09,50.59,19491716.0,79761792.0
2013-05-29,51.09,51.47,51.09,50.59,20800032.0,84761440.0
2013-05-28,49.72,51.84,51.22,49.59,45589024.0,186078992.0
2013-05-27,49.84,50.47,49.72,49.22,14958052.0,59505284.0
2013-05-24,49.09,50.22,49.97,48.59,20121594.0,79720840.0
2013-05-23,50.47,50.97,49.09,48.22,32994624.0,131634792.0
2013-05-22,52.21,52.96,51.09,50.97,31733602.0,132387848.0
2013-05-21,50.97,51.97,51.97,50.84,35985408.0,148634048.0
2013-05-20,50.22,51.47,50.47,50.09,24077132.0,97640920.0
2013-05-17,50.34,50.97,50.09,49.97,21636988.0,87130416.0
2013-05-16,49.72,50.09,49.97,48.72,23216006.0,91929008.0
2013-05-15,49.97,50.34,50.09,49.34,16953868.0,67733568.0
2013-05-14,48.84,50.97,50.34,47.72,36181508.0,143632048.0
2013-05-13,48.09,49.09,48.72,47.97,16938228.0,65873920.0
2013-05-10,47.47,48.09,48.09,46.84,12988538.0,49373480.0
2013-05-09,48.09,48.09,47.34,46.72,12295277.0,46483940.0
2013-05-08,47.59,48.22,48.09,47.34,13878036.0,53117064.0
2013-05-07,47.59,47.72,47.59,46.97,9639111.0,36499812.0
2013-05-06,46.22,47.97,47.59,46.22,14891059.0,56453020.0
2013-05-03,45.22,46.72,45.97,45.22,9747438.0,36106540.0
2013-05-02,45.34,46.34,45.59,44.97,6812171.0,24894968.0
2013-04-26,46.34,46.59,45.34,45.22,8958848.0,32949068.0
2013-04-25,46.84,46.97,45.84,45.47,12910232.0,47661064.0
2013-04-24,46.09,47.22,46.84,46.09,9913059.0,37071536.0
2013-04-23,48.97,49.34,46.22,46.09,19088240.0,71743816.0
2013-04-22,48.84,49.22,48.97,48.47,12603074.0,49174512.0
2013-04-19,47.97,49.59,49.47,47.97,19881372.0,77487448.0
2013-04-18,48.72,49.22,47.97,47.84,16097985.0,62382888.0
2013-04-17,49.34,49.97,49.22,48.59,13227337.0,51989028.0
2013-04-16,49.34,49.97,49.47,48.09,21918908.0,86311184.0
2013-04-15,48.47,50.97,50.09,47.84,53290128.0,212372112.0
2013-04-12,45.47,47.72,47.59,45.34,23592436.0,88984864.0
2013-04-11,45.59,46.72,45.84,45.59,9429940.0,34846512.0
2013-04-10,46.59,46.97,45.72,45.47,9479128.0,34951624.0
2013-04-09,44.22,46.72,45.97,44.22,12877245.0,47036676.0
2013-04-08,44.72,44.72,44.22,42.97,9765656.0,34301280.0
2013-04-03,46.84,46.97,45.22,45.09,9094895.0,33255098.0
2013-04-02,47.09,47.72,46.47,46.34,9679740.0,36545120.0
2013-04-01,46.09,47.47,46.84,45.34,10210026.0,38312864.0
2013-03-29,45.97,47.09,46.09,45.09,11267396.0,41487808.0
2013-03-28,47.97,47.97,45.59,45.47,16730609.0,62474712.0
2013-03-27,48.34,48.97,48.34,47.72,11362734.0,43961556.0
2013-03-26,48.97,49.09,48.22,47.84,11598042.0,44827976.0
2013-03-25,49.34,49.97,49.09,48.72,11809909.0,46503492.0
2013-03-22,50.59,50.97,49.59,49.34,15137000.0,60519152.0
2013-03-21,50.22,51.09,50.59,49.72,15907139.0,64363024.0
2013-03-20,48.72,50.34,49.97,48.72,15292479.0,60790596.0
2013-03-19,48.72,49.34,48.72,46.97,17939308.0,69036720.0
2013-03-18,50.09,51.09,48.97,48.72,13737141.0,54930524.0
2013-03-15,51.47,51.97,50.59,50.34,17408116.0,71082744.0
2013-03-14,50.09,52.21,51.22,49.47,23182814.0,95284984.0
2013-03-13,51.22,51.34,50.22,49.34,16541333.0,66679320.0
2013-03-12,52.34,52.59,50.84,50.34,20777902.0,85019456.0
2013-03-11,51.97,52.84,52.21,50.34,22730332.0,94081328.0
2013-03-08,52.84,53.34,52.09,51.34,27757716.0,116329976.0
2013-03-07,55.09,55.21,52.84,52.46,50061648.0,213434304.0
2013-03-06,57.09,58.59,55.21,55.09,83004784.0,375112320.0
2013-03-05,56.21,58.46,57.96,56.09,109321592.0,498479040.0
2013-03-04,53.84,59.21,58.09,52.34,118758976.0,524015520.0
2013-03-01,53.71,55.84,54.84,53.59,99729144.0,435934272.0
2013-02-28,50.09,55.46,55.34,49.97,109921560.0,471342720.0
2013-02-27,47.97,51.34,50.47,46.97,60835484.0,240929376.0
2013-02-26,50.34,50.59,47.97,47.84,28361282.0,112277752.0
2013-02-25,51.59,52.71,50.72,49.97,55405408.0,226751344.0
2013-02-22,50.72,52.71,51.84,50.09,63546924.0,262377168.0
2013-02-21,50.34,53.84,50.84,49.59,78675808.0,324012992.0
2013-02-20,52.09,53.71,51.47,50.09,92429904.0,382553600.0
2013-02-19,46.84,51.72,51.72,46.22,95456400.0,384089216.0
2013-02-18,46.22,47.72,46.97,45.59,19536018.0,73315968.0
2013-02-08,45.97,46.59,46.09,45.34,16579162.0,61235808.0
2013-02-07,44.59,46.22,45.84,44.22,29419324.0,106618136.0
2013-02-06,43.1,45.09,44.97,42.97,33534182.0,118789912.0
2013-02-05,42.22,43.34,43.1,41.72,13483267.0,45955408.0
2013-02-04,42.22,42.85,42.47,41.97,11677591.0,39726984.0
2013-02-01,41.97,42.47,42.22,41.72,9671319.0,32664316.0
2013-01-31,42.35,42.35,41.97,41.72,10597825.0,35564424.0
2013-01-30,42.6,42.72,42.47,41.85,16372551.0,55393196.0
2013-01-29,42.85,43.34,42.97,42.47,10459923.0,35923640.0
2013-01-28,41.97,42.85,42.85,41.85,10597597.0,36047148.0
2013-01-25,42.72,42.72,41.97,41.6,11254637.0,37923136.0
2013-01-24,43.97,44.59,42.6,42.47,17880798.0,62411268.0
2013-01-23,43.35,44.34,44.09,42.97,13504041.0,47150208.0
2013-01-22,44.72,44.72,43.47,43.22,14090966.0,49521068.0
2013-01-21,44.34,44.84,44.59,44.22,11116353.0,39625888.0
2013-01-18,43.97,44.84,44.72,43.59,13071374.0,46319692.0
2013-01-17,44.97,44.97,44.09,44.09,8971354.0,31897336.0
2013-01-16,45.09,46.72,45.09,43.84,29362308.0,106735328.0
2013-01-15,43.84,48.09,45.72,43.47,42145724.0,154880384.0
2013-01-14,42.47,43.97,43.72,42.47,15237079.0,52642472.0
2013-01-11,44.59,44.72,42.47,42.35,15650383.0,54357472.0
2013-01-10,44.22,45.09,44.59,43.84,15001717.0,53416880.0
2013-01-09,45.09,45.09,44.34,43.84,15200165.0,53885432.0
2013-01-08,44.97,45.59,45.09,43.84,17867088.0,64250208.0
2013-01-07,43.72,45.47,45.09,43.47,24150856.0,86521488.0
2013-01-04,43.34,45.34,44.22,42.47,27671694.0,97580456.0
2012-12-31,42.35,43.22,42.72,42.22,13398472.0,45927080.0
2012-12-28,42.1,43.1,42.47,41.35,17419240.0,58459680.0
2012-12-27,42.85,43.34,42.1,41.97,15816034.0,53787592.0
2012-12-26,42.85,43.22,42.97,42.1,20853436.0,71140048.0
2012-12-25,42.1,42.97,42.6,41.47,19859376.0,67548112.0
2012-12-24,41.47,42.22,42.22,40.97,9407470.0,31399094.0
2012-12-21,41.6,43.22,41.85,41.35,16446151.0,55605880.0
2012-12-20,41.35,43.47,41.85,41.22,22455960.0,75735376.0
2012-12-19,41.35,41.72,41.1,40.72,9399600.0,30980352.0
2012-12-18,41.72,41.85,41.47,40.72,20028896.0,66173580.0
2012-12-17,41.47,44.22,41.97,41.22,39273236.0,133000600.0
2012-12-14,37.72,41.6,41.6,37.72,32076288.0,104397240.0
2012-12-13,38.35,38.47,37.85,37.72,5341412.0,16245623.0
2012-12-12,38.85,38.85,38.6,37.72,7870530.0,24126360.0
2012-12-11,39.35,39.47,38.72,38.6,6634817.0,20695208.0
2012-12-10,38.1,39.72,39.47,38.1,10751039.0,33609124.0
2012-12-07,37.23,38.6,38.35,36.98,9172464.0,27978840.0
2012-12-06,37.85,38.22,37.35,37.23,6591043.0,19824392.0
2012-12-05,36.23,37.97,37.6,35.98,9321721.0,27793376.0
2012-12-04,35.85,36.35,36.1,34.73,5089241.0,14471201.0
2012-12-03,37.47,37.47,35.98,35.85,3193776.0,9443840.0
2012-11-30,36.98,37.48,37.23,36.6,3407372.0,10133803.0
2012-11-29,37.47,37.97,36.73,36.73,3602997.0,10758841.0
2012-11-28,38.47,38.72,37.48,36.98,4415537.0,13274243.0
2012-11-27,40.6,40.72,38.6,38.47,3857608.0,12177164.0
2012-11-26,40.6,40.97,40.72,40.47,2123175.0,6923864.0
2012-11-23,40.6,40.97,40.6,40.6,2097071.0,6833807.0
2012-11-22,40.97,41.1,40.6,40.35,3569007.0,11636985.0
2012-11-21,40.6,41.35,41.22,40.47,3753940.0,12272311.0
2012-11-20,40.97,41.35,40.72,40.72,3503109.0,11511478.0
2012-11-19,40.97,41.1,40.97,40.35,2710034.0,8834758.0
2012-11-16,40.97,40.97,40.97,40.22,3135531.0,10182276.0
2012-11-15,41.85,41.85,40.97,40.6,4317992.0,14237370.0
2012-11-14,41.97,42.1,41.85,41.47,3589312.0,11990895.0
2012-11-13,42.35,42.97,42.35,41.22,7442558.0,25015708.0
2012-11-12,42.85,43.22,42.47,41.85,5040840.0,17077428.0
2012-11-09,43.72,43.84,42.6,42.47,10081059.0,34624504.0
2012-11-08,44.34,45.97,43.97,43.84,19445388.0,70237648.0
2012-11-07,43.47,45.22,44.97,43.1,14970496.0,53256616.0
2012-11-06,44.09,44.34,43.35,42.85,6750642.0,23424056.0
2012-11-05,43.22,44.72,44.09,42.72,9537595.0,33423374.0
2012-11-02,43.22,43.72,43.35,42.72,5535828.0,19168606.0
2012-11-01,42.6,43.59,43.35,42.47,7603261.0,26271476.0
2012-10-31,43.1,43.59,42.72,41.97,9241810.0,31480316.0
2012-10-30,44.72,47.22,44.34,44.22,15494948.0,56048308.0
2012-10-29,43.84,44.09,43.35,42.97,4446857.0,15422531.0
2012-10-26,44.84,45.09,43.84,43.22,9854042.0,34611920.0
2012-10-25,44.84,46.09,44.97,44.59,21142164.0,76703888.0
2012-10-24,43.22,45.22,44.84,43.1,18731670.0,66767856.0
2012-10-23,43.84,44.34,43.35,43.22,5257217.0,18408994.0
2012-10-22,43.47,44.09,43.97,43.22,5894047.0,20655584.0
2012-10-19,43.22,44.22,43.84,43.1,7110019.0,24817860.0
2012-10-18,42.6,44.72,43.22,42.47,9162526.0,32010412.0
2012-10-17,42.35,43.22,42.6,41.72,5862290.0,19925240.0
2012-10-16,42.6,43.1,42.35,41.97,3568864.0,12148991.0
2012-10-15,42.97,43.1,42.22,41.97,4534908.0,15395125.0
2012-10-12,43.22,43.59,42.72,42.35,4195736.0,14402560.0
2012-10-11,43.47,44.09,42.97,42.85,6430181.0,22421990.0
2012-10-10,42.97,44.22,43.84,42.6,8536019.0,29830844.0
2012-10-09,42.1,43.35,43.1,41.85,6373048.0,21848602.0
2012-10-08,42.47,42.47,42.1,41.85,2882996.0,9709636.0
2012-09-28,41.72,42.72,42.22,41.22,5862018.0,19783642.0
2012-09-27,40.6,41.72,41.47,40.22,5727183.0,18849824.0
2012-09-26,41.35,41.6,40.47,40.35,3756220.0,12288117.0
2012-09-25,41.35,41.97,41.47,41.22,3807538.0,12674108.0
2012-09-24,41.85,42.22,41.85,40.85,5001755.0,16649073.0
2012-09-21,42.6,42.85,42.22,41.97,4924139.0,16719313.0
2012-09-20,43.59,43.59,41.97,41.85,7534528.0,25688952.0
2012-09-19,43.47,44.72,43.97,42.47,10405400.0,36413944.0
2012-09-18,43.35,45.47,43.72,42.85,10870177.0,38504116.0
2012-09-17,45.09,45.47,43.47,43.35,10595787.0,37728400.0
2012-09-14,44.09,46.22,45.84,43.1,17700906.0,63541316.0
2012-09-13,44.72,45.34,43.84,43.84,9642549.0,34519764.0
2012-09-12,43.97,45.34,44.72,43.84,12152086.0,43301172.0
2012-09-11,44.09,44.09,43.72,43.1,6528531.0,22720972.0
2012-09-10,43.72,44.47,44.22,43.47,9378149.0,33028310.0
2012-09-07,42.1,44.34,43.72,41.85,17185618.0,59550032.0
2012-09-06,41.1,41.85,41.85,40.97,7323178.0,24226566.0
2012-09-05,41.47,41.47,40.97,40.35,6355597.0,20814188.0
2012-09-04,42.47,42.47,41.47,41.35,5534695.0,18520700.0
2012-09-03,41.72,42.6,42.35,41.22,6983119.0,23523156.0
2012-08-31,43.22,43.72,42.1,41.22,10978736.0,37105088.0
2012-08-30,43.97,44.59,43.22,42.35,5028098.0,17484514.0
2012-08-29,45.34,45.59,44.59,44.34,3720706.0,13336301.0
2012-08-28,44.72,45.97,45.34,44.72,3976089.0,14440774.0
2012-08-27,45.59,46.59,45.09,44.72,5100125.0,18539944.0
2012-08-24,47.47,47.59,46.72,46.22,4440309.0,16681787.0
2012-08-23,47.47,47.97,47.84,46.84,6223939.0,23626384.0
2012-08-22,46.72,49.34,47.72,46.34,8893452.0,34010248.0
2012-08-21,46.09,47.09,47.09,45.72,4928150.0,18410436.0
2012-08-20,46.22,46.34,46.09,45.09,2686088.0,9836341.0
2012-08-17,46.22,46.59,46.34,45.84,2237469.0,8269673.0
2012-08-16,46.72,46.84,46.47,45.97,2719001.0,10099461.0
2012-08-15,47.47,47.47,46.97,46.34,4067820.0,15238541.0
2012-08-14,47.34,47.84,47.34,46.22,4704551.0,17688320.0
2012-08-13,48.59,48.59,47.34,46.97,4544154.0,17357644.0
2012-08-10,48.59,49.34,48.59,47.84,6599235.0,25618448.0
2012-08-09,47.47,48.59,48.47,46.72,7342477.0,28138520.0
2012-08-08,48.09,48.09,47.47,47.34,4801223.0,18301452.0
2012-08-07,47.09,48.22,48.09,47.09,7229238.0,27584080.0
2012-08-06,46.09,47.09,46.97,45.72,5312166.0,19747616.0
2012-08-03,45.34,46.09,45.97,45.09,4492999.0,16407017.0
2012-08-02,47.59,47.59,45.34,45.22,11131106.0,41033020.0
2012-08-01,47.47,48.34,48.09,47.47,3013117.0,11577420.0
2012-07-31,49.09,49.09,47.59,46.97,3982147.0,15237735.0
2012-07-30,50.09,50.22,49.09,48.72,4232755.0,16653849.0
2012-07-27,49.84,50.22,49.97,49.59,2872678.0,11453369.0
2012-07-26,49.84,50.72,49.84,49.47,3153422.0,12633371.0
2012-07-25,50.34,50.59,50.09,49.34,3311712.0,13262830.0
2012-07-24,49.34,51.59,50.59,49.09,6344759.0,25750260.0
2012-07-23,50.34,50.34,49.72,48.97,4277405.0,16964594.0
2012-07-20,50.97,51.22,50.59,50.22,6154059.0,24908844.0
2012-07-19,49.84,50.97,50.72,48.72,7533809.0,30340800.0
2012-07-18,49.84,49.97,49.72,48.47,5250943.0,20670394.0
2012-07-17,50.34,50.34,49.72,48.84,5384172.0,21266684.0
2012-07-16,51.52,51.77,50.03,49.9,4323722.0,17609616.0
2012-07-13,51.27,52.26,51.77,51.27,2980644.0,12466161.0
2012-07-12,51.64,52.01,51.89,50.65,4914380.0,20354584.0
2012-07-11,50.9,52.51,51.64,50.65,4788147.0,19922246.0
2012-07-10,51.52,51.52,50.9,49.65,6064400.0,24758318.0
2012-07-09,53.88,54.0,51.52,51.27,13069724.0,55047728.0
2012-07-06,54.37,54.62,53.88,53.5,10004245.0,43468796.0
2012-07-05,55.49,55.49,53.88,53.75,5307315.0,23178466.0
2012-07-04,55.98,56.23,55.61,55.24,3957305.0,17742520.0
2012-07-03,56.48,56.73,55.86,55.49,5432960.0,24591212.0
2012-07-02,55.86,56.73,56.36,55.49,9552812.0,43231824.0
2012-06-29,56.61,57.23,55.24,54.99,14882804.0,66852964.0
2012-06-28,58.34,58.84,56.98,56.85,4386199.0,20427456.0
2012-06-27,59.09,59.83,58.22,58.09,4492986.0,21299488.0
2012-06-26,59.71,60.08,59.21,58.59,7492923.0,35882916.0
2012-06-25,60.58,61.08,59.83,59.71,5055498.0,24655368.0
2012-06-21,62.07,62.32,60.7,60.33,5846995.0,28867960.0
2012-06-20,62.69,63.31,62.07,61.94,5762041.0,29014338.0
2012-06-19,63.31,63.56,62.69,61.94,8298500.0,41778960.0
2012-06-18,61.57,63.93,63.19,61.2,21127320.0,107185440.0
2012-06-15,60.58,61.57,61.08,60.58,7204360.0,35442024.0
2012-06-14,60.83,61.45,60.45,60.33,7493243.0,36785172.0
2012-06-13,60.08,60.95,60.83,59.96,4769390.0,23285296.0
2012-06-12,59.59,60.45,60.21,58.84,6533833.0,31612112.0
2012-06-11,58.84,59.83,59.59,58.34,3530880.0,16807220.0
2012-06-08,59.96,60.45,58.84,58.84,3268234.0,15616656.0
2012-06-07,59.46,61.08,59.09,59.09,5428116.0,26251644.0
2012-06-06,59.21,59.71,58.96,58.47,2623479.0,12459975.0
2012-06-05,59.21,59.96,59.09,58.1,3906717.0,18618258.0
2012-06-04,60.58,60.58,59.21,59.09,7801864.0,37515512.0
2012-06-01,61.82,62.69,61.32,60.83,6027245.0,29940072.0
2012-05-31,62.32,62.32,61.57,61.08,7142383.0,35443512.0
2012-05-30,61.82,62.94,62.56,61.57,18794464.0,94759520.0
2012-05-29,58.96,63.31,62.69,58.96,32161360.0,161003376.0
2012-05-28,57.1,58.72,58.72,56.23,5950151.0,27557788.0
2012-05-25,58.96,59.46,57.85,57.48,6724173.0,31538716.0
2012-05-24,58.96,60.7,59.21,58.47,8471086.0,40751704.0
2012-05-23,60.08,60.08,58.96,58.34,5147867.0,24518828.0
2012-05-22,58.84,60.21,59.83,58.84,5642175.0,26977708.0
2012-05-18,60.21,60.21,58.59,58.47,6979883.0,33360860.0
2012-05-17,59.96,60.58,60.45,59.46,6388479.0,30918684.0
2012-05-16,60.21,60.7,59.83,59.71,5486829.0,26600146.0
2012-05-15,59.83,59.96,59.96,59.09,4907355.0,23515170.0
2012-05-14,60.45,61.45,60.21,59.96,5924864.0,28931428.0
2012-05-11,60.58,61.08,59.71,59.46,6213534.0,30196970.0
2012-05-10,60.33,61.2,60.58,59.83,6834508.0,33360336.0
2012-05-09,61.32,61.32,60.45,60.33,8376136.0,40963360.0
2012-05-08,61.94,62.07,61.57,60.7,9701582.0,47924128.0
2012-05-07,62.44,62.94,62.07,61.2,11036198.0,55045884.0
2012-05-04,63.19,63.56,62.81,62.19,8892154.0,44952508.0
2012-05-03,63.56,63.81,63.06,62.69,8886658.0,45121708.0
2012-05-02,63.68,64.3,63.68,62.81,11686759.0,59751084.0
2012-04-27,64.43,64.43,63.06,62.56,14987358.0,76451104.0
2012-04-26,63.19,65.3,64.55,62.81,23117632.0,119978144.0
2012-04-25,62.07,63.56,62.94,61.57,13368351.0,67409328.0
2012-04-24,63.93,64.05,62.19,60.45,16852830.0,84344720.0
2012-04-23,64.18,65.17,63.81,63.56,13548317.0,69994128.0
2012-04-20,63.56,64.67,64.18,63.06,13524472.0,69742376.0
2012-04-19,63.93,64.67,63.81,63.06,11646728.0,59885956.0
2012-04-18,62.81,64.67,64.05,62.07,17980746.0,91986544.0
2012-04-17,63.06,63.81,62.81,62.44,11562874.0,58805776.0
2012-04-16,62.32,63.56,63.19,61.94,8698951.0,44046832.0
2012-04-13,63.19,63.68,62.94,62.44,13697309.0,69539168.0
2012-04-12,61.7,63.19,62.94,61.7,13360964.0,67404320.0
2012-04-11,60.83,62.56,61.7,60.21,9978613.0,49553828.0
2012-04-10,59.09,62.94,62.69,57.72,16639134.0,80793008.0
2012-04-09,62.07,64.3,60.83,60.7,19682568.0,99441128.0
2012-04-06,60.83,61.57,60.08,59.59,12714506.0,61930220.0
2012-04-05,58.1,61.45,60.7,58.1,9839917.0,47311768.0
2012-03-30,58.47,59.21,58.22,57.6,7124697.0,33451570.0
2012-03-29,60.58,60.7,58.47,58.09,9074518.0,43339828.0
2012-03-28,64.05,64.43,60.83,59.59,12427284.0,62074624.0
2012-03-27,64.8,65.17,64.43,64.18,8543632.0,44505928.0
2012-03-26,64.8,65.05,64.55,63.93,5381169.0,27914908.0
2012-03-23,65.79,65.79,64.67,64.3,9461942.0,49520760.0
2012-03-22,65.79,67.16,66.04,65.05,11883291.0,63353372.0
2012-03-21,65.42,66.91,65.92,64.8,15147900.0,80219208.0
2012-03-20,67.65,67.78,65.17,64.8,12853457.0,68424536.0
2012-03-19,66.91,67.65,67.53,66.04,11339233.0,61056840.0
2012-03-16,65.67,67.03,66.91,65.17,13164547.0,70255480.0
2012-03-15,68.28,69.27,65.67,64.67,20267836.0,108613600.0
2012-03-14,73.49,73.61,68.4,67.65,37989796.0,217343696.0
2012-03-13,70.76,75.47,73.61,70.51,43811056.0,257924928.0
2012-03-12,71.88,71.88,71.25,70.26,18901072.0,107925616.0
2012-03-09,72.5,72.99,71.63,70.39,28301606.0,162530480.0
2012-03-08,72.62,73.86,72.5,72.0,38429408.0,226003280.0
2012-03-07,70.26,72.99,72.5,69.52,38290448.0,220747536.0
2012-03-06,69.89,71.13,70.63,69.52,18270010.0,103669184.0
2012-03-05,71.25,71.63,70.26,69.89,20518340.0,116594032.0
2012-03-02,69.76,71.38,71.13,69.64,19496452.0,111091552.0
2012-03-01,69.52,70.51,69.89,69.27,12285910.0,69169664.0
2012-02-29,69.89,71.75,69.89,69.64,20195366.0,115129288.0
2012-02-28,69.76,70.63,70.14,69.14,19284912.0,108518048.0
2012-02-27,71.5,72.0,70.39,70.26,33912284.0,194657168.0
2012-02-24,71.25,71.63,71.38,69.76,34100936.0,194490928.0
2012-02-23,70.88,73.49,71.75,70.39,60844904.0,353257696.0
2012-02-22,70.26,71.38,71.13,69.52,43736428.0,248763584.0
2012-02-21,69.27,71.13,70.88,69.02,67548544.0,381513344.0
2012-02-20,64.43,70.01,70.01,63.93,87659992.0,485899072.0
2012-02-17,64.67,65.05,63.68,63.31,11624366.0,59892104.0
2012-02-16,64.67,65.54,64.55,63.68,15983847.0,83274272.0
2012-02-15,62.81,65.42,64.8,62.32,17459384.0,90366312.0
2012-02-14,62.94,63.68,62.94,62.69,7827854.0,39737824.0
2012-02-13,62.69,64.3,63.19,62.32,12743789.0,65023244.0
2012-02-10,63.06,64.43,63.68,62.56,14386271.0,73848656.0
2012-02-09,62.56,63.93,63.06,62.19,14697411.0,74829976.0
2012-02-08,61.32,63.06,62.56,60.58,10908263.0,54554792.0
2012-02-07,62.44,62.56,61.2,60.58,13342304.0,66066312.0
2012-02-06,60.33,63.81,63.43,60.21,23484754.0,118107792.0
2012-02-03,59.96,61.82,60.95,59.59,15260775.0,74881464.0
2012-02-02,58.72,59.46,59.21,58.09,7949525.0,37735152.0
2012-02-01,59.59,60.08,58.72,58.59,3577492.0,17103308.0
2012-01-31,59.71,59.96,59.46,58.59,4395955.0,20993464.0
2012-01-30,60.95,61.08,59.59,59.46,5341501.0,26027872.0
2012-01-20,60.58,60.83,60.7,59.96,5408766.0,26343048.0
2012-01-19,59.71,60.95,60.21,59.34,6725561.0,32655352.0
2012-01-18,60.83,61.45,59.59,59.21,9868400.0,47772320.0
2012-01-17,56.61,61.2,60.7,56.61,8538607.0,40922980.0
2012-01-16,57.35,58.34,57.35,56.23,4719663.0,21787580.0
2012-01-13,60.7,61.2,57.72,57.1,8407430.0,39820268.0
2012-01-12,59.83,62.19,60.7,59.71,9922250.0,48956976.0
2012-01-11,61.32,61.45,60.21,59.71,9114571.0,44451552.0
2012-01-10,58.34,62.44,61.2,57.72,11710347.0,56868520.0
2012-01-09,55.86,58.22,58.22,54.62,7631398.0,35136560.0
2012-01-06,55.74,56.23,55.86,53.01,8126650.0,35653524.0
2012-01-05,57.1,57.72,55.98,55.86,5622342.0,25575246.0
2012-01-04,60.45,60.45,57.1,56.85,4279455.0,20212956.0
