date,open,high,close,low,volume,amount
2015-07-10,81.65,89.67,89.43,80.56,171087056.0,3735705600.0
2015-07-09,74.11,81.53,81.53,71.86,114745224.0,2238891008.0
2015-07-08,74.11,80.69,74.11,73.75,187214176.0,3549337856.0
2015-07-07,81.81,82.61,81.93,77.88,156006128.0,3162959616.0
2015-07-06,85.42,85.46,83.29,78.96,151819520.0,3118138368.0
2015-07-03,80.2,83.21,77.76,74.59,92717088.0,1830320256.0
2015-07-02,82.65,84.58,80.28,78.2,93426920.0,1903213568.0
2015-07-01,84.78,87.74,81.53,81.37,95378344.0,2032611840.0
2015-06-30,79.2,86.22,86.02,78.12,120714320.0,2478543104.0
2015-06-29,83.81,83.81,79.2,74.43,131426544.0,2626744320.0
2015-06-26,87.22,87.62,81.33,79.92,140244112.0,2920134656.0
2015-06-25,93.64,94.24,88.78,88.62,99170992.0,2274842880.0
2015-06-24,94.48,94.64,93.72,91.23,98750584.0,2294057472.0
2015-06-23,91.23,93.76,93.0,86.18,96855024.0,2210395136.0
2015-06-19,97.33,97.33,90.51,88.26,123542224.0,2868388864.0
2015-06-18,102.12,102.44,96.98,96.67,103832672.0,2659216128.0
2015-06-17,102.48,103.57,103.02,97.8,116110120.0,2994289152.0
2015-06-16,109.14,110.23,102.71,101.66,192871488.0,5274948608.0
2015-06-15,107.54,112.06,110.35,105.83,270292416.0,7521805824.0
2015-06-12,105.83,107.04,106.41,104.46,142337280.0,3857764608.0
2015-06-11,105.2,107.0,105.83,103.3,183423552.0,4953442816.0
2015-06-10,105.05,108.6,105.98,104.46,227040208.0,6237018112.0
2015-06-09,105.56,109.14,107.11,101.62,196345072.0,5289011712.0
2015-06-08,104.46,106.37,105.52,103.1,232942272.0,6271306752.0
2015-06-05,99.32,104.97,104.58,98.23,241303872.0,6321100288.0
2015-06-04,100.49,100.57,98.42,92.97,106156360.0,2638636032.0
2015-06-03,101.35,102.94,100.49,99.47,100497272.0,2598014208.0
2015-06-02,102.52,102.98,101.97,99.4,111275568.0,2884714752.0
2015-06-01,107.54,107.89,103.33,100.14,170047696.0,4469011968.0
2015-05-29,97.41,102.05,99.67,94.64,165151984.0,4210195200.0
2015-05-28,102.09,104.74,97.76,97.06,178327216.0,4669745152.0
2015-05-27,99.71,103.22,102.71,97.45,139555312.0,3573555456.0
2015-05-26,105.24,105.24,99.71,99.05,144824864.0,3749147648.0
2015-05-25,95.03,97.76,97.37,94.33,110509192.0,2727649536.0
2015-05-22,93.28,95.27,95.11,92.65,104194936.0,2513006848.0
2015-05-21,91.72,93.28,92.54,90.74,80309520.0,1898802432.0
2015-05-20,91.83,93.75,91.37,91.13,90121008.0,2140700416.0
2015-05-19,90.0,91.95,91.8,89.42,67916208.0,1584665856.0
2015-05-18,89.18,90.98,89.96,88.95,44312312.0,1021161920.0
2015-05-15,90.55,91.41,90.35,88.64,53893520.0,1247346816.0
2015-05-14,91.56,91.95,90.47,90.12,41868388.0,976142528.0
2015-05-13,93.24,93.51,91.64,91.25,62429104.0,1477050752.0
2015-05-12,94.33,94.72,93.94,93.04,83526688.0,2011348608.0
2015-05-11,90.43,95.19,94.1,89.18,95073392.0,2242320128.0
2015-05-08,90.04,90.67,89.96,88.37,38667076.0,888040256.0
2015-05-07,89.46,91.13,88.95,88.48,41239528.0,947606080.0
2015-05-06,91.6,92.61,89.07,88.6,64130496.0,1492323072.0
2015-05-05,95.66,95.66,90.82,89.85,72441896.0,1727188992.0
2015-05-04,93.71,96.86,96.01,93.67,84188416.0,2058153600.0
2015-04-30,93.63,94.14,92.65,92.42,64369352.0,1539023616.0
2015-04-29,93.39,94.8,93.82,92.19,85022120.0,2037145728.0
2015-04-28,97.92,97.92,94.88,94.25,91070688.0,2237049344.0
2015-04-27,97.45,100.29,98.11,96.94,97789728.0,2467367424.0
2015-04-24,97.49,98.89,96.4,94.8,98189336.0,2443063296.0
2015-04-23,100.25,101.19,99.86,98.93,103510472.0,2658473984.0
2015-04-22,98.97,102.05,100.45,98.31,97588824.0,2506945024.0
2015-04-21,97.06,98.54,98.38,95.77,82679168.0,2064812672.0
2015-04-20,97.25,102.36,96.98,96.47,149617152.0,3776981248.0
2015-04-17,96.08,99.71,98.42,94.88,141375840.0,3509385984.0
2015-04-16,91.44,95.11,94.17,91.02,79541360.0,1903870080.0
2015-04-15,95.5,96.36,92.07,91.99,79852176.0,1925058688.0
2015-04-14,94.49,96.59,94.8,93.36,90328568.0,2194895872.0
2015-04-13,93.55,95.27,94.56,92.42,98776016.0,2375962368.0
2015-04-10,92.34,93.47,93.16,91.21,87829096.0,2088974720.0
2015-04-09,94.29,94.64,92.38,90.12,101665656.0,2397906432.0
2015-04-08,90.7,93.94,93.12,90.7,111592048.0,2643637760.0
2015-04-07,90.28,91.64,90.86,90.28,84614784.0,1972334976.0
2015-04-03,89.18,90.2,89.69,88.68,65358144.0,1498824704.0
2015-04-02,90.28,90.82,89.89,88.8,72253576.0,1659699456.0
2015-04-01,89.22,91.41,90.16,88.52,79709584.0,1834553600.0
2015-03-31,91.8,93.36,89.03,88.48,124036928.0,2895899392.0
2015-03-30,86.53,91.8,90.47,86.53,150380624.0,3445935872.0
2015-03-27,85.68,86.46,85.36,85.09,61584356.0,1354830336.0
2015-03-26,83.26,85.44,85.21,82.87,67472696.0,1460031232.0
2015-03-25,83.26,84.43,83.73,82.99,61247512.0,1313285376.0
2015-03-24,85.36,85.36,84.08,82.79,106015328.0,2289875200.0
2015-03-23,84.43,86.5,86.38,84.39,85271488.0,1869303296.0
2015-03-20,82.48,84.39,83.57,82.48,53913276.0,1155409920.0
2015-03-19,84.62,84.74,83.26,82.44,64142528.0,1370338304.0
2015-03-18,80.92,84.43,84.12,80.92,90936112.0,1939749120.0
2015-03-17,80.69,81.43,80.8,80.41,63547572.0,1317864704.0
2015-03-16,79.25,80.88,80.38,79.13,49469756.0,1016712576.0
2015-03-13,79.13,79.13,78.97,78.43,33413402.0,674987648.0
2015-03-12,77.69,79.09,78.66,77.57,50401684.0,1014626944.0
2015-03-11,77.02,77.8,76.63,76.48,30912838.0,611660160.0
2015-03-10,77.57,77.65,76.98,76.87,26749520.0,529921632.0
2015-03-09,75.74,77.8,77.69,75.23,33534110.0,658391616.0
2015-03-06,76.09,76.67,76.56,75.81,23201924.0,454430048.0
2015-03-05,77.76,78.0,76.28,75.66,40440824.0,794529472.0
2015-03-04,78.15,78.62,78.15,77.65,28984196.0,580732352.0
2015-03-03,80.3,80.3,77.88,77.57,40306088.0,814657472.0
2015-03-02,79.91,81.27,80.41,79.4,41179080.0,848992256.0
2015-02-27,79.79,80.06,79.25,78.93,34303720.0,699206336.0
2015-02-26,77.88,79.91,79.83,77.49,43507656.0,881373632.0
2015-02-25,79.05,79.13,77.72,77.37,26411188.0,528391168.0
2015-02-17,78.5,79.32,79.01,78.47,25021080.0,507337184.0
2015-02-16,78.08,78.31,78.15,77.61,18521668.0,370390880.0
2015-02-13,77.88,78.62,77.96,77.69,31083132.0,623696128.0
2015-02-12,77.41,77.92,77.61,76.87,14625997.0,290864064.0
2015-02-11,77.02,78.08,77.33,76.83,22653522.0,450223488.0
2015-02-10,75.03,77.06,76.87,74.8,25997644.0,507080352.0
2015-02-09,74.92,75.54,74.72,74.1,23819722.0,457918624.0
2015-02-06,76.44,77.53,75.07,74.76,27868052.0,543412032.0
2015-02-05,79.25,79.25,76.32,76.24,33082444.0,661070528.0
2015-02-04,77.8,78.78,77.37,77.18,32404330.0,649471552.0
2015-02-03,76.67,77.3,77.26,76.2,26139972.0,514610528.0
2015-02-02,76.24,77.1,75.81,75.66,27108680.0,529178112.0
2015-01-30,78.31,78.74,77.1,77.02,33370160.0,665112320.0
2015-01-29,78.08,78.7,78.0,77.1,39937932.0,798366592.0
2015-01-28,79.95,80.3,79.44,78.97,31559410.0,644985984.0
2015-01-27,81.58,82.17,80.61,79.36,48324984.0,1001432128.0
2015-01-26,81.0,81.58,81.54,80.06,37233400.0,771678784.0
2015-01-23,81.54,82.48,81.0,80.49,37732280.0,787050560.0
2015-01-22,80.73,81.97,81.27,80.69,39172048.0,817415680.0
2015-01-21,79.21,81.78,81.16,78.62,57506332.0,1185167104.0
2015-01-20,78.15,79.67,79.21,77.53,61814844.0,1249843584.0
2015-01-19,81.47,82.71,77.06,76.56,90415984.0,1841570048.0
2015-01-16,86.03,86.07,85.05,84.66,45060496.0,986235328.0
2015-01-15,85.01,85.79,85.75,82.75,55187544.0,1194658816.0
2015-01-14,86.53,88.25,85.52,85.21,46162864.0,1026678016.0
2015-01-13,86.61,87.7,86.3,85.75,44122392.0,982158208.0
2015-01-12,86.18,87.74,86.61,84.31,73916696.0,1628816256.0
2015-01-09,85.6,90.04,86.07,85.21,102431184.0,2318034688.0
2015-01-08,86.18,87.43,85.79,85.44,71238256.0,1578890112.0
2015-01-07,85.91,87.12,85.87,85.13,60798376.0,1341807616.0
2015-01-06,87.55,88.44,86.03,85.64,100587328.0,2240436736.0
2015-01-05,87.7,89.5,88.44,86.73,133935608.0,3035551232.0
2014-12-31,86.53,88.87,86.07,84.19,161885232.0,3591334912.0
2014-12-30,81.78,84.62,84.62,79.21,154871488.0,3283231232.0
2014-12-17,78.04,78.62,76.94,76.2,69341640.0,1375233280.0
2014-12-16,77.49,78.97,77.8,76.63,75164160.0,1494349440.0
2014-12-15,77.37,78.19,77.57,76.01,59848056.0,1181274240.0
2014-12-12,78.27,79.13,78.43,76.91,71538192.0,1434233856.0
2014-12-11,78.43,80.88,77.8,76.63,95630832.0,1925390336.0
2014-12-10,77.57,79.75,79.44,75.93,118655520.0,2377103616.0
2014-12-09,75.97,84.04,76.24,74.72,209463872.0,4266177536.0
2014-12-08,73.94,77.02,76.67,72.89,108016456.0,2085043328.0
2014-12-05,77.69,77.96,73.94,71.92,121710800.0,2332300032.0
2014-12-04,73.75,77.22,76.87,73.09,118082656.0,2268335616.0
2014-12-03,72.11,74.72,72.97,71.8,120993728.0,2281380096.0
2014-12-02,70.01,71.92,71.68,69.89,78651832.0,1431068288.0
2014-12-01,71.45,73.09,70.4,70.32,98406368.0,1808174720.0
2014-11-28,69.27,71.18,70.94,68.02,100815688.0,1804178560.0
2014-11-27,69.38,69.85,69.11,68.41,54271428.0,962815808.0
2014-11-26,69.07,69.62,68.95,68.29,36574324.0,646806400.0
2014-11-25,68.6,68.95,68.92,68.21,37649984.0,662301184.0
2014-11-24,67.86,69.34,68.99,67.86,74131296.0,1306211200.0
2014-11-21,65.8,67.04,66.89,65.72,32645416.0,555872640.0
2014-11-20,66.3,66.46,65.8,65.48,36658380.0,620034944.0
2014-11-19,66.89,67.24,66.54,66.34,25528668.0,436689024.0
2014-11-18,68.8,68.95,67.12,66.93,48960376.0,848091456.0
2014-11-17,72.5,72.66,68.72,68.64,70871328.0,1273113216.0
2014-11-14,69.5,70.55,70.51,69.19,61004576.0,1093646720.0
2014-11-13,69.62,70.24,69.73,68.64,56232820.0,1005052672.0
2014-11-12,68.45,69.58,69.54,68.02,41007176.0,726478208.0
2014-11-11,68.92,70.05,68.29,67.9,76756192.0,1361954560.0
2014-11-10,68.6,68.95,68.72,67.78,70866672.0,1244300288.0
2014-11-07,67.0,67.67,66.93,66.3,41114580.0,705749248.0
2014-11-06,66.38,66.89,66.77,65.91,20040936.0,340876320.0
2014-11-05,66.5,67.2,66.5,66.38,27407020.0,469524768.0
2014-11-04,66.46,66.65,66.15,65.72,28627368.0,485511904.0
2014-11-03,67.39,67.67,66.65,66.34,32681318.0,560705024.0
2014-10-31,66.07,67.32,67.16,65.8,47581888.0,812602880.0
2014-10-30,65.6,66.54,65.88,65.21,29974540.0,506734880.0
2014-10-29,64.7,65.68,65.6,64.43,29454292.0,492855904.0
2014-10-28,63.81,64.78,64.67,63.5,28975388.0,476365184.0
2014-10-27,64.44,64.44,64.08,63.26,21656370.0,352627008.0
2014-10-24,65.85,65.97,65.07,64.99,16994752.0,282911040.0
2014-10-23,66.48,66.72,65.73,65.58,20416464.0,343288480.0
2014-10-22,66.64,67.31,66.48,66.44,25767740.0,438241408.0
2014-10-21,66.75,67.27,66.48,66.09,26997140.0,458858624.0
2014-10-20,66.2,67.23,66.91,65.93,22840020.0,386822432.0
2014-10-17,66.44,66.75,66.17,65.19,27817078.0,466735648.0
2014-10-16,66.8,67.34,66.36,66.32,27893300.0,473586176.0
2014-10-15,66.05,67.46,67.34,66.01,37604620.0,640568960.0
2014-10-14,66.83,67.11,66.21,65.97,41481456.0,702639552.0
2014-10-13,67.5,67.5,67.15,66.44,29735380.0,507026976.0
2014-10-10,68.25,68.25,67.66,67.34,36737604.0,634026368.0
2014-10-09,68.25,68.8,68.56,68.05,34186980.0,595630592.0
2014-10-08,68.13,68.21,68.05,67.58,36542444.0,632040000.0
2014-09-30,67.89,68.17,67.46,67.38,30557456.0,525909920.0
2014-09-29,68.33,68.84,67.82,67.58,28822100.0,498807328.0
2014-09-26,67.5,68.17,67.89,67.19,16365758.0,282476608.0
2014-09-25,68.6,68.6,67.82,67.74,23238786.0,403542400.0
2014-09-24,67.19,68.17,68.01,67.03,26898712.0,463370688.0
2014-09-23,66.91,67.62,67.38,66.91,14427509.0,247205728.0
2014-09-22,68.6,68.6,66.99,66.87,21003764.0,360484160.0
2014-09-19,67.74,68.95,68.8,67.66,21387424.0,372236832.0
2014-09-18,67.89,68.05,67.66,67.38,18282516.0,315008928.0
2014-09-17,68.17,68.36,67.93,67.58,16574252.0,286597792.0
2014-09-16,69.39,69.62,67.97,67.78,26935776.0,471958400.0
2014-09-15,69.42,69.47,69.27,68.8,19303084.0,339546080.0
2014-09-12,69.23,69.7,69.54,68.92,15270407.0,269413984.0
2014-09-11,69.74,70.6,69.31,69.19,23402120.0,416152544.0
2014-09-10,70.6,70.6,69.7,69.5,26025260.0,462285280.0
2014-09-09,70.84,71.66,71.0,70.84,28711996.0,521182016.0
2014-09-05,70.41,71.23,70.72,69.97,31060032.0,558093440.0
2014-09-04,70.29,70.56,70.33,69.94,26846114.0,480047488.0
2014-09-03,69.7,70.21,70.05,69.5,24962878.0,444451552.0
2014-09-02,68.92,69.66,69.58,68.41,23110128.0,406623136.0
2014-09-01,67.93,69.03,68.84,67.86,16662377.0,290982848.0
2014-08-29,67.62,67.86,67.82,66.83,15145039.0,259818640.0
2014-08-28,68.21,68.33,67.27,67.23,16479316.0,283783008.0
2014-08-27,67.97,68.76,68.13,67.97,11242523.0,195536864.0
2014-08-26,68.44,69.19,68.05,67.81,16444510.0,286310304.0
2014-08-25,69.23,69.42,68.41,68.13,14024502.0,244879344.0
2014-08-22,68.92,69.31,69.07,68.76,20194388.0,354770080.0
2014-08-21,69.9,70.05,68.92,67.58,27462510.0,480872160.0
2014-08-20,70.56,70.56,69.94,69.78,19663460.0,350410368.0
2014-08-19,71.15,71.39,70.41,69.97,19011308.0,341820768.0
2014-08-18,71.39,71.58,71.11,70.8,17338022.0,314051840.0
2014-08-15,70.56,71.15,70.92,70.02,16154746.0,290577056.0
2014-08-14,71.23,71.66,70.56,70.41,21227256.0,384420320.0
2014-08-13,71.66,72.33,71.23,70.84,24332976.0,442511904.0
2014-08-12,71.86,72.37,71.7,71.47,19888372.0,363654496.0
2014-08-11,70.88,72.17,71.9,70.8,30843572.0,562859904.0
2014-08-08,70.29,70.76,70.49,69.7,16189994.0,289621056.0
2014-08-07,71.9,72.17,70.37,70.17,27759710.0,502196384.0
2014-08-06,71.78,72.53,71.86,71.08,24950152.0,455210752.0
2014-08-05,72.14,74.06,72.57,71.23,48052144.0,887678080.0
2014-08-04,69.82,72.17,71.82,69.5,34671448.0,626214016.0
2014-08-01,70.41,71.43,69.39,69.23,33430372.0,599207936.0
2014-07-31,70.09,70.76,70.56,69.5,24028618.0,428384736.0
2014-07-30,69.66,71.23,70.25,69.35,33400836.0,598558144.0
2014-07-29,71.47,71.82,70.09,69.78,41694396.0,752285312.0
2014-07-28,71.47,73.0,71.9,71.04,43298052.0,793416448.0
2014-07-25,70.88,71.11,70.92,69.94,23365818.0,420314176.0
2014-07-24,69.15,70.76,70.41,69.03,39813840.0,712107520.0
2014-07-23,68.13,69.78,69.11,67.86,31547252.0,554950208.0
2014-07-22,66.95,67.97,67.7,66.56,19092748.0,328584448.0
2014-07-21,67.66,68.05,67.19,66.56,14362214.0,245567424.0
2014-07-18,65.97,68.09,67.5,65.62,27675708.0,474909376.0
2014-07-17,66.83,67.03,66.21,65.66,11245415.0,189116512.0
2014-07-16,66.28,67.78,66.6,66.17,18721608.0,319362080.0
2014-07-15,67.03,68.25,66.6,65.85,21699468.0,369185728.0
2014-07-14,64.87,68.52,66.99,64.87,32495996.0,555682560.0
2014-07-11,64.64,65.42,64.67,64.36,11628897.0,192531648.0
2014-07-10,63.46,64.95,64.56,63.46,15933633.0,261959776.0
2014-07-09,64.12,64.52,63.34,63.1,16081039.0,261989600.0
2014-07-08,65.26,65.54,64.2,64.01,15046179.0,246883600.0
2014-07-07,65.03,65.69,65.11,64.48,18137742.0,301454944.0
2014-07-04,64.44,65.38,64.75,64.2,17590436.0,290693344.0
2014-07-03,63.22,64.91,64.79,63.02,37509872.0,611769344.0
2014-07-02,61.41,62.0,61.89,61.26,9689545.0,152092432.0
2014-07-01,61.69,62.16,61.41,61.26,11093966.0,174104544.0
2014-06-30,61.41,62.2,61.73,61.38,9490873.0,149468528.0
2014-06-27,61.73,61.81,61.45,61.02,12113020.0,189351136.0
2014-06-26,61.81,62.24,62.04,61.65,10363508.0,163492912.0
2014-06-25,62.0,62.08,61.81,61.57,5965141.0,93866304.0
2014-06-24,61.85,62.24,62.0,61.53,7499401.0,118250944.0
2014-06-23,61.69,62.32,61.97,61.41,8097052.0,127808512.0
2014-06-20,61.65,62.16,61.53,61.26,10218793.0,160273792.0
2014-06-19,62.67,63.22,61.77,61.45,10225150.0,162305024.0
2014-06-18,63.85,63.85,62.67,62.51,13728206.0,220185264.0
2014-06-17,64.17,64.17,63.48,63.29,13571162.0,224820960.0
2014-06-16,63.52,64.4,64.32,63.02,21561160.0,357757312.0
2014-06-13,62.63,63.82,63.06,62.48,16216854.0,266715840.0
2014-06-12,62.9,63.17,62.63,62.44,10781887.0,176175040.0
2014-06-11,62.83,63.09,62.75,62.4,11661867.0,190191824.0
2014-06-10,62.67,63.44,63.13,62.29,14547327.0,238512944.0
2014-06-09,62.29,62.98,62.4,62.13,7825166.0,127160504.0
2014-06-06,63.13,63.36,62.52,62.06,9868006.0,160688896.0
2014-06-05,62.09,63.36,63.33,62.09,10809354.0,176074688.0
2014-06-04,63.71,63.79,62.44,62.02,12951113.0,211011216.0
2014-06-03,62.9,64.17,63.55,62.83,19324880.0,320499904.0
2014-05-30,62.21,62.79,62.67,61.98,12753973.0,207265744.0
2014-05-29,62.44,62.67,61.98,61.86,10631138.0,172364336.0
2014-05-28,62.21,62.44,62.4,61.17,17067496.0,274650624.0
2014-05-27,62.98,62.98,61.98,61.86,11895062.0,193114400.0
2014-05-26,62.98,63.33,62.94,62.52,9933787.0,162199616.0
2014-05-23,62.25,62.83,62.83,61.75,10891590.0,177103680.0
2014-05-22,62.44,63.21,62.21,62.17,11972592.0,195484528.0
2014-05-21,61.59,62.63,62.17,60.83,12960329.0,208505184.0
2014-05-20,62.67,62.9,62.06,61.9,12775376.0,207111392.0
2014-05-19,63.21,63.21,62.33,61.98,12088542.0,196460944.0
2014-05-16,63.86,63.98,63.59,63.44,7808352.0,129571456.0
2014-05-15,64.36,64.67,63.86,63.59,14683668.0,244295600.0
2014-05-14,64.59,65.05,64.52,64.06,16952478.0,284330048.0
2014-05-13,64.09,65.25,64.55,64.02,20560280.0,346110208.0
2014-05-12,63.63,64.44,64.25,62.63,27472928.0,455153568.0
2014-05-09,63.9,64.17,63.25,63.21,11858861.0,196438656.0
2014-05-08,63.82,64.82,63.82,63.44,17209176.0,287730016.0
2014-05-07,64.17,64.82,63.86,63.79,17803056.0,298128192.0
2014-05-06,65.94,66.05,64.21,63.9,24482960.0,413333888.0
2014-05-05,65.32,66.09,65.98,64.67,14072523.0,239297152.0
2014-04-30,65.98,66.47,65.32,65.09,20198964.0,345414304.0
2014-04-29,63.98,65.63,65.59,63.44,22459816.0,379503744.0
2014-04-28,63.4,64.09,63.63,62.75,21684364.0,359186656.0
2014-04-25,65.63,66.05,63.79,63.71,28264362.0,477003008.0
2014-04-24,65.71,66.01,64.98,64.67,19283920.0,327905120.0
2014-04-23,64.67,65.55,65.52,64.55,24286756.0,411297536.0
2014-04-22,64.63,64.98,64.55,63.52,33440136.0,559673152.0
2014-04-21,66.4,66.82,64.71,64.59,35463432.0,607110592.0
2014-04-18,66.82,67.55,67.13,65.71,30565464.0,529635200.0
2014-04-17,69.63,69.74,67.4,66.47,45276692.0,798755968.0
2014-04-16,68.74,69.47,69.17,68.44,46547228.0,835379520.0
2014-04-15,69.93,70.66,68.55,68.24,50259876.0,902641472.0
2014-04-14,70.32,70.36,70.28,68.74,58803276.0,1064701632.0
2014-04-11,73.01,74.43,70.86,70.7,161288464.0,3035350272.0
2014-04-10,66.86,73.39,73.39,66.09,146009328.0,2713630208.0
2014-04-09,66.97,67.9,66.71,66.4,24396220.0,424902688.0
2014-04-08,65.32,67.4,66.97,64.94,35097244.0,610367616.0
2014-04-04,65.05,65.86,65.4,64.86,21020004.0,357165952.0
2014-04-03,66.13,67.21,65.05,64.86,49095704.0,846467136.0
2014-04-02,62.83,65.59,65.17,62.83,41299840.0,694878464.0
2014-04-01,62.79,63.4,62.59,62.17,15922318.0,260304016.0
2014-03-31,63.63,63.98,62.79,62.25,25818608.0,423350720.0
2014-03-28,60.63,64.13,63.55,60.52,53920100.0,880771072.0
2014-03-27,61.1,61.63,60.25,60.17,19091952.0,303331008.0
2014-03-26,60.37,61.37,60.98,60.37,20074322.0,318001952.0
2014-03-25,60.9,61.25,60.1,59.52,24630384.0,386463872.0
2014-03-24,59.37,61.48,61.02,59.1,42837516.0,672759616.0
2014-03-21,57.18,59.37,59.1,57.18,24319100.0,370273504.0
2014-03-20,57.64,58.45,57.1,57.02,19686562.0,296354272.0
2014-03-19,56.87,58.1,57.83,56.06,21350648.0,318053312.0
2014-03-18,56.64,57.37,56.91,56.48,11917857.0,176638048.0
2014-03-17,56.72,57.25,56.79,55.64,13609793.0,200120000.0
2014-03-14,55.18,55.52,55.33,54.87,12858647.0,184869200.0
2014-03-13,55.14,55.83,55.64,54.72,13902178.0,200588848.0
2014-03-12,55.29,55.79,55.06,54.64,13538387.0,193999888.0
2014-03-11,54.56,55.83,55.52,54.56,11672680.0,167650928.0
2014-03-10,56.45,56.45,54.52,54.49,18904542.0,271082208.0
2014-03-07,57.68,57.87,57.14,56.95,11808684.0,176425200.0
2014-03-06,56.52,57.83,57.64,56.25,15174731.0,225675008.0
2014-03-05,56.87,57.6,56.64,56.41,13463828.0,199782672.0
2014-03-04,57.1,57.1,56.52,55.87,11555971.0,169503664.0
2014-03-03,57.52,57.87,57.22,56.72,16312194.0,243473504.0
2014-02-28,56.75,58.33,57.91,56.37,18867792.0,281453952.0
2014-02-27,56.41,57.06,56.75,55.6,21035230.0,308151520.0
2014-02-26,56.22,56.87,56.25,55.29,26726144.0,389194592.0
2014-02-25,57.37,57.45,56.64,56.29,23380148.0,346059936.0
2014-02-24,59.44,59.44,57.29,56.87,48402188.0,723422272.0
2014-02-21,61.4,61.86,60.33,59.71,25373302.0,399996640.0
2014-02-20,62.44,63.4,61.33,60.9,20810528.0,335226080.0
2014-02-19,61.86,62.79,62.52,60.83,21117772.0,340323136.0
2014-02-18,63.71,63.98,62.06,61.9,21543758.0,351544512.0
2014-02-17,63.86,64.13,63.71,63.48,14141406.0,234714208.0
2014-02-14,63.94,64.4,63.33,63.06,15094497.0,250051120.0
2014-02-13,64.63,65.25,63.82,63.79,13640746.0,228016528.0
2014-02-12,64.75,65.82,64.86,64.55,20347204.0,345026688.0
2014-02-11,64.55,64.94,64.86,63.79,28591706.0,478943552.0
2014-02-10,64.36,65.32,64.78,63.79,28005888.0,469338688.0
2014-02-07,61.1,63.75,63.67,61.1,19350452.0,315896960.0
2014-01-30,61.1,61.48,60.98,60.25,10915577.0,172249888.0
2014-01-29,61.44,62.02,61.75,61.13,10393901.0,166789792.0
2014-01-28,60.75,61.29,61.02,60.17,10803504.0,171148256.0
2014-01-27,62.63,62.86,60.29,59.94,25234504.0,401100960.0
2014-01-24,63.17,64.82,63.71,62.67,16584220.0,276582720.0
2014-01-23,63.75,64.21,63.71,62.63,16579782.0,273205632.0
2014-01-22,62.63,64.17,63.79,62.52,16987872.0,280966496.0
2014-01-21,60.87,62.75,62.63,60.56,20884892.0,336580896.0
2014-01-20,62.9,62.94,60.79,60.75,21543784.0,345148352.0
2014-01-17,62.25,63.48,62.86,61.83,31272892.0,510114912.0
2014-01-16,61.33,62.94,62.21,61.06,20001384.0,324077824.0
2014-01-15,60.33,61.48,61.48,59.91,26262338.0,414937728.0
2014-01-14,58.79,59.41,59.14,58.48,13595781.0,208452688.0
2014-01-13,58.21,59.44,58.79,57.64,19541460.0,298882912.0
2014-01-10,57.95,58.52,58.48,57.02,18978220.0,284879776.0
2014-01-09,57.95,58.94,57.91,57.64,18662160.0,283223296.0
2014-01-08,58.21,58.56,58.06,57.72,17661604.0,267131968.0
2014-01-07,56.98,58.71,57.95,56.98,22552432.0,339758656.0
2014-01-06,60.17,60.17,58.18,57.06,40453780.0,610485056.0
2014-01-03,62.63,62.86,60.44,60.4,33546232.0,535650816.0
2014-01-02,64.98,65.13,63.33,63.02,19156520.0,317397632.0
2013-12-31,63.82,65.44,65.17,63.52,16308737.0,273911616.0
2013-12-30,65.9,66.09,64.59,64.55,13841035.0,234692144.0
2013-12-27,65.52,66.17,65.44,64.4,13525806.0,230666480.0
2013-12-26,65.9,66.28,65.05,64.75,10093507.0,171456128.0
2013-12-25,64.86,66.09,66.05,64.67,11753726.0,199987536.0
2013-12-24,64.21,65.21,64.86,63.4,14696415.0,246523328.0
2013-12-23,64.63,65.21,63.94,63.79,17821188.0,297827584.0
2013-12-20,66.01,66.4,64.44,63.4,23395592.0,393650048.0
2013-12-19,67.74,67.9,65.78,65.36,18279746.0,315050688.0
2013-12-18,66.51,67.32,67.05,66.28,17696928.0,308138144.0
2013-12-17,66.32,67.28,66.51,66.09,22253360.0,385741280.0
2013-12-16,68.4,69.17,66.09,65.48,25385452.0,441145856.0
2013-12-13,66.09,67.97,67.9,65.94,16276786.0,283525728.0
2013-12-12,67.51,67.78,67.28,66.25,23101076.0,402190912.0
2013-12-11,69.74,70.09,67.51,67.24,33608816.0,597931456.0
2013-12-10,69.97,71.36,70.51,69.59,22194856.0,408015808.0
2013-12-09,70.7,72.05,70.28,69.74,20990616.0,384976160.0
2013-12-06,71.28,71.39,70.32,69.43,25171448.0,460271104.0
2013-12-05,72.43,73.58,71.28,71.12,23776452.0,445625600.0
2013-12-04,71.16,74.39,72.51,70.51,57559712.0,1094296576.0
2013-12-03,68.4,71.47,70.97,68.28,41378776.0,758535232.0
2013-12-02,67.97,71.09,68.63,67.09,39198868.0,708539520.0
2013-11-29,68.9,69.43,68.63,67.82,25032660.0,446813248.0
2013-11-28,65.48,70.62,69.13,65.44,66302704.0,1181434496.0
2013-11-27,64.59,65.48,65.05,64.06,18230776.0,307997184.0
2013-11-26,64.21,64.63,64.52,63.48,11843985.0,198039024.0
2013-11-25,62.98,65.13,64.13,62.94,18669444.0,312279616.0
2013-11-22,63.98,64.32,63.06,62.86,15225347.0,251636288.0
2013-11-21,64.82,64.82,63.75,62.36,28632712.0,471379200.0
2013-11-20,65.44,66.28,64.82,64.28,20673876.0,349671936.0
2013-11-19,64.98,66.05,64.86,64.44,29057376.0,492473760.0
2013-11-18,62.33,65.02,64.82,62.33,45858808.0,761306816.0
2013-11-15,60.63,62.63,61.75,60.21,37744508.0,605775936.0
2013-11-14,60.13,60.6,60.44,59.64,22331772.0,349446240.0
2013-11-13,59.94,61.02,59.37,59.17,27415656.0,429797088.0
2013-11-12,58.91,59.64,59.44,58.64,15556077.0,239792736.0
2013-11-11,57.95,58.79,58.56,57.68,10479384.0,159236048.0
2013-11-08,57.6,58.64,57.91,57.25,12011601.0,181770336.0
2013-11-07,58.48,58.56,57.83,57.48,10811875.0,162981168.0
2013-11-06,59.17,59.37,58.41,58.1,13761753.0,209918368.0
2013-11-05,58.45,59.56,59.1,58.02,18676424.0,285890240.0
2013-11-04,59.94,60.17,58.75,58.18,19583996.0,299496128.0
2013-11-01,59.94,60.17,59.37,58.98,19100732.0,295952064.0
2013-10-31,60.13,61.44,59.29,59.02,28888174.0,452541376.0
2013-10-30,58.67,59.56,59.02,58.41,19230928.0,294989504.0
2013-10-29,56.72,58.37,58.33,56.6,31798766.0,475614560.0
2013-10-28,56.72,57.06,55.87,55.52,23215956.0,338225664.0
2013-10-25,58.14,58.37,56.72,55.64,24349278.0,361501952.0
2013-10-24,59.67,60.13,58.18,58.02,22378184.0,341972064.0
2013-10-23,61.71,62.17,59.98,59.87,16143404.0,255360288.0
2013-10-22,61.48,61.9,61.21,61.02,14044057.0,224058048.0
2013-10-21,61.29,61.56,61.17,60.13,21958640.0,347482912.0
2013-10-18,61.79,62.13,61.13,60.63,13122751.0,209058384.0
2013-10-17,61.9,63.59,61.44,61.02,26776346.0,433161600.0
2013-10-16,60.37,63.36,61.33,60.37,44658828.0,719929216.0
2013-10-15,60.29,61.1,60.13,59.52,20259450.0,317410048.0
2013-10-14,60.21,60.9,59.79,59.75,16070341.0,252116240.0
2013-10-11,59.37,60.37,59.87,59.37,18722760.0,291279680.0
2013-10-10,59.41,60.75,58.64,58.33,16391319.0,253831728.0
2013-10-09,58.87,59.33,59.25,58.33,13039833.0,200079088.0
2013-10-08,57.79,58.91,58.83,56.91,16726648.0,253412256.0
2013-09-30,58.25,58.6,57.41,56.1,18059024.0,268282896.0
2013-09-27,58.94,58.94,58.02,57.64,14250272.0,214937088.0
2013-09-26,59.98,60.13,58.41,58.21,17417334.0,267044208.0
2013-09-25,61.29,61.37,60.06,59.83,14711982.0,231439968.0
2013-09-24,61.06,61.75,61.48,59.83,19590282.0,309348416.0
2013-09-23,60.17,61.33,61.06,60.17,14058429.0,222643376.0
2013-09-18,59.87,61.21,59.87,59.64,16013923.0,251159984.0
2013-09-17,61.67,61.83,59.87,59.79,26896708.0,422761696.0
2013-09-16,62.56,62.94,61.4,60.63,23307196.0,374929824.0
2013-09-13,63.55,64.13,62.29,62.09,26269084.0,427256096.0
2013-09-12,64.86,64.86,64.21,62.63,27818314.0,460723648.0
2013-09-11,63.4,65.9,65.05,63.4,46493024.0,781830016.0
2013-09-10,62.36,63.52,63.13,62.33,22761960.0,373435936.0
2013-09-09,61.25,62.4,62.29,60.75,28533126.0,459307712.0
2013-09-06,60.71,61.56,60.75,60.06,9607549.0,151671648.0
2013-09-05,60.87,62.02,60.71,60.63,15138850.0,241277280.0
2013-09-04,61.33,61.48,61.25,59.94,13414641.0,212280000.0
2013-09-03,60.63,62.06,61.25,60.33,19475900.0,310740576.0
2013-09-02,58.6,60.52,60.29,58.41,19655578.0,305128512.0
2013-08-30,57.95,58.79,58.18,57.37,21239196.0,321857376.0
2013-08-29,60.1,60.63,58.14,57.6,29024172.0,441941664.0
2013-08-28,61.4,61.4,60.25,59.94,18229174.0,286986944.0
2013-08-27,62.44,62.56,61.75,61.1,13763144.0,221133792.0
2013-08-26,61.44,62.75,62.63,61.21,14170046.0,229680704.0
2013-08-23,60.98,61.63,61.13,59.94,18879574.0,299702144.0
2013-08-22,60.52,61.48,60.67,60.29,12247105.0,193575184.0
2013-08-21,62.59,62.59,60.75,60.4,19417274.0,308053888.0
2013-08-20,63.05,64.75,61.98,61.52,24438592.0,401774944.0
2013-08-19,60.75,62.94,62.86,60.63,21213324.0,342017856.0
2013-08-16,62.06,66.28,60.9,60.13,36412972.0,582924160.0
2013-08-15,62.56,63.71,62.13,61.86,17315824.0,283456864.0
2013-08-14,63.59,64.32,62.75,62.48,19729096.0,325644128.0
2013-08-13,62.86,65.25,63.82,62.86,42758592.0,714165312.0
2013-08-12,60.83,62.98,62.4,60.83,48748072.0,789854528.0
2013-08-09,58.64,59.83,59.67,57.29,27464124.0,420629728.0
2013-08-08,59.1,59.94,58.37,57.29,23943824.0,364679040.0
2013-08-07,58.91,61.21,59.21,58.91,27467624.0,430011392.0
2013-08-06,58.75,59.33,58.94,58.1,19481644.0,297834432.0
2013-08-05,58.02,59.37,59.1,58.02,19452528.0,298377056.0
2013-08-02,58.02,59.25,57.95,57.33,26009648.0,393889600.0
2013-08-01,56.02,57.18,56.95,55.72,20524302.0,303013472.0
2013-07-31,56.48,57.6,55.56,54.68,24901628.0,363769568.0
2013-07-30,54.76,55.79,54.72,53.83,16975508.0,242685568.0
2013-07-29,56.48,56.48,54.14,53.33,31095548.0,441376704.0
2013-07-26,55.91,59.25,57.79,55.52,44214880.0,666854208.0
2013-07-25,55.02,57.22,56.06,54.83,39620828.0,579513152.0
2013-07-24,54.76,55.14,54.41,53.83,18335482.0,260127520.0
2013-07-23,53.22,55.02,54.6,52.64,23418928.0,331318240.0
2013-07-22,52.45,53.87,53.18,52.1,17154374.0,235451024.0
2013-07-19,54.68,55.14,53.06,52.64,24890560.0,348045248.0
2013-07-18,54.95,55.41,54.87,53.91,18791336.0,267350000.0
2013-07-17,53.6,56.45,55.29,53.6,51575716.0,745944448.0
2013-07-16,53.99,54.03,53.56,52.57,24717220.0,342130784.0
2013-07-15,54.99,55.41,54.1,53.41,34433220.0,485798208.0
2013-07-12,55.33,56.02,54.79,54.45,34671980.0,498658784.0
2013-07-11,51.68,56.48,55.26,51.68,67409656.0,953178752.0
2013-07-10,50.07,51.68,51.45,50.03,26726356.0,354174656.0
2013-07-09,51.1,51.76,50.38,49.8,19889056.0,261525216.0
2013-07-08,51.22,51.87,50.88,49.68,19371988.0,253863216.0
2013-07-05,51.03,53.06,52.03,51.03,32184976.0,437871712.0
2013-07-04,49.18,51.45,50.64,48.99,30004760.0,395493536.0
2013-07-03,50.26,50.34,49.95,48.65,24256080.0,311246240.0
2013-07-02,50.88,51.03,50.41,49.8,17583404.0,230190240.0
2013-07-01,50.91,51.22,50.57,49.65,21519248.0,282402112.0
2013-06-28,49.95,51.68,51.41,49.57,33338512.0,442228576.0
2013-06-27,49.99,51.87,49.8,49.22,50231816.0,662913088.0
2013-06-26,49.45,50.18,48.8,48.07,29689496.0,377940768.0
2013-06-25,48.61,49.95,49.38,45.65,36482512.0,459571968.0
2013-06-24,51.84,51.84,49.18,48.45,42715400.0,551840768.0
2013-06-21,50.68,52.45,52.18,49.88,30174036.0,401436800.0
2013-06-20,53.8,53.99,51.64,51.57,27073896.0,372453568.0
2013-06-19,53.45,54.49,54.33,52.34,25875066.0,358300512.0
2013-06-18,54.56,54.91,53.91,53.45,30148930.0,423570752.0
2013-06-17,55.68,55.87,54.56,53.22,32705136.0,462168064.0
2013-06-14,56.29,56.29,55.56,55.06,34493656.0,498047840.0
2013-06-13,59.11,59.11,55.6,54.77,42042636.0,619970560.0
2013-06-07,61.53,61.95,59.68,59.34,28231628.0,451355168.0
2013-06-06,61.95,62.63,61.49,61.38,13890920.0,227850416.0
2013-06-05,62.89,63.16,62.13,61.98,19766696.0,326377088.0
2013-06-04,63.95,63.95,62.74,62.32,22930860.0,382445824.0
2013-06-03,64.1,64.86,64.02,63.84,21790504.0,370259904.0
2013-05-31,64.4,65.23,63.84,63.76,20059448.0,340932576.0
2013-05-30,65.23,65.23,64.44,64.1,20762796.0,355137216.0
2013-05-29,66.29,66.48,65.61,65.19,27846960.0,483344576.0
2013-05-28,63.91,66.03,65.99,63.31,34700464.0,593766272.0
2013-05-27,64.21,64.86,63.87,63.46,24351472.0,412988800.0
2013-05-24,65.31,66.1,64.63,64.02,32737334.0,560089600.0
2013-05-23,67.23,67.57,65.38,65.16,32270320.0,565983872.0
2013-05-22,66.63,68.75,67.57,65.91,43838724.0,782999936.0
2013-05-21,66.78,67.46,66.59,66.25,19669472.0,347229920.0
2013-05-20,67.01,67.08,66.55,66.06,25472364.0,448963200.0
2013-05-17,65.23,67.01,66.86,64.97,34212160.0,601521536.0
2013-05-16,63.84,65.19,65.12,62.7,22504500.0,383124256.0
2013-05-15,64.36,64.74,64.06,63.27,20596928.0,348469728.0
2013-05-14,66.06,66.1,64.25,63.65,28673156.0,488245088.0
2013-05-13,66.44,67.57,65.99,65.57,19438110.0,341700960.0
2013-05-10,66.33,66.7,66.44,65.35,23657204.0,413830272.0
2013-05-09,69.01,69.05,66.37,66.14,33922728.0,602722496.0
2013-05-08,70.03,70.22,69.01,68.67,16862856.0,309089792.0
2013-05-07,67.84,69.46,69.42,67.27,26822552.0,487882912.0
2013-05-06,67.27,68.33,67.91,66.93,20661710.0,370589920.0
2013-05-03,66.4,68.22,66.97,66.4,25265314.0,450822240.0
2013-05-02,66.86,66.86,65.95,65.01,23690210.0,413143040.0
2013-04-26,66.7,67.23,66.52,65.76,17964870.0,315625152.0
2013-04-25,68.75,68.93,66.55,64.21,52724672.0,924138496.0
2013-04-24,68.03,69.46,69.16,67.8,25072676.0,455584384.0
2013-04-23,71.31,71.31,68.37,67.23,48500136.0,886771840.0
2013-04-22,74.79,75.43,72.64,71.96,49119328.0,956735808.0
2013-04-19,71.39,73.43,72.75,71.09,34968324.0,670672384.0
2013-04-18,71.65,71.96,71.05,70.48,25069928.0,471552000.0
2013-04-17,71.39,72.03,71.96,70.71,26943596.0,510170272.0
2013-04-16,69.73,71.92,71.28,69.35,41962132.0,788409984.0
2013-04-15,69.65,71.35,70.07,69.61,20823940.0,387559936.0
2013-04-12,71.16,71.84,70.33,70.03,18946684.0,354738784.0
2013-04-11,71.39,71.99,71.2,70.33,40586128.0,765681920.0
2013-04-10,70.41,71.31,69.42,67.8,25069174.0,459519712.0
2013-04-09,69.39,71.73,70.33,69.35,35018132.0,656509120.0
2013-04-08,66.86,69.16,69.08,66.1,27491786.0,494156704.0
2013-04-03,67.84,68.93,67.88,67.05,20414462.0,367651360.0
2013-04-02,65.65,68.75,67.84,65.65,34780388.0,622816384.0
2013-04-01,64.02,65.69,65.35,63.84,14582529.0,251605648.0
2013-03-29,64.36,65.5,64.4,63.84,11639029.0,199004240.0
2013-03-28,66.1,66.1,64.21,63.84,28956392.0,494750304.0
2013-03-27,67.35,67.99,66.86,66.52,18075408.0,320909952.0
2013-03-26,67.05,68.78,67.2,66.67,21822536.0,390389792.0
2013-03-25,67.08,68.37,67.31,66.48,13781374.0,245225408.0
2013-03-22,66.44,68.22,67.46,66.33,24745874.0,441752736.0
2013-03-21,66.86,67.35,66.48,66.14,19449774.0,343761120.0
2013-03-20,64.4,67.23,66.74,64.4,38101864.0,669536832.0
2013-03-19,61.68,64.21,64.17,61.68,33341126.0,559530240.0
2013-03-18,61.23,62.7,61.61,61.19,27431064.0,449396896.0
2013-03-15,64.63,64.7,63.53,61.12,67256832.0,1119865728.0
2013-03-14,65.65,66.06,65.04,64.89,23051368.0,399239488.0
2013-03-13,67.95,68.06,65.95,65.8,22745512.0,401038240.0
2013-03-12,67.27,69.2,68.06,67.16,38986940.0,704299200.0
2013-03-11,67.99,69.2,67.31,66.86,20728796.0,371707488.0
2013-03-08,68.52,68.86,68.22,67.61,15277505.0,276047584.0
2013-03-07,67.99,69.58,68.63,67.05,19747748.0,357863488.0
2013-03-06,68.86,70.07,69.05,68.29,26686640.0,488420512.0
2013-03-05,66.1,68.48,68.25,65.76,38295240.0,681660864.0
2013-03-04,70.63,70.63,67.54,67.54,82117448.0,1479008384.0
2013-03-01,73.96,75.17,75.05,72.86,38365860.0,751159936.0
2013-02-28,69.58,73.39,73.24,69.46,40334052.0,766681280.0
2013-02-27,68.44,69.35,68.9,68.22,21357288.0,389075808.0
2013-02-26,70.18,70.9,68.29,67.99,28713068.0,524986624.0
2013-02-25,70.22,71.01,70.37,69.69,23382224.0,435022144.0
2013-02-22,70.63,71.24,69.8,69.42,29714456.0,553958016.0
2013-02-21,73.43,73.43,70.71,69.88,48793644.0,918778624.0
2013-02-20,74.41,75.62,74.75,72.75,30719288.0,602179776.0
2013-02-19,80.08,80.15,74.49,73.66,53308168.0,1068356928.0
2013-02-18,81.06,83.48,80.61,80.38,23589870.0,512927008.0
2013-02-08,80.45,81.21,80.38,78.94,20874300.0,442408928.0
2013-02-07,80.19,81.4,80.08,79.36,20190776.0,428229920.0
2013-02-06,81.21,82.61,80.83,80.15,18934778.0,408733728.0
2013-02-05,79.85,81.81,81.21,78.94,30985232.0,660649088.0
2013-02-04,78.79,82.76,79.7,78.79,39194928.0,840434112.0
2013-02-01,75.47,79.44,78.49,75.17,30417650.0,624512768.0
2013-01-31,77.06,78.6,75.66,75.17,24317976.0,489968288.0
2013-01-30,77.66,79.28,77.32,76.3,23961412.0,491596416.0
2013-01-29,77.43,77.92,77.62,76.26,34561304.0,705569728.0
2013-01-28,72.94,77.36,77.24,72.94,74743536.0,1498314752.0
2013-01-25,71.05,73.66,72.56,70.44,39579472.0,760412864.0
2013-01-24,70.82,73.96,71.28,69.88,51936532.0,995325632.0
2013-01-23,71.54,72.45,71.12,70.26,23891772.0,451412288.0
2013-01-22,70.63,73.2,71.73,70.18,61637036.0,1175458048.0
2013-01-21,69.2,71.62,70.67,69.12,41710784.0,779229376.0
2013-01-18,68.71,69.39,69.12,67.99,25775780.0,470087584.0
2013-01-17,67.8,68.63,68.56,67.23,25737016.0,463548192.0
2013-01-16,68.56,68.56,67.91,66.93,41880456.0,751180672.0
2013-01-15,69.08,69.31,68.93,67.95,66323728.0,1203213184.0
2013-01-14,67.08,69.27,69.2,66.63,37502824.0,678936640.0
2013-01-11,70.37,70.71,67.39,66.82,34062528.0,615586496.0
2013-01-10,70.29,71.31,70.18,69.65,18306368.0,341649568.0
2013-01-09,71.12,72.03,70.37,69.88,20962148.0,391533248.0
2013-01-08,73.28,73.47,71.31,70.33,31704266.0,599817088.0
2013-01-07,71.31,73.96,72.94,71.05,40595616.0,784678016.0
2013-01-04,70.37,71.92,71.35,69.58,48527876.0,909979072.0
2012-12-31,69.54,70.71,69.69,68.56,29461632.0,542781568.0
2012-12-28,68.67,69.58,69.31,67.88,22424812.0,408265216.0
2012-12-27,71.24,71.39,68.67,68.37,25697866.0,470211424.0
2012-12-26,69.77,71.43,70.75,69.69,21599860.0,404333088.0
2012-12-25,68.48,71.24,69.95,66.86,33569192.0,617093248.0
2012-12-24,68.37,69.69,69.31,68.18,17574616.0,321598816.0
2012-12-21,69.69,70.44,68.78,68.52,21024318.0,385304384.0
2012-12-20,69.42,69.8,69.12,68.03,22379010.0,407906976.0
2012-12-19,69.88,71.16,69.95,67.91,38331496.0,703891648.0
2012-12-18,70.63,72.14,70.41,69.61,25614742.0,480456032.0
2012-12-17,71.77,72.52,71.12,69.69,35371592.0,668306048.0
2012-12-14,67.69,71.77,70.86,67.69,43364636.0,804439040.0
2012-12-13,67.8,68.93,67.69,67.23,19378396.0,349260160.0
2012-12-12,66.56,67.95,67.76,66.4,17352712.0,309832800.0
2012-12-11,66.82,67.95,66.97,66.1,15343207.0,272153376.0
2012-12-10,66.86,68.03,66.93,65.8,25232460.0,448869440.0
2012-12-07,65.91,68.67,66.86,65.91,46686840.0,835064192.0
2012-12-06,65.72,66.52,65.8,64.78,19599684.0,340248320.0
2012-12-05,62.63,67.12,65.8,62.63,55211852.0,960257344.0
2012-12-04,62.36,62.89,62.74,61.64,11686426.0,193163680.0
2012-12-03,62.02,62.89,62.36,61.42,20962548.0,346201216.0
2012-11-30,59.64,62.44,62.25,59.6,26370764.0,430903040.0
2012-11-29,59.23,60.17,59.34,59.23,5492555.0,86879752.0
2012-11-28,58.89,59.64,59.23,58.51,8223251.0,128784792.0
2012-11-27,59.49,59.83,58.92,58.55,10273987.0,160509552.0
2012-11-26,60.66,60.81,59.83,59.6,7049937.0,112012368.0
2012-11-23,60.81,62.25,60.85,60.62,13246861.0,215431200.0
2012-11-22,61.72,61.72,60.74,60.47,5342962.0,86279256.0
2012-11-21,60.55,61.61,61.53,60.21,9331892.0,150803040.0
2012-11-20,60.47,61.42,60.55,60.44,8155972.0,131640824.0
2012-11-19,58.55,60.47,60.32,58.55,11243776.0,178578880.0
2012-11-16,58.92,59.34,58.85,58.47,7261191.0,113135504.0
2012-11-15,58.51,60.28,58.55,57.94,12792810.0,201354144.0
2012-11-14,58.77,59.34,59.23,58.02,9557928.0,148050192.0
2012-11-13,59.3,59.45,58.66,58.51,8589982.0,133767888.0
2012-11-12,61.8,62.14,59.11,58.85,23422542.0,371798496.0
2012-11-09,61.57,62.89,61.8,61.3,6839018.0,112401992.0
2012-11-08,61.91,63.16,61.61,61.57,8972493.0,147740720.0
2012-11-07,63.19,63.61,62.32,62.14,11097188.0,184046432.0
2012-11-06,64.14,64.36,63.38,61.87,16095616.0,267573680.0
2012-11-05,64.36,64.67,64.14,63.76,13619444.0,231219488.0
2012-11-02,64.33,65.35,64.33,63.57,21778622.0,371395712.0
2012-11-01,62.48,64.63,64.33,62.25,26790736.0,454112032.0
2012-10-31,61.12,62.51,62.25,60.89,10506537.0,172173440.0
2012-10-30,60.81,61.38,61.12,60.17,14034038.0,226748336.0
2012-10-29,59.68,61.12,60.66,58.74,14478224.0,232138096.0
2012-10-26,60.89,61.3,59.64,58.85,19816676.0,313443072.0
2012-10-25,61.23,62.32,60.81,60.59,14024003.0,227444672.0
2012-10-24,61.0,62.59,61.3,60.81,17414212.0,284220928.0
2012-10-23,63.65,63.95,61.34,61.19,18602352.0,306213824.0
2012-10-22,63.61,64.21,63.87,62.55,15575502.0,260944736.0
2012-10-19,62.48,64.25,63.76,62.36,21648462.0,365253408.0
2012-10-18,61.23,62.66,62.51,61.19,21558116.0,354654560.0
2012-10-17,60.28,61.27,60.97,60.06,13320008.0,213948352.0
2012-10-16,60.02,60.74,60.1,59.83,8155088.0,130089856.0
2012-10-15,60.62,60.78,60.4,59.34,13862703.0,220337344.0
2012-10-12,61.23,61.8,60.4,59.19,19166296.0,305786272.0
2012-10-11,60.25,62.21,61.12,60.25,20406328.0,331641408.0
2012-10-10,60.66,61.04,60.44,60.1,13224340.0,212088320.0
2012-10-09,59.19,60.89,60.7,59.15,18164260.0,290888992.0
2012-10-08,60.81,61.3,58.96,58.92,16624802.0,264438384.0
2012-09-28,58.96,60.66,60.36,58.92,29982606.0,477600416.0
2012-09-27,57.41,59.49,59.34,57.26,23140088.0,359839008.0
2012-09-26,58.17,58.66,57.49,57.41,15121360.0,232377808.0
2012-09-25,57.68,59.11,58.47,57.34,31310312.0,484809632.0
2012-09-24,55.34,58.36,57.68,54.81,31932146.0,482711008.0
2012-09-21,54.77,56.28,55.6,54.77,12741020.0,187735776.0
2012-09-20,55.87,56.51,55.19,54.85,19660402.0,290947680.0
2012-09-19,55.15,56.51,55.98,55.15,14786616.0,218575536.0
2012-09-18,56.21,56.73,55.26,54.73,25343584.0,372565312.0
2012-09-17,57.75,58.62,56.7,55.9,27555476.0,416995872.0
2012-09-14,57.34,58.66,57.75,57.0,37385688.0,572709888.0
2012-09-13,57.72,57.79,56.58,56.47,15699225.0,237081424.0
2012-09-12,57.34,58.13,57.68,55.94,27330610.0,413519456.0
2012-09-11,57.79,57.79,56.58,55.9,34953784.0,522950432.0
2012-09-10,57.75,60.28,58.4,57.41,84632872.0,1316368000.0
2012-09-07,52.88,56.92,56.92,52.88,65338476.0,964833216.0
2012-09-06,50.62,51.79,51.75,50.62,10769050.0,146582960.0
2012-09-05,50.43,50.88,50.54,50.24,12927714.0,172705600.0
2012-09-04,50.46,51.37,50.39,50.24,11638114.0,156408640.0
2012-09-03,49.48,50.99,50.35,49.14,16780382.0,223444816.0
2012-08-31,49.29,49.86,49.1,48.91,9092456.0,119081192.0
2012-08-30,50.2,50.69,49.26,48.88,18283698.0,239477008.0
2012-08-29,50.99,51.18,50.2,49.86,8415250.0,112249088.0
2012-08-28,51.48,51.94,50.99,50.43,12560190.0,169832480.0
2012-08-27,53.07,53.07,51.67,51.6,11901119.0,164474368.0
2012-08-24,53.64,53.94,53.11,52.66,12903689.0,181696432.0
2012-08-23,53.52,54.17,53.94,53.07,8388758.0,119346320.0
2012-08-22,53.98,53.98,53.52,53.18,7255738.0,102841488.0
2012-08-21,53.34,53.98,53.83,53.07,10153315.0,144287776.0
2012-08-20,53.64,53.83,53.07,52.84,18178488.0,255310592.0
2012-08-17,53.83,54.51,54.13,53.45,8664432.0,123790728.0
2012-08-16,54.24,54.81,53.98,53.67,7366803.0,105758184.0
2012-08-15,53.71,54.92,54.24,53.45,10571206.0,151685296.0
2012-08-14,54.47,54.73,53.67,52.92,14268299.0,202887232.0
2012-08-13,56.58,56.58,54.39,54.2,18199924.0,264442736.0
2012-08-10,57.41,57.41,56.85,56.62,6989687.0,105203824.0
2012-08-09,56.77,57.6,57.26,56.39,12738907.0,192560240.0
2012-08-08,56.81,57.56,56.81,56.66,13912150.0,210134336.0
2012-08-07,57.04,57.26,56.88,56.28,14777655.0,221853216.0
2012-08-06,56.47,57.79,57.15,55.94,21182856.0,319294336.0
2012-08-03,56.13,56.81,56.62,55.64,10561624.0,157364544.0
2012-08-02,56.47,57.0,55.98,55.45,14710504.0,218722496.0
2012-08-01,54.62,57.64,56.43,54.58,26950440.0,403598624.0
2012-07-31,54.81,55.49,54.58,54.39,9008009.0,130840560.0
2012-07-30,54.62,55.49,54.66,54.32,10006006.0,145684320.0
2012-07-27,53.94,54.73,54.39,53.86,7710143.0,110835384.0
2012-07-26,54.05,54.51,53.67,53.64,7540777.0,107802528.0
2012-07-25,53.94,54.39,54.05,53.64,7551808.0,107953952.0
2012-07-24,53.64,54.39,54.2,53.52,10755600.0,154121264.0
2012-07-23,54.51,54.54,53.75,53.67,8582591.0,122555688.0
2012-07-20,55.68,56.43,55.11,54.81,12480945.0,182831376.0
2012-07-19,55.9,57.15,56.43,55.83,14184738.0,212903840.0
2012-07-18,57.23,57.34,56.28,55.15,15528755.0,230437392.0
2012-07-17,55.34,57.3,57.23,55.34,21339868.0,320793408.0
2012-07-16,56.13,56.58,55.64,54.77,17012392.0,251418976.0
2012-07-13,55.34,56.77,56.17,55.0,23599314.0,351407456.0
2012-07-12,54.88,55.83,55.52,53.75,22517814.0,327883488.0
2012-07-11,53.22,56.7,54.88,53.18,27736094.0,404977664.0
2012-07-10,52.88,54.02,53.37,52.69,15837171.0,223122528.0
2012-07-09,54.39,54.58,52.88,52.62,28446568.0,402324864.0
2012-07-06,54.05,55.19,55.03,53.71,21184144.0,305639168.0
2012-07-05,55.64,55.64,53.79,53.64,25305960.0,362514112.0
2012-07-04,55.79,56.47,55.87,55.34,14618224.0,216222128.0
2012-07-03,55.75,56.32,55.75,55.15,16748729.0,247118992.0
2012-07-02,55.98,56.62,55.45,55.07,19589836.0,288677088.0
2012-06-29,54.73,56.09,55.98,53.9,20987100.0,306249632.0
2012-06-28,56.47,56.73,55.15,55.03,16537848.0,243888176.0
2012-06-27,56.36,57.34,55.9,55.75,12691816.0,190496896.0
2012-06-26,56.2,56.66,56.36,55.34,16148811.0,239356112.0
2012-06-25,59.3,59.3,56.43,56.17,30534744.0,463877632.0
2012-06-21,60.51,60.51,59.45,58.92,14467509.0,228232832.0
2012-06-20,61.19,61.27,60.55,60.44,10684912.0,171910464.0
2012-06-19,61.38,61.38,61.0,60.66,9128229.0,147325648.0
2012-06-18,60.51,61.64,61.23,60.51,18134280.0,293875552.0
2012-06-15,60.13,60.85,60.36,59.72,14996337.0,239350320.0
2012-06-14,61.15,61.15,59.95,59.72,18424164.0,294000256.0
2012-06-13,59.65,60.98,60.83,59.32,20587598.0,334966368.0
2012-06-12,60.24,60.24,59.61,59.35,21070936.0,340579808.0
2012-06-11,59.61,60.83,60.61,59.32,21448492.0,349264768.0
2012-06-08,61.68,61.76,59.58,59.35,44817000.0,731570432.0
2012-06-07,61.46,61.9,61.27,60.91,22104584.0,367002240.0
2012-06-06,61.24,61.57,60.94,60.54,18881856.0,312187744.0
2012-06-05,61.02,61.61,61.05,60.87,19314324.0,319733792.0
2012-06-04,62.83,63.09,61.2,61.05,43723680.0,734967168.0
2012-06-01,65.6,65.97,64.01,63.01,55341360.0,963909312.0
2012-05-30,65.12,67.0,66.23,64.75,63490332.0,1135210112.0
2012-05-29,66.3,66.82,65.56,64.53,81712360.0,1453686016.0
2012-05-28,62.46,66.15,66.04,62.09,96717096.0,1686977408.0
2012-05-25,62.38,62.75,62.42,61.94,28892128.0,487965632.0
2012-05-24,62.09,63.42,62.31,62.09,53051364.0,900611904.0
2012-05-23,61.31,62.53,61.68,61.05,38413444.0,643409408.0
2012-05-22,59.83,61.83,61.61,59.83,44463648.0,737372224.0
2012-05-21,59.58,60.28,59.61,59.24,17298950.0,279699488.0
2012-05-18,59.69,59.69,59.5,58.87,22103578.0,354117792.0
2012-05-17,59.54,60.31,60.06,59.02,18952430.0,306392512.0
2012-05-16,60.83,60.98,59.46,59.39,29818284.0,485424416.0
2012-05-15,60.06,61.46,60.94,59.61,30707368.0,502698944.0
2012-05-14,60.72,61.24,60.5,60.42,35360952.0,582312192.0
2012-05-11,60.2,60.72,60.17,59.91,23501524.0,383171072.0
2012-05-10,60.8,61.05,60.2,60.17,28492778.0,466569600.0
2012-05-09,62.61,62.61,60.91,60.76,45600488.0,756678080.0
2012-05-08,62.57,63.2,62.94,62.49,25141196.0,427648416.0
2012-05-07,63.09,63.09,62.61,61.94,41788552.0,705126848.0
2012-05-04,63.68,63.71,63.38,62.53,52949664.0,902794496.0
2012-05-03,65.45,65.45,63.79,63.57,43040776.0,747580928.0
2012-05-02,64.9,66.01,65.41,64.45,48402712.0,856576576.0
2012-04-27,65.16,65.45,64.56,63.68,28519136.0,499211616.0
2012-04-26,65.67,66.6,65.23,65.05,23567318.0,419370656.0
2012-04-25,65.05,65.78,65.6,64.75,25397290.0,449043136.0
2012-04-24,65.78,66.56,65.23,63.97,44588100.0,785814720.0
2012-04-23,65.56,67.19,65.93,64.86,59059996.0,1056165120.0
2012-04-20,63.57,65.86,65.56,63.12,73926648.0,1295421824.0
2012-04-19,63.2,64.82,63.97,63.01,46284284.0,802176064.0
2012-04-18,61.57,63.75,63.38,61.05,39777032.0,674472320.0
2012-04-17,63.34,63.71,61.35,61.31,29056336.0,489759200.0
2012-04-16,63.49,63.75,63.34,62.83,31627002.0,541509888.0
2012-04-13,63.94,64.86,64.19,63.46,58781724.0,1021472256.0
2012-04-12,63.57,63.9,63.83,62.38,42096276.0,721036032.0
2012-04-11,62.09,64.16,63.05,61.76,42430744.0,724509952.0
2012-04-10,61.72,63.2,62.98,60.61,32841254.0,549862400.0
2012-04-09,61.94,64.05,62.01,61.27,40066192.0,683633216.0
2012-04-06,62.42,63.23,62.38,61.2,45832104.0,772349120.0
2012-04-05,58.39,63.27,62.42,58.39,89160144.0,1472994048.0
2012-03-30,57.95,58.98,58.32,57.58,26566332.0,417873696.0
2012-03-29,57.21,57.99,57.36,56.17,32343448.0,501816416.0
2012-03-28,59.13,59.32,57.25,57.17,31102370.0,487491776.0
2012-03-27,58.43,59.39,59.17,58.39,26832536.0,428751552.0
2012-03-26,58.21,58.58,58.1,57.54,14654436.0,229863232.0
2012-03-23,58.87,58.87,58.1,57.8,20901600.0,329048480.0
2012-03-22,58.98,59.46,59.02,58.76,17292364.0,276566880.0
2012-03-21,59.28,59.76,58.8,58.39,28450460.0,454764384.0
2012-03-20,59.8,59.8,58.73,58.54,25107020.0,401185248.0
2012-03-19,59.43,60.24,60.2,58.36,35713496.0,571348544.0
2012-03-16,59.32,59.72,59.58,58.02,48137796.0,769172864.0
2012-03-15,61.42,61.94,59.21,58.76,64263284.0,1044268352.0
2012-03-14,64.16,64.79,61.79,61.5,67127520.0,1153090560.0
2012-03-13,63.49,64.16,63.9,63.01,39688556.0,683483712.0
2012-03-12,64.64,64.9,63.49,62.83,32422680.0,559574656.0
2012-03-09,63.6,64.45,64.38,63.2,34738936.0,600990464.0
2012-03-08,62.57,63.46,63.34,62.57,30358716.0,518101120.0
2012-03-07,62.83,63.31,62.31,61.79,50800156.0,858837504.0
2012-03-06,66.08,66.08,63.53,63.38,60597296.0,1054579968.0
2012-03-05,67.67,68.19,66.45,66.19,53338160.0,968915712.0
2012-03-02,65.78,67.45,67.37,65.78,52691436.0,949720768.0
2012-03-01,66.6,66.75,65.71,65.49,32726572.0,585947136.0
2012-02-29,67.63,68.08,66.3,66.08,43884704.0,793181888.0
2012-02-28,67.41,68.74,68.3,67.26,50542552.0,929025536.0
2012-02-27,67.93,69.15,67.59,67.19,78677416.0,1454713600.0
2012-02-24,65.19,69.33,67.56,64.31,81114128.0,1467424384.0
2012-02-23,65.41,65.78,65.19,64.75,37694720.0,664889216.0
2012-02-22,64.08,65.6,65.38,63.86,37215664.0,654135936.0
2012-02-21,63.6,64.53,64.12,62.86,23469736.0,405285120.0
2012-02-20,64.05,64.82,63.6,63.57,38295064.0,665150208.0
2012-02-17,63.9,63.94,63.01,62.72,25427864.0,434517824.0
2012-02-16,64.01,64.19,63.38,62.79,32516032.0,559477440.0
2012-02-15,63.12,64.27,63.97,62.42,34858376.0,599500800.0
2012-02-14,63.75,64.08,63.2,62.46,29108032.0,495702656.0
2012-02-13,63.2,64.64,63.75,62.57,33312384.0,573668736.0
2012-02-10,63.94,66.15,64.71,63.38,51603736.0,910758528.0
2012-02-09,63.2,64.79,64.31,62.57,48739196.0,841502720.0
2012-02-08,60.91,63.49,63.38,60.87,38356844.0,649276032.0
2012-02-07,62.68,62.68,61.05,60.65,24609190.0,408235680.0
2012-02-06,61.9,63.38,63.09,61.9,38851392.0,658536768.0
2012-02-03,61.72,62.35,61.79,60.5,38288760.0,636359616.0
2012-02-02,61.02,62.53,62.46,59.72,47103708.0,778996864.0
2012-02-01,63.75,64.31,61.13,60.91,39488748.0,667066304.0
2012-01-31,63.94,64.49,64.19,63.16,24972396.0,430889824.0
2012-01-30,66.15,66.3,64.23,63.49,31508828.0,550593984.0
2012-01-20,63.49,65.97,65.75,63.38,52159176.0,915758976.0
2012-01-19,61.65,63.71,63.38,61.39,40408048.0,688850688.0
2012-01-18,61.24,64.05,62.16,60.8,65174968.0,1098482176.0
2012-01-17,56.55,60.8,60.72,56.47,38076100.0,608722880.0
2012-01-16,57.1,58.1,56.47,56.17,18629200.0,289054624.0
2012-01-13,61.05,61.31,58.21,58.1,38441744.0,614091072.0
2012-01-12,60.24,62.2,61.02,59.69,36331752.0,601635968.0
2012-01-11,61.35,61.53,60.54,59.58,35876544.0,586527744.0
2012-01-10,57.51,61.5,61.31,57.28,54621544.0,881866304.0
2012-01-09,54.77,57.65,57.47,53.81,31150604.0,473500768.0
2012-01-06,55.1,55.51,54.4,53.22,21936088.0,322758976.0
2012-01-05,56.36,56.62,55.14,54.84,20387564.0,306923552.0
2012-01-04,58.43,58.76,56.47,56.43,20791592.0,325448320.0
