date,open,high,close,low,volume,amount
2015-07-10,555.02,555.91,555.91,531.12,7007845.0,87445248.0
2015-07-09,460.31,505.45,505.45,460.31,22889756.0,257623824.0
2015-07-08,458.53,511.2,459.42,458.53,64457528.0,686069760.0
2015-07-07,544.84,564.76,509.43,509.43,22133076.0,262595568.0
2015-07-06,602.82,602.82,566.09,503.68,40159712.0,516043968.0
2015-07-03,579.81,624.07,547.94,543.07,33165720.0,423540704.0
2015-07-02,663.9,682.93,603.26,603.26,39975068.0,569985088.0
2015-07-01,709.05,782.52,670.1,667.44,42013192.0,704680384.0
2015-06-30,677.18,761.27,741.36,636.46,39556428.0,618672832.0
2015-06-29,818.81,825.45,707.27,707.27,40327056.0,676671296.0
2015-06-26,808.19,852.0,786.06,786.06,35703604.0,647634624.0
2015-06-25,876.35,942.74,873.25,810.4,72590096.0,1464759808.0
2015-06-24,783.4,858.64,858.64,761.27,61667944.0,1130853248.0
2015-06-23,843.15,844.92,780.75,756.4,54648460.0,969753024.0
2015-06-19,764.37,840.94,840.5,727.63,81940088.0,1530161152.0
2015-06-18,764.37,764.37,764.37,764.37,546945.0,9445740.0
2015-06-17,694.88,694.88,694.88,694.88,654160.0,10270312.0
2015-04-07,636.02,643.54,631.59,622.3,26430942.0,376310624.0
2015-04-03,592.2,636.46,636.02,590.43,28654928.0,403221024.0
2015-04-02,586.45,600.61,596.62,583.79,20074064.0,268676512.0
2015-04-01,566.53,589.99,588.22,564.32,19774332.0,260058816.0
2015-03-31,578.92,581.58,565.64,564.32,11323056.0,146595936.0
2015-03-30,567.41,582.02,578.04,564.76,12738984.0,164730128.0
2015-03-27,564.32,570.07,566.09,562.1,8217932.0,105101400.0
2015-03-26,566.53,570.07,562.1,560.77,12268047.0,156459456.0
2015-03-25,589.99,590.87,573.61,566.53,16488749.0,214849312.0
2015-03-24,573.17,590.87,588.66,557.68,24162636.0,315577728.0
2015-03-23,570.96,584.67,575.82,561.22,20250112.0,261502496.0
2015-03-20,577.59,579.36,572.73,570.51,10106423.0,130905904.0
2015-03-19,572.73,579.36,576.71,565.2,15233502.0,197175264.0
2015-03-18,564.32,578.48,571.84,563.87,14661684.0,188831344.0
2015-03-17,555.91,584.67,570.95,550.15,29940308.0,384266400.0
2015-03-16,533.33,559.89,553.25,531.56,23039974.0,283672512.0
2015-03-13,515.63,527.58,525.81,513.86,14911354.0,175341968.0
2015-03-12,516.07,529.79,514.3,511.2,13945839.0,163326768.0
2015-03-11,524.48,527.58,516.51,511.2,12100547.0,141474048.0
2015-03-10,523.15,535.55,528.02,520.5,14904940.0,177331104.0
2015-03-09,511.2,530.24,522.71,505.01,15972883.0,186997376.0
2015-03-06,521.83,522.71,510.76,505.01,15444004.0,179655408.0
2015-03-05,512.97,524.48,515.63,500.58,20405052.0,236099344.0
2015-03-04,498.37,524.48,512.53,498.37,23698464.0,273968064.0
2015-03-03,504.56,505.89,499.7,495.71,16296707.0,184739216.0
2015-03-02,500.58,507.22,507.22,498.37,19920414.0,226261184.0
2015-02-27,481.11,509.88,502.35,479.34,34377552.0,382804800.0
2015-02-26,471.37,483.32,481.11,470.04,12578945.0,135926160.0
2015-02-25,480.66,480.66,471.81,470.93,9552488.0,102342456.0
2015-02-17,474.47,481.11,480.66,470.93,11698168.0,126087976.0
2015-02-16,469.16,474.91,472.7,467.83,8243848.0,87895888.0
2015-02-13,466.94,473.14,467.83,466.5,8763992.0,93086632.0
2015-02-12,458.98,468.71,465.62,458.98,7119181.0,74850080.0
2015-02-11,457.65,463.84,460.75,453.67,7902024.0,81751192.0
2015-02-10,455.44,459.42,458.98,452.34,5879311.0,60534108.0
2015-02-09,442.6,456.76,454.11,442.6,8349110.0,85208800.0
2015-02-06,462.96,465.17,446.14,444.81,10800232.0,110921432.0
2015-02-05,472.25,474.02,462.96,461.63,9593880.0,101165416.0
2015-02-04,474.02,481.99,468.27,467.38,11639920.0,124859592.0
2015-02-03,475.8,482.43,474.47,471.81,12593074.0,135322960.0
2015-02-02,460.3,479.78,472.7,458.98,14218783.0,152060064.0
2015-01-30,476.68,478.45,464.29,462.07,11145391.0,118228016.0
2015-01-29,475.8,484.65,475.8,474.02,12715927.0,137458704.0
2015-01-28,471.37,500.14,482.43,466.5,26753076.0,293702048.0
2015-01-27,480.22,481.99,473.58,463.85,16870942.0,180144384.0
2015-01-26,455.88,482.43,479.78,454.99,23022452.0,245792320.0
2015-01-23,453.67,469.16,457.65,448.35,16200372.0,167895680.0
2015-01-22,451.45,457.65,451.01,447.47,9419880.0,96219904.0
2015-01-21,434.19,450.12,448.8,434.19,11247782.0,112839384.0
2015-01-20,429.32,436.85,434.63,427.11,6248135.0,61084780.0
2015-01-19,434.19,441.71,425.34,419.14,8534010.0,83542392.0
2015-01-16,446.14,447.47,445.7,439.5,6627395.0,66492956.0
2015-01-15,437.29,444.81,444.81,436.85,4722458.0,47121872.0
2015-01-14,444.37,444.81,436.85,432.86,6219178.0,61604652.0
2015-01-13,439.5,445.25,444.37,439.5,5324002.0,53255456.0
2015-01-12,455.44,455.44,439.94,438.62,12053653.0,121057904.0
2015-01-09,463.85,467.38,458.98,457.65,9736470.0,101915096.0
2015-01-08,479.78,484.2,466.5,466.06,11964920.0,128177624.0
2015-01-07,474.47,485.09,479.78,472.7,13833674.0,149717552.0
2015-01-06,465.62,484.2,476.24,461.19,12838114.0,137766656.0
2015-01-05,459.86,471.81,469.6,458.53,9503061.0,100067992.0
2014-12-31,456.32,463.4,462.96,453.67,7379635.0,76417712.0
2014-12-30,478.01,479.34,457.65,456.76,12382988.0,130059848.0
2014-12-29,479.78,489.96,478.45,474.91,15758797.0,171553136.0
2014-12-26,463.85,480.22,478.01,461.19,15253429.0,162621088.0
2014-12-25,463.85,466.94,464.73,458.98,8229820.0,86067312.0
2014-12-24,458.53,464.73,464.29,452.34,8742098.0,90450368.0
2014-12-23,455.44,466.5,456.32,452.78,8641648.0,89510960.0
2014-12-22,464.73,467.83,454.99,451.01,12689703.0,130828344.0
2014-12-19,474.02,486.42,466.5,460.75,18533874.0,197692752.0
2014-12-18,477.12,485.53,475.8,474.91,10099335.0,109478368.0
2014-12-17,491.29,491.73,478.89,473.58,14481581.0,157717072.0
2014-12-16,496.15,500.14,493.06,486.86,14437646.0,160542576.0
2014-12-15,479.34,502.35,498.37,476.68,23273838.0,259398096.0
2014-12-12,484.2,485.98,481.99,477.57,11641392.0,126521160.0
2014-12-11,471.81,490.4,484.65,470.93,24880166.0,270741600.0
2014-12-10,459.42,478.01,477.56,452.78,24452916.0,259632272.0
2014-12-09,458.98,478.01,451.01,449.24,26868484.0,282798784.0
2014-12-08,451.45,464.29,454.99,450.57,12920205.0,133085656.0
2014-12-05,474.02,474.91,451.45,443.49,23168080.0,239253264.0
2014-12-04,469.16,474.91,473.58,465.17,16596940.0,176632368.0
2014-12-03,469.16,470.48,470.04,462.07,15457949.0,162741696.0
2014-12-02,458.98,472.25,468.27,458.98,13146083.0,139053376.0
2014-12-01,466.5,468.27,459.42,458.09,12493611.0,130367384.0
2014-11-28,473.58,480.22,467.38,463.84,18263778.0,194442640.0
2014-11-27,483.32,485.97,474.91,470.04,16866688.0,180706768.0
2014-11-26,486.42,486.42,481.55,476.68,17566688.0,190623168.0
2014-11-25,473.14,498.37,486.42,470.48,32709564.0,362395296.0
2014-11-24,480.22,480.22,473.14,466.94,19536752.0,208592512.0
2014-11-21,467.83,473.58,473.14,463.84,16497827.0,174759872.0
2014-11-20,453.22,468.71,467.38,450.57,16907020.0,176882368.0
2014-11-19,456.76,461.19,454.55,453.22,10518172.0,108494576.0
2014-11-18,451.45,457.65,456.32,450.57,9292677.0,95438808.0
2014-11-17,467.83,470.48,454.55,449.68,15506264.0,160730384.0
2014-11-14,463.84,478.01,463.84,458.09,22781300.0,240692512.0
2014-11-13,474.02,481.55,465.61,462.07,27413624.0,291643520.0
2014-11-12,437.29,481.99,473.58,435.96,44125920.0,465552032.0
2014-11-11,451.01,461.19,438.62,433.75,23915742.0,242470016.0
2014-11-10,434.19,444.81,444.37,431.09,14152239.0,141071440.0
2014-11-07,435.07,441.71,431.98,428.44,13504526.0,133433488.0
2014-11-06,428.44,437.29,434.63,427.55,7994260.0,78282624.0
2014-11-05,427.55,433.75,428.88,425.34,5966749.0,57967024.0
2014-11-04,438.17,438.17,429.76,428.44,10758262.0,104966888.0
2014-11-03,436.85,443.04,439.06,435.07,12472706.0,123687280.0
2014-10-31,442.16,446.58,437.29,433.75,16919416.0,168305728.0
2014-10-30,438.17,449.68,442.16,436.4,25271496.0,253125232.0
2014-10-29,413.83,451.45,440.83,412.5,33653760.0,331201632.0
2014-10-28,402.32,414.27,412.06,402.32,8122638.0,75110016.0
2014-10-27,395.66,403.66,403.21,393.0,4287417.0,38696872.0
2014-10-24,399.21,402.32,398.33,396.11,4236093.0,38143408.0
2014-10-23,409.87,411.65,397.0,396.11,8118695.0,73508920.0
2014-10-22,417.42,421.42,409.43,408.54,5301592.0,49620396.0
2014-10-21,421.86,423.19,418.75,417.87,4348578.0,41179332.0
2014-10-20,419.2,423.64,421.86,417.87,7088622.0,67086436.0
2014-10-17,422.31,427.19,417.87,412.98,6988761.0,66024832.0
2014-10-16,421.86,432.52,422.75,421.42,8865504.0,85479224.0
2014-10-15,425.42,428.97,424.53,418.75,8320413.0,79349088.0
2014-10-14,431.63,434.3,427.19,424.97,7808551.0,75633216.0
2014-10-13,426.75,432.08,431.19,421.86,9371627.0,89907360.0
2014-10-10,441.4,441.4,428.52,428.08,17958184.0,175231728.0
2014-10-09,446.73,450.28,441.4,439.62,11660014.0,116489984.0
2014-10-08,449.84,450.28,447.17,442.73,7860490.0,78908120.0
2014-09-30,448.95,450.28,449.84,444.95,7337088.0,73917184.0
2014-09-29,446.29,451.62,446.73,444.51,8232641.0,82891576.0
2014-09-26,445.84,449.84,444.51,441.85,7411197.0,74124712.0
2014-09-25,452.06,455.17,445.4,443.62,11230682.0,113452624.0
2014-09-24,452.95,456.5,452.06,445.4,14435117.0,146485376.0
2014-09-23,448.06,456.06,452.5,444.06,8838284.0,89633224.0
2014-09-22,451.17,459.16,450.28,444.06,14504197.0,147472560.0
2014-09-19,439.18,453.83,452.06,439.18,17655856.0,178311536.0
2014-09-18,435.18,441.4,438.29,433.41,8308955.0,82023968.0
2014-09-17,432.96,438.74,436.52,429.86,8741804.0,85582512.0
2014-09-16,443.18,456.94,432.52,428.52,23646228.0,237665472.0
2014-09-15,431.19,445.84,441.4,429.41,15445683.0,152551056.0
2014-09-12,428.52,432.52,432.08,424.53,9219653.0,89009584.0
2014-09-11,436.96,440.07,428.97,427.63,15026195.0,146845312.0
2014-09-10,434.3,437.4,436.96,431.19,9893803.0,96912088.0
2014-09-09,438.74,438.74,433.85,428.52,14270558.0,138784608.0
2014-09-05,442.29,446.29,439.18,436.52,17577342.0,174407472.0
2014-09-04,437.4,444.07,440.07,436.07,13490796.0,133626768.0
2014-09-03,439.62,447.62,437.85,437.4,13850805.0,137933216.0
2014-09-02,441.4,441.85,439.62,433.41,13112444.0,129199920.0
2014-09-01,422.75,442.73,439.18,422.75,15770584.0,154357024.0
2014-08-29,416.53,421.86,421.86,413.87,7248632.0,68235408.0
2014-08-28,410.76,424.53,417.87,406.76,12842498.0,120206632.0
2014-08-27,412.98,416.53,410.32,408.98,8258159.0,76634960.0
2014-08-26,424.53,428.08,409.87,408.99,13665227.0,128462648.0
2014-08-25,420.8,428.23,424.73,415.99,15850738.0,153173568.0
2014-08-22,417.3,454.44,426.91,414.24,47436392.0,468504736.0
2014-08-21,399.82,415.55,414.68,398.51,29161216.0,270566112.0
2014-08-20,381.47,399.82,398.07,380.16,24652284.0,221767440.0
2014-08-19,380.16,383.22,382.78,378.41,7487382.0,65351040.0
2014-08-18,377.54,381.03,380.16,376.66,5718642.0,49610936.0
2014-08-15,373.17,378.41,376.23,373.17,4511198.0,38851484.0
2014-08-14,382.78,382.78,373.6,372.73,7881057.0,68304808.0
2014-08-13,382.34,383.65,382.34,377.1,8692584.0,75712592.0
2014-08-12,377.54,383.65,381.03,376.23,9632947.0,83847952.0
2014-08-11,370.55,378.41,377.1,369.24,6213532.0,53271356.0
2014-08-08,371.42,373.17,369.67,368.36,5492437.0,46524040.0
2014-08-07,374.92,378.85,371.42,370.98,8444598.0,72519088.0
2014-08-06,374.48,376.66,376.23,369.67,6811236.0,58211648.0
2014-08-05,380.16,380.16,376.23,372.29,11237709.0,96515720.0
2014-08-04,377.54,380.16,379.29,375.35,10220848.0,88533320.0
2014-08-01,381.91,383.65,379.29,374.04,16961396.0,147242256.0
2014-07-31,368.8,387.59,382.78,368.8,19100012.0,165025424.0
2014-07-30,370.11,377.97,371.42,366.18,15718015.0,133608688.0
2014-07-29,364.87,377.97,371.86,361.37,17596354.0,149140576.0
2014-07-28,358.31,364.87,363.12,357.0,10923579.0,90297688.0
2014-07-25,350.88,358.75,357.87,350.88,7177773.0,58466720.0
2014-07-24,351.32,354.38,352.19,348.26,4529355.0,36403872.0
2014-07-23,353.07,355.69,352.19,349.57,4944375.0,39958104.0
2014-07-22,350.44,356.13,353.07,349.57,5186441.0,41901264.0
2014-07-21,349.57,351.76,350.01,345.64,3055232.0,24321024.0
2014-07-18,350.44,352.63,350.01,347.39,3204550.0,25691146.0
2014-07-17,349.57,352.63,350.88,347.39,4472635.0,35782792.0
2014-07-16,357.87,359.19,350.88,350.45,9521443.0,77245960.0
2014-07-15,355.69,363.55,359.19,353.07,16386874.0,134579296.0
2014-07-14,350.01,356.13,355.69,348.7,6883907.0,55517620.0
2014-07-11,341.71,350.01,350.01,340.83,6855064.0,54332436.0
2014-07-10,338.21,343.02,342.14,338.21,3503603.0,27284234.0
2014-07-09,346.95,348.26,338.65,337.77,7132023.0,55759256.0
2014-07-08,353.07,354.81,348.26,346.51,7124359.0,56953816.0
2014-07-07,343.89,351.76,350.44,342.14,6754902.0,53751828.0
2014-07-04,342.58,348.26,344.33,342.14,5836659.0,46070416.0
2014-07-03,339.96,345.2,343.02,339.08,5687934.0,44557180.0
2014-07-02,339.52,340.83,340.83,336.9,4969930.0,38577656.0
2014-07-01,339.08,339.52,338.21,335.59,3000272.0,23146864.0
2014-06-30,336.46,340.39,339.08,333.4,5416182.0,41723416.0
2014-06-27,332.97,336.9,336.02,331.66,3599314.0,27587358.0
2014-06-26,330.35,334.28,332.97,330.35,3899251.0,29680830.0
2014-06-25,332.53,332.97,330.35,329.91,2121944.0,16057636.0
2014-06-24,329.47,333.4,332.97,328.16,2753934.0,20856262.0
2014-06-23,326.85,330.35,327.72,326.85,2649691.0,19933720.0
2014-06-20,326.85,329.03,327.29,324.23,3054617.0,22814432.0
2014-06-19,331.66,338.65,327.29,326.41,5753883.0,43793968.0
2014-06-18,336.02,337.77,331.22,330.35,4785446.0,36655000.0
2014-06-17,343.45,343.45,337.34,336.46,3963056.0,30772012.0
2014-06-16,343.02,345.2,343.89,341.71,3424517.0,26923540.0
2014-06-13,341.27,346.51,344.33,339.08,5438807.0,42777296.0
2014-06-12,345.64,346.51,343.02,340.83,3147698.0,24697416.0
2014-06-11,339.96,351.76,345.2,338.65,3721255.0,29072776.0
2014-06-10,336.02,341.71,341.71,334.28,4186064.0,32491988.0
2014-06-09,338.65,339.52,335.59,335.15,3345544.0,25814584.0
2014-06-06,343.02,343.89,339.08,337.34,4353162.0,33809128.0
2014-06-05,341.71,343.45,343.02,339.52,3088205.0,24133440.0
2014-06-04,348.7,350.44,341.71,339.08,4414183.0,34606060.0
2014-06-03,350.01,350.88,348.26,347.82,3341006.0,26699036.0
2014-05-30,350.88,351.76,349.57,346.95,3245598.0,25970728.0
2014-05-29,352.63,357.87,352.63,347.39,7523003.0,60728896.0
2014-05-28,350.44,353.07,352.63,347.39,3875411.0,31077536.0
2014-05-27,351.32,353.94,351.32,350.88,2740272.0,22082560.0
2014-05-26,349.57,354.81,354.38,349.57,4855189.0,39166236.0
2014-05-23,346.08,350.01,349.57,344.76,2442782.0,19386420.0
2014-05-22,349.57,352.63,346.95,346.95,3388368.0,27155486.0
2014-05-21,345.2,349.57,349.57,341.27,2540778.0,20141652.0
2014-05-20,350.01,351.76,345.2,344.76,2880654.0,22898200.0
2014-05-19,349.57,349.57,345.2,344.76,3164016.0,25049012.0
2014-05-16,354.81,354.81,350.44,345.64,4174749.0,33405048.0
2014-05-15,361.81,361.81,354.81,352.63,4445151.0,36207744.0
2014-05-14,360.5,363.99,362.24,359.19,2730574.0,22611548.0
2014-05-13,363.55,365.74,360.93,359.19,3341510.0,27672856.0
2014-05-12,356.56,364.87,364.43,353.94,6767010.0,55837808.0
2014-05-09,360.93,363.12,354.81,348.26,6977620.0,56601404.0
2014-05-08,360.5,368.8,361.37,359.19,5756169.0,47826828.0
2014-05-07,371.42,371.86,363.99,363.55,5689579.0,47872076.0
2014-05-06,374.04,379.72,373.17,370.55,5143229.0,44196264.0
2014-05-05,373.6,376.66,374.92,370.11,4171679.0,35648880.0
2014-04-30,368.8,374.92,373.17,366.61,4984965.0,42383516.0
2014-04-29,359.62,368.8,368.36,358.31,4542926.0,37780656.0
2014-04-28,362.68,369.23,358.31,357.44,5548072.0,46033312.0
2014-04-25,368.8,375.35,363.99,363.55,6547069.0,55393492.0
2014-04-24,379.28,379.28,369.67,368.36,7241215.0,61881924.0
2014-04-23,386.71,389.77,380.16,379.28,5602535.0,49243632.0
2014-04-22,387.59,391.52,386.71,374.04,9354231.0,82079240.0
2014-04-21,391.52,398.95,389.77,388.9,9124874.0,82018944.0
2014-04-18,391.96,395.89,395.45,387.59,6475518.0,58227316.0
2014-04-17,393.27,396.33,392.83,389.33,9871770.0,88694536.0
2014-04-16,395.45,404.63,396.33,384.53,25017572.0,225882208.0
2014-04-15,422.98,427.35,416.86,415.55,7449999.0,71934720.0
2014-04-14,427.35,427.79,423.86,418.61,6597677.0,63793432.0
2014-04-11,417.3,426.48,425.6,415.55,9769049.0,94182664.0
2014-04-10,415.12,431.72,422.98,415.12,18053198.0,174900640.0
2014-04-09,404.63,408.56,405.94,402.01,7373148.0,68295272.0
2014-04-08,398.95,405.5,404.63,396.33,6233299.0,57453968.0
2014-04-04,393.27,401.57,400.26,391.08,5605271.0,51157800.0
2014-04-03,391.08,393.7,392.39,388.02,6084636.0,54405416.0
2014-04-02,402.01,402.44,390.21,386.71,11846449.0,106376624.0
2014-04-01,393.27,401.13,400.26,390.21,8559379.0,77827280.0
2014-03-31,432.16,433.9,394.58,393.27,21479736.0,199746688.0
2014-03-28,431.28,450.07,433.9,429.1,21828826.0,219724032.0
2014-03-27,436.96,445.27,429.54,428.66,16851260.0,168864400.0
2014-03-26,449.2,449.63,438.27,436.96,17053924.0,172117824.0
2014-03-25,433.9,461.0,450.95,433.47,31013056.0,320440992.0
2014-03-24,436.96,443.08,436.53,425.17,22929836.0,228434208.0
2014-03-21,414.68,442.21,431.72,410.75,28619720.0,280093248.0
2014-03-20,409.87,442.21,413.8,409.43,26818340.0,260880512.0
2014-03-19,412.93,414.24,413.8,402.44,12042587.0,112595504.0
2014-03-18,412.06,423.42,416.43,409.87,18720918.0,178374624.0
2014-03-17,398.07,411.62,411.18,396.33,11483862.0,106268352.0
2014-03-14,407.25,409.0,399.82,395.45,14857037.0,136485120.0
2014-03-13,407.25,422.98,412.06,406.81,18408872.0,174317376.0
2014-03-12,415.12,422.98,410.75,395.45,25344454.0,237202016.0
2014-03-11,427.35,436.53,419.92,411.62,24961972.0,243596736.0
2014-03-10,443.52,447.45,422.11,420.36,27604200.0,273834336.0
2014-03-07,443.52,458.81,450.07,436.96,33175778.0,338455488.0
2014-03-06,426.04,465.37,448.32,415.12,56082040.0,565149824.0
2014-03-05,430.41,437.84,429.54,424.73,37160372.0,366098944.0
2014-03-04,434.34,444.39,437.84,419.48,73491248.0,727184448.0
2014-03-03,372.73,407.69,407.69,372.73,23879578.0,217851904.0
2014-02-28,374.48,374.48,370.55,358.31,13806530.0,115962688.0
2014-02-27,386.27,396.76,380.6,379.28,22721782.0,202462800.0
2014-02-26,366.18,382.34,381.47,358.31,13390909.0,113087544.0
2014-02-25,372.29,391.08,370.54,366.18,18709928.0,163089664.0
2014-02-24,371.42,380.16,373.6,367.92,10280622.0,88035480.0
2014-02-21,385.4,388.46,373.6,370.54,13319147.0,115370720.0
2014-02-20,381.47,400.26,388.46,377.97,25178718.0,224662784.0
2014-02-19,378.85,386.71,379.72,376.66,10540358.0,91966200.0
2014-02-18,386.27,386.27,378.41,376.66,12482685.0,108353424.0
2014-02-17,388.9,392.39,387.15,381.03,12849979.0,113653248.0
2014-02-14,381.03,387.59,384.09,377.97,10479652.0,91810160.0
2014-02-13,375.79,392.83,384.96,369.23,21115880.0,184608560.0
2014-02-12,375.35,381.9,378.85,370.11,11385172.0,97773760.0
2014-02-11,374.91,382.34,374.91,370.54,10303909.0,88735712.0
2014-02-10,362.68,378.41,378.41,359.18,15366644.0,130568808.0
2014-02-07,360.93,364.86,362.68,354.38,6541220.0,54103848.0
2014-01-30,356.56,363.99,362.24,353.5,7114655.0,58557828.0
2014-01-29,353.94,360.93,356.12,352.19,5841188.0,47736968.0
2014-01-28,349.57,357.87,353.94,347.38,6581857.0,53352600.0
2014-01-27,346.95,353.94,349.57,343.01,6162128.0,49227600.0
2014-01-24,346.51,351.75,350.01,344.76,5485813.0,43849360.0
2014-01-23,350.44,353.06,347.82,344.76,5512753.0,43891856.0
2014-01-22,337.33,351.75,350.44,337.33,6673195.0,53017352.0
2014-01-21,336.02,341.27,337.77,331.65,2846952.0,22011812.0
2014-01-20,336.02,338.21,333.4,329.91,2646805.0,20236832.0
2014-01-17,339.52,340.39,335.59,333.84,4213792.0,32482736.0
2014-01-16,336.46,347.82,340.83,335.59,5916360.0,46568784.0
2014-01-15,334.28,338.65,338.21,332.53,3961061.0,30480380.0
2014-01-14,324.23,336.02,335.59,322.92,4193222.0,31678712.0
2014-01-13,324.23,328.6,323.79,320.29,3310672.0,24512792.0
2014-01-10,329.91,333.84,324.66,322.92,4168419.0,31230342.0
2014-01-09,331.22,342.58,330.78,329.91,4408058.0,33891100.0
2014-01-08,340.83,343.89,333.4,331.65,4757141.0,36711624.0
2014-01-07,338.65,348.26,340.83,334.28,3664084.0,28631428.0
2014-01-06,347.82,347.82,338.65,336.02,5021640.0,39089900.0
2014-01-03,360.93,360.93,347.38,345.64,10257360.0,82265504.0
2014-01-02,367.05,368.8,363.55,362.24,6078138.0,50720808.0
2013-12-31,369.23,371.42,370.11,362.24,8279826.0,69485824.0
2013-12-30,368.8,372.29,369.23,364.86,5883803.0,49667240.0
2013-12-27,358.31,365.74,364.43,357.0,6936658.0,57402616.0
2013-12-26,359.62,368.8,359.62,354.81,9456580.0,78326048.0
2013-12-25,354.81,360.93,359.18,354.81,4086360.0,33453876.0
2013-12-24,354.38,362.24,356.56,351.75,5721563.0,46770072.0
2013-12-23,360.06,364.43,354.38,350.01,6617781.0,53820240.0
2013-12-20,365.3,373.6,363.12,359.18,7196576.0,60292520.0
2013-12-19,376.66,378.85,363.99,362.68,8301375.0,70009392.0
2013-12-18,374.48,378.41,374.48,369.23,7154095.0,61207072.0
2013-12-17,384.09,388.9,374.04,367.05,12800223.0,110804120.0
2013-12-16,412.93,415.11,384.96,383.65,23578628.0,212602672.0
2013-12-13,405.06,420.8,409.0,398.51,20232278.0,190541744.0
2013-12-12,388.02,422.98,406.38,388.02,25916112.0,241731360.0
2013-12-11,393.27,397.2,388.02,381.47,12417740.0,110536496.0
2013-12-10,392.83,416.43,400.69,392.39,21459806.0,199775696.0
2013-12-09,383.65,394.14,389.33,383.65,13077435.0,116621776.0
2013-12-06,377.97,385.84,379.72,377.54,11515771.0,100579432.0
2013-12-05,375.35,380.59,379.28,371.42,9676894.0,83331744.0
2013-12-04,363.55,386.71,377.97,362.24,18213292.0,157846144.0
2013-12-03,350.88,364.86,363.12,346.95,8437789.0,69120328.0
2013-12-02,366.18,370.98,351.75,350.01,15336337.0,126597056.0
2013-11-29,379.28,383.22,379.28,373.17,8546277.0,73827792.0
2013-11-28,374.48,386.71,377.1,374.48,13411224.0,117385864.0
2013-11-27,374.91,380.59,374.04,369.23,12321668.0,105479984.0
2013-11-26,370.98,384.53,374.04,367.49,19677424.0,169345216.0
2013-11-25,356.12,377.1,371.42,352.19,22555378.0,189753296.0
2013-11-22,363.12,363.55,355.69,352.63,8142349.0,66589848.0
2013-11-21,357.0,368.8,363.99,352.19,14418078.0,119060672.0
2013-11-20,353.5,357.44,357.0,352.63,7747914.0,63036672.0
2013-11-19,353.5,357.0,353.5,349.57,8853431.0,71561256.0
2013-11-18,351.32,357.44,355.69,346.07,14585891.0,117970176.0
2013-11-15,327.72,360.06,345.2,324.66,18209844.0,145407072.0
2013-11-14,323.35,329.91,327.29,319.42,6599336.0,49104880.0
2013-11-13,332.09,333.84,325.54,325.1,6208449.0,46792228.0
2013-11-12,331.65,337.33,336.46,328.16,6823632.0,52092776.0
2013-11-11,338.21,340.39,332.09,327.29,6955655.0,52801104.0
2013-11-08,345.64,347.38,338.21,333.4,12310418.0,95727256.0
2013-11-07,345.2,353.94,345.64,342.14,7270657.0,57889464.0
2013-11-06,353.94,356.56,348.26,347.82,9780620.0,78906744.0
2013-11-05,344.33,361.81,357.87,338.65,13281797.0,106146928.0
2013-11-04,354.38,357.87,348.26,347.38,9297741.0,74876464.0
2013-11-01,353.5,362.68,357.0,346.07,12102729.0,98351608.0
2013-10-31,358.31,364.43,352.63,348.7,10409396.0,85150816.0
2013-10-30,351.32,364.86,362.24,348.26,13184343.0,107124472.0
2013-10-29,371.86,374.04,356.56,340.83,31462872.0,258169920.0
2013-10-28,397.63,410.74,376.66,371.86,32242836.0,290273440.0
2013-10-25,388.9,410.74,396.76,384.53,29408620.0,268780768.0
2013-10-24,415.11,415.11,395.45,379.72,38339884.0,347405696.0
2013-10-23,402.0,429.53,415.99,402.0,84825680.0,826254272.0
2013-10-22,393.27,408.56,390.64,381.47,38745828.0,352716544.0
2013-10-21,384.53,397.63,391.95,371.86,30775006.0,272168288.0
2013-10-18,361.37,364.43,363.12,355.69,9619258.0,79441056.0
2013-10-17,374.48,378.85,365.3,356.56,15647789.0,131882552.0
2013-10-16,394.58,394.58,371.86,367.05,23093810.0,198575456.0
2013-10-15,394.14,399.82,393.7,386.71,25158764.0,226313456.0
2013-10-14,415.11,418.17,402.0,388.9,67733080.0,627253248.0
2013-10-11,372.29,398.51,398.51,367.05,65781784.0,591700288.0
2013-10-10,348.26,363.99,362.24,343.89,22395628.0,182963280.0
2013-10-09,346.51,349.13,348.7,340.39,11066301.0,87258672.0
2013-10-08,348.26,348.26,348.26,339.96,9579858.0,75525136.0
2013-09-30,358.31,361.8,350.01,347.82,13057081.0,105626928.0
2013-09-27,341.27,358.75,357.0,339.96,18273840.0,147841952.0
2013-09-26,358.31,358.31,347.38,336.46,26830128.0,211413744.0
2013-09-25,360.93,387.58,365.74,357.44,40676128.0,347789152.0
2013-09-24,356.56,369.67,362.24,340.83,27060444.0,220530032.0
2013-09-23,349.13,362.24,357.87,345.64,21715444.0,176573728.0
2013-09-18,339.52,356.56,350.44,336.46,21563560.0,170976432.0
2013-09-17,361.81,362.24,339.08,334.28,27805832.0,219960368.0
2013-09-16,362.68,370.98,363.99,358.75,17203294.0,143100896.0
2013-09-13,375.79,381.9,361.8,356.56,40829536.0,343645600.0
2013-09-12,380.16,390.64,387.15,372.29,50369580.0,442967424.0
2013-09-11,394.58,394.58,394.58,380.16,101033456.0,905946432.0
2013-09-10,345.2,358.75,358.75,345.2,42261256.0,345862784.0
2013-09-09,316.8,327.72,325.97,308.93,23944250.0,174040080.0
2013-09-06,301.5,316.8,311.99,299.32,14724600.0,104289768.0
2013-09-05,307.18,307.18,302.38,297.57,8545580.0,58851056.0
2013-09-04,303.25,313.3,309.37,300.63,12423256.0,87476856.0
2013-09-03,300.19,308.06,303.69,298.01,8822158.0,61274788.0
2013-09-02,316.8,318.55,302.38,297.13,14187861.0,98944720.0
2013-08-30,298.44,326.85,313.3,298.44,29405638.0,212135056.0
2013-08-29,306.31,308.93,299.76,296.26,15842032.0,109731528.0
2013-08-28,286.65,320.73,309.37,284.9,35786856.0,252082544.0
2013-08-27,283.59,298.44,291.45,283.59,18111852.0,121250704.0
2013-08-26,267.86,282.28,279.66,267.86,8525217.0,54456608.0
2013-08-23,269.61,273.1,267.86,264.36,1897414.0,11683720.0
2013-08-22,270.48,270.48,267.42,266.98,1232150.0,7572681.0
2013-08-21,266.57,268.27,267.85,265.29,1304356.0,8163454.0
2013-08-20,269.13,269.98,266.14,264.44,1604394.0,10056392.0
2013-08-19,265.71,269.55,269.13,264.86,1644395.0,10332188.0
2013-08-16,268.7,272.54,266.14,265.71,3458504.0,21826680.0
2013-08-15,272.96,272.96,269.98,269.13,3162559.0,20060974.0
2013-08-14,265.29,276.38,274.25,264.01,10570201.0,67551728.0
2013-08-13,265.71,266.57,265.71,263.58,1922320.0,11945574.0
2013-08-12,260.17,265.71,265.29,259.74,3364318.0,20832876.0
2013-08-09,260.17,264.44,260.17,258.04,1783414.0,10900531.0
2013-08-08,262.3,263.58,260.17,258.89,1825678.0,11171463.0
2013-08-07,273.82,273.82,263.15,262.73,2302721.0,14356776.0
2013-08-06,260.17,264.44,264.44,260.17,2603886.0,16071917.0
2013-08-05,260.17,262.3,261.02,258.46,1770200.0,10800791.0
2013-08-02,261.45,262.3,261.02,259.32,1596783.0,9766153.0
2013-08-01,262.3,264.86,261.88,258.04,4251431.0,26037108.0
2013-07-31,261.45,265.71,263.15,260.6,1575644.0,9679467.0
2013-07-30,259.32,263.58,261.45,257.18,1292040.0,7906925.0
2013-07-29,263.58,265.29,259.74,259.32,1756894.0,10783994.0
2013-07-26,264.44,265.71,263.58,262.3,1117033.0,6913307.0
2013-07-25,266.99,268.7,264.44,262.73,1813027.0,11307210.0
2013-07-24,264.86,269.98,267.42,261.45,3197977.0,19908416.0
2013-07-23,253.35,270.41,266.14,251.64,5730895.0,35396608.0
2013-07-22,250.79,252.92,252.92,249.08,1241693.0,7325016.0
2013-07-19,259.32,259.32,252.07,251.64,2044933.0,12279474.0
2013-07-18,250.36,261.02,260.6,245.67,4597170.0,27448432.0
2013-07-17,253.77,255.9,250.36,249.93,1451390.0,8611010.0
2013-07-16,255.91,255.91,254.2,251.64,1503769.0,8933171.0
2013-07-15,255.05,257.61,255.91,253.77,1656067.0,9934058.0
2013-07-12,258.46,261.45,255.05,254.62,2565384.0,15501650.0
2013-07-11,247.8,261.02,260.6,247.38,8294481.0,49838448.0
2013-07-10,249.51,251.64,249.51,245.24,4989822.0,29050108.0
2013-07-09,238.42,253.35,251.64,237.14,4371645.0,25287678.0
2013-07-08,241.4,241.4,237.99,236.29,2210434.0,12381626.0
2013-07-05,244.82,246.52,242.26,242.26,1357822.0,7756859.0
2013-07-04,240.12,247.8,244.82,238.84,3091428.0,17677680.0
2013-07-03,237.99,242.26,240.12,235.43,2524820.0,14084829.0
2013-07-02,235.43,240.55,240.12,232.87,2819308.0,15629176.0
2013-07-01,234.58,236.29,235.86,232.02,1323900.0,7276752.0
2013-06-28,231.59,237.56,234.58,231.59,1161260.0,6387854.0
2013-06-27,238.42,240.55,234.15,232.87,1918533.0,10676023.0
2013-06-26,238.42,240.55,238.42,235.43,1881637.0,10485071.0
2013-06-25,241.83,242.68,239.7,226.05,3971791.0,21968606.0
2013-06-24,255.91,255.91,242.26,241.4,3480009.0,20302934.0
2013-06-21,255.91,258.46,255.91,252.49,1582631.0,9490882.0
2013-06-20,261.88,261.88,257.61,257.19,1855452.0,11277348.0
2013-06-19,263.58,263.58,263.16,259.74,1372409.0,8420129.0
2013-06-18,263.16,266.14,264.86,261.02,1658475.0,10267629.0
2013-06-17,262.3,263.58,263.16,259.74,1454088.0,8938888.0
2013-06-14,262.3,264.01,262.3,260.6,1779339.0,10944842.0
2013-06-13,266.99,266.99,261.88,259.32,2332597.0,14317449.0
2013-06-07,272.96,273.39,268.27,266.99,2901792.0,18347976.0
2013-06-06,274.25,276.8,272.96,272.54,2120844.0,13660907.0
2013-06-05,274.67,275.52,275.1,272.96,2025487.0,13022120.0
2013-06-04,280.22,280.64,275.1,273.82,3269663.0,21215108.0
2013-06-03,281.5,283.2,280.22,279.36,2766391.0,18260954.0
2013-05-31,281.92,285.33,282.35,279.79,5439111.0,36116476.0
2013-05-30,278.94,282.35,281.5,276.8,3266287.0,21381432.0
2013-05-29,280.22,281.5,278.94,277.66,3350049.0,22005144.0
2013-05-28,277.66,281.07,280.64,275.52,3016046.0,19684708.0
2013-05-27,276.38,278.94,277.66,276.38,1853886.0,12059970.0
2013-05-24,273.39,278.51,277.66,273.39,2464775.0,15931954.0
2013-05-23,277.66,277.66,273.39,272.54,3546706.0,22919028.0
2013-05-22,280.64,280.64,278.08,277.23,3147474.0,20587068.0
2013-05-21,278.51,280.64,280.22,277.66,3296840.0,21595332.0
2013-05-20,277.23,279.79,278.94,276.38,3600290.0,23494376.0
2013-05-17,274.67,278.08,277.23,273.82,3144847.0,20370892.0
2013-05-16,272.54,275.1,275.1,271.26,2645643.0,16973952.0
2013-05-15,270.83,273.82,272.54,269.55,1382772.0,8827267.0
2013-05-14,273.39,273.82,270.83,269.98,1699479.0,10811631.0
2013-05-13,274.67,274.67,273.82,271.26,2048340.0,13085972.0
2013-05-10,274.25,275.1,274.67,272.11,1802829.0,11564186.0
2013-05-09,273.39,274.67,274.25,270.83,3084386.0,19733032.0
2013-05-08,275.1,277.66,272.96,272.11,3114462.0,19997356.0
2013-05-07,270.83,290.02,276.8,269.13,7267096.0,47045684.0
2013-05-06,266.99,272.11,272.11,265.71,3865022.0,24430664.0
2013-05-03,262.3,267.42,266.14,261.88,2105158.0,13106845.0
2013-05-02,261.88,262.3,261.88,260.6,1128597.0,6914751.0
2013-04-26,263.58,264.86,261.45,261.02,1627968.0,10036901.0
2013-04-25,265.29,266.99,264.01,263.58,1908054.0,11863170.0
2013-04-24,264.44,266.99,266.99,262.73,1529557.0,9510555.0
2013-04-23,269.13,269.13,263.15,262.3,2134725.0,13251424.0
2013-04-22,269.55,269.98,269.13,267.85,1702214.0,10725271.0
2013-04-19,267.42,271.26,270.41,265.71,2857153.0,18035798.0
2013-04-18,265.29,267.42,266.57,264.44,1193008.0,7450480.0
2013-04-17,265.29,266.57,266.14,264.01,1243477.0,7737221.0
2013-04-16,261.88,265.29,265.29,261.02,2485921.0,15358997.0
2013-04-15,264.44,265.71,262.3,261.45,1693134.0,10442400.0
2013-04-12,264.86,266.99,265.29,264.86,868729.0,5412167.0
2013-04-11,268.27,268.27,266.14,265.29,1514487.0,9494333.0
2013-04-10,268.7,268.7,267.42,264.44,1312143.0,8202023.0
2013-04-09,266.14,269.55,268.27,266.14,1521175.0,9549970.0
2013-04-08,264.44,266.99,266.57,263.15,1929989.0,11995321.0
2013-04-03,271.69,272.11,267.42,266.14,2698973.0,16990630.0
2013-04-02,269.55,272.96,271.69,268.7,2713362.0,17245076.0
2013-04-01,268.7,271.26,269.55,267.85,2518152.0,15916527.0
2013-03-29,267.85,270.41,269.13,267.85,1663212.0,10485730.0
2013-03-28,273.82,273.82,267.85,266.99,3521705.0,22197392.0
2013-03-27,274.25,276.38,274.67,273.39,2517706.0,16216540.0
2013-03-26,276.8,278.94,274.25,272.96,2660523.0,17138652.0
2013-03-25,278.94,279.36,278.94,276.8,2036563.0,13271549.0
2013-03-22,276.38,279.36,278.94,275.1,4490858.0,29229304.0
2013-03-21,275.52,278.08,276.38,274.25,3004115.0,19461540.0
2013-03-20,269.13,275.95,275.52,269.13,2768609.0,17736732.0
2013-03-19,267.85,269.55,269.55,266.14,1388536.0,8740518.0
2013-03-18,270.83,271.26,268.27,267.42,1914020.0,12066047.0
2013-03-15,272.11,274.67,271.26,269.13,2423609.0,15470858.0
2013-03-14,270.83,272.97,272.11,270.83,1545059.0,9846405.0
2013-03-13,273.39,273.82,270.83,269.13,2359615.0,14995152.0
2013-03-12,281.5,283.63,273.82,270.83,4243148.0,27486248.0
2013-03-11,283.2,283.2,281.92,280.64,1839488.0,12157123.0
2013-03-08,282.77,284.91,283.2,281.5,2553569.0,16989212.0
2013-03-07,284.06,284.91,282.77,281.07,3126669.0,20754582.0
2013-03-06,280.64,284.06,283.63,280.22,3937503.0,26053774.0
2013-03-05,278.08,281.07,280.22,277.23,3185693.0,20848262.0
2013-03-04,287.47,287.89,278.08,275.1,4799041.0,31643068.0
2013-03-01,290.45,290.45,288.75,286.19,3741569.0,25267992.0
2013-02-28,286.61,290.03,290.03,285.76,4183225.0,28263532.0
2013-02-27,284.91,287.47,284.91,282.77,2910235.0,19427982.0
2013-02-26,287.89,289.6,284.48,283.63,3201707.0,21539552.0
2013-02-25,288.32,290.45,288.32,287.04,2339500.0,15829833.0
2013-02-22,287.47,290.03,287.47,286.61,2799272.0,18932720.0
2013-02-21,294.29,294.29,288.32,287.47,4640871.0,31585730.0
2013-02-20,293.01,296.0,295.57,292.16,3193189.0,21994084.0
2013-02-19,298.13,299.41,293.01,292.16,4229655.0,29243476.0
2013-02-18,301.54,302.39,298.56,296.85,4438146.0,31106528.0
2013-02-08,298.56,301.54,301.12,298.13,4730809.0,33310280.0
2013-02-07,299.84,300.26,299.41,296.85,3554154.0,24852676.0
2013-02-06,301.54,305.38,300.69,299.41,5888512.0,41686224.0
2013-02-05,296.42,300.69,300.26,295.14,5298266.0,37096096.0
2013-02-04,300.69,302.39,298.56,296.42,5460594.0,38187972.0
2013-02-01,298.13,300.69,299.84,296.0,6720946.0,47068592.0
2013-01-31,291.31,301.97,300.69,291.31,13382935.0,93195704.0
2013-01-30,291.31,292.58,291.31,288.32,6447077.0,43916056.0
2013-01-29,290.45,291.73,290.45,289.17,7498759.0,51032484.0
2013-01-28,285.76,290.88,290.45,284.91,5044760.0,34040524.0
2013-01-25,289.6,290.03,285.33,284.06,4702816.0,31584854.0
2013-01-24,292.16,299.84,290.88,289.6,14389821.0,99886944.0
2013-01-23,287.89,291.31,290.88,284.91,3545365.0,23978088.0
2013-01-22,290.88,291.73,288.32,287.04,3495147.0,23706622.0
2013-01-21,291.31,291.73,291.31,288.32,3328030.0,22637604.0
2013-01-18,286.19,289.6,289.6,285.33,2981926.0,20125808.0
2013-01-17,288.75,290.45,285.76,285.33,3229840.0,21801772.0
2013-01-16,293.44,295.14,289.6,287.47,4666708.0,31782500.0
2013-01-15,290.45,295.57,293.87,289.6,5198108.0,35668320.0
2013-01-14,281.92,290.45,290.03,281.07,3958130.0,26603132.0
2013-01-11,288.75,289.17,281.92,281.5,3085839.0,20636296.0
2013-01-10,289.6,290.88,289.6,287.47,2600957.0,17626476.0
2013-01-09,287.89,290.03,289.6,286.19,2850302.0,19260034.0
2013-01-08,286.62,289.17,288.75,284.91,2814954.0,18949962.0
2013-01-07,286.19,288.75,287.47,284.06,2960136.0,19886652.0
2013-01-04,289.6,291.31,286.62,282.78,2852142.0,19156536.0
2012-12-31,287.89,290.45,287.89,286.62,3004770.0,20318002.0
2012-12-28,283.63,290.45,287.89,281.92,4369967.0,29363750.0
2012-12-27,286.62,292.59,283.2,282.78,5136171.0,34655964.0
2012-12-26,280.22,286.62,284.48,279.79,3374436.0,22451224.0
2012-12-25,274.67,281.5,281.07,273.82,3665540.0,23946524.0
2012-12-24,276.38,276.38,275.1,273.82,1270542.0,8199973.0
2012-12-21,278.08,280.22,276.38,275.53,2013341.0,13070613.0
2012-12-20,275.53,277.66,277.66,274.67,1835517.0,11871075.0
2012-12-19,275.95,277.23,276.38,274.67,1885944.0,12206271.0
2012-12-18,276.81,278.08,275.95,274.67,2302573.0,14919084.0
2012-12-17,273.82,276.81,275.95,273.39,2468248.0,15925915.0
2012-12-14,264.86,275.53,274.67,264.86,3795674.0,24234336.0
2012-12-13,267.0,269.13,265.72,265.72,1121600.0,7025581.0
2012-12-12,268.7,269.55,267.0,264.86,1449620.0,9074932.0
2012-12-11,269.98,269.98,267.85,267.85,1585440.0,9982674.0
2012-12-10,267.42,271.69,269.55,267.42,3673110.0,23178480.0
2012-12-07,263.16,268.7,267.85,262.73,1681620.0,10521245.0
2012-12-06,264.01,265.29,264.01,262.3,1137881.0,7034841.0
2012-12-05,256.76,267.85,264.01,255.05,2156973.0,13329290.0
2012-12-04,255.48,258.04,256.76,250.36,1039068.0,6161763.0
2012-12-03,260.6,261.02,254.2,253.77,768240.0,4647172.0
2012-11-30,257.61,260.6,260.6,257.19,604639.0,3674364.0
2012-11-29,259.32,262.3,257.19,256.76,1025600.0,6231633.0
2012-11-28,260.6,261.45,259.32,258.04,1246354.0,7582295.0
2012-11-27,273.39,274.67,262.3,261.02,3079746.0,19216792.0
2012-11-26,275.95,277.23,272.97,270.83,1208360.0,7763405.0
2012-11-23,275.95,278.08,277.23,275.52,988920.0,6416226.0
2012-11-22,275.52,276.38,275.95,274.67,564969.0,3648969.0
2012-11-21,275.1,277.23,276.81,272.97,1138206.0,7339743.0
2012-11-20,275.1,275.95,274.67,272.97,948863.0,6108124.0
2012-11-19,271.26,273.39,272.54,269.13,933351.0,5922091.0
2012-11-16,275.53,275.95,272.11,270.83,902890.0,5757624.0
2012-11-15,276.81,278.08,275.53,274.25,1143607.0,7400309.0
2012-11-14,279.79,280.64,278.51,274.25,1724204.0,11189768.0
2012-11-13,283.63,283.63,279.79,278.94,962300.0,6338899.0
2012-11-12,281.5,283.63,283.2,281.07,741901.0,4909225.0
2012-11-09,281.07,282.78,280.64,279.79,946582.0,6248839.0
2012-11-08,284.48,284.91,281.5,280.64,1930057.0,12821981.0
2012-11-07,286.19,287.04,285.76,283.63,977010.0,6542555.0
2012-11-06,287.47,287.47,286.19,282.78,1652272.0,11023587.0
2012-11-05,290.03,290.03,287.04,286.19,1736143.0,11704475.0
2012-11-02,290.45,292.16,290.03,287.89,2421411.0,16425308.0
2012-11-01,286.19,290.88,290.03,285.76,1919770.0,13013758.0
2012-10-31,285.33,286.61,286.61,284.06,1109269.0,7431612.0
2012-10-30,284.48,287.47,285.76,284.48,1231239.0,8254235.0
2012-10-29,284.06,287.47,284.48,282.78,1357560.0,9087431.0
2012-10-26,288.75,290.45,284.06,282.35,2607254.0,17437960.0
2012-10-25,293.87,295.14,289.17,288.75,1993452.0,13641261.0
2012-10-24,292.58,294.72,293.01,291.31,1458173.0,10023666.0
2012-10-23,298.56,299.41,292.16,290.88,3130030.0,21635326.0
2012-10-22,294.29,298.56,298.13,294.29,2205928.0,15361306.0
2012-10-19,295.14,296.42,295.57,293.87,1562524.0,10821363.0
2012-10-18,293.01,296.85,295.57,290.88,2272090.0,15720904.0
2012-10-17,290.88,292.58,292.16,288.75,1170787.0,7981927.0
2012-10-16,290.03,292.58,291.31,287.89,1134162.0,7728469.0
2012-10-15,293.01,293.01,290.88,288.75,1182443.0,8049295.0
2012-10-12,292.58,296.42,293.01,289.6,1699627.0,11671877.0
2012-10-11,295.14,296.85,292.58,292.16,1528187.0,10534406.0
2012-10-10,295.14,297.28,296.85,293.87,1117649.0,7754528.0
2012-10-09,290.03,297.7,296.85,290.03,3015882.0,20863468.0
2012-10-08,293.01,293.87,289.6,288.32,1275391.0,8693041.0
2012-09-28,289.6,293.44,293.01,288.75,1766652.0,12075126.0
2012-09-27,283.2,291.73,290.03,282.78,2106172.0,14251365.0
2012-09-26,284.48,286.61,283.2,281.5,1612530.0,10753738.0
2012-09-25,285.76,289.17,285.76,283.63,1068612.0,7164995.0
2012-09-24,285.76,288.32,287.89,282.35,1528986.0,10216902.0
2012-09-21,286.19,288.75,286.61,284.06,788752.0,5308677.0
2012-09-20,293.01,293.01,286.61,286.19,1656809.0,11234247.0
2012-09-19,290.88,293.01,293.01,289.6,1032463.0,7060457.0
2012-09-18,290.45,291.73,290.03,288.75,1042231.0,7083053.0
2012-09-17,296.42,298.98,290.88,290.45,2626704.0,18133424.0
2012-09-14,297.7,299.41,296.42,293.87,2455600.0,17076604.0
2012-09-13,299.84,303.25,296.0,295.57,4779259.0,33632232.0
2012-09-12,296.42,299.41,298.56,295.14,2754244.0,19213204.0
2012-09-11,295.14,297.28,296.42,292.16,2729257.0,18851324.0
2012-09-10,294.72,297.7,295.14,292.16,2511215.0,17385428.0
2012-09-07,287.47,296.42,295.57,287.04,5461553.0,37570808.0
2012-09-06,284.91,287.04,285.76,284.06,1415395.0,9468728.0
2012-09-05,284.48,287.04,284.48,281.5,1336107.0,8937628.0
2012-09-04,284.91,286.19,282.78,281.5,979038.0,6527988.0
2012-09-03,281.5,284.91,284.06,280.64,900035.0,5979668.0
2012-08-31,278.51,283.2,281.5,278.08,862878.0,5690665.0
2012-08-30,284.06,285.33,280.22,276.38,2199441.0,14475564.0
2012-08-29,284.06,287.89,284.48,282.78,1150050.0,7700050.0
2012-08-28,283.2,286.19,284.48,282.78,674174.0,4495320.0
2012-08-27,285.76,285.76,282.78,281.92,1433872.0,9527411.0
2012-08-24,291.31,291.31,286.19,284.91,1770022.0,11918960.0
2012-08-23,289.17,292.59,291.73,288.32,2027598.0,13825990.0
2012-08-22,288.75,290.88,288.75,287.04,1847444.0,12528081.0
2012-08-21,285.76,290.45,289.17,284.91,1775537.0,11998873.0
2012-08-20,284.06,286.62,285.34,282.35,1327670.0,8853719.0
2012-08-17,285.76,287.04,285.34,282.78,1256854.0,8388590.0
2012-08-16,285.34,287.04,286.19,284.06,1187450.0,7953273.0
2012-08-15,287.04,288.75,286.19,284.48,1415768.0,9526218.0
2012-08-14,287.04,288.75,287.47,281.92,2065485.0,13838309.0
2012-08-13,291.73,291.73,286.62,285.76,2067601.0,14016647.0
2012-08-10,291.31,292.59,291.73,289.6,2045247.0,13965292.0
2012-08-09,290.45,292.16,291.31,287.89,2384538.0,16223349.0
2012-08-08,290.88,291.73,289.6,287.47,2197104.0,14932794.0
2012-08-07,290.88,291.73,290.03,288.32,2429058.0,16513003.0
2012-08-06,284.06,290.88,289.17,281.92,2034626.0,13667432.0
2012-08-03,279.37,284.06,283.63,278.08,1394494.0,9210904.0
2012-08-02,281.07,282.35,279.37,276.81,1281506.0,8385889.0
2012-08-01,277.66,283.2,281.5,277.66,1312992.0,8648490.0
2012-07-31,278.51,281.07,277.23,275.95,1501441.0,9779083.0
2012-07-30,284.48,286.62,278.51,277.23,1686224.0,11134888.0
2012-07-27,283.2,286.62,284.48,282.35,1433759.0,9562247.0
2012-07-26,284.91,286.19,281.92,281.5,1132500.0,7520068.0
2012-07-25,284.48,285.76,282.35,281.5,1532174.0,10173082.0
2012-07-24,281.92,287.47,285.34,281.5,1976422.0,13194267.0
2012-07-23,285.76,286.62,284.48,281.92,2237899.0,14897640.0
2012-07-20,291.31,292.16,287.47,285.76,5439014.0,36803208.0
2012-07-19,278.51,298.56,293.01,277.66,12514098.0,85438288.0
2012-07-18,277.23,279.37,278.51,274.25,1697335.0,11013716.0
2012-07-17,275.95,278.08,277.23,274.25,1972249.0,12793180.0
2012-07-16,283.2,284.06,274.67,274.25,2078224.0,13522069.0
2012-07-13,285.76,287.04,283.2,283.2,1176957.0,7855670.0
2012-07-12,283.2,287.04,286.19,281.07,1885764.0,12550985.0
2012-07-11,279.37,283.63,283.2,278.51,1368933.0,9040800.0
2012-07-10,284.48,287.47,280.64,280.22,2049872.0,13596758.0
2012-07-09,290.45,291.31,285.76,284.48,1948429.0,13166330.0
2012-07-06,289.17,292.59,291.73,286.19,2710890.0,18419788.0
2012-07-05,288.32,289.6,287.89,284.48,2793486.0,18801520.0
2012-07-04,290.88,290.88,288.75,287.47,1413940.0,9579479.0
2012-07-03,290.0,292.1,289.59,288.33,1368589.0,9467837.0
2012-07-02,288.33,290.42,289.59,286.65,1717669.0,11839543.0
2012-06-29,284.14,287.07,287.07,281.62,2114404.0,14346614.0
2012-06-28,287.49,289.59,284.98,284.98,1848222.0,12667021.0
2012-06-27,290.42,291.26,287.07,286.65,1635306.0,11299148.0
2012-06-26,288.33,291.68,290.0,286.65,1883391.0,13012157.0
2012-06-25,295.45,296.29,289.17,289.17,2016884.0,14083906.0
2012-06-21,301.32,301.32,295.45,294.2,3030878.0,21433196.0
2012-06-20,300.9,304.25,301.32,300.06,3118376.0,22496158.0
2012-06-19,303.0,303.0,300.48,299.64,1750406.0,12567527.0
2012-06-18,302.58,303.83,302.58,299.64,2114411.0,15262740.0
2012-06-15,299.64,302.58,301.32,297.13,2496620.0,17863024.0
2012-06-14,302.16,302.58,298.81,297.97,2473448.0,17729248.0
2012-06-13,297.97,302.58,302.58,297.55,2655042.0,19018448.0
2012-06-12,298.81,299.23,297.55,296.71,1068390.0,7594623.0
2012-06-11,298.39,300.9,300.48,295.45,1813712.0,12930192.0
2012-06-08,298.81,299.23,296.71,295.03,1962968.0,13918225.0
2012-06-07,300.06,300.48,297.13,294.62,2898802.0,20574232.0
2012-06-06,299.64,300.9,296.71,295.03,2693140.0,19169052.0
2012-06-05,300.48,303.0,299.23,297.55,2069822.0,14807857.0
2012-06-04,305.51,307.61,299.64,299.64,2907099.0,21083618.0
2012-06-01,313.89,313.89,311.8,310.12,1319241.0,9823466.0
2012-05-31,309.28,314.73,312.22,308.44,2474512.0,18416700.0
2012-05-30,311.38,313.47,310.54,309.7,1873560.0,13919442.0
2012-05-29,308.03,312.63,310.96,306.77,2880809.0,21320268.0
2012-05-28,303.83,308.44,308.44,298.39,2954675.0,21405012.0
2012-05-25,308.44,309.28,304.67,304.25,2045898.0,14968328.0
2012-05-24,309.28,311.38,308.02,307.61,1972854.0,14563412.0
2012-05-23,312.63,313.89,310.12,307.19,3292620.0,24430460.0
2012-05-22,312.63,313.89,313.47,310.96,4083678.0,30437030.0
2012-05-21,316.41,316.41,310.12,307.61,4362891.0,32398132.0
2012-05-18,319.34,323.53,314.31,313.05,6998243.0,53209076.0
2012-05-17,314.73,324.37,322.69,311.8,6800271.0,51704096.0
2012-05-15,316.41,318.92,318.5,310.54,3406151.0,25529300.0
2012-05-14,322.27,322.69,318.92,318.92,3584421.0,27428060.0
2012-05-11,321.44,322.69,319.76,318.5,2560845.0,19573606.0
2012-05-10,321.02,323.11,320.18,318.92,4261220.0,32668620.0
2012-05-09,328.14,331.07,321.44,318.5,5829842.0,45192688.0
2012-05-08,331.91,334.01,331.91,330.66,3808201.0,30183252.0
2012-05-07,328.98,332.75,331.49,327.72,4205554.0,33179980.0
2012-05-04,329.82,334.43,330.66,327.72,4491501.0,35447372.0
2012-05-03,335.69,336.1,330.66,328.98,4102574.0,32469744.0
2012-05-02,337.78,340.29,335.69,333.59,5994855.0,48138232.0
2012-04-27,339.46,341.13,333.59,331.07,4619936.0,37137200.0
2012-04-26,340.29,341.55,341.13,332.75,7855379.0,63372176.0
2012-04-25,334.85,344.49,341.97,334.85,15276581.0,124044672.0
2012-04-24,334.43,339.04,338.2,326.46,10579149.0,83871840.0
2012-04-23,325.63,339.88,338.2,323.53,14971242.0,119493792.0
2012-04-20,318.92,327.72,325.63,318.92,5228885.0,40540496.0
2012-04-19,321.44,323.95,321.02,318.5,3451769.0,26397136.0
2012-04-18,314.73,323.11,322.27,312.22,5257117.0,40032916.0
2012-04-17,319.34,327.72,314.31,313.47,5569146.0,42543632.0
2012-04-16,316.83,322.69,318.5,314.73,4759828.0,36280564.0
2012-04-13,313.05,322.69,317.66,310.96,5458057.0,41369496.0
2012-04-12,306.77,312.63,311.8,305.51,2868516.0,21237874.0
2012-04-11,298.81,309.28,308.02,298.39,3096469.0,22563280.0
2012-04-10,298.81,303.42,303.0,295.03,1918551.0,13690031.0
2012-04-09,303.0,303.42,298.81,298.81,1423870.0,10241639.0
2012-04-06,304.25,305.51,304.25,300.9,2421469.0,17510756.0
2012-04-05,299.23,305.09,304.25,297.97,2319538.0,16706563.0
2012-03-30,297.97,300.06,298.39,294.62,2124216.0,15069056.0
2012-03-29,303.42,305.51,297.13,296.29,2234249.0,16061387.0
2012-03-28,316.83,317.66,305.09,303.83,3899834.0,28724172.0
2012-03-27,321.02,323.53,317.66,317.25,1885846.0,14419083.0
2012-03-26,317.66,320.18,319.34,316.83,1638723.0,12444215.0
2012-03-23,322.69,322.69,318.08,316.41,2721426.0,20746052.0
2012-03-22,326.46,326.88,323.95,323.11,2210069.0,17127846.0
2012-03-21,326.05,328.14,326.46,320.6,4054596.0,31393202.0
2012-03-20,334.01,335.26,325.21,322.69,4806622.0,37607768.0
2012-03-19,331.07,337.36,335.69,330.24,4735535.0,37736636.0
2012-03-16,322.27,331.49,331.07,321.44,5003690.0,39028464.0
2012-03-15,327.3,328.56,322.69,315.57,5888110.0,45302080.0
2012-03-14,342.81,345.32,325.63,323.53,8891536.0,71432216.0
2012-03-13,341.55,341.55,341.13,336.52,4159749.0,33677216.0
2012-03-12,339.88,344.9,340.71,337.36,6650281.0,54187892.0
2012-03-09,334.43,343.23,340.29,333.59,10000084.0,80857248.0
2012-03-08,327.72,335.68,334.43,327.3,6806408.0,54052140.0
2012-03-07,323.95,334.01,326.46,322.27,6162492.0,48256456.0
2012-03-06,334.01,334.43,328.56,326.46,6464947.0,50905328.0
2012-03-05,332.33,341.55,335.27,331.49,13780460.0,110438256.0
2012-03-02,326.05,334.43,332.33,324.79,10048350.0,78928056.0
2012-03-01,336.52,336.52,326.05,324.79,13731334.0,108335600.0
2012-02-29,324.37,334.43,334.01,322.27,17289754.0,136601744.0
2012-02-28,331.07,331.07,327.3,322.27,7231652.0,56209948.0
2012-02-27,331.07,334.01,329.82,328.14,8993987.0,71179008.0
2012-02-24,326.05,330.24,330.24,323.95,6858430.0,53620952.0
2012-02-23,326.05,328.56,326.05,323.95,4911684.0,38209748.0
2012-02-22,322.27,326.88,326.88,322.27,5650048.0,43817216.0
2012-02-21,312.63,324.79,324.79,312.63,6519583.0,49879164.0
2012-02-20,323.11,323.53,320.6,318.08,4637859.0,35483636.0
2012-02-17,321.02,321.86,320.18,314.73,4225050.0,32059792.0
2012-02-16,320.18,323.53,320.6,315.99,5747341.0,43875204.0
2012-02-15,318.08,321.02,320.18,314.73,7482381.0,56855240.0
2012-02-14,315.57,316.83,315.99,310.54,6070822.0,45465864.0
2012-02-13,310.12,316.41,316.41,308.02,6771858.0,50504520.0
2012-02-10,310.54,315.57,312.22,308.44,6006121.0,44713200.0
2012-02-09,307.19,313.89,309.28,306.77,6409444.0,47534440.0
2012-02-08,300.06,307.61,307.19,297.97,4434551.0,32152088.0
2012-02-07,306.35,306.35,300.06,297.97,3055817.0,21968880.0
2012-02-06,306.77,308.86,306.77,304.25,3367565.0,24649460.0
2012-02-03,302.58,307.19,306.35,302.16,4430905.0,32288386.0
2012-02-02,298.81,303.0,302.58,297.55,2359561.0,16908320.0
2012-02-01,302.58,303.83,298.81,298.39,1306900.0,9391271.0
2012-01-31,303.83,304.25,303.0,300.06,1466418.0,10556196.0
2012-01-30,307.61,308.02,304.25,302.16,2539575.0,18458080.0
2012-01-20,307.19,310.12,307.61,304.25,4807638.0,35222760.0
2012-01-19,301.32,307.61,305.93,300.06,2109411.0,15366455.0
2012-01-18,307.19,308.86,301.74,300.48,2915941.0,21221118.0
2012-01-17,292.94,308.86,308.02,292.52,3127326.0,22557212.0
2012-01-16,297.55,299.64,293.36,293.36,1211750.0,8560624.0
2012-01-13,309.7,309.7,300.06,297.13,2772725.0,19952022.0
2012-01-12,307.61,311.8,308.44,306.77,2479723.0,18315602.0
2012-01-11,310.96,312.22,308.86,306.77,2570882.0,18969236.0
2012-01-10,303.0,313.05,311.8,301.74,4233712.0,31136104.0
2012-01-09,295.87,303.0,302.58,290.84,2401144.0,17104912.0
2012-01-06,293.36,294.62,292.94,286.65,1722683.0,11943564.0
2012-01-05,300.9,301.74,293.36,289.59,1752667.0,12430139.0
2012-01-04,308.44,308.86,304.25,300.06,1220810.0,8875721.0
