date,open,high,close,low,volume,price_change,p_change,ma5,ma10,ma20,v_ma5,v_ma10,v_ma20
2012-07-11,8.94,9.15,9.14,8.88,100152.13,0.17,1.9,9.14,9.14,9.14,100152.13,100152.13,100152.13
2012-07-12,9.2,9.2,9.07,8.9,137879.73,-0.07,-0.77,9.105,9.105,9.105,119015.93,119015.93,119015.93
2012-07-13,9.0,9.27,9.16,8.98,90234.83,0.09,0.99,9.123,9.123,9.123,109422.23,109422.23,109422.23
2012-07-16,9.17,9.17,8.75,8.74,82673.4,-0.41,-4.48,9.03,9.03,9.03,102735.02,102735.02,102735.02
2012-07-17,8.68,8.79,8.32,8.1,144250.95,-0.43,-4.91,8.888,8.888,8.888,111038.21,111038.21,111038.21
2012-07-18,8.37,8.69,8.59,8.26,91906.28,0.27,3.25,8.778,8.838,8.838,109389.04,107849.55,107849.55
2012-07-19,8.53,8.73,8.65,8.47,56313.99,0.06,0.7,8.694,8.811,8.811,93075.89,100487.33,100487.33
2012-07-20,8.59,8.78,8.73,8.48,55993.5,0.08,0.93,8.608,8.801,8.801,86227.62,94925.6,94925.6
2012-07-23,8.6,8.7,8.59,8.41,50536.72,-0.14,-1.6,8.576,8.778,8.778,79800.29,89993.5,89993.5
2012-07-24,8.52,8.72,8.69,8.5,49278.0,0.1,1.16,8.65,8.769,8.769,60805.7,85921.95,85921.95
2012-07-25,8.68,8.69,8.58,8.47,23374.87,-0.11,-1.27,8.648,8.713,8.752,47099.42,78244.23,80235.85
2012-07-26,8.58,8.63,8.49,8.4,34019.77,-0.09,-1.05,8.616,8.655,8.73,42640.57,67858.23,76384.51
2012-07-27,8.55,8.57,8.41,8.33,46813.77,-0.08,-0.94,8.552,8.58,8.705,40804.63,63516.13,74109.84
2012-07-30,8.38,8.5,8.11,8.1,38456.17,-0.3,-3.57,8.456,8.516,8.663,38388.52,59094.4,71563.15
2012-07-31,8.11,8.16,7.84,7.82,36914.0,-0.27,-3.33,8.286,8.468,8.608,35915.72,48360.71,69253.21
2012-08-01,7.93,8.14,8.11,7.85,51420.34,0.27,3.44,8.192,8.42,8.577,41524.81,44312.11,68138.65
2012-08-02,8.1,8.22,8.11,8.01,29496.7,0.0,0.0,8.116,8.366,8.549,40620.2,41630.38,65865.6
2012-08-03,8.15,8.21,8.21,8.05,37380.79,0.1,1.23,8.076,8.314,8.531,38733.6,39769.11,64283.11
2012-08-06,8.15,8.34,8.31,8.1,71686.83,0.1,1.22,8.116,8.286,8.519,45379.73,41884.12,64672.78
2012-08-07,8.3,8.43,8.38,8.26,81768.86,0.07,0.84,8.224,8.255,8.512,54350.7,45133.21,65527.58
2012-08-08,8.5,8.62,8.41,8.37,124505.35,0.03,0.36,8.284,8.238,8.476,68967.71,55246.26,66745.24
2012-08-09,8.37,8.41,8.4,8.23,68940.59,-0.01,-0.12,8.342,8.229,8.442,76856.48,58738.34,63298.29
2012-08-10,8.39,8.48,8.31,8.29,64667.5,-0.09,-1.07,8.362,8.219,8.4,82313.83,60523.71,62019.92
2012-08-13,8.3,8.31,8.03,8.01,48178.77,-0.28,-3.37,8.306,8.211,8.364,77612.21,61495.97,60295.19
2012-08-14,8.1,8.1,8.06,7.91,42855.07,0.03,0.37,8.242,8.233,8.351,69829.46,62090.08,55225.39
2012-08-15,8.06,8.06,7.9,7.88,42456.73,-0.16,-1.99,8.14,8.212,8.316,53419.73,61193.72,52752.92
2012-08-16,7.94,7.95,7.92,7.85,29028.92,0.02,0.25,8.044,8.193,8.28,45437.4,61146.94,51388.66
2012-08-17,7.89,7.94,7.9,7.87,27760.35,-0.02,-0.25,7.962,8.162,8.238,38055.97,60184.9,49977.01
2012-08-20,7.87,7.89,7.86,7.77,26349.5,-0.04,-0.51,7.928,8.117,8.202,33690.11,55651.16,48767.64
2012-08-21,7.88,8.03,8.01,7.86,46560.41,0.15,1.91,7.918,8.08,8.168,34431.18,52130.32,48631.76
2012-08-22,8.04,8.09,8.08,7.94,48710.08,0.07,0.87,7.954,8.047,8.143,35681.85,44550.79,49898.53
2012-08-23,8.07,8.19,8.1,8.02,42141.51,0.02,0.25,7.99,8.017,8.123,38304.37,41870.88,50304.61
2012-08-24,8.04,8.07,7.78,7.78,44691.7,-0.32,-3.95,7.966,7.964,8.092,41690.64,39873.3,50198.51
2012-08-27,7.8,7.8,7.57,7.57,33550.83,-0.21,-2.7,7.908,7.918,8.065,43130.91,38410.51,49953.24
2012-08-28,7.57,7.71,7.63,7.5,26176.25,0.06,0.79,7.832,7.875,8.054,39054.07,36742.63,49416.35
2012-08-29,7.64,7.68,7.53,7.51,23185.0,-0.1,-1.31,7.722,7.838,8.025,33949.06,34815.46,48004.59
2012-08-30,7.5,7.59,7.39,7.33,35806.52,-0.14,-1.86,7.58,7.785,7.989,32682.06,35493.22,48320.08
2012-08-31,7.4,7.44,7.39,7.35,23587.35,0.0,0.0,7.502,7.734,7.948,28461.19,35075.92,47630.41
2012-09-03,7.39,7.53,7.48,7.39,28765.69,0.09,1.22,7.484,7.696,7.907,27504.16,35317.53,45484.35
2012-09-04,7.51,7.54,7.27,7.26,46655.7,-0.21,-2.81,7.412,7.622,7.851,31600.05,35327.06,43728.69
2012-09-05,7.29,7.29,7.16,7.1,67616.19,-0.11,-1.51,7.338,7.53,7.789,40486.29,37217.67,40884.23
2012-09-06,7.17,7.26,7.19,7.14,44132.98,0.03,0.42,7.298,7.439,7.728,42151.58,37416.82,39643.85
2012-09-07,7.23,7.61,7.47,7.23,128892.91,0.28,3.89,7.314,7.408,7.686,63212.69,45836.94,42855.12
2012-09-10,7.5,7.64,7.61,7.47,114448.32,0.14,1.87,7.34,7.412,7.665,80349.22,53926.69,46168.6
2012-09-11,7.55,7.6,7.49,7.42,63634.93,-0.12,-1.58,7.384,7.398,7.637,83745.07,57672.56,47207.59
2012-09-12,7.54,7.68,7.57,7.46,127306.83,0.08,1.07,7.466,7.402,7.62,95683.19,68084.74,51450.1
2012-09-13,7.57,7.58,7.41,7.41,105358.91,-0.16,-2.11,7.51,7.404,7.595,107928.38,75039.98,55266.6
2012-09-14,7.44,7.53,7.49,7.25,120969.73,0.08,1.08,7.514,7.414,7.574,106343.74,84778.22,59927.07
2012-09-17,7.46,7.56,7.38,7.32,65905.83,-0.11,-1.47,7.468,7.404,7.55,96635.25,88492.23,61904.88
2012-09-18,7.34,7.4,7.23,7.15,73430.91,-0.15,-2.03,7.416,7.4,7.511,98594.44,91169.75,63248.41
2012-09-19,7.22,7.34,7.33,7.2,57982.43,0.1,1.38,7.368,7.417,7.474,84729.56,90206.38,63712.03
2012-09-20,7.32,7.35,7.23,7.02,42523.93,-0.1,-1.36,7.332,7.421,7.43,72162.57,90045.47,63731.15
2012-09-21,7.1,7.2,7.13,7.01,50670.06,-0.1,-1.38,7.26,7.387,7.398,58102.63,82223.19,64030.07
2012-09-24,7.1,7.24,7.16,6.98,52114.51,0.03,0.42,7.216,7.342,7.377,55344.37,75989.81,64958.25
2012-09-25,7.16,7.19,7.14,6.98,44188.75,-0.02,-0.28,7.198,7.307,7.353,49495.94,74045.19,65858.87
2012-09-26,7.13,7.25,7.1,7.02,34973.36,-0.04,-0.56,7.152,7.26,7.331,44894.12,64811.84,66448.29
2012-09-27,7.14,7.28,7.27,7.07,109714.99,0.17,2.39,7.16,7.246,7.325,58332.33,65247.45,70143.72
2012-09-28,7.22,7.37,7.34,7.18,88931.72,0.07,0.96,7.202,7.231,7.323,65984.67,62043.65,73410.93
2012-10-08,7.3,7.38,7.28,7.27,40524.56,-0.06,-0.82,7.226,7.221,7.313,63666.68,59505.52,73998.88
2012-10-09,7.27,7.5,7.47,7.27,74726.74,0.19,2.61,7.292,7.245,7.323,69774.27,59635.11,75402.43
2012-10-10,7.4,7.45,7.41,7.22,163721.62,-0.06,-0.8,7.354,7.253,7.335,95523.93,70209.02,80207.7
2012-10-11,7.36,7.39,7.28,7.26,75210.98,-0.13,-1.75,7.356,7.258,7.34,88623.12,73477.73,81761.6
2012-10-12,7.28,7.36,7.24,7.16,61877.15,-0.04,-0.55,7.336,7.269,7.328,83212.21,74598.44,78410.81
2012-10-15,7.23,7.24,7.14,6.98,63070.56,-0.1,-1.38,7.308,7.267,7.305,87721.41,75694.04,75841.93
2012-10-16,7.1,7.17,7.1,7.03,35752.17,-0.04,-0.56,7.234,7.263,7.285,79926.5,74850.38,74447.79
2012-10-17,7.09,7.15,7.13,6.99,45606.76,0.03,0.42,7.178,7.266,7.263,56303.52,75913.73,70362.78
2012-10-18,7.12,7.31,7.27,7.09,63694.2,0.14,1.96,7.176,7.266,7.256,54000.17,71311.65,68279.55
2012-10-19,7.25,7.32,7.28,7.24,44331.5,0.01,0.14,7.184,7.26,7.246,50491.04,66851.62,64447.64
2012-10-22,7.26,7.42,7.37,7.23,67047.58,0.09,1.24,7.23,7.269,7.245,51286.44,69503.93,64504.72
2012-10-23,7.38,7.45,7.35,7.28,79208.61,-0.02,-0.27,7.28,7.257,7.251,59977.73,69952.11,64793.61
2012-10-24,7.36,7.36,7.27,7.24,56526.36,-0.08,-1.09,7.308,7.243,7.248,62161.65,59232.59,64720.81
2012-10-25,7.26,7.27,7.14,7.12,58133.98,-0.13,-1.79,7.282,7.229,7.244,61049.61,57524.89,65501.31
2012-10-26,7.15,7.17,6.97,6.95,77337.5,-0.17,-2.38,7.22,7.202,7.236,67650.81,59070.92,66834.68
2012-10-29,6.97,6.97,6.79,6.75,66185.27,-0.18,-2.58,7.104,7.167,7.217,67478.34,59382.39,67538.22
2012-10-30,6.79,6.98,6.84,6.78,71831.56,0.05,0.74,7.002,7.141,7.202,66002.93,62990.33,68920.36
2012-10-31,6.88,7.0,6.92,6.79,65369.08,0.08,1.17,6.932,7.12,7.193,67771.48,64966.56,70440.14
2012-11-01,6.89,7.03,6.99,6.87,106304.33,0.07,1.01,6.902,7.092,7.179,77405.55,69227.58,70269.61
2012-11-02,7.03,7.06,7.03,6.93,54828.81,0.04,0.57,6.914,7.067,7.164,72903.81,70277.31,68564.47
2012-11-05,7.0,7.04,6.99,6.96,36129.02,-0.04,-0.57,6.954,7.029,7.149,66892.56,67185.45,68344.69
2012-11-06,6.98,6.99,6.85,6.78,56758.48,-0.14,-2.0,6.956,6.979,7.118,63877.94,64940.44,67446.28
2012-11-07,6.86,6.87,6.81,6.79,32423.51,-0.04,-0.58,6.934,6.933,7.088,57288.83,62530.15,60881.37
2012-11-08,6.78,6.78,6.58,6.58,51314.83,-0.23,-3.38,6.852,6.877,7.053,46290.93,61848.24,59686.56
2012-11-09,6.59,6.63,6.56,6.52,28408.47,-0.02,-0.3,6.758,6.836,7.019,41006.86,56955.34,58013.13
2012-11-12,6.58,6.63,6.58,6.54,24326.52,0.02,0.3,6.676,6.815,6.991,38646.36,52769.46,56075.93
2012-11-13,6.66,6.66,6.39,6.37,37696.81,-0.19,-2.89,6.584,6.77,6.956,34834.03,49355.99,56173.16
2012-11-14,6.42,6.42,6.09,6.04,97390.89,-0.3,-4.7,6.44,6.687,6.904,47827.5,52558.17,58762.37
2012-11-15,6.07,6.07,6.0,5.9,76570.69,-0.09,-1.48,6.324,6.588,6.84,52878.68,49584.8,59406.19
2012-11-16,5.96,5.99,5.89,5.79,68381.68,-0.11,-1.83,6.19,6.474,6.771,60873.32,50940.09,60608.7
2012-11-19,5.85,5.91,5.89,5.78,47691.76,0.0,0.0,6.052,6.364,6.697,65546.37,52096.36,59640.91
2012-11-20,5.89,5.91,5.83,5.8,39458.73,-0.06,-1.02,5.94,6.262,6.621,65898.75,50366.39,57653.41
2012-11-21,5.83,5.96,5.96,5.75,77457.36,0.13,2.23,5.914,6.177,6.555,61912.04,54869.77,58699.96
2012-11-22,5.89,5.91,5.85,5.83,45640.61,-0.11,-1.85,5.884,6.104,6.491,55726.03,54302.35,58075.3
2012-11-23,5.84,5.94,5.88,5.83,61633.64,0.03,0.51,5.882,6.036,6.436,54376.42,57624.87,57290.1
2012-11-26,5.93,6.22,6.11,5.92,181582.95,0.23,3.91,5.926,5.989,6.402,81154.66,73350.51,63059.99
2012-11-27,6.06,6.15,6.03,5.96,100462.18,-0.08,-1.31,5.966,5.953,6.362,93355.35,79627.05,64491.52
2012-11-28,6.01,6.13,6.08,5.96,123142.64,0.05,0.83,5.99,5.952,6.32,102492.4,82202.22,67380.2
2012-11-29,6.07,6.16,6.06,6.03,73457.06,-0.02,-0.33,6.032,5.958,6.273,108055.69,81890.86,65737.83
2012-11-30,6.06,6.14,6.13,5.91,71552.79,0.07,1.16,6.082,5.982,6.228,110039.52,82207.97,66574.03
2012-12-03,6.12,6.14,5.97,5.96,61170.34,-0.16,-2.61,6.054,5.99,6.177,85957.0,83555.83,67826.1
2012-12-04,5.92,5.95,5.92,5.75,50062.1,-0.05,-0.84,6.032,5.999,6.131,75876.99,84616.17,67491.28
2012-12-05,5.91,6.34,6.28,5.88,124995.3,0.36,6.08,6.072,6.031,6.104,76247.52,89369.96,72119.87
2012-12-06,6.25,6.29,6.18,6.15,52636.23,-0.1,-1.59,6.096,6.064,6.084,72083.35,90069.52,72185.94
2012-12-07,6.14,6.35,6.32,6.13,96503.27,0.14,2.27,6.134,6.108,6.072,77073.45,93556.49,75590.68
2012-12-10,6.33,6.55,6.4,6.28,92059.46,0.08,1.27,6.22,6.137,6.063,83251.27,84604.14,78977.32
2012-12-11,6.4,6.53,6.39,6.34,69970.85,-0.01,-0.16,6.314,6.173,6.063,87233.02,81555.0,80591.03
2012-12-12,6.41,6.47,6.45,6.32,59669.0,0.06,0.94,6.348,6.21,6.081,74167.76,75207.64,78704.93
2012-12-13,6.43,6.43,6.28,6.25,43334.69,-0.17,-2.64,6.368,6.232,6.095,72307.45,72195.4,77043.13
2012-12-14,6.37,6.91,6.91,6.37,321618.59,0.63,10.03,6.486,6.31,6.146,117330.52,97201.98,89704.98
2012-12-17,6.9,7.24,7.14,6.8,367659.78,0.23,3.33,6.634,6.427,6.209,172450.58,127850.93,105703.38
2012-12-18,7.0,7.22,7.05,7.0,161824.81,-0.09,-1.26,6.766,6.54,6.27,190821.37,139027.2,111821.68
2012-12-19,7.0,7.21,7.03,6.88,142966.41,-0.02,-0.28,6.882,6.615,6.323,207480.86,140824.31,115097.14
2012-12-20,7.02,7.1,7.05,6.88,94769.78,0.02,0.28,7.036,6.702,6.383,217767.87,145037.66,117553.59
2012-12-21,7.08,7.14,6.94,6.87,94778.27,-0.11,-1.56,7.042,6.764,6.436,172399.81,144865.16,119210.83
2012-12-24,6.9,7.07,7.03,6.86,72670.03,0.09,1.3,7.02,6.827,6.482,113401.86,142926.22,113765.18
2012-12-25,7.0,7.5,7.48,6.96,212752.06,0.45,6.4,7.106,6.936,6.555,123587.31,157204.34,119379.67
2012-12-26,7.46,7.55,7.51,7.35,124545.18,0.03,0.4,7.202,7.042,6.626,119903.06,163691.96,119449.8
2012-12-27,7.7,7.84,7.4,7.39,202963.77,-0.11,-1.47,7.272,7.154,6.693,141541.86,179654.87,125925.14
2012-12-28,7.4,7.56,7.55,7.31,107899.66,0.15,2.03,7.394,7.218,6.764,144166.14,158282.98,127742.48
2012-12-31,7.6,7.76,7.73,7.53,127296.51,0.18,2.38,7.534,7.277,6.852,155091.44,134246.65,131048.79
2013-01-04,7.75,7.8,7.48,7.4,115660.19,-0.25,-3.23,7.534,7.32,6.93,135673.06,129630.19,134328.69
2013-01-07,7.46,7.55,7.5,7.36,56614.7,0.02,0.27,7.532,7.367,6.991,122086.97,120995.02,130909.66
2013-01-08,7.45,7.52,7.42,7.28,93717.68,-0.08,-1.07,7.536,7.404,7.053,100237.75,120889.81,132963.73
2013-01-09,7.4,7.43,7.37,7.28,81653.82,-0.05,-0.67,7.5,7.447,7.106,94988.58,119577.36,132221.26
2013-01-10,7.44,7.68,7.54,7.44,123783.5,0.17,2.31,7.462,7.498,7.163,94285.98,124688.71,133807.46
2013-01-11,7.58,7.62,7.44,7.39,78329.82,-0.1,-1.33,7.454,7.494,7.215,86819.9,111246.48,134225.41
2013-01-14,7.43,7.65,7.64,7.3,254287.25,0.2,2.69,7.482,7.507,7.275,126354.41,124220.69,143956.32
2013-01-15,7.6,7.84,7.72,7.56,186267.38,0.08,1.05,7.542,7.539,7.347,144864.35,122551.05,151102.96
2013-01-16,7.75,7.97,7.68,7.61,162065.14,-0.04,-0.52,7.604,7.552,7.385,160946.62,127967.6,143125.29
2013-01-17,7.64,7.64,7.48,7.48,83085.6,-0.2,-2.6,7.592,7.527,7.402,152807.04,123546.51,128896.58
2013-01-18,7.52,7.72,7.69,7.48,89235.94,0.21,2.81,7.642,7.548,7.434,154988.26,120904.08,125267.13
2013-01-21,7.69,7.77,7.7,7.61,59606.09,0.01,0.13,7.654,7.568,7.468,116052.03,121203.22,121099.12
2013-01-22,7.65,7.78,7.52,7.5,82729.25,-0.18,-2.34,7.614,7.578,7.491,95344.4,120104.38,120497.09
2013-01-23,7.51,7.57,7.44,7.27,69757.42,-0.08,-1.06,7.566,7.585,7.516,76882.86,118914.74,119246.05
2013-01-24,7.45,7.49,7.17,7.15,105791.77,-0.27,-3.63,7.504,7.548,7.523,81424.09,117115.57,120902.14
2013-01-25,7.18,7.26,7.18,7.13,55974.65,0.01,0.14,7.402,7.522,7.508,74771.84,114880.05,113063.27
2013-01-28,7.2,7.41,7.4,7.18,77480.98,0.22,3.06,7.342,7.498,7.503,78346.81,97199.42,110710.06
2013-01-29,7.44,7.5,7.46,7.34,78228.52,0.06,0.81,7.33,7.472,7.506,77446.67,86395.54,104473.29
2013-01-30,7.47,7.57,7.45,7.33,95807.06,-0.01,-0.13,7.332,7.449,7.501,82656.6,79769.73,103868.66
2013-01-31,7.46,7.53,7.35,7.22,90921.99,-0.1,-1.34,7.368,7.436,7.482,79682.64,80553.37,102049.94
2013-02-01,7.34,7.55,7.51,7.28,88055.53,0.16,2.18,7.434,7.418,7.483,86098.82,80435.33,100669.7
2013-02-04,7.53,7.57,7.46,7.31,87876.54,-0.05,-0.67,7.446,7.394,7.481,88177.93,83262.37,102232.8
2013-02-05,7.46,7.89,7.73,7.42,205877.12,0.27,3.62,7.5,7.415,7.497,113707.65,95577.16,107840.77
2013-02-06,7.76,7.8,7.73,7.63,80181.44,0.0,0.0,7.556,7.444,7.515,110582.52,96619.56,107767.15
2013-02-07,7.7,7.86,7.84,7.66,96690.33,0.11,1.42,7.654,7.511,7.53,111736.19,95709.42,106412.49
2013-02-08,7.84,8.04,7.96,7.79,134602.94,0.12,1.53,7.744,7.589,7.556,121045.67,103572.25,109226.15
2013-02-18,7.99,8.06,7.99,7.85,110179.34,0.03,0.38,7.85,7.648,7.573,125506.23,106842.08,102020.75
2013-02-19,7.98,8.01,7.66,7.63,115411.41,-0.33,-4.13,7.836,7.668,7.57,107413.09,110560.37,98477.95
2013-02-20,7.6,7.71,7.69,7.56,79602.02,0.03,0.39,7.828,7.692,7.571,107297.21,108939.87,94354.8
2013-02-21,7.58,7.66,7.41,7.39,105120.34,-0.28,-3.64,7.742,7.698,7.567,108983.21,110359.7,95456.53
2013-02-22,7.42,7.52,7.51,7.41,52750.58,0.1,1.35,7.652,7.698,7.558,92612.74,106829.21,93632.27
2013-02-25,7.5,7.6,7.48,7.43,47735.71,-0.03,-0.4,7.55,7.7,7.547,80124.01,102815.12,93038.75
2013-02-26,7.46,7.48,7.3,7.3,67243.89,-0.18,-2.41,7.478,7.657,7.536,70490.51,88951.8,92264.48
2013-02-27,7.33,7.38,7.33,7.25,46337.79,0.03,0.41,7.406,7.617,7.531,63837.66,85567.44,91093.5
2013-02-28,7.35,7.54,7.51,7.32,74286.2,0.18,2.46,7.426,7.584,7.548,57670.83,83327.02,89518.22
2013-03-01,7.52,7.55,7.47,7.38,59249.37,-0.04,-0.53,7.418,7.535,7.562,58970.59,75791.67,89681.96
2013-03-04,7.4,7.4,7.04,6.98,112697.4,-0.43,-5.76,7.33,7.44,7.544,71962.93,76043.47,91442.78
2013-03-05,7.05,7.14,7.1,6.99,82633.71,0.06,0.85,7.29,7.384,7.526,75040.89,72765.7,91663.04
2013-03-06,7.13,7.27,7.2,7.13,67010.69,0.1,1.41,7.264,7.335,7.514,79175.47,71506.57,90223.22
2013-03-07,7.24,7.3,7.18,7.13,55095.11,-0.02,-0.28,7.198,7.312,7.505,75337.26,66504.05,88431.87
2013-03-08,7.2,7.2,7.14,7.1,36064.93,-0.04,-0.56,7.132,7.275,7.487,70700.37,64835.48,85832.34
2013-03-11,7.16,7.19,7.15,7.07,27316.9,0.01,0.14,7.154,7.242,7.471,53624.27,62793.6,82804.36
2013-03-12,7.16,7.21,6.91,6.82,71360.34,-0.24,-3.36,7.116,7.203,7.43,51369.59,63205.24,76078.52
2013-03-13,6.91,6.95,6.84,6.78,29413.65,-0.07,-1.01,7.044,7.154,7.386,43850.19,61512.83,73540.13
2013-03-14,6.85,6.96,6.79,6.75,28747.79,-0.05,-0.73,6.966,7.082,7.333,38580.72,56958.99,70143.01
2013-03-15,6.81,6.92,6.76,6.68,48392.77,-0.03,-0.44,6.89,7.011,7.273,41046.29,55873.33,65832.5
2013-03-18,6.76,6.84,6.79,6.72,34607.89,0.03,0.44,6.818,6.986,7.213,42504.49,48064.38,62053.92
2013-03-19,6.76,6.83,6.8,6.69,31206.64,0.01,0.15,6.796,6.956,7.17,34473.75,42921.67,57843.69
2013-03-20,6.79,7.01,6.99,6.78,57111.65,0.19,2.79,6.826,6.935,7.135,40013.35,41931.77,56719.17
2013-03-21,7.0,7.1,7.02,6.98,44786.66,0.03,0.43,6.872,6.919,7.116,43221.12,40900.92,53702.48
2013-03-22,7.03,7.1,7.04,6.95,40647.76,0.02,0.28,6.928,6.909,7.092,41672.12,41359.21,53097.34
2013-03-25,7.05,7.06,6.97,6.95,43527.29,-0.07,-0.99,6.964,6.891,7.067,43456.0,42980.24,52886.92
2013-03-26,6.93,6.96,6.85,6.82,42284.58,-0.12,-1.72,6.974,6.885,7.044,45671.59,40072.67,51638.96
2013-03-27,6.87,7.02,6.95,6.85,37162.88,0.1,1.46,6.966,6.896,7.025,41681.83,40847.59,51180.21
2013-03-28,6.9,6.9,6.71,6.7,35683.05,-0.24,-3.45,6.904,6.888,6.985,39861.11,41541.12,49250.05
2013-03-29,6.7,6.75,6.7,6.66,24586.02,-0.01,-0.15,6.836,6.882,6.947,36648.76,39160.44,47516.89
2013-04-01,6.72,6.87,6.82,6.71,28738.15,0.12,1.79,6.806,6.885,6.936,33690.94,38573.47,43318.92
2013-04-02,6.84,6.85,6.68,6.66,33882.46,-0.14,-2.05,6.772,6.873,6.915,32010.51,38841.05,40881.36
2013-04-03,6.68,6.71,6.53,6.51,35988.64,-0.15,-2.25,6.688,6.827,6.881,31775.66,36728.75,39330.26
2013-04-08,6.48,6.5,6.5,6.4,24136.38,-0.03,-0.46,6.646,6.775,6.847,29466.33,34663.72,37782.32
2013-04-09,6.51,6.6,6.58,6.5,28278.64,0.08,1.23,6.622,6.729,6.819,30204.85,33426.81,37393.01
2013-04-10,6.56,6.63,6.59,6.54,19345.56,0.01,0.15,6.576,6.691,6.791,28326.34,31008.64,36994.44
2013-04-11,6.61,6.63,6.54,6.54,18199.24,-0.05,-0.76,6.548,6.66,6.773,25189.69,28600.1,34336.39
2013-04-12,6.54,6.55,6.41,6.39,27614.15,-0.13,-1.99,6.524,6.606,6.751,23514.79,27645.23,34246.41
2013-04-15,6.41,6.55,6.4,6.39,19813.96,-0.01,-0.16,6.504,6.575,6.732,22650.31,26058.32,33799.72
2013-04-16,6.38,6.53,6.5,6.3,21475.19,0.1,1.56,6.488,6.555,6.719,21289.62,25747.24,32453.84
2013-04-17,6.5,6.51,6.49,6.4,24806.84,-0.01,-0.15,6.468,6.522,6.704,22381.88,25354.11,31963.79
2013-04-18,6.48,6.57,6.54,6.4,24437.12,0.05,0.77,6.468,6.508,6.691,23629.45,24409.57,31625.31
2013-04-19,6.5,6.75,6.7,6.5,56684.14,0.16,2.45,6.526,6.525,6.676,29443.45,26479.12,31603.94
2013-04-22,6.63,6.7,6.69,6.61,29068.56,-0.01,-0.15,6.584,6.544,6.66,31294.37,26972.34,30818.03
2013-04-23,6.69,6.74,6.47,6.43,38414.19,-0.22,-3.29,6.578,6.533,6.631,34682.17,27985.9,30706.35
2013-04-24,6.47,6.67,6.64,6.47,28462.7,0.17,2.63,6.608,6.538,6.615,35413.34,28897.61,29953.12
2013-04-25,6.66,6.74,6.63,6.55,46913.6,-0.01,-0.15,6.626,6.547,6.604,39908.64,31769.05,30184.57
2013-04-26,6.65,6.67,6.52,6.51,28853.31,-0.11,-1.66,6.59,6.558,6.582,34342.47,31892.96,29769.1
2013-05-02,6.52,6.57,6.51,6.45,20664.32,-0.01,-0.15,6.554,6.569,6.572,32661.62,31978.0,29018.16
2013-05-03,6.53,6.72,6.66,6.53,40689.36,0.15,2.3,6.592,6.585,6.57,33116.66,33899.41,29823.33
2013-05-06,6.69,6.85,6.75,6.67,51810.95,0.09,1.35,6.614,6.611,6.567,37786.31,36599.83,30976.97
2013-05-07,6.76,6.81,6.78,6.74,28803.12,0.03,0.44,6.644,6.635,6.572,34164.21,37036.43,30723.0
2013-05-08,6.79,6.83,6.82,6.71,39462.86,0.04,0.59,6.704,6.647,6.586,36286.12,35314.3,30896.71
2013-05-09,6.81,6.81,6.76,6.68,32075.85,-0.06,-0.88,6.754,6.654,6.599,38568.43,35615.03,31293.68
2013-05-10,6.71,6.82,6.8,6.69,43232.51,0.04,0.59,6.782,6.687,6.61,39077.06,36096.86,32041.38
2013-05-13,6.8,6.81,6.79,6.73,32363.67,-0.01,-0.15,6.79,6.702,6.62,35187.6,36486.96,32692.28
2013-05-14,6.78,6.79,6.64,6.6,35536.5,-0.15,-2.21,6.762,6.703,6.625,36534.28,35349.25,33559.14
2013-05-15,6.63,6.68,6.67,6.6,30488.74,0.03,0.45,6.732,6.718,6.638,34739.45,35512.79,33702.87
2013-05-16,6.65,6.81,6.78,6.6,49774.24,0.11,1.65,6.736,6.745,6.657,38279.13,38423.78,35200.89
2013-05-17,6.75,6.95,6.93,6.75,80970.08,0.15,2.21,6.762,6.772,6.679,45826.65,42451.85,38175.63
2013-05-20,6.92,7.12,7.05,6.89,107694.56,0.12,1.73,6.814,6.802,6.707,60892.82,48040.21,42320.02
2013-05-21,7.05,7.15,7.12,6.95,71735.99,0.07,0.99,6.91,6.836,6.736,68132.72,52333.5,44684.96
2013-05-22,7.11,7.14,7.04,6.99,62801.28,-0.08,-1.12,6.984,6.858,6.753,74595.23,54667.34,44990.82
2013-05-23,7.04,7.08,6.9,6.89,86402.94,-0.14,-1.99,7.008,6.872,6.763,81920.97,60100.05,47857.54
2013-05-24,6.92,7.2,7.19,6.91,114894.78,0.29,4.2,7.06,6.911,6.799,88705.91,67266.28,51681.57
2013-05-27,7.35,7.43,7.28,7.17,156825.17,0.09,1.25,7.106,6.96,6.831,98532.03,79712.43,58099.69
2013-05-28,7.28,7.42,7.38,7.21,103793.45,0.1,1.37,7.158,7.034,6.869,104943.52,86538.12,60943.68
2013-05-29,7.45,8.12,8.12,7.38,566980.94,0.74,10.03,7.374,7.179,6.949,205779.46,140187.34,87850.07
2013-05-30,8.2,8.93,8.93,8.19,851041.81,0.81,9.97,7.78,7.394,7.07,358707.23,220314.1,129368.94
2013-05-31,8.97,9.13,8.82,8.74,745376.94,-0.11,-1.23,8.106,7.583,7.178,484803.66,286754.79,164603.32
2013-06-03,8.71,9.08,8.71,8.55,486605.53,-0.11,-1.25,8.392,7.749,7.276,550759.73,324645.88,186343.05
2013-06-04,8.62,8.99,8.81,8.46,488582.81,0.1,1.15,8.678,7.918,7.377,627717.61,366330.56,209332.03
2013-06-05,8.75,8.77,8.35,8.22,482158.12,-0.46,-5.22,8.724,8.049,7.454,610753.04,408266.25,231466.8
2013-06-06,8.43,8.58,8.41,8.28,428841.41,0.06,0.72,8.62,8.2,7.536,526312.96,442510.1,251305.07
2013-06-07,8.4,8.41,7.8,7.75,373159.91,-0.61,-7.25,8.416,8.261,7.586,451869.56,468336.61,267801.44
2013-06-13,7.73,7.85,7.73,7.48,302679.06,-0.07,-0.9,8.22,8.306,7.633,415084.26,482922.0,281317.21
2013-06-14,7.7,7.94,7.84,7.58,301942.84,0.11,1.42,8.026,8.352,7.693,377756.27,502736.94,294637.53
2013-06-17,7.81,7.86,7.67,7.62,242817.61,-0.17,-2.17,7.89,8.307,7.743,329888.17,470320.6,305253.97
2013-06-18,7.63,7.84,7.68,7.48,240424.94,0.06,0.79,7.744,8.182,7.788,292204.87,409258.92,314786.51
2013-06-19,7.59,7.88,7.81,7.5,259662.12,0.13,1.69,7.746,8.081,7.832,269505.31,360687.44,323721.11
2013-06-20,7.75,7.8,7.2,7.14,305297.28,-0.61,-7.81,7.64,7.93,7.84,270028.96,342556.61,333601.25
2013-06-21,7.02,7.24,7.13,6.95,221183.89,-0.07,-0.97,7.498,7.762,7.84,253877.17,315816.72,341073.64
2013-06-24,7.2,7.24,6.64,6.42,241865.8,-0.49,-6.87,7.292,7.591,7.82,253686.81,291787.49,350026.87
2013-06-25,6.53,6.7,6.44,5.99,275817.56,-0.2,-3.01,7.044,7.394,7.797,260765.33,276485.1,359497.6
2013-06-26,6.43,6.7,6.62,6.35,233291.59,0.18,2.79,6.806,7.276,7.769,255491.22,262498.27,365417.44
2013-06-27,6.63,6.74,6.32,6.23,216334.61,-0.3,-4.53,6.63,7.135,7.721,237698.69,253863.82,368392.91
2013-06-28,6.27,6.57,6.38,6.17,156494.14,0.06,0.95,6.48,6.989,7.671,224760.74,239318.95,371027.95
2013-07-01,6.37,6.54,6.52,6.33,129842.81,0.14,2.19,6.456,6.874,7.591,202356.14,228021.47,349171.04
2013-07-02,6.5,6.7,6.65,6.47,162195.77,0.13,1.99,6.498,6.771,7.477,179631.78,220198.56,314728.74
2013-07-03,6.6,6.61,6.54,6.33,133064.64,-0.11,-1.65,6.482,6.644,7.363,159586.39,207538.81,284113.12
2013-07-04,6.45,6.86,6.72,6.4,206263.44,0.18,2.75,6.562,6.596,7.263,157572.16,197635.43,270096.02
2013-07-05,6.73,6.8,6.68,6.65,129132.11,-0.04,-0.59,6.622,6.551,7.157,152099.75,188430.25,252123.48
2013-07-08,6.51,6.51,6.24,6.23,133453.11,-0.44,-6.59,6.566,6.511,7.051,152821.81,177588.98,234688.23
2013-07-09,6.24,6.31,6.26,6.13,73351.08,0.02,0.32,6.488,6.493,6.944,135052.88,157342.33,216913.72
2013-07-10,6.36,6.89,6.89,6.34,250602.95,0.63,10.06,6.558,6.52,6.898,158560.54,159073.47,210785.87
2013-07-11,7.0,7.25,7.07,6.92,404936.34,0.18,2.61,6.628,6.595,6.865,198295.12,177933.64,215898.73
2013-07-12,7.0,7.21,6.98,6.92,214881.19,-0.09,-1.27,6.688,6.655,6.822,215444.93,183772.34,211545.65
2013-07-15,7.01,7.2,7.13,6.96,166737.98,0.15,2.15,6.866,6.716,6.795,222101.91,187461.86,207741.67
2013-07-16,7.13,7.24,7.22,6.93,153133.23,0.09,1.26,7.058,6.773,6.772,238058.34,186555.61,203377.08
2013-07-17,7.5,7.68,7.33,7.26,360390.94,0.11,1.52,7.146,6.852,6.748,260015.94,209288.24,208413.52
2013-07-18,7.22,7.95,7.63,7.22,320605.06,0.3,4.09,7.258,6.943,6.77,243149.68,220722.4,209178.91
2013-07-19,7.52,7.97,7.61,7.41,301808.09,-0.02,-0.26,7.384,7.036,6.794,260535.06,237990.0,213210.12
2013-07-22,7.56,7.74,7.64,7.45,155239.97,0.03,0.39,7.486,7.176,6.844,258235.46,240168.68,208878.83
2013-07-23,7.58,7.8,7.75,7.57,160850.88,0.11,1.44,7.592,7.325,6.909,259778.99,248918.66,203130.5
2013-07-24,7.7,7.76,7.52,7.42,170620.84,-0.23,-2.97,7.63,7.388,6.954,221824.97,240920.45,199996.96
2013-07-25,7.55,7.59,7.19,7.16,172916.27,-0.33,-4.39,7.542,7.4,6.998,192287.21,217718.45,197826.04
2013-07-26,7.16,7.31,7.21,7.06,113947.25,0.02,0.28,7.462,7.423,7.039,154715.04,207625.05,195698.7
2013-07-29,7.13,7.15,6.95,6.88,105582.97,-0.26,-3.61,7.324,7.405,7.061,144783.64,201509.55,194485.71
2013-07-30,6.97,7.2,7.12,6.72,106116.5,0.17,2.45,7.198,7.395,7.084,133836.77,196807.88,191681.74
2013-07-31,7.15,7.2,7.01,6.95,80792.93,-0.11,-1.54,7.096,7.363,7.108,115871.18,168848.08,189068.16
2013-08-01,7.0,7.18,7.16,7.0,128177.53,0.15,2.14,7.09,7.316,7.13,106923.44,149605.32,185163.86
2013-08-02,7.17,7.26,7.21,7.11,140198.33,0.05,0.7,7.09,7.276,7.156,112173.65,133444.35,185717.17
2013-08-05,7.16,7.33,7.31,7.15,99599.44,0.1,1.39,7.162,7.243,7.21,110976.95,127880.29,184024.49
2013-08-06,7.4,7.9,7.82,7.37,394689.28,0.51,6.98,7.302,7.25,7.288,168691.5,151264.13,200091.4
2013-08-07,7.72,7.93,7.78,7.65,300456.81,-0.04,-0.51,7.456,7.276,7.332,212624.28,164247.73,202584.09
2013-08-08,7.88,8.33,8.09,7.67,335480.09,0.31,3.98,7.642,7.366,7.383,254084.79,180504.11,199111.28
2013-08-09,8.02,8.16,7.94,7.83,196447.12,-0.15,-1.85,7.788,7.439,7.431,265334.55,188754.1,198189.58
2013-08-12,7.93,8.11,8.06,7.87,167931.44,0.12,1.51,7.938,7.55,7.478,279000.95,194988.95,198249.25
2013-08-13,8.0,8.28,8.16,7.9,187163.78,0.1,1.24,8.006,7.654,7.525,237495.85,203093.68,199950.78
2013-08-14,8.13,8.45,8.34,8.0,275175.84,0.18,2.21,8.118,7.787,7.575,232439.65,222531.97,195690.02
2013-08-15,8.28,8.53,8.25,8.18,182288.59,-0.09,-1.08,8.15,7.896,7.606,201801.35,227943.07,188774.2
2013-08-16,8.18,8.18,7.74,7.71,256092.41,-0.51,-6.18,8.11,7.949,7.613,213730.41,239532.48,186488.41
2013-08-19,8.5,8.51,8.51,7.92,373604.25,0.77,9.95,8.2,8.069,7.656,254864.97,266932.96,197406.63
2013-08-20,8.57,9.22,8.68,8.55,675621.75,0.17,2.0,8.304,8.155,7.703,352556.57,295026.21,223145.17
2013-08-21,8.69,8.98,8.73,8.6,400219.44,0.05,0.58,8.382,8.25,7.763,377565.29,305002.47,234625.1
2013-08-22,8.6,8.89,8.79,8.52,286983.03,0.06,0.69,8.49,8.32,7.843,398504.18,300152.76,240328.44
2013-08-23,8.78,9.67,9.4,8.69,727050.19,0.61,6.94,8.822,8.466,7.953,492695.73,353213.07,270983.59
2013-08-26,9.25,9.65,9.61,9.25,428500.16,0.21,2.23,9.042,8.621,8.086,503674.91,379269.94,287129.45
2013-08-27,9.58,9.77,9.6,9.35,306712.5,-0.01,-0.1,9.226,8.765,8.21,429893.06,391224.82,297159.25
2013-08-28,9.46,9.77,9.19,9.17,434309.84,-0.41,-4.27,9.318,8.85,8.319,436711.14,407138.22,314835.09
2013-08-29,9.25,10.11,10.11,9.18,940350.69,0.92,10.01,9.582,9.036,8.466,567384.68,482944.43,355443.75
2013-08-30,10.0,10.98,10.17,9.94,1167955.62,0.06,0.59,9.736,9.279,8.614,655565.76,574130.75,406831.61
2013-09-02,10.2,10.29,9.59,9.15,623067.62,-0.58,-5.7,9.732,9.387,8.728,694479.25,599077.08,433005.02
2013-09-03,9.46,9.75,9.66,9.3,359248.34,0.07,0.73,9.744,9.485,8.82,704986.42,567439.74,431232.98
2013-09-04,9.58,10.28,9.75,9.52,413101.78,0.09,0.93,9.856,9.587,8.919,700744.81,568727.98,436865.22
2013-09-05,9.59,9.59,9.39,9.2,366381.88,-0.36,-3.69,9.712,9.647,8.984,585951.05,576667.86,438410.31
2013-09-06,9.37,9.86,9.68,9.28,505978.88,0.29,3.09,9.614,9.675,9.071,453555.7,554560.73,453886.9
2013-09-09,9.68,9.82,9.49,9.4,384989.22,-0.19,-1.96,9.594,9.663,9.142,405940.02,550209.64,464739.79
2013-09-10,9.45,10.09,10.05,9.4,508730.81,0.56,5.9,9.672,9.708,9.237,435836.51,570411.47,480818.14
2013-09-11,10.05,10.88,10.34,9.92,713834.25,0.29,2.89,9.79,9.823,9.337,495983.01,598363.91,502751.06
2013-09-12,10.05,10.37,10.08,10.04,284683.22,-0.26,-2.52,9.928,9.82,9.428,479643.28,532797.16,507870.79
2013-09-13,10.05,10.52,10.16,10.01,251024.84,0.08,0.79,10.024,9.819,9.549,428652.47,441104.08,507617.42
2013-09-16,10.19,10.28,9.97,9.77,222792.94,-0.19,-1.87,10.12,9.857,9.622,396213.21,401076.62,500076.85
2013-09-17,9.95,9.95,9.3,9.2,335177.34,-0.67,-6.72,9.97,9.821,9.653,361502.52,398669.52,483054.63
2013-09-18,9.3,9.53,9.32,9.21,163187.88,0.02,0.21,9.766,9.778,9.683,251373.24,373678.13,471203.05
2013-09-23,9.32,9.55,9.43,9.3,187511.73,0.11,1.18,9.636,9.782,9.715,231938.95,355791.11,466229.49
2013-09-24,9.44,10.2,10.16,9.16,463363.72,0.73,7.74,9.636,9.83,9.753,274406.72,351529.6,453045.16
2013-09-25,10.0,10.18,9.92,9.81,305622.16,-0.24,-2.36,9.626,9.873,9.768,290972.57,343592.89,446901.26
2013-09-26,9.89,10.07,9.42,9.37,207611.0,-0.5,-5.04,9.65,9.81,9.759,265459.3,313480.91,441946.19
2013-09-27,9.35,9.78,9.62,9.21,181313.33,0.2,2.12,9.71,9.738,9.781,269084.39,260228.82,429296.36
2013-09-30,9.5,10.05,9.97,9.46,227874.92,0.35,3.64,9.818,9.727,9.774,277157.03,254547.99,393672.57
2013-10-08,9.86,10.68,10.54,9.79,452141.69,0.57,5.72,9.894,9.765,9.792,274912.62,274659.67,357881.88
2013-10-09,10.49,10.98,10.73,10.41,495972.22,0.19,1.8,10.056,9.841,9.849,312982.63,301977.6,351527.11
2013-10-10,10.91,11.17,10.78,10.56,404351.25,0.05,0.47,10.328,9.989,9.905,352330.68,308894.99,353782.25
2013-10-11,11.05,11.17,10.86,10.68,332598.88,0.08,0.74,10.576,10.143,9.961,382587.79,325836.09,349757.11
2013-10-14,10.84,10.9,10.56,10.35,310328.66,-0.3,-2.76,10.694,10.256,10.019,399078.54,338117.78,346954.45
2013-10-15,10.55,11.62,11.62,10.45,567437.38,1.06,10.04,10.91,10.402,10.116,422137.68,348525.15,350027.37
2013-10-16,11.73,12.39,11.32,11.2,808356.75,-0.3,-2.58,11.028,10.542,10.208,484614.58,398798.61,371195.75
2013-10-17,11.46,11.61,10.91,10.68,415595.62,-0.41,-3.62,11.054,10.691,10.251,486863.46,419597.07,366538.99
2013-10-18,10.81,11.16,10.89,10.71,233610.2,-0.02,-0.18,11.06,10.818,10.278,467065.72,424826.76,342527.79
2013-10-21,10.78,11.98,11.98,10.55,430170.0,1.09,10.01,11.344,11.019,10.373,491033.99,445056.27,349802.13
2013-10-22,12.03,12.39,11.65,11.4,543587.81,-0.33,-2.75,11.35,11.13,10.448,486264.08,454200.88,364430.27
2013-10-23,11.6,11.98,11.21,10.79,333707.19,-0.44,-3.78,11.328,11.178,10.51,391334.16,437974.37,369975.99
2013-10-24,11.15,11.47,11.38,11.0,241562.91,0.17,1.52,11.422,11.238,10.614,356527.62,421695.54,365295.27
2013-10-25,11.3,11.46,11.04,10.7,217023.94,-0.34,-2.99,11.452,11.256,10.7,353210.37,410138.05,367987.07
2013-10-28,11.04,11.14,10.72,10.57,146391.02,-0.32,-2.9,11.2,11.272,10.764,296454.57,393744.28,365931.03
2013-10-29,10.75,10.98,9.65,9.65,399055.0,-1.07,-9.98,10.8,11.075,10.739,267548.01,376906.04,362715.6
2013-10-30,9.64,10.15,10.03,9.22,293950.84,0.38,3.94,10.564,10.946,10.744,259596.74,325465.45,362132.03
2013-10-31,9.89,9.97,9.63,9.6,187907.06,-0.4,-3.99,10.214,10.818,10.755,248865.57,302696.6,361146.83
2013-11-01,9.69,9.95,9.77,9.47,139891.58,0.14,1.45,9.96,10.706,10.762,233439.1,293324.74,359075.75
2013-11-04,9.8,10.34,10.2,9.69,228040.05,0.43,4.4,9.856,10.528,10.774,249768.91,273111.74,359084.0
2013-11-05,10.09,10.43,10.3,10.01,186363.55,0.1,0.98,9.986,10.393,10.762,207230.62,237389.31,345795.1
2013-11-06,10.32,10.9,10.44,10.15,313215.0,0.14,1.36,10.068,10.316,10.747,211083.45,235340.1,336657.23
2013-11-07,10.36,10.6,10.32,10.22,171924.98,-0.12,-1.15,10.206,10.21,10.724,207887.03,228376.3,325035.92
2013-11-08,10.38,10.43,10.35,9.87,199981.98,0.03,0.29,10.322,10.141,10.699,219905.11,226672.11,318405.08
2013-11-11,10.46,10.65,10.23,9.98,215248.19,-0.12,-1.16,10.328,10.092,10.682,217346.74,233557.82,313651.05
2013-11-12,10.04,10.13,9.99,9.54,216393.41,-0.24,-2.35,10.266,10.126,10.601,223352.71,215291.66,296098.85
2013-11-13,9.74,10.09,9.61,9.6,123115.4,-0.38,-3.8,10.1,10.084,10.515,185332.79,198208.12,261836.79
2013-11-14,9.66,9.77,9.41,9.33,301810.47,-0.2,-2.08,9.918,10.062,10.44,211309.89,209598.46,256147.53
2013-11-15,9.4,9.81,9.6,9.38,243600.28,0.19,2.02,9.768,10.045,10.376,220033.55,219969.33,256647.03
2013-11-18,9.65,10.24,10.18,9.65,273663.81,0.58,6.04,9.758,10.043,10.286,231716.67,224531.71,248821.72
2013-11-19,10.18,10.4,10.28,10.04,204609.25,0.1,0.98,9.816,10.041,10.217,229359.84,226356.28,231872.8
2013-11-20,10.32,10.77,10.63,10.25,294887.62,0.35,3.4,10.02,10.06,10.188,263714.29,224523.54,229931.82
2013-11-21,10.5,11.44,10.71,10.39,474556.53,0.08,0.75,10.28,10.099,10.155,298263.5,254786.69,241581.5
2013-11-22,10.62,10.72,10.31,10.3,225496.92,-0.4,-3.73,10.422,10.095,10.118,294642.83,257338.19,242005.15
2013-11-25,10.31,10.66,10.39,10.21,164203.27,0.08,0.78,10.464,10.111,10.102,272750.72,252233.7,242895.76
2013-11-26,10.39,10.49,10.38,10.2,109834.5,-0.01,-0.1,10.484,10.15,10.138,253795.77,241577.81,228434.73
2013-11-27,10.41,10.78,10.6,10.3,177404.27,0.22,2.12,10.478,10.249,10.167,230299.1,247006.69,222607.41
2013-11-28,10.56,10.93,10.55,10.5,194957.38,-0.05,-0.47,10.446,10.363,10.213,174379.27,236321.38,222959.92
2013-11-29,10.58,11.0,10.83,10.32,243989.28,0.28,2.65,10.55,10.486,10.266,178077.74,236360.28,228164.81
2013-12-02,10.55,10.7,10.13,9.95,208635.08,-0.7,-6.46,10.498,10.481,10.262,186964.1,229857.41,227194.56
2013-12-03,10.0,10.37,10.3,9.9,96047.74,0.17,1.68,10.482,10.483,10.262,184206.75,219001.26,222678.77
2013-12-04,10.25,10.84,10.65,10.2,240766.16,0.35,3.4,10.492,10.485,10.273,196879.13,213589.11,219056.33
2013-12-05,10.58,10.74,10.57,10.5,132490.66,-0.08,-0.75,10.496,10.471,10.285,184385.78,179382.53,217084.61
2013-12-06,10.53,10.65,10.38,10.27,118992.43,-0.19,-1.8,10.406,10.478,10.287,159386.41,168732.08,213035.13
2013-12-09,10.4,10.65,10.5,10.34,93848.41,0.12,1.16,10.48,10.489,10.3,136429.08,161696.59,206965.14
2013-12-10,10.57,11.08,10.97,10.52,389017.81,0.47,4.48,10.614,10.548,10.349,195023.09,189614.92,215596.36
2013-12-11,10.88,11.17,11.11,10.77,367985.91,0.14,1.28,10.706,10.599,10.424,220467.04,208673.09,227839.89
2013-12-12,11.07,11.35,11.27,10.94,291905.06,0.16,1.44,10.846,10.671,10.517,252349.92,218367.85,227344.62
2013-12-13,11.19,11.28,11.09,10.92,187289.22,-0.18,-1.6,10.988,10.697,10.592,266009.28,212697.85,224529.07
2013-12-16,11.1,11.28,11.12,10.91,193735.89,0.03,0.27,11.112,10.796,10.639,285986.78,211207.93,220532.67
2013-12-17,11.1,11.1,10.65,10.64,181177.95,-0.47,-4.23,11.048,10.831,10.657,244418.81,219720.95,219361.1
2013-12-18,10.61,10.84,10.59,10.5,110647.04,-0.06,-0.56,10.944,10.825,10.655,192951.03,206709.04,210149.08
2013-12-19,10.65,10.91,10.61,10.58,100513.43,0.02,0.19,10.812,10.829,10.65,154672.71,203511.32,191446.92
2013-12-20,10.76,10.8,10.3,10.28,100193.9,-0.31,-2.92,10.654,10.821,10.65,137253.64,201631.46,185181.77
2013-12-23,10.3,10.35,10.15,9.91,78261.17,-0.15,-1.46,10.46,10.786,10.638,114158.7,200072.74,180884.66
2013-12-24,10.15,10.45,10.22,10.11,50446.84,0.07,0.69,10.374,10.711,10.63,88012.48,166215.64,177915.28
2013-12-25,10.29,10.38,10.34,10.08,68317.97,0.12,1.17,10.324,10.634,10.617,79546.66,136248.85,172460.97
2013-12-26,10.32,10.32,9.98,9.97,83565.14,-0.36,-3.48,10.198,10.505,10.588,76157.0,115414.86,166891.35
2013-12-27,9.94,10.5,10.35,9.94,100470.25,0.37,3.71,10.208,10.431,10.564,76212.27,106732.96,159715.4
2013-12-30,10.54,10.54,10.29,10.18,82820.12,-0.06,-0.58,10.236,10.348,10.572,77124.06,95641.38,153424.66
2013-12-31,10.27,10.41,10.28,10.2,49788.96,-0.01,-0.1,10.248,10.311,10.571,76992.49,82502.48,151111.72
2014-01-02,10.23,10.33,10.2,10.15,55908.04,-0.08,-0.78,10.22,10.272,10.549,74510.5,77028.58,141868.81
2014-01-03,10.16,10.2,10.1,9.81,120582.74,-0.1,-0.98,10.244,10.221,10.525,81914.02,79035.51,141273.41
2014-01-06,10.06,10.06,9.77,9.76,65063.71,-0.33,-3.27,10.128,10.168,10.495,74832.71,75522.49,138576.98
2014-01-07,9.8,9.91,9.76,9.7,41998.7,-0.01,-0.1,10.022,10.129,10.458,66668.43,71896.25,135984.49
2014-01-08,9.76,9.84,9.53,9.4,81386.75,-0.23,-2.36,9.872,10.06,10.386,72987.99,74990.24,120602.94
2014-01-09,9.53,9.7,9.37,9.36,79372.25,-0.16,-1.68,9.706,9.963,10.299,77680.83,76095.67,106172.26
2014-01-10,9.39,9.47,9.08,9.05,91530.01,-0.29,-3.1,9.502,9.873,10.189,71870.28,76892.15,96153.5
2014-01-13,9.01,9.39,9.26,9.01,73121.02,0.18,1.98,9.4,9.764,10.098,73481.75,74157.23,90445.09
2014-01-14,9.28,9.91,9.88,9.23,164280.66,0.62,6.7,9.424,9.723,10.036,97938.14,82303.28,88972.33
2014-01-15,9.85,10.07,10.0,9.8,112078.21,0.12,1.22,9.518,9.695,10.003,104076.43,88532.21,85517.35
2014-01-16,10.05,10.17,10.03,9.86,104439.94,0.03,0.3,9.65,9.678,9.975,109089.97,93385.4,85206.99
2014-01-17,10.03,10.08,9.84,9.77,78876.4,-0.19,-1.89,9.802,9.652,9.937,106559.25,89214.76,84125.14
2014-01-20,9.85,10.11,9.94,9.75,102913.07,0.1,1.02,9.938,9.669,9.919,112517.66,92999.7,84261.1
2014-01-21,9.97,10.16,10.15,9.82,96884.38,0.21,2.11,9.992,9.708,9.919,99038.4,98488.27,85192.26
2014-01-22,10.2,10.3,10.28,10.09,108517.25,0.13,1.28,10.048,9.783,9.922,98326.21,101201.32,88095.78
2014-01-23,10.22,10.29,10.16,10.15,62387.09,-0.12,-1.17,10.074,9.862,9.913,89915.64,99502.8,87799.23
2014-01-24,10.1,10.34,10.32,10.07,91973.29,0.16,1.57,10.17,9.986,9.93,92535.02,99547.13,88219.64
2014-01-27,10.22,10.36,10.23,10.13,70094.64,-0.09,-0.87,10.228,10.083,9.924,85971.33,99244.49,86700.86
2014-01-28,10.22,10.59,10.52,10.22,104748.85,0.29,2.83,10.302,10.147,9.935,87544.22,93291.31,87797.3
2014-01-29,10.55,10.61,10.43,10.39,68244.8,-0.09,-0.86,10.332,10.19,9.943,79489.73,88907.97,88720.09
2014-01-30,10.54,10.55,10.37,10.35,37918.6,-0.06,-0.57,10.374,10.224,9.951,74596.04,82255.84,87820.62
2014-02-07,10.25,10.3,10.19,10.06,101450.2,-0.18,-1.74,10.348,10.259,9.956,76491.42,84513.22,86863.99
2014-02-10,10.19,10.74,10.68,10.19,148805.58,0.49,4.81,10.438,10.333,10.001,92233.61,89102.47,91051.08
2014-02-11,10.66,10.96,10.88,10.48,168794.38,0.2,1.87,10.51,10.406,10.057,105042.71,96293.47,97390.87
2014-02-12,11.05,11.97,11.97,11.02,483476.88,1.09,10.02,10.818,10.575,10.179,188089.13,133789.43,117495.37
2014-02-13,12.35,12.35,11.61,11.55,416046.47,-0.36,-3.01,11.066,10.72,10.291,263714.7,169155.37,134329.09
2014-02-14,11.62,12.63,12.38,11.62,398116.19,0.77,6.63,11.504,10.926,10.456,323047.9,199769.66,149658.39
2014-02-17,12.43,13.27,12.95,12.25,490373.88,0.57,4.6,11.958,11.198,10.641,391361.56,241797.58,170521.04
2014-02-18,12.91,13.54,13.41,12.7,454687.59,0.46,3.55,12.464,11.487,10.817,448540.2,276791.46,185041.38
2014-02-19,13.45,13.88,13.28,13.05,322756.19,-0.13,-0.97,12.726,11.772,10.981,416396.06,302242.6,195575.28
2014-02-20,13.11,14.61,14.08,13.08,629514.44,0.8,6.02,13.22,12.143,11.184,459089.66,361402.18,221829.01
2014-02-28,12.67,13.15,12.67,12.67,385318.19,-1.41,-10.01,13.278,12.391,11.325,456530.06,389788.98,237151.1
2014-03-03,12.55,13.17,12.99,12.21,374190.38,0.32,2.53,13.286,12.622,11.478,433293.36,412327.46,250714.96
2014-03-04,12.89,13.16,12.96,12.65,250817.16,-0.03,-0.23,13.196,12.83,11.618,392519.27,420529.74,258411.6
2014-03-05,12.8,12.93,12.1,12.05,368037.66,-0.86,-6.64,12.96,12.843,11.709,401575.57,408985.81,271387.62
2014-03-06,12.17,12.36,12.31,11.91,257778.27,0.21,1.74,12.606,12.913,11.817,327228.33,393158.99,281157.18
2014-03-07,12.48,12.73,12.59,12.41,281599.34,0.28,2.27,12.59,12.934,11.93,306484.56,381507.31,290638.48
2014-03-10,12.85,13.01,12.2,12.13,279130.69,-0.39,-3.1,12.432,12.859,12.029,287472.62,360382.99,301090.29
2014-03-11,12.03,12.3,11.94,11.69,157072.48,-0.26,-2.13,12.228,12.712,12.1,268723.69,330621.48,303706.47
2014-03-12,11.95,12.12,11.88,11.5,130804.53,-0.06,-0.5,12.184,12.572,12.172,221277.06,311426.31,306834.45
2014-03-13,11.89,12.07,12.0,11.72,117070.0,0.12,1.01,12.122,12.364,12.254,193135.41,260181.87,310792.03
2014-03-14,11.9,12.04,11.9,11.64,93201.91,-0.1,-0.83,11.984,12.287,12.339,155455.92,230970.24,310379.61
2014-03-17,11.86,13.09,13.09,11.74,371566.53,1.19,10.0,12.162,12.297,12.46,173943.09,230707.86,321517.66
2014-03-18,13.09,13.25,13.09,12.83,243264.19,0.0,0.0,12.392,12.31,12.57,191181.43,229952.56,325241.15
2014-03-19,13.07,13.08,12.94,12.6,169788.45,-0.15,-1.15,12.604,12.394,12.619,198978.22,210127.64,309556.73
2014-03-20,13.05,13.88,12.86,12.81,372008.66,-0.08,-0.62,12.776,12.449,12.681,249965.95,221550.68,307354.84
2014-03-21,12.7,13.72,13.57,12.39,330314.97,0.71,5.52,13.11,12.547,12.741,297388.56,226422.24,303964.78
2014-03-24,13.6,14.93,14.53,13.41,544231.38,0.96,7.07,13.398,12.78,12.82,331921.53,252932.31,306657.65
2014-03-25,14.65,14.88,14.23,14.13,284867.38,-0.3,-2.06,13.626,13.009,12.861,340242.17,265711.8,298166.64
2014-03-26,14.5,14.5,14.33,13.91,209618.75,0.1,0.7,13.904,13.254,12.913,348208.23,273593.22,292509.77
2014-03-27,14.24,14.62,13.93,13.88,207106.45,-0.4,-2.79,14.118,13.447,12.906,315227.79,282596.87,271389.37
2014-03-28,13.95,14.19,13.17,13.1,196959.81,-0.76,-5.46,14.038,13.574,12.931,288556.75,292972.66,261971.45
2014-03-31,13.26,13.74,13.57,13.15,166955.23,0.4,3.04,13.846,13.622,12.96,213101.52,272511.53,251609.69
2014-04-01,13.4,13.94,13.63,13.4,127827.68,0.06,0.44,13.726,13.676,12.993,181693.58,260967.88,245460.22
2014-04-02,13.78,14.18,13.93,13.6,165552.27,0.3,2.2,13.646,13.775,13.085,172880.29,260544.26,235335.95
2014-04-03,13.96,14.08,13.55,13.4,149880.61,-0.38,-2.73,13.57,13.844,13.147,161435.12,238331.45,229941.07
2014-04-04,13.41,13.85,13.57,13.4,124993.65,0.02,0.15,13.65,13.844,13.196,147041.89,217799.32,222110.78
2014-04-08,13.54,14.24,14.0,13.46,203339.7,0.43,3.17,13.736,13.791,13.286,154318.78,183710.15,218321.23
2014-04-09,14.02,14.26,13.99,13.89,125249.47,-0.01,-0.07,13.808,13.767,13.388,153803.14,167748.36,216730.08
2014-04-10,14.0,15.33,14.94,14.0,341330.62,0.95,6.79,14.01,13.828,13.541,188958.81,180919.55,227256.39
2014-04-11,14.83,14.92,14.75,14.5,146906.08,-0.19,-1.27,14.25,13.91,13.679,188363.9,174899.51,228748.19
2014-04-14,14.76,15.6,15.47,14.76,304806.69,0.72,4.88,14.63,14.14,13.857,224326.51,185684.2,239328.43
2014-04-15,15.39,15.64,15.15,14.92,201074.81,-0.32,-2.07,14.86,14.298,13.96,223873.53,189096.16,230803.84
2014-04-16,15.0,15.1,14.76,14.5,192426.03,-0.39,-2.57,15.014,14.411,14.044,237308.85,195555.99,228261.93
2014-04-17,14.64,15.05,14.84,14.6,96645.36,0.08,0.54,14.994,14.502,14.139,188371.79,188665.3,224604.78
2014-04-18,14.71,15.34,15.23,14.62,139339.19,0.39,2.63,15.09,14.67,14.257,186858.42,187611.16,212971.31
2014-04-21,15.15,15.15,14.12,14.09,257814.12,-1.11,-7.29,14.82,14.725,14.285,177459.9,200893.21,209346.26
2014-04-22,14.11,14.11,13.72,13.37,179766.97,-0.4,-2.83,14.534,14.697,14.244,173198.33,198535.93,191123.04
2014-04-23,13.68,13.78,13.32,13.19,136733.66,-0.4,-2.92,14.246,14.63,14.199,162059.86,199684.35,183716.36
2014-04-24,13.4,13.65,13.37,13.21,97983.94,0.05,0.38,13.952,14.473,14.151,162327.58,175349.69,178134.62
2014-04-25,13.37,13.49,12.99,12.89,89321.28,-0.38,-2.84,13.504,14.297,14.104,152323.99,169591.21,172245.36
2014-04-28,12.87,12.97,12.2,12.08,140784.16,-0.79,-6.08,13.12,13.97,14.055,128918.0,153188.95,169436.58
2014-04-29,12.3,13.3,13.12,12.1,166129.02,0.92,7.54,13.0,13.767,14.033,126190.41,149694.37,169395.27
2014-04-30,13.13,13.14,12.64,12.62,161493.77,-0.48,-3.66,12.864,13.555,13.983,131142.43,146601.15,171078.57
2014-05-05,12.65,12.65,12.48,12.2,127025.09,-0.16,-1.27,12.686,13.319,13.911,136950.66,149639.12,169152.21
2014-05-06,12.52,13.1,12.89,12.49,138888.31,0.41,3.29,12.666,13.085,13.878,146864.07,149594.03,168602.6
2014-05-07,12.85,13.43,13.06,12.6,134651.42,0.17,1.32,12.838,12.979,13.852,145637.52,137277.76,169085.48
2014-05-08,12.92,13.35,12.94,12.86,98265.28,-0.12,-0.92,12.802,12.901,13.799,132064.77,129127.59,163831.76
2014-05-09,12.97,13.05,12.58,12.45,80702.4,-0.36,-2.78,12.79,12.827,13.729,115906.5,123524.47,161604.41
2014-05-12,12.83,13.07,12.9,12.52,96372.1,0.29,2.3,12.874,12.78,13.627,109775.9,123363.28,149356.48
2014-05-13,12.9,13.03,12.79,12.78,82485.23,-0.11,-0.85,12.854,12.76,13.529,98495.29,122679.68,146135.44
2014-05-14,12.74,13.0,12.75,12.7,72761.02,-0.04,-0.31,12.792,12.815,13.393,86117.21,115877.36,134533.16
2014-05-15,12.9,12.99,12.4,12.38,66111.68,-0.35,-2.75,12.684,12.743,13.255,79686.49,105875.63,127785.0
2014-05-16,12.34,12.35,12.16,11.93,97511.46,-0.24,-1.94,12.6,12.695,13.125,83048.3,99477.4,123039.27
2014-05-19,12.1,12.24,12.04,11.95,50795.8,-0.12,-0.99,12.428,12.651,12.985,73933.04,91854.47,120746.8
2014-05-20,12.12,12.36,12.11,12.02,55130.18,0.07,0.58,12.292,12.573,12.829,68462.03,83478.66,116536.34
2014-05-21,12.05,12.37,12.34,11.95,50461.72,0.23,1.9,12.21,12.501,12.74,64002.17,75059.69,106168.72
2014-05-22,12.32,12.65,12.39,12.23,77691.84,0.05,0.41,12.208,12.446,12.674,66318.2,73002.34,101064.97
2014-05-23,12.39,12.79,12.77,12.3,92402.36,0.38,3.07,12.33,12.465,12.646,65296.38,74172.34,98848.4
2014-05-26,12.77,12.84,12.8,12.65,83200.1,0.03,0.23,12.482,12.455,12.618,71777.24,72855.14,98109.21
2014-05-27,12.75,12.87,12.51,12.5,72989.24,-0.29,-2.27,12.562,12.427,12.594,75349.05,71905.54,97292.61
2014-05-28,12.5,12.65,12.63,12.33,81599.66,0.12,0.96,12.62,12.415,12.615,81576.64,72789.4,94333.38
2014-05-29,12.63,12.66,12.32,12.29,74042.49,-0.31,-2.45,12.606,12.407,12.575,80846.77,73582.49,89729.06
2014-05-30,12.31,12.44,12.39,12.14,54406.12,0.07,0.57,12.53,12.43,12.563,73247.52,69271.95,84374.68
2014-06-03,12.39,12.57,12.34,12.21,49605.72,-0.05,-0.4,12.438,12.46,12.556,66528.65,69152.94,80503.71
2014-06-04,12.33,12.4,12.39,12.17,42301.05,0.05,0.41,12.414,12.488,12.531,60391.01,67870.03,75674.34
2014-06-05,12.35,12.55,12.45,12.2,57224.92,0.06,0.48,12.378,12.499,12.5,55516.06,68546.35,71803.02
2014-06-06,12.48,13.03,12.86,12.48,182469.98,0.41,3.29,12.486,12.546,12.496,77201.56,79024.16,76013.25
2014-06-09,12.73,13.47,13.1,12.7,192850.09,0.24,1.87,12.628,12.579,12.522,104890.35,89068.94,81620.64
2014-06-10,13.1,13.45,13.32,13.0,130522.49,0.22,1.68,12.824,12.631,12.543,121073.71,93801.18,83328.16
2014-06-11,13.27,13.39,13.28,12.64,103045.84,-0.04,-0.3,13.002,12.708,12.568,133222.66,96806.84,84356.19
2014-06-12,13.38,13.38,13.19,13.06,108088.79,-0.09,-0.68,13.15,12.764,12.59,143395.44,99455.75,86122.58
2014-06-13,13.17,13.25,13.19,12.95,126259.66,0.0,0.0,13.216,12.851,12.629,132153.37,104677.47,89129.98
2014-06-16,13.21,13.32,13.21,13.06,102671.16,0.02,0.15,13.238,12.933,12.682,114117.59,109503.97,89387.96
2014-06-17,13.2,13.31,13.11,12.94,136428.28,-0.1,-0.76,13.196,13.01,12.735,115298.75,118186.23,93669.58
2014-06-18,13.03,13.22,12.91,12.9,67607.36,-0.2,-1.53,13.122,13.062,12.775,108211.05,120716.86,94293.44
2014-06-19,12.9,13.05,12.47,12.44,91487.62,-0.44,-3.41,12.978,13.064,12.782,104890.82,124143.13,96344.74
2014-06-20,12.47,12.84,12.7,12.4,72511.54,0.23,1.84,12.88,13.048,12.797,94141.19,113147.28,96085.72
2014-06-23,12.71,13.2,12.92,12.71,80398.87,0.22,1.73,12.822,13.03,12.805,89686.73,101902.16,95485.55
2014-06-24,12.9,13.02,12.95,12.8,57701.32,0.03,0.23,12.79,12.993,12.812,73941.34,94620.04,94210.61
2014-06-25,12.95,12.97,12.69,12.65,53918.46,-0.26,-2.01,12.746,12.934,12.821,71203.56,89707.31,93257.07
2014-06-26,12.81,12.94,12.86,12.72,60407.68,0.17,1.34,12.824,12.901,12.833,64987.57,84939.2,92197.47
2014-06-27,12.88,13.12,13.1,12.79,101634.57,0.24,1.87,12.904,12.892,12.872,70812.18,82476.69,93577.08
2014-06-30,13.1,13.16,13.07,13.0,74714.49,-0.03,-0.23,12.934,12.878,12.906,69675.3,79681.02,94592.49
2014-07-01,13.08,13.14,12.92,12.88,68768.17,-0.15,-1.15,12.928,12.859,12.935,71888.67,72915.01,95550.62
2014-07-02,12.92,12.98,12.97,12.8,87813.5,0.05,0.39,12.984,12.865,12.964,78667.68,74935.62,97826.24
2014-07-03,12.95,13.16,13.1,12.8,139569.25,0.13,1.0,13.032,12.928,12.996,94500.0,79743.79,101943.46
2014-07-04,13.1,13.13,12.85,12.85,89464.1,-0.25,-1.91,12.982,12.943,12.996,92065.9,81439.04,97293.16
2014-07-07,12.86,12.96,12.73,12.64,94840.73,-0.12,-0.93,12.914,12.924,12.977,96091.15,82883.23,92392.69
2014-07-08,12.73,12.86,12.76,12.67,46117.27,0.03,0.24,12.882,12.905,12.949,91560.97,81724.82,88172.43
2014-07-09,12.78,12.78,12.37,12.3,91360.87,-0.39,-3.06,12.762,12.873,12.904,92270.44,85469.06,87588.18
2014-07-10,12.38,12.48,12.2,12.15,110404.4,-0.17,-1.37,12.582,12.807,12.854,86437.47,90468.74,87703.97
2014-07-11,12.25,12.44,12.43,12.13,59287.74,0.23,1.89,12.498,12.74,12.816,80402.2,86234.05,84355.37
2014-07-14,12.42,12.79,12.77,12.27,92946.84,0.34,2.73,12.506,12.71,12.794,80023.42,88057.29,83869.15
2014-07-15,12.77,14.05,13.96,12.76,522115.41,1.19,9.32,12.746,12.814,12.837,175223.05,133392.01,103153.51
2014-07-16,13.53,13.75,13.26,13.1,324006.78,-0.7,-5.01,12.924,12.843,12.854,221752.23,157011.34,115973.48
2014-07-17,13.32,13.34,13.0,12.8,160432.55,-0.26,-1.96,13.084,12.833,12.881,231757.86,159097.67,119420.73
2014-07-18,12.95,13.24,13.08,12.9,106880.15,0.08,0.61,13.214,12.856,12.9,241276.35,160839.27,121139.16
2014-07-21,13.1,13.48,13.23,13.03,97951.1,0.15,1.15,13.306,12.906,12.915,242277.2,161150.31,122016.77
2014-07-22,13.32,13.44,13.24,13.13,110502.15,0.01,0.08,13.162,12.954,12.93,159954.55,167588.8,124656.81
2014-07-23,13.26,13.55,13.45,13.05,168003.09,0.21,1.59,13.2,13.062,12.968,128753.81,175253.02,130361.04
2014-07-24,13.38,13.51,13.3,13.2,100622.8,-0.15,-1.11,13.26,13.172,12.99,116791.86,174274.86,132371.8
2014-07-25,13.33,13.4,13.15,13.04,118414.92,-0.15,-1.13,13.274,13.244,12.992,119098.81,180187.58,133210.82
2014-08-05,14.47,14.47,14.47,14.47,39935.36,1.32,10.04,13.522,13.414,13.062,107495.66,174886.43,131471.86
2014-08-06,15.2,15.9,15.19,14.9,696782.62,0.72,4.98,13.912,13.537,13.176,224751.76,192353.15,162872.58
2014-08-07,15.0,15.49,14.9,14.7,395033.94,-0.29,-1.91,14.202,13.701,13.272,270157.93,199455.87,178233.6
2014-08-08,15.04,15.75,15.49,14.92,441288.47,0.59,3.96,14.64,13.95,13.392,338291.06,227541.46,193319.56
2014-08-11,15.52,15.82,15.59,15.2,317181.88,0.1,0.65,15.128,14.201,13.529,378044.45,248571.63,204705.45
2014-08-12,15.6,16.59,15.94,15.45,424291.16,0.35,2.25,15.422,14.472,13.689,454915.61,281205.64,221177.97
2014-08-13,15.9,16.07,15.85,15.54,289794.56,-0.09,-0.56,15.554,14.733,13.844,373518.0,299134.88,233361.84
2014-08-14,15.89,15.89,15.3,15.24,259280.95,-0.55,-3.47,15.634,14.918,13.99,346367.4,308262.67,241757.84
2014-08-15,15.52,15.76,15.62,15.3,197190.81,0.32,2.09,15.66,15.15,14.161,297547.87,317919.47,246097.16
2014-08-18,15.62,15.74,15.6,15.38,203362.59,-0.02,-0.13,15.662,15.395,14.32,274784.01,326414.23,253300.91
2014-08-19,15.6,16.16,16.0,15.5,363495.34,0.4,2.56,15.674,15.548,14.481,262624.85,358770.23,266828.33
2014-08-20,16.0,16.31,16.2,15.79,339642.78,0.2,1.25,15.744,15.649,14.593,272594.49,323056.25,257704.7
2014-08-21,8.2,8.7,8.49,8.08,609570.06,0.41,5.07,14.382,15.008,14.355,342652.32,344509.86,271982.86
2014-08-22,8.2,8.3,8.03,8.0,1071040.38,-0.46,-5.42,12.864,14.262,14.106,517422.23,407485.05,317513.26
2014-08-25,8.0,8.0,7.68,7.67,664632.0,-0.35,-4.36,11.28,13.471,13.836,609676.11,442230.06,345400.85
2014-08-26,7.64,7.93,7.86,7.57,595280.75,0.18,2.34,9.652,12.663,13.568,656033.19,459329.02,370267.33
2014-08-27,7.85,8.0,7.93,7.7,432742.59,0.07,0.89,7.998,11.871,13.302,674653.16,473623.82,386379.35
2014-08-28,7.9,7.93,7.81,7.76,288778.34,-0.12,-1.51,7.862,11.122,13.02,610494.81,476573.56,392418.12
2014-08-29,7.81,7.92,7.89,7.76,233947.0,0.08,1.02,7.834,10.349,12.75,443076.14,480249.18,399084.33
2014-09-01,7.94,8.19,8.13,7.88,628466.31,0.24,3.04,7.924,9.602,12.499,435843.0,522759.56,424586.89
2014-09-02,8.12,8.25,8.18,8.04,575143.94,0.05,0.61,7.988,8.82,12.184,431815.64,543924.42,451347.32
2014-09-03,8.25,8.25,8.15,8.06,499196.56,-0.03,-0.37,8.032,8.015,11.832,445106.43,559879.79,441468.02
2014-09-04,8.16,8.57,8.5,8.1,923814.56,0.35,4.29,8.17,8.016,11.512,572113.67,591304.24,467907.05
2014-09-05,8.5,8.54,8.47,8.36,538588.0,-0.03,-0.35,8.286,8.06,11.161,633041.87,538059.01,472772.03
2014-09-09,8.49,9.22,9.05,8.49,976976.88,0.58,6.85,8.47,8.197,10.834,702743.99,569293.49,505761.78
2014-09-10,9.09,9.56,9.17,8.82,912969.31,0.12,1.33,8.668,8.328,10.496,770309.06,601062.35,530195.69
2014-09-11,9.17,9.35,9.13,9.01,628154.5,-0.04,-0.44,8.864,8.448,10.16,796100.65,620603.54,547113.68
2014-09-12,9.18,9.25,9.19,9.04,442021.97,0.06,0.66,9.002,8.586,9.854,699742.13,635927.9,556250.73
2014-09-15,9.2,9.58,9.53,9.15,769794.88,0.34,3.7,9.214,8.75,9.55,745983.51,689512.69,584880.94
2014-09-16,9.47,9.69,9.0,8.93,967060.56,-0.53,-5.56,9.204,8.837,9.22,744000.24,723372.12,623065.84
2014-09-17,9.0,9.17,8.92,8.64,487645.03,-0.08,-0.89,9.154,8.911,8.866,658935.39,714622.22,629273.32
2014-09-18,8.92,9.05,9.03,8.74,336437.75,0.11,1.23,9.134,8.999,8.507,600592.04,698346.34,629113.07
2014-09-19,9.05,9.1,8.98,8.86,358191.19,-0.05,-0.55,9.092,9.047,8.532,583825.88,641784.01,616544.13
2014-09-22,8.95,9.31,9.11,8.83,645042.44,0.13,1.45,9.008,9.111,8.586,558875.39,652429.45,595244.23
2014-09-23,9.15,9.15,9.14,9.0,338035.41,0.03,0.33,9.036,9.12,8.659,433070.36,588535.3,578914.4
2014-09-24,9.12,9.27,9.23,9.06,476663.34,0.09,0.98,9.098,9.126,8.727,430874.03,544904.71,572983.53
2014-09-25,9.5,9.63,9.29,9.23,753038.06,0.06,0.65,9.15,9.142,8.795,514194.09,557393.06,588998.3
2014-09-26,9.2,9.31,9.14,9.07,479355.81,-0.15,-1.61,9.182,9.137,8.862,538427.01,561126.45,598527.18
2014-09-29,9.15,9.23,9.13,9.08,440879.16,-0.01,-0.11,9.186,9.097,8.924,497594.36,528234.88,608873.78
2014-09-30,9.13,9.24,9.15,9.04,449346.12,0.02,0.22,9.188,9.112,8.975,519856.5,476463.43,599917.77
2014-10-08,9.28,9.55,9.5,9.21,885698.44,0.35,3.83,9.242,9.17,9.041,601663.52,516268.77,615445.5
2014-10-09,9.5,9.51,9.37,9.28,599468.81,-0.13,-1.37,9.258,9.204,9.102,570949.67,542571.88,620459.11
2014-10-10,9.34,9.5,9.27,9.2,490089.12,-0.1,-1.07,9.284,9.233,9.14,573096.33,555761.67,598772.84
2014-10-13,9.22,9.22,9.15,9.03,330269.75,-0.12,-1.29,9.288,9.237,9.174,550974.45,524284.4,588356.93
2014-10-14,9.15,9.17,9.05,8.97,413476.34,-0.1,-1.09,9.268,9.228,9.174,543800.49,531828.5,560181.9
2014-10-15,9.1,9.12,9.1,8.96,303189.69,0.05,0.55,9.188,9.215,9.171,427298.74,514481.13,529692.92
2014-10-16,9.07,9.14,8.83,8.82,398030.84,-0.27,-2.97,9.08,9.169,9.156,387011.15,478980.41,518186.74
2014-10-17,8.83,8.93,8.58,8.48,435542.94,-0.25,-2.83,8.942,9.113,9.125,376101.91,474599.12,517862.78
2014-10-20,8.61,8.69,8.68,8.6,228477.81,0.1,1.17,8.848,9.068,9.083,355743.52,453358.99,490796.93
2014-10-21,8.68,8.68,8.49,8.48,297700.59,-0.19,-2.19,8.736,9.002,9.057,332588.37,438194.43,457328.93
2014-10-22,8.45,8.7,8.53,8.45,259152.56,0.04,0.47,8.622,8.905,9.038,323780.95,375539.85,445904.31
2014-10-23,8.52,8.54,8.18,8.12,326772.19,-0.35,-4.1,8.492,8.786,8.995,309529.22,348270.18,445421.03
2014-10-24,8.18,8.38,8.34,8.12,290001.19,0.16,1.96,8.444,8.693,8.963,280420.87,328261.39,442011.53
2014-10-27,8.38,8.62,8.5,8.27,336832.94,0.16,1.92,8.408,8.628,8.933,302091.89,328917.71,426601.06
2014-10-28,8.7,8.86,8.75,8.67,424788.88,0.25,2.94,8.46,8.598,8.913,327509.55,330048.96,430938.73
2014-10-29,8.8,9.09,9.0,8.65,727051.56,0.25,2.86,8.554,8.588,8.902,421089.35,372435.15,443458.14
2014-10-30,8.97,9.09,8.9,8.84,489448.88,-0.1,-1.11,8.698,8.595,8.882,453624.69,381576.95,430278.68
2014-10-31,8.95,9.05,8.98,8.66,515644.81,0.08,0.9,8.826,8.635,8.874,498753.41,389587.14,432093.13
2014-11-03,9.05,9.14,9.04,8.91,538107.38,0.06,0.67,8.934,8.671,8.87,539008.3,420550.1,436954.54
2014-11-04,9.04,9.38,9.25,8.8,1059662.75,0.21,2.32,9.034,8.747,8.875,665983.08,496746.31,467470.37
2014-11-05,9.16,9.24,9.06,9.05,471182.72,-0.19,-2.05,9.046,8.8,8.853,614809.31,517949.33,446744.59
2014-11-06,9.01,9.14,9.02,8.91,298858.25,-0.04,-0.44,9.07,8.884,8.835,576691.18,515157.94,431714.06
2014-11-07,9.02,9.13,8.91,8.86,450294.25,-0.11,-1.22,9.056,8.941,8.817,563621.07,531187.24,429724.32
2014-11-10,8.94,9.05,9.01,8.87,317507.84,0.1,1.12,9.05,8.992,8.81,519501.16,529254.73,429086.22
2014-11-11,9.01,9.05,8.53,8.49,616855.75,-0.48,-5.33,8.906,8.97,8.784,430939.76,548461.42,439255.19
2014-11-12,8.5,8.65,8.6,8.42,265739.62,0.07,0.82,8.814,8.93,8.759,389851.14,502330.22,437382.69
2014-11-13,8.6,8.63,8.41,8.32,304964.16,-0.19,-2.21,8.692,8.881,8.738,391072.32,483881.75,432729.35
2014-11-14,8.4,8.47,8.43,8.35,152484.11,0.02,0.24,8.596,8.826,8.731,331510.3,447565.68,418576.41
2014-11-17,8.5,8.66,8.56,8.45,259109.98,0.13,1.54,8.506,8.778,8.725,319830.72,419665.94,420108.02
2014-11-18,8.58,8.61,8.58,8.45,178340.88,0.02,0.23,8.516,8.711,8.729,232127.75,331533.76,414140.04
2014-11-19,8.58,8.58,8.5,8.48,230270.38,-0.08,-0.93,8.496,8.655,8.728,225033.9,307442.52,412695.93
2014-11-20,8.46,8.46,8.39,8.35,218760.02,-0.11,-1.29,8.492,8.592,8.738,207793.07,299432.7,407295.32
2014-11-21,8.38,8.42,8.41,8.31,236849.91,0.02,0.24,8.488,8.542,8.742,224666.23,278088.27,404637.75
2014-11-24,8.46,8.58,8.52,8.41,349428.19,0.11,1.31,8.48,8.493,8.743,242729.88,281280.3,405267.52
2014-11-25,8.52,8.65,8.64,8.47,358613.44,0.12,1.41,8.492,8.504,8.737,278784.39,255456.07,401958.74
2014-11-26,8.65,8.65,8.56,8.5,314918.28,-0.08,-0.93,8.504,8.5,8.715,295713.97,260373.93,381352.08
2014-11-27,8.56,8.97,8.93,8.52,786510.44,0.37,4.32,8.612,8.552,8.717,409264.05,308528.56,396205.16
2014-11-28,8.89,9.06,8.96,8.84,739471.62,0.03,0.34,8.722,8.605,8.716,509788.39,367227.31,407396.5
2014-12-01,9.08,9.15,8.87,8.82,495284.78,-0.09,-1.0,8.792,8.636,8.707,538959.71,390844.79,405255.37
2014-12-02,8.82,9.15,9.05,8.8,691728.5,0.18,2.03,8.874,8.683,8.697,605582.72,442183.56,386858.66
2014-12-03,9.13,9.13,9.06,8.89,597436.12,0.01,0.11,8.974,8.739,8.697,662086.29,478900.13,393171.33
2014-12-04,9.04,9.3,9.27,9.0,932178.0,0.21,2.32,9.042,8.827,8.71,691219.8,550241.93,424837.31
2014-12-05,9.31,9.36,9.27,8.8,1037902.06,0.0,0.0,9.104,8.913,8.728,750905.89,630347.14,454217.7
2014-12-08,9.4,10.2,10.2,9.4,1732222.12,0.93,10.03,9.37,9.081,8.787,998293.36,768626.54,524953.42
2014-12-09,10.3,11.1,9.95,9.81,2161291.25,-0.25,-2.45,9.55,9.212,8.858,1292205.91,948894.32,602175.19
2014-12-10,10.0,10.95,10.89,9.9,1377708.75,0.94,9.45,9.916,9.445,8.973,1448260.44,1055173.36,657773.65
2014-12-11,11.1,11.25,10.74,10.52,1239222.38,-0.15,-1.38,10.21,9.626,9.089,1509669.31,1100444.56,704486.56
2014-12-12,10.75,11.08,10.64,10.51,642744.5,-0.1,-0.93,10.484,9.794,9.2,1430637.8,1090771.85,728999.58
2014-12-15,11.4,11.7,11.19,11.02,1449350.0,0.55,5.17,10.682,10.026,9.331,1374063.38,1186178.37,788511.58
2014-12-16,11.04,11.21,11.06,10.7,831020.94,-0.13,-1.16,10.904,10.227,9.455,1108009.31,1200107.61,821145.58
2014-12-17,10.99,11.0,10.69,10.6,708438.94,-0.37,-3.35,10.864,10.39,9.565,974155.35,1211207.89,845054.01
2014-12-18,10.64,10.97,10.79,10.55,589122.0,0.1,0.94,10.874,10.542,9.685,844135.28,1176902.29,863572.11
2014-12-19,10.74,10.74,10.49,10.15,690649.62,-0.3,-2.78,10.844,10.664,9.789,853716.3,1142177.05,886262.1
2014-12-22,10.5,10.5,10.06,9.88,603816.88,-0.43,-4.1,10.618,10.65,9.866,684609.68,1029336.53,898981.53
2014-12-23,10.0,10.15,9.92,9.88,326094.12,-0.14,-1.39,10.39,10.647,9.93,583624.31,845816.81,897355.57
2014-12-24,9.98,10.19,10.1,9.92,330085.62,0.18,1.81,10.272,10.568,10.007,507953.65,741054.5,898113.93
2014-12-25,10.15,10.17,10.15,10.01,305209.31,0.05,0.49,10.144,10.509,10.068,451171.11,647653.19,874048.88
2014-12-26,10.15,10.38,10.23,9.9,681765.44,0.08,0.79,10.092,10.468,10.131,449394.27,651555.29,871163.57
2014-12-29,10.2,10.2,9.97,9.95,431624.12,-0.26,-2.54,10.074,10.346,10.186,414955.72,549782.7,867980.53
2014-12-30,9.98,10.02,9.53,9.51,438169.78,-0.44,-4.41,9.996,10.193,10.21,437370.85,510497.58,855302.6
2014-12-31,9.38,9.67,9.64,9.36,315533.78,0.11,1.15,9.904,10.088,10.239,434460.49,471207.07,841207.48
2015-01-05,9.85,10.18,10.08,9.8,519444.91,0.44,4.56,9.89,10.017,10.28,477307.61,464239.36,820570.83
2015-01-06,9.97,10.3,10.15,9.84,462222.75,0.07,0.69,9.874,9.983,10.324,433399.07,441396.67,791786.86
2015-01-07,10.1,10.35,10.26,9.95,528875.81,0.11,1.08,9.932,10.003,10.327,452849.41,433902.56,731619.55
2015-01-08,10.26,10.26,9.99,9.96,319270.09,-0.27,-2.63,10.024,10.01,10.329,429069.47,433220.16,639518.49
2015-01-09,9.97,9.98,9.76,9.75,322290.84,-0.23,-2.3,10.048,9.976,10.272,430420.88,432440.68,586747.59
2015-01-12,9.61,9.69,9.44,9.4,298072.38,-0.32,-3.28,9.92,9.905,10.207,386146.37,431726.99,539690.09
2015-01-13,9.47,9.71,9.61,9.47,184478.73,0.17,1.8,9.812,9.843,10.156,330597.57,381998.32,516776.8
2015-01-14,9.6,9.6,9.5,9.43,178533.42,-0.11,-1.15,9.66,9.796,10.071,260529.09,356689.25,453235.97
2015-01-15,9.46,9.93,9.81,9.43,249530.38,0.31,3.26,9.624,9.824,10.009,246581.15,337825.31,424161.45
2015-01-16,9.7,9.87,9.81,9.67,251348.56,0.0,0.0,9.634,9.841,9.965,232392.69,331406.79,401306.93
2015-01-19,9.55,9.74,9.24,9.0,359299.97,-0.57,-5.81,9.594,9.757,9.887,244638.21,315392.29,389815.83
2015-01-20,9.16,9.7,9.6,9.16,281226.88,0.36,3.9,9.592,9.702,9.843,263987.84,297292.71,369344.69
2015-01-21,9.66,10.08,9.96,9.62,475847.41,0.36,3.75,9.684,9.672,9.838,323450.64,291989.87,362946.22
2015-01-22,9.95,10.08,10.03,9.8,363214.84,0.07,0.7,9.728,9.676,9.843,346187.53,296384.34,364802.25
2015-01-23,10.06,10.79,10.5,9.93,888529.25,0.47,4.69,9.866,9.75,9.863,473623.67,353008.18,392724.43
2015-01-26,10.5,11.02,10.92,10.38,923458.69,0.42,4.0,10.202,9.898,9.902,586455.41,415546.81,423636.9
2015-01-27,10.84,10.91,10.64,10.4,760693.94,-0.28,-2.56,10.41,10.001,9.922,682348.83,473168.33,427583.33
2015-01-28,10.52,10.58,10.31,10.26,398340.31,-0.33,-3.1,10.48,10.082,9.939,666847.41,495149.02,425919.14
2015-01-29,10.2,10.5,10.4,10.1,328746.5,0.09,0.87,10.554,10.141,9.983,659953.74,503070.63,420447.97
2015-01-30,10.4,10.5,10.13,10.11,266296.44,-0.27,-2.6,10.48,10.173,10.007,535507.18,504565.42,417986.11
2015-02-02,10.0,10.16,10.03,9.89,180937.84,-0.1,-0.99,10.302,10.252,10.005,387003.01,486729.21,401060.75
2015-02-03,10.14,10.77,10.52,10.1,465346.62,0.49,4.88,10.278,10.344,10.023,327933.54,505141.18,401216.94
2015-02-04,10.5,10.58,10.24,10.2,315957.81,-0.28,-2.66,10.264,10.372,10.022,311457.04,489152.22,390571.05
2015-02-05,10.44,10.69,10.46,10.12,473326.28,0.22,2.15,10.276,10.415,10.046,340373.0,500163.37,398273.85
2015-02-06,10.43,10.82,10.8,10.3,900865.38,0.34,3.25,10.41,10.445,10.098,467286.79,501396.98,427202.58
2015-02-09,10.58,10.7,10.32,10.16,566274.81,-0.48,-4.44,10.468,10.385,10.142,544354.18,465678.59,440612.7
2015-02-10,10.24,10.47,10.44,10.05,363045.62,0.12,1.16,10.452,10.365,10.183,523893.98,425913.76,449541.05
2015-02-11,10.53,10.79,10.66,10.38,494824.38,0.22,2.11,10.536,10.4,10.241,559667.29,435562.17,465355.6
2015-02-12,10.65,10.65,10.47,10.35,300078.75,-0.19,-1.78,10.538,10.407,10.274,525017.79,432695.39,467883.01
2015-02-13,10.54,10.68,10.48,10.47,381815.69,0.01,0.1,10.474,10.442,10.308,421207.85,444247.32,474406.37
2015-02-16,10.5,11.08,10.96,10.42,827604.06,0.48,4.58,10.602,10.535,10.394,473473.7,508913.94,497821.58
2015-02-17,11.01,11.25,11.13,10.82,797400.5,0.17,1.55,10.74,10.596,10.47,560344.68,542119.33,523630.26
2015-02-25,11.15,11.58,11.37,11.06,805698.19,0.24,2.16,10.882,10.709,10.541,622519.44,591093.37,540122.79
2015-02-26,11.37,12.19,11.7,11.32,1022439.44,0.33,2.9,11.128,10.833,10.624,766991.58,646004.68,573084.02
2015-02-27,11.72,11.92,11.82,11.44,725920.44,0.12,1.03,11.396,10.935,10.69,835812.53,628510.19,564953.58
2015-03-02,11.86,12.18,11.79,11.66,861822.12,-0.03,-0.25,11.562,11.082,10.734,842656.14,658064.92,561871.76
2015-03-03,11.77,11.77,11.52,11.43,644005.25,-0.27,-2.29,11.64,11.19,10.778,811977.09,686160.88,556037.32
2015-03-04,11.54,11.88,11.82,11.42,556609.12,0.3,2.6,11.73,11.306,10.853,762159.27,692339.36,563950.76
2015-03-05,11.85,11.85,11.6,11.47,390907.12,-0.22,-1.86,11.71,11.419,10.913,635852.81,701422.19,567058.79
2015-03-06,11.58,11.65,11.16,11.11,446947.28,-0.44,-3.79,11.578,11.487,10.965,580058.18,707935.35,576091.34
2015-03-09,11.14,11.4,11.3,11.04,262077.81,0.14,1.25,11.48,11.521,11.028,460109.32,651382.73,580148.33
2015-03-10,11.31,11.55,11.37,11.26,386271.53,0.07,0.62,11.45,11.545,11.071,408562.57,610269.83,576194.58
2015-03-11,11.37,11.52,11.28,11.15,310736.69,-0.09,-0.79,11.342,11.536,11.123,359388.09,560773.68,575933.52
2015-03-12,11.32,11.41,11.37,11.18,296187.28,0.09,0.8,11.296,11.503,11.168,340444.12,488148.46,567076.57
2015-03-13,11.4,11.78,11.64,11.4,520268.31,0.27,2.38,11.392,11.485,11.21,355108.32,467583.25,548046.72
2015-03-16,11.78,12.8,12.8,11.59,1122481.38,1.16,9.97,11.692,11.586,11.334,527189.04,493649.18,575857.05
2015-03-17,13.15,13.36,12.91,12.7,1702965.88,0.11,0.86,12.0,11.725,11.458,790527.91,599545.24,642853.06
2015-03-18,12.88,12.88,12.84,12.55,1017791.5,-0.07,-0.54,12.312,11.827,11.567,931938.87,645663.48,669001.42
2015-03-19,12.8,13.12,12.93,12.62,905012.44,0.09,0.7,12.624,11.96,11.69,1053703.9,697074.01,699248.1
2015-03-20,12.91,12.99,12.74,12.65,628212.62,-0.19,-1.47,12.844,12.118,11.803,1075292.76,715200.54,711567.95
2015-03-23,12.85,13.09,12.94,12.57,872723.94,0.2,1.57,12.872,12.282,11.902,1025341.28,776265.16,713823.94
2015-03-24,12.96,13.35,13.18,12.6,1258940.5,0.24,1.85,12.926,12.463,12.004,936536.2,863532.05,736900.94
2015-03-25,13.8,14.0,13.16,13.1,1234373.12,-0.02,-0.15,12.99,12.651,12.094,979852.52,955895.7,758334.69
2015-03-26,13.07,13.48,13.12,12.6,850945.44,-0.04,-0.3,13.028,12.826,12.165,969039.12,1011371.51,749759.99
2015-03-27,13.08,13.09,12.93,12.82,447551.34,-0.19,-1.45,13.066,12.955,12.22,932906.87,1004099.82,735841.53
2015-03-30,12.94,13.07,12.97,12.8,658122.19,0.04,0.31,13.072,12.972,12.279,889986.52,957663.9,725656.54
2015-03-31,12.97,13.36,13.22,12.83,863696.38,0.25,1.93,13.08,13.003,12.364,810937.69,873736.95,736641.09
2015-04-01,13.22,13.8,13.58,13.12,1041522.75,0.36,2.72,13.164,13.077,12.452,772367.62,876110.07,760886.77
2015-04-02,13.8,13.89,13.47,13.31,790321.88,-0.11,-0.81,13.234,13.131,12.546,760242.91,864641.02,780857.51
2015-04-03,13.82,14.72,14.31,13.64,1261077.75,0.84,6.24,13.51,13.288,12.703,922948.19,927927.53,821564.04
2015-04-07,14.19,14.58,14.38,14.01,821474.94,0.07,0.49,13.792,13.432,12.857,955618.74,922802.63,849533.89
2015-04-08,14.39,14.4,13.78,13.55,950946.44,-0.6,-4.17,13.904,13.492,12.978,973068.75,892003.22,877767.64
2015-04-09,13.78,14.02,13.41,13.04,717193.19,-0.37,-2.69,13.87,13.517,13.084,908202.84,840285.23,898090.46
2015-04-10,13.66,13.85,13.65,13.41,524450.62,0.24,1.79,13.906,13.57,13.198,855028.59,807635.75,909503.63
2015-04-13,13.76,13.98,13.83,13.6,627948.94,0.18,1.32,13.81,13.66,13.308,728402.83,825675.51,914887.66
2015-04-14,13.85,14.14,13.98,13.6,712222.31,0.15,1.08,13.73,13.761,13.367,706552.3,831085.52,894374.71
2015-04-15,13.97,13.97,13.44,13.4,487888.72,-0.54,-3.86,13.662,13.783,13.393,613940.76,793504.75,833620.85
2015-04-16,13.28,13.68,13.45,13.09,447217.12,0.01,0.07,13.67,13.77,13.424,559945.54,734074.19,805092.13
2015-04-17,13.5,14.2,14.09,13.5,1139883.88,0.64,4.76,13.758,13.832,13.482,683032.19,769030.39,816835.7
2015-04-20,13.87,14.9,14.3,13.8,1396722.5,0.21,1.49,13.852,13.831,13.56,836786.91,782594.87,855261.2
2015-04-21,14.51,14.85,14.6,14.05,923203.38,0.3,2.1,13.976,13.853,13.643,878983.12,792767.71,857785.17
2015-04-22,14.62,15.35,15.1,14.47,1200253.25,0.5,3.42,14.308,13.985,13.739,1021456.03,817698.39,854850.81
2015-04-23,15.15,15.28,14.86,14.62,916857.44,-0.24,-1.59,14.59,14.13,13.824,1115384.09,837664.82,838975.02
2015-04-24,14.86,15.15,15.0,14.29,1009262.31,0.14,0.94,14.772,14.265,13.918,1089259.78,886145.99,846890.87
2015-04-27,15.35,15.36,14.93,14.71,828092.19,-0.07,-0.47,14.898,14.375,14.018,975533.71,906160.31,865917.91
2015-04-28,15.0,15.04,14.34,14.3,600410.06,-0.59,-3.95,14.846,14.411,14.086,910975.05,894979.09,863032.3
2015-04-29,14.28,14.65,14.44,14.18,371690.69,0.1,0.7,14.714,14.511,14.147,745262.54,883359.28,838432.02
2015-04-30,14.35,14.35,13.86,13.78,613104.0,-0.55,-3.82,14.514,14.552,14.161,684511.85,899947.97,817011.08
2015-05-04,14.28,14.45,14.08,13.9,505382.69,0.22,1.59,14.33,14.551,14.192,583735.93,836497.85,802764.12
2015-05-05,13.99,13.99,13.13,13.01,637777.62,-0.95,-6.75,13.97,14.434,14.133,545673.01,760603.36,771599.11
2015-05-06,13.25,13.42,12.9,12.7,364812.31,-0.23,-1.75,13.682,14.264,14.059,498553.46,704764.26,748765.98
2015-05-07,12.76,13.03,12.29,12.27,346540.56,-0.61,-4.73,13.252,13.983,13.984,493523.44,619392.99,718545.69
2015-05-08,12.48,12.73,12.71,12.37,365707.72,0.42,3.42,13.022,13.768,13.949,444044.18,564278.02,700971.42
2015-05-11,12.81,13.21,13.19,12.69,457090.84,0.48,3.78,12.844,13.587,13.926,434385.81,509060.87,697603.43
2015-05-12,13.21,13.57,13.42,13.1,465317.09,0.23,1.74,12.902,13.436,13.906,399893.7,472783.36,689471.83
2015-05-13,13.33,13.33,13.08,13.01,447917.59,-0.34,-2.53,12.938,13.31,13.861,416514.76,457534.11,676256.6
2015-05-14,13.08,13.21,12.81,12.73,427379.47,-0.27,-2.06,13.042,13.147,13.829,432682.54,463102.99,673231.14
2015-05-15,12.83,12.85,12.82,12.43,366765.59,0.01,0.08,13.064,13.043,13.798,432894.12,438469.15,669208.56
2015-05-18,12.75,13.2,13.08,12.65,444081.38,0.26,2.03,13.042,12.943,13.747,430292.22,432339.02,634418.43
2015-05-19,13.12,13.38,13.35,13.06,501474.81,0.27,2.06,13.028,12.965,13.7,437523.77,418708.74,589656.05
2015-05-20,13.38,13.55,13.33,13.18,645744.5,-0.02,-0.15,13.078,13.008,13.636,477089.15,446801.95,575783.11
2015-05-21,13.5,13.96,13.95,13.26,830627.25,0.62,4.65,13.306,13.174,13.579,557738.71,495210.62,557301.81
2015-05-22,14.09,14.24,14.1,13.65,861395.88,0.15,1.07,13.562,13.313,13.541,656664.76,544779.44,554528.73
2015-05-25,14.18,14.75,14.49,14.0,949685.69,0.39,2.77,13.844,13.443,13.515,757785.63,594038.92,551549.9
2015-05-26,14.6,14.64,14.51,14.12,887177.06,0.02,0.14,14.076,13.552,13.494,834926.08,636224.92,554504.14
2015-05-27,14.58,15.96,15.96,14.19,1438516.0,1.45,9.99,14.602,13.84,13.575,993480.38,735284.76,596409.44
2015-05-28,15.9,16.08,14.36,14.36,1184045.25,-1.6,-10.03,14.684,13.995,13.571,1064163.98,810951.34,637027.16
2015-05-29,14.36,14.69,14.09,13.2,728176.62,-0.27,-1.88,14.682,14.122,13.583,1037520.12,847092.44,642780.8
2015-06-01,14.09,14.98,14.85,14.01,653388.88,0.76,5.39,14.754,14.299,13.621,978260.76,868023.19,650181.11
2015-06-02,14.85,15.5,15.37,14.66,816937.31,0.52,3.5,14.926,14.501,13.733,964212.81,899569.44,659139.09
2015-06-03,15.42,15.47,15.01,14.8,718008.56,-0.36,-2.34,14.736,14.669,13.839,820111.32,906795.85,676798.9
2015-06-04,15.19,16.38,16.31,14.36,1098323.5,1.3,8.66,15.126,14.905,14.04,802966.97,933565.48,714388.05
2015-06-05,16.46,17.88,17.33,16.15,1429859.88,1.02,6.25,15.774,15.228,14.271,943303.63,990411.88,767595.66
2015-06-08,17.49,17.96,17.06,16.91,949344.25,-0.27,-1.56,16.216,15.485,14.464,1002494.7,990377.73,792208.33
2015-06-09,17.18,17.63,17.55,16.6,835439.81,0.49,2.87,16.652,15.789,14.671,1006195.2,985204.01,810714.46
2015-06-10,17.25,18.4,17.84,16.91,724016.56,0.29,1.65,17.218,15.977,14.909,1007396.8,913754.06,824519.41
2015-06-11,17.83,18.17,17.53,17.31,601435.25,-0.31,-1.74,17.462,16.294,15.145,908019.15,855493.06,833222.2
2015-06-12,17.52,17.73,17.31,17.0,581185.94,-0.22,-1.25,17.458,16.616,15.369,738284.36,840793.99,843943.22
2015-06-15,17.32,17.45,16.94,16.86,515511.09,-0.37,-2.14,17.434,16.825,15.562,651517.73,827006.22,847514.7
2015-06-16,16.83,16.84,16.03,15.86,541291.88,-0.91,-5.37,17.13,16.891,15.696,592688.14,799441.67,849505.56
2015-06-17,16.0,17.63,17.5,15.85,831537.12,1.47,9.17,17.062,17.14,15.905,614192.26,810794.53,858795.19
2015-06-18,17.75,18.75,17.4,17.3,875110.19,-0.11,-0.63,17.036,17.249,16.077,668927.24,788473.2,861019.34
2015-06-19,17.0,17.28,15.69,15.69,500720.81,-1.74,-9.98,16.712,17.085,16.157,652834.22,695559.29,842985.58
2015-06-23,15.3,16.42,16.38,14.41,522763.75,0.69,4.4,16.6,17.017,16.251,654284.75,652901.24,821639.49
2015-06-24,16.6,17.09,16.62,16.11,678234.88,0.25,1.53,16.718,16.924,16.357,681673.35,637180.75,811192.38
2015-06-25,16.9,18.33,17.3,16.59,1317112.38,0.64,3.84,16.678,16.87,16.424,778788.4,696490.33,805122.2
2015-06-26,16.17,16.99,15.59,15.59,864037.31,-1.73,-9.99,16.316,16.676,16.485,776573.83,722750.53,789121.8
2015-06-29,16.1,16.26,14.94,14.03,842924.38,-0.65,-4.17,16.166,16.439,16.528,845014.54,748924.38,794859.19
2015-06-30,14.5,16.16,16.1,13.83,740198.06,1.13,7.55,16.11,16.355,16.59,888501.4,771393.08,799199.65
2015-07-01,16.05,16.65,14.72,14.6,598461.0,-1.38,-8.57,15.73,16.224,16.558,872546.63,777109.99,788275.83
2015-07-02,15.0,15.0,13.24,13.24,580919.62,-1.47,-9.99,14.918,15.798,16.469,725308.07,752048.24,781421.38
2015-07-03,12.5,13.0,11.92,11.92,570118.56,-1.32,-9.97,14.184,15.25,16.25,666524.32,721549.08,755011.14
2015-07-06,12.6,13.06,10.73,10.73,945361.12,-1.19,-9.98,13.342,14.754,15.92,687011.67,766013.11,730786.2
2015-07-07,10.33,10.33,9.66,9.66,344331.84,-1.07,-9.97,12.054,14.082,15.55,607838.43,748169.92,700535.58
2015-07-10,10.61,10.63,10.63,10.33,326567.03,0.97,10.04,11.236,13.483,15.204,553459.63,713003.13,675091.94
