date,open,high,close,low,volume,amount
2015-07-10,41.9,41.9,41.9,40.29,51748336.0,375731296.0
2015-07-09,34.66,38.11,38.11,32.82,186643216.0,1201330944.0
2015-07-08,34.72,36.5,34.66,34.66,156272400.0,948378304.0
2015-07-07,40.41,42.42,38.51,36.73,183863472.0,1260803968.0
2015-07-06,47.71,47.71,40.35,39.37,164693888.0,1224356992.0
2015-07-03,45.41,48.85,43.74,43.74,124525520.0,974928192.0
2015-07-02,54.55,55.41,48.62,48.62,126391120.0,1117973376.0
2015-07-01,58.63,60.92,54.03,54.03,131220136.0,1329613568.0
2015-06-30,56.84,60.47,60.01,51.1,149752640.0,1453278464.0
2015-06-29,64.95,65.06,56.79,56.67,144123824.0,1490317184.0
2015-06-26,67.71,68.86,62.99,62.99,114286080.0,1299843072.0
2015-06-25,71.79,74.61,70.01,68.97,172612256.0,2143291776.0
2015-06-24,70.7,72.48,72.02,68.17,140987824.0,1738765184.0
2015-06-23,69.78,71.85,70.29,62.82,124069072.0,1462886272.0
2015-06-19,76.44,77.48,69.78,69.78,131297768.0,1684273536.0
2015-06-18,80.35,84.43,77.54,77.36,149942128.0,2122546432.0
2015-06-17,81.62,83.05,80.3,74.89,177370880.0,2436222720.0
2015-06-16,81.04,85.64,81.44,79.83,200924448.0,2895973632.0
2015-06-15,83.46,87.94,83.34,81.9,257014768.0,3797896704.0
2015-06-12,81.9,86.96,82.82,80.47,367381664.0,5327656448.0
2015-06-11,71.73,79.03,79.03,70.81,224380480.0,2917114112.0
2015-06-10,70.06,73.34,71.85,67.88,163803040.0,2018875776.0
2015-06-09,72.65,74.38,71.1,70.35,173950000.0,2185150464.0
2015-06-08,71.21,72.42,72.25,70.12,229205600.0,2854708992.0
2015-06-05,69.26,70.93,70.52,67.48,175515888.0,2130294272.0
2015-06-04,70.24,71.21,68.63,63.63,116890280.0,1374526080.0
2015-06-03,71.93,72.39,70.0,68.0,145929808.0,1797889280.0
2015-06-02,67.03,72.96,71.14,67.03,167527760.0,2053651584.0
2015-06-01,64.12,67.03,66.97,64.12,117155504.0,1350489728.0
2015-05-29,64.69,66.46,63.78,61.84,135367088.0,1518595968.0
2015-05-28,72.1,73.81,65.04,65.04,190154992.0,2341884160.0
2015-05-27,72.45,72.9,72.28,69.48,180111136.0,2249103872.0
2015-05-26,73.3,73.98,71.99,70.96,183249472.0,2325502976.0
2015-05-25,67.26,71.82,70.85,67.26,188197024.0,2307777024.0
2015-05-22,67.49,68.4,66.52,64.58,169074080.0,1967460480.0
2015-05-21,66.06,67.54,66.46,64.98,138929136.0,1614830976.0
2015-05-20,63.73,66.63,64.41,63.16,170289216.0,1942005888.0
2015-05-19,59.68,62.36,62.24,59.05,81573680.0,873512256.0
2015-05-18,59.22,60.93,59.62,58.2,67085520.0,698672064.0
2015-05-15,62.53,62.59,59.85,59.73,73676680.0,785538624.0
2015-05-14,62.87,63.73,62.7,61.56,95173160.0,1044312896.0
2015-05-13,60.02,64.69,63.67,59.39,149891120.0,1651955200.0
2015-05-12,60.42,60.88,60.13,59.56,72492488.0,763922176.0
2015-05-11,58.71,60.82,60.36,57.0,91766248.0,953730112.0
2015-05-08,57.4,58.42,57.91,56.09,67251936.0,677210688.0
2015-05-07,60.7,60.7,56.77,56.54,74049880.0,758080512.0
2015-05-06,62.59,64.07,60.88,60.02,79898936.0,876106240.0
2015-05-05,64.3,66.46,62.41,60.99,129959768.0,1473310080.0
2015-05-04,62.24,64.24,64.12,61.45,100396568.0,1102576768.0
2015-04-30,61.9,63.16,61.73,61.56,61753512.0,675452224.0
2015-04-29,60.65,62.7,61.84,60.65,72049408.0,781364544.0
2015-04-28,63.84,63.9,60.59,60.19,96531760.0,1042690112.0
2015-04-27,63.84,64.69,63.55,62.41,107231040.0,1192764416.0
2015-04-24,64.35,64.52,63.27,61.73,142517968.0,1576177792.0
2015-04-23,66.29,66.69,65.21,64.58,148934432.0,1709204096.0
2015-04-22,67.26,67.83,66.0,65.55,119736336.0,1390593024.0
2015-04-21,63.38,66.12,65.61,63.16,114020240.0,1295531904.0
2015-04-20,63.84,67.54,64.58,62.87,194450912.0,2222874624.0
2015-04-17,62.64,63.84,63.73,60.76,150077152.0,1635881088.0
2015-04-16,60.76,63.61,62.64,58.31,113113424.0,1219706496.0
2015-04-15,65.95,65.95,60.99,60.7,136400464.0,1516052992.0
2015-04-14,65.21,68.23,66.29,63.27,147433600.0,1707481856.0
2015-04-13,65.55,68.97,65.32,64.01,221136944.0,2569735424.0
2015-04-10,57.34,62.93,62.93,56.14,186070064.0,1943849984.0
2015-04-09,57.06,59.28,57.23,55.29,197967104.0,1994631552.0
2015-04-08,53.86,56.77,55.29,53.07,173522368.0,1676947328.0
2015-04-07,54.26,54.32,53.69,53.01,132784536.0,1244578944.0
2015-04-03,51.36,54.49,53.81,51.24,181984544.0,1692090752.0
2015-04-02,50.73,52.1,51.36,50.5,100088080.0,899738048.0
2015-04-01,50.84,51.07,50.73,50.1,94095336.0,834637184.0
2015-03-31,52.15,52.38,50.67,50.56,103364320.0,929425728.0
2015-03-30,51.3,52.27,51.47,50.39,117062288.0,1050517056.0
2015-03-27,51.36,52.44,50.73,50.16,120770328.0,1082660352.0
2015-03-26,48.34,53.29,50.84,47.88,201303760.0,1801228672.0
2015-03-25,46.34,49.53,48.91,45.88,211217424.0,1769898880.0
2015-03-24,47.65,47.71,46.45,45.54,143822368.0,1171592832.0
2015-03-23,47.99,48.45,47.48,47.02,139870112.0,1164680576.0
2015-03-20,47.88,48.45,47.08,46.57,145167696.0,1203164544.0
2015-03-19,46.11,48.11,47.77,45.48,187456976.0,1539565184.0
2015-03-18,45.71,46.11,46.0,44.63,144120528.0,1147541248.0
2015-03-17,45.66,46.45,45.14,44.46,200577600.0,1601668224.0
2015-03-16,43.6,44.34,44.29,43.03,80405400.0,617024960.0
2015-03-13,43.26,44.23,43.38,43.09,42092908.0,321837472.0
2015-03-12,43.43,43.66,43.26,42.47,43412564.0,327216576.0
2015-03-11,44.23,44.34,43.38,43.26,44109452.0,337545344.0
2015-03-10,44.74,44.97,44.12,43.78,43888296.0,341493600.0
2015-03-09,43.77,44.91,44.63,42.98,37282764.0,286860096.0
2015-03-06,44.34,45.43,43.78,43.6,57947352.0,450508352.0
2015-03-05,44.46,44.46,44.23,43.38,48163224.0,369141920.0
2015-03-04,45.37,45.54,44.4,43.89,64622188.0,502865536.0
2015-03-03,43.66,46.34,44.97,43.43,93572072.0,739775808.0
2015-03-02,43.32,44.06,44.06,42.75,71496408.0,545690688.0
2015-02-27,42.75,43.43,42.98,42.63,39105760.0,295838304.0
2015-02-26,41.67,42.69,42.63,41.44,29883676.0,221640384.0
2015-02-25,41.89,42.06,41.61,41.15,27692228.0,202112976.0
2015-02-17,42.81,43.09,41.61,40.98,50493792.0,372464064.0
2015-02-16,42.75,42.98,42.58,42.41,28558320.0,213552000.0
2015-02-13,43.03,43.38,42.75,42.46,57260496.0,429268224.0
2015-02-12,42.24,44.29,43.03,42.12,68830552.0,521110720.0
2015-02-11,42.52,42.86,42.29,41.95,13841214.0,102792336.0
2015-02-10,41.5,42.63,42.52,41.38,22896908.0,169842608.0
2015-02-09,41.61,42.18,41.78,40.64,15650182.0,113754432.0
2015-02-06,41.55,42.29,41.44,41.15,17414808.0,127226728.0
2015-02-05,42.86,43.03,41.55,41.15,23231184.0,171321952.0
2015-02-04,42.81,43.09,41.78,41.38,23013938.0,170576864.0
2015-02-03,41.04,42.75,42.75,40.53,32840076.0,240424752.0
2015-02-02,41.55,42.01,40.76,40.3,45690120.0,328725024.0
2015-01-30,43.15,44.06,42.52,42.47,23672392.0,179368992.0
2015-01-29,42.41,43.66,43.21,41.95,22099784.0,166949664.0
2015-01-28,43.6,43.95,42.86,40.93,58523900.0,439505824.0
2015-01-27,45.14,45.54,44.46,43.89,34804424.0,271837216.0
2015-01-26,43.66,45.14,44.97,43.66,41554636.0,324791424.0
2015-01-23,44.8,45.31,44.34,43.83,67697072.0,528628000.0
2015-01-22,46.28,46.28,45.14,44.63,65184732.0,516717440.0
2015-01-21,45.71,47.37,46.4,45.03,72992368.0,590795648.0
2015-01-20,43.49,46.05,45.77,43.32,71875392.0,567649280.0
2015-01-19,43.6,46.17,42.81,42.06,65548284.0,512670784.0
2015-01-16,46.05,46.23,45.6,44.63,59924292.0,476066016.0
2015-01-15,44.8,47.02,46.4,44.52,52296920.0,423625824.0
2015-01-14,46.28,46.97,45.09,44.34,67193720.0,536851904.0
2015-01-13,47.94,48.51,46.51,46.23,70114736.0,580975552.0
2015-01-12,45.66,49.02,48.11,44.46,101224968.0,841239616.0
2015-01-09,45.03,48.16,45.54,44.17,124946152.0,1013627904.0
2015-01-08,41.32,44.63,44.57,41.32,148815264.0,1147254272.0
2015-01-07,41.15,41.15,40.58,40.18,31207396.0,221812512.0
2015-01-06,41.49,41.78,41.04,40.58,41809312.0,301398496.0
2015-01-05,41.04,42.46,42.06,40.18,66805532.0,485287712.0
2014-12-31,40.41,42.01,40.81,39.5,67164024.0,479828576.0
2014-12-30,39.78,40.75,38.76,38.7,39262180.0,273199040.0
2014-12-29,39.56,41.55,40.24,39.22,69953264.0,495041344.0
2014-12-26,39.61,40.18,39.56,38.19,51537728.0,354111584.0
2014-12-25,38.53,40.35,39.16,38.25,59879824.0,412184000.0
2014-12-24,36.42,39.33,38.48,35.97,66616160.0,445266496.0
2014-12-23,35.51,37.79,36.59,35.23,40120772.0,258106496.0
2014-12-22,37.45,37.45,35.74,35.34,32119172.0,203204144.0
2014-12-19,37.62,38.3,37.56,36.71,32657796.0,214430800.0
2014-12-18,37.11,38.82,37.73,36.71,55016848.0,366018976.0
2014-12-17,38.3,38.65,37.34,37.05,50728912.0,335951424.0
2014-12-16,38.25,39.22,38.3,37.96,59621704.0,402292160.0
2014-12-15,38.08,38.93,38.65,37.62,50730364.0,341498848.0
2014-12-12,38.76,39.27,38.19,37.28,74623752.0,501072576.0
2014-12-11,35.23,38.82,38.82,34.83,107820864.0,706199680.0
2014-12-10,34.31,35.34,35.28,34.09,24523786.0,150115104.0
2014-12-09,36.77,36.77,34.43,34.37,60266228.0,376075840.0
2014-12-08,36.59,37.28,36.88,36.25,38029300.0,244212096.0
2014-12-05,37.45,38.13,36.59,36.2,53917280.0,348791712.0
2014-12-04,37.11,38.13,37.56,36.94,37987048.0,250187648.0
2014-12-03,37.34,37.85,37.16,36.59,48164008.0,312631840.0
2014-12-02,36.48,37.79,37.68,36.25,35587260.0,232718560.0
2014-12-01,37.39,38.08,36.37,35.91,39949424.0,257105200.0
2014-11-28,38.02,38.53,37.39,37.22,39790608.0,262533488.0
2014-11-27,39.33,39.62,38.19,38.08,44097680.0,298099552.0
2014-11-26,38.19,39.5,39.05,37.62,67311752.0,458704256.0
2014-11-25,37.96,38.65,38.3,37.39,46388720.0,309471744.0
2014-11-24,37.62,39.1,37.96,37.39,62993856.0,420731456.0
2014-11-21,36.71,39.27,38.25,36.08,87299760.0,574085184.0
2014-11-20,38.19,40.98,37.45,36.99,125212360.0,855319552.0
2014-11-18,38.3,38.3,38.3,36.31,56589188.0,376699680.0
2014-11-17,34.83,34.83,34.83,34.83,2004312.0,12246346.0
2014-08-22,31.52,32.03,31.64,31.12,13338458.0,73799800.0
2014-08-21,30.78,31.81,31.58,30.72,17889048.0,97866384.0
2014-08-20,31.92,32.83,31.29,31.18,37896636.0,212553152.0
2014-08-19,30.89,32.49,32.03,30.78,31843452.0,176664096.0
2014-08-18,30.84,31.18,31.07,30.67,15646651.0,85048816.0
2014-08-15,30.44,30.78,30.67,30.27,11828100.0,63379844.0
2014-08-14,30.84,30.95,30.44,30.32,14125296.0,75954168.0
2014-08-13,30.89,31.07,31.01,30.55,13581280.0,73380808.0
2014-08-12,31.24,31.24,30.89,30.72,15807685.0,85697984.0
2014-08-11,31.18,31.64,31.35,31.01,17023600.0,93305280.0
2014-08-08,30.67,31.07,31.01,30.5,11921244.0,64469312.0
2014-08-07,30.67,31.29,30.72,30.32,25127486.0,136126320.0
2014-08-06,29.81,30.78,30.44,29.58,27933640.0,149037120.0
2014-08-05,30.27,30.27,29.87,29.75,10904936.0,57183868.0
2014-08-04,29.07,30.32,30.15,29.01,17527164.0,91985560.0
2014-08-01,29.75,30.04,29.24,29.13,19396800.0,101146400.0
2014-07-31,29.7,29.81,29.75,29.24,20368514.0,105263840.0
2014-07-30,30.61,30.61,29.64,29.58,25314606.0,132863504.0
2014-07-29,31.24,31.35,30.44,30.27,18360816.0,99075232.0
2014-07-28,30.1,31.64,31.12,30.04,17831868.0,97260784.0
2014-07-25,30.21,30.21,30.1,29.7,7801684.0,41062640.0
2014-07-24,29.7,30.21,30.04,29.53,9777029.0,51248992.0
2014-07-23,29.81,30.1,29.7,29.53,7225074.0,37759904.0
2014-07-22,29.81,29.98,29.93,29.53,7867141.0,41072008.0
2014-07-21,29.58,30.04,29.81,29.47,6026735.0,31425104.0
2014-07-18,29.36,30.27,29.75,29.3,6702810.0,35000860.0
2014-07-17,29.81,29.87,29.47,29.07,4079885.0,21055372.0
2014-07-16,29.18,30.1,29.87,29.01,11601327.0,60372756.0
2014-07-15,29.18,29.58,29.18,29.01,5421279.0,27789180.0
2014-07-14,28.79,29.36,29.18,28.79,5655695.0,28954144.0
2014-07-11,28.96,29.18,28.9,28.79,3739910.0,19000674.0
2014-07-10,28.9,29.18,29.13,28.56,5038604.0,25538884.0
2014-07-09,29.36,29.41,28.79,28.73,5279080.0,26971252.0
2014-07-08,29.47,29.58,29.41,28.79,8159368.0,41737168.0
2014-07-07,29.53,29.87,29.47,29.41,3103767.0,16089875.0
2014-07-04,29.3,29.87,29.58,29.24,7096771.0,36867452.0
2014-07-03,28.79,29.58,29.41,28.73,7652793.0,39476516.0
2014-07-02,29.07,29.3,28.96,28.73,4806263.0,24462508.0
2014-07-01,29.18,29.47,29.07,28.96,4865798.0,24901068.0
2014-06-30,28.9,29.3,29.24,28.67,7557170.0,38398936.0
2014-06-27,28.5,29.36,29.13,28.27,10948520.0,55782760.0
2014-06-26,28.21,29.3,28.5,28.21,14527992.0,73396184.0
2014-06-25,28.1,28.44,28.27,27.82,5051994.0,24933356.0
2014-06-24,27.82,28.39,28.33,27.64,7180742.0,35261868.0
2014-06-23,28.16,28.33,27.93,27.93,3344502.0,16497431.0
2014-06-20,27.99,28.5,28.27,27.64,4771962.0,23566168.0
2014-06-19,27.94,28.27,27.99,27.21,6499059.0,32219688.0
2014-06-18,28.1,28.44,27.94,27.66,5672160.0,28485452.0
2014-06-17,27.43,28.5,27.99,27.27,12837168.0,64517536.0
2014-06-16,26.71,27.66,27.43,26.65,11047160.0,53932824.0
2014-06-13,26.6,26.76,26.71,26.32,5474929.0,26066790.0
2014-06-12,26.65,26.65,26.54,26.26,4227577.0,19995796.0
2014-06-11,26.88,27.04,26.65,26.26,8679005.0,41272976.0
2014-06-10,27.15,27.15,27.1,26.65,3800711.0,18320002.0
2014-06-09,26.99,27.21,26.88,26.76,3675780.0,17751650.0
2014-06-06,26.37,27.21,27.04,26.37,7304874.0,35152272.0
2014-06-05,26.26,26.54,26.48,26.09,3279726.0,15460947.0
2014-06-04,26.93,26.99,26.37,26.2,4949566.0,23357440.0
2014-06-03,27.27,27.27,26.88,26.82,3794179.0,18312252.0
2014-05-30,27.04,27.27,27.21,26.88,6293661.0,30509172.0
2014-05-29,26.71,27.1,26.99,26.59,7909344.0,38038992.0
2014-05-28,26.54,26.82,26.76,26.37,5810910.0,27657082.0
2014-05-27,26.54,27.04,26.76,26.32,7148024.0,34137976.0
2014-05-26,26.76,26.76,26.54,26.26,4860141.0,23036964.0
2014-05-23,26.48,26.59,26.54,25.98,4220830.0,19835404.0
2014-05-22,26.93,27.21,26.54,26.54,5306604.0,25559206.0
2014-05-21,26.76,27.04,26.76,26.48,6461711.0,30947792.0
2014-05-20,26.26,26.93,26.48,26.15,5120593.0,24315324.0
2014-05-19,26.93,27.15,26.15,26.04,7903633.0,37153012.0
2014-05-16,26.99,27.27,27.15,26.76,3566384.0,17244184.0
2014-05-15,28.5,28.5,26.93,26.88,11677425.0,57764680.0
2014-05-14,28.61,28.72,28.5,28.33,3440228.0,17507886.0
2014-05-13,28.83,28.94,28.61,28.55,3962736.0,20384996.0
2014-05-12,28.61,28.94,28.77,28.22,5293790.0,27192884.0
2014-05-09,28.72,28.77,28.33,28.1,5394699.0,27368908.0
2014-05-08,28.5,28.94,28.55,28.44,3881542.0,19908046.0
2014-05-07,28.55,29.11,28.5,28.38,6710908.0,34404180.0
2014-05-06,29.05,29.39,28.77,28.5,6149985.0,31897988.0
2014-05-05,28.94,29.28,29.28,28.77,4782689.0,24805820.0
2014-04-30,28.77,29.33,29.17,28.77,3455315.0,17925126.0
2014-04-29,28.89,28.94,28.83,28.55,4457414.0,22949156.0
2014-04-28,29.28,29.28,28.61,28.27,11099766.0,56773192.0
2014-04-25,29.39,29.78,29.17,29.05,5551763.0,29251120.0
2014-04-24,29.56,29.67,29.28,29.05,7408311.0,38941444.0
2014-04-23,30.28,30.28,29.78,29.45,10762127.0,57251180.0
2014-04-22,30.12,30.56,30.39,29.95,14453327.0,78183552.0
2014-04-21,30.06,30.84,30.12,29.89,15987065.0,87050144.0
2014-04-18,30.73,30.73,30.12,29.78,23987584.0,130094784.0
2014-04-17,31.29,31.74,30.95,30.79,12036085.0,67325680.0
2014-04-16,31.01,31.57,31.29,30.45,16937132.0,93736168.0
2014-04-15,31.07,32.57,31.23,30.9,37780224.0,214203280.0
2014-04-14,30.62,31.46,31.12,30.45,29058092.0,161939552.0
2014-04-11,30.62,30.73,30.67,30.17,9336181.0,50786964.0
2014-04-10,30.45,30.95,30.73,30.23,16922908.0,93003480.0
2014-04-09,30.73,30.9,30.45,30.17,10234272.0,55809152.0
2014-04-08,30.28,31.12,30.73,30.06,16469931.0,90611496.0
2014-04-04,29.72,30.28,30.17,29.56,8954475.0,48001684.0
2014-04-03,29.39,29.89,29.89,29.17,8644829.0,45785180.0
2014-04-02,29.5,29.78,29.39,29.11,5548719.0,29142396.0
2014-04-01,28.66,29.22,29.11,28.1,6973365.0,35750012.0
2014-03-31,29.22,29.56,28.66,28.27,10195004.0,52532872.0
2014-03-28,29.61,29.84,29.11,29.05,8997023.0,47232892.0
2014-03-27,30.51,30.51,29.56,29.45,11448607.0,60967552.0
2014-03-26,30.67,31.18,30.56,30.39,7254700.0,39812680.0
2014-03-25,31.57,31.68,30.67,30.45,16439845.0,91154752.0
2014-03-24,30.56,31.62,31.51,30.56,25743240.0,143797488.0
2014-03-21,29.61,30.28,30.17,29.05,8826990.0,46905256.0
2014-03-20,30.06,30.67,29.72,29.67,8254827.0,44560540.0
2014-03-19,30.39,30.45,30.23,29.67,7177141.0,38540684.0
2014-03-18,30.39,30.79,30.56,30.0,8797899.0,47996244.0
2014-03-17,29.67,31.01,30.45,29.39,7786742.0,42295400.0
2014-03-14,29.78,30.06,29.61,29.28,5481898.0,29068972.0
2014-03-13,29.72,30.17,29.95,29.72,4943325.0,26485632.0
2014-03-12,29.22,30.62,29.78,29.22,8537630.0,45883504.0
2014-03-11,29.33,29.72,29.5,29.0,5833438.0,30659818.0
2014-03-10,29.61,30.56,29.61,29.17,8822465.0,47217984.0
2014-03-07,29.95,30.23,29.67,29.61,7321860.0,39124612.0
2014-03-06,29.67,30.23,30.06,29.0,10598841.0,56079420.0
2014-03-05,31.4,31.62,30.06,30.0,13270341.0,72737232.0
2014-03-04,31.18,31.62,31.51,30.9,9011832.0,50418472.0
2014-03-03,31.34,31.74,31.51,31.12,12425014.0,69967728.0
2014-02-28,29.45,32.02,31.46,29.11,19385464.0,105758440.0
2014-02-27,29.45,29.67,29.5,29.05,7517227.0,39570604.0
2014-02-26,29.33,29.72,29.5,28.94,7336571.0,38468136.0
2014-02-25,30.51,30.9,29.56,29.33,12725684.0,68710016.0
2014-02-24,30.34,30.95,30.45,29.95,9210335.0,50371452.0
2014-02-21,31.07,31.12,30.34,29.89,10453942.0,56982016.0
2014-02-20,31.68,31.85,31.01,30.84,10909209.0,60911948.0
2014-02-19,31.85,32.24,31.51,31.4,14030368.0,79669088.0
2014-02-18,32.13,32.8,31.9,31.62,14373474.0,82821240.0
2014-02-17,31.34,32.41,32.13,31.18,15222189.0,87029944.0
2014-02-14,30.73,31.51,31.4,30.62,10913701.0,60677744.0
2014-02-13,31.96,32.07,30.9,30.73,17143916.0,95742400.0
2014-02-12,32.18,32.41,32.07,31.74,8429637.0,48283164.0
2014-02-11,31.74,32.63,32.41,30.73,15644902.0,89196096.0
2014-02-10,31.62,32.24,32.07,31.51,11374735.0,65159076.0
2014-02-07,30.17,31.51,31.46,29.95,9935444.0,55290320.0
2014-01-30,29.45,30.73,30.34,29.11,9351029.0,50663872.0
2014-01-29,30.17,30.28,29.45,29.39,7194386.0,38209776.0
2014-01-28,29.67,30.23,30.0,29.56,5748676.0,30748642.0
2014-01-27,30.45,30.73,29.61,29.33,15032578.0,80819888.0
2014-01-24,30.39,31.18,30.34,30.17,12478154.0,68400856.0
2014-01-23,30.73,31.34,30.84,30.67,9765191.0,54037488.0
2014-01-22,29.84,30.67,30.56,29.5,8356991.0,45241008.0
2014-01-21,29.33,30.11,29.84,29.33,5391092.0,28802084.0
2014-01-20,29.28,29.61,29.5,28.89,8016049.0,41847348.0
2014-01-17,29.95,30.23,29.5,28.83,16213895.0,85214816.0
2014-01-16,30.51,30.9,30.23,29.61,12448597.0,67062268.0
2014-01-15,31.34,31.4,30.51,30.34,9017948.0,49561068.0
2014-01-14,30.23,31.4,31.07,30.17,5527234.0,30560824.0
2014-01-13,31.29,31.68,30.39,30.06,8729073.0,48279628.0
2014-01-10,31.46,31.51,31.12,29.61,13604485.0,75119680.0
2014-01-09,32.07,32.29,31.18,31.07,16056039.0,90917176.0
2014-01-08,32.8,33.3,31.57,31.29,17245574.0,99253056.0
2014-01-07,32.85,33.36,32.74,32.41,8047230.0,47409464.0
2014-01-06,34.08,34.14,33.08,32.69,21956692.0,130811408.0
2014-01-03,35.76,37.32,34.59,33.97,47021612.0,299000736.0
2014-01-02,34.87,35.14,34.87,34.42,12996031.0,81089728.0
2013-12-31,33.69,35.31,34.87,33.52,23782168.0,147485264.0
2013-12-30,34.19,34.19,33.86,33.02,19691756.0,118670888.0
2013-12-27,33.41,34.42,34.19,32.97,19275034.0,116328928.0
2013-12-26,33.8,33.8,33.08,32.97,9839697.0,58766788.0
2013-12-25,31.62,33.63,33.58,31.62,14047812.0,82169672.0
2013-12-24,32.35,32.91,31.96,31.01,15468046.0,88338808.0
2013-12-23,32.8,33.47,32.74,32.18,9255248.0,54596760.0
2013-12-20,33.24,33.63,33.19,32.46,10948851.0,64677280.0
2013-12-19,33.58,33.58,32.97,32.85,11866335.0,70556000.0
2013-12-18,32.91,34.03,33.63,32.85,8503149.0,51291888.0
2013-12-17,33.13,33.69,33.36,32.8,9386160.0,55886400.0
2013-12-16,33.24,33.63,32.91,32.52,8649268.0,51274264.0
2013-12-13,33.52,34.03,33.19,32.74,21345688.0,127422456.0
2013-12-12,34.42,35.14,34.25,34.19,14909824.0,92575160.0
2013-12-11,33.8,34.53,34.36,33.47,13724455.0,83613464.0
2013-12-10,34.31,35.31,34.14,34.14,20126656.0,124532848.0
2013-12-09,33.91,34.42,34.36,32.97,19558904.0,118142872.0
2013-12-06,34.31,34.53,33.91,33.47,31939848.0,193211440.0
2013-12-05,33.69,35.7,34.64,33.69,38133280.0,236295824.0
2013-12-04,32.13,33.91,33.36,31.62,33961736.0,200712640.0
2013-12-03,31.96,32.35,31.57,31.07,16921596.0,95701376.0
2013-12-02,32.52,33.08,31.9,31.12,26097624.0,149969088.0
2013-11-29,31.74,33.24,33.08,31.74,17519464.0,102996192.0
2013-11-28,32.18,33.63,31.85,31.79,18178468.0,105710968.0
2013-11-27,30.9,32.69,32.41,30.73,20311460.0,116605400.0
2013-11-26,30.51,31.18,31.01,30.34,11533125.0,63522680.0
2013-11-25,29.56,31.46,30.45,29.28,16192842.0,88404720.0
2013-11-22,29.84,29.89,29.67,29.39,5668190.0,29983478.0
2013-11-21,30.23,30.28,29.78,29.5,9927818.0,52918540.0
2013-11-20,31.01,31.23,30.39,30.11,7090640.0,38712276.0
2013-11-19,30.62,30.95,30.84,30.28,7802348.0,42867032.0
2013-11-18,29.5,30.34,30.17,29.17,7626211.0,40807736.0
2013-11-15,28.89,29.78,29.45,28.89,5465474.0,28794976.0
2013-11-14,29.33,29.33,28.89,28.66,4497383.0,23279780.0
2013-11-13,29.11,29.61,29.05,29.0,3301303.0,17262788.0
2013-11-12,29.33,29.84,29.56,29.17,4805964.0,25381864.0
2013-11-11,28.77,29.56,29.17,28.66,4571699.0,23808800.0
2013-11-08,29.72,29.84,28.77,28.1,8422085.0,43457800.0
2013-11-07,29.67,30.17,29.5,29.22,7686746.0,40794848.0
2013-11-06,29.17,30.06,29.5,29.05,12747486.0,67499696.0
2013-11-05,29.45,29.5,29.22,28.66,21219272.0,110279952.0
2013-11-04,30.73,31.01,29.95,29.45,13077670.0,70682072.0
2013-11-01,32.41,33.24,30.62,30.34,20834564.0,118120864.0
2013-10-31,31.62,32.69,32.41,31.57,12458314.0,71619416.0
2013-10-30,30.28,32.29,31.85,30.28,13429048.0,76230464.0
2013-10-29,30.56,31.96,30.45,29.72,12650237.0,70032936.0
2013-10-28,30.67,31.9,31.18,30.67,8088489.0,45207528.0
2013-10-25,30.56,31.12,30.39,30.06,8761167.0,47871052.0
2013-10-24,30.9,31.12,30.23,29.89,9153107.0,50003752.0
2013-10-23,32.02,32.69,30.84,30.62,12396211.0,69345752.0
2013-10-22,32.24,32.85,32.02,31.4,10102681.0,58032928.0
2013-10-21,32.02,32.69,32.3,30.45,21533932.0,122165984.0
2013-10-18,33.52,34.08,31.96,31.46,34673888.0,204182192.0
2013-10-17,30.67,32.74,32.57,30.62,21917692.0,125809880.0
2013-10-16,31.68,31.68,30.67,29.56,18028440.0,97993744.0
2013-10-15,31.34,32.63,31.57,30.73,14789647.0,84067720.0
2013-10-14,30.06,32.13,31.62,29.72,17610844.0,97757000.0
2013-10-11,29.05,31.57,30.45,28.94,31501500.0,170664320.0
2013-10-10,29.05,29.78,28.89,28.66,11446866.0,59587288.0
2013-10-09,28.33,29.56,29.33,28.16,15707823.0,82024504.0
2013-10-08,27.82,28.77,28.5,27.49,12535036.0,63478300.0
2013-09-30,27.43,28.1,27.71,27.27,11234439.0,55745704.0
2013-09-27,26.54,27.27,27.15,26.15,6562268.0,31334420.0
2013-09-26,26.99,27.21,26.32,26.26,5729409.0,27377188.0
2013-09-25,27.49,27.82,27.04,26.99,5939315.0,29123044.0
2013-09-24,27.27,27.99,27.55,26.82,9890744.0,48583680.0
2013-09-23,27.1,27.49,27.27,26.82,7155375.0,34766000.0
2013-09-18,26.54,26.99,26.93,26.15,5553628.0,26435152.0
2013-09-17,26.54,27.1,26.48,26.37,5863736.0,27943004.0
2013-09-16,26.82,27.15,26.6,26.26,9979638.0,47695592.0
2013-09-13,27.77,28.16,26.88,26.65,17112320.0,82984088.0
2013-09-12,27.99,28.33,27.77,27.66,10066797.0,50293472.0
2013-09-11,26.93,28.27,28.22,26.65,16967314.0,83125008.0
2013-09-10,26.43,27.04,26.88,26.15,8263863.0,39489224.0
2013-09-09,25.98,26.82,26.6,25.76,10165078.0,48149496.0
2013-09-06,26.09,26.15,25.93,25.7,5099192.0,23699642.0
2013-09-05,26.32,26.48,26.2,26.04,7113559.0,33319642.0
2013-09-04,26.82,26.82,26.6,25.7,13259049.0,62310816.0
2013-09-03,26.76,27.1,26.88,26.43,5604372.0,26868326.0
2013-09-02,26.37,26.88,26.82,25.98,5907611.0,27885428.0
2013-08-30,26.54,26.99,26.43,26.32,6898920.0,32912352.0
2013-08-29,26.93,27.1,26.54,26.43,5538571.0,26409380.0
2013-08-28,27.66,27.66,26.93,26.88,9063722.0,44197108.0
2013-08-27,27.82,28.38,27.82,27.71,7799921.0,39076564.0
2013-08-26,27.55,27.82,27.82,27.32,7731457.0,38241908.0
2013-08-23,27.49,27.88,27.55,26.82,8257649.0,40570648.0
2013-08-22,27.38,28.05,27.55,26.99,15578297.0,76964424.0
2013-08-21,26.93,28.94,27.6,26.32,14762841.0,72004424.0
2013-08-20,27.49,27.77,26.93,26.54,8860336.0,42984360.0
2013-08-19,26.37,27.77,27.43,26.09,13646635.0,66349168.0
2013-08-16,27.38,27.99,26.54,25.93,15403594.0,74843808.0
2013-08-15,28.16,28.44,27.66,27.38,15027387.0,74603312.0
2013-08-14,28.89,29.0,28.33,27.55,19125076.0,96258040.0
2013-08-13,29.05,29.56,28.72,28.16,15877420.0,81224456.0
2013-08-12,27.55,29.39,29.17,27.43,25526318.0,130104040.0
2013-08-09,28.94,29.39,27.99,27.66,24221792.0,123311576.0
2013-08-08,29.61,29.61,29.11,28.55,17378650.0,90135288.0
2013-08-07,28.61,29.72,29.28,27.88,39002156.0,202320016.0
2013-08-06,25.87,28.22,28.22,25.87,34916076.0,173474400.0
2013-08-05,25.14,26.26,25.65,25.03,26082414.0,119939632.0
2013-08-02,23.36,25.59,24.92,23.36,29940320.0,133607040.0
2013-08-01,22.96,23.36,23.24,22.8,4442503.0,18442896.0
2013-07-31,22.85,23.19,22.91,22.74,4702667.0,19280926.0
2013-07-30,22.96,23.3,22.91,22.8,6980543.0,28688716.0
2013-07-29,23.47,23.86,23.24,23.13,12887602.0,54186984.0
2013-07-26,23.13,24.98,24.02,22.91,13976512.0,60231920.0
2013-07-25,23.19,23.19,22.96,22.74,3867812.0,15912277.0
2013-07-24,23.47,23.47,22.96,22.57,6599935.0,27076820.0
2013-07-23,23.02,23.58,23.41,22.8,4230597.0,17664876.0
2013-07-22,22.35,23.08,22.91,22.24,3948046.0,16076453.0
2013-07-19,22.91,23.13,22.29,22.24,4205746.0,17174608.0
2013-07-18,23.02,23.52,22.96,22.63,4447166.0,18269182.0
2013-07-17,23.91,24.08,23.52,23.47,4939131.0,20979256.0
2013-07-16,23.58,24.14,24.08,23.36,5183961.0,21990080.0
2013-07-15,23.3,23.86,23.69,23.13,4904044.0,20585504.0
2013-07-12,23.52,23.69,23.13,23.13,4152591.0,17388974.0
2013-07-11,22.96,23.69,23.52,22.85,6158534.0,25802740.0
2013-07-10,22.35,22.85,22.8,22.07,3041820.0,12276541.0
2013-07-09,22.13,22.68,22.29,22.13,2520183.0,10078229.0
2013-07-08,23.02,23.02,22.29,22.13,3825988.0,15439346.0
2013-07-05,23.41,23.58,23.24,23.13,3245880.0,13537378.0
2013-07-04,23.02,23.41,23.24,22.48,5399553.0,22712386.0
2013-07-03,22.64,23.19,23.02,22.37,6110417.0,25433576.0
2013-07-02,21.82,23.3,22.7,21.66,7681187.0,32017650.0
2013-07-01,21.61,21.99,21.77,21.28,4238808.0,16882356.0
2013-06-28,21.39,21.77,21.66,20.46,4301375.0,16968524.0
2013-06-27,21.77,21.99,21.5,21.33,6174996.0,24468024.0
2013-06-26,21.61,22.15,21.39,21.28,8553106.0,33858960.0
2013-06-25,22.32,22.32,21.66,20.19,8353626.0,32753892.0
2013-06-24,23.9,23.9,22.37,22.32,5219430.0,22233424.0
2013-06-21,24.01,24.33,24.23,23.35,3762008.0,16494573.0
2013-06-20,24.77,24.93,24.12,24.06,3508143.0,15762301.0
2013-06-19,25.37,25.37,25.04,24.61,4414438.0,20158972.0
2013-06-18,25.48,25.64,25.37,25.1,3610124.0,16765474.0
2013-06-17,25.59,25.97,25.43,25.37,3944673.0,18514914.0
2013-06-14,25.75,25.75,25.64,25.21,4669331.0,21827452.0
2013-06-13,26.57,26.57,25.48,24.55,6065805.0,28274468.0
2013-06-07,27.01,27.23,26.63,26.46,5371300.0,26365518.0
2013-06-06,27.77,27.83,27.01,27.01,5480782.0,27535324.0
2013-06-05,27.44,28.15,27.83,27.39,5354821.0,27377370.0
2013-06-04,28.32,28.32,27.72,27.61,7049789.0,36050224.0
2013-06-03,28.26,28.59,28.32,28.05,7435614.0,38598964.0
2013-05-31,28.43,28.59,28.05,27.93,7401058.0,38147680.0
2013-05-30,29.08,29.19,28.37,28.15,16684062.0,87223968.0
2013-05-29,28.43,29.41,29.03,28.37,17502748.0,92917928.0
2013-05-28,28.21,28.43,28.43,27.88,7854153.0,40609056.0
2013-05-27,28.32,28.43,28.21,28.05,5959959.0,30784224.0
2013-05-24,28.05,28.37,28.26,27.99,5297006.0,27362808.0
2013-05-23,28.26,28.43,28.05,27.93,6499534.0,33545532.0
2013-05-22,28.1,28.54,28.37,27.83,7985873.0,41268028.0
2013-05-21,28.59,28.81,28.21,27.99,15516094.0,80090784.0
2013-05-20,28.26,28.59,28.54,28.15,8895422.0,46257776.0
2013-05-17,27.93,28.32,28.26,27.72,6669872.0,34359488.0
2013-05-16,27.55,28.05,27.93,27.39,4869962.0,24813140.0
2013-05-15,27.72,27.93,27.77,27.5,3544032.0,17969272.0
2013-05-14,28.1,28.26,27.83,27.39,5312754.0,27014682.0
2013-05-13,28.26,28.43,28.32,27.93,3919835.0,20260088.0
2013-05-10,27.99,28.37,28.26,27.61,5106709.0,26194158.0
2013-05-09,28.1,28.48,28.05,27.66,7417762.0,38074336.0
2013-05-08,27.66,30.01,28.59,27.5,15882946.0,84119536.0
2013-05-07,27.23,27.5,27.44,27.06,3956412.0,19819592.0
2013-05-06,26.9,27.44,27.34,26.84,3832426.0,19160742.0
2013-05-03,26.24,27.06,26.9,26.24,3198250.0,15730804.0
2013-05-02,26.08,26.35,26.3,25.64,2678356.0,12747075.0
2013-04-26,26.73,26.79,26.19,26.08,3073109.0,14864261.0
2013-04-25,26.9,27.12,26.41,26.24,4882676.0,23826158.0
2013-04-24,27.23,27.34,27.12,26.63,3815946.0,18865814.0
2013-04-23,27.77,28.1,26.84,26.73,5397982.0,26957600.0
2013-04-22,28.1,28.15,27.93,27.55,4345398.0,22154422.0
2013-04-19,27.77,28.75,28.26,27.61,5826587.0,30152660.0
2013-04-18,27.17,27.93,27.72,26.84,5793336.0,29319878.0
2013-04-17,26.79,27.23,27.12,26.79,2882298.0,14262055.0
2013-04-16,26.63,27.12,27.06,26.24,4128993.0,20205216.0
2013-04-15,27.99,27.99,27.01,26.9,4450603.0,22252832.0
2013-04-12,28.32,28.32,27.66,27.66,3599263.0,18371728.0
2013-04-11,28.59,28.81,28.1,28.05,3759605.0,19560416.0
2013-04-10,28.75,28.92,28.37,28.1,4158835.0,21599910.0
2013-04-09,28.37,29.35,28.7,28.15,6268215.0,33087452.0
2013-04-08,28.37,28.59,28.15,26.9,5569442.0,28500644.0
2013-04-03,29.68,30.17,28.75,28.7,7455419.0,39864660.0
2013-04-02,30.5,30.66,29.3,29.14,10827632.0,59019680.0
2013-04-01,30.06,30.72,30.5,30.01,6298814.0,35009560.0
2013-03-29,31.65,31.65,30.34,30.28,12480112.0,70380064.0
2013-03-28,31.75,32.9,31.65,30.55,20488452.0,120774384.0
2013-03-27,31.48,32.08,31.48,31.37,9911850.0,57673360.0
2013-03-26,30.77,31.97,31.92,29.79,11357699.0,64050512.0
2013-03-25,31.97,32.19,30.83,30.77,9401143.0,53709516.0
2013-03-22,31.75,32.25,31.75,31.32,9750733.0,56799296.0
2013-03-21,31.1,32.41,31.97,31.1,15912081.0,93081624.0
2013-03-20,30.55,31.05,30.94,30.39,10956507.0,61569568.0
2013-03-19,30.01,30.94,30.5,29.74,10888501.0,60804456.0
2013-03-18,30.01,30.39,29.68,29.63,5466374.0,29976816.0
2013-03-15,30.12,30.83,29.84,29.35,8228952.0,45395408.0
2013-03-14,29.57,30.88,30.23,29.25,10777217.0,59922956.0
2013-03-13,30.66,30.83,29.68,28.86,11787313.0,64213428.0
2013-03-12,31.86,32.52,30.66,30.01,16845816.0,95650216.0
2013-03-11,32.14,32.85,32.08,31.75,14048485.0,82794256.0
2013-03-08,33.28,33.83,32.14,31.86,33036028.0,197935056.0
2013-03-07,31.05,33.45,33.45,31.05,61897588.0,372949152.0
2013-03-06,30.61,30.94,30.39,29.84,14853192.0,82242272.0
2013-03-05,29.46,30.45,30.39,29.46,17044464.0,93812056.0
2013-03-04,28.92,30.39,29.74,28.92,17560508.0,96026160.0
2013-03-01,28.75,29.03,28.92,28.43,4915119.0,25919856.0
2013-02-28,28.15,28.86,28.75,28.15,5185772.0,27140104.0
2013-02-27,28.26,28.75,28.21,28.05,4053137.0,20997622.0
2013-02-26,28.81,28.92,28.21,28.15,6498048.0,34004156.0
2013-02-25,28.15,28.97,28.86,28.04,6455380.0,33942128.0
2013-02-22,28.32,28.54,28.21,28.1,4841151.0,25054304.0
2013-02-21,29.35,29.46,28.26,28.04,10446660.0,54445796.0
2013-02-20,29.35,29.63,29.52,29.19,4803965.0,25912710.0
2013-02-19,30.23,30.34,29.41,29.19,7583260.0,41157336.0
2013-02-18,30.55,30.72,30.01,29.9,7623125.0,42053736.0
2013-02-08,29.52,30.45,30.06,29.52,7027174.0,38878208.0
2013-02-07,29.57,29.9,29.63,29.52,4897659.0,26700320.0
2013-02-06,29.57,30.01,29.63,29.46,4417431.0,24041972.0
2013-02-05,29.25,29.74,29.57,28.81,6133307.0,33052678.0
2013-02-04,29.84,30.17,28.92,28.86,9002269.0,48296472.0
2013-02-01,29.68,30.23,29.74,29.35,7226404.0,39447528.0
2013-01-31,30.55,30.83,29.68,29.52,12720581.0,69810440.0
2013-01-30,31.21,31.32,30.83,30.61,11271487.0,63779072.0
2013-01-29,31.16,31.65,31.16,30.61,13591627.0,77432280.0
2013-01-28,30.55,31.43,31.21,30.12,18415836.0,104296872.0
2013-01-25,29.3,30.83,30.77,29.08,20703044.0,114125424.0
2013-01-24,28.97,30.5,29.46,28.75,17433236.0,94482904.0
2013-01-23,29.03,29.3,29.19,28.64,7418554.0,39282784.0
2013-01-22,29.9,30.28,29.25,28.92,11315691.0,60936220.0
2013-01-21,29.52,31.05,30.01,29.3,15406438.0,85434400.0
2013-01-18,29.41,30.12,29.68,29.08,12586768.0,68241176.0
2013-01-17,31.37,32.52,29.68,29.63,25557032.0,144008192.0
2013-01-16,28.59,31.37,31.37,28.15,29094736.0,158066928.0
2013-01-15,28.64,28.7,28.54,28.21,12363087.0,64445004.0
2013-01-14,27.61,28.64,28.59,27.44,12282243.0,63339884.0
2013-01-11,28.92,29.14,27.77,27.61,12531056.0,64960808.0
2013-01-10,28.7,28.97,28.92,28.43,12174722.0,63872604.0
2013-01-09,28.92,29.25,28.75,28.21,15118915.0,79830104.0
2013-01-08,29.14,29.3,29.03,28.59,14409860.0,76246552.0
2013-01-07,28.7,29.35,29.08,28.54,18250658.0,96771056.0
2013-01-04,29.57,30.28,28.92,28.43,29749366.0,159311952.0
2012-12-31,32.08,32.08,29.63,29.52,41051296.0,229273648.0
2012-12-27,27.44,29.74,29.74,27.17,50678072.0,267493424.0
2012-12-26,25.54,27.01,27.01,25.21,37763364.0,184977728.0
2012-12-25,23.62,24.61,24.55,23.35,10322898.0,45598916.0
2012-12-24,23.57,24.01,23.73,23.57,3438573.0,14989007.0
2012-12-21,23.9,24.23,23.79,23.62,4669405.0,20466298.0
2012-12-20,23.95,24.01,23.9,23.57,4503191.0,19615660.0
2012-12-19,23.79,24.5,23.95,23.73,7042527.0,31140632.0
2012-12-18,23.9,24.23,23.73,23.62,5834609.0,25579796.0
2012-12-17,23.79,24.28,23.9,23.73,7182571.0,31509442.0
2012-12-14,23.02,23.84,23.79,22.97,8351307.0,36085192.0
2012-12-13,23.02,23.57,23.02,22.75,5532009.0,23586040.0
2012-12-12,23.13,23.3,23.02,22.86,3297289.0,13955898.0
2012-12-11,23.13,23.35,23.13,22.86,4682256.0,19884268.0
2012-12-10,23.35,23.41,23.24,22.97,5817358.0,24769708.0
2012-12-07,22.59,23.24,23.08,22.43,5734398.0,24029864.0
2012-12-06,22.59,22.97,22.53,22.37,3178159.0,13148989.0
2012-12-05,22.26,22.92,22.81,21.88,4927871.0,20396092.0
2012-12-04,21.77,22.15,22.1,21.44,2718809.0,10861929.0
2012-12-03,22.21,22.37,21.66,21.39,2295700.0,9273355.0
2012-11-30,21.99,22.32,22.21,21.93,2130681.0,8660991.0
2012-11-29,22.15,22.37,22.04,21.99,1873767.0,7626804.0
2012-11-28,22.15,22.37,22.04,21.93,2663897.0,10817363.0
2012-11-27,23.24,23.24,22.15,21.99,4265723.0,17713248.0
2012-11-26,24.01,24.01,23.3,23.19,3664002.0,15735398.0
2012-11-23,24.33,24.55,24.06,23.84,6323854.0,27889688.0
2012-11-22,23.62,25.86,24.55,23.52,7987518.0,36237276.0
2012-11-21,23.62,23.84,23.79,23.19,2290186.0,9902212.0
2012-11-20,23.57,23.9,23.41,23.41,1832109.0,7932411.0
2012-11-19,23.24,23.52,23.46,23.02,1864119.0,7948123.0
2012-11-16,24.01,24.06,23.3,23.08,3532765.0,15188213.0
2012-11-15,24.39,24.66,23.84,23.57,4816475.0,21123472.0
2012-11-14,24.5,24.55,24.5,23.95,3822838.0,16949918.0
2012-11-13,24.99,24.99,24.28,24.17,3624612.0,16207406.0
2012-11-12,24.5,24.93,24.88,24.5,1688867.0,7659420.0
2012-11-09,25.43,25.43,24.72,24.44,3882014.0,17563404.0
2012-11-08,25.62,26.0,25.2,25.09,3927897.0,18634478.0
2012-11-07,26.05,26.21,25.89,25.62,2723566.0,13185112.0
2012-11-06,26.53,26.64,25.94,25.62,3484444.0,16992174.0
2012-11-05,26.21,26.64,26.32,26.05,2322869.0,11488752.0
2012-11-02,26.05,26.32,26.21,25.78,2110498.0,10307634.0
2012-11-01,25.57,26.16,26.05,25.41,2526677.0,12238044.0
2012-10-31,25.57,25.73,25.52,25.09,1577851.0,7535243.0
2012-10-30,25.52,25.89,25.57,25.3,1739338.0,8337603.0
2012-10-29,25.73,25.89,25.52,25.2,2621962.0,12492825.0
2012-10-26,27.07,27.23,25.68,25.62,3636031.0,17824366.0
2012-10-25,27.6,27.6,27.01,27.01,2595983.0,13260151.0
2012-10-24,27.12,27.65,27.55,27.01,4158318.0,21362316.0
2012-10-23,27.17,27.49,27.17,26.96,2437528.0,12429727.0
2012-10-22,26.91,27.33,27.12,26.75,1850575.0,9372990.0
2012-10-19,27.33,27.49,27.07,26.96,2188062.0,11142323.0
2012-10-18,26.91,27.6,27.33,26.59,5171564.0,26347838.0
2012-10-17,26.59,27.39,27.01,26.32,3637049.0,18420778.0
2012-10-16,26.64,26.8,26.43,26.32,1604822.0,7987780.0
2012-10-15,26.96,27.07,26.59,26.48,1573127.0,7843370.0
2012-10-12,27.17,27.39,26.75,26.59,2671086.0,13459678.0
2012-10-11,27.17,27.6,27.01,26.91,4170635.0,21241812.0
2012-10-10,26.8,27.92,27.49,26.75,6278364.0,32459434.0
2012-10-09,26.43,27.07,26.91,26.16,3192979.0,16065109.0
2012-10-08,26.69,27.07,26.16,25.94,2807666.0,13894713.0
2012-09-28,25.89,26.43,26.37,25.89,3456756.0,16954616.0
2012-09-27,25.09,26.8,26.26,24.93,5045416.0,24644096.0
2012-09-26,25.46,25.57,24.93,24.88,2201918.0,10383421.0
2012-09-25,25.52,25.78,25.46,25.41,2187875.0,10468940.0
2012-09-24,25.84,25.94,25.78,24.66,4433106.0,20989736.0
2012-09-21,26.37,26.64,26.05,26.0,2541820.0,12541209.0
2012-09-20,27.76,27.76,26.43,26.26,4658676.0,23556796.0
2012-09-19,27.76,27.97,27.81,27.6,2361356.0,12280549.0
2012-09-18,28.03,28.08,27.65,27.6,2393527.0,12481428.0
2012-09-17,28.83,28.83,27.97,27.97,2884324.0,15329007.0
2012-09-14,29.36,29.41,28.88,28.56,3938503.0,21316704.0
2012-09-13,29.41,29.57,28.99,28.99,2841660.0,15603410.0
2012-09-12,29.57,29.73,29.41,29.15,2616319.0,14446224.0
2012-09-11,29.52,29.52,29.25,28.88,2019021.0,11008549.0
2012-09-10,29.25,29.68,29.52,29.25,3228879.0,17842004.0
2012-09-07,28.4,29.73,29.25,28.19,5754320.0,31372340.0
2012-09-06,27.92,28.35,28.13,27.87,1771680.0,9326533.0
2012-09-05,28.24,28.24,27.97,27.65,1733161.0,9084880.0
2012-09-04,28.24,28.61,28.19,28.08,2399243.0,12736410.0
2012-09-03,28.03,28.51,28.4,28.03,2432752.0,12893039.0
2012-08-31,27.92,28.35,28.19,27.92,1530836.0,8059445.0
2012-08-30,29.31,29.31,28.19,27.92,2804473.0,14964850.0
2012-08-29,29.63,29.89,29.15,28.88,1958650.0,10795077.0
2012-08-28,29.73,29.95,29.89,29.52,1974751.0,11014902.0
2012-08-27,30.64,30.64,29.73,29.63,3069006.0,17174008.0
2012-08-24,31.07,31.07,30.7,30.54,3236936.0,18663832.0
2012-08-23,31.39,31.44,31.23,30.91,3213758.0,18753204.0
2012-08-22,31.6,31.6,31.23,31.12,2903328.0,17019334.0
2012-08-21,31.02,31.71,31.6,31.02,3333514.0,19675594.0
2012-08-20,32.4,32.4,31.55,31.23,5112073.0,30300086.0
2012-08-17,31.71,31.71,31.39,31.07,3045120.0,17893436.0
2012-08-16,31.82,32.19,31.55,31.39,3589110.0,21321640.0
2012-08-15,32.24,32.51,32.08,31.82,3468828.0,20944496.0
2012-08-14,32.35,32.35,32.24,31.66,3309475.0,19804952.0
2012-08-13,32.51,32.51,31.87,31.6,4078230.0,24564364.0
2012-08-10,32.72,32.83,32.4,32.35,4837016.0,29510308.0
2012-08-09,32.88,33.36,32.88,31.66,11774809.0,71744912.0
2012-08-08,34.97,35.39,33.15,33.04,22971832.0,147187184.0
2012-08-07,31.87,32.19,32.19,31.71,2218379.0,13306172.0
2012-08-06,31.39,32.14,31.87,31.23,2003198.0,11874123.0
2012-08-03,30.86,31.44,31.39,30.86,1753141.0,10237121.0
2012-08-02,31.5,31.71,31.18,31.07,1327771.0,7792411.0
2012-08-01,31.28,31.98,31.39,31.18,1913915.0,11337273.0
2012-07-31,33.2,33.74,31.18,31.02,3370370.0,20285680.0
2012-07-30,33.63,34.06,33.47,33.2,1822757.0,11481579.0
2012-07-27,33.84,34.06,33.84,33.79,1381645.0,8778818.0
2012-07-26,33.9,34.22,33.84,33.74,1355167.0,8611033.0
2012-07-25,33.9,34.11,33.9,33.79,1101945.0,7002764.0
2012-07-24,33.84,34.33,34.01,33.69,1308618.0,8333472.0
2012-07-23,33.95,34.11,33.84,33.63,1625509.0,10311330.0
2012-07-20,34.59,34.91,34.22,34.06,2580197.0,16599660.0
2012-07-19,34.06,35.29,34.75,33.79,3538095.0,23055184.0
2012-07-18,33.95,34.16,34.06,33.69,1487436.0,9451635.0
2012-07-17,33.58,34.16,33.95,33.58,1374782.0,8742885.0
2012-07-16,34.43,34.65,33.58,33.52,2848518.0,18138240.0
2012-07-13,34.97,34.97,34.33,34.33,1877685.0,12150146.0
2012-07-12,34.27,34.86,34.59,34.16,2732519.0,17651348.0
2012-07-11,34.7,35.02,34.59,34.06,2935583.0,18933880.0
2012-07-10,34.65,35.45,34.7,34.54,1907833.0,12512020.0
2012-07-09,35.66,35.66,34.86,34.81,3059652.0,20178924.0
2012-07-06,34.81,35.77,35.71,34.81,3005051.0,19933984.0
2012-07-05,35.45,35.77,34.97,34.86,3098842.0,20417022.0
2012-07-04,35.77,36.14,35.77,35.5,3151014.0,21137986.0
2012-07-03,36.14,36.51,35.87,35.77,3180126.0,21555944.0
2012-07-02,36.25,36.51,36.19,35.82,4422498.0,29904998.0
2012-06-29,34.7,36.14,36.03,34.59,5762207.0,38222388.0
2012-06-28,35.29,35.55,35.02,34.97,3862114.0,25532844.0
2012-06-27,34.48,35.45,35.07,34.43,3482850.0,22858092.0
2012-06-26,34.22,34.59,34.43,33.79,1681723.0,10781569.0
2012-06-25,34.59,34.75,34.22,34.11,2360084.0,15251681.0
2012-06-21,35.02,35.23,34.7,34.59,3103037.0,20236824.0
2012-06-20,35.5,35.55,35.02,34.86,2374219.0,15641344.0
2012-06-19,35.61,35.82,35.29,35.02,2437259.0,16162223.0
2012-06-18,35.23,35.71,35.66,35.23,3229017.0,21471462.0
2012-06-15,35.02,35.55,35.29,34.86,4249232.0,28056124.0
2012-06-14,34.86,35.13,34.91,34.7,3826659.0,25033872.0
2012-06-13,34.16,34.97,34.86,34.11,4311807.0,27976212.0
2012-06-12,34.16,34.33,34.06,33.79,2032914.0,12948794.0
2012-06-11,34.01,34.43,34.33,33.9,2199507.0,14080229.0
2012-06-08,34.27,34.27,33.9,33.84,2958282.0,18842318.0
2012-06-07,34.48,34.7,33.84,33.74,4803447.0,30685998.0
2012-06-06,34.33,34.75,34.33,33.95,2522654.0,16194154.0
2012-06-05,34.54,34.91,34.38,34.33,2793409.0,18061320.0
2012-06-04,34.97,35.45,34.48,34.48,5877083.0,38493080.0
2012-06-01,35.71,36.03,35.61,35.45,4118190.0,27534678.0
2012-05-31,35.77,36.41,35.71,35.5,4770788.0,32150496.0
2012-05-30,36.46,36.51,35.98,35.93,4774273.0,32355758.0
2012-05-29,36.09,36.57,36.51,35.71,5939073.0,40309312.0
2012-05-28,35.61,36.14,36.09,35.29,4423591.0,29577742.0
2012-05-25,35.77,35.87,35.66,34.81,5380815.0,35528456.0
2012-05-24,35.93,36.19,35.71,35.66,4811367.0,32352760.0
2012-05-23,36.25,36.46,35.98,35.5,4142203.0,27858096.0
2012-05-22,35.5,36.3,36.25,35.5,4392975.0,29634168.0
2012-05-21,36.19,36.57,35.55,35.34,4881525.0,32691094.0
2012-05-18,37.1,37.1,36.19,35.98,5467643.0,37307192.0
2012-05-17,36.41,37.58,37.16,36.41,6694183.0,46368792.0
2012-05-16,37.48,37.9,36.62,36.62,6909815.0,48271768.0
2012-05-15,36.99,38.12,37.69,36.46,10826034.0,76214400.0
2012-05-14,38.6,38.81,37.1,36.83,11038247.0,78058440.0
2012-05-11,39.45,39.45,38.44,38.17,25287682.0,182604240.0
2012-05-10,37.9,39.98,39.5,37.74,21522488.0,157880736.0
2012-05-09,38.06,38.81,38.12,37.74,13252860.0,95191424.0
2012-05-08,37.58,38.44,38.22,37.16,10663762.0,75766304.0
2012-05-07,37.16,37.8,37.63,36.94,8170883.0,57378944.0
2012-05-04,37.58,37.69,37.26,36.94,10523760.0,73498184.0
2012-05-03,35.77,38.97,37.9,35.61,17547714.0,123354064.0
2012-05-02,36.03,36.14,35.82,35.55,5638846.0,37791056.0
2012-04-27,35.71,35.71,35.45,35.18,4575472.0,30336404.0
2012-04-26,36.19,36.19,35.71,35.39,6704315.0,44894624.0
2012-04-25,34.54,35.71,35.66,33.95,8741965.0,57053012.0
2012-04-24,35.13,35.39,34.43,33.9,6969904.0,45001368.0
2012-04-23,36.14,36.35,35.02,34.81,7047150.0,46901176.0
2012-04-20,35.87,36.41,36.14,35.66,5323457.0,35960000.0
2012-04-19,36.14,36.46,35.87,35.66,5944442.0,40032428.0
2012-04-18,35.82,36.41,36.3,35.45,6226297.0,42002280.0
2012-04-17,36.3,36.51,35.61,35.61,6320440.0,42547740.0
2012-04-16,35.61,36.89,36.46,35.34,9221893.0,62736912.0
2012-04-13,35.71,36.25,35.87,35.29,8474846.0,56651044.0
2012-04-12,35.23,35.61,35.55,34.97,7279399.0,48188724.0
2012-04-11,35.13,35.29,35.02,34.48,5666238.0,37042904.0
2012-04-10,34.43,35.34,35.18,33.74,5492958.0,35650568.0
2012-04-09,35.23,35.39,34.65,34.54,5649879.0,36847336.0
2012-04-06,34.7,35.87,35.34,34.43,8806695.0,58051600.0
2012-04-05,33.74,34.65,34.54,33.74,6410409.0,41079588.0
2012-03-30,34.16,34.48,33.74,33.47,6188555.0,39314560.0
2012-03-29,35.13,35.34,34.06,33.9,7734115.0,50068728.0
2012-03-28,36.35,36.46,35.07,34.97,9946249.0,65991404.0
2012-03-27,37.9,37.9,36.62,36.41,11494144.0,79585136.0
2012-03-26,38.33,38.33,37.58,36.83,9178578.0,64437940.0
2012-03-23,38.7,39.18,38.38,37.8,8198912.0,59086192.0
2012-03-21,38.49,39.18,38.97,38.01,9666961.0,69996856.0
2012-03-20,39.5,39.5,38.33,38.22,10493932.0,76240520.0
2012-03-19,39.13,39.82,39.61,38.49,11188081.0,82050912.0
2012-03-16,37.9,39.77,39.29,37.85,14680180.0,106830808.0
2012-03-15,38.7,39.13,37.95,37.42,16402657.0,117632464.0
2012-03-14,42.07,42.49,38.86,38.33,27793140.0,212543600.0
2012-03-13,41.53,41.96,41.85,41.21,12437563.0,96928640.0
2012-03-12,41.1,41.64,41.59,40.89,13648305.0,105544944.0
2012-03-09,41.05,41.27,41.16,40.52,16891620.0,129328648.0
2012-03-08,40.46,41.32,41.0,40.41,11131307.0,85299568.0
2012-03-07,40.2,41.21,40.46,40.04,12281576.0,93609104.0
2012-03-06,41.16,41.48,40.68,40.2,11484356.0,87508904.0
2012-03-05,42.44,42.44,41.37,41.16,16155404.0,126311192.0
2012-03-02,41.8,42.07,42.01,41.16,18141738.0,141554192.0
2012-03-01,40.62,42.65,41.75,40.46,20598222.0,161650640.0
2012-02-29,40.57,41.64,40.78,40.09,16605317.0,127469632.0
2012-02-28,40.95,41.1,40.57,40.14,15410655.0,117312056.0
2012-02-27,41.16,42.17,41.05,40.73,24244354.0,188091552.0
2012-02-24,40.57,41.53,41.1,40.2,24776464.0,189706048.0
2012-02-23,40.2,41.64,41.0,39.45,32797948.0,248210768.0
2012-02-22,39.08,40.25,39.93,38.7,22855212.0,169392976.0
2012-02-21,37.95,39.02,38.97,37.95,13844377.0,99923712.0
2012-02-20,38.92,39.24,38.33,38.22,16129691.0,116809616.0
2012-02-17,39.18,39.56,38.38,38.22,17808684.0,128833008.0
2012-02-16,39.29,39.77,39.18,38.7,11959924.0,87761576.0
2012-02-15,38.49,39.77,39.29,38.22,13508646.0,98636896.0
2012-02-14,38.97,38.97,38.49,38.22,8132566.0,58639796.0
2012-02-13,38.54,39.29,38.86,38.17,10548153.0,76677152.0
2012-02-10,38.6,38.92,38.44,38.22,11518027.0,83142296.0
2012-02-09,37.95,39.88,38.92,37.69,18105180.0,130813152.0
2012-02-08,37.16,37.95,37.85,36.89,9682017.0,67988752.0
2012-02-07,38.12,38.12,37.1,36.83,9094340.0,63566304.0
2012-02-06,37.16,38.54,38.12,37.16,15786886.0,112197160.0
2012-02-03,35.77,37.21,36.89,35.45,15039665.0,103740728.0
2012-02-02,35.77,35.77,35.77,35.23,6698948.0,44636524.0
2012-02-01,35.5,35.82,35.34,35.13,5551681.0,36900800.0
2012-01-31,35.77,35.93,35.55,35.13,6143827.0,40745000.0
2012-01-30,35.82,36.35,35.82,35.5,8359939.0,56303624.0
2012-01-20,35.29,36.14,35.61,35.23,10359331.0,69285520.0
2012-01-19,36.57,37.21,35.5,34.86,24490496.0,163612384.0
2012-01-18,43.45,43.51,38.7,38.7,37048024.0,277321760.0
2012-01-11,44.09,44.84,43.03,42.87,37381516.0,304906624.0
2012-01-10,43.19,47.4,46.18,40.84,35241340.0,286511776.0
2012-01-09,40.84,44.2,44.09,40.2,2917975.0,22909918.0
2012-01-06,39.34,41.05,40.73,39.29,2078353.0,15710653.0
2012-01-05,42.17,42.28,40.3,40.04,3390630.0,26159480.0
2012-01-04,44.26,44.79,42.55,42.49,2484112.0,20315552.0
