date,open,high,close,low,volume,amount
2015-07-03,377.31,405.58,372.88,342.02,39351168.0,795713408.0
2015-07-02,406.51,407.06,369.74,366.78,30489226.0,638120704.0
2015-07-01,406.51,430.53,398.75,388.58,32306598.0,728367680.0
2015-06-30,369.55,405.21,405.21,347.56,38635180.0,796573952.0
2015-06-29,389.88,392.1,368.44,339.06,44233264.0,885235840.0
2015-06-26,406.51,410.02,376.39,376.39,36063472.0,750960768.0
2015-06-25,458.06,458.06,418.15,417.41,19046360.0,456020864.0
2015-06-24,447.16,458.06,452.7,437.36,28971316.0,706063104.0
2015-06-23,442.17,450.48,447.53,402.07,39786136.0,935495232.0
2015-06-19,476.91,487.07,440.32,434.22,23755592.0,595230592.0
2015-06-18,522.36,522.36,480.05,478.57,29086592.0,787479488.0
2015-06-17,515.15,526.06,523.1,503.7,18492120.0,516277952.0
2015-06-16,513.86,531.05,517.93,508.13,24631884.0,695258240.0
2015-06-15,537.51,539.54,514.97,512.01,26402712.0,745524608.0
2015-06-12,546.75,548.41,536.77,534.19,27152050.0,791080320.0
2015-06-11,542.69,552.85,543.61,536.03,25609240.0,751435712.0
2015-06-10,521.07,552.11,541.39,509.61,35814840.0,1030494528.0
2015-06-09,539.17,539.17,518.48,509.98,37792344.0,1067224704.0
2015-06-08,551.55,562.64,539.54,535.66,36606576.0,1087342208.0
2015-06-05,534.0,566.89,551.37,526.98,40618160.0,1200154112.0
2015-06-04,540.47,540.47,525.87,488.73,41537160.0,1160779008.0
2015-06-03,574.47,582.78,542.87,526.61,35428952.0,1051204288.0
2015-06-02,570.77,578.9,568.74,554.88,27074076.0,828882752.0
2015-06-01,559.69,583.52,568.92,554.33,21902492.0,676602816.0
2015-05-29,545.09,563.38,551.37,517.93,24506960.0,725000384.0
2015-05-28,601.45,601.45,548.23,546.57,33090798.0,1033153856.0
2015-05-27,626.02,627.87,604.03,594.98,33955000.0,1112596864.0
2015-05-26,588.51,631.38,628.61,585.74,27644478.0,920676480.0
2015-05-25,602.37,602.92,589.62,583.71,38548012.0,1230880128.0
2015-05-22,615.67,618.08,602.74,600.52,19042152.0,625413120.0
2015-05-21,609.76,616.41,602.55,596.46,15953014.0,522519904.0
2015-05-20,589.07,630.64,602.37,589.07,22903098.0,762000064.0
2015-05-19,571.14,612.53,597.93,563.38,23918008.0,760717824.0
2015-05-18,528.27,574.28,574.28,517.37,20561236.0,619547840.0
2015-05-15,536.07,542.92,522.38,506.01,19716180.0,619350912.0
2015-05-14,530.23,541.58,530.06,526.72,16890366.0,540312320.0
2015-05-13,532.07,541.08,533.07,520.04,15211315.0,487232480.0
2015-05-12,505.68,536.57,532.4,502.0,19912380.0,615651648.0
2015-05-11,500.84,511.02,503.17,497.0,20260422.0,609628032.0
2015-05-08,472.61,495.16,494.32,470.94,18522408.0,538326848.0
2015-05-07,466.1,475.95,467.6,455.08,12815064.0,358967168.0
2015-05-06,473.45,482.3,466.94,464.43,16448572.0,466871616.0
2015-05-05,489.48,494.32,466.1,462.59,21533346.0,614021120.0
2015-05-04,488.98,513.19,495.49,487.48,22462984.0,668009280.0
2015-04-30,478.96,504.34,493.49,475.95,32979516.0,979632704.0
2015-04-29,445.56,482.63,475.79,442.89,31776650.0,887533568.0
2015-04-28,439.21,450.9,445.56,433.7,23248028.0,614509376.0
2015-04-27,444.22,465.6,444.72,434.7,25525472.0,688217536.0
2015-04-24,426.19,445.22,438.38,422.51,23576958.0,616645312.0
2015-04-23,440.88,443.39,432.2,430.53,28030236.0,731049792.0
2015-04-22,413.33,445.06,439.71,413.33,35529520.0,924858304.0
2015-04-21,387.27,409.65,407.82,387.27,21407916.0,512781152.0
2015-04-20,387.44,394.46,385.77,384.94,28540468.0,663012864.0
2015-04-17,394.96,398.8,394.12,384.27,27061436.0,636822912.0
2015-04-16,389.61,399.13,394.46,381.6,16118153.0,379812640.0
2015-04-15,405.81,406.65,389.78,381.1,25571020.0,599839232.0
2015-04-14,414.83,423.35,405.81,402.47,27913726.0,686975232.0
2015-04-13,417.67,427.69,414.5,410.65,34662268.0,867444800.0
2015-04-10,402.47,417.5,415.33,397.13,32165682.0,784969856.0
2015-04-09,394.79,405.31,400.8,360.39,42397436.0,980071168.0
2015-04-08,410.65,414.16,394.62,385.77,36975272.0,878670144.0
2015-04-07,377.42,410.49,409.65,377.09,50561456.0,1204090496.0
2015-04-03,345.36,379.59,375.58,342.69,41546400.0,902983616.0
2015-04-02,345.69,349.53,345.86,340.85,19979296.0,412786144.0
2015-04-01,337.01,345.36,342.85,337.01,24022184.0,493150912.0
2015-03-31,344.52,349.53,336.17,335.0,24446612.0,498355104.0
2015-03-30,323.98,349.87,342.02,323.98,37456488.0,761942336.0
2015-03-27,315.13,325.48,323.98,314.96,19331930.0,373518656.0
2015-03-26,317.3,318.64,315.8,313.63,14403159.0,272261632.0
2015-03-25,313.13,321.31,316.97,313.13,19866190.0,377239552.0
2015-03-24,325.65,326.15,318.14,312.12,31031554.0,590733184.0
2015-03-23,325.65,328.32,325.49,322.31,21905852.0,426181216.0
2015-03-20,328.49,334.0,324.98,320.64,25174284.0,491700448.0
2015-03-19,321.31,330.66,328.66,320.14,28944834.0,562794496.0
2015-03-18,320.81,322.14,321.31,315.63,21294668.0,406669472.0
2015-03-17,317.63,321.14,317.63,314.96,21167816.0,402216960.0
2015-03-16,314.63,319.14,317.3,312.46,19265966.0,365255776.0
2015-03-13,311.46,316.47,314.3,311.46,12418700.0,233165424.0
2015-03-12,323.65,326.99,310.62,308.95,19463344.0,367835168.0
2015-03-11,320.81,323.31,321.48,317.8,12626383.0,242900976.0
2015-03-10,320.98,323.98,320.81,316.8,18062496.0,346399232.0
2015-03-09,313.96,326.99,322.48,309.29,38289360.0,735194816.0
2015-03-06,304.78,308.12,307.95,299.26,23846808.0,434119072.0
2015-03-05,302.77,306.45,303.94,298.76,19773798.0,358219616.0
2015-03-04,296.76,303.77,302.44,292.25,23380040.0,418627136.0
2015-03-03,296.59,304.61,296.09,294.92,28653390.0,516209216.0
2015-03-02,287.57,298.76,296.93,284.4,27909484.0,487385440.0
2015-02-27,288.58,289.41,286.91,285.9,9209414.0,158546384.0
2015-02-26,285.07,288.08,288.08,285.07,8745523.0,150366064.0
2015-02-25,287.07,288.58,285.07,283.4,10248225.0,175320592.0
2015-02-17,289.75,289.75,287.24,284.74,11182885.0,192239312.0
2015-02-16,280.89,289.41,288.58,280.89,13627677.0,234182992.0
2015-02-13,278.89,283.9,280.89,277.89,14699790.0,247865408.0
2015-02-12,276.05,278.06,277.56,275.55,7165884.0,118956800.0
2015-02-11,273.71,276.72,275.88,272.04,9477621.0,156078880.0
2015-02-10,269.71,273.21,272.04,268.37,7363940.0,119605680.0
2015-02-09,272.21,273.55,269.54,268.87,6236722.0,101323608.0
2015-02-06,271.21,272.55,272.21,267.2,12461413.0,201583344.0
2015-02-05,277.39,278.39,270.37,270.21,14821416.0,243733008.0
2015-02-04,283.9,284.57,275.38,274.88,16770073.0,280126784.0
2015-02-03,285.4,285.9,283.07,280.89,7379158.0,124958632.0
2015-02-02,277.22,284.74,283.07,277.22,8831341.0,148951152.0
2015-01-30,280.73,286.07,281.06,279.56,9998457.0,168961536.0
2015-01-29,287.41,288.08,280.89,280.23,16101428.0,272992352.0
2015-01-28,294.92,296.93,289.58,289.08,16143816.0,283669792.0
2015-01-27,295.42,298.93,295.26,290.75,18666090.0,329183424.0
2015-01-26,288.91,296.93,294.76,288.91,20504396.0,361355584.0
2015-01-23,290.75,292.75,288.74,286.24,19812188.0,342292480.0
2015-01-22,285.74,298.26,289.41,285.74,45035600.0,785866240.0
2015-01-21,274.38,279.73,278.72,272.71,29073766.0,482916960.0
2015-01-20,265.36,274.38,273.71,263.86,22972896.0,372886112.0
2015-01-19,263.53,274.05,264.03,260.52,19075000.0,305820096.0
2015-01-16,271.38,272.55,270.71,268.2,12968722.0,210032480.0
2015-01-15,269.71,271.54,270.71,267.7,12105302.0,195728112.0
2015-01-14,263.86,271.71,270.37,262.52,19569762.0,314145504.0
2015-01-13,263.86,266.2,263.69,262.36,11488647.0,181883920.0
2015-01-12,260.86,261.52,260.02,256.51,13253693.0,205106032.0
2015-01-09,267.03,269.2,261.52,261.36,15605864.0,247720128.0
2015-01-08,268.2,272.38,267.03,266.37,12993651.0,209372832.0
2015-01-07,273.55,273.55,269.54,268.54,14582155.0,235594528.0
2015-01-06,263.86,276.89,273.55,262.36,28165908.0,457207168.0
2015-01-05,260.52,266.53,264.86,257.01,17649680.0,276838560.0
2014-12-31,263.36,263.36,260.52,255.84,15037708.0,233404672.0
2014-12-30,262.86,269.37,263.53,262.36,11774553.0,187070192.0
2014-12-29,270.88,272.38,265.7,263.53,22859328.0,366234656.0
2014-12-26,263.69,274.38,270.88,260.86,41379024.0,666865664.0
2014-12-25,257.68,258.68,256.85,254.18,13450547.0,205856784.0
2014-12-24,252.17,257.18,256.85,250.84,16474291.0,250751616.0
2014-12-23,250.84,256.68,249.83,249.0,14583229.0,220559488.0
2014-12-22,260.52,260.52,250.17,248.16,23676728.0,358000608.0
2014-12-19,257.35,264.03,262.19,250.67,31431680.0,481067872.0
2014-12-18,273.05,273.05,259.69,255.68,52061472.0,814948032.0
2014-12-17,284.57,285.24,273.05,271.38,33313432.0,552990592.0
2014-12-16,287.91,288.58,284.4,283.07,24193212.0,412623104.0
2014-12-15,280.56,289.08,288.08,279.89,33797360.0,575134400.0
2014-12-12,282.06,283.9,280.56,277.56,23775348.0,398502624.0
2014-12-11,282.73,284.9,282.06,279.06,28689860.0,484598784.0
2014-12-10,271.88,282.9,282.73,271.38,27136220.0,453334688.0
2014-12-09,280.56,286.57,273.38,271.88,45471704.0,763645952.0
2014-12-08,279.73,287.41,282.73,273.88,44718772.0,756157952.0
2014-12-05,292.75,294.92,283.07,277.06,90914920.0,1547885568.0
2014-12-04,292.25,307.28,301.77,285.74,86869736.0,1552980224.0
2014-12-03,351.54,359.22,316.13,316.13,36579504.0,721585664.0
2014-12-02,348.36,353.37,351.2,344.02,16609600.0,347375072.0
2014-12-01,345.69,353.21,348.87,339.01,25104976.0,521360512.0
2014-11-28,336.84,349.87,341.52,334.34,26589492.0,547693184.0
2014-11-27,329.99,339.18,336.51,323.65,25956204.0,513854656.0
2014-11-26,341.52,344.02,329.83,328.82,27793104.0,557225792.0
2014-11-25,320.31,341.52,339.01,317.3,25356420.0,505637728.0
2014-11-24,322.14,322.98,317.64,313.63,16144018.0,306622176.0
2014-11-21,320.31,323.81,319.47,316.13,12323834.0,236244720.0
2014-11-20,320.48,322.31,319.47,313.13,13067981.0,248559360.0
2014-11-19,316.13,321.31,320.48,310.62,13885225.0,262456496.0
2014-11-18,312.96,320.31,311.62,306.45,13561734.0,253407120.0
2014-11-17,307.95,326.32,314.13,307.95,20059028.0,381917920.0
2014-11-14,306.95,309.12,307.28,303.61,13208588.0,242298144.0
2014-11-13,302.27,311.96,307.12,301.44,17697802.0,325701056.0
2014-11-12,285.24,306.45,304.61,283.23,22340794.0,399827904.0
2014-11-11,292.75,295.93,284.4,280.56,19728508.0,340798304.0
2014-11-10,283.07,293.59,292.92,282.4,12915093.0,223774688.0
2014-11-07,285.57,289.91,283.9,282.23,12008676.0,205938960.0
2014-11-06,285.57,292.75,286.41,284.9,11759493.0,203713376.0
2014-11-05,288.08,288.91,284.74,281.56,14404886.0,245010864.0
2014-11-04,275.72,289.75,288.74,273.21,22752640.0,386214528.0
2014-11-03,275.22,277.56,277.05,270.04,15994174.0,261393584.0
2014-10-31,277.22,283.07,276.05,271.71,16444479.0,274048064.0
2014-10-30,277.22,282.73,275.55,271.71,18607808.0,306751872.0
2014-10-29,276.55,278.89,277.89,272.38,22022990.0,364592288.0
2014-10-28,267.87,277.72,276.39,265.36,30698712.0,501569728.0
2014-10-27,257.13,275.08,270.05,257.13,40292552.0,642525888.0
2014-10-24,251.76,257.46,255.79,249.75,15276977.0,231437440.0
2014-10-23,251.59,256.12,251.93,248.24,20216984.0,303993408.0
2014-10-22,248.24,258.14,255.28,247.07,24334324.0,367086208.0
2014-10-21,241.36,252.77,249.08,238.68,19890956.0,292452800.0
2014-10-20,241.87,244.89,241.87,241.03,6770943.0,97970128.0
2014-10-17,247.4,249.41,241.87,238.01,12274919.0,176937088.0
2014-10-16,248.91,255.62,247.4,247.07,12585836.0,188819760.0
2014-10-15,245.05,250.76,249.92,244.05,11173642.0,165218784.0
2014-10-14,249.75,251.43,245.39,243.54,12536576.0,184721920.0
2014-10-13,251.93,254.28,249.75,245.05,10813077.0,160683616.0
2014-10-10,248.91,253.27,250.25,247.57,13548098.0,202014032.0
2014-10-09,247.4,254.61,252.43,245.05,23577120.0,350676288.0
2014-10-08,233.98,247.74,247.4,233.31,26261132.0,379430976.0
2014-09-30,231.47,236.16,234.32,230.29,11001042.0,153632912.0
2014-09-29,232.81,233.98,231.13,229.79,9814465.0,135343120.0
2014-09-26,231.97,235.16,232.47,230.63,8283699.0,115153064.0
2014-09-25,231.47,237.0,232.81,230.63,15768605.0,219508048.0
2014-09-24,228.11,232.47,231.13,227.27,12196433.0,167444000.0
2014-09-23,229.79,231.3,229.62,225.76,11499535.0,156335120.0
2014-09-22,231.3,234.99,229.62,227.44,16202902.0,223554224.0
2014-09-19,230.63,232.64,230.96,228.11,18100814.0,248757296.0
2014-09-18,223.58,231.47,230.46,221.91,45192296.0,615588416.0
2014-09-17,215.53,222.07,221.07,213.86,16213579.0,210842240.0
2014-09-16,218.38,222.24,214.86,214.69,18649956.0,243427296.0
2014-09-15,218.89,218.89,217.38,216.71,13150802.0,170272096.0
2014-09-12,216.71,218.89,218.89,216.71,7891444.0,102460448.0
2014-09-11,220.23,220.9,217.88,217.04,12443740.0,162629872.0
2014-09-10,221.74,221.91,219.73,218.55,10005664.0,131004976.0
2014-09-09,223.75,224.93,222.07,221.4,9060179.0,120229584.0
2014-09-05,221.91,223.92,223.42,221.07,10166789.0,134981904.0
2014-09-04,222.58,222.58,221.57,219.39,9023071.0,118700216.0
2014-09-03,221.4,222.75,221.4,219.73,9022929.0,118868000.0
2014-09-02,217.55,219.89,219.73,216.88,9908155.0,128847264.0
2014-09-01,216.37,219.06,216.88,215.7,9038275.0,116801640.0
2014-08-29,214.86,217.21,216.37,214.02,4152210.0,53371856.0
2014-08-28,219.73,219.73,214.19,213.02,7039484.0,90394648.0
2014-08-27,218.05,220.06,219.22,217.21,3890308.0,50694668.0
2014-08-26,220.23,222.58,219.06,217.21,6994460.0,91778928.0
2014-08-25,221.57,222.58,219.73,219.39,4806950.0,63263832.0
2014-08-22,221.74,222.41,222.07,219.06,5347167.0,70391408.0
2014-08-21,222.24,224.09,220.9,218.38,6580800.0,86338576.0
2014-08-20,224.76,224.76,222.07,220.56,7484075.0,99338288.0
2014-08-19,227.27,227.94,224.93,223.42,7118944.0,95606208.0
2014-08-18,224.76,228.28,227.27,224.76,10439758.0,141468848.0
2014-08-15,223.08,226.1,224.76,221.24,7399919.0,99198728.0
2014-08-14,223.92,227.44,222.24,220.4,8620310.0,115059288.0
2014-08-13,226.94,228.62,225.6,222.91,8508145.0,114014496.0
2014-08-12,219.22,228.95,226.44,218.55,19336314.0,259284848.0
2014-08-11,216.37,219.89,219.73,215.03,11345475.0,147363376.0
2014-08-08,217.54,217.54,215.7,214.36,6218032.0,79978928.0
2014-08-07,215.03,218.89,216.04,213.69,11738209.0,151614048.0
2014-08-06,213.02,215.2,214.53,211.34,5266218.0,66983776.0
2014-08-05,215.53,215.7,213.35,212.35,6656346.0,84654408.0
2014-08-04,214.02,217.21,215.37,213.85,5552864.0,71314000.0
2014-08-01,214.36,217.88,214.19,213.35,10326813.0,132773752.0
2014-07-31,214.69,215.7,214.86,212.68,5793344.0,73820048.0
2014-07-30,217.21,217.38,215.03,213.02,7061751.0,90390496.0
2014-07-29,216.04,217.71,217.21,214.69,7256613.0,93600256.0
2014-07-28,216.87,218.89,216.37,213.69,15639557.0,201135680.0
2014-07-25,207.48,212.68,212.35,205.64,6633842.0,82704416.0
2014-07-24,207.99,209.66,206.81,204.63,6440315.0,79263352.0
2014-07-23,213.02,213.35,207.99,206.47,8773756.0,109549584.0
2014-07-22,211.34,213.85,213.18,211.17,4724165.0,59907432.0
2014-07-21,213.69,216.88,212.35,211.34,4280321.0,54520188.0
2014-07-18,214.86,216.04,214.36,212.85,4770739.0,61024504.0
2014-07-17,215.03,216.71,215.03,213.02,6814351.0,87114464.0
2014-07-16,215.2,219.89,215.03,214.53,9574226.0,123659720.0
2014-07-15,217.04,218.05,214.69,213.69,5498849.0,70666504.0
2014-07-14,214.69,217.04,217.04,212.35,6666443.0,85406592.0
2014-07-11,210.84,215.7,214.69,209.66,5558626.0,70916168.0
2014-07-10,210.67,212.35,210.84,210.33,4436628.0,55899000.0
2014-07-09,214.53,214.53,210.67,209.66,6520703.0,82457072.0
2014-07-08,213.35,215.53,214.53,212.68,5209050.0,66559636.0
2014-07-07,216.87,218.05,213.52,213.35,9538882.0,122105520.0
2014-07-04,221.07,222.58,218.22,216.71,9775170.0,128077000.0
2014-07-03,220.06,221.91,221.24,218.22,7653221.0,100549736.0
2014-07-02,218.55,220.56,219.73,216.88,10887729.0,142284800.0
2014-07-01,219.39,221.74,217.88,216.37,7739254.0,101024816.0
2014-06-30,215.53,218.89,218.55,214.69,11089428.0,143921072.0
2014-06-27,216.2,220.06,215.7,213.35,13729530.0,177965232.0
2014-06-26,213.86,215.7,215.2,212.85,6021876.0,76932432.0
2014-06-25,213.69,215.2,213.86,212.18,6392473.0,81496840.0
2014-06-24,213.35,216.04,213.69,211.34,8041705.0,102709408.0
2014-06-23,209.33,211.68,210.0,208.32,4860733.0,60876708.0
2014-06-20,208.66,211.34,209.5,207.15,5816453.0,72485944.0
2014-06-19,213.02,213.86,208.66,207.99,6910071.0,86848352.0
2014-06-18,211.0,214.69,212.85,211.0,6670433.0,84730048.0
2014-06-17,209.33,214.36,212.68,208.15,15692601.0,198726944.0
2014-06-16,207.15,211.0,209.16,206.14,8588972.0,107174960.0
2014-06-13,205.13,208.66,207.82,202.95,8624981.0,106355296.0
2014-06-12,203.29,205.47,205.13,202.95,4798011.0,58480480.0
2014-06-11,205.8,207.31,204.29,200.94,10325931.0,125266568.0
2014-06-10,204.46,210.16,205.3,201.61,9912836.0,121856408.0
2014-06-09,209.33,214.69,204.63,204.13,10821643.0,135853264.0
2014-06-06,208.82,211.51,211.34,207.15,9203993.0,115110352.0
2014-06-05,204.13,208.82,208.66,204.13,7283819.0,89989768.0
2014-06-04,206.31,206.98,204.46,201.78,4936704.0,60025968.0
2014-06-03,206.31,207.82,205.8,205.13,6556526.0,80655768.0
2014-05-30,203.62,206.64,206.31,202.45,8371060.0,102583696.0
2014-05-29,206.98,209.33,203.62,202.78,8615210.0,105626208.0
2014-05-28,201.95,207.99,206.81,199.6,12960103.0,159047664.0
2014-05-27,201.61,206.98,202.11,200.1,17579228.0,213402352.0
2014-05-26,189.7,201.11,200.1,189.7,14423337.0,169592960.0
2014-05-23,188.19,189.87,189.03,188.19,1847720.0,20849428.0
2014-05-22,190.37,191.21,189.53,188.19,3330850.0,37676264.0
2014-05-21,186.35,190.04,189.03,186.35,3433609.0,38596508.0
2014-05-20,187.86,189.03,186.18,185.84,2464724.0,27519264.0
2014-05-19,186.35,187.86,186.18,185.17,2550199.0,28288164.0
2014-05-16,188.03,191.04,186.68,184.5,3830495.0,42763012.0
2014-05-15,189.53,192.22,188.86,188.53,4396481.0,49990608.0
2014-05-14,187.86,192.72,189.87,186.51,5283672.0,59746484.0
2014-05-13,187.86,188.86,187.69,186.85,3518704.0,39416120.0
2014-05-12,186.18,188.69,188.19,184.67,7648645.0,85345272.0
2014-05-09,189.53,191.88,185.17,184.34,23267432.0,259910576.0
2014-05-05,177.62,179.13,177.96,175.28,4242213.0,44806832.0
2014-04-30,175.11,179.47,177.62,174.61,4992715.0,52833052.0
2014-04-29,172.93,176.28,175.11,169.74,7447557.0,76833232.0
2014-04-28,185.0,186.01,173.77,172.26,10055669.0,106414296.0
2014-04-25,187.02,189.87,185.68,184.67,5019141.0,55819008.0
2014-04-24,189.53,189.53,186.51,185.68,4674458.0,52080580.0
2014-04-23,193.56,193.56,189.53,188.86,4753853.0,54066204.0
2014-04-22,197.08,197.25,193.56,192.55,4248717.0,49255136.0
2014-04-21,196.65,198.3,194.1,193.95,5893966.0,77099768.0
2014-04-18,198.15,199.8,198.6,196.2,4668367.0,61758424.0
2014-04-17,196.05,199.95,197.85,195.75,5974165.0,78975528.0
2014-04-16,196.65,197.85,196.5,195.45,3635506.0,47555056.0
2014-04-15,197.55,198.9,197.55,196.5,5235159.0,68972512.0
2014-04-14,198.45,198.45,197.4,196.05,4717337.0,61828844.0
2014-04-11,199.05,200.71,198.0,196.8,8885101.0,117597304.0
2014-04-10,198.15,199.95,197.85,195.0,9942722.0,130994920.0
2014-04-09,193.8,196.95,196.2,193.5,6140361.0,79880384.0
2014-04-08,192.45,194.55,193.8,191.7,5748251.0,74008328.0
2014-04-04,193.5,194.1,193.5,191.4,2963985.0,38118136.0
2014-04-03,191.85,194.55,192.9,190.95,4858774.0,62524984.0
2014-04-02,193.05,193.5,189.75,189.0,7927634.0,100599992.0
2014-04-01,192.6,193.65,193.5,191.25,3867967.0,49616936.0
2014-03-31,195.0,195.0,192.45,190.65,6643439.0,85206912.0
2014-03-28,202.66,204.91,196.95,195.15,13977455.0,186750784.0
2014-03-27,196.65,201.61,198.9,195.0,8661592.0,114447376.0
2014-03-26,195.3,197.85,196.35,194.85,5085660.0,66605652.0
2014-03-25,195.9,198.15,194.4,193.5,4495981.0,58597588.0
2014-03-24,194.7,198.6,196.95,193.95,4386046.0,57441164.0
2014-03-21,191.7,194.85,194.7,188.85,5497755.0,70287600.0
2014-03-20,197.4,198.3,192.15,191.85,6482138.0,84356744.0
2014-03-19,196.5,199.2,198.15,195.45,5934166.0,78044360.0
2014-03-18,194.85,198.75,196.65,194.85,6683990.0,87862800.0
2014-03-17,191.4,194.4,194.4,190.05,6423642.0,82570752.0
2014-03-14,191.4,192.6,191.1,190.2,3642080.0,46339428.0
2014-03-13,192.45,194.25,191.7,190.2,7665102.0,98291504.0
2014-03-12,189.75,193.5,190.65,188.54,5171641.0,65950164.0
2014-03-11,186.14,190.5,190.5,185.54,8915791.0,111857856.0
2014-03-10,190.65,192.75,186.14,185.39,8948026.0,112246824.0
2014-03-07,196.65,197.85,193.5,192.6,8458521.0,109804664.0
2014-03-06,201.31,202.96,197.4,195.15,11746444.0,155025216.0
2014-03-05,201.16,204.61,198.6,198.0,10665895.0,142902288.0
2014-03-04,200.56,200.56,198.3,195.75,8055846.0,106103576.0
2014-03-03,196.65,200.85,200.56,195.45,10028808.0,132877416.0
2014-02-28,193.2,196.35,195.9,190.95,7479983.0,96709696.0
2014-02-27,194.55,196.65,192.0,191.4,7170867.0,92850160.0
2014-02-26,190.2,196.65,195.9,185.54,9433299.0,120282840.0
2014-02-25,196.65,200.71,190.65,188.85,11844441.0,154335840.0
2014-02-24,195.15,197.4,197.1,189.75,10062140.0,129556080.0
2014-02-21,196.95,196.95,194.85,193.35,11709721.0,151830736.0
2014-02-20,203.26,203.86,198.0,197.85,11042688.0,147051104.0
2014-02-19,204.16,204.61,203.11,201.0,11284166.0,152613344.0
2014-02-18,205.66,206.41,204.16,201.31,13127550.0,178131664.0
2014-02-17,205.06,206.86,205.66,202.21,13834811.0,189060128.0
2014-02-14,197.4,204.76,204.01,197.4,21939600.0,296243968.0
2014-02-13,196.65,198.0,195.3,194.7,11268564.0,147557872.0
2014-02-12,198.0,199.35,197.85,194.25,13732356.0,179826912.0
2014-02-11,192.45,200.1,197.4,192.45,21183404.0,278592224.0
2014-02-10,183.89,192.15,191.85,183.74,18211392.0,229114912.0
2014-02-07,189.6,192.45,183.74,180.29,32657492.0,400752160.0
2014-01-30,189.9,194.25,190.95,189.15,9751557.0,124265344.0
2014-01-29,190.65,194.4,191.85,180.89,29188002.0,368482816.0
2014-01-28,216.17,216.17,195.3,195.3,31580832.0,415897600.0
2014-01-27,217.07,219.92,217.07,215.12,8509812.0,123420104.0
2014-01-24,224.42,226.22,218.72,218.12,17324728.0,253527600.0
2014-01-23,224.27,229.98,224.57,222.77,10086322.0,152235072.0
2014-01-22,227.88,230.13,225.02,221.12,12066980.0,180813808.0
2014-01-21,228.18,230.43,227.88,226.82,3401699.0,51740812.0
2014-01-20,234.18,236.88,227.43,224.72,5520068.0,84202936.0
2014-01-17,235.68,238.38,235.38,232.83,3532658.0,55319996.0
2014-01-16,237.18,241.09,236.88,233.88,6927799.0,109739584.0
2014-01-15,229.83,239.59,237.93,228.93,8534856.0,133580192.0
2014-01-14,225.92,232.98,231.48,222.62,9266292.0,140032720.0
2014-01-13,235.38,238.23,226.22,225.02,9025956.0,137833856.0
2014-01-10,238.23,244.69,235.68,235.38,10252190.0,164828320.0
2014-01-09,240.03,245.29,238.23,238.08,9266241.0,149251120.0
2014-01-08,231.18,242.59,240.94,228.63,13232822.0,209510896.0
2014-01-07,229.68,238.68,232.83,225.17,9062514.0,141386576.0
2014-01-06,236.13,242.59,231.18,229.53,9924925.0,155671040.0
2014-01-03,233.88,238.68,231.63,229.68,10464932.0,162855872.0
2014-01-02,229.68,237.93,235.23,226.68,13310677.0,208033840.0
2013-12-31,224.42,234.93,229.83,223.22,11109726.0,169831968.0
2013-12-30,220.67,225.17,225.02,220.67,4773517.0,71147376.0
2013-12-27,217.67,222.62,220.37,217.67,5272410.0,77561216.0
2013-12-26,223.37,225.92,219.02,217.97,6312465.0,93501680.0
2013-12-25,224.72,226.53,225.62,221.57,6810108.0,101766536.0
2013-12-24,222.92,226.68,223.82,221.42,8635229.0,128791048.0
2013-12-23,213.91,225.62,223.37,213.01,13540461.0,200083680.0
2013-12-20,212.71,216.77,213.91,210.91,4831139.0,68844232.0
2013-12-19,215.87,216.92,212.56,211.66,4037208.0,57850876.0
2013-12-18,211.51,217.07,214.66,210.31,5574801.0,79587272.0
2013-12-17,210.76,213.31,212.11,210.46,4736357.0,66814056.0
2013-12-16,213.16,213.91,210.76,210.16,6077480.0,85484576.0
2013-12-13,214.51,216.32,214.06,213.16,4681868.0,66937396.0
2013-12-12,215.12,217.52,215.27,213.16,5676623.0,81291928.0
2013-12-11,218.72,220.22,215.27,212.86,7914586.0,113998568.0
2013-12-10,223.97,225.92,220.22,218.42,7745687.0,114021392.0
2013-12-09,225.17,226.38,225.62,222.47,4874865.0,72771928.0
2013-12-06,226.97,231.18,225.02,224.42,5733647.0,86937272.0
2013-12-05,226.82,230.28,226.97,224.42,9131839.0,138568192.0
2013-12-04,216.32,227.28,226.53,216.32,11416516.0,169694912.0
2013-12-03,214.67,219.32,217.52,214.67,6311948.0,91070256.0
2013-12-02,220.82,224.57,216.47,213.91,6933751.0,101063008.0
2013-11-29,221.42,225.92,224.72,220.82,6512967.0,97188112.0
2013-11-28,221.72,226.53,220.97,220.22,8274992.0,123235056.0
2013-11-27,215.57,221.42,220.82,214.82,6074082.0,88657520.0
2013-11-26,211.51,216.47,215.57,211.51,3896654.0,55870200.0
2013-11-25,215.42,216.32,213.16,210.46,6114789.0,87111800.0
2013-11-22,219.02,220.22,215.72,215.12,4940731.0,71568960.0
2013-11-21,216.02,219.47,219.32,211.66,8081844.0,116717320.0
2013-11-20,215.42,216.62,214.97,210.16,8180867.0,116237888.0
2013-11-19,222.92,223.22,215.27,214.52,9887555.0,142931344.0
2013-11-18,222.32,226.97,222.92,220.52,9229315.0,136811056.0
2013-11-15,222.17,226.97,222.17,221.87,6015620.0,90017840.0
2013-11-14,216.47,223.97,222.62,214.67,4206308.0,61370856.0
2013-11-13,224.57,224.57,216.62,216.47,3314914.0,48467568.0
2013-11-12,218.72,225.77,222.77,216.92,6376809.0,94334672.0
2013-11-11,210.16,220.07,219.77,205.51,8273268.0,117498064.0
2013-11-08,213.16,215.42,210.61,208.36,5297586.0,74467032.0
2013-11-07,214.67,216.17,214.06,213.16,2863640.0,40911336.0
2013-11-06,217.67,219.77,215.72,213.91,8887124.0,128294680.0
2013-11-05,220.52,220.52,213.91,205.66,15028728.0,211922032.0
2013-11-04,228.03,228.03,220.67,218.87,6726829.0,99823992.0
2013-11-01,225.32,229.98,228.78,222.77,4055691.0,61437664.0
2013-10-31,225.17,228.18,225.47,221.87,4890753.0,73508856.0
2013-10-30,220.37,226.38,225.17,218.57,5769024.0,86028144.0
2013-10-29,220.07,223.52,219.92,212.86,6712511.0,97503472.0
2013-10-28,225.92,228.78,220.52,214.52,10994749.0,159798272.0
2013-10-25,227.28,233.73,225.77,223.07,9306547.0,140628928.0
2013-10-24,235.83,238.98,224.12,223.67,10759854.0,164806928.0
2013-10-23,235.83,240.34,236.58,234.93,5654417.0,89508392.0
2013-10-22,246.79,246.79,236.28,235.83,12691377.0,202048464.0
2013-10-21,243.49,247.99,247.54,235.23,12973292.0,208453280.0
2013-10-18,240.34,244.84,243.04,235.38,7755444.0,123931424.0
2013-10-17,253.55,255.05,240.03,239.13,12555556.0,203966784.0
2013-10-16,258.95,258.95,252.04,250.69,4745940.0,79927376.0
2013-10-15,255.05,260.15,259.25,255.05,7011963.0,120525232.0
2013-10-14,256.7,261.95,253.25,252.94,8350665.0,142624464.0
2013-10-11,259.55,263.0,259.7,256.4,7572426.0,130319424.0
2013-10-10,262.4,262.4,259.55,256.1,5098758.0,87755632.0
2013-10-09,265.7,265.7,262.4,259.7,7534046.0,131310912.0
2013-10-08,266.45,271.71,266.45,266.0,6568976.0,117274016.0
2013-09-30,264.95,267.06,264.65,261.65,5149062.0,90571048.0
2013-09-27,266.75,271.71,268.26,262.7,8574626.0,153003120.0
2013-09-26,255.95,266.75,266.45,254.0,10209259.0,178787488.0
2013-09-25,264.2,266.75,256.7,254.0,9932628.0,172030624.0
2013-09-24,266.45,269.01,265.86,262.85,5391742.0,95422760.0
2013-09-23,258.2,269.01,266.61,255.8,12323071.0,216992016.0
2013-09-18,246.49,260.45,259.55,246.49,15103210.0,256986080.0
2013-09-17,248.44,255.2,248.29,245.29,9501934.0,158672560.0
2013-09-16,244.69,246.94,246.04,242.14,4943762.0,80652688.0
2013-09-13,237.78,246.34,245.29,233.88,9171979.0,146876176.0
2013-09-12,237.18,239.43,237.93,233.88,6699170.0,105587296.0
2013-09-11,245.59,246.94,238.98,233.88,12552972.0,198033936.0
2013-09-10,246.19,254.6,244.69,240.03,13109466.0,215174304.0
2013-09-09,248.14,253.09,246.79,246.19,6610881.0,109915488.0
2013-09-06,252.19,254.3,249.94,246.34,6761347.0,112307144.0
2013-09-05,241.24,256.1,252.94,241.24,14335136.0,237848432.0
2013-09-04,237.93,241.69,241.24,235.68,5590234.0,88961288.0
2013-09-03,234.18,245.44,240.03,231.93,10191426.0,163789168.0
2013-09-02,236.43,236.43,232.53,227.88,14719790.0,226674448.0
2013-08-30,247.69,247.69,236.88,232.83,14780608.0,233642960.0
2013-08-29,242.59,248.59,246.79,241.99,6070066.0,98829112.0
2013-08-28,248.59,248.59,244.84,243.94,6571407.0,107569856.0
2013-08-27,250.84,252.79,248.89,247.69,4878418.0,80997952.0
2013-08-26,250.69,253.69,252.04,249.19,7376399.0,123408016.0
2013-08-23,253.4,254.3,251.14,246.64,6291356.0,105510168.0
2013-08-22,244.69,254.3,252.04,244.24,12293464.0,205089232.0
2013-08-21,247.84,248.44,243.79,242.14,9253867.0,150431760.0
2013-08-20,252.94,254.45,248.29,242.74,10973647.0,180889792.0
2013-08-19,243.34,254.15,249.49,242.44,8478678.0,141590944.0
2013-08-16,251.89,255.95,244.84,244.54,11469670.0,191209504.0
2013-08-15,265.25,267.06,252.34,247.69,21124932.0,358464384.0
2013-08-14,273.36,275.16,268.11,265.1,8983899.0,160272416.0
2013-08-13,271.71,276.21,273.06,271.71,4341585.0,79011392.0
2013-08-12,277.26,277.71,272.16,270.21,8066311.0,146705888.0
2013-08-09,267.81,278.76,277.26,267.81,14075717.0,256186576.0
2013-08-08,261.2,268.86,266.31,261.2,5514216.0,97348512.0
2013-08-07,267.21,269.91,262.25,260.15,7085608.0,125007776.0
2013-08-06,264.2,272.31,268.41,263.0,9077963.0,162973168.0
2013-08-05,256.85,265.7,264.8,254.3,8165298.0,142468288.0
2013-08-02,259.4,260.45,255.05,254.45,7267133.0,124235808.0
2013-08-01,252.49,258.8,258.65,251.44,7580949.0,129359800.0
2013-07-31,257.45,260.45,250.99,248.59,9655429.0,163367536.0
2013-07-30,267.21,269.91,257.3,256.4,11917000.0,207010368.0
2013-07-29,265.7,274.41,268.26,262.7,6769180.0,121441624.0
2013-07-26,263.45,269.76,267.21,261.2,5895627.0,104341168.0
2013-07-25,269.91,275.31,266.15,264.95,8899759.0,159156160.0
2013-07-24,273.21,274.41,270.81,264.95,13725737.0,246156848.0
2013-07-23,256.4,272.31,269.61,256.4,17101508.0,303878304.0
2013-07-22,245.74,255.05,254.15,245.29,8055430.0,135264576.0
2013-07-19,248.14,255.95,247.54,247.09,8887899.0,149953264.0
2013-07-18,247.39,252.49,249.94,244.54,6071203.0,100409752.0
2013-07-17,251.89,252.49,247.39,245.59,7749272.0,128121832.0
2013-07-16,255.2,256.7,251.74,249.49,12595174.0,212205920.0
2013-07-15,245.44,254.45,253.54,243.19,13801756.0,229074048.0
2013-07-12,236.43,248.59,244.24,235.68,13725927.0,222708272.0
2013-07-11,237.18,242.59,235.98,235.53,11787998.0,187265968.0
2013-07-10,228.03,235.53,235.38,226.82,8129749.0,125776120.0
2013-07-09,223.82,229.38,228.03,223.82,5219553.0,79024488.0
2013-07-08,225.32,234.63,224.57,220.67,8344403.0,126527432.0
2013-07-05,225.32,233.43,228.33,225.32,5017027.0,76886664.0
2013-07-04,231.33,233.58,228.03,225.17,9342655.0,142881952.0
2013-07-03,234.93,240.19,234.63,231.48,9654807.0,151548880.0
2013-07-02,231.78,238.38,235.98,228.03,12872138.0,201912864.0
2013-07-01,224.87,231.63,230.73,224.57,12672796.0,193711888.0
2013-06-28,225.02,231.93,223.52,221.57,10966711.0,165520928.0
2013-06-27,223.82,242.89,226.22,222.02,24513860.0,376494528.0
2013-06-26,211.66,222.32,221.72,208.66,19708960.0,286686784.0
2013-06-25,201.16,216.02,211.21,184.64,20779468.0,282416256.0
2013-06-24,208.96,211.06,203.86,199.05,18197012.0,248715104.0
2013-06-21,193.65,205.66,204.01,189.9,12801222.0,169701664.0
2013-06-20,206.86,206.86,196.8,196.5,6471994.0,87048832.0
2013-06-19,211.51,211.81,207.76,205.36,4539314.0,62929260.0
2013-06-18,213.62,215.12,212.56,209.56,4961365.0,70051136.0
2013-06-17,209.11,215.42,213.62,203.86,9326477.0,131084088.0
2013-06-14,199.65,210.01,209.11,199.65,8646912.0,118266352.0
2013-06-13,200.41,201.91,199.2,192.3,6820858.0,89173264.0
2013-06-07,202.81,205.21,202.06,195.6,6105657.0,81716240.0
2013-06-06,207.46,207.91,202.06,199.8,6893944.0,93600464.0
2013-06-05,205.06,209.86,207.16,204.46,6051943.0,83370336.0
2013-06-04,211.51,211.66,205.81,202.51,12730178.0,174990592.0
2013-06-03,222.92,223.67,211.21,210.16,19237126.0,274722368.0
2013-05-31,224.72,228.93,223.22,222.32,8395578.0,126010176.0
2013-05-30,222.17,225.02,223.07,220.67,5502748.0,81757312.0
2013-05-29,222.62,225.47,223.07,219.32,7593934.0,112692808.0
2013-05-28,215.57,228.18,222.77,212.86,14491361.0,212701088.0
2013-05-27,214.37,221.42,216.47,212.41,13629559.0,197814912.0
2013-05-24,202.66,217.52,216.17,197.25,11869814.0,164024336.0
2013-05-23,200.09,203.43,201.45,198.24,8607037.0,139527920.0
2013-05-22,196.88,205.28,199.22,196.01,14420321.0,234671280.0
2013-05-21,189.7,199.1,198.85,185.5,18818740.0,292446880.0
2013-05-20,206.4,206.4,190.57,186.49,39436844.0,608072960.0
2013-05-17,200.34,209.61,207.14,200.34,8566442.0,143010304.0
2013-05-16,196.63,206.4,200.34,194.4,14835347.0,242483696.0
2013-05-15,185.5,197.37,196.5,185.5,11707408.0,182592128.0
2013-05-14,188.59,189.21,185.62,183.03,6722472.0,100966408.0
2013-05-13,187.35,192.79,187.97,186.86,6196945.0,94560000.0
2013-05-10,191.68,193.78,187.97,184.38,9655842.0,146836880.0
2013-05-09,190.44,193.54,192.3,187.35,7573845.0,116621928.0
2013-05-08,187.6,192.3,191.68,187.35,8925257.0,137277920.0
2013-05-07,189.95,190.44,188.84,185.37,9815221.0,149491552.0
2013-05-06,191.06,193.91,189.58,187.85,10597060.0,163006384.0
2013-05-03,179.69,188.96,188.71,179.69,11786913.0,177208752.0
2013-05-02,175.36,181.05,180.43,174.62,11688548.0,167695968.0
2013-04-26,183.52,185.25,174.99,173.13,10305085.0,150056800.0
2013-04-25,185.0,193.29,184.38,183.89,14771165.0,226020256.0
2013-04-24,184.01,186.86,185.0,181.29,11956392.0,178159072.0
2013-04-23,185.37,187.11,184.26,181.79,9754040.0,145573040.0
2013-04-22,178.08,187.6,184.76,176.84,13971558.0,206911968.0
2013-04-19,174.62,179.19,178.7,173.75,12806827.0,182418528.0
2013-04-18,174.37,177.46,174.37,172.76,8795449.0,124827392.0
2013-04-17,166.95,179.31,174.74,166.08,11371772.0,159688848.0
2013-04-16,161.14,167.57,166.08,161.14,4127157.0,54924388.0
2013-04-15,162.99,164.23,163.36,161.63,3159820.0,41619468.0
2013-04-12,162.0,165.09,163.12,159.53,4992344.0,65666112.0
2013-04-11,162.99,162.99,160.76,159.78,4281904.0,55817888.0
2013-04-10,163.36,164.1,162.99,158.91,6559137.0,85384648.0
2013-04-09,163.36,168.19,164.6,163.36,11861480.0,159278064.0
2013-04-08,160.15,163.98,162.0,158.41,6461269.0,84644440.0
2013-04-03,161.38,163.11,162.25,157.43,8051139.0,104364944.0
2013-04-02,175.73,176.72,160.89,158.91,15800853.0,211529504.0
2013-04-01,174.37,178.57,175.36,172.14,4735691.0,67032624.0
2013-03-29,175.36,176.84,174.37,171.28,6011686.0,84556040.0
2013-03-28,177.95,181.79,175.48,174.74,9875968.0,141691472.0
2013-03-27,179.07,184.26,179.56,177.09,12261955.0,178797648.0
2013-03-26,170.78,180.18,179.19,169.17,12879489.0,181884064.0
2013-03-25,172.76,174.0,171.28,169.67,5955441.0,82714920.0
2013-03-22,175.98,178.08,172.88,171.9,10964963.0,154412624.0
2013-03-21,174.99,178.08,176.59,173.13,10181177.0,144847296.0
2013-03-20,172.51,175.73,175.23,168.06,10970239.0,152741552.0
2013-03-19,166.45,176.59,171.77,166.45,15849298.0,221905616.0
2013-03-18,169.17,169.17,165.96,164.35,7128009.0,96060456.0
2013-03-15,162.87,169.3,163.49,160.02,6185560.0,82811848.0
2013-03-14,158.04,163.73,163.12,157.67,4318734.0,56412100.0
2013-03-13,162.62,164.1,162.0,159.53,7235786.0,94543616.0
2013-03-12,170.91,172.88,164.1,161.38,9008067.0,120647544.0
2013-03-11,162.62,173.13,171.28,160.52,10415733.0,142218672.0
2013-03-08,164.47,165.59,163.12,159.53,9916730.0,129631512.0
2013-03-07,165.71,167.57,165.09,162.0,10577742.0,140789104.0
2013-03-06,166.21,168.06,165.96,164.6,7929585.0,106509632.0
2013-03-05,164.47,169.42,166.21,161.88,10866045.0,145364160.0
2013-03-04,160.76,169.05,163.11,159.53,14718163.0,195803328.0
2013-03-01,154.58,161.88,161.63,152.6,16203669.0,209090784.0
2013-02-28,149.02,154.46,154.33,146.67,6731922.0,82442448.0
2013-02-27,151.86,153.34,149.02,148.77,5260213.0,64172660.0
2013-02-26,145.8,158.41,151.86,144.07,13009569.0,160941728.0
2013-02-25,144.56,148.4,146.3,143.2,3959596.0,46858724.0
2013-02-22,149.14,149.76,145.18,144.56,7661544.0,91012800.0
2013-02-21,152.36,155.32,149.39,147.66,8533249.0,103951176.0
2013-02-20,145.93,154.33,152.36,145.43,8554968.0,104647112.0
2013-02-19,146.91,148.4,145.43,144.56,5996878.0,70767584.0
2013-02-18,150.87,151.49,148.28,146.79,5466058.0,65557088.0
2013-02-08,150.38,155.2,150.5,149.63,7062352.0,87486248.0
2013-02-07,150.75,151.86,151.0,148.03,5690823.0,69102824.0
2013-02-06,146.17,152.36,151.37,143.57,8875126.0,107137544.0
2013-02-05,143.57,148.77,146.17,142.34,6087890.0,72016672.0
2013-02-04,149.02,150.01,145.18,141.6,11165331.0,130426384.0
2013-02-01,143.45,152.6,147.53,141.6,15394838.0,183551808.0
2013-01-31,150.01,151.12,148.89,145.06,10385463.0,124790296.0
2013-01-30,152.11,155.57,152.11,149.02,11003082.0,134857376.0
2013-01-29,144.07,153.47,153.1,143.57,23872904.0,288969632.0
2013-01-28,134.92,148.4,147.28,134.92,18129432.0,209930448.0
2013-01-25,133.56,138.5,135.41,133.56,6892645.0,76032336.0
2013-01-24,137.76,138.5,134.3,132.94,9363112.0,102725912.0
2013-01-23,133.93,140.24,137.76,133.19,12624628.0,139971168.0
2013-01-22,134.18,137.52,133.93,131.33,9082768.0,98612008.0
2013-01-21,128.12,138.75,134.3,127.38,14776245.0,159392160.0
2013-01-18,123.91,127.87,127.75,123.91,9917164.0,101747928.0
2013-01-17,125.52,128.49,124.04,123.67,9642757.0,98361920.0
2013-01-16,121.56,126.14,124.9,120.57,14838633.0,149038720.0
2013-01-15,118.47,123.42,121.56,117.48,10395744.0,101821936.0
2013-01-14,116.25,120.7,118.22,115.63,6683044.0,64215000.0
2013-01-11,118.1,119.34,116.12,115.13,3854142.0,36500728.0
2013-01-10,115.63,119.09,117.85,115.01,5724261.0,54226168.0
2013-01-09,116.0,119.83,116.12,115.75,8037187.0,76619728.0
2013-01-08,114.27,117.23,116.74,113.15,5924841.0,55479580.0
2013-01-07,114.39,116.86,114.27,113.77,4333468.0,40286556.0
2013-01-04,117.23,117.36,114.39,113.15,5736313.0,53106172.0
2012-12-31,116.99,118.35,117.48,114.76,12590638.0,118652008.0
2012-12-28,112.78,117.98,116.99,111.79,10555871.0,98682776.0
2012-12-27,112.54,113.03,112.04,111.05,3643721.0,33023638.0
2012-12-26,111.67,113.15,112.66,110.8,4897250.0,44455176.0
2012-12-25,109.44,112.66,111.55,108.95,6140847.0,55349576.0
2012-12-24,106.85,110.93,109.69,105.49,7362695.0,64909248.0
2012-12-21,107.09,107.71,106.72,106.23,2258137.0,19516320.0
2012-12-20,107.71,108.45,108.21,105.86,2715582.0,23474124.0
2012-12-19,107.59,109.32,108.58,106.48,3467970.0,30359884.0
2012-12-18,106.35,107.71,107.59,105.61,3598772.0,31077736.0
2012-12-17,108.08,108.83,107.34,102.39,7544581.0,64576776.0
2012-12-14,104.75,109.44,108.58,104.75,4399235.0,38319704.0
2012-12-13,105.61,105.86,105.61,104.62,1378224.0,11728273.0
2012-12-12,104.75,106.35,105.49,103.88,1816456.0,15413227.0
2012-12-11,106.48,107.34,105.36,105.36,1457783.0,12517779.0
2012-12-10,105.98,108.21,107.71,104.75,2914115.0,24958894.0
2012-12-07,103.38,106.48,105.98,102.77,2131352.0,18133704.0
2012-12-06,105.24,106.23,104.0,103.75,1649990.0,13966184.0
2012-12-05,103.75,107.84,105.86,102.89,3083569.0,26451948.0
2012-12-04,101.9,104.5,103.75,101.53,1173397.0,9737986.0
2012-12-03,103.51,104.37,101.9,101.28,3039576.0,25278008.0
2012-11-30,104.5,105.36,103.01,102.64,2610388.0,21890132.0
2012-11-29,104.62,105.86,104.5,104.37,1619768.0,13747463.0
2012-11-28,105.73,105.86,104.62,104.13,2143134.0,18156360.0
2012-11-27,109.07,109.44,106.23,106.11,3967794.0,34450220.0
2012-11-26,110.06,111.67,109.69,109.32,1519091.0,13599515.0
2012-11-23,108.83,110.8,110.43,108.83,1385908.0,12371955.0
2012-11-22,108.83,109.44,108.7,107.59,1245955.0,10938634.0
2012-11-21,108.95,109.94,109.32,108.33,1372249.0,12080781.0
2012-11-20,108.33,110.43,109.2,108.33,716543.0,6328659.0
2012-11-19,109.57,111.17,109.44,108.83,1510653.0,13425782.0
2012-11-16,108.21,111.67,109.32,108.08,2030207.0,18087850.0
2012-11-15,108.95,110.06,108.83,108.7,1255295.0,11099516.0
2012-11-14,108.08,110.06,109.81,108.08,1437317.0,12717314.0
2012-11-13,107.96,109.2,108.21,107.59,954845.0,8363998.0
2012-11-12,110.31,110.31,108.45,107.34,1805760.0,15878639.0
2012-11-09,109.2,109.94,108.83,108.58,1174818.0,10354041.0
2012-11-08,109.32,110.56,109.44,108.7,2553627.0,22583102.0
2012-11-07,110.06,111.79,110.43,109.69,1317477.0,11820439.0
2012-11-06,111.55,111.67,110.06,108.7,3533274.0,31362068.0
2012-11-05,112.54,113.28,111.67,111.42,1595125.0,14440455.0
2012-11-02,113.15,113.53,112.54,111.79,2455188.0,22393396.0
2012-11-01,113.15,113.53,113.15,111.67,2711659.0,24800620.0
2012-10-31,112.53,113.28,112.41,110.8,1931251.0,17505312.0
2012-10-30,111.3,112.78,112.29,111.3,1553490.0,14115603.0
2012-10-29,110.06,111.67,111.67,109.57,1370378.0,12315354.0
2012-10-26,111.55,112.17,110.06,108.83,3906253.0,34676112.0
2012-10-25,112.17,112.29,110.93,110.68,2619483.0,23573202.0
2012-10-24,113.15,113.77,111.67,110.8,6267879.0,56884684.0
2012-10-23,116.62,116.62,113.53,113.4,5132976.0,47563696.0
2012-10-22,115.13,117.73,117.23,114.76,7288319.0,68565768.0
2012-10-19,113.03,116.99,116.74,112.78,8038588.0,75111848.0
2012-10-18,112.78,114.27,113.03,112.17,4301930.0,39509764.0
2012-10-17,113.03,113.65,112.78,111.55,2711571.0,24643554.0
2012-10-16,112.17,115.01,113.28,111.55,3505967.0,32186506.0
2012-10-15,113.53,113.53,111.92,110.68,6616252.0,59737908.0
2012-10-12,115.26,116.12,113.65,112.78,3755416.0,34699432.0
2012-10-11,115.01,117.98,115.26,114.39,5761951.0,54375128.0
2012-10-10,115.01,115.26,115.01,114.14,2888940.0,26808592.0
2012-10-09,113.53,115.87,115.38,111.92,5619042.0,51866776.0
2012-10-08,114.51,114.76,113.15,112.16,2845788.0,26038680.0
2012-09-28,113.15,114.27,114.14,112.53,3224982.0,29609196.0
2012-09-27,111.92,114.89,113.77,109.81,5389904.0,48995828.0
2012-09-26,111.42,112.41,112.16,110.93,2942592.0,26588644.0
2012-09-25,111.92,112.91,111.67,110.43,2223631.0,20021766.0
2012-09-24,111.55,112.53,112.41,109.57,3577826.0,32265128.0
2012-09-21,113.77,113.77,110.8,109.44,6337471.0,56955948.0
2012-09-20,115.38,115.38,112.17,110.93,6698070.0,61140276.0
2012-09-19,113.53,116.0,115.38,113.53,2883027.0,26811300.0
2012-09-18,113.28,115.01,113.9,112.78,5173990.0,47651500.0
2012-09-17,115.5,116.62,113.28,113.15,4224187.0,39100268.0
2012-09-14,114.64,116.0,115.5,113.15,7935325.0,73542288.0
2012-09-13,117.61,119.34,114.76,114.64,7556740.0,71122288.0
2012-09-12,117.85,120.7,118.35,117.61,5204607.0,50092212.0
2012-09-11,117.61,118.47,117.85,116.37,4830231.0,45789648.0
2012-09-10,118.72,119.21,118.59,117.11,5153568.0,49257808.0
2012-09-07,116.12,119.95,118.59,116.0,11675299.0,111711864.0
2012-09-06,114.76,116.86,116.12,114.02,4232349.0,39571888.0
2012-09-05,116.49,116.74,115.01,113.77,5235386.0,48677744.0
2012-09-04,116.74,118.72,115.88,115.38,6103770.0,57717044.0
2012-09-03,113.15,118.35,117.11,112.04,9454635.0,88804024.0
2012-08-31,113.9,117.23,113.77,112.29,8285509.0,76773752.0
2012-08-30,114.51,115.26,114.64,111.42,8816336.0,80910472.0
2012-08-29,113.15,117.11,115.01,112.04,13199824.0,123002480.0
2012-08-28,108.33,114.89,113.15,108.33,12879841.0,117239144.0
2012-08-27,107.34,109.69,108.33,106.6,5014738.0,43936632.0
2012-08-24,111.3,111.42,108.33,107.59,8549000.0,75496016.0
2012-08-23,112.04,113.65,111.92,111.3,6101229.0,55464188.0
2012-08-22,113.15,113.77,112.04,111.3,4501828.0,40828028.0
2012-08-21,111.42,114.14,112.91,111.42,7993302.0,72898056.0
2012-08-20,108.7,113.15,112.41,107.71,12112620.0,109095960.0
2012-08-17,107.71,109.57,109.2,106.85,5564924.0,48601636.0
2012-08-16,108.58,111.05,108.21,107.84,11029013.0,97662880.0
2012-08-15,106.85,111.79,108.45,106.23,12638419.0,111871976.0
2012-08-14,106.23,107.47,106.85,104.5,7185215.0,61528596.0
2012-08-13,109.07,110.06,106.11,105.98,9816806.0,85677832.0
2012-08-10,108.21,109.81,109.07,107.47,7425414.0,65227752.0
2012-08-09,105.86,110.19,109.07,105.24,13909562.0,122555936.0
2012-08-08,106.6,107.22,105.36,105.24,5639575.0,48297288.0
2012-08-07,107.09,107.59,107.47,104.87,10248697.0,88230384.0
2012-08-06,101.16,107.34,107.22,100.91,20894748.0,178106016.0
2012-08-03,100.79,101.78,101.65,99.55,3943009.0,32158844.0
2012-08-02,100.05,102.39,100.54,99.3,6099069.0,49854992.0
2012-08-01,98.07,100.79,99.8,97.7,5019228.0,40491476.0
2012-07-31,98.93,99.43,97.94,97.7,3126561.0,24839172.0
2012-07-30,100.54,100.91,99.8,98.69,5001971.0,40312580.0
2012-07-27,101.41,102.02,100.79,99.55,6951320.0,56525076.0
2012-07-26,99.06,103.01,101.41,99.06,12875109.0,105867168.0
2012-07-25,100.66,101.03,99.55,99.18,6533727.0,52863124.0
2012-07-24,98.93,101.28,101.16,98.56,6897649.0,56009916.0
2012-07-23,98.44,100.05,99.67,98.07,6190747.0,49674224.0
2012-07-20,98.31,99.67,98.93,98.19,5471880.0,43781188.0
2012-07-19,96.58,99.55,98.19,95.96,8741521.0,69527080.0
2012-07-18,95.47,96.46,96.21,94.23,4691341.0,36162384.0
2012-07-17,97.45,97.94,95.47,93.99,8032743.0,61954488.0
2012-07-16,99.92,101.03,98.44,97.33,7524223.0,60298796.0
2012-07-13,100.17,101.41,99.8,98.69,7024081.0,56782916.0
2012-07-12,99.18,101.78,100.91,98.07,12354172.0,100534568.0
2012-07-11,98.93,99.92,99.55,96.83,6896675.0,54949364.0
2012-07-10,97.33,99.55,98.93,96.71,6070104.0,48189416.0
2012-07-09,98.56,102.02,98.07,97.94,15931778.0,129181280.0
2012-07-06,97.7,99.92,99.43,94.85,8883401.0,70321976.0
2012-07-05,98.31,98.93,97.45,95.96,4967981.0,39136096.0
2012-07-04,96.95,99.3,99.18,96.83,9714711.0,77261968.0
2012-07-03,98.19,99.43,96.71,96.33,5983289.0,47264456.0
2012-07-02,96.71,99.18,97.94,96.21,9753239.0,77492304.0
2012-06-29,92.75,96.58,96.33,92.01,7964264.0,61310728.0
2012-06-28,93.74,94.6,92.87,92.75,2861222.0,21653768.0
2012-06-27,94.73,94.97,93.37,93.12,2906568.0,22110956.0
2012-06-26,94.6,94.85,94.48,92.38,3130103.0,23693220.0
2012-06-25,95.96,96.21,94.48,94.36,3764426.0,28968742.0
2012-06-21,96.09,96.58,95.96,94.6,4003961.0,30925570.0
2012-06-20,97.7,98.19,95.96,94.97,7303409.0,56754384.0
2012-06-19,100.05,101.28,97.45,97.33,12677224.0,101554720.0
2012-06-18,95.84,98.93,98.56,95.22,13167683.0,103818088.0
2012-06-15,92.38,95.59,94.6,92.38,6351850.0,48452404.0
2012-06-14,92.5,93.0,92.01,91.64,2996481.0,22371102.0
2012-06-13,91.28,92.37,92.13,90.56,4121347.0,31450750.0
2012-06-12,90.8,91.28,90.56,90.08,2128129.0,16030281.0
2012-06-11,89.12,91.28,91.16,89.12,2225787.0,16717985.0
2012-06-08,91.28,91.53,89.72,89.6,3288880.0,24691880.0
2012-06-07,92.73,92.73,90.44,90.2,2756523.0,20880720.0
2012-06-06,92.13,93.21,91.65,91.16,1913478.0,14636293.0
2012-06-05,92.01,93.21,92.01,91.28,2862398.0,21906748.0
2012-06-04,92.49,93.33,91.77,91.53,3270774.0,25086338.0
2012-06-01,95.14,95.14,94.05,93.93,2736156.0,21465296.0
2012-05-31,93.93,95.26,94.17,93.57,3395834.0,26678964.0
2012-05-30,94.78,95.5,94.42,94.05,2968485.0,23349796.0
2012-05-29,93.69,95.14,94.66,92.61,4831849.0,37772224.0
2012-05-28,91.77,93.69,93.57,91.16,2761521.0,21219054.0
2012-05-25,94.42,94.54,92.13,91.89,4409692.0,34008780.0
2012-05-24,95.38,96.1,94.42,93.93,3563085.0,28057386.0
2012-05-23,96.22,96.58,95.62,95.14,2908910.0,23143780.0
2012-05-22,95.5,96.46,96.22,94.9,2297830.0,18311908.0
2012-05-21,94.17,95.5,94.9,93.93,2197491.0,17284840.0
2012-05-18,96.1,96.22,94.9,94.06,4831355.0,38115096.0
2012-05-17,95.74,97.43,96.94,94.54,3991788.0,31830720.0
2012-05-16,96.94,96.94,95.38,95.14,3976415.0,31710002.0
2012-05-15,98.87,98.87,97.19,95.62,8171535.0,65725260.0
2012-05-14,99.35,101.64,99.59,98.15,12176819.0,101276560.0
2012-05-11,98.75,99.47,98.51,97.79,4275816.0,35010332.0
2012-05-10,98.15,100.8,98.87,97.31,5752444.0,47509100.0
2012-05-08,101.16,101.16,99.72,99.23,5070724.0,42059928.0
2012-05-07,98.75,100.92,100.8,98.39,6456569.0,53631492.0
2012-05-04,99.72,99.95,99.23,98.39,4556379.0,37534584.0
2012-05-03,98.15,100.44,99.96,97.67,7232020.0,59645236.0
2012-05-02,97.67,98.15,97.79,96.82,5782644.0,46840816.0
2012-04-27,98.03,98.51,95.86,95.62,5877280.0,47108408.0
2012-04-26,98.27,99.35,98.27,97.67,3705592.0,30242216.0
2012-04-25,97.55,98.51,98.27,96.82,5213086.0,42271080.0
2012-04-24,97.67,99.96,97.19,95.38,6432335.0,52047964.0
2012-04-23,100.44,100.92,98.39,98.03,6510238.0,53673384.0
2012-04-20,101.64,101.76,101.04,99.59,7228226.0,60380948.0
2012-04-19,98.75,102.36,101.52,98.51,11418120.0,95935624.0
2012-04-18,99.11,101.88,99.47,99.11,11997654.0,99777080.0
2012-04-17,97.67,99.72,97.06,96.94,5442125.0,44338104.0
2012-04-16,97.43,98.39,97.79,96.58,4133451.0,33441112.0
2012-04-13,96.83,99.11,98.51,96.1,7335373.0,59426752.0
2012-04-12,94.78,96.94,96.7,94.54,5954794.0,47481400.0
2012-04-11,93.81,94.66,94.66,91.77,4259923.0,33125392.0
2012-04-10,93.93,94.66,94.17,90.44,5761214.0,44318288.0
2012-04-09,95.62,95.74,94.06,93.93,3692843.0,28952934.0
2012-04-06,95.74,96.83,95.74,95.26,2925151.0,23314964.0
2012-04-05,93.69,95.98,95.86,92.97,4323284.0,34159452.0
2012-03-30,93.21,94.54,93.33,92.73,3243710.0,25184168.0
2012-03-29,93.81,95.26,93.69,92.49,4642157.0,36252032.0
2012-03-28,99.35,99.47,94.9,94.54,7434749.0,59586516.0
2012-03-27,101.04,101.04,99.83,99.47,3071958.0,25569190.0
2012-03-26,100.68,100.92,100.08,99.11,2950226.0,24436396.0
2012-03-23,100.92,102.36,100.32,99.72,5593253.0,46794120.0
2012-03-22,101.76,102.36,100.92,100.56,4471984.0,37591804.0
2012-03-21,102.12,103.21,101.76,100.32,6163787.0,52024852.0
2012-03-20,104.29,105.74,101.76,101.4,10263876.0,88036736.0
2012-03-19,102.73,105.98,104.77,101.52,12897927.0,111999200.0
2012-03-16,99.96,102.0,101.88,99.47,8705264.0,72978216.0
2012-03-15,99.83,101.04,99.59,96.83,9989846.0,82240984.0
2012-03-14,107.3,107.42,99.83,99.47,17181444.0,148535152.0
2012-03-13,107.78,107.78,106.7,105.13,9511691.0,83922144.0
2012-03-12,105.38,107.42,107.3,105.25,14474250.0,128297792.0
2012-03-09,106.46,106.58,105.5,104.17,10828308.0,94467728.0
2012-03-08,102.0,105.38,105.25,101.76,13929939.0,120425672.0
2012-03-07,101.16,102.97,101.52,100.92,6499566.0,54983728.0
2012-03-06,103.93,103.93,102.24,101.76,7269360.0,61881032.0
2012-03-05,104.65,105.13,104.17,103.69,8447191.0,73148200.0
2012-03-02,101.88,104.53,104.17,101.76,8294427.0,71336144.0
2012-03-01,101.04,102.48,101.88,101.04,5341277.0,45176400.0
2012-02-29,102.61,103.69,101.52,101.52,7024888.0,59860976.0
2012-02-28,103.21,103.81,102.61,101.28,9735440.0,82926536.0
2012-02-27,104.41,105.5,103.81,103.45,15402107.0,133377336.0
2012-02-24,102.48,104.17,103.93,102.12,11965947.0,102770976.0
2012-02-23,102.61,103.33,102.48,101.4,9478317.0,80531384.0
2012-02-22,100.92,102.85,102.73,99.96,12681331.0,106881432.0
2012-02-21,100.56,101.16,101.16,98.87,6786176.0,56366692.0
2012-02-20,101.88,102.24,100.56,99.96,8602758.0,72075160.0
2012-02-17,102.12,102.85,100.56,99.96,7117466.0,59720088.0
2012-02-16,101.28,103.93,102.12,100.68,12087211.0,102678616.0
2012-02-15,100.08,101.64,101.52,98.87,10201622.0,85318504.0
2012-02-14,99.96,100.68,100.32,98.99,6520671.0,54012860.0
2012-02-13,98.27,101.28,100.08,97.91,9575214.0,79499096.0
2012-02-10,99.83,100.8,99.23,98.51,9531266.0,78761032.0
2012-02-09,98.15,101.04,99.59,97.55,14694909.0,121156368.0
2012-02-08,94.9,98.15,98.03,94.3,8980033.0,72034936.0
2012-02-07,97.19,97.67,95.02,94.54,7748562.0,61663128.0
2012-02-06,96.46,97.67,97.67,95.98,10186736.0,81958144.0
2012-02-03,94.9,96.7,96.46,94.06,10705329.0,85142880.0
2012-02-02,93.93,95.02,94.9,92.61,8885463.0,69252352.0
2012-02-01,94.42,95.38,94.17,93.45,5675429.0,44493264.0
2012-01-31,95.14,95.5,94.54,93.45,5064247.0,39616876.0
2012-01-30,96.46,96.83,95.26,94.78,6018811.0,47805676.0
2012-01-20,95.14,96.7,96.34,94.17,7329855.0,58205460.0
2012-01-19,94.78,95.98,94.3,92.73,8613204.0,67735136.0
2012-01-18,95.86,97.67,94.06,93.21,6719944.0,53272896.0
2012-01-17,89.36,95.86,95.5,89.12,7229007.0,55844528.0
2012-01-16,92.97,94.17,89.84,89.84,4605987.0,35264164.0
2012-01-13,97.79,98.51,93.09,91.53,8364376.0,65729616.0
2012-01-12,98.15,99.23,98.03,97.43,5992070.0,48908936.0
2012-01-11,98.39,100.2,98.03,97.19,9224646.0,75386080.0
2012-01-10,95.74,98.75,98.63,94.54,11848642.0,95714280.0
2012-01-09,92.85,95.74,95.5,90.68,10681966.0,83449704.0
2012-01-06,90.32,92.49,92.25,86.71,7030072.0,52377492.0
2012-01-05,98.87,99.47,90.68,89.0,11994410.0,93776400.0
2012-01-04,101.4,103.45,98.87,98.75,6251512.0,52685812.0
