date,open,high,close,low,volume,amount
2015-07-10,82.45,87.91,87.91,80.3,21435268.0,403627008.0
2015-07-09,65.43,79.93,79.93,65.43,36273912.0,570663936.0
2015-07-08,72.68,72.68,72.68,72.68,6528700.0,103414608.0
2015-07-07,83.14,83.51,80.75,80.75,23296542.0,411063904.0
2015-07-06,105.53,107.82,89.7,89.7,31349540.0,657936064.0
2015-07-03,101.77,108.65,99.66,99.66,21606754.0,476115840.0
2015-07-02,120.72,125.31,110.72,110.72,33149404.0,841582080.0
2015-07-01,125.72,135.26,123.01,122.05,43811592.0,1244003840.0
2015-06-30,121.13,129.85,129.57,112.41,43675476.0,1157255680.0
2015-06-29,119.57,124.8,122.37,110.62,40298324.0,1052132224.0
2015-06-26,118.93,126.31,114.94,110.67,32467856.0,838646208.0
2015-06-25,124.98,129.39,122.19,119.34,32090184.0,877220224.0
2015-06-24,119.39,127.0,126.73,118.52,30972472.0,831154880.0
2015-06-23,111.5,119.3,119.02,108.7,19840584.0,491067488.0
2015-06-19,118.24,121.82,111.54,109.06,18703760.0,473738720.0
2015-06-18,123.97,127.78,120.62,119.2,17671076.0,478087712.0
2015-06-17,123.93,125.21,124.07,117.0,19035320.0,503639648.0
2015-06-16,126.18,129.34,124.07,121.91,19237180.0,525844704.0
2015-06-15,130.54,134.39,128.33,127.14,26366086.0,754276800.0
2015-06-12,128.52,136.23,129.02,128.47,30839178.0,888006912.0
2015-06-11,125.76,129.02,128.43,123.93,24572100.0,677606848.0
2015-06-10,118.33,129.85,127.92,117.05,44374816.0,1207665536.0
2015-06-09,120.95,120.95,118.24,116.82,25544504.0,662364416.0
2015-06-08,120.17,121.59,120.67,117.14,36817144.0,961369216.0
2015-06-05,116.45,120.17,119.11,115.17,40275788.0,1036360704.0
2015-06-04,110.53,115.35,115.12,105.58,27363310.0,662496064.0
2015-06-03,112.64,113.24,110.39,109.61,20936640.0,508241696.0
2015-06-02,111.5,112.73,112.0,109.2,23654120.0,572728960.0
2015-06-01,105.99,110.94,110.9,103.92,24143764.0,570308352.0
2015-05-29,106.49,107.78,105.44,101.81,17454340.0,401735840.0
2015-05-28,112.46,115.49,106.31,105.81,31944012.0,778364224.0
2015-05-27,111.27,114.71,112.46,109.66,29501756.0,723512512.0
2015-05-26,110.07,111.95,111.72,107.92,30710176.0,739841024.0
2015-05-25,106.91,109.57,109.43,106.68,24816676.0,583739008.0
2015-05-22,105.48,106.58,106.54,104.25,22036900.0,507241216.0
2015-05-21,103.05,104.75,104.57,102.32,13087677.0,296540288.0
2015-05-20,102.69,104.06,102.96,101.81,12982082.0,291362752.0
2015-05-19,99.47,102.59,102.41,99.38,11089778.0,244982960.0
2015-05-18,100.94,100.94,99.47,99.38,9938347.0,216564864.0
2015-05-15,103.01,104.2,101.45,100.94,10828880.0,241627840.0
2015-05-14,103.79,104.61,102.87,102.14,9690966.0,217881808.0
2015-05-13,103.69,105.3,103.79,103.05,12503000.0,283597408.0
2015-05-12,104.38,105.16,104.34,103.01,12833451.0,290565536.0
2015-05-11,103.69,104.98,104.75,102.59,16529299.0,373359392.0
2015-05-08,101.86,103.24,103.19,101.08,12264457.0,272704928.0
2015-05-07,100.9,102.14,101.03,100.02,13407009.0,294980640.0
2015-05-06,103.24,103.51,100.9,100.3,11448089.0,254704704.0
2015-05-05,106.91,106.95,102.09,100.94,14512920.0,329013568.0
2015-05-04,106.22,108.74,107.0,105.53,10408267.0,243266832.0
2015-04-30,109.29,110.12,106.58,106.36,15982713.0,375602592.0
2015-04-29,107.55,110.16,109.2,107.55,12426850.0,295857664.0
2015-04-28,111.54,112.73,108.6,107.82,24431972.0,584427648.0
2015-04-27,114.84,117.37,113.56,112.73,25293860.0,631826560.0
2015-04-24,111.5,115.9,114.52,110.81,31956724.0,794190976.0
2015-04-23,112.73,113.74,113.06,110.44,26676596.0,651568640.0
2015-04-22,112.37,113.15,112.78,110.12,33758452.0,821742400.0
2015-04-21,106.26,110.81,110.72,106.26,28105698.0,668569408.0
2015-04-20,108.33,110.76,106.17,106.08,24120332.0,567480448.0
2015-04-17,111.13,112.6,109.38,108.51,22549048.0,541896832.0
2015-04-16,103.65,114.71,111.13,102.92,26830792.0,645401600.0
2015-04-15,110.07,110.07,105.44,105.39,15380460.0,359586816.0
2015-04-14,110.9,112.87,110.3,109.57,20046752.0,485411168.0
2015-04-13,112.46,112.64,110.44,108.74,23614990.0,567440512.0
2015-04-10,107.09,110.12,109.8,106.36,24489552.0,579667776.0
2015-04-09,107.04,109.06,107.09,103.74,23260156.0,539852480.0
2015-04-08,105.53,108.14,106.86,104.66,30799484.0,716658176.0
2015-04-07,101.68,105.48,105.39,101.63,29550788.0,668830784.0
2015-04-03,101.17,101.72,101.63,100.44,20153004.0,443150944.0
2015-04-02,102.32,102.87,101.77,101.17,16886256.0,375143872.0
2015-04-01,101.45,102.32,102.04,101.31,13611813.0,301967296.0
2015-03-31,103.51,103.51,101.63,101.12,22863030.0,508773696.0
2015-03-30,102.78,104.98,103.92,101.54,19932788.0,449066432.0
2015-03-27,102.55,103.83,102.87,101.31,15403257.0,344918848.0
2015-03-26,98.97,103.47,102.69,98.83,24199800.0,535436576.0
2015-03-25,99.34,100.34,98.97,98.42,11512259.0,248875616.0
2015-03-24,101.54,101.63,100.16,96.35,18839816.0,410136640.0
2015-03-23,99.8,102.14,101.49,99.8,15759774.0,346522752.0
2015-03-20,98.83,99.84,99.75,97.87,14763559.0,318512064.0
2015-03-19,100.21,100.21,99.02,97.78,14602638.0,314990880.0
2015-03-18,98.56,100.39,100.3,97.78,13492218.0,292095968.0
2015-03-17,96.95,100.48,98.56,96.35,18697326.0,402051360.0
2015-03-16,97.0,97.5,96.95,95.44,14410501.0,303031008.0
2015-03-13,94.24,95.99,95.94,93.51,15253672.0,315927488.0
2015-03-12,93.46,95.16,94.24,92.04,12716457.0,259569248.0
2015-03-11,92.96,95.44,93.42,92.96,9610963.0,196673856.0
2015-03-10,92.68,93.88,92.87,92.22,7525251.0,152895632.0
2015-03-09,93.0,93.14,92.68,90.71,7480319.0,149598880.0
2015-03-06,94.29,94.33,93.23,92.5,7460858.0,151901632.0
2015-03-05,92.87,94.98,94.06,92.22,11015425.0,225102224.0
2015-03-04,91.35,93.56,93.1,91.03,9269578.0,186382400.0
2015-03-03,92.64,93.0,91.49,91.44,7867453.0,157886224.0
2015-03-02,93.37,93.97,93.33,91.58,9867724.0,198826576.0
2015-02-27,92.64,94.56,93.37,92.41,9083185.0,185403456.0
2015-02-26,90.53,92.68,92.64,90.34,7121863.0,142263872.0
2015-02-25,92.22,92.78,90.44,90.16,5880265.0,116600832.0
2015-02-17,93.05,93.33,92.22,92.04,4879741.0,98513200.0
2015-02-16,92.27,93.1,92.96,91.81,5875917.0,118536136.0
2015-02-13,92.0,92.73,91.81,91.4,9552232.0,191883488.0
2015-02-12,91.86,92.68,91.49,90.39,5806839.0,115531816.0
2015-02-11,91.54,92.64,92.36,90.39,5003666.0,99701536.0
2015-02-10,90.89,94.01,91.63,90.85,7776359.0,156347504.0
2015-02-09,87.73,91.72,91.49,87.68,10453557.0,204692816.0
2015-02-06,90.8,90.85,87.96,87.5,6326504.0,122061280.0
2015-02-05,92.36,94.33,90.66,90.53,6843136.0,137888944.0
2015-02-04,91.86,93.78,92.13,91.08,7379238.0,148783392.0
2015-02-03,91.77,92.68,91.9,89.93,9284668.0,184036080.0
2015-02-02,97.04,97.87,91.58,90.62,14689431.0,296780192.0
2015-01-30,98.14,100.3,98.69,98.1,7844262.0,169671504.0
2015-01-29,98.19,100.25,98.42,97.64,4910740.0,105627120.0
2015-01-28,99.98,100.48,98.92,98.65,5980458.0,129291848.0
2015-01-27,101.91,101.91,100.44,98.28,8655026.0,188973536.0
2015-01-26,98.37,101.86,101.4,98.19,7433929.0,161431856.0
2015-01-23,99.61,101.63,98.28,97.91,8400657.0,181578496.0
2015-01-22,100.34,102.23,100.44,99.43,6572553.0,144701600.0
2015-01-21,98.1,100.25,100.25,97.04,5663506.0,122242680.0
2015-01-20,94.52,97.87,96.9,94.52,6822767.0,143178368.0
2015-01-19,100.48,104.02,93.74,93.56,12855826.0,276459776.0
2015-01-16,103.6,105.07,103.97,102.41,5763862.0,130684304.0
2015-01-15,102.04,104.2,103.14,99.47,6679711.0,148215648.0
2015-01-14,107.96,108.14,102.04,101.49,7977420.0,182064624.0
2015-01-13,108.7,109.89,107.04,106.68,5713915.0,134281104.0
2015-01-12,110.03,111.04,109.11,106.58,6851325.0,161457792.0
2015-01-09,111.95,116.04,110.85,110.12,8230816.0,204179824.0
2015-01-08,112.92,117.0,113.97,111.54,7457512.0,185310000.0
2015-01-07,114.84,117.69,113.06,111.5,9750612.0,242861632.0
2015-01-06,110.35,117.6,116.17,110.35,15984532.0,402309056.0
2015-01-05,105.03,115.26,114.52,102.64,22589930.0,540022976.0
2014-12-31,105.12,106.4,105.03,103.6,9094615.0,208075248.0
2014-12-30,107.82,108.74,105.25,105.12,10121547.0,236287728.0
2014-12-29,104.98,110.07,108.7,101.86,17047096.0,394237280.0
2014-12-26,107.82,107.92,106.63,105.16,12303915.0,285725696.0
2014-12-25,105.81,108.28,108.19,103.74,13910059.0,322049824.0
2014-12-24,102.0,108.7,105.53,102.0,27519664.0,638970496.0
2014-12-23,98.42,105.53,103.05,98.28,20362356.0,457090976.0
2014-12-22,101.63,102.18,100.53,95.07,14427023.0,312389664.0
2014-12-19,98.19,105.53,103.19,98.19,16509819.0,368305216.0
2014-12-18,97.91,100.21,98.69,97.91,6501806.0,140318704.0
2014-12-17,100.39,100.39,97.91,96.63,11021521.0,235573184.0
2014-12-16,102.09,103.24,100.9,99.47,14096778.0,310112224.0
2014-12-15,102.78,105.3,104.15,100.99,14633411.0,330703232.0
2014-12-12,100.85,104.84,103.47,100.39,16591352.0,372609088.0
2014-12-11,100.48,103.47,100.67,99.15,10405408.0,229552720.0
2014-12-10,97.32,101.36,100.48,97.32,11719092.0,254499152.0
2014-12-09,98.1,105.3,97.59,97.04,26917746.0,593531328.0
2014-12-08,96.81,101.58,100.3,96.35,16574493.0,358127392.0
2014-12-05,102.27,103.69,99.89,92.73,25108620.0,549481856.0
2014-12-04,99.11,103.79,102.27,99.11,22911840.0,509016832.0
2014-12-03,94.06,103.24,99.34,93.65,33136788.0,717034368.0
2014-12-02,97.73,98.6,96.22,93.14,32245620.0,675518848.0
2014-12-01,86.63,95.94,95.94,86.63,32738374.0,664740736.0
2014-11-28,88.23,89.42,87.22,84.75,12162524.0,230764048.0
2014-11-27,89.2,90.39,88.37,87.41,14965974.0,289722016.0
2014-11-26,86.76,90.16,89.29,86.26,18189544.0,350981408.0
2014-11-25,86.35,88.0,87.31,85.8,11466889.0,217143008.0
2014-11-24,84.97,87.08,86.86,83.37,14643818.0,272994912.0
2014-11-21,84.19,85.25,84.42,83.69,7845205.0,144347840.0
2014-11-20,83.32,85.25,85.16,82.31,9684982.0,176165968.0
2014-11-19,83.97,85.07,83.97,83.28,7789739.0,142634720.0
2014-11-18,84.7,85.39,84.65,83.32,12950001.0,237621280.0
2014-11-17,91.77,93.1,85.8,85.34,21237584.0,406907712.0
2014-11-14,86.72,89.84,89.56,86.03,25697848.0,496656992.0
2014-11-13,87.36,88.64,86.67,85.89,17652344.0,335210688.0
2014-11-12,87.82,88.32,88.05,85.2,20220488.0,382391552.0
2014-11-11,84.42,89.93,87.13,84.42,42724880.0,810565312.0
2014-11-10,75.8,83.05,83.05,75.8,30600848.0,541253760.0
2014-11-07,78.09,78.69,75.48,74.79,8598946.0,143602032.0
2014-11-06,77.82,79.06,78.0,77.54,8880798.0,151417120.0
2014-11-05,76.49,78.46,77.54,76.17,8026459.0,135555840.0
2014-11-04,77.08,77.54,76.49,75.84,5025328.0,83893096.0
2014-11-03,77.63,77.86,77.22,76.72,6534858.0,110145496.0
2014-10-31,76.03,78.78,77.63,74.97,9035125.0,151963744.0
2014-10-30,75.84,77.04,76.12,75.2,5216893.0,86796696.0
2014-10-29,75.57,76.3,75.94,74.79,5660203.0,93233424.0
2014-10-28,74.24,75.34,75.06,73.64,4993258.0,81179792.0
2014-10-27,72.4,76.31,76.07,71.23,8757049.0,138159440.0
2014-10-24,75.56,76.64,73.44,73.11,6274394.0,100445480.0
2014-10-23,78.8,78.94,75.51,75.46,7506200.0,122476472.0
2014-10-22,79.17,79.79,79.22,77.72,7822830.0,131254112.0
2014-10-21,79.69,81.29,79.17,78.99,7960481.0,135390096.0
2014-10-20,81.34,81.38,79.69,79.17,9913487.0,168575328.0
2014-10-17,78.05,81.62,81.06,77.58,21574728.0,366996448.0
2014-10-16,76.35,79.22,78.09,75.69,10902291.0,180842192.0
2014-10-15,76.21,76.82,76.78,75.46,6054116.0,98062912.0
2014-10-14,77.2,77.72,76.21,75.93,6161843.0,100858496.0
2014-10-13,76.54,77.44,77.25,75.6,5760234.0,93956008.0
2014-10-10,77.67,78.09,76.87,76.64,5911268.0,97182160.0
2014-10-09,77.67,78.23,78.05,77.15,9063460.0,150196400.0
2014-10-08,78.05,78.28,77.86,76.4,6757477.0,111038152.0
2014-09-30,78.89,78.99,78.09,77.81,7966073.0,132355464.0
2014-09-29,79.64,80.4,78.85,78.14,8591844.0,144222400.0
2014-09-26,79.79,80.35,79.55,78.94,4503177.0,76227184.0
2014-09-25,78.61,81.1,79.83,78.61,10364193.0,176710128.0
2014-09-24,76.21,78.8,78.66,76.21,5239866.0,86827640.0
2014-09-23,75.65,77.06,76.54,75.46,3362154.0,54622348.0
2014-09-22,77.29,77.39,75.74,75.51,4056167.0,65697728.0
2014-09-19,75.98,77.39,77.29,75.6,6668353.0,108802696.0
2014-09-18,75.65,76.21,75.98,74.75,7597788.0,122149776.0
2014-09-17,75.46,76.12,76.03,74.94,4519853.0,72659280.0
2014-09-16,79.08,79.36,75.37,75.18,9648102.0,159078784.0
2014-09-15,79.22,79.41,79.08,77.62,7405100.0,123603320.0
2014-09-12,79.5,80.21,79.55,78.7,8253653.0,138869584.0
2014-09-11,80.91,81.81,80.35,79.74,7075888.0,121330864.0
2014-09-10,78.99,81.24,80.91,78.56,8116583.0,139086832.0
2014-09-09,80.35,80.4,79.36,78.52,6712698.0,112970928.0
2014-09-05,81.01,81.81,80.35,80.02,7483701.0,128411760.0
2014-09-04,81.43,81.76,81.06,79.46,6421076.0,110150672.0
2014-09-03,79.69,84.39,81.1,79.08,14804740.0,257635104.0
2014-09-02,76.31,80.63,79.83,75.46,20730768.0,347778624.0
2014-09-01,74.24,76.31,76.17,73.81,6721865.0,107565120.0
2014-08-29,72.69,75.46,74.33,72.69,5948384.0,93974296.0
2014-08-28,72.17,73.25,72.88,71.46,3203640.0,49309008.0
2014-08-27,72.03,73.02,72.5,72.03,3288836.0,50761688.0
2014-08-26,73.44,74.0,72.59,72.17,5065917.0,78674432.0
2014-08-25,76.12,76.12,73.67,73.58,8603462.0,136088784.0
2014-08-22,75.98,76.87,76.12,75.46,5022343.0,81488816.0
2014-08-21,76.87,77.34,76.07,74.9,7393628.0,119064504.0
2014-08-20,76.59,78.05,77.44,75.7,10171549.0,167139776.0
2014-08-19,77.53,77.62,76.73,75.51,7166308.0,116439936.0
2014-08-18,77.2,78.28,77.53,77.01,6137130.0,101138608.0
2014-08-15,75.08,78.52,77.62,74.28,14435596.0,234742288.0
2014-08-14,77.11,78.75,75.22,75.08,11766522.0,191032336.0
2014-08-13,74.9,77.76,77.25,74.61,15181717.0,247578080.0
2014-08-12,74.99,76.26,75.08,74.28,8658149.0,138421360.0
2014-08-11,74.52,75.04,74.99,74.0,5963235.0,94682832.0
2014-08-08,73.3,74.33,73.96,73.11,4081885.0,64088076.0
2014-08-07,74.9,75.23,73.44,73.44,7260710.0,114428224.0
2014-08-06,75.7,75.93,74.71,74.52,6205475.0,99357568.0
2014-08-05,75.32,76.45,75.88,74.66,8635885.0,138668080.0
2014-08-04,74.66,75.51,75.22,73.58,7302366.0,116154360.0
2014-08-01,76.12,76.73,74.66,74.28,6468556.0,103843264.0
2014-07-31,74.71,76.64,76.21,74.57,5499082.0,88761256.0
2014-07-30,76.4,77.86,74.99,74.52,11467114.0,185191264.0
2014-07-29,77.34,77.95,77.44,76.07,7207586.0,118154456.0
2014-07-28,75.65,79.27,77.76,75.65,14683982.0,242947280.0
2014-07-25,72.17,76.59,75.84,71.7,15507889.0,246497136.0
2014-07-24,72.4,73.3,72.78,70.52,10939749.0,167381104.0
2014-07-23,72.73,74.14,72.31,71.79,9467585.0,146342704.0
2014-07-22,72.41,75.7,74.0,71.46,13837180.0,217125904.0
2014-07-21,72.17,76.68,73.25,71.46,17294042.0,273804256.0
2014-07-18,68.64,75.08,72.83,68.41,26718472.0,410285536.0
2014-07-17,69.87,70.99,69.02,68.36,10243761.0,151128384.0
2014-07-16,69.58,71.51,70.57,68.27,18435084.0,272901440.0
2014-07-15,66.58,72.55,70.24,66.29,41775088.0,619192576.0
2014-07-14,61.17,67.23,67.23,60.93,35329320.0,491799840.0
2014-07-11,60.84,61.59,61.12,60.13,4793887.0,62260200.0
2014-07-10,60.46,61.5,60.65,60.37,4450840.0,57544996.0
2014-07-09,61.36,62.16,60.65,60.51,5353069.0,69844128.0
2014-07-08,61.22,62.2,61.59,61.22,2960226.0,38762348.0
2014-07-07,61.5,61.92,61.45,60.79,5104318.0,66559544.0
2014-07-04,62.39,62.72,61.78,61.54,4239778.0,55860668.0
2014-07-03,62.72,62.81,62.39,62.16,5949201.0,79048608.0
2014-07-02,62.06,62.86,62.86,61.59,6506083.0,86284416.0
2014-07-01,62.53,62.81,62.11,61.87,4093325.0,54092308.0
2014-06-30,63.42,63.66,62.44,62.39,4965685.0,66518568.0
2014-06-27,61.5,63.28,62.95,61.26,8254588.0,109842752.0
2014-06-26,61.36,62.16,61.5,61.12,3045707.0,39982016.0
2014-06-25,61.12,62.34,61.31,61.03,5212653.0,68480896.0
2014-06-24,59.57,62.39,61.97,59.38,8950843.0,117216992.0
2014-06-23,59.52,60.09,59.71,59.24,2529641.0,32045224.0
2014-06-20,59.19,59.71,59.33,58.77,3299642.0,41600624.0
2014-06-19,61.31,61.31,59.19,59.1,6532384.0,83467312.0
2014-06-18,61.73,61.83,61.36,61.07,3204063.0,41822700.0
2014-06-17,63.0,63.0,61.54,61.31,5228604.0,68873360.0
2014-06-16,63.05,63.28,63.0,62.62,4700707.0,62974136.0
2014-06-13,62.36,62.73,62.68,61.86,4360556.0,59415136.0
2014-06-12,62.31,62.82,62.22,61.99,3995003.0,54366632.0
2014-06-11,61.44,62.63,62.59,61.21,5216463.0,70519848.0
2014-06-10,61.4,61.72,61.49,60.8,4945252.0,66232440.0
2014-06-09,62.09,62.45,61.4,61.31,4790650.0,64625328.0
2014-06-06,62.73,62.96,62.04,61.81,2429033.0,33005826.0
2014-06-05,61.86,62.77,62.73,61.4,2370338.0,32183228.0
2014-06-04,63.46,63.6,61.86,61.58,3718477.0,50498524.0
2014-06-03,63.41,64.06,63.46,63.28,2040135.0,28283646.0
2014-05-30,63.14,63.92,63.41,63.05,2459626.0,34096184.0
2014-05-29,64.15,64.56,63.28,63.23,3380206.0,47229176.0
2014-05-28,63.46,64.97,64.19,63.14,4966200.0,69310640.0
2014-05-27,64.15,64.28,63.51,63.28,2825025.0,39331204.0
2014-05-26,64.06,64.42,64.24,63.55,2975743.0,41596792.0
2014-05-23,63.19,63.69,63.64,62.86,2375806.0,32834734.0
2014-05-22,63.64,64.51,63.19,63.14,3264712.0,45395056.0
2014-05-21,62.63,63.96,63.69,62.54,3116195.0,43170080.0
2014-05-20,64.51,64.61,63.09,62.31,5215410.0,72240280.0
2014-05-19,65.66,65.75,64.06,63.87,5565786.0,78116480.0
2014-05-16,66.35,66.62,66.21,65.93,1600980.0,23136118.0
2014-05-15,67.22,67.81,66.25,66.25,2906275.0,42444456.0
2014-05-14,68.55,68.55,67.22,66.9,3506475.0,51574852.0
2014-05-13,67.95,69.46,68.5,67.45,6763994.0,100987600.0
2014-05-12,66.48,68.73,67.9,66.21,6757392.0,99770912.0
2014-05-09,66.07,67.26,66.03,65.52,3054456.0,44192080.0
2014-05-08,65.75,66.71,65.84,65.57,2673380.0,38588284.0
2014-05-07,66.44,66.85,65.66,65.48,3313653.0,47778220.0
2014-05-06,66.44,66.9,66.44,65.98,3330340.0,48335672.0
2014-05-05,66.67,66.9,66.53,65.7,4696378.0,67902096.0
2014-04-30,67.54,67.72,67.03,66.48,3472288.0,50807072.0
2014-04-29,67.03,67.86,67.49,66.48,2379286.0,34934964.0
2014-04-28,68.36,68.59,67.17,66.76,5718376.0,84314768.0
2014-04-25,71.48,71.8,69.69,69.64,8515445.0,130640496.0
2014-04-24,71.61,72.58,72.03,71.48,4348851.0,68242016.0
2014-04-23,70.79,72.62,72.26,70.61,7430945.0,116721944.0
2014-04-22,70.42,71.2,70.79,69.83,4775608.0,73481160.0
2014-04-21,71.84,72.39,70.47,70.24,6136536.0,95245888.0
2014-04-18,72.07,72.99,72.35,71.52,4038824.0,63873752.0
2014-04-17,71.98,72.53,72.03,71.8,3643573.0,57385008.0
2014-04-16,71.61,72.58,71.98,71.25,4778814.0,75026608.0
2014-04-15,73.22,73.49,71.66,71.39,7491880.0,118386488.0
2014-04-14,73.08,74.18,73.77,72.3,6550933.0,104807288.0
2014-04-11,72.72,74.5,73.63,72.62,11399635.0,183724784.0
2014-04-10,72.67,73.59,72.94,71.94,8339700.0,132402568.0
2014-04-09,72.72,74.69,73.27,72.12,11713529.0,187668720.0
2014-04-08,71.02,72.81,72.76,70.88,8719185.0,137150240.0
2014-04-04,70.75,71.48,71.43,70.42,4218331.0,65291896.0
2014-04-03,72.07,72.21,71.02,70.65,6470323.0,100479192.0
2014-04-02,71.43,73.13,71.98,71.07,9913067.0,155834656.0
2014-04-01,70.56,71.89,71.34,70.47,7166846.0,111484448.0
2014-03-31,70.15,71.16,70.52,70.1,6960770.0,107308928.0
2014-03-28,73.04,73.72,70.65,70.1,12665407.0,196708096.0
2014-03-27,73.49,74.64,73.13,72.85,9315509.0,150006848.0
2014-03-26,74.18,74.5,73.77,73.13,13533316.0,217477152.0
2014-03-25,77.8,77.8,74.32,72.85,25596940.0,418253728.0
2014-03-24,79.54,81.65,80.46,78.81,15243963.0,267138864.0
2014-03-21,77.89,80.83,79.63,76.61,14751850.0,252707008.0
2014-03-20,81.15,82.47,78.17,78.03,12030764.0,210743840.0
2014-03-19,81.01,82.34,81.28,80.18,14761011.0,261896352.0
2014-03-18,83.12,86.51,81.7,81.51,29204088.0,537094464.0
2014-03-17,81.51,83.21,83.02,80.87,16892362.0,302077856.0
2014-03-14,82.06,82.98,82.43,79.77,32280794.0,574403200.0
2014-03-13,72.85,79.91,79.91,72.85,18907652.0,322569504.0
2014-03-12,73.08,74.41,72.62,72.03,5744216.0,91910328.0
2014-03-11,71.02,74.59,73.13,70.1,8440410.0,133017776.0
2014-03-10,75.14,75.37,71.39,71.16,6271618.0,99694448.0
2014-03-07,76.06,76.98,75.83,75.23,5950593.0,98869832.0
2014-03-06,75.65,76.7,76.06,74.82,3927106.0,65093784.0
2014-03-05,74.18,77.16,76.38,73.31,6715637.0,111099352.0
2014-03-04,74.46,75.56,74.18,73.77,3311984.0,53749488.0
2014-03-03,74.55,75.1,74.87,73.72,2482408.0,40353400.0
2014-02-28,73.36,74.73,74.55,72.72,2906513.0,47062808.0
2014-02-27,74.36,74.82,73.59,73.49,2696721.0,43491304.0
2014-02-26,73.54,75.19,74.27,73.31,3184332.0,51519972.0
2014-02-25,76.15,76.7,73.54,73.45,5971458.0,97310984.0
2014-02-24,76.98,77.02,76.66,75.14,3627868.0,60230512.0
2014-02-21,78.44,79.36,77.66,76.52,4630408.0,78549872.0
2014-02-20,80.32,80.92,78.4,78.17,4138293.0,71308208.0
2014-02-19,79.5,82.34,80.6,79.5,6646043.0,117680464.0
2014-02-18,81.88,82.2,79.59,79.31,6192864.0,108372272.0
2014-02-17,79.27,82.93,81.92,79.08,10686032.0,189861904.0
2014-02-14,76.33,79.63,79.36,76.33,9478072.0,162155728.0
2014-02-13,76.2,77.8,76.47,75.78,5802472.0,97660760.0
2014-02-12,76.75,76.75,76.29,75.6,4625814.0,76755200.0
2014-02-11,75.42,77.62,76.75,75.01,7657287.0,127783312.0
2014-02-10,74.69,75.83,75.65,74.27,7188006.0,117876928.0
2014-02-07,74.27,75.05,74.5,73.36,3749766.0,60612004.0
2014-01-30,80.37,80.37,74.64,74.5,12209155.0,202545568.0
2014-01-29,83.25,83.57,80.46,79.91,7542077.0,133109816.0
2014-01-28,83.16,84.31,83.25,82.57,4101030.0,74627584.0
2014-01-27,83.02,84.54,83.02,81.92,6985045.0,126475456.0
2014-01-24,83.44,84.86,83.25,82.98,7499748.0,137308368.0
2014-01-23,84.77,85.64,84.4,82.52,8438782.0,154975152.0
2014-01-22,83.3,87.33,86.14,83.16,7894397.0,148674608.0
2014-01-21,84.12,84.9,83.94,83.39,2315118.0,42546864.0
2014-01-20,79.63,84.72,84.54,79.45,8779715.0,159251328.0
2014-01-17,83.44,83.57,80.5,80.09,6392034.0,114476432.0
2014-01-16,82.8,85.45,83.8,82.8,4747364.0,87596248.0
2014-01-15,83.71,84.26,83.39,82.47,4085714.0,74534064.0
2014-01-14,82.7,84.31,83.76,81.83,2992436.0,54510832.0
2014-01-13,81.97,83.94,82.75,81.33,4402602.0,79341784.0
2014-01-10,80.64,82.29,81.47,79.82,2673264.0,47403140.0
2014-01-09,81.56,85.45,80.83,80.05,6492027.0,116818112.0
2014-01-08,84.31,84.77,81.47,81.1,4094357.0,73835752.0
2014-01-07,83.16,85.18,84.49,82.47,3968631.0,72590520.0
2014-01-06,86.6,87.38,83.53,83.44,3550701.0,66080028.0
2014-01-03,87.1,88.11,87.56,86.19,4196114.0,79771120.0
2014-01-02,87.06,89.07,88.29,85.96,7204272.0,137787440.0
2013-12-31,82.47,89.71,88.43,81.79,14357810.0,272735008.0
2013-12-30,83.67,84.49,83.07,82.43,5933548.0,107979144.0
2013-12-27,80.64,84.67,83.62,79.72,5001646.0,90730232.0
2013-12-26,83.02,83.48,80.6,79.13,4009188.0,70996432.0
2013-12-25,83.16,83.99,83.21,82.57,1573024.0,28608840.0
2013-12-24,81.42,84.17,82.57,81.38,4148965.0,75116792.0
2013-12-23,82.47,82.7,81.47,79.27,4149539.0,73497496.0
2013-12-20,85.45,85.54,82.2,81.42,6843176.0,123785240.0
2013-12-19,85.22,86.32,85.18,84.31,3700284.0,68829912.0
2013-12-18,86.46,86.83,84.72,84.44,5105207.0,94993392.0
2013-12-17,86.92,87.97,86.64,86.09,5313055.0,100630256.0
2013-12-16,90.13,90.49,86.83,86.23,7469695.0,143208560.0
2013-12-13,90.72,92.74,90.4,90.26,5290986.0,105559112.0
2013-12-12,92.56,94.2,91.5,91.09,6565630.0,131797544.0
2013-12-11,91.59,94.62,93.24,90.54,11816174.0,240371680.0
2013-12-10,90.72,92.78,91.87,90.36,8409855.0,168034864.0
2013-12-09,88.66,93.93,91.32,87.38,13986628.0,276218144.0
2013-12-06,85.86,88.75,88.71,85.22,10337595.0,197686352.0
2013-12-05,86.46,87.33,86.0,85.68,4887712.0,92164904.0
2013-12-04,85.0,87.29,86.55,84.26,6825649.0,128373320.0
2013-12-03,84.08,87.19,85.5,83.67,5998887.0,111837480.0
2013-12-02,87.29,87.42,84.12,84.08,6456417.0,120490176.0
2013-11-29,89.07,89.21,88.29,87.7,4171290.0,80321992.0
2013-11-28,87.56,90.26,89.12,87.24,7923222.0,154083504.0
2013-11-27,87.06,87.7,87.52,85.96,3964697.0,75219184.0
2013-11-26,87.88,88.16,87.28,86.19,3980300.0,75486944.0
2013-11-25,86.19,88.98,87.74,86.09,6601396.0,126789992.0
2013-11-22,86.74,87.15,86.28,85.45,4776837.0,89837480.0
2013-11-21,89.76,89.76,86.74,86.14,8189004.0,156090368.0
2013-11-20,90.03,91.5,90.08,88.71,6790106.0,133006080.0
2013-11-19,88.89,92.65,89.94,88.34,12697030.0,252142992.0
2013-11-18,87.88,89.07,88.98,86.28,9367722.0,179492032.0
2013-11-15,88.61,89.58,88.16,87.52,10877761.0,209803472.0
2013-11-14,90.22,90.63,88.66,87.06,9818509.0,189166320.0
2013-11-13,89.35,94.62,90.17,88.57,20570030.0,413124288.0
2013-11-12,84.31,92.46,90.4,83.99,24157384.0,469822176.0
2013-11-11,81.01,85.09,84.67,80.73,9450110.0,173837936.0
2013-11-08,82.57,83.94,81.56,81.1,4662729.0,83866128.0
2013-11-07,81.97,84.4,83.34,81.47,7404763.0,134207408.0
2013-11-06,79.4,85.18,82.47,78.72,14908848.0,268466720.0
2013-11-05,78.58,79.72,79.45,77.53,3938343.0,67784656.0
2013-11-04,78.4,79.54,78.9,77.89,3543927.0,61044816.0
2013-11-01,78.21,79.17,78.35,77.66,4755166.0,81423648.0
2013-10-31,76.93,81.28,79.59,76.52,11515755.0,199362192.0
2013-10-30,76.56,76.93,76.61,75.74,4453899.0,74286952.0
2013-10-29,76.93,77.85,76.7,75.51,5208967.0,86875152.0
2013-10-28,78.31,78.31,77.66,75.51,8670933.0,145203376.0
2013-10-25,82.8,83.16,79.22,78.72,9134328.0,159834240.0
2013-10-24,84.26,84.31,82.8,82.66,4153070.0,75387456.0
2013-10-23,84.63,85.59,84.26,84.03,6340774.0,117089344.0
2013-10-22,84.26,85.77,84.81,83.62,8624699.0,159866688.0
2013-10-21,82.8,84.44,84.31,82.75,5934304.0,108450912.0
2013-10-18,83.67,84.08,82.8,82.38,5436020.0,98419592.0
2013-10-17,84.77,84.9,83.62,83.07,7618439.0,139497712.0
2013-10-16,84.95,85.96,84.49,83.89,13091705.0,243612544.0
2013-10-15,84.08,85.45,84.72,83.21,10642672.0,195946256.0
2013-10-14,82.57,85.18,84.44,82.06,16603073.0,304479296.0
2013-10-11,81.97,82.93,82.47,81.33,9244393.0,165542576.0
2013-10-10,84.08,84.12,81.92,81.83,7334136.0,132388608.0
2013-10-09,83.57,84.77,84.12,83.39,6095148.0,111708416.0
2013-10-08,83.21,84.26,83.89,82.11,7449739.0,135279104.0
2013-09-30,83.99,84.67,83.8,82.02,7388358.0,134360480.0
2013-09-27,86.69,87.15,84.12,83.62,10896307.0,201139104.0
2013-09-26,87.06,88.11,86.83,86.23,8051047.0,152874368.0
2013-09-25,88.61,88.66,87.52,87.1,10459649.0,200407120.0
2013-09-24,91.73,92.0,88.98,87.93,13072950.0,254993296.0
2013-09-23,91.04,91.09,90.77,89.94,8832658.0,174640000.0
2013-09-18,91.91,92.88,91.23,90.22,10885985.0,215713840.0
2013-09-17,97.27,97.27,91.96,91.55,13231498.0,269165888.0
2013-09-16,99.43,99.61,97.27,97.23,6480735.0,138953328.0
2013-09-13,96.72,101.12,99.38,96.72,13186436.0,286101728.0
2013-09-12,97.55,98.51,97.23,96.86,5958794.0,126574904.0
2013-09-11,95.3,97.92,97.78,94.62,12429059.0,262305776.0
2013-09-10,94.89,95.49,95.21,94.2,6108473.0,126322992.0
2013-09-09,94.39,95.26,94.98,93.88,7917971.0,163288560.0
2013-09-06,93.88,98.14,94.25,93.38,5945964.0,122949816.0
2013-09-05,94.57,94.57,93.56,92.78,5441654.0,110974720.0
2013-09-04,94.39,95.08,94.53,93.61,6706716.0,138166560.0
2013-09-03,94.2,95.67,95.26,92.83,10181613.0,208920864.0
2013-09-02,101.58,101.63,93.79,93.7,16759268.0,351380832.0
2013-08-30,103.55,103.83,102.54,101.72,4367575.0,97978272.0
2013-08-29,103.09,104.88,104.15,102.41,6039327.0,136646304.0
2013-08-28,103.78,104.47,102.68,102.5,6401644.0,144109056.0
2013-08-27,103.55,105.48,105.2,101.81,9036525.0,205356832.0
2013-08-26,101.72,103.69,103.64,101.08,3788003.0,84918264.0
2013-08-23,102.27,103.05,101.63,100.39,3975191.0,88304040.0
2013-08-22,103.55,104.1,102.13,102.08,5812752.0,130409504.0
2013-08-21,103.41,104.28,104.06,103.09,4521848.0,102241216.0
2013-08-20,106.03,106.71,103.6,103.14,11795649.0,269482208.0
2013-08-19,105.02,107.72,107.63,105.02,3165014.0,73591744.0
2013-08-16,106.3,110.42,106.53,105.38,6891306.0,162171504.0
2013-08-15,107.72,109.74,107.35,106.99,7640407.0,180592928.0
2013-08-14,108.09,110.24,107.54,106.39,7345014.0,174321520.0
2013-08-13,107.22,110.29,108.0,106.85,9249292.0,219209504.0
2013-08-12,103.23,107.45,107.22,102.5,11421601.0,262993952.0
2013-08-09,104.88,105.61,103.23,102.18,6040125.0,136341872.0
2013-08-08,105.52,106.76,104.83,104.19,4557938.0,104524744.0
2013-08-07,103.55,107.03,106.3,102.91,10001835.0,230117024.0
2013-08-06,102.18,104.51,104.24,101.81,9642278.0,217927536.0
2013-08-05,101.44,102.54,101.99,100.8,5341425.0,118731232.0
2013-08-02,101.53,103.23,101.17,100.8,6018886.0,133863144.0
2013-08-01,99.89,101.63,101.03,99.52,5230959.0,114815584.0
2013-07-31,99.89,100.62,99.56,99.2,3610459.0,78603320.0
2013-07-30,101.03,101.76,99.66,98.69,5626878.0,122860616.0
2013-07-29,102.36,102.64,100.85,100.76,4480289.0,99153720.0
2013-07-26,105.2,105.2,103.14,102.64,7673449.0,173392976.0
2013-07-25,104.56,109.42,105.7,103.64,11167119.0,260604800.0
2013-07-24,105.16,106.39,104.7,102.86,6496602.0,147773616.0
2013-07-23,104.28,106.44,105.84,103.87,5912485.0,136264672.0
2013-07-22,103.32,105.84,103.87,103.23,4678584.0,106157472.0
2013-07-19,107.58,108.13,104.93,104.88,8712961.0,200849696.0
2013-07-18,110.01,110.75,108.13,107.72,4443332.0,105684160.0
2013-07-17,111.43,113.49,110.79,110.1,5948523.0,145356608.0
2013-07-16,109.09,113.08,112.44,108.36,9333859.0,226893632.0
2013-07-15,108.27,109.42,109.05,106.76,6108567.0,144386688.0
2013-07-12,111.66,112.03,108.27,108.04,8069409.0,193282736.0
2013-07-11,106.9,115.19,111.8,106.12,13784893.0,335012320.0
2013-07-10,104.06,107.12,106.94,103.19,6285292.0,144707744.0
2013-07-09,104.83,106.25,104.38,104.01,5126636.0,117482344.0
2013-07-08,108.32,109.14,106.03,105.84,5939258.0,138981152.0
2013-07-05,108.96,112.26,109.92,108.41,7338426.0,177389840.0
2013-07-04,108.0,110.52,109.19,106.8,6548061.0,155707728.0
2013-07-03,110.42,110.42,108.45,106.8,7322101.0,173439392.0
2013-07-02,108.13,112.72,111.16,106.35,12470185.0,298249152.0
2013-07-01,112.26,112.44,107.86,106.12,12453970.0,293722752.0
2013-06-28,115.78,118.35,112.26,111.34,9773051.0,243242096.0
2013-06-27,127.24,127.24,115.78,115.46,9674537.0,252697568.0
2013-06-26,125.91,126.98,124.22,121.74,7575235.0,211423392.0
2013-06-25,119.96,126.31,126.09,110.41,10156617.0,280048384.0
2013-06-24,125.16,126.27,122.49,119.69,7682819.0,214258720.0
2013-06-21,120.76,125.91,125.16,119.03,6923392.0,193578272.0
2013-06-20,123.33,126.13,122.09,121.69,7477006.0,208907424.0
2013-06-19,117.92,124.49,124.05,117.03,7361444.0,200965344.0
2013-06-18,117.25,119.29,118.85,116.81,3206985.0,85326712.0
2013-06-17,122.58,123.47,118.36,115.96,5349661.0,142994640.0
2013-06-14,121.11,122.8,122.36,120.4,3990971.0,109382576.0
2013-06-13,118.14,122.36,121.74,114.81,7344865.0,197030912.0
2013-06-07,121.96,124.09,119.96,118.98,4696122.0,127395800.0
2013-06-06,123.96,125.91,122.54,121.69,5380564.0,149848368.0
2013-06-05,120.36,124.58,124.27,119.43,6697213.0,184367904.0
2013-06-04,123.47,124.0,120.85,119.92,6291719.0,172579728.0
2013-06-03,126.31,127.55,123.91,123.42,7766069.0,218464368.0
2013-05-31,126.62,128.22,126.13,125.91,4780915.0,136643648.0
2013-05-30,130.4,130.4,127.11,126.89,9524687.0,274380352.0
2013-05-29,131.82,134.88,131.51,130.57,6492605.0,193726656.0
2013-05-28,130.09,132.17,131.77,128.18,6392196.0,187746752.0
2013-05-27,132.17,132.22,130.04,128.58,7625178.0,222738320.0
2013-05-24,131.02,133.64,132.22,128.13,8091131.0,238446864.0
2013-05-23,129.69,135.1,131.11,128.89,13295814.0,396719520.0
2013-05-22,124.84,131.15,129.95,124.36,12818722.0,371296416.0
2013-05-21,124.84,126.31,124.8,122.67,7354885.0,205330464.0
2013-05-20,121.91,125.64,124.89,121.69,9037380.0,252569008.0
2013-05-17,118.81,121.34,121.25,117.74,5846193.0,157943008.0
2013-05-16,117.92,120.14,118.81,114.59,7004936.0,185905504.0
2013-05-15,118.36,120.27,117.92,117.38,4788733.0,127583120.0
2013-05-14,123.47,123.47,118.23,118.14,7132286.0,191919472.0
2013-05-13,120.63,124.36,123.56,120.63,7234213.0,200646240.0
2013-05-10,122.62,125.02,121.42,121.2,6021143.0,166067792.0
2013-05-09,121.6,125.73,122.62,121.56,11566232.0,322972096.0
2013-05-08,123.47,123.87,121.38,120.14,9508962.0,260245904.0
2013-05-07,118.14,124.58,123.87,117.61,15389632.0,422628640.0
2013-05-06,113.92,118.58,118.45,113.25,8800084.0,230164752.0
2013-05-03,112.77,114.36,113.79,111.97,8074920.0,205876512.0
2013-05-02,117.87,117.87,112.77,111.83,9442391.0,242675424.0
2013-04-26,119.47,121.96,118.98,118.23,5807403.0,156709744.0
2013-04-25,121.6,122.0,119.74,119.12,6571351.0,178634976.0
2013-04-24,123.69,124.76,122.76,118.67,11493215.0,312791584.0
2013-04-23,124.27,126.53,123.56,122.58,10743365.0,301574112.0
2013-04-22,134.35,135.02,125.42,124.36,24479348.0,700384832.0
2013-04-19,136.35,138.12,136.3,132.35,8754271.0,265964480.0
2013-04-18,139.68,139.68,137.1,135.46,5738864.0,177012096.0
2013-04-17,136.57,141.23,139.95,136.57,4806480.0,151439712.0
2013-04-16,135.9,139.32,137.24,133.95,5298055.0,163772592.0
2013-04-15,141.68,141.68,139.81,136.35,5012403.0,156342816.0
2013-04-12,139.46,146.65,142.21,137.15,9538330.0,309311744.0
2013-04-11,139.68,142.12,140.34,137.68,7065169.0,222517312.0
2013-04-10,131.46,141.15,140.83,130.84,14000919.0,433432000.0
2013-04-09,127.51,132.26,131.69,127.51,10702885.0,314650112.0
2013-04-08,125.16,128.8,127.51,121.11,7463417.0,209985744.0
2013-04-03,128.22,128.75,127.47,125.29,6319077.0,180489808.0
2013-04-02,125.02,128.75,128.13,124.93,8891355.0,254559968.0
2013-04-01,132.75,132.75,125.07,124.93,15902840.0,453189920.0
2013-03-29,136.04,137.24,133.28,130.8,9393733.0,283375680.0
2013-03-28,142.12,142.12,136.75,133.33,15733625.0,485791648.0
2013-03-27,154.11,154.25,143.06,139.46,19630152.0,649077760.0
2013-03-26,154.11,156.11,154.56,152.34,5683906.0,198034976.0
2013-03-25,154.47,155.85,154.51,152.34,5424826.0,187611136.0
2013-03-22,154.56,157.62,155.45,153.49,7743846.0,271619360.0
2013-03-21,159.35,159.44,155.09,154.11,15592089.0,545563584.0
2013-03-20,155.53,160.2,159.98,150.92,10760095.0,378440128.0
2013-03-19,162.55,162.55,155.76,154.56,13293243.0,468136800.0
2013-03-18,171.66,171.66,162.42,156.78,8790560.0,322954752.0
2013-03-15,170.99,174.9,172.9,167.13,5488031.0,211490624.0
2013-03-14,183.51,185.11,175.65,174.99,4681115.0,187807376.0
2013-03-13,179.43,187.78,183.56,176.76,5596391.0,231483824.0
2013-03-12,174.9,180.54,178.94,172.54,5214450.0,207665984.0
2013-03-11,180.63,180.67,174.99,174.06,6340754.0,252514752.0
2013-03-08,179.78,191.42,180.63,179.78,8449888.0,353838208.0
2013-03-07,174.99,190.18,181.74,174.99,15589370.0,650101824.0
2013-03-06,167.84,174.19,172.9,167.57,7795898.0,299999456.0
2013-03-05,166.02,171.88,167.88,165.66,5677407.0,215886144.0
2013-03-04,162.15,170.01,166.1,161.49,9155237.0,343797824.0
2013-03-01,162.06,164.19,162.6,159.13,5619122.0,204229472.0
2013-02-28,164.82,166.33,163.09,157.67,6570080.0,238262544.0
2013-02-27,163.22,168.77,164.46,163.0,2754027.0,102518032.0
2013-02-26,169.21,174.46,165.62,164.77,7625485.0,290946560.0
2013-02-25,173.21,173.43,169.08,167.44,5838038.0,223507696.0
2013-02-22,159.0,174.85,173.43,159.0,12707068.0,486642592.0
2013-02-21,153.22,164.77,159.0,151.14,8797664.0,316927008.0
2013-02-20,151.0,156.2,154.11,149.76,4246029.0,146961216.0
2013-02-19,151.67,153.67,151.27,150.16,4418565.0,151328032.0
2013-02-18,156.87,157.31,151.67,151.0,5105076.0,175092976.0
2013-02-08,154.56,157.76,156.38,153.76,6051147.0,212786656.0
2013-02-07,152.74,156.29,155.22,149.76,6827438.0,237369488.0
2013-02-06,156.33,157.22,153.27,152.96,4633730.0,161054352.0
2013-02-05,146.61,155.45,155.09,146.61,8782865.0,300783040.0
2013-02-04,151.67,153.14,148.61,145.76,7251399.0,241097744.0
2013-02-01,152.56,155.27,151.63,151.0,5223486.0,180195040.0
2013-01-31,155.4,155.4,152.56,152.12,5218450.0,179901056.0
2013-01-30,151.45,159.0,155.67,150.6,11288251.0,394505824.0
2013-01-29,150.74,155.36,152.51,145.68,11717184.0,398658688.0
2013-01-28,166.77,166.77,154.34,150.12,23833694.0,819719936.0
2013-01-25,175.61,175.61,166.77,166.37,6522443.0,247904448.0
2013-01-24,181.38,182.0,176.28,173.88,3535545.0,143129344.0
2013-01-23,177.43,182.0,181.56,173.66,4607303.0,187035200.0
2013-01-22,178.19,179.65,179.25,170.5,6444587.0,251493360.0
2013-01-21,184.67,184.67,178.14,177.56,4171549.0,168296336.0
2013-01-18,183.96,185.43,184.71,176.54,4795863.0,195709504.0
2013-01-17,182.09,186.58,183.51,181.65,3080182.0,127533104.0
2013-01-16,185.51,187.56,182.63,181.6,4285934.0,177106656.0
2013-01-15,187.51,191.38,187.73,181.87,5472681.0,230193616.0
2013-01-14,184.31,190.98,187.78,181.43,6702838.0,282202752.0
2013-01-11,188.53,188.76,186.18,185.2,3912600.0,165002224.0
2013-01-10,188.58,192.75,188.31,186.18,5622712.0,238829152.0
2013-01-09,178.67,188.93,188.8,177.79,10661298.0,447398528.0
2013-01-08,172.54,179.87,179.38,170.32,7220180.0,288585984.0
2013-01-07,176.9,177.21,173.17,170.99,6396694.0,249831952.0
2013-01-04,185.03,185.65,177.88,175.48,10518166.0,422810688.0
2012-12-31,179.43,187.29,185.03,176.05,8094069.0,329498912.0
2012-12-28,172.19,182.09,179.43,171.7,7043826.0,283143648.0
2012-12-27,166.55,177.03,172.86,163.44,9223536.0,352770368.0
2012-12-26,163.26,167.88,166.19,162.42,4442066.0,165144000.0
2012-12-25,159.44,165.97,164.19,157.75,4242673.0,155775232.0
2012-12-24,166.1,166.55,161.0,159.0,5810713.0,210987696.0
2012-12-21,169.21,170.77,167.44,165.17,3682034.0,138307600.0
2012-12-20,172.5,172.5,169.12,166.33,4307359.0,163756320.0
2012-12-19,168.41,174.32,172.63,167.57,4637778.0,180382656.0
2012-12-18,164.33,170.01,168.46,162.33,6774347.0,255824304.0
2012-12-17,155.22,168.81,164.77,154.56,7967078.0,290307904.0
2012-12-14,152.78,159.89,159.18,145.01,8646171.0,296526368.0
2012-12-13,157.67,158.47,153.71,153.22,3025418.0,106866728.0
2012-12-12,157.67,159.0,157.71,153.67,3101703.0,109174624.0
2012-12-11,153.94,160.55,157.0,153.67,5322555.0,189143632.0
2012-12-10,144.21,155.36,153.76,143.01,8122549.0,272944640.0
2012-12-07,148.74,153.18,148.83,146.12,8739342.0,293753504.0
2012-12-06,150.03,150.56,147.32,143.28,5684113.0,187136432.0
2012-12-05,149.58,156.11,150.87,143.01,6826954.0,232160880.0
2012-12-04,139.9,152.78,151.14,136.13,6084844.0,198776864.0
2012-12-03,159.89,160.78,145.1,145.1,6180798.0,209741968.0
2012-11-30,165.79,165.79,161.22,159.0,2815831.0,102348880.0
2012-11-29,164.6,167.35,165.93,164.24,1705009.0,63764436.0
2012-11-28,161.62,166.64,164.6,160.47,1852959.0,68485208.0
2012-11-27,163.66,164.91,163.09,159.89,2027892.0,73803984.0
2012-11-26,166.46,167.88,163.66,160.42,2586692.0,95035032.0
2012-11-23,159.89,172.68,168.19,159.44,3962734.0,149444544.0
2012-11-22,153.67,163.49,163.26,146.56,5015454.0,177043648.0
2012-11-21,163.22,166.06,161.97,155.45,4086452.0,146471120.0
2012-11-20,159.18,166.02,163.0,159.0,8876493.0,324550592.0
2012-11-19,167.48,169.57,158.38,155.67,10264931.0,374767872.0
2012-11-16,179.43,179.43,167.31,166.11,8463558.0,328893312.0
2012-11-15,185.69,186.54,182.05,179.47,2095630.0,86101072.0
2012-11-14,183.6,186.71,186.71,181.12,2120208.0,88277328.0
2012-11-13,180.76,182.89,182.45,179.43,2134806.0,87201488.0
2012-11-12,184.54,186.49,181.07,179.3,3490628.0,142916432.0
2012-11-09,187.91,190.93,184.85,184.63,1906269.0,80295936.0
2012-11-08,189.2,194.04,188.62,186.53,1877821.0,80371072.0
2012-11-07,192.97,196.22,190.89,190.84,2413289.0,104908168.0
2012-11-06,196.17,196.22,194.75,189.64,3312849.0,142830944.0
2012-11-05,199.86,201.86,195.86,195.24,2790582.0,123737840.0
2012-11-02,201.64,202.52,200.97,199.73,2594389.0,117522696.0
2012-11-01,201.72,202.66,201.64,199.73,2281836.0,103476304.0
2012-10-31,198.08,202.3,201.72,195.42,3448673.0,154192288.0
2012-10-30,194.49,201.01,199.01,194.0,3440325.0,154555568.0
2012-10-29,189.42,196.97,196.71,183.87,3043377.0,131255032.0
2012-10-26,192.75,195.33,189.64,187.65,2193057.0,94030208.0
2012-10-25,193.64,196.22,192.97,192.44,2531454.0,111134520.0
2012-10-24,192.97,198.04,195.15,191.91,3622258.0,159201072.0
2012-10-23,199.86,201.55,193.11,192.44,4793235.0,210409968.0
2012-10-22,200.97,207.05,200.35,198.08,4939084.0,223145008.0
2012-10-19,198.97,203.41,197.86,197.15,3261988.0,146654016.0
2012-10-18,190.98,199.99,198.97,190.53,5678424.0,252431040.0
2012-10-17,190.53,193.64,190.98,187.11,2741039.0,117590328.0
2012-10-16,182.09,197.64,191.95,182.09,5178278.0,221399728.0
2012-10-15,177.21,184.85,182.05,177.21,3143066.0,128864032.0
2012-10-12,179.65,179.87,177.34,175.88,1376057.0,54929244.0
2012-10-11,177.25,179.87,178.9,175.52,2376749.0,95587664.0
2012-10-10,177.21,180.09,177.16,175.52,3235304.0,129732632.0
2012-10-09,173.25,177.65,176.36,173.21,4250118.0,168169888.0
2012-10-08,168.86,172.94,169.88,167.44,2666288.0,102571824.0
2012-09-28,162.69,169.93,168.99,162.69,3513716.0,132828480.0
2012-09-27,162.51,166.99,163.35,159.89,1344309.0,49758584.0
2012-09-26,163.66,166.42,162.55,162.46,1145986.0,42505340.0
2012-09-25,160.11,166.68,164.64,160.11,1725276.0,64050376.0
2012-09-24,158.87,163.44,162.91,156.11,1072122.0,38856728.0
2012-09-21,158.64,160.73,158.64,157.58,1241021.0,44373144.0
2012-09-20,159.89,162.33,158.64,157.27,1956790.0,70319096.0
2012-09-19,165.22,165.22,162.11,157.62,2335600.0,84261392.0
2012-09-18,167.04,167.04,164.73,163.0,1470293.0,54299212.0
2012-09-17,170.1,170.9,165.71,165.57,1021011.0,38677532.0
2012-09-14,169.66,171.44,170.28,168.68,1114731.0,42703192.0
2012-09-13,170.77,172.19,170.28,169.12,1289279.0,49499880.0
2012-09-12,169.61,172.32,170.77,168.81,2218241.0,85418176.0
2012-09-11,167.93,169.12,168.81,166.59,1689395.0,63662196.0
2012-09-10,170.77,172.32,169.57,167.88,1850040.0,70839184.0
2012-09-07,166.42,174.99,170.01,165.79,3462263.0,132629992.0
2012-09-06,165.22,167.22,164.64,163.71,950863.0,35414216.0
2012-09-05,163.35,167.88,163.88,161.22,1612541.0,59743216.0
2012-09-04,168.37,170.1,163.62,163.53,1623756.0,60570836.0
2012-09-03,159.58,168.68,168.46,159.26,2158277.0,81314608.0
2012-08-31,158.16,161.0,160.33,155.89,1006848.0,36024048.0
2012-08-30,166.77,167.62,158.73,154.34,4810523.0,171691440.0
2012-08-29,167.39,168.41,167.66,164.91,1039602.0,38964788.0
2012-08-28,164.91,170.55,167.35,164.91,1818791.0,69047424.0
2012-08-27,172.86,172.9,168.46,167.44,2698156.0,103224656.0
2012-08-24,169.21,173.88,173.17,169.21,2220467.0,86261568.0
2012-08-23,173.57,174.99,171.21,169.79,1947366.0,75080208.0
2012-08-22,177.25,177.52,173.48,172.32,2259638.0,89013464.0
2012-08-21,167.44,177.21,176.72,167.44,3941555.0,155892992.0
2012-08-20,163.75,169.17,168.86,162.28,1664538.0,62857312.0
2012-08-17,170.99,171.03,165.71,163.48,3196868.0,118878456.0
2012-08-16,177.7,178.76,171.83,171.66,2321938.0,90837760.0
2012-08-15,175.65,178.54,177.92,173.83,2436883.0,97247824.0
2012-08-14,173.21,177.03,175.65,172.77,2729243.0,107306736.0
2012-08-13,172.99,177.61,173.74,169.48,2954111.0,116233056.0
2012-08-10,172.99,176.32,173.61,172.32,2435226.0,95387984.0
2012-08-09,168.24,177.74,174.23,168.19,4201341.0,164333952.0
2012-08-08,169.61,171.3,168.19,167.44,1989247.0,75874896.0
2012-08-07,168.99,172.37,169.61,167.3,2392349.0,91435776.0
2012-08-06,162.24,172.1,168.81,162.24,3163967.0,120180584.0
2012-08-03,156.2,165.53,164.11,156.2,3596764.0,131379592.0
2012-08-02,154.56,156.42,156.2,153.14,1319003.0,46064908.0
2012-08-01,151.67,156.96,154.78,151.14,1642424.0,57417228.0
2012-07-31,156.2,157.4,153.36,152.07,3478567.0,120780040.0
2012-07-30,152.6,157.89,155.49,152.6,2180641.0,76548904.0
2012-07-27,155.53,157.44,152.78,150.96,4509801.0,156427104.0
2012-07-26,165.0,165.0,157.58,156.6,6598946.0,237053904.0
2012-07-25,166.24,166.24,164.68,163.57,1594726.0,59126380.0
2012-07-24,164.15,166.82,165.13,162.15,2528587.0,93761072.0
2012-07-23,161.93,166.86,164.19,159.89,2251004.0,83355704.0
2012-07-20,163.66,167.22,163.93,162.11,2100784.0,78043648.0
2012-07-19,161.13,165.66,164.42,161.13,2938397.0,108366944.0
2012-07-18,168.33,170.1,164.15,160.24,3933109.0,145185888.0
2012-07-17,173.25,174.5,169.21,162.11,5209397.0,196858512.0
2012-07-16,179.03,181.65,175.34,174.99,3416395.0,136813024.0
2012-07-13,177.52,180.58,179.03,176.36,2717169.0,109279648.0
2012-07-12,179.47,184.76,179.3,175.48,5994445.0,244002720.0
2012-07-11,176.28,179.43,179.3,170.9,3036482.0,119887920.0
2012-07-10,178.54,182.32,176.32,175.56,2510966.0,101049384.0
2012-07-09,181.43,183.87,180.58,179.87,3720270.0,152194384.0
2012-07-06,174.99,184.05,183.56,172.77,6614064.0,268467520.0
2012-07-05,177.21,177.21,174.72,171.88,3097584.0,121316904.0
2012-07-04,180.36,182.18,177.65,175.43,4056420.0,162817872.0
2012-07-03,176.76,184.76,180.72,174.99,6514981.0,265408096.0
2012-07-02,165.66,182.05,179.38,163.84,12099764.0,474807296.0
2012-06-29,162.06,170.1,167.39,160.78,5621130.0,208873280.0
2012-06-28,161.22,164.46,160.86,160.33,1801198.0,65898172.0
2012-06-27,157.89,163.0,160.78,156.69,1907375.0,69141248.0
2012-06-26,160.91,162.11,158.42,155.45,2528560.0,89783560.0
2012-06-25,159.93,164.59,160.86,158.78,1807512.0,66049380.0
2012-06-21,164.82,164.82,162.11,160.29,2309988.0,84186088.0
2012-06-20,165.57,167.88,165.66,165.22,1431988.0,53542440.0
2012-06-19,170.1,170.1,165.66,165.17,3252899.0,122323576.0
2012-06-18,170.55,170.99,170.06,168.55,3587475.0,137054960.0
2012-06-15,171.08,173.08,169.48,166.81,3159246.0,120185032.0
2012-06-14,167.39,175.43,171.08,166.02,6173469.0,239186528.0
2012-06-13,160.69,169.57,167.7,159.04,4506873.0,167618096.0
2012-06-12,165.13,168.46,162.55,159.0,4399460.0,161492064.0
2012-06-11,165.75,168.2,164.45,163.54,1492302.0,111747048.0
2012-06-08,164.89,165.86,165.66,163.24,1062091.0,79358168.0
2012-06-07,166.74,167.58,164.89,162.6,1161852.0,86599024.0
2012-06-06,164.76,169.54,165.62,164.43,2139107.0,161982704.0
2012-06-05,163.37,164.98,163.41,162.73,866426.0,64254028.0
2012-06-04,165.15,166.48,163.21,162.99,1480169.0,110230984.0
2012-06-01,166.41,170.67,167.84,165.0,1447406.0,110130928.0
2012-05-31,160.9,166.88,165.93,159.4,1524491.0,113770248.0
2012-05-30,164.49,165.2,162.53,161.03,2102572.0,155153584.0
2012-05-29,163.19,165.15,163.72,161.01,1191179.0,88359296.0
2012-05-28,161.67,166.3,163.68,158.8,1613064.0,119199056.0
2012-05-25,164.54,166.7,162.95,160.96,2572302.0,189717200.0
2012-05-24,171.81,173.14,166.72,163.65,2111588.0,161971424.0
2012-05-23,167.62,175.23,172.65,167.12,3432370.0,266352160.0
2012-05-22,167.6,169.72,167.58,166.63,1453556.0,110707568.0
2012-05-21,160.9,168.02,167.54,159.2,1787123.0,134124592.0
2012-05-17,161.69,163.83,162.6,160.5,937858.0,68916216.0
2012-05-16,163.19,164.65,161.69,159.95,1425988.0,104458752.0
2012-05-15,161.01,164.54,163.37,158.8,1351172.0,99968512.0
2012-05-14,170.07,170.91,163.46,161.67,1953187.0,145741472.0
2012-05-11,169.46,171.9,170.98,167.89,965047.0,74322232.0
2012-05-10,168.9,170.91,169.46,167.65,772795.0,59379264.0
2012-05-09,170.31,171.04,169.19,166.41,2008268.0,153222032.0
2012-05-08,174.02,174.02,172.01,170.29,1981300.0,154575024.0
2012-05-07,175.98,175.98,174.9,171.59,3196682.0,251341728.0
2012-05-04,166.3,174.24,174.22,165.46,2511393.0,193559056.0
2012-05-03,163.61,166.74,166.48,162.99,1687004.0,126390232.0
2012-05-02,163.39,163.39,163.06,160.13,1203172.0,88504296.0
2012-04-27,156.42,162.62,161.29,156.33,1864129.0,135283696.0
2012-04-26,153.11,156.77,156.09,153.07,713555.0,50150948.0
2012-04-25,150.38,153.95,152.67,150.38,296550.0,20529960.0
2012-04-24,154.61,154.99,153.18,152.19,993341.0,69345456.0
2012-04-23,154.39,155.67,154.35,153.95,955675.0,66885272.0
2012-04-20,151.52,156.6,155.87,149.6,1181108.0,82340168.0
2012-04-19,154.83,156.09,153.11,147.78,2915062.0,200417024.0
2012-04-18,157.88,157.92,156.8,155.27,1218522.0,86756896.0
2012-04-17,155.91,158.32,156.71,154.39,975887.0,69158072.0
2012-04-16,154.39,158.8,155.89,154.39,1119406.0,79544472.0
2012-04-13,154.41,156.82,154.44,153.77,883869.0,62168888.0
2012-04-12,152.41,155.23,154.97,151.48,941706.0,65668256.0
2012-04-11,155.27,156.6,153.47,151.48,1808395.0,126240976.0
2012-04-10,158.8,158.8,153.64,149.54,5081775.0,351994240.0
2012-04-06,146.43,148.1,146.89,141.89,1169584.0,77798840.0
2012-04-05,134.45,143.8,143.45,132.36,1086472.0,69453888.0
2012-03-30,138.14,140.06,135.36,131.98,1582336.0,97398640.0
2012-03-29,141.03,143.81,138.93,138.07,1781481.0,114109752.0
2012-03-28,143.58,143.8,141.44,137.85,3182212.0,202888528.0
2012-03-27,150.18,151.75,144.29,144.18,1684766.0,112926056.0
2012-03-26,146.14,151.1,150.13,146.14,1271924.0,86346336.0
2012-03-23,150.6,151.08,145.94,145.59,1069615.0,71604352.0
2012-03-22,149.1,152.78,150.58,148.66,950576.0,65153100.0
2012-03-21,149.83,151.02,148.99,146.67,585554.0,39531984.0
2012-03-20,151.66,152.96,149.98,148.88,874752.0,59716808.0
2012-03-19,157.92,157.92,152.78,151.55,1517174.0,105781192.0
2012-03-16,153.2,157.88,156.64,152.87,1300214.0,92142056.0
2012-03-15,150.0,153.71,152.96,150.0,975127.0,67359432.0
2012-03-14,157.04,159.24,151.02,150.64,1721734.0,121818208.0
2012-03-13,155.27,157.59,157.02,153.95,771298.0,54426716.0
2012-03-12,153.29,156.33,155.3,151.41,1417249.0,99346368.0
2012-03-09,144.82,154.13,152.91,143.54,2102204.0,143378432.0
2012-03-08,142.7,145.57,144.82,142.7,688219.0,44996376.0
2012-03-07,145.57,147.78,142.7,142.28,1261785.0,82423744.0
2012-03-06,148.55,148.55,147.05,145.57,724312.0,48222008.0
2012-03-05,148.22,148.88,148.53,146.96,880673.0,58963676.0
2012-03-02,147.78,148.85,147.62,146.69,860846.0,57480080.0
2012-03-01,149.32,149.32,148.11,146.67,2031360.0,136139744.0
2012-02-29,149.05,151.75,149.85,148.0,1358014.0,92661504.0
2012-02-28,146.87,151.08,149.1,146.67,2029077.0,137454912.0
2012-02-27,143.63,151.08,147.4,142.97,2189601.0,146125248.0
2012-02-24,138.49,144.47,143.76,138.49,1904265.0,122786080.0
2012-02-23,138.8,138.89,138.31,136.75,1038977.0,64780464.0
2012-02-22,139.04,139.33,139.0,137.1,976068.0,61241384.0
2012-02-21,133.48,140.03,138.97,132.34,1081183.0,66797380.0
2012-02-20,136.48,138.03,132.91,132.34,990871.0,60431832.0
2012-02-17,136.75,138.49,135.27,134.92,528354.0,32694724.0
2012-02-16,138.05,140.16,136.59,135.34,1015997.0,63296040.0
2012-02-15,134.01,138.95,138.14,133.99,1468778.0,90887168.0
2012-02-14,131.89,136.28,133.9,130.24,1622708.0,98556752.0
2012-02-13,128.7,134.76,132.0,128.23,1067479.0,63593264.0
2012-02-10,130.97,131.43,130.13,129.29,771118.0,45524384.0
2012-02-09,130.13,132.07,131.01,127.99,1265904.0,75129280.0
2012-02-08,127.04,130.57,130.5,125.74,995250.0,57927816.0
2012-02-07,129.03,129.03,127.06,126.38,1308758.0,75567264.0
2012-02-06,126.03,130.2,129.22,124.2,1738988.0,100561512.0
2012-02-03,122.83,126.09,125.72,122.83,1526616.0,86180408.0
2012-02-02,121.26,123.03,122.89,119.26,782500.0,42876072.0
2012-02-01,121.24,124.44,121.26,118.88,1946003.0,108194904.0
2012-01-31,118.84,121.31,121.24,116.48,1525558.0,82731944.0
2012-01-30,120.18,120.18,117.56,116.45,904343.0,48156772.0
2012-01-20,116.72,120.6,119.85,116.72,954706.0,51811096.0
2012-01-19,115.29,118.0,116.54,112.51,971814.0,51270132.0
2012-01-18,116.04,116.67,113.83,113.59,1017719.0,52794464.0
2012-01-17,110.34,116.56,116.15,110.28,1667144.0,85971424.0
2012-01-16,118.77,118.77,111.98,111.03,2021236.0,104302536.0
2012-01-13,124.55,124.77,119.06,117.69,2106598.0,114247744.0
2012-01-12,126.93,126.93,123.27,123.25,1476116.0,83587624.0
2012-01-11,126.82,127.61,127.2,124.68,1981347.0,113243616.0
2012-01-10,120.18,127.66,125.72,118.66,2209674.0,124781648.0
2012-01-09,118.44,120.42,120.4,116.41,2893349.0,154934016.0
2012-01-06,119.83,121.24,118.42,117.18,2219477.0,119255440.0
2012-01-05,125.72,126.8,121.39,119.1,2998887.0,166460704.0
2012-01-04,138.95,139.02,127.46,126.51,2890250.0,169595664.0
