date,open,high,close,low,volume,price_change,p_change,ma5,ma10,ma20,v_ma5,v_ma10,v_ma20
2012-07-11,7.77,7.87,7.82,7.72,16915.92,0.05,0.64,7.82,7.82,7.82,16915.92,16915.92,16915.92
2012-07-12,7.85,8.06,7.99,7.85,51313.29,0.17,2.17,7.905,7.905,7.905,34114.6,34114.6,34114.6
2012-07-13,8.04,8.19,7.95,7.95,39500.85,-0.04,-0.5,7.92,7.92,7.92,35910.02,35910.02,35910.02
2012-07-16,8.06,8.11,7.82,7.81,34608.73,-0.13,-1.64,7.895,7.895,7.895,35584.7,35584.7,35584.7
2012-07-17,7.77,8.27,8.07,7.77,88238.53,0.25,3.2,7.93,7.93,7.93,46115.46,46115.46,46115.46
2012-07-18,8.02,8.06,8.05,7.87,37863.05,-0.02,-0.25,7.976,7.95,7.95,50304.89,44740.06,44740.06
2012-07-19,8.02,8.26,8.19,8.0,66793.22,0.14,1.74,8.016,7.984,7.984,53400.88,47890.51,47890.51
2012-07-20,8.21,8.38,8.25,8.16,83886.04,0.06,0.73,8.076,8.018,8.018,62277.91,52389.95,52389.95
2012-07-23,8.16,8.17,8.1,7.98,53793.02,-0.15,-1.82,8.132,8.027,8.027,66114.77,52545.85,52545.85
2012-07-24,8.05,8.17,8.09,8.03,39667.75,-0.01,-0.12,8.136,8.033,8.033,56400.62,51258.04,51258.04
2012-07-25,7.96,8.07,7.77,7.77,39912.14,-0.32,-3.96,8.08,8.028,8.009,56810.43,53557.66,50226.59
2012-07-26,7.72,7.77,7.65,7.64,33724.17,-0.12,-1.54,7.972,7.994,7.979,50196.62,51798.75,48851.39
2012-07-27,7.7,7.73,7.67,7.62,19740.66,0.02,0.26,7.856,7.966,7.955,37367.55,49822.73,46612.11
2012-07-30,7.76,7.76,7.66,7.57,17534.3,-0.01,-0.13,7.768,7.95,7.934,30115.8,48115.29,44535.12
2012-07-31,7.66,7.7,7.46,7.45,28194.57,-0.2,-2.61,7.642,7.889,7.903,27821.17,42110.89,43445.75
2012-08-01,7.49,7.62,7.5,7.42,30138.48,0.04,0.54,7.588,7.834,7.878,25866.44,41338.44,42614.05
2012-08-02,7.49,7.55,7.32,7.3,20670.95,-0.18,-2.4,7.522,7.747,7.845,23255.79,36726.21,41323.27
2012-08-03,7.33,7.44,7.41,7.32,31822.23,0.09,1.23,7.47,7.663,7.821,25672.11,31519.83,40795.44
2012-08-06,8.15,8.15,8.13,7.94,687741.81,0.72,9.72,7.564,7.666,7.837,159713.61,94914.71,74845.25
2012-08-07,8.0,8.2,8.05,7.82,492835.53,-0.08,-0.98,7.682,7.662,7.848,252641.8,140231.48,95744.76
2012-08-08,7.91,7.98,7.77,7.75,244499.45,-0.28,-3.48,7.736,7.662,7.845,295513.99,160690.22,107123.94
2012-08-09,7.72,7.87,7.77,7.69,151182.73,0.0,0.0,7.826,7.674,7.834,321616.35,172436.07,112117.41
2012-08-10,7.76,7.89,7.71,7.7,115364.91,-0.06,-0.77,7.886,7.678,7.822,338324.89,181998.5,115910.61
2012-08-13,7.68,7.68,7.45,7.43,113661.15,-0.26,-3.37,7.75,7.657,7.804,223508.75,191611.18,119863.23
2012-08-14,7.44,7.5,7.47,7.25,104803.23,0.02,0.27,7.634,7.658,7.774,145902.29,199272.05,120691.47
2012-08-15,7.45,7.6,7.32,7.29,90144.76,-0.15,-2.01,7.544,7.64,7.737,115031.36,205272.68,123305.56
2012-08-16,7.32,7.39,7.29,7.27,48797.9,-0.03,-0.41,7.448,7.637,7.692,94554.39,208085.37,122405.79
2012-08-17,7.29,7.36,7.33,7.24,49535.6,0.04,0.55,7.372,7.629,7.646,81388.53,209856.71,120688.27
2012-08-20,7.29,7.36,7.21,7.14,73382.65,-0.12,-1.64,7.324,7.537,7.602,73332.83,148420.79,121667.75
2012-08-21,7.21,7.3,7.29,7.18,71789.73,0.08,1.11,7.288,7.461,7.562,66730.13,106316.21,123273.85
2012-08-22,7.29,7.29,7.2,7.13,63367.74,-0.09,-1.24,7.264,7.404,7.533,61374.72,88203.04,124446.63
2012-08-23,7.19,7.35,7.32,7.15,82850.7,0.12,1.67,7.27,7.359,7.517,68185.28,81369.84,126902.95
2012-08-24,7.27,7.32,7.22,7.14,91068.69,-0.1,-1.37,7.248,7.31,7.494,76491.9,78940.22,130469.36
2012-08-27,7.22,7.22,7.16,7.01,68393.65,-0.06,-0.83,7.238,7.281,7.469,75494.1,74413.47,133012.32
2012-08-28,7.12,7.31,7.24,7.09,58765.91,0.08,1.12,7.228,7.258,7.458,72889.34,69809.73,134540.89
2012-08-29,7.23,7.25,7.11,7.11,38333.05,-0.13,-1.8,7.21,7.237,7.439,67882.4,64628.56,134950.62
2012-08-30,7.17,7.19,7.09,6.98,54564.76,-0.02,-0.28,7.164,7.217,7.427,62225.21,65205.25,136645.31
2012-08-31,7.07,7.12,7.07,7.04,28150.0,-0.02,-0.28,7.134,7.191,7.41,49641.47,63066.69,136461.7
2012-09-03,7.06,7.23,7.19,7.03,71604.94,0.12,1.7,7.14,7.189,7.363,50283.73,62888.92,105654.85
2012-09-04,7.16,7.21,7.13,7.1,46808.3,-0.06,-0.83,7.118,7.173,7.317,47892.21,60390.77,83353.49
2012-09-05,7.26,7.37,7.2,7.18,91833.12,0.07,0.98,7.136,7.173,7.289,58592.22,63237.31,75720.18
2012-09-06,7.17,7.26,7.17,7.12,67142.85,-0.03,-0.42,7.152,7.158,7.259,61107.84,61666.53,71518.18
2012-09-07,7.21,7.44,7.36,7.21,170980.98,0.19,2.65,7.21,7.172,7.241,89674.04,69657.76,74298.99
2012-09-10,7.37,7.53,7.39,7.34,107922.73,0.03,0.41,7.25,7.195,7.238,96937.6,73610.66,74012.06
2012-09-11,7.38,7.38,7.32,7.28,45711.66,-0.07,-0.95,7.288,7.203,7.231,96718.27,72305.24,71057.49
2012-09-12,7.36,7.48,7.36,7.27,36585.38,0.04,0.55,7.32,7.228,7.233,85668.72,72130.47,68379.52
2012-09-13,7.35,7.4,7.22,7.21,45715.03,-0.14,-1.9,7.33,7.241,7.229,81383.16,71245.5,68225.37
2012-09-14,7.29,7.32,7.26,7.18,48050.85,0.04,0.55,7.31,7.26,7.226,56797.13,73235.58,68151.14
2012-09-17,7.28,7.3,7.07,7.06,40912.79,-0.19,-2.62,7.246,7.248,7.219,43395.14,70166.37,66527.64
2012-09-18,7.03,7.11,7.05,7.03,37719.66,-0.02,-0.28,7.192,7.24,7.207,41796.74,69257.51,64824.14
2012-09-19,7.01,7.09,7.04,7.01,22430.25,-0.01,-0.14,7.128,7.224,7.199,38965.72,62317.22,62777.27
2012-09-20,7.04,7.04,6.82,6.73,60378.37,-0.22,-3.12,7.048,7.189,7.174,41898.38,61640.77,61653.65
2012-09-21,6.79,6.85,6.67,6.67,41531.77,-0.15,-2.2,6.93,7.12,7.146,40594.57,48695.85,59176.8
2012-09-24,6.68,6.69,6.64,6.55,28973.28,-0.03,-0.45,6.844,7.045,7.12,38206.67,40800.9,57205.78
2012-09-25,6.66,6.72,6.56,6.55,35494.1,-0.08,-1.21,6.746,6.969,7.086,37761.55,39779.15,56042.19
2012-09-26,6.56,6.6,6.46,6.41,29569.11,-0.1,-1.52,6.63,6.879,7.054,39189.33,39077.52,55604.0
2012-09-27,6.48,6.68,6.61,6.45,36188.92,0.15,2.32,6.588,6.818,7.03,34351.44,38124.91,54685.2
2012-09-28,6.57,6.76,6.73,6.56,42454.13,0.12,1.81,6.6,6.765,7.013,34535.91,37565.24,55400.41
2012-10-08,6.7,6.75,6.68,6.65,19779.79,-0.05,-0.74,6.608,6.726,6.987,32697.21,35451.94,52809.15
2012-10-09,6.7,6.82,6.8,6.68,38749.54,0.12,1.8,6.656,6.701,6.971,33348.3,35554.93,52406.22
2012-10-10,6.8,6.86,6.82,6.72,31862.64,0.02,0.29,6.728,6.679,6.952,33807.0,36498.17,49407.69
2012-10-11,6.82,6.84,6.71,6.71,38041.87,-0.11,-1.61,6.748,6.668,6.929,34177.59,34264.52,47952.64
2012-10-12,6.7,6.88,6.77,6.55,50209.3,0.06,0.89,6.756,6.678,6.899,35728.63,35132.27,41914.06
2012-10-15,6.75,6.75,6.67,6.57,32041.46,-0.1,-1.48,6.754,6.681,6.863,38180.96,35439.09,38120.0
2012-10-16,6.66,6.73,6.63,6.6,29809.87,-0.04,-0.6,6.72,6.688,6.829,36393.03,34870.66,37324.91
2012-10-17,6.67,6.68,6.61,6.58,19567.31,-0.02,-0.3,6.678,6.703,6.791,33933.96,33870.48,36474.0
2012-10-18,6.65,6.85,6.77,6.65,54654.65,0.16,2.42,6.69,6.719,6.769,37256.52,35717.06,36920.98
2012-10-19,6.78,6.88,6.79,6.76,31787.99,0.02,0.29,6.694,6.725,6.745,33572.26,34650.44,36107.84
2012-10-22,6.75,6.82,6.79,6.7,23793.57,0.0,0.0,6.718,6.736,6.731,31922.68,35051.82,35251.88
2012-10-23,6.8,6.9,6.75,6.75,42356.08,-0.04,-0.59,6.742,6.731,6.716,34431.92,35412.47,35483.7
2012-10-24,6.78,6.8,6.79,6.72,22187.63,0.04,0.59,6.778,6.728,6.704,34955.98,34444.97,35471.57
2012-10-25,6.76,6.82,6.7,6.69,28655.26,-0.09,-1.32,6.764,6.727,6.698,29756.11,33506.31,33885.41
2012-10-26,6.7,6.72,6.51,6.48,35394.6,-0.19,-2.84,6.708,6.701,6.69,30477.43,32024.84,33578.56
2012-10-29,6.52,6.57,6.53,6.49,26221.73,0.02,0.31,6.656,6.687,6.684,30963.06,31442.87,33440.98
2012-10-30,6.53,6.6,6.51,6.5,31337.86,-0.02,-0.31,6.608,6.675,6.682,28759.42,31595.67,33233.17
2012-10-31,6.54,6.55,6.5,6.44,22915.99,-0.01,-0.15,6.55,6.664,6.684,28905.09,31930.54,32900.51
2012-11-01,6.5,6.71,6.66,6.5,40494.53,0.16,2.46,6.542,6.653,6.686,31272.94,30514.52,33115.79
2012-11-02,6.68,6.84,6.81,6.64,55579.09,0.15,2.25,6.602,6.655,6.69,35309.84,32893.63,33772.04
2012-11-05,6.77,6.81,6.69,6.64,48353.19,-0.12,-1.76,6.634,6.645,6.691,39736.13,35349.6,35200.71
2012-11-06,6.71,6.72,6.66,6.53,28862.17,-0.03,-0.45,6.664,6.636,6.684,39240.99,34000.21,34706.34
2012-11-07,6.63,6.68,6.65,6.58,15368.52,-0.01,-0.15,6.694,6.622,6.675,37731.5,33318.29,33881.63
2012-11-08,6.6,6.64,6.52,6.51,25280.6,-0.13,-1.96,6.666,6.604,6.666,34688.71,32980.83,33243.57
2012-11-09,6.52,6.57,6.46,6.45,23214.38,-0.06,-0.92,6.596,6.599,6.65,28215.77,31762.81,31893.82
2012-11-12,6.49,6.59,6.56,6.48,25297.27,0.1,1.55,6.57,6.602,6.645,23604.59,31670.36,31556.61
2012-11-13,6.56,6.57,6.45,6.43,25665.54,-0.11,-1.68,6.528,6.596,6.636,22965.26,31103.13,31349.4
2012-11-14,6.5,6.57,6.51,6.41,19173.95,0.06,0.93,6.5,6.597,6.631,23726.35,30728.92,31329.73
2012-11-15,6.48,6.59,6.5,6.45,29536.52,-0.01,-0.15,6.496,6.581,6.617,24577.53,29633.12,30073.82
2012-11-16,6.51,6.77,6.64,6.43,80566.4,0.14,2.15,6.532,6.564,6.61,36047.94,32131.85,32512.74
2012-11-19,6.57,6.6,6.53,6.46,30350.46,-0.11,-1.66,6.526,6.548,6.597,37058.57,30331.58,32840.59
2012-11-20,6.5,6.57,6.5,6.5,23142.2,-0.03,-0.46,6.536,6.532,6.584,36553.91,29759.58,31879.89
2012-11-21,6.52,6.61,6.59,6.47,30401.19,0.09,1.39,6.552,6.526,6.574,38799.35,31262.85,32290.57
2012-11-22,6.56,6.6,6.58,6.54,19725.55,-0.01,-0.15,6.568,6.532,6.568,36837.16,30707.35,31844.09
2012-11-23,6.6,6.64,6.59,6.58,20353.56,0.01,0.15,6.558,6.545,6.572,24794.59,30421.26,31092.03
2012-11-26,6.6,6.61,6.55,6.52,14941.9,-0.04,-0.61,6.562,6.544,6.573,21712.88,29385.73,30528.04
2012-11-27,6.5,6.55,6.27,6.25,41683.86,-0.28,-4.28,6.516,6.526,6.561,25421.21,30987.56,31045.34
2012-11-28,6.27,6.3,6.11,6.1,25590.71,-0.16,-2.55,6.42,6.486,6.542,24459.12,31629.23,31179.08
2012-11-29,6.13,6.18,6.01,6.01,22129.18,-0.1,-1.64,6.306,6.437,6.509,24939.84,30888.5,30260.81
2012-11-30,6.05,6.16,6.12,5.99,29548.59,0.11,1.83,6.212,6.385,6.475,26778.85,25786.72,28959.29
2012-12-03,6.09,6.16,6.08,6.05,26330.23,-0.04,-0.65,6.118,6.34,6.444,29056.51,25384.7,27858.14
2012-12-04,6.08,6.11,6.08,5.94,28807.81,0.0,0.0,6.08,6.298,6.415,26481.3,25951.26,27855.42
2012-12-05,6.07,6.3,6.23,6.07,70837.23,0.15,2.47,6.104,6.262,6.394,35530.61,29994.86,30628.86
2012-12-06,6.27,6.28,6.16,6.14,44089.4,-0.07,-1.12,6.134,6.22,6.376,39922.65,32431.25,31569.3
2012-12-07,6.16,6.28,6.25,6.16,70083.0,0.09,1.46,6.16,6.186,6.366,48029.53,37404.19,33912.73
2012-12-10,6.28,6.34,6.32,6.21,65479.96,0.07,1.12,6.208,6.163,6.354,55859.48,42458.0,35921.86
2012-12-11,6.3,6.54,6.44,6.29,125165.67,0.12,1.9,6.28,6.18,6.353,75131.05,50806.18,40896.87
2012-12-12,6.41,6.42,6.37,6.27,60331.83,-0.07,-1.09,6.308,6.206,6.346,73029.97,54280.29,42954.76
2012-12-13,6.36,6.38,6.3,6.29,32697.02,-0.07,-1.1,6.336,6.235,6.336,70751.5,55337.07,43112.79
2012-12-14,6.35,6.55,6.54,6.33,107389.62,0.24,3.81,6.394,6.277,6.331,78212.82,63121.18,44453.95
2012-12-17,6.54,6.66,6.6,6.5,111647.95,0.06,0.92,6.45,6.329,6.335,87446.42,71652.95,48518.82
2012-12-18,6.62,6.69,6.6,6.55,72421.45,0.0,0.0,6.482,6.381,6.34,76897.57,76014.31,50982.79
2012-12-19,6.58,6.69,6.63,6.53,60021.89,0.03,0.46,6.534,6.421,6.342,76835.59,74932.78,52463.82
2012-12-20,6.6,6.61,6.56,6.51,45307.16,-0.07,-1.06,6.586,6.461,6.341,79357.61,75054.56,53742.9
2012-12-21,6.6,6.65,6.56,6.52,48411.5,0.0,0.0,6.59,6.492,6.339,67561.99,72887.41,55145.8
2012-12-24,6.54,6.59,6.51,6.49,88413.22,-0.05,-0.76,6.572,6.511,6.337,62915.04,75180.73,58819.36
2012-12-25,6.51,6.68,6.66,6.42,216736.58,0.15,2.3,6.584,6.533,6.357,91778.07,84337.82,67572.0
2012-12-26,6.66,7.11,6.85,6.65,323148.94,0.19,2.85,6.628,6.581,6.394,144403.48,110619.53,82449.91
2012-12-27,6.84,6.89,6.7,6.7,160064.34,-0.15,-2.19,6.656,6.621,6.428,167354.92,123356.26,89346.67
2012-12-28,6.71,6.98,6.94,6.66,261819.45,0.24,3.58,6.732,6.661,6.469,210036.51,138799.25,100960.21
2012-12-31,6.97,7.17,7.02,6.84,280731.94,0.08,1.15,6.834,6.703,6.516,248500.25,155707.65,113680.3
2013-01-04,7.09,7.25,6.93,6.88,161796.64,-0.09,-1.28,6.888,6.736,6.559,237512.26,164645.17,120329.74
2013-01-07,6.94,6.99,6.89,6.82,137993.3,-0.04,-0.58,6.896,6.762,6.592,200481.13,172442.31,123687.54
2013-01-08,6.9,7.27,7.08,6.86,280719.12,0.19,2.76,6.972,6.814,6.638,224612.09,195983.5,135519.03
2013-01-09,7.04,7.18,7.07,7.0,195726.12,-0.01,-0.14,6.998,6.865,6.679,211393.42,210714.97,141801.19
2013-01-10,7.08,7.25,7.16,7.05,195749.91,0.09,1.27,7.026,6.93,6.721,194397.02,221448.63,148314.68
2013-01-11,7.16,7.23,7.07,7.02,195010.56,-0.09,-1.26,7.054,6.971,6.752,201039.8,219276.03,151806.93
2013-01-14,7.06,7.34,7.31,7.02,314219.88,0.24,3.4,7.138,7.017,6.799,236285.12,218383.13,164501.33
2013-01-15,7.31,7.44,7.39,7.25,217318.95,0.08,1.09,7.2,7.086,6.854,223605.08,224108.59,173732.43
2013-01-16,7.6,7.74,7.3,7.15,415208.81,-0.09,-1.22,7.246,7.122,6.892,267501.62,239447.52,189123.39
2013-01-17,7.23,7.25,7.12,7.07,196703.2,-0.18,-2.47,7.238,7.132,6.918,267692.28,231044.65,193376.15
2013-01-18,7.16,7.23,7.21,7.08,121295.89,0.09,1.26,7.266,7.16,6.948,252949.35,226994.57,195819.87
2013-01-21,7.21,7.26,7.21,7.14,121520.84,0.0,0.0,7.246,7.192,6.977,214409.54,225347.33,198894.82
2013-01-22,7.21,7.29,7.13,7.06,194176.23,-0.08,-1.11,7.194,7.197,7.006,209780.99,216693.04,206338.27
2013-01-23,7.08,7.17,7.12,7.06,76379.07,-0.01,-0.14,7.158,7.202,7.034,142015.05,204758.33,207736.65
2013-01-24,7.14,7.19,6.92,6.89,147222.94,-0.2,-2.81,7.118,7.178,7.054,132118.99,199905.64,210677.14
2013-01-25,6.95,6.96,6.92,6.87,51050.47,0.0,0.0,7.06,7.163,7.067,118069.91,185509.63,202392.83
2013-01-28,6.95,7.09,7.08,6.95,93368.14,0.16,2.31,7.034,7.14,7.079,112439.37,163424.45,190903.79
2013-01-29,7.07,7.18,7.12,7.05,105737.5,0.04,0.56,7.032,7.113,7.1,94751.62,152266.31,188187.45
2013-01-30,7.11,7.14,7.08,7.03,132720.66,-0.04,-0.56,7.024,7.091,7.107,106019.94,124017.49,181732.51
2013-01-31,7.08,7.1,6.96,6.92,111247.36,-0.12,-1.7,7.032,7.075,7.104,98824.83,115471.91,173258.28
2013-02-01,6.93,6.99,6.97,6.92,91679.13,0.01,0.14,7.042,7.051,7.106,106950.56,112510.23,169752.4
2013-02-04,7.04,7.08,6.99,6.94,106887.06,0.02,0.29,7.024,7.029,7.111,109654.34,111046.86,168197.09
2013-02-05,6.98,7.03,7.02,6.85,94106.4,0.03,0.43,7.004,7.018,7.108,107328.12,101039.87,158866.46
2013-02-06,7.02,7.06,6.97,6.93,93169.23,-0.05,-0.71,6.982,7.003,7.103,99417.84,102718.89,153738.61
2013-02-07,6.97,7.0,6.91,6.88,92417.47,-0.06,-0.86,6.972,7.002,7.09,95651.86,97238.34,148571.99
2013-02-08,6.92,7.01,6.99,6.92,61370.44,0.08,1.16,6.976,7.009,7.086,89590.12,98270.34,141889.98
2013-02-18,7.02,7.06,7.03,6.96,93054.27,0.04,0.57,6.984,7.004,7.072,86823.56,98238.95,130831.7
2013-02-19,7.0,7.04,6.93,6.9,72074.58,-0.1,-1.42,6.966,6.985,7.049,82417.2,94872.66,123569.48
2013-02-20,6.93,6.98,6.97,6.88,78669.48,0.04,0.58,6.966,6.974,7.033,79517.25,89467.54,106742.52
2013-02-21,6.91,6.92,6.74,6.73,99343.97,-0.23,-3.3,6.932,6.952,7.014,80902.55,88277.2,101874.56
2013-02-22,6.74,6.85,6.74,6.73,48964.89,0.0,0.0,6.882,6.929,6.99,78421.44,84005.78,98258.01
2013-02-25,6.77,6.82,6.78,6.75,41314.06,0.04,0.59,6.832,6.908,6.969,68073.4,77448.48,94247.67
2013-02-26,6.77,6.78,6.64,6.6,71108.44,-0.14,-2.06,6.774,6.87,6.944,67880.17,75148.68,88094.28
2013-02-27,6.65,6.75,6.72,6.64,58148.98,0.08,1.21,6.724,6.845,6.924,63776.07,71646.66,87182.77
2013-02-28,6.75,6.85,6.85,6.69,90920.61,0.13,1.94,6.746,6.839,6.921,62091.4,71496.97,84367.66
2013-03-01,6.85,6.96,6.93,6.82,89884.35,0.08,1.17,6.784,6.833,6.921,70275.29,74348.36,86309.35
2013-03-04,6.85,6.87,6.6,6.58,102180.13,-0.33,-4.76,6.748,6.79,6.897,82448.5,75260.95,86749.95
2013-03-05,6.61,6.67,6.66,6.55,63579.5,0.06,0.91,6.752,6.763,6.874,80942.71,74411.44,84642.05
2013-03-06,6.69,6.75,6.73,6.64,74320.17,0.07,1.05,6.754,6.739,6.857,84176.95,73976.51,81722.03
2013-03-07,6.7,6.78,6.66,6.61,63847.28,-0.07,-1.04,6.716,6.731,6.842,78762.29,70426.84,79352.02
2013-03-08,6.68,6.73,6.64,6.61,41425.7,-0.02,-0.3,6.658,6.721,6.825,69070.56,69672.92,76839.35
2013-03-11,6.65,6.66,6.62,6.58,38020.82,-0.02,-0.3,6.662,6.705,6.807,56238.69,69343.6,73396.04
2013-03-12,6.6,6.68,6.49,6.42,59584.15,-0.13,-1.96,6.628,6.69,6.78,55439.62,68191.17,71669.93
2013-03-13,6.46,6.48,6.38,6.35,44502.7,-0.11,-1.7,6.558,6.656,6.751,49476.13,66826.54,69236.6
2013-03-14,6.35,6.44,6.39,6.33,28616.99,0.01,0.16,6.504,6.61,6.725,42430.07,60596.18,66046.58
2013-03-15,6.41,6.45,6.39,6.28,49980.54,0.0,0.0,6.454,6.556,6.695,44141.04,56605.8,65477.08
2013-03-18,6.34,6.37,6.32,6.28,29132.33,-0.07,-1.09,6.394,6.528,6.659,42363.34,49301.02,62280.98
2013-03-19,6.37,6.38,6.37,6.28,34318.48,0.05,0.79,6.37,6.499,6.631,37310.21,46374.92,60393.18
2013-03-20,6.36,6.51,6.5,6.35,71714.25,0.13,2.04,6.394,6.476,6.608,42752.52,46114.32,60045.42
2013-03-21,6.54,6.58,6.54,6.49,45769.73,0.04,0.61,6.424,6.464,6.598,46183.07,44306.57,57366.71
2013-03-22,6.54,6.55,6.5,6.49,38750.34,-0.04,-0.61,6.446,6.45,6.586,43937.03,44039.03,56855.98
2013-03-25,6.55,6.55,6.53,6.47,35832.91,0.03,0.46,6.488,6.441,6.573,45277.14,43820.24,56581.92
2013-03-26,6.5,6.55,6.4,6.35,45063.47,-0.13,-1.99,6.494,6.432,6.561,47426.14,42368.17,55279.67
2013-03-27,6.42,6.54,6.52,6.4,55027.08,0.12,1.88,6.498,6.446,6.551,44088.71,43420.61,55123.58
2013-03-28,6.45,6.46,6.24,6.24,59082.01,-0.28,-4.29,6.438,6.431,6.521,46751.16,46467.11,53531.65
2013-03-29,6.25,6.39,6.34,6.24,38971.75,0.1,1.6,6.406,6.426,6.491,46795.44,45366.24,50986.02
2013-04-01,6.31,6.37,6.32,6.3,28382.08,-0.02,-0.32,6.364,6.426,6.477,45305.28,45291.21,47296.11
2013-04-02,6.33,6.41,6.35,6.32,44032.6,0.03,0.47,6.354,6.424,6.462,45099.1,46262.62,46318.77
2013-04-03,6.38,6.39,6.32,6.25,36731.84,-0.03,-0.47,6.314,6.406,6.441,41440.06,42764.38,44439.35
2013-04-08,6.25,6.26,6.22,6.17,35754.91,-0.1,-1.58,6.31,6.374,6.419,36774.64,41762.9,43034.73
2013-04-09,6.24,6.28,6.24,6.21,34828.2,0.02,0.32,6.29,6.348,6.399,35945.93,41370.69,42704.86
2013-04-10,6.26,6.26,6.2,6.17,39993.2,-0.04,-0.64,6.266,6.315,6.378,38268.15,41786.71,42803.48
2013-04-11,6.23,6.25,6.18,6.18,35591.72,-0.02,-0.32,6.232,6.293,6.363,36579.97,40839.54,41603.86
2013-04-12,6.2,6.24,6.16,6.15,32945.53,-0.02,-0.32,6.2,6.257,6.352,35822.71,38631.38,41026.0
2013-04-15,6.16,6.23,6.2,6.12,50637.87,0.04,0.65,6.196,6.253,6.342,38799.3,37786.97,42127.04
2013-04-16,6.15,6.27,6.27,6.15,53366.02,0.07,1.13,6.202,6.246,6.336,42506.87,39226.4,42296.32
2013-04-17,6.28,6.38,6.3,6.25,68047.13,0.03,0.48,6.222,6.244,6.335,48117.65,43192.9,44242.06
2013-04-18,6.27,6.34,6.29,6.23,45006.36,-0.01,-0.16,6.244,6.238,6.331,50000.58,43290.28,44776.45
2013-04-19,6.29,6.47,6.44,6.27,83599.14,0.15,2.38,6.3,6.25,6.328,60131.3,47977.01,45370.69
2013-04-22,6.39,6.4,6.38,6.34,55297.72,-0.06,-0.93,6.336,6.266,6.32,61063.27,49931.29,45847.09
2013-04-23,6.37,6.37,6.15,6.13,64134.69,-0.23,-3.6,6.312,6.257,6.303,63217.01,52861.94,47116.31
2013-04-24,6.15,6.25,6.24,6.15,60531.32,0.09,1.46,6.3,6.261,6.288,61713.85,54915.75,48351.23
2013-04-25,6.2,6.24,6.19,6.12,49302.07,-0.05,-0.8,6.28,6.262,6.278,62572.99,56286.79,48563.16
2013-04-26,6.19,6.24,6.15,6.09,53909.92,-0.04,-0.65,6.222,6.261,6.259,56635.14,58383.22,48507.3
2013-05-02,6.1,6.15,6.12,6.07,27778.47,-0.03,-0.49,6.17,6.253,6.253,51131.29,56097.28,46942.13
2013-05-03,6.15,6.22,6.2,6.13,37469.52,0.08,1.31,6.18,6.246,6.246,45798.26,54507.63,46867.02
2013-05-06,6.21,6.25,6.23,6.19,47673.58,0.03,0.48,6.178,6.239,6.242,43226.71,52470.28,47831.59
2013-05-07,6.23,6.28,6.22,6.2,50656.68,-0.01,-0.16,6.184,6.232,6.235,43497.63,53035.31,48162.79
2013-05-08,6.24,6.26,6.23,6.19,47208.36,0.01,0.16,6.2,6.211,6.231,42157.32,49396.23,48686.62
2013-05-09,6.23,6.23,6.18,6.16,44803.48,-0.05,-0.8,6.212,6.191,6.229,45562.32,48346.81,49139.05
2013-05-10,6.3,6.5,6.36,6.3,114093.79,0.18,2.91,6.244,6.212,6.235,60887.18,53342.72,53102.33
2013-05-13,6.3,6.34,6.33,6.26,65191.44,-0.03,-0.47,6.264,6.221,6.241,64390.75,53808.73,54362.24
2013-05-14,6.33,6.46,6.42,6.28,108432.83,0.09,1.42,6.304,6.244,6.253,75945.98,59721.81,58004.3
2013-05-15,6.41,6.43,6.41,6.37,47200.82,-0.01,-0.16,6.34,6.27,6.266,75944.47,59050.9,58717.06
2013-05-16,6.38,6.56,6.55,6.36,118099.05,0.14,2.18,6.414,6.313,6.283,90603.59,68082.96,62090.12
2013-05-17,6.53,6.72,6.66,6.52,166753.3,0.11,1.68,6.474,6.359,6.303,101135.49,81011.33,67759.48
2013-05-20,6.68,6.69,6.65,6.61,100641.33,-0.01,-0.15,6.538,6.401,6.32,108225.47,86308.11,69389.19
2013-05-21,6.65,6.8,6.73,6.63,109282.24,0.08,1.2,6.6,6.452,6.342,108395.35,92170.66,72602.99
2013-05-22,6.71,6.75,6.69,6.66,74483.08,-0.04,-0.59,6.656,6.498,6.355,113851.8,94898.14,72147.18
2013-05-23,6.78,6.91,6.62,6.62,148325.09,-0.07,-1.05,6.67,6.542,6.367,119897.01,105250.3,76798.55
2013-05-24,6.63,6.72,6.69,6.6,83400.97,0.07,1.06,6.676,6.575,6.394,103226.54,102181.01,77761.87
2013-05-27,6.69,6.73,6.65,6.61,81245.24,-0.04,-0.6,6.676,6.607,6.414,99347.32,103786.39,78797.56
2013-05-28,6.68,7.01,6.94,6.66,255165.62,0.29,4.36,6.718,6.659,6.452,128524.0,118459.67,89090.74
2013-05-29,6.98,7.02,6.94,6.87,164799.69,0.0,0.0,6.768,6.712,6.491,146587.32,130219.56,94635.23
2013-05-30,6.92,6.92,6.89,6.81,83154.58,-0.05,-0.72,6.822,6.746,6.53,133553.22,126725.11,97404.03
2013-05-31,6.92,6.93,6.79,6.78,71207.39,-0.1,-1.45,6.842,6.759,6.559,131114.5,117170.52,99090.93
2013-06-03,6.77,6.85,6.72,6.7,64190.89,-0.07,-1.03,6.856,6.766,6.584,127703.63,113525.48,99916.79
2013-06-04,6.72,6.74,6.65,6.59,58665.67,-0.07,-1.04,6.798,6.758,6.605,88403.64,108463.82,100317.24
2013-06-05,6.65,6.67,6.67,6.58,33079.44,0.02,0.3,6.744,6.756,6.627,62059.59,104323.46,99610.8
2013-06-06,6.65,6.67,6.61,6.58,35363.21,-0.06,-0.9,6.688,6.755,6.649,52501.32,93027.27,99138.78
2013-06-07,6.61,6.65,6.37,6.37,65028.83,-0.24,-3.63,6.604,6.723,6.649,51265.61,91190.06,96685.54
2013-06-13,6.35,6.35,6.21,6.14,73913.08,-0.16,-2.51,6.502,6.679,6.643,53210.05,90456.84,97121.62
2013-06-14,6.3,6.34,6.31,6.2,75234.9,0.1,1.61,6.434,6.616,6.638,56523.89,72463.77,95461.72
2013-06-17,6.3,6.33,6.2,6.2,47279.6,-0.11,-1.74,6.34,6.542,6.627,59363.92,60711.76,95465.66
2013-06-18,6.2,6.24,6.18,6.1,59204.27,-0.02,-0.32,6.254,6.471,6.609,64132.14,58316.73,92520.92
2013-06-19,6.16,6.17,6.08,5.95,55257.64,-0.1,-1.62,6.196,6.4,6.58,62177.9,56721.75,86946.14
2013-06-20,6.12,6.24,6.06,6.03,107185.01,-0.02,-0.33,6.166,6.334,6.55,68832.28,61021.17,87273.32
2013-06-21,5.96,6.16,6.15,5.9,75304.8,0.09,1.49,6.134,6.284,6.521,68846.26,62685.08,85574.45
2013-06-24,6.15,6.16,5.7,5.66,74024.96,-0.45,-7.32,6.034,6.187,6.472,74195.34,66779.63,85551.54
2013-06-25,5.69,5.7,5.42,5.13,245381.95,-0.28,-4.91,5.882,6.068,6.412,111430.87,87781.5,90404.39
2013-06-26,5.41,5.41,5.29,5.16,122296.15,-0.13,-2.4,5.724,5.96,6.342,124838.57,93508.24,92349.15
2013-06-27,5.27,5.4,5.26,5.24,93338.93,-0.03,-0.57,5.564,5.865,6.272,122069.36,95450.82,92953.83
2013-06-28,5.25,5.39,5.3,5.17,82158.78,0.04,0.76,5.394,5.764,6.19,123440.15,96143.21,84303.49
2013-07-01,5.28,5.34,5.27,5.18,72119.5,-0.03,-0.57,5.308,5.671,6.107,123059.06,98627.2,79669.48
2013-07-02,5.29,5.63,5.45,5.19,140065.19,0.18,3.42,5.314,5.598,6.035,101995.71,106713.29,82515.01
2013-07-03,5.38,5.39,5.33,5.18,107294.23,-0.12,-2.2,5.322,5.523,5.962,98995.33,111916.95,84319.35
2013-07-04,5.5,5.57,5.45,5.4,149513.19,0.12,2.25,5.36,5.462,5.898,110230.18,116149.77,88585.47
2013-07-05,5.46,5.57,5.5,5.43,113823.77,0.05,0.92,5.4,5.397,5.841,116563.18,120001.67,91343.37
2013-07-08,5.45,5.45,5.23,5.2,73259.63,-0.27,-4.91,5.392,5.35,5.769,116791.2,119925.13,93352.38
2013-07-09,5.22,5.27,5.23,5.2,54913.09,0.0,0.0,5.348,5.331,5.7,99760.78,100878.25,94329.88
2013-07-10,5.26,5.38,5.37,5.25,55352.38,0.14,2.68,5.356,5.339,5.65,89372.41,94183.87,93846.05
2013-07-11,5.38,5.59,5.53,5.37,122492.93,0.16,2.98,5.372,5.366,5.616,83968.36,97099.27,96275.04
2013-07-12,5.53,5.58,5.42,5.42,76081.87,-0.11,-1.99,5.356,5.378,5.571,76419.98,96491.58,96317.39
2013-07-15,5.39,5.69,5.6,5.39,137439.95,0.18,3.32,5.43,5.411,5.541,89256.04,103023.62,100825.41
2013-07-16,5.55,5.74,5.71,5.52,138768.36,0.11,1.96,5.526,5.437,5.518,106027.1,102893.94,104803.62
2013-07-17,5.84,5.95,5.77,5.74,197554.31,0.06,1.05,5.606,5.481,5.502,134467.48,111919.95,111918.45
2013-07-18,5.8,5.84,5.7,5.69,100291.39,-0.07,-1.21,5.64,5.506,5.484,130027.18,106997.77,111573.77
2013-07-19,5.7,5.75,5.51,5.5,96753.62,-0.19,-3.33,5.658,5.507,5.452,134161.53,105290.75,112646.21
2013-07-22,5.48,5.56,5.54,5.45,52841.89,0.03,0.54,5.646,5.538,5.444,117241.91,103248.98,111587.06
2013-07-23,5.54,5.68,5.65,5.51,68594.64,0.11,1.99,5.634,5.58,5.456,103207.17,104617.13,102747.69
2013-07-24,5.6,5.65,5.54,5.51,63255.41,-0.11,-1.95,5.588,5.597,5.468,76347.39,105407.44,99795.65
2013-07-25,5.59,5.63,5.55,5.53,55718.5,0.01,0.18,5.558,5.599,5.483,67432.81,98729.99,97914.63
2013-07-26,5.56,5.58,5.53,5.5,42396.02,-0.02,-0.36,5.562,5.61,5.494,56561.29,95361.41,95926.49
2013-07-29,5.52,5.52,5.34,5.33,53380.58,-0.19,-3.44,5.522,5.584,5.498,56669.03,86955.47,94989.55
2013-07-30,5.43,5.45,5.38,5.31,37760.53,0.04,0.75,5.468,5.551,5.494,50502.21,76854.69,89874.31
2013-07-31,5.45,5.66,5.48,5.44,81275.72,0.1,1.86,5.456,5.522,5.502,54106.27,65226.83,88573.39
2013-08-01,5.49,5.58,5.57,5.45,40124.99,0.09,1.64,5.46,5.509,5.508,50987.57,59210.19,83103.98
2013-08-02,5.56,5.59,5.52,5.5,34007.51,0.03,0.55,5.458,5.51,5.509,49309.87,52935.58,79113.17
2013-08-05,5.53,5.56,5.56,5.48,36442.01,0.04,0.72,5.502,5.512,5.525,45922.15,51295.59,77272.28
2013-08-06,5.54,5.63,5.61,5.51,50233.28,0.05,0.9,5.548,5.508,5.544,48416.7,49459.46,77038.29
2013-08-07,5.64,5.72,5.63,5.57,99015.72,0.02,0.36,5.578,5.517,5.557,51964.7,53035.49,79221.46
2013-08-08,5.6,5.61,5.57,5.52,56923.6,-0.06,-1.07,5.578,5.519,5.559,55324.42,53156.0,75943.0
2013-08-09,5.6,5.61,5.55,5.46,49267.49,-0.02,-0.36,5.584,5.521,5.566,58376.42,53843.14,74602.28
2013-08-12,5.57,5.69,5.68,5.53,90334.89,0.13,2.34,5.608,5.555,5.57,69155.0,57538.57,72247.02
2013-08-13,5.66,5.82,5.73,5.64,95972.84,0.05,0.88,5.632,5.59,5.571,78302.91,63359.8,70107.25
2013-08-14,5.73,5.97,5.87,5.7,200940.31,0.14,2.44,5.68,5.629,5.576,98687.83,75326.26,70276.55
2013-08-15,5.84,5.89,5.74,5.73,93524.18,-0.13,-2.21,5.714,5.646,5.578,106007.94,80666.18,69938.19
2013-08-16,5.73,6.31,5.71,5.66,113871.03,-0.03,-0.52,5.746,5.665,5.588,118928.65,88652.54,70794.06
2013-08-19,5.7,5.87,5.81,5.65,69003.82,0.1,1.75,5.772,5.69,5.601,114662.44,91908.72,71602.15
2013-08-20,5.8,5.8,5.68,5.65,65083.36,-0.13,-2.24,5.762,5.697,5.603,108484.54,93393.72,71426.59
2013-08-21,5.69,5.82,5.8,5.64,58430.4,0.12,2.11,5.748,5.714,5.616,79982.56,89335.19,71185.34
2013-08-22,5.8,5.93,5.82,5.79,83462.61,0.02,0.34,5.764,5.739,5.629,77970.24,91989.09,72572.54
2013-08-23,5.92,6.14,5.92,5.82,221141.44,0.1,1.72,5.806,5.776,5.649,99424.33,109176.49,81509.82
2013-08-26,5.96,6.51,6.51,5.85,548454.06,0.59,9.97,5.946,5.859,5.707,195314.37,154988.41,106263.49
2013-08-27,6.59,7.1,6.94,6.51,608950.38,0.43,6.61,6.198,5.98,5.785,304087.78,206286.16,134822.98
2013-08-28,6.8,7.59,7.3,6.7,755186.31,0.36,5.19,6.498,6.123,5.876,443438.96,261710.76,168518.51
2013-08-29,7.26,7.53,7.23,7.06,510767.22,-0.07,-0.96,6.78,6.272,5.959,528899.88,303435.06,192050.62
2013-08-30,7.25,7.95,7.95,7.25,881183.88,0.72,9.96,7.186,6.496,6.081,660908.37,380166.35,234409.44
2013-09-02,8.2,8.22,7.37,7.25,698583.25,-0.58,-7.3,7.358,6.652,6.171,690934.21,443124.29,267516.5
2013-09-03,7.2,7.56,7.3,7.02,335909.88,-0.07,-0.95,7.43,6.814,6.256,636326.11,470206.94,281800.33
2013-09-04,7.31,7.64,7.43,7.21,376254.91,0.13,1.78,7.456,6.977,6.346,560539.83,501989.39,295662.29
2013-09-05,7.61,7.61,7.32,7.22,231590.75,-0.11,-1.48,7.474,7.127,6.433,504704.53,516802.21,304395.65
2013-09-06,7.7,8.05,8.05,7.63,757651.62,0.73,9.97,7.494,7.34,6.558,479998.08,570453.23,339814.86
2013-09-09,8.29,8.8,8.33,8.01,993967.5,0.28,3.48,7.686,7.522,6.691,539074.93,615004.57,384996.49
2013-09-10,8.25,9.16,9.1,8.11,913935.75,0.77,9.24,8.046,7.738,6.859,654680.11,645503.11,425894.63
2013-09-11,8.97,9.09,8.78,8.5,565370.75,-0.32,-3.52,8.316,7.886,7.005,692503.27,626521.55,444116.15
2013-09-12,8.68,9.2,8.87,8.6,422935.62,0.09,1.02,8.626,8.05,7.161,730772.25,617738.39,460586.73
2013-09-13,8.95,8.95,8.49,8.36,379333.12,-0.38,-4.28,8.714,8.104,7.3,655108.55,567553.32,473859.83
2013-09-16,8.54,8.89,8.51,8.4,313339.03,0.02,0.24,8.75,8.218,7.435,518982.85,529028.89,486076.59
2013-09-17,8.45,8.46,7.86,7.85,403214.06,-0.65,-7.64,8.502,8.274,7.544,416838.52,535759.31,502983.13
2013-09-18,7.86,8.35,8.14,7.78,279620.28,0.28,3.56,8.374,8.345,7.661,359688.42,526095.85,514042.62
2013-09-23,8.29,8.91,8.82,8.27,467494.22,0.68,8.35,8.364,8.495,7.811,368600.14,549686.2,533244.2
2013-09-24,8.8,9.7,9.69,8.63,968530.06,0.87,9.86,8.604,8.659,8.0,486439.53,570774.04,570613.63
2013-09-25,9.5,10.28,9.41,9.24,1073533.62,-0.28,-2.89,8.784,8.767,8.145,638478.45,578730.65,596867.61
2013-09-26,9.3,9.3,8.47,8.47,567283.75,-0.94,-9.99,8.906,8.704,8.221,671292.39,544065.45,594784.28
2013-09-27,8.15,8.35,8.01,7.71,400188.22,-0.46,-5.43,8.88,8.627,8.257,695405.97,527547.2,577034.37
2013-09-30,8.01,8.57,8.51,7.97,279253.03,0.5,6.24,8.818,8.591,8.321,657757.74,513178.94,565458.67
2013-10-08,8.6,8.77,8.55,8.4,229073.95,0.04,0.47,8.59,8.597,8.351,509866.51,498153.02,532853.17
2013-10-09,8.54,8.59,8.55,8.29,236701.39,0.0,0.0,8.418,8.601,8.41,342500.07,490489.26,509759.08
2013-10-10,8.49,8.75,8.48,8.46,267079.44,-0.07,-0.82,8.42,8.663,8.469,282459.21,476875.8,506317.55
2013-10-11,8.59,9.2,9.0,8.49,426681.41,0.52,6.13,8.618,8.749,8.547,287757.84,491581.91,508838.88
2013-10-14,9.05,9.18,8.82,8.69,323516.62,-0.18,-2.0,8.68,8.749,8.622,296610.56,477184.15,513435.17
2013-10-15,8.83,9.7,9.7,8.82,951660.69,0.88,9.98,8.91,8.75,8.705,441127.91,475497.21,523135.63
2013-10-16,9.3,9.35,8.74,8.73,755058.0,-0.96,-9.9,8.948,8.683,8.725,544799.23,443649.65,511190.15
2013-10-17,8.88,8.98,8.45,8.26,314517.69,-0.29,-3.32,8.942,8.681,8.693,554286.88,418373.04,481219.25
2013-10-18,8.52,8.57,8.53,8.3,132600.91,0.08,0.95,8.848,8.733,8.68,495470.78,391614.31,459580.76
2013-10-21,8.65,8.89,8.79,8.47,221319.08,0.26,3.05,8.842,8.761,8.676,475031.27,385820.92,449499.93
2013-10-22,8.71,8.76,8.46,8.4,200757.84,-0.33,-3.75,8.594,8.752,8.675,324850.7,382989.31,440571.16
2013-10-23,8.41,8.6,8.23,8.09,172513.95,-0.23,-2.72,8.492,8.72,8.661,208341.89,376570.56,433529.91
2013-10-24,8.32,8.43,8.16,8.09,136652.27,-0.07,-0.85,8.434,8.688,8.676,172768.81,363527.85,420201.82
2013-10-25,8.18,8.2,7.7,7.61,221346.56,-0.46,-5.64,8.268,8.558,8.654,190517.94,342994.36,417288.14
2013-10-28,7.75,7.95,7.88,7.65,103423.8,0.18,2.34,8.086,8.464,8.607,166938.88,320985.08,399084.61
2013-10-29,7.92,7.94,7.61,7.28,155784.95,-0.27,-3.43,7.916,8.255,8.503,157944.31,241397.5,358447.36
2013-10-30,7.55,7.65,7.62,7.47,91733.31,0.01,0.13,7.794,8.143,8.413,141788.18,175065.04,309357.34
2013-10-31,7.49,7.65,7.38,7.35,103980.87,-0.24,-3.15,7.638,8.036,8.359,135253.9,154011.35,286192.2
2013-11-01,7.45,7.58,7.51,7.32,94711.34,0.13,1.76,7.6,7.934,8.334,109926.85,150222.4,270918.36
2013-11-04,7.49,7.58,7.46,7.43,65328.12,-0.05,-0.67,7.516,7.801,8.281,102307.72,134623.3,260222.11
2013-11-05,7.46,7.67,7.64,7.4,91815.82,0.18,2.41,7.522,7.719,8.236,89513.89,123729.1,253359.2
2013-11-06,7.63,7.66,7.44,7.43,88271.02,-0.2,-2.62,7.486,7.64,8.18,88821.43,115304.81,245937.68
2013-11-07,7.46,7.6,7.46,7.39,61035.67,0.02,0.27,7.502,7.57,8.129,80232.39,107743.15,235635.5
2013-11-08,7.45,7.78,7.61,7.36,132675.7,0.15,2.01,7.522,7.561,8.06,87825.27,98876.06,220935.21
2013-11-11,7.57,7.57,7.4,7.24,101694.01,-0.21,-2.76,7.51,7.513,7.989,95098.44,98703.08,209844.08
2013-11-12,7.45,7.73,7.63,7.3,131906.3,0.23,3.11,7.508,7.515,7.885,103116.54,96315.22,168856.36
2013-11-13,7.58,7.59,7.45,7.43,87859.15,-0.18,-2.36,7.51,7.498,7.821,103034.17,95927.8,135496.42
2013-11-14,7.4,7.55,7.5,7.33,66731.65,0.05,0.67,7.518,7.51,7.773,104173.36,92202.88,123107.12
2013-11-15,7.55,7.94,7.79,7.47,197516.12,0.29,3.87,7.554,7.538,7.736,117141.45,102483.36,126352.88
2013-11-18,7.94,8.02,8.01,7.81,160785.69,0.22,2.82,7.676,7.593,7.697,128959.78,112029.11,123326.21
2013-11-19,8.02,8.25,8.06,7.85,177621.27,0.05,0.62,7.762,7.635,7.677,138102.78,120609.66,122169.38
2013-11-20,8.06,8.21,8.1,7.98,114018.44,0.04,0.5,7.892,7.701,7.671,143334.63,123184.4,119244.6
2013-11-21,8.03,8.16,8.01,7.96,104787.33,-0.09,-1.11,7.994,7.756,7.663,150945.77,127559.57,117651.36
2013-11-22,8.01,8.07,7.78,7.72,135220.95,-0.23,-2.87,7.992,7.773,7.667,138486.74,127814.09,113345.08
2013-11-25,7.73,7.8,7.7,7.59,106944.75,-0.08,-1.03,7.93,7.803,7.658,127718.55,128339.17,113521.12
2013-11-26,7.69,8.13,8.12,7.66,204480.84,0.42,5.46,7.942,7.852,7.684,133090.46,135596.62,115955.92
2013-11-27,8.06,8.13,8.04,7.95,104607.54,-0.08,-0.98,7.93,7.911,7.705,131208.28,137271.46,116599.63
2013-11-28,8.05,8.13,8.01,8.0,108218.27,-0.03,-0.37,7.93,7.962,7.736,131894.47,141420.12,116811.5
2013-11-29,8.0,8.13,8.06,7.96,95627.09,0.05,0.62,7.986,7.989,7.764,123975.7,131231.22,116857.29
2013-12-02,7.93,8.58,8.25,7.51,381216.47,0.19,2.36,8.096,8.013,7.803,178830.04,153274.29,132651.7
2013-12-03,8.09,8.18,8.14,7.82,154875.72,-0.11,-1.33,8.1,8.021,7.828,168909.02,150999.74,135804.7
2013-12-04,8.11,8.75,8.48,8.06,343021.28,0.34,4.18,8.188,8.059,7.88,216591.77,173900.02,148542.21
2013-12-05,8.49,8.58,8.39,8.26,168243.34,-0.09,-1.06,8.264,8.097,7.927,228596.78,180245.63,153902.6
2013-12-06,8.42,8.47,8.38,8.3,96968.09,-0.01,-0.12,8.328,8.157,7.965,228864.98,176420.34,152117.22
2013-12-09,8.45,8.53,8.42,8.4,101712.3,0.04,0.48,8.362,8.229,8.016,172964.15,175897.09,152118.13
2013-12-10,8.4,8.69,8.45,8.4,147070.52,0.03,0.36,8.424,8.262,8.057,171403.11,170156.06,152876.34
2013-12-11,8.43,8.45,8.18,8.14,112732.38,-0.27,-3.19,8.364,8.276,8.094,125345.33,170968.55,154120.0
2013-12-12,8.16,8.28,8.26,8.16,75830.78,0.08,0.98,8.338,8.301,8.132,106862.81,167729.8,154574.96
2013-12-13,8.29,8.46,8.44,8.24,111185.09,0.18,2.18,8.35,8.339,8.164,109706.21,169285.6,150258.41
2013-12-16,8.7,8.83,8.18,8.13,258355.23,-0.26,-3.08,8.302,8.332,8.173,141034.8,156999.47,155136.88
2013-12-17,8.15,8.25,8.04,8.03,84886.57,-0.14,-1.71,8.22,8.322,8.172,128598.01,150000.56,150500.15
2013-12-18,8.08,8.16,7.81,7.77,109262.98,-0.23,-2.86,8.146,8.255,8.157,127904.13,126624.73,150262.38
2013-12-19,7.83,7.89,7.55,7.5,107104.52,-0.26,-3.33,8.004,8.171,8.134,134158.88,120510.85,150378.24
2013-12-20,7.59,7.75,7.48,7.47,69899.59,-0.07,-0.93,7.812,8.081,8.119,125901.78,117804.0,147112.17
2013-12-23,7.49,7.57,7.3,7.28,70973.79,-0.18,-2.41,7.636,7.969,8.099,88425.49,114730.14,145313.62
2013-12-24,7.34,7.45,7.29,7.19,78491.86,-0.01,-0.14,7.486,7.853,8.058,87146.55,107872.28,139014.17
2013-12-25,7.33,7.45,7.42,7.25,52943.17,0.13,1.78,7.408,7.777,8.027,75882.59,101893.36,136430.95
2013-12-26,7.47,7.48,7.29,7.28,53972.69,-0.13,-1.75,7.356,7.68,7.991,65256.22,99707.55,133718.67
2013-12-27,7.3,7.46,7.4,7.3,50640.15,0.11,1.51,7.34,7.576,7.958,61404.33,93653.06,131469.33
2013-12-30,7.42,7.52,7.44,7.39,50812.5,0.04,0.54,7.368,7.502,7.917,57372.07,72898.78,114949.13
2013-12-31,7.4,7.54,7.51,7.4,51192.97,0.07,0.94,7.412,7.449,7.886,51912.3,69529.42,109764.99
2014-01-02,7.5,7.53,7.46,7.42,42089.22,-0.05,-0.67,7.42,7.414,7.835,49741.51,62812.05,94718.39
2014-01-03,7.42,7.44,7.17,7.1,95319.66,-0.29,-3.89,7.396,7.376,7.774,58010.9,61633.56,91072.2
2014-01-06,7.15,7.15,6.84,6.84,83773.85,-0.33,-4.6,7.284,7.312,7.697,64637.64,63020.99,90412.49
2014-01-07,6.83,7.03,6.88,6.76,62353.38,0.04,0.58,7.172,7.27,7.62,66945.82,62158.94,88444.55
2014-01-08,6.91,6.95,6.73,6.7,51036.68,-0.15,-2.18,7.016,7.214,7.534,66914.56,59413.43,83642.85
2014-01-09,6.74,7.04,6.79,6.72,78342.04,0.06,0.89,6.882,7.151,7.464,74165.12,61953.31,81923.34
2014-01-10,6.77,6.79,6.68,6.61,48506.16,-0.11,-1.62,6.784,7.09,7.385,64802.42,61406.66,80557.11
2014-01-13,6.73,6.77,6.44,6.35,61928.39,-0.24,-3.59,6.704,6.994,7.285,60433.33,62535.49,78094.27
2014-01-14,6.45,6.56,6.51,6.31,75809.95,0.07,1.09,6.63,6.901,7.202,63124.64,65035.23,68967.01
2014-01-15,6.48,6.48,6.41,6.34,57788.52,-0.1,-1.54,6.566,6.791,7.12,64475.01,65694.79,67612.1
2014-01-16,6.41,6.47,6.4,6.36,64804.94,-0.01,-0.16,6.488,6.685,7.05,61767.59,67966.36,65389.2
2014-01-17,6.39,6.41,6.24,6.23,57029.3,-0.16,-2.5,6.4,6.592,6.984,63472.22,64137.32,62885.44
2014-01-20,6.24,6.31,6.22,6.21,39449.38,-0.02,-0.32,6.356,6.53,6.921,58976.42,59704.87,61362.93
2014-01-21,6.28,6.36,6.34,6.24,73424.53,0.12,1.93,6.322,6.476,6.873,58499.33,60811.99,61485.47
2014-01-22,6.36,6.62,6.59,6.36,94752.26,0.25,3.94,6.358,6.462,6.838,65892.08,65183.55,62298.49
2014-01-23,6.61,6.71,6.64,6.53,80399.69,0.05,0.76,6.406,6.447,6.799,69011.03,65389.31,63671.31
2014-01-24,6.65,7.16,7.0,6.62,149290.27,0.36,5.42,6.558,6.479,6.785,87463.23,75467.72,68437.19
2014-01-27,6.88,6.93,6.84,6.81,91689.68,-0.16,-2.29,6.682,6.519,6.757,97911.29,78443.85,70489.67
2014-01-28,6.88,7.0,6.86,6.82,70035.09,0.02,0.29,6.786,6.554,6.728,97233.4,77866.37,71450.8
2014-01-29,6.9,6.93,6.81,6.75,62094.49,-0.05,-0.73,6.83,6.594,6.693,90701.84,78296.96,71995.87
2014-01-30,6.83,6.84,6.75,6.73,41665.04,-0.06,-0.88,6.852,6.629,6.657,82954.91,75982.97,71974.66
2014-02-07,6.69,6.74,6.69,6.6,67951.8,-0.06,-0.89,6.79,6.674,6.633,66687.22,77075.22,70606.27
2014-02-10,6.73,6.98,6.94,6.73,100307.91,0.25,3.74,6.81,6.746,6.638,68410.87,83161.08,71432.97
2014-02-11,6.96,7.2,7.16,6.94,133691.66,0.22,3.17,6.87,6.828,6.652,81142.18,89187.79,74999.89
2014-02-12,7.19,7.2,7.11,7.04,95632.83,-0.05,-0.7,6.93,6.88,6.671,87849.85,89275.85,77229.7
2014-02-13,7.08,7.28,7.13,7.06,109826.77,0.02,0.28,7.006,6.929,6.688,101482.19,92218.55,78803.93
2014-02-14,7.14,7.33,7.25,7.08,108592.35,0.12,1.68,7.118,6.954,6.717,109610.3,88148.76,81808.24
2014-02-17,7.3,7.35,7.25,7.2,94373.33,0.0,0.0,7.18,6.995,6.757,108423.39,88417.13,83430.49
2014-02-18,7.25,7.3,7.29,7.08,138006.84,0.04,0.55,7.206,7.038,6.796,109286.42,95214.3,86540.33
2014-02-19,7.25,7.4,7.3,7.15,119683.0,0.01,0.14,7.244,7.087,6.841,114096.46,100973.15,89635.06
2014-02-20,7.29,7.36,7.15,7.14,86830.19,-0.15,-2.06,7.248,7.127,6.878,109497.14,105489.67,90736.32
2014-02-21,7.14,7.24,7.05,7.0,82481.45,-0.1,-1.4,7.208,7.163,6.919,104274.96,106942.63,92008.93
2014-02-24,7.01,7.01,6.71,6.67,108144.36,-0.34,-4.82,7.1,7.14,6.943,107029.17,107726.28,95443.68
2014-02-25,6.7,6.77,6.45,6.42,86560.33,-0.26,-3.88,6.932,7.069,6.949,96739.87,103013.14,96100.47
2014-02-26,6.45,6.53,6.49,6.41,54874.65,0.04,0.62,6.77,7.007,6.944,83778.2,98937.33,94106.59
2014-02-27,6.53,6.84,6.72,6.45,99863.11,0.23,3.54,6.684,6.966,6.948,86384.78,97940.96,95079.76
2014-02-28,6.58,6.7,6.63,6.44,74730.27,-0.09,-1.34,6.6,6.904,6.929,84834.54,94554.75,91351.76
2014-03-03,6.6,6.92,6.81,6.56,99305.91,0.18,2.71,6.62,6.86,6.928,83066.85,95048.01,91732.57
2014-03-04,6.75,6.84,6.76,6.65,65032.47,-0.05,-0.73,6.682,6.807,6.923,78761.28,87750.57,91482.44
2014-03-05,6.77,6.84,6.69,6.62,43752.12,-0.07,-1.04,6.722,6.746,6.917,76536.78,80157.49,90565.32
2014-03-06,6.67,6.83,6.78,6.64,59818.05,0.09,1.34,6.734,6.709,6.918,68527.76,77456.27,91472.97
2014-03-07,6.82,6.98,6.91,6.68,109350.59,0.13,1.92,6.79,6.695,6.929,75451.83,80143.19,93542.91
2014-03-10,6.86,6.86,6.53,6.52,81790.88,-0.38,-5.5,6.734,6.677,6.909,71948.82,77507.84,92617.06
2014-03-11,6.5,6.63,6.52,6.45,49010.37,-0.01,-0.15,6.686,6.684,6.877,68744.4,73752.84,88382.99
2014-03-12,6.54,6.64,6.55,6.44,37822.37,0.03,0.46,6.658,6.69,6.849,67558.45,72047.61,85492.47
2014-03-13,6.53,6.6,6.56,6.51,40827.4,0.01,0.15,6.614,6.674,6.82,63760.32,66144.04,82042.5
2014-03-14,6.53,6.59,6.45,6.44,33704.47,-0.11,-1.68,6.522,6.656,6.78,48631.1,62041.46,78298.11
2014-03-17,6.46,6.53,6.52,6.45,32724.76,0.07,1.08,6.52,6.627,6.744,38817.87,55383.35,75215.68
2014-03-18,6.53,6.75,6.64,6.53,60750.04,0.12,1.84,6.544,6.615,6.711,41165.81,54955.11,71352.84
2014-03-19,6.6,6.65,6.63,6.54,38095.99,-0.01,-0.15,6.56,6.609,6.678,41220.53,54389.49,67273.49
2014-03-20,6.62,6.77,6.54,6.53,66644.31,-0.09,-1.36,6.556,6.585,6.647,46383.91,55072.12,66264.2
2014-03-21,6.51,6.75,6.73,6.5,61405.09,0.19,2.9,6.612,6.567,6.631,51924.04,50277.57,65210.38
2014-03-24,6.84,7.05,6.93,6.76,176661.36,0.2,2.97,6.694,6.607,6.642,80711.36,59764.62,68636.23
2014-03-25,6.95,7.58,7.35,6.91,307121.16,0.42,6.06,6.836,6.69,6.687,129985.58,85575.7,79664.27
2014-03-26,7.3,7.38,7.12,7.09,143972.92,-0.23,-3.13,6.934,6.747,6.719,151160.97,96190.75,84119.18
2014-03-27,7.23,7.37,7.13,7.11,139697.98,0.01,0.14,7.052,6.804,6.739,165771.7,106077.81,86110.93
2014-03-28,7.11,7.3,7.04,7.0,109691.94,-0.09,-1.26,7.114,6.863,6.76,175429.07,113676.56,87859.01
2014-03-31,7.07,7.14,6.83,6.75,80906.04,-0.21,-2.98,7.094,6.894,6.761,156278.01,118494.68,86939.02
2014-04-01,6.83,6.95,6.88,6.82,52960.49,0.05,0.73,7.0,6.918,6.767,105445.87,117715.73,86335.42
2014-04-02,7.0,7.12,7.1,6.95,100673.68,0.22,3.2,6.996,6.965,6.787,96786.03,123973.5,89181.49
2014-04-03,7.1,7.1,6.87,6.79,99980.54,-0.23,-3.24,6.944,6.998,6.792,88842.54,127307.12,91189.62
2014-04-04,6.86,7.03,6.96,6.84,60858.81,0.09,1.31,6.928,7.021,6.794,79075.91,127252.49,88765.03
2014-04-08,6.92,7.01,6.98,6.88,103742.97,0.02,0.29,6.958,7.026,6.817,83643.3,119960.65,89862.63
2014-04-09,6.98,7.09,7.01,6.98,68057.67,0.03,0.43,6.984,6.992,6.841,86662.73,96054.3,90815.0
2014-04-10,7.01,7.08,7.04,7.0,95637.11,0.03,0.43,6.972,6.984,6.866,85655.42,91220.72,93705.74
2014-04-11,7.04,7.1,7.01,6.97,67591.7,-0.03,-0.43,7.0,6.972,6.888,79177.65,84010.1,95043.95
2014-04-14,7.02,7.05,7.02,6.96,49450.58,0.01,0.14,7.012,6.97,6.917,76896.01,77985.96,95831.26
2014-04-15,7.02,7.18,7.02,6.98,125060.22,0.0,0.0,7.02,6.989,6.942,81159.46,82401.38,100448.03
2014-04-16,7.01,7.08,7.01,6.96,65459.12,-0.01,-0.14,7.02,7.002,6.96,80639.75,83651.24,100683.48
2014-04-17,7.0,7.19,7.08,7.0,138392.75,0.07,1.0,7.028,7.0,6.983,89190.87,87423.15,105698.32
2014-04-18,7.1,7.14,7.08,7.04,74456.59,0.0,0.0,7.042,7.021,7.01,90563.85,84870.75,106088.94
2014-04-21,7.04,7.23,6.91,6.91,136078.69,-0.17,-2.4,7.02,7.016,7.019,107889.47,92392.74,109822.62
2014-04-22,6.93,7.18,7.17,6.93,157616.75,0.26,3.76,7.05,7.035,7.031,114400.78,97780.12,108870.39
2014-04-23,7.12,7.23,7.06,7.04,97390.41,-0.11,-1.53,7.06,7.04,7.016,120787.04,100713.39,98383.85
2014-04-24,7.03,7.08,6.84,6.81,86945.07,-0.22,-3.12,7.012,7.02,7.002,110497.5,99844.19,95532.46
2014-04-25,6.87,6.89,6.65,6.6,80501.89,-0.19,-2.78,6.926,6.984,6.978,111706.56,101135.21,92572.65
2014-04-28,6.65,6.67,6.38,6.37,77411.06,-0.27,-4.06,6.82,6.92,6.945,99973.04,103931.26,90958.61
2014-04-29,6.42,6.53,6.52,6.42,40281.31,0.14,2.19,6.69,6.87,6.93,76505.95,95453.36,88927.37
2014-04-30,6.54,6.65,6.59,6.51,38301.21,0.07,1.07,6.596,6.828,6.915,64688.11,92737.57,88194.41
2014-05-05,6.58,6.62,6.61,6.46,42838.28,0.02,0.3,6.55,6.781,6.891,55866.75,83182.13,85302.64
2014-05-06,6.61,6.64,6.57,6.55,35910.61,-0.04,-0.6,6.534,6.73,6.876,46948.49,79327.53,82099.14
2014-05-07,6.58,6.58,6.47,6.47,30230.86,-0.1,-1.52,6.552,6.686,6.851,37512.45,68742.75,80567.74
2014-05-08,6.48,6.6,6.51,6.46,33488.97,0.04,0.62,6.55,6.62,6.828,36153.99,56329.97,77055.04
2014-05-09,6.55,6.55,6.44,6.4,31016.15,-0.07,-1.07,6.52,6.558,6.799,34696.97,49692.54,75202.97
2014-05-12,6.48,6.66,6.62,6.48,57932.7,0.18,2.79,6.522,6.536,6.778,37715.86,46791.3,73317.75
2014-05-13,6.62,6.66,6.6,6.57,40901.17,-0.02,-0.3,6.528,6.531,6.758,38713.97,42831.23,71983.22
2014-05-14,6.58,6.71,6.61,6.58,49934.11,0.01,0.15,6.556,6.554,6.737,42654.62,40083.54,72007.4
2014-05-15,6.6,6.63,6.51,6.5,37253.49,-0.1,-1.51,6.556,6.553,6.712,43407.52,39780.75,67617.06
2014-05-16,6.53,6.59,6.52,6.5,31455.49,0.01,0.15,6.572,6.546,6.687,43495.39,39096.18,65916.88
2014-05-19,6.5,6.54,6.45,6.41,36228.04,-0.07,-1.07,6.538,6.53,6.656,39154.46,38435.16,60808.64
2014-05-20,6.5,6.55,6.42,6.4,24034.2,-0.03,-0.47,6.502,6.515,6.623,35781.07,37247.52,58287.52
2014-05-21,6.43,6.48,6.46,6.39,23592.25,0.04,0.62,6.472,6.514,6.6,30512.69,36583.66,52663.2
2014-05-22,6.47,6.56,6.46,6.44,32753.68,0.0,0.0,6.462,6.509,6.565,29612.73,36510.13,46420.05
2014-05-23,6.46,6.55,6.52,6.42,31423.4,0.06,0.93,6.462,6.517,6.538,29606.31,36550.85,43121.7
2014-05-26,6.55,6.57,6.53,6.47,34350.15,0.01,0.15,6.478,6.508,6.522,29230.74,34192.6,40491.95
2014-05-27,6.51,6.54,6.48,6.47,29085.89,-0.05,-0.77,6.49,6.496,6.514,30241.07,33011.07,37921.15
2014-05-28,6.49,6.55,6.54,6.47,28095.33,0.06,0.93,6.506,6.489,6.522,31141.69,30827.19,35455.36
2014-05-29,6.54,6.63,6.57,6.5,55392.3,0.03,0.46,6.528,6.495,6.524,35669.41,32641.07,36210.91
2014-05-30,6.6,6.6,6.54,6.51,27297.46,-0.03,-0.46,6.532,6.497,6.522,34844.23,32225.27,35660.73
2014-06-03,6.56,6.56,6.49,6.47,27076.08,-0.05,-0.77,6.524,6.501,6.516,33389.41,31310.07,34872.62
2014-06-04,6.48,6.52,6.37,6.35,41092.23,-0.12,-1.85,6.502,6.496,6.506,35790.68,33015.88,35131.7
2014-06-05,6.39,6.43,6.43,6.37,28620.88,0.06,0.94,6.48,6.493,6.504,35895.79,33518.74,35051.2
2014-06-06,6.45,6.45,6.36,6.32,29255.65,-0.07,-1.09,6.438,6.483,6.496,30668.46,33168.94,34839.53
2014-06-09,6.37,6.4,6.32,6.31,30253.15,-0.04,-0.63,6.394,6.463,6.49,31259.6,33051.91,34801.38
2014-06-10,6.37,6.39,6.38,6.31,22531.86,0.06,0.95,6.372,6.448,6.478,30350.75,31870.08,33031.34
2014-06-11,6.38,6.4,6.4,6.34,23453.52,0.02,0.31,6.378,6.44,6.468,26823.01,31306.85,32158.96
2014-06-12,6.4,6.73,6.62,6.37,139486.16,0.22,3.44,6.416,6.448,6.469,48996.07,42445.93,36636.56
2014-06-13,6.54,6.56,6.52,6.38,102687.72,-0.1,-1.51,6.448,6.443,6.469,63682.48,47175.47,39908.27
2014-06-16,6.52,6.55,6.52,6.46,48421.57,0.0,0.0,6.488,6.441,6.469,67316.17,49287.88,40756.58
2014-06-17,6.51,6.53,6.45,6.45,39355.01,-0.07,-1.07,6.502,6.437,6.469,70680.8,50515.78,40912.92
2014-06-18,6.45,6.48,6.36,6.36,44920.5,-0.09,-1.4,6.494,6.436,6.466,74974.19,50898.6,41957.24
2014-06-19,6.36,6.44,6.27,6.25,36585.43,-0.09,-1.42,6.424,6.42,6.457,54394.05,51695.06,42606.9
2014-06-20,6.28,6.33,6.3,6.26,26528.02,0.03,0.48,6.38,6.414,6.449,39162.11,51422.29,42295.62
2014-06-23,6.3,6.33,6.31,6.3,18675.58,0.01,0.16,6.338,6.413,6.438,33212.91,50264.54,41658.22
2014-06-24,6.31,6.37,6.31,6.29,26281.33,0.0,0.0,6.31,6.406,6.427,30598.17,50639.48,41254.78
2014-06-25,6.32,6.33,6.3,6.26,16886.06,-0.01,-0.16,6.298,6.396,6.418,24991.28,49982.74,40644.79
2014-06-26,6.32,6.55,6.43,6.31,60784.13,0.13,2.06,6.33,6.377,6.413,29831.02,42112.54,42279.23
2014-06-27,6.44,6.47,6.4,6.36,45083.53,-0.03,-0.47,6.35,6.365,6.404,33542.13,36352.12,41763.79
2014-06-30,6.42,6.65,6.52,6.42,67518.68,0.12,1.88,6.392,6.365,6.403,43310.75,38261.83,43774.85
2014-07-01,6.51,6.54,6.53,6.45,36926.72,0.01,0.15,6.436,6.373,6.405,45439.82,38019.0,44267.39
2014-07-02,6.53,6.54,6.51,6.46,40534.99,-0.02,-0.31,6.478,6.388,6.412,50169.61,37580.45,44239.52
2014-07-03,6.51,6.56,6.52,6.46,44058.09,0.01,0.15,6.496,6.413,6.417,46824.4,38327.71,45011.39
2014-07-04,6.53,6.58,6.54,6.49,54908.75,0.02,0.31,6.524,6.437,6.426,48789.45,41165.79,46294.04
2014-07-07,6.54,6.54,6.51,6.48,34570.05,-0.03,-0.46,6.522,6.457,6.435,42199.72,42755.23,46509.89
2014-07-08,6.5,6.57,6.52,6.48,44309.77,0.01,0.15,6.52,6.478,6.442,43676.33,44558.08,47598.78
2014-07-09,6.51,6.52,6.38,6.36,54618.45,-0.14,-2.15,6.494,6.486,6.441,46493.02,48331.32,49157.03
2014-07-10,6.37,6.4,6.37,6.36,33459.11,-0.01,-0.16,6.464,6.48,6.429,44373.23,45598.81,43855.67
2014-07-11,6.37,6.43,6.41,6.35,29148.51,0.04,0.63,6.438,6.481,6.423,39221.18,44005.31,40178.71
2014-07-14,6.42,6.47,6.45,6.39,34378.96,0.04,0.62,6.426,6.474,6.42,39182.96,40691.34,39476.58
2014-07-15,6.45,6.48,6.47,6.43,43921.98,0.02,0.31,6.416,6.468,6.421,39105.4,41390.87,39704.93
2014-07-16,6.48,6.56,6.54,6.47,96293.9,0.07,1.08,6.448,6.471,6.43,47440.49,46966.76,42273.6
2014-07-17,6.54,6.54,6.46,6.42,38969.19,-0.08,-1.22,6.466,6.465,6.439,48542.51,46457.87,42392.79
2014-07-18,6.45,6.59,6.58,6.44,94257.12,0.12,1.86,6.5,6.469,6.453,61564.23,50392.7,45779.25
2014-07-21,6.57,6.62,6.56,6.52,54754.44,-0.02,-0.3,6.522,6.474,6.466,65639.33,52411.14,47583.19
2014-07-22,6.55,6.6,6.57,6.53,63685.81,0.01,0.15,6.542,6.479,6.479,69592.09,54348.75,49453.41
2014-07-23,6.57,6.59,6.52,6.5,45604.25,-0.05,-0.76,6.538,6.493,6.49,59454.16,53447.33,50889.32
2014-07-24,6.54,6.67,6.66,6.53,120050.38,0.14,2.15,6.578,6.522,6.501,75670.4,62106.45,53852.63
2014-07-25,6.67,6.71,6.65,6.59,116368.18,-0.01,-0.15,6.592,6.546,6.514,80092.61,70828.42,57416.87
2014-07-28,6.69,6.9,6.85,6.66,190302.44,0.2,3.01,6.65,6.586,6.53,107202.21,86420.77,63556.05
2014-07-29,6.85,7.36,7.11,6.83,366038.69,0.26,3.8,6.758,6.65,6.559,167672.79,118632.44,80011.65
2014-07-30,7.1,7.1,7.03,6.96,121311.58,-0.08,-1.12,6.86,6.699,6.585,182814.25,121134.21,84050.48
2014-07-31,7.01,7.06,7.05,6.92,113854.41,0.02,0.28,6.938,6.758,6.612,181575.06,128622.73,87540.3
2014-08-01,7.01,7.06,6.87,6.86,106510.94,-0.18,-2.55,6.982,6.787,6.628,179603.61,129848.11,90120.41
2014-08-04,6.92,7.0,6.99,6.88,61312.19,0.12,1.75,7.01,6.83,6.652,153805.56,130503.89,91457.52
2014-08-05,6.99,7.05,6.96,6.88,123264.31,-0.03,-0.43,6.98,6.869,6.674,105250.69,136461.74,95405.24
2014-08-06,6.93,7.01,7.0,6.9,83201.41,0.04,0.57,6.974,6.917,6.705,97628.65,140221.45,96834.39
2014-08-07,6.97,7.01,6.93,6.9,71977.51,-0.07,-1.0,6.95,6.944,6.733,89253.27,135414.17,98760.31
2014-08-08,6.86,6.92,6.88,6.82,60227.7,0.03,0.44,6.952,6.967,6.757,79996.62,129800.12,100314.27
2014-08-11,6.87,7.07,7.04,6.86,146667.52,0.16,2.33,6.962,6.986,6.786,97067.69,125436.63,105928.7
2014-08-12,7.02,7.1,7.07,7.01,106859.86,0.03,0.43,6.984,6.982,6.816,93786.8,99518.74,109075.59
2014-08-13,7.05,7.15,7.09,6.94,127263.4,0.02,0.28,7.002,6.988,6.844,102599.2,100113.92,110624.07
2014-08-14,7.04,7.1,6.96,6.95,79479.02,-0.13,-1.83,7.008,6.979,6.869,104099.5,96676.39,112649.56
2014-08-15,6.98,7.05,7.01,6.92,62769.93,0.05,0.72,7.034,6.993,6.89,104607.95,92302.28,111075.2
2014-08-18,7.01,7.17,7.11,7.0,109348.26,0.1,1.43,7.048,7.005,6.918,97144.09,97105.89,113804.89
2014-08-19,7.15,7.24,7.17,7.02,146829.44,0.06,0.84,7.068,7.026,6.948,105138.01,99462.41,117962.07
2014-08-20,7.16,7.28,7.17,7.09,139474.64,0.0,0.0,7.084,7.043,6.98,107580.26,105089.73,122655.59
2014-08-21,7.17,7.35,7.3,7.14,212096.56,0.13,1.81,7.152,7.08,7.012,134103.77,119101.63,127257.9
2014-08-22,7.27,7.66,7.64,7.25,377595.69,0.34,4.66,7.278,7.156,7.062,197068.92,150838.43,140319.28
2014-08-25,7.72,7.81,7.46,7.44,271919.88,-0.18,-2.36,7.348,7.198,7.092,229583.24,163363.67,144400.15
2014-08-26,7.44,7.44,7.23,7.18,191969.67,-0.23,-3.08,7.36,7.214,7.098,238611.29,171874.65,135696.7
2014-08-27,7.21,7.36,7.24,7.18,102328.52,0.01,0.14,7.374,7.229,7.109,231182.06,169381.16,134747.54
2014-08-28,7.23,7.26,7.2,7.11,96684.78,-0.04,-0.55,7.354,7.253,7.116,208099.71,171101.74,133889.06
2014-08-29,7.24,7.26,7.23,7.17,67434.89,0.03,0.42,7.272,7.275,7.134,146067.55,171568.23,131935.26
2014-09-01,7.22,7.26,7.25,7.16,95534.93,0.02,0.28,7.23,7.289,7.147,110790.56,170186.9,133646.4
2014-09-02,7.28,7.36,7.36,7.25,125968.15,0.11,1.52,7.256,7.308,7.167,97590.25,168100.77,133781.59
2014-09-03,7.36,7.44,7.39,7.32,145353.67,0.03,0.41,7.286,7.33,7.187,106195.28,168688.67,136889.2
2014-09-04,7.39,7.43,7.4,7.33,110782.01,0.01,0.14,7.326,7.34,7.21,109014.73,158557.22,138829.43
2014-09-05,7.47,7.6,7.53,7.41,188627.2,0.13,1.76,7.386,7.329,7.243,133253.19,139660.37,145249.4
2014-09-09,7.53,7.57,7.5,7.44,100236.28,-0.03,-0.4,7.436,7.333,7.266,134193.46,122492.01,142927.84
2014-09-10,7.46,7.61,7.57,7.39,181483.45,0.07,0.93,7.478,7.367,7.291,145296.52,121443.39,146659.02
2014-09-11,7.54,7.65,7.48,7.43,158235.11,-0.09,-1.19,7.496,7.391,7.31,147872.81,127034.05,148207.6
2014-09-12,7.46,7.55,7.5,7.44,113890.11,0.02,0.27,7.516,7.421,7.337,148494.43,128754.58,149928.16
2014-09-15,7.49,7.62,7.59,7.43,154586.95,0.09,1.2,7.528,7.457,7.366,141686.38,137469.79,154519.01
2014-09-16,7.93,8.35,8.35,7.93,690427.12,0.76,10.01,7.698,7.567,7.428,259724.55,196959.0,183572.95
2014-09-17,8.5,8.96,8.65,8.28,1342863.0,0.3,3.59,7.914,7.696,7.502,492000.46,318648.49,243374.63
2014-09-18,8.47,8.73,8.47,8.34,659736.56,-0.18,-2.08,8.112,7.804,7.567,592300.75,370086.78,269387.73
2014-09-19,8.4,8.47,8.38,8.15,452744.28,-0.09,-1.06,8.288,7.902,7.621,660071.58,404283.01,281420.11
2014-09-22,8.33,8.34,8.09,8.03,317356.91,-0.29,-3.46,8.388,7.958,7.644,692625.57,417155.98,278408.17
2014-09-23,8.13,8.27,8.24,8.1,245095.88,0.15,1.85,8.366,8.032,7.683,603559.33,431641.94,277066.97
2014-09-24,8.2,8.28,8.27,8.09,284750.84,0.03,0.36,8.29,8.102,7.735,391936.89,441968.68,281706.03
2014-09-25,8.27,8.38,8.27,8.19,254822.39,0.0,0.0,8.25,8.181,7.786,310954.06,451627.4,289330.73
2014-09-26,8.2,8.27,8.21,8.13,169379.09,-0.06,-0.73,8.216,8.252,7.837,254281.02,457176.3,292965.44
2014-09-29,8.3,8.38,8.25,8.22,176926.94,0.04,0.49,8.248,8.318,7.888,226195.03,459410.3,298440.04
2014-09-30,8.26,8.29,8.25,8.22,139381.45,0.0,0.0,8.25,8.308,7.938,205052.14,404305.73,300632.37
2014-10-08,8.29,8.36,8.36,8.25,173972.83,0.11,1.33,8.268,8.279,7.988,182896.54,287416.72,303032.6
2014-10-09,8.35,8.51,8.3,8.25,197659.05,-0.06,-0.72,8.274,8.262,8.033,171463.87,241208.97,305647.87
2014-10-10,8.27,8.28,8.21,8.12,149793.59,-0.09,-1.08,8.274,8.245,8.074,167546.77,210913.9,307598.45
2014-10-13,8.12,8.17,8.09,8.0,178913.03,-0.12,-1.46,8.242,8.245,8.102,167943.99,197069.51,307112.74
2014-10-14,8.09,8.15,8.1,8.03,113084.12,0.01,0.12,8.212,8.231,8.132,162684.52,183868.33,307755.14
2014-10-15,8.08,8.13,8.12,8.01,121250.88,0.02,0.25,8.164,8.216,8.159,152140.13,167518.34,304743.51
2014-10-16,8.08,8.12,7.94,7.91,121013.73,-0.18,-2.22,8.092,8.183,8.182,136811.07,154137.47,302882.44
2014-10-17,7.89,7.95,7.69,7.58,223394.34,-0.25,-3.15,7.988,8.131,8.192,151531.22,159539.0,308357.65
2014-10-20,7.71,8.04,7.93,7.7,154855.55,0.24,3.12,7.956,8.099,8.209,146719.72,157331.86,308371.08
2014-10-21,7.93,8.02,7.85,7.81,98388.93,-0.08,-1.01,7.906,8.059,8.184,143780.69,153232.61,278769.17
2014-10-22,7.83,7.98,7.79,7.75,93779.36,-0.06,-0.76,7.84,8.002,8.141,138286.38,145213.26,216314.99
2014-10-23,7.87,8.14,7.9,7.82,193823.81,0.11,1.41,7.832,7.962,8.112,152848.4,144829.73,193019.35
2014-10-24,7.87,8.09,7.99,7.85,127359.91,0.09,1.14,7.892,7.94,8.093,133641.51,142586.37,176750.13
2014-10-27,8.0,8.25,8.19,7.78,218373.19,0.2,2.5,7.944,7.95,8.098,146345.04,146532.38,171800.95
2014-10-28,8.2,8.34,8.27,8.11,277289.62,0.08,0.98,8.028,7.967,8.099,182125.18,162952.93,173410.63
2014-10-29,8.3,8.69,8.46,8.24,526092.94,0.19,2.3,8.162,8.001,8.109,268587.89,203437.14,185477.74
2014-10-30,8.44,8.92,8.7,8.36,570437.81,0.24,2.84,8.322,8.077,8.13,343910.69,248379.55,201258.51
2014-10-31,8.7,8.82,8.54,8.5,298204.25,-0.16,-1.84,8.432,8.162,8.147,378079.56,255860.54,207699.77
2014-11-03,8.57,8.69,8.48,8.43,218212.7,-0.06,-0.7,8.49,8.217,8.158,378047.46,262196.25,209764.05
2014-11-04,8.46,8.46,8.37,8.29,193267.84,-0.11,-1.3,8.51,8.269,8.164,361243.11,271684.14,212458.37
2014-11-05,8.34,8.49,8.32,8.28,134833.45,-0.05,-0.6,8.482,8.322,8.162,282991.21,275789.55,210501.4
2014-11-06,8.32,8.52,8.46,8.3,188582.66,0.14,1.68,8.434,8.378,8.17,206620.18,275265.44,210047.59
2014-11-07,8.45,8.62,8.29,8.2,185783.77,-0.17,-2.01,8.384,8.408,8.174,184136.08,281107.82,211847.09
2014-11-10,8.32,8.65,8.53,8.27,207181.94,0.24,2.9,8.394,8.442,8.196,181929.93,279988.7,213260.54
2014-11-11,8.55,8.63,8.24,8.15,214395.59,-0.29,-3.4,8.368,8.439,8.203,186155.48,273699.3,218326.11
2014-11-12,8.24,9.06,8.91,8.2,593927.25,0.67,8.13,8.486,8.484,8.243,277974.24,280482.73,241959.93
2014-11-13,8.89,9.07,8.74,8.64,451888.28,-0.17,-1.91,8.542,8.488,8.283,330635.37,268627.77,258503.66
2014-11-14,8.74,9.18,8.87,8.64,429731.31,0.13,1.49,8.658,8.521,8.342,379424.87,281780.48,268820.51
2014-11-17,8.9,9.16,8.88,8.61,317840.28,0.01,0.11,8.728,8.561,8.389,401556.54,291743.24,276969.74
2014-11-18,8.8,9.27,9.16,8.7,411244.12,0.28,3.15,8.912,8.64,8.455,440926.25,313540.87,292612.5
2014-11-19,9.11,9.25,8.97,8.91,256102.16,-0.19,-2.07,8.924,8.705,8.514,373361.23,325667.74,300728.64
2014-11-20,9.02,9.25,8.89,8.86,355661.22,-0.08,-0.89,8.954,8.748,8.563,354115.82,342375.59,308820.51
2014-11-21,8.8,8.98,8.84,8.65,467878.53,-0.05,-0.56,8.948,8.803,8.606,361745.26,370585.07,325846.45
2014-11-24,9.01,9.23,9.17,8.86,613326.31,0.33,3.73,9.006,8.867,8.655,420842.47,411199.51,345594.1
2014-11-25,9.14,10.09,10.09,9.09,762333.62,0.92,10.03,9.192,9.052,8.746,491060.37,465993.31,369846.3
2014-11-26,10.25,10.4,10.38,9.95,1118135.88,0.29,2.87,9.474,9.199,8.842,663467.11,518414.17,399448.45
2014-11-27,10.27,10.38,10.28,10.01,528620.88,-0.1,-0.96,9.752,9.353,8.921,698059.04,526087.43,397357.6
2014-11-28,10.18,11.22,10.96,10.1,917071.31,0.68,6.62,10.176,9.562,9.042,787897.6,574821.43,428300.95
2014-12-01,11.01,11.3,10.7,10.64,653248.69,-0.26,-2.37,10.482,9.744,9.153,795882.08,608362.27,450052.75
2014-12-02,10.69,11.19,10.94,10.52,539303.12,0.24,2.24,10.652,9.922,9.281,751275.98,621168.17,467354.52
2014-12-03,10.97,11.88,11.61,10.78,812461.12,0.67,6.12,10.898,10.186,9.446,690141.02,676804.07,501235.9
2014-12-04,11.88,12.36,12.0,11.62,904638.81,0.39,3.36,11.242,10.497,9.623,765344.61,731701.83,537038.71
2014-12-05,12.03,12.14,11.41,10.91,757905.19,-0.59,-4.92,11.332,10.754,9.779,733511.39,760704.49,565644.78
2014-12-08,11.39,11.99,11.6,11.18,506925.53,0.19,1.67,11.512,10.997,9.932,704246.75,750064.42,580631.96
2014-12-09,11.51,11.8,10.64,10.46,677320.94,-0.96,-8.28,11.452,11.052,10.052,731850.32,741563.15,603778.23
2014-12-10,10.68,11.1,10.99,10.53,337725.31,0.35,3.29,11.328,11.113,10.156,636903.16,663522.09,590968.13
2014-12-11,11.08,11.56,11.3,10.87,369703.25,0.31,2.82,11.188,11.215,10.284,529916.04,647630.33,586858.88
2014-12-12,11.31,11.65,11.33,11.25,348578.47,0.03,0.27,11.172,11.252,10.407,448050.7,590781.04,582801.24
2014-12-15,11.53,12.05,11.84,11.53,494677.28,0.51,4.5,11.22,11.366,10.555,445601.05,574923.9,591643.09
2014-12-16,11.72,11.82,11.72,11.55,318297.19,-0.12,-1.01,11.436,11.444,10.683,373796.3,552823.31,586995.74
2014-12-17,11.66,12.1,11.69,11.31,433259.88,-0.03,-0.26,11.576,11.452,10.819,392903.21,514903.18,595853.63
2014-12-18,11.71,12.27,12.12,11.5,590645.62,0.43,3.68,11.74,11.464,10.981,437091.69,483503.87,607602.85
2014-12-19,12.0,12.99,12.68,11.85,699514.75,0.56,4.62,12.01,11.591,11.173,507278.94,477664.82,619184.66
2014-12-22,12.82,12.88,11.51,11.44,637422.19,-1.17,-9.23,11.944,11.582,11.29,535827.93,490714.49,620389.45
2014-12-23,11.53,11.99,11.2,11.11,380080.28,-0.31,-2.69,11.84,11.638,11.345,548184.54,460990.42,601276.78
2014-12-24,11.35,11.48,11.29,10.91,277363.22,0.09,0.8,11.76,11.668,11.391,517005.21,454954.21,559238.15
2014-12-25,11.36,11.67,11.62,11.14,240451.09,0.33,2.92,11.66,11.7,11.458,446966.31,442029.0,544829.66
2014-12-26,11.9,12.78,12.78,11.88,789191.56,1.16,9.98,11.68,11.845,11.549,464901.67,486090.31,538435.67
2014-12-29,13.44,14.06,13.82,13.17,1347277.5,1.04,8.14,12.142,12.043,11.705,606872.73,571350.33,573137.11
2014-12-30,13.77,14.06,13.17,13.01,810148.94,-0.65,-4.7,12.536,12.188,11.816,692886.46,620535.5,586679.41
2014-12-31,12.98,13.58,13.32,12.9,533636.06,0.15,1.14,12.942,12.351,11.902,744141.03,630573.12,572738.15
2015-01-05,13.41,13.88,13.15,13.05,646787.25,-0.17,-1.28,13.248,12.454,11.959,825408.26,636187.28,559845.57
2015-01-06,13.0,13.94,13.63,12.7,674135.75,0.48,3.65,13.418,12.549,12.07,802397.1,633649.38,555657.1
2015-01-07,13.42,13.98,13.61,13.22,445672.94,-0.02,-0.15,13.376,12.759,12.171,622076.19,614474.46,552594.47
2015-01-08,13.6,14.09,13.64,13.5,469530.84,0.03,0.22,13.47,13.003,12.321,553952.57,623419.51,542204.97
2015-01-09,13.48,13.77,12.93,12.81,387349.53,-0.71,-5.21,13.392,13.167,12.418,524695.26,634418.15,544686.18
2015-01-12,12.9,13.24,12.97,12.77,301786.34,0.04,0.31,13.356,13.302,12.501,455695.08,640551.67,541290.33
2015-01-13,12.84,13.23,13.16,12.69,232758.72,0.19,1.47,13.262,13.34,12.593,367419.67,584908.39,535499.35
2015-01-14,13.16,13.41,13.12,12.97,190589.91,-0.04,-0.3,13.164,13.27,12.657,316403.07,469239.63,520294.98
2015-01-15,13.33,13.98,13.86,13.33,475369.06,0.74,5.64,13.208,13.339,12.764,317570.71,435761.64,528148.57
2015-01-16,13.8,13.99,13.95,13.61,386506.0,0.09,0.65,13.412,13.402,12.877,317402.01,421048.63,525810.88
2015-01-19,13.33,13.8,12.99,12.56,465210.81,-0.96,-6.88,13.416,13.386,12.92,350086.9,402890.99,519539.14
2015-01-20,13.17,13.7,13.66,13.01,336439.09,0.67,5.16,13.516,13.389,12.969,370822.97,369121.32,501385.35
2015-01-21,13.69,15.03,15.03,13.69,1006796.06,1.37,10.03,13.898,13.531,13.145,534064.2,425233.64,519854.05
2015-01-22,15.0,15.16,15.06,14.76,639786.25,0.03,0.2,14.138,13.673,13.338,566947.64,442259.18,532839.35
2015-01-23,15.26,15.64,15.27,14.89,479835.38,0.21,1.39,14.402,13.907,13.537,585613.52,451507.76,542962.95
2015-01-26,15.6,16.8,16.75,15.23,624745.69,1.48,9.69,15.154,14.285,13.794,617520.49,483803.7,562177.68
2015-01-27,16.58,16.67,16.39,15.91,484401.62,-0.36,-2.15,15.7,14.608,13.974,647113.0,508967.99,546938.19
2015-01-28,16.37,17.22,16.68,16.0,405800.62,0.29,1.77,16.03,14.964,14.117,526913.91,530489.06,499864.34
2015-01-29,16.4,17.08,16.4,16.24,333998.56,-0.28,-1.68,16.298,15.218,14.279,465756.37,516352.01,476056.82
2015-01-30,16.5,16.87,15.49,15.4,360305.03,-0.91,-5.55,16.342,15.372,14.387,441850.3,513731.91,467390.27
2015-02-02,15.5,16.19,16.02,15.12,296227.09,0.53,3.42,16.196,15.675,14.531,376146.58,496833.54,449862.26
2015-02-03,16.0,17.17,17.03,15.93,449241.38,1.01,6.3,16.324,16.012,14.701,369114.54,508113.77,438617.55
2015-02-04,17.07,17.59,16.7,16.68,396610.81,-0.33,-1.94,16.328,16.179,14.855,367276.57,447095.24,436164.44
2015-02-05,17.01,17.24,16.66,16.5,330219.03,-0.04,-0.24,16.38,16.339,15.006,366520.67,416138.52,429198.85
2015-02-06,16.6,16.95,16.56,15.98,253627.12,-0.1,-0.6,16.594,16.468,15.188,345185.09,393517.7,422512.73
2015-02-09,16.46,16.93,16.6,16.4,214265.77,0.04,0.24,16.71,16.453,15.369,328792.82,352469.7,418136.7
2015-02-10,16.59,16.89,16.64,16.13,219522.69,0.04,0.24,16.632,16.478,15.543,282849.08,325981.81,417474.9
2015-02-11,16.65,17.53,17.49,16.41,346354.69,0.85,5.11,16.79,16.559,15.762,272797.86,320037.22,425263.14
2015-02-12,17.31,18.82,18.21,17.31,461623.03,0.72,4.12,17.1,16.74,15.979,299078.66,332799.66,424575.84
2015-02-13,18.7,18.93,18.34,18.3,253319.64,0.13,0.71,17.456,17.025,16.199,299017.16,322101.12,417916.52
2015-02-16,18.4,18.95,18.53,18.22,246901.16,0.19,1.04,17.842,17.276,16.476,305544.24,317168.53,407001.04
2015-02-17,18.59,19.77,19.54,18.59,305364.53,1.01,5.45,18.422,17.527,16.77,322712.61,302780.85,405447.31
2015-02-25,19.51,20.62,20.33,19.22,340243.38,0.79,4.04,18.99,17.89,17.035,321490.35,297144.1,372119.67
2015-02-26,20.41,20.42,20.2,19.62,317380.97,-0.13,-0.64,19.388,18.244,17.292,292641.94,295860.3,355999.41
2015-02-27,20.1,20.14,20.05,19.8,201386.16,-0.15,-0.74,19.73,18.593,17.531,282255.24,290636.2,342076.95
2015-03-02,20.29,21.15,20.3,20.07,332314.56,0.25,1.25,20.084,18.963,17.708,299337.92,302441.08,327455.39
2015-03-03,20.1,20.35,19.76,19.56,337176.56,-0.54,-2.66,20.128,19.275,17.877,305700.33,314206.47,320094.14
2015-03-04,19.77,21.17,21.12,19.6,440071.75,1.36,6.88,20.286,19.638,18.099,325666.0,323578.17,321807.7
2015-03-05,21.18,21.43,20.83,20.55,294482.91,-0.29,-1.37,20.412,19.9,18.32,321086.39,306864.16,319831.91
2015-03-06,20.88,21.87,21.0,20.85,372399.62,0.17,0.82,20.602,20.166,18.596,355289.08,318772.16,320436.64
2015-03-09,21.45,21.57,21.2,20.8,270672.94,0.2,0.95,20.782,20.433,18.855,342960.76,321149.34,319158.94
2015-03-10,21.22,22.88,22.77,21.1,397301.56,1.57,7.41,21.384,20.756,19.142,354985.76,330343.04,316561.94
2015-03-11,22.64,22.88,21.58,21.19,712568.81,-1.19,-5.23,21.476,20.881,19.386,409485.17,367575.58,332359.84
2015-03-12,21.35,22.24,21.46,21.01,360400.5,-0.12,-0.56,21.602,21.007,19.626,422668.69,371877.54,333868.92
2015-03-13,21.05,21.09,20.54,19.99,771149.81,-0.92,-4.29,21.51,21.056,19.825,502418.72,428853.9,359745.05
2015-03-16,20.54,21.37,21.11,20.21,575689.62,0.57,2.77,21.492,21.137,20.05,563422.06,453191.41,377816.24
2015-03-17,21.04,21.04,20.91,20.55,501184.06,-0.2,-0.95,21.12,21.252,20.264,584198.56,469592.16,391899.31
2015-03-18,20.85,21.2,20.95,20.56,570773.25,0.04,0.19,20.994,21.235,20.437,555839.45,482662.31,403120.24
2015-03-19,20.96,21.96,21.95,20.66,738658.12,1.0,4.77,21.092,21.347,20.624,631490.97,527079.83,416972.0
2015-03-20,21.89,22.16,21.74,21.63,512828.5,-0.21,-0.96,21.332,21.421,20.794,579826.71,541122.72,429947.44
2015-03-23,21.78,21.99,21.6,21.41,508120.34,-0.14,-0.64,21.43,21.461,20.947,566312.85,564867.46,443008.4
2015-03-24,21.88,21.99,20.82,20.0,721114.81,-0.78,-3.61,21.412,21.266,21.011,610299.0,597248.78,463795.91
2015-03-25,20.88,20.96,20.23,20.1,616921.62,-0.59,-2.83,21.268,21.131,21.006,619528.68,587684.06,477629.82
2015-03-26,20.22,20.22,19.84,19.7,471831.56,-0.39,-1.93,20.846,20.969,20.988,566163.37,598827.17,485352.35
2015-03-27,19.84,20.69,20.43,19.84,431417.12,0.59,2.97,20.584,20.958,21.007,549881.09,564853.9,496853.9
2015-03-30,20.49,20.78,20.58,20.09,473349.41,0.15,0.73,20.38,20.905,21.021,542926.9,554619.88,503905.64
2015-03-31,20.88,21.44,20.71,20.64,510364.25,0.13,0.63,20.358,20.885,21.069,500776.79,555537.9,512565.03
2015-04-01,20.64,20.7,20.67,20.34,344309.19,-0.04,-0.19,20.446,20.857,21.046,446254.31,532891.49,507776.9
2015-04-02,20.72,20.8,20.42,20.23,361130.41,-0.25,-1.21,20.562,20.704,21.026,424114.08,495138.72,511109.28
2015-04-03,20.3,20.78,20.35,20.05,391902.94,-0.07,-0.34,20.546,20.565,20.993,416211.24,483046.17,512084.44
2015-04-07,20.38,20.81,20.79,20.15,614011.75,0.44,2.16,20.588,20.484,20.973,444343.71,493635.31,529251.38
2015-04-08,20.85,21.37,21.24,20.09,735401.12,0.45,2.17,20.694,20.526,20.896,489351.08,495063.94,546156.36
2015-04-09,21.08,21.78,21.6,20.45,844855.75,0.36,1.7,20.88,20.663,20.897,589460.39,517857.35,552770.71
2015-04-10,21.6,21.98,21.41,21.39,646231.25,-0.19,-0.88,21.078,20.82,20.895,646480.56,535297.32,567062.24
2015-04-13,21.3,21.67,21.48,21.21,502293.72,0.07,0.33,21.304,20.925,20.942,668558.72,542384.98,553619.44
2015-04-14,21.55,23.61,23.34,21.09,1033915.38,1.86,8.66,21.814,21.201,21.053,752539.44,598441.58,576530.73
2015-04-15,22.97,23.06,21.38,21.31,650900.19,-1.96,-8.4,21.842,21.268,21.077,735639.26,612495.17,584016.53
2015-04-16,20.99,21.74,21.02,20.05,425799.78,-0.36,-1.68,21.726,21.303,21.08,651828.06,620644.23,576767.86
2015-04-17,21.25,21.52,21.01,21.0,476046.84,-0.01,-0.05,21.646,21.362,21.033,617791.18,632135.87,563637.3
2015-04-20,21.18,21.92,21.14,21.0,559966.38,0.13,0.62,21.578,21.441,21.003,629325.71,648942.22,565994.19
2015-04-21,21.36,22.16,21.88,21.26,486729.84,0.74,3.5,21.286,21.55,21.017,519888.61,636214.03,564924.67
2015-04-22,22.1,23.46,22.82,22.06,696234.88,0.94,4.3,21.574,21.708,21.117,528955.54,632297.4,563680.67
2015-04-23,23.13,23.46,23.19,22.35,666940.06,0.37,1.62,22.008,21.867,21.265,577183.6,614505.83,566181.59
2015-04-24,22.88,25.5,24.79,22.66,907573.56,1.6,6.9,22.764,22.205,21.513,663488.94,640640.06,587968.69
2015-04-27,25.11,26.06,24.99,24.55,695986.38,0.2,0.81,23.534,22.556,21.741,690692.94,660009.33,601197.15
2015-04-28,25.1,26.19,24.59,24.28,593401.25,-0.4,-1.6,24.076,22.681,21.941,712027.23,615957.92,607199.75
2015-04-29,24.39,25.27,24.75,23.5,447968.91,0.16,0.65,24.462,23.018,22.143,662374.03,595664.79,604079.98
2015-04-30,25.21,25.38,24.39,24.35,418107.44,-0.36,-1.46,24.702,23.355,22.329,612607.51,594895.55,607769.89
2015-05-04,24.4,24.4,24.0,23.51,387235.75,-0.39,-1.6,24.544,23.654,22.508,508539.95,586014.45,609075.16
2015-05-05,24.0,24.02,22.88,22.2,456118.97,-1.12,-4.67,24.122,23.828,22.635,460566.46,575629.7,612285.96
2015-05-06,23.25,23.49,22.65,22.49,337422.59,-0.23,-1.0,23.734,23.905,22.728,409370.73,560698.98,598456.5
2015-05-07,22.22,22.78,22.35,21.86,284285.56,-0.3,-1.32,23.254,23.858,22.783,376634.06,519504.05,575900.72
2015-05-08,22.7,22.98,22.94,22.35,287585.25,0.59,2.64,22.964,23.833,22.85,350529.62,481568.57,548037.2
2015-05-11,23.2,23.97,23.65,22.82,422876.41,0.71,3.1,22.894,23.719,22.962,357657.76,433098.85,536869.46
2015-05-12,24.03,25.38,24.99,23.83,550518.44,1.34,5.67,23.316,23.719,23.138,376537.65,418552.06,539280.69
2015-05-13,25.2,25.5,24.81,24.51,484519.16,-0.18,-0.72,23.748,23.741,23.211,405956.96,407663.85,511810.88
2015-05-14,24.85,25.04,24.03,24.0,416664.47,-0.78,-3.14,24.084,23.669,23.344,432432.75,404533.4,500099.1
2015-05-15,23.93,26.18,25.72,23.78,717986.25,1.69,7.03,24.64,23.802,23.579,518512.95,434521.29,514708.42
2015-05-18,26.0,27.85,26.96,25.68,724279.75,1.24,4.82,25.302,24.098,23.876,578793.61,468225.68,527120.07
2015-05-19,27.18,29.66,29.65,26.76,659087.94,2.69,9.98,26.234,24.775,24.302,600507.51,488522.58,532076.14
2015-05-20,30.69,32.62,32.62,30.2,632261.62,2.97,10.02,27.796,25.772,24.839,630056.01,518006.49,539352.73
2015-05-21,34.01,34.88,34.24,31.83,1042485.44,1.62,4.97,29.838,26.961,25.41,755220.2,593826.47,556665.26
2015-05-22,33.71,35.48,33.13,33.0,919387.69,-1.11,-3.24,31.32,27.98,25.907,795500.49,657006.72,569287.64
2015-05-25,33.58,34.58,34.02,32.97,874390.25,0.89,2.69,32.732,29.017,26.368,825522.59,702158.1,567628.48
2015-05-26,35.15,35.38,33.82,32.97,1118265.75,-0.2,-0.59,33.566,29.9,26.81,917358.15,758932.83,588742.44
2015-05-27,33.99,33.99,32.3,31.98,942673.75,-1.52,-4.49,33.502,30.649,27.195,979440.58,804748.29,606206.07
2015-05-28,32.31,33.27,29.25,29.07,966276.88,-3.05,-9.44,32.504,31.171,27.42,964198.86,859709.53,632121.47
2015-05-29,29.35,30.21,29.69,27.88,667869.25,0.44,1.5,31.816,31.568,27.685,913895.18,854697.83,644609.56
2015-06-01,30.04,30.98,30.82,29.8,535508.12,1.13,3.81,31.176,31.954,28.026,846118.75,835820.67,652023.18
2015-06-02,30.9,32.31,32.22,30.54,613047.5,1.4,4.54,30.856,32.211,28.493,745075.1,831216.62,659869.6
2015-06-03,32.9,35.44,35.44,32.9,1050895.12,3.22,9.99,31.484,32.493,29.133,766719.37,873079.98,695543.23
2015-06-04,36.25,36.8,35.97,32.01,1011979.12,0.53,1.5,32.828,32.666,29.814,775859.82,870029.34,731927.91
2015-06-05,38.0,39.0,35.8,35.2,930771.0,-0.17,-0.47,34.05,32.933,30.457,828440.17,871167.67,764087.2
2015-06-08,35.0,35.58,33.87,33.71,792212.94,-1.93,-5.39,34.66,32.918,30.968,879781.14,862949.94,782554.02
2015-06-09,34.08,34.89,34.27,33.6,521289.06,0.4,1.18,35.07,32.963,31.432,861429.45,803252.27,781092.55
2015-06-10,34.3,37.4,36.15,33.98,868234.31,1.88,5.49,35.212,33.348,31.999,824897.29,795808.33,800278.31
2015-06-11,36.74,38.86,38.5,36.42,760164.19,2.35,6.5,35.718,34.273,32.722,774534.3,775197.06,817453.3
2015-06-12,40.15,41.97,38.52,38.5,1018785.56,0.02,0.05,36.262,35.156,33.362,792137.21,810288.69,832493.26
2015-06-15,37.88,37.88,36.5,35.75,700455.31,-2.02,-5.24,36.788,35.724,33.839,773785.69,826783.41,831302.04
2015-06-16,35.61,37.56,36.28,35.02,490148.16,-0.22,-0.6,37.19,36.13,34.171,767557.51,814493.48,822855.05
2015-06-17,35.71,35.99,35.6,33.42,615272.88,-0.67,-1.85,37.08,36.146,34.32,716965.22,770931.25,822005.61
2015-06-18,35.58,37.77,35.12,34.74,502352.78,-0.47,-1.32,36.404,36.061,34.364,665402.94,719968.62,794998.98
2015-06-19,34.23,35.0,31.69,31.62,440527.22,-3.44,-9.79,35.038,35.65,34.292,549751.27,670944.24,771055.96
2015-06-23,31.99,32.56,32.01,28.61,462441.59,0.35,1.1,34.14,35.464,34.191,502148.53,637967.11,750458.52
2015-06-24,32.32,35.19,34.78,31.4,779816.69,2.79,8.72,33.84,35.515,34.239,560082.23,663819.87,733536.07
2015-06-25,34.09,34.62,32.37,31.72,624702.12,-2.41,-6.93,33.194,35.137,34.243,561968.08,639466.65,717637.49
2015-06-26,31.0,31.7,29.15,29.15,581054.19,-3.24,-10.0,32.0,34.202,34.238,577708.36,621555.65,698376.36
2015-06-29,30.38,30.49,27.05,26.24,703801.38,-2.1,-7.2,31.072,33.055,34.106,630363.19,590057.23,700172.96
2015-06-30,27.49,29.14,29.1,24.73,668047.19,2.05,7.58,30.49,32.315,34.02,671484.31,586816.42,706799.92
2015-07-01,29.14,30.4,27.37,27.0,591600.62,-1.74,-5.98,29.008,31.424,33.777,633841.1,596961.67,705727.57
2015-07-02,28.0,28.5,25.34,24.68,561080.56,-2.01,-7.35,27.602,30.398,33.272,621116.79,591542.43,681236.84
2015-07-03,24.6,26.0,22.82,22.82,653450.94,-2.54,-10.02,26.336,29.168,32.615,635596.14,606652.25,663310.43
2015-07-06,25.1,25.1,21.7,20.54,859180.12,-1.12,-4.91,25.266,28.169,31.91,666671.89,648517.54,659730.89
2015-07-07,20.36,21.28,19.57,19.57,381734.78,-2.17,-9.98,23.36,26.925,31.195,609409.4,640446.86,639206.98
2015-07-08,17.61,18.68,17.61,17.61,1928665.5,-1.96,-10.02,21.408,25.208,30.362,876822.38,755331.74,709575.8
2015-07-09,17.88,19.37,19.37,16.88,538666.25,1.76,9.99,20.214,23.908,29.523,872339.52,746728.15,693097.4
2015-07-10,20.85,21.31,21.31,20.0,280399.44,1.94,10.02,19.912,23.124,28.663,797729.22,716662.68,669109.16
