date,open,high,close,low,volume,amount
2015-07-10,34.64,38.1,38.09,33.83,160737968.0,4206884864.0
2015-07-09,31.48,34.64,34.64,28.55,148676832.0,3399209728.0
2015-07-08,31.4,34.02,31.48,31.4,200370160.0,4499801600.0
2015-07-07,35.91,37.41,34.9,33.45,207316016.0,5052175360.0
2015-07-06,37.11,38.1,37.18,35.21,188921456.0,4872608256.0
2015-07-03,35.81,36.94,34.65,32.5,112243096.0,2759515136.0
2015-07-02,36.46,37.63,35.54,34.24,149399824.0,3789366272.0
2015-07-01,37.26,38.43,35.28,34.38,111404048.0,2915791872.0
2015-06-30,34.47,37.8,37.75,33.28,150751952.0,3802351104.0
2015-06-29,37.95,38.3,34.48,33.2,163117648.0,4120887552.0
2015-06-26,39.67,41.51,36.88,36.88,149398032.0,4092537600.0
2015-06-25,41.73,43.4,40.97,40.81,141748416.0,4200465152.0
2015-06-24,41.63,41.63,41.34,40.43,74537152.0,2148454656.0
2015-06-23,39.97,41.71,41.44,38.67,90063864.0,2549168128.0
2015-06-19,41.36,42.93,39.89,39.79,87550784.0,2557771776.0
2015-06-18,43.94,44.2,42.16,42.09,65665128.0,1996982528.0
2015-06-17,44.23,44.6,44.4,43.08,72868072.0,2240414208.0
2015-06-16,44.72,45.44,44.01,43.33,93803728.0,2929018624.0
2015-06-15,47.46,47.76,44.92,44.51,136888160.0,4411095040.0
2015-06-12,47.08,47.91,46.75,46.39,94641200.0,3122211328.0
2015-06-11,47.73,47.73,46.69,46.31,112355384.0,3689111040.0
2015-06-10,47.66,48.73,47.83,47.28,124091544.0,4181784576.0
2015-06-09,49.35,49.35,48.16,47.11,177680336.0,6004000768.0
2015-06-08,45.99,49.09,48.7,45.02,238455456.0,7929638400.0
2015-06-05,46.15,46.61,45.57,44.95,168834944.0,5405733888.0
2015-06-04,44.94,46.08,45.01,42.8,140311200.0,4399541248.0
2015-06-03,46.05,46.44,45.02,44.64,126989600.0,4045833984.0
2015-06-02,45.51,47.05,46.05,45.08,96847424.0,3121878016.0
2015-06-01,43.23,46.29,45.62,42.66,117830848.0,3674831104.0
2015-05-29,44.51,45.17,43.26,42.67,124306784.0,3825501184.0
2015-05-28,49.15,49.15,44.42,44.3,167862432.0,5563115008.0
2015-05-27,48.86,49.49,49.19,48.36,153311584.0,5261054464.0
2015-05-26,49.08,49.53,48.73,47.71,187641984.0,6375635968.0
2015-05-25,47.93,49.9,48.68,47.81,178359280.0,6110712320.0
2015-05-22,47.09,49.02,47.92,46.84,127265192.0,4285820928.0
2015-05-21,47.71,47.71,46.98,46.34,74796960.0,2457730304.0
2015-05-20,48.8,48.8,47.69,47.27,100256536.0,3397513216.0
2015-05-19,44.82,50.09,48.8,44.82,143032928.0,4869834240.0
2015-05-18,45.99,46.66,45.81,44.58,126628496.0,4104842752.0
2015-05-07,47.55,49.84,49.05,47.17,88644392.0,3066850560.0
2015-05-06,48.95,50.47,47.88,47.27,97340584.0,3364398080.0
2015-05-05,50.96,52.15,48.51,48.46,102021904.0,3629583872.0
2015-05-04,52.26,52.49,51.05,50.75,73508128.0,2662219776.0
2015-04-30,53.16,55.02,52.35,52.29,100273528.0,3797424128.0
2015-04-29,52.36,53.78,53.06,51.81,108634976.0,4055753984.0
2015-04-28,52.05,55.6,54.2,52.05,211278288.0,8085451264.0
2015-04-27,51.51,53.59,52.04,51.51,103996968.0,3850876928.0
2015-04-24,53.31,53.31,51.39,50.38,110468272.0,4028626432.0
2015-04-23,53.07,55.67,53.54,52.41,171518528.0,6531894784.0
2015-04-22,50.31,53.35,52.82,49.55,169418240.0,6139028992.0
2015-04-21,48.66,51.33,50.18,48.41,111283464.0,3927415552.0
2015-04-20,51.8,51.8,48.56,48.12,142744224.0,5050241024.0
2015-04-17,52.73,53.75,52.08,51.53,99366712.0,3695762688.0
2015-04-16,50.71,53.71,52.34,50.04,85961584.0,3153669888.0
2015-04-15,51.73,54.63,51.64,50.88,117259880.0,4402308096.0
2015-04-14,51.66,52.79,52.25,50.35,111162168.0,4035220992.0
2015-04-13,52.9,52.93,51.53,50.59,138188096.0,5007680000.0
2015-04-10,52.35,53.17,52.77,50.66,122590176.0,4500907008.0
2015-04-09,53.49,56.61,52.19,51.73,193277296.0,7369276928.0
2015-04-08,49.96,53.45,52.05,49.07,190081856.0,6937746944.0
2015-04-07,48.08,50.16,49.41,46.56,193097664.0,6561155584.0
2015-04-03,45.29,47.07,46.63,45.15,151762928.0,4963112448.0
2015-04-02,46.6,46.89,44.99,44.62,130591136.0,4199100672.0
2015-04-01,45.36,46.7,46.42,44.48,132322608.0,4268560640.0
2015-03-31,45.02,48.66,45.05,43.72,187859248.0,6106011648.0
2015-03-30,43.89,45.43,45.06,42.95,138725280.0,4355078144.0
2015-03-27,42.88,44.89,43.59,42.67,119018688.0,3688250368.0
2015-03-26,42.16,43.63,42.74,41.08,87133104.0,2621185024.0
2015-03-25,43.23,44.73,42.53,42.46,124730632.0,3841199872.0
2015-03-24,44.01,44.01,42.88,42.02,118254360.0,3591653376.0
2015-03-23,43.31,44.33,44.06,42.47,181928384.0,5568079872.0
2015-03-20,39.71,43.49,42.74,39.15,237035632.0,7066859008.0
2015-03-19,39.68,39.82,39.54,39.0,66938488.0,1861693952.0
2015-03-18,39.09,40.05,39.68,39.09,106940704.0,2989533952.0
2015-03-17,38.51,39.06,38.76,38.05,111937424.0,3047338752.0
2015-03-16,37.06,38.04,37.81,36.3,72465208.0,1915708928.0
2015-03-13,37.22,38.14,36.99,36.9,60658392.0,1602050176.0
2015-03-12,35.86,38.04,37.05,35.61,82259480.0,2145686912.0
2015-03-11,35.86,36.65,35.78,35.49,47877984.0,1221927680.0
2015-03-10,35.75,36.75,35.86,35.24,64382376.0,1630480384.0
2015-03-09,36.09,36.78,36.15,34.74,110250880.0,2771578624.0
2015-03-06,38.04,38.98,37.8,37.79,62788196.0,1700968832.0
2015-03-05,37.22,38.48,37.93,36.92,70750568.0,1887684096.0
2015-03-04,37.5,38.2,37.76,37.13,53040924.0,1413556992.0
2015-03-03,39.2,39.2,37.65,37.48,97392896.0,2614390784.0
2015-03-02,40.21,40.7,39.41,39.33,110303392.0,3106993408.0
2015-02-27,40.33,40.52,39.36,39.31,90570176.0,2552703744.0
2015-02-26,36.8,40.45,40.38,36.68,144329824.0,3954410240.0
2015-02-25,37.67,37.67,36.85,36.78,46637788.0,1220742528.0
2015-02-17,37.79,38.42,37.67,37.29,61920720.0,1656282880.0
2015-02-16,37.93,38.2,37.62,37.21,69959600.0,1861742976.0
2015-02-13,38.95,39.43,38.23,38.2,91205840.0,2500620032.0
2015-02-12,38.24,39.02,38.72,37.5,76528592.0,2069173888.0
2015-02-11,38.92,38.93,38.49,37.93,79436728.0,2152214016.0
2015-02-10,39.06,39.77,38.96,38.17,105874064.0,2910667264.0
2015-02-09,38.0,40.04,39.19,37.52,153644192.0,4229158400.0
2015-02-06,38.2,39.46,37.84,37.01,144595760.0,3903910400.0
2015-02-05,37.5,39.84,39.16,36.8,271978816.0,7472409600.0
2015-02-04,35.42,38.01,36.22,34.9,154432992.0,3989670400.0
2015-02-03,34.76,35.63,35.24,33.92,106386992.0,2616588032.0
2015-02-02,32.34,35.49,34.19,32.27,86425936.0,2073351680.0
2015-01-30,33.71,34.18,33.2,33.09,47104820.0,1120413824.0
2015-01-29,33.47,34.01,33.31,32.78,51749076.0,1218480128.0
2015-01-28,33.98,35.04,34.25,33.43,54162624.0,1318573056.0
2015-01-27,34.84,35.1,34.11,33.34,62570292.0,1510191104.0
2015-01-26,35.63,35.63,34.81,34.46,56023608.0,1382511232.0
2015-01-23,35.1,36.61,35.54,35.1,91182104.0,2308926976.0
2015-01-22,34.96,35.63,34.93,33.98,88148000.0,2165889536.0
2015-01-21,32.69,35.03,34.56,32.56,125236432.0,2982452992.0
2015-01-20,32.55,33.73,32.11,31.28,147349584.0,3361505536.0
2015-01-19,34.02,34.16,34.02,34.02,98508472.0,2368325120.0
2015-01-16,38.25,38.45,37.8,37.36,78544104.0,2106231808.0
2015-01-15,36.94,38.3,38.25,36.02,92705488.0,2431383296.0
2015-01-14,36.91,37.48,36.81,36.37,63054912.0,1644933632.0
2015-01-13,38.0,38.49,36.92,36.65,69569088.0,1839165568.0
2015-01-12,38.47,39.61,38.15,37.52,92365552.0,2503912448.0
2015-01-09,39.64,41.03,38.79,38.68,115597360.0,3250289152.0
2015-01-08,41.75,42.09,39.71,39.02,108423312.0,3071932160.0
2015-01-07,40.74,43.45,41.68,40.33,142073504.0,4234321920.0
2015-01-06,40.6,41.92,40.91,39.7,116850712.0,3379373824.0
2015-01-05,40.3,42.29,41.73,39.17,159785392.0,4663345152.0
2014-12-31,39.34,41.54,40.01,38.92,121375344.0,3468350976.0
2014-12-30,39.27,40.8,39.58,38.04,120313696.0,3371440640.0
2014-12-29,42.43,42.58,39.43,38.92,151300960.0,4313355776.0
2014-12-26,37.33,41.06,41.06,37.16,177791168.0,4974166528.0
2014-12-25,36.26,38.04,37.32,35.49,113575488.0,2958189312.0
2014-12-24,39.24,39.55,36.02,35.47,119603400.0,3135076352.0
2014-12-23,39.23,40.18,38.76,38.17,92327288.0,2564171520.0
2014-12-22,39.34,41.04,39.07,37.25,128660088.0,3576143616.0
2014-12-19,41.95,42.77,40.66,38.2,187147264.0,5374153728.0
2014-12-18,43.87,44.96,42.1,41.79,158138208.0,4837765632.0
2014-12-17,45.31,46.67,45.75,41.58,268488032.0,8465252864.0
2014-12-16,39.7,43.38,43.38,38.92,267419984.0,7899026432.0
2014-12-15,38.24,39.63,39.43,36.78,206902544.0,5562251264.0
2014-12-12,35.54,39.74,39.09,35.54,271989280.0,7438624256.0
2014-12-11,35.9,39.95,36.13,35.42,209006864.0,5571298304.0
2014-12-10,37.74,40.18,37.33,34.11,249900624.0,6480702464.0
2014-12-09,40.57,44.62,37.84,36.58,289445984.0,8643676160.0
2014-12-08,36.09,40.56,40.56,35.03,212825296.0,5833149952.0
2014-12-05,35.24,36.87,36.87,33.51,265147984.0,6735153664.0
2014-12-04,30.14,33.51,33.51,30.02,167033248.0,3815706624.0
2014-12-03,29.73,32.27,30.47,29.04,223822432.0,4838439936.0
2014-12-02,26.25,29.46,29.46,26.18,204830608.0,4076904448.0
2014-12-01,25.9,28.23,26.79,25.29,212774592.0,4066737408.0
2014-11-28,25.9,26.78,25.67,25.05,185260272.0,3384402176.0
2014-11-27,24.88,26.59,26.25,24.33,199343408.0,3579844352.0
2014-11-26,23.39,25.7,24.95,23.38,203517744.0,3523181568.0
2014-11-25,23.18,23.76,23.49,23.11,179649552.0,2964946944.0
2014-11-24,22.36,23.12,23.12,22.09,256030640.0,4140581376.0
2014-11-21,19.12,21.02,21.02,18.98,143709520.0,2070543360.0
2014-11-20,18.61,19.16,19.11,18.38,65826560.0,881206720.0
2014-11-19,18.55,18.84,18.55,18.47,38462376.0,506286880.0
2014-11-18,18.85,19.06,18.6,18.54,59870552.0,795107584.0
2014-11-17,19.53,19.67,18.96,18.82,82429976.0,1121637504.0
2014-11-14,19.22,19.52,19.23,18.92,75400688.0,1022557184.0
2014-11-13,19.81,20.21,19.49,19.36,99736192.0,1401595264.0
2014-11-12,18.85,19.95,19.83,18.7,91782896.0,1252129664.0
2014-11-11,19.3,20.17,19.04,18.5,128813984.0,1772836864.0
2014-11-10,18.91,19.27,19.04,18.24,103301128.0,1368548480.0
2014-11-07,17.89,18.99,18.23,17.76,107019600.0,1394855936.0
2014-11-06,17.93,17.96,17.75,17.45,48748620.0,609651072.0
2014-11-05,17.55,18.19,17.95,17.27,81786128.0,1030959296.0
2014-11-04,17.07,17.54,17.44,16.99,55616728.0,690570880.0
2014-11-03,17.33,17.69,17.13,17.06,71489528.0,887699392.0
2014-10-31,16.82,17.45,17.19,16.72,90639256.0,1108901888.0
2014-10-30,16.64,16.91,16.68,16.32,57122940.0,682029696.0
2014-10-29,16.19,16.88,16.63,16.08,76518896.0,903647488.0
2014-10-28,15.56,16.15,16.11,15.56,42865544.0,485908384.0
2014-10-27,15.74,15.76,15.42,15.4,34918372.0,390228704.0
2014-10-24,16.09,16.2,15.95,15.9,22280184.0,256843504.0
2014-10-23,16.09,16.33,16.04,15.98,30309214.0,351296800.0
2014-10-22,16.52,16.75,16.2,16.19,37723560.0,446398752.0
2014-10-21,16.43,16.94,16.52,16.27,68706672.0,823682560.0
2014-10-20,16.4,16.55,16.47,16.22,55907300.0,659843328.0
2014-10-17,16.12,16.38,16.25,15.84,47973468.0,558155392.0
2014-10-16,16.19,16.52,16.09,16.08,53084128.0,621590528.0
2014-10-15,15.87,16.48,16.33,15.86,62124896.0,726103808.0
2014-10-14,15.87,16.19,15.87,15.74,27739480.0,317955168.0
2014-10-13,16.02,16.04,15.91,15.72,32699782.0,372372416.0
2014-10-10,16.11,16.36,16.11,16.02,31136090.0,361393472.0
2014-10-09,16.45,16.52,16.22,16.06,40306564.0,471349952.0
2014-10-08,16.22,16.55,16.44,16.05,45174848.0,530551616.0
2014-09-30,16.19,16.34,16.18,16.11,30318108.0,353153280.0
2014-09-29,16.13,16.33,16.18,16.04,41126000.0,478721536.0
2014-09-26,15.95,16.15,15.99,15.81,38038968.0,436749152.0
2014-09-25,16.25,16.45,16.01,15.94,62488236.0,727404416.0
2014-09-24,15.47,16.27,16.18,15.37,97293776.0,1111436672.0
2014-09-23,15.08,15.49,15.42,15.04,26221070.0,289131040.0
2014-09-22,15.4,15.51,15.13,15.06,27356604.0,300902464.0
2014-09-19,15.15,15.51,15.4,15.13,30082330.0,332227488.0
2014-09-18,15.09,15.36,15.13,14.94,24540168.0,267550752.0
2014-09-17,15.1,15.23,15.09,14.99,20357086.0,220955456.0
2014-09-16,15.58,15.61,15.06,15.04,35165316.0,388462464.0
2014-09-15,15.44,15.58,15.51,15.34,27144034.0,301463520.0
2014-09-12,15.42,15.51,15.49,15.29,25725820.0,284473248.0
2014-09-11,15.38,15.72,15.44,15.34,43689396.0,487528448.0
2014-09-10,15.45,15.45,15.37,15.3,27779784.0,306829504.0
2014-09-09,15.66,15.72,15.52,15.47,23736962.0,265470144.0
2014-09-05,15.65,15.74,15.63,15.51,44604136.0,501130816.0
2014-09-04,15.34,15.54,15.52,15.33,34686908.0,385246880.0
2014-09-03,15.34,15.44,15.33,15.27,30009604.0,331421440.0
2014-09-02,15.02,15.33,15.29,14.98,36615072.0,398838976.0
2014-09-01,14.94,14.99,14.99,14.87,20946252.0,224964176.0
2014-08-29,14.88,14.94,14.92,14.74,18683204.0,199395936.0
2014-08-28,14.88,14.98,14.81,14.73,23817760.0,254123552.0
2014-08-27,14.9,15.02,14.85,14.84,18717006.0,200662800.0
2014-08-26,15.02,15.15,14.92,14.88,22286592.0,240321280.0
2014-08-25,15.44,15.47,15.08,15.05,28233046.0,308169312.0
2014-08-22,15.26,15.41,15.36,15.2,20774320.0,228604976.0
2014-08-21,15.51,15.54,15.27,15.15,28413370.0,312597664.0
2014-08-20,15.51,15.61,15.51,15.45,21846610.0,243799056.0
2014-08-19,15.76,15.77,15.51,15.34,32713256.0,365056416.0
2014-08-18,15.68,15.8,15.7,15.59,30612392.0,345323552.0
2014-08-15,15.38,15.69,15.62,15.29,45807692.0,511790976.0
2014-08-14,15.55,15.62,15.34,15.3,31085268.0,346161472.0
2014-08-13,15.48,15.72,15.51,15.33,36431660.0,406220128.0
2014-08-12,15.58,15.58,15.49,15.41,21837464.0,243141184.0
2014-08-11,15.42,15.63,15.58,15.34,30129112.0,336634880.0
2014-08-08,15.3,15.42,15.29,15.12,26736096.0,293563104.0
2014-08-07,15.65,15.74,15.3,15.24,37278300.0,415425184.0
2014-08-06,15.51,15.61,15.52,15.27,34980836.0,387949632.0
2014-08-05,15.68,15.74,15.54,15.4,32393848.0,361937184.0
2014-08-04,15.13,15.68,15.65,15.13,52580400.0,583798272.0
2014-08-01,15.33,15.48,15.05,15.05,37236720.0,408428192.0
2014-07-31,15.2,15.41,15.38,15.15,26475396.0,290349888.0
2014-07-30,15.2,15.54,15.23,15.16,38131856.0,420225472.0
2014-07-29,15.33,15.44,15.27,15.19,39822016.0,437922880.0
2014-07-28,14.96,15.72,15.3,14.9,93871520.0,1032716864.0
2014-07-25,14.69,14.8,14.76,14.56,39310008.0,415181152.0
2014-07-24,14.19,14.85,14.66,14.19,65930164.0,692816128.0
2014-07-23,14.1,14.34,14.23,14.09,37393676.0,382728576.0
2014-07-22,13.88,14.17,14.09,13.87,32086618.0,324347360.0
2014-07-21,13.98,14.01,13.88,13.85,11966890.0,119785040.0
2014-07-18,13.92,14.12,14.01,13.87,20423248.0,205602736.0
2014-07-17,14.01,14.03,13.96,13.91,10889465.0,109262976.0
2014-07-16,14.06,14.14,14.01,13.99,17479416.0,176647440.0
2014-07-15,14.06,14.09,14.02,13.96,15849855.0,159832720.0
2014-07-14,13.94,14.07,14.07,13.89,18880282.0,189927152.0
2014-07-11,13.78,13.96,13.94,13.78,10997126.0,109919568.0
2014-07-10,13.85,13.88,13.82,13.77,15293851.0,152001616.0
2014-07-09,13.95,14.01,13.84,13.82,23157384.0,231483744.0
2014-07-08,13.96,13.98,13.95,13.85,12355449.0,123610136.0
2014-07-07,14.03,14.05,13.99,13.95,9729478.0,97868408.0
2014-07-04,14.07,14.12,14.03,13.99,11577121.0,116844296.0
2014-07-03,14.05,14.14,14.07,14.01,17179102.0,174021808.0
2014-07-02,14.03,14.13,14.09,13.99,14481613.0,146373552.0
2014-07-01,14.05,14.14,14.02,13.98,12432838.0,125317896.0
2014-06-30,13.98,14.16,14.06,13.98,19066654.0,192744192.0
2014-06-27,13.91,14.01,13.94,13.84,12858707.0,128667840.0
2014-06-26,13.8,14.03,13.91,13.8,14411279.0,144361856.0
2014-06-25,13.85,13.85,13.8,13.74,10058784.0,99762560.0
2014-06-24,13.85,13.88,13.84,13.78,12687601.0,126210504.0
2014-06-23,13.85,13.94,13.81,13.78,11376443.0,113299264.0
2014-06-20,13.82,13.88,13.84,13.76,10878037.0,108052368.0
2014-06-19,14.06,14.1,13.82,13.78,22844960.0,228363776.0
2014-06-18,14.16,14.2,14.06,14.05,11851761.0,120303080.0
2014-06-17,14.3,14.31,14.17,14.13,15117399.0,154262304.0
2014-06-16,14.28,14.42,14.35,14.23,17556260.0,180813376.0
2014-06-13,14.09,14.41,14.26,13.99,23998724.0,245522448.0
2014-06-12,14.07,14.16,14.05,14.01,10565993.0,107107016.0
2014-06-11,14.12,14.21,14.07,14.05,13903259.0,141079440.0
2014-06-10,14.01,14.2,14.14,13.96,24153672.0,245314864.0
2014-06-09,13.95,14.12,13.92,13.85,13655320.0,137130048.0
2014-06-06,14.17,14.17,14.03,13.92,13921432.0,140393952.0
2014-06-05,13.98,14.19,14.17,13.96,14220099.0,143775888.0
2014-06-04,14.23,14.26,13.96,13.91,23577582.0,237405456.0
2014-06-03,14.42,14.55,14.23,14.19,14826765.0,153119184.0
2014-05-30,14.38,14.51,14.42,14.27,10989315.0,113934560.0
2014-05-29,14.58,14.64,14.37,14.34,13986019.0,145570128.0
2014-05-28,14.3,14.7,14.62,14.27,23278798.0,243031392.0
2014-05-27,14.39,14.51,14.31,14.3,13073246.0,135568576.0
2014-05-26,14.48,14.51,14.41,14.37,16606717.0,172187728.0
2014-05-23,14.21,14.37,14.37,14.19,11255841.0,115659888.0
2014-05-22,14.3,14.52,14.21,14.16,17478708.0,180382496.0
2014-05-21,14.09,14.33,14.31,14.03,15605755.0,159702320.0
2014-05-20,14.33,14.35,14.2,14.13,12254915.0,125279616.0
2014-05-19,14.45,14.46,14.16,14.07,26687864.0,271869952.0
2014-05-16,14.62,14.64,14.55,14.28,24113886.0,250608448.0
2014-05-15,15.04,15.06,14.59,14.52,29455292.0,312253312.0
2014-05-14,15.09,15.23,15.08,15.01,19525648.0,212232224.0
2014-05-13,15.16,15.3,15.06,14.98,26189212.0,284413152.0
2014-05-12,15.16,15.42,15.29,14.91,58661088.0,640571584.0
2014-05-09,14.76,14.95,14.92,14.59,21372710.0,227218224.0
2014-05-08,14.59,15.15,14.76,14.53,27689484.0,295762496.0
2014-05-07,14.52,14.71,14.6,14.48,14728251.0,154863472.0
2014-05-06,14.55,14.8,14.6,14.53,18653362.0,196879536.0
2014-05-05,14.34,14.67,14.63,14.21,18292174.0,189509072.0
2014-04-30,14.44,14.49,14.42,14.3,13430919.0,139063520.0
2014-04-29,14.16,14.48,14.44,14.07,16488836.0,169193984.0
2014-04-28,14.45,14.55,14.19,14.09,21888810.0,224281856.0
2014-04-25,14.67,14.71,14.45,14.39,17284140.0,181167984.0
2014-04-24,14.53,14.73,14.55,14.46,14814215.0,155625440.0
2014-04-23,14.67,14.74,14.53,14.44,14904074.0,156633280.0
2014-04-22,14.53,14.73,14.7,14.35,19449788.0,203326032.0
2014-04-21,14.71,15.02,14.58,14.56,23641202.0,251562304.0
2014-04-18,14.77,14.96,14.91,14.48,27377716.0,289787744.0
2014-04-17,15.13,15.17,14.92,14.83,20877252.0,225189760.0
2014-04-16,14.84,15.26,15.02,14.84,25266020.0,273073472.0
2014-04-15,15.26,15.26,14.91,14.87,28865336.0,311954112.0
2014-04-14,15.59,15.65,15.34,15.19,26659884.0,294089856.0
2014-04-11,15.65,15.91,15.51,15.41,37295292.0,418997216.0
2014-04-10,15.12,15.93,15.63,14.98,78462032.0,877935680.0
2014-04-09,15.24,15.27,15.11,14.98,25203266.0,273703904.0
2014-04-08,14.71,15.37,15.22,14.62,60316884.0,655206080.0
2014-04-04,14.52,14.81,14.77,14.48,25386088.0,267844496.0
2014-04-03,14.46,14.9,14.55,14.44,47622356.0,503806528.0
2014-04-02,14.27,14.49,14.41,14.27,19224266.0,198769664.0
2014-04-01,14.1,14.39,14.31,14.05,24363672.0,250068624.0
2014-03-31,14.12,14.28,14.09,13.99,14981779.0,152195888.0
2014-03-28,14.16,14.39,14.17,14.1,23741680.0,242941424.0
2014-03-27,14.3,14.53,14.16,14.02,31387792.0,322134624.0
2014-03-26,14.84,14.95,14.41,14.39,37950724.0,399263840.0
2014-03-25,14.31,14.67,14.41,14.26,40421864.0,420713024.0
2014-03-24,14.2,14.69,14.38,13.96,59797136.0,614674240.0
2014-03-21,13.59,14.26,14.21,13.51,52611248.0,527930784.0
2014-03-20,13.71,13.91,13.59,13.56,25923782.0,256443488.0
2014-03-19,13.81,13.82,13.76,13.64,19083778.0,188214672.0
2014-03-18,14.01,14.05,13.84,13.8,20877524.0,208970256.0
2014-03-17,13.99,14.01,13.94,13.7,30968282.0,307992608.0
2014-03-13,13.98,14.39,14.16,13.91,33665504.0,342486976.0
2014-03-12,13.88,14.03,13.95,13.71,28447284.0,283964064.0
2014-03-11,13.8,14.01,13.98,13.63,26225164.0,260499024.0
2014-03-10,13.98,14.2,13.77,13.74,34300140.0,344288992.0
2014-03-07,14.39,14.65,14.34,14.07,30739524.0,317218816.0
2014-03-06,14.33,14.59,14.46,14.13,33313432.0,345670464.0
2014-03-05,14.81,14.91,14.34,14.33,33272816.0,349176864.0
2014-03-04,14.9,15.15,14.79,14.53,38005672.0,405173632.0
2014-03-03,14.77,14.88,14.76,14.56,40524636.0,429236256.0
2014-02-28,14.17,15.09,14.99,14.1,71778920.0,754947904.0
2014-02-27,14.39,14.49,14.1,14.07,34371152.0,352425248.0
2014-02-26,14.26,14.38,14.24,13.89,42898824.0,436273440.0
2014-02-25,14.83,14.94,14.37,14.21,41555368.0,435892032.0
2014-02-24,15.01,15.01,14.83,14.62,33520788.0,355720768.0
2014-02-21,15.47,15.47,15.12,14.98,56502584.0,615132288.0
2014-02-20,16.06,16.22,15.58,15.54,51429296.0,584564096.0
2014-02-19,15.99,16.22,16.08,15.69,58702676.0,671262784.0
2014-02-18,16.84,16.84,16.12,15.99,71149376.0,833075584.0
2014-02-17,16.97,17.07,16.86,16.62,46816228.0,565541888.0
2014-02-14,16.59,16.9,16.82,16.59,25526464.0,307836000.0
2014-02-13,17.04,17.11,16.66,16.63,47232772.0,571615680.0
2014-02-12,17.11,17.32,17.0,16.79,37600764.0,459736800.0
2014-02-11,17.04,17.44,17.0,16.87,53775944.0,662156224.0
2014-02-10,16.3,17.11,17.08,16.3,54187052.0,655021312.0
2014-02-07,16.13,16.3,16.26,15.84,30770756.0,355793248.0
2014-01-30,16.59,16.76,16.38,16.34,22539068.0,266873696.0
2014-01-29,16.66,16.94,16.73,16.57,29962596.0,360839424.0
2014-01-28,16.48,16.76,16.58,16.41,32362016.0,385886048.0
2014-01-27,16.94,16.94,16.33,16.3,38699796.0,459744160.0
2014-01-24,16.7,17.3,17.0,16.7,36557608.0,448365024.0
2014-01-23,16.83,17.0,16.86,16.76,32726780.0,396891936.0
2014-01-22,16.2,16.94,16.93,16.09,53817224.0,643898240.0
2014-01-21,15.83,16.45,16.12,15.83,31052792.0,361490688.0
2014-01-20,15.69,15.93,15.79,15.62,18880926.0,214288336.0
2014-01-17,15.93,15.98,15.79,15.55,25474400.0,287830464.0
2014-01-16,16.02,16.25,15.99,15.91,25425006.0,293962592.0
2014-01-15,15.73,16.18,16.11,15.59,31217076.0,354791840.0
2014-01-14,15.51,15.88,15.74,15.44,24975328.0,281292736.0
2014-01-13,15.54,15.86,15.45,15.41,28805528.0,322696928.0
2014-01-10,16.15,16.32,15.65,15.63,45612600.0,520483424.0
2014-01-09,16.5,16.82,16.29,16.27,33705524.0,401436832.0
2014-01-08,16.48,16.94,16.64,16.45,42513488.0,510107040.0
2014-01-07,16.34,16.69,16.52,16.27,28799144.0,340785568.0
2014-01-06,16.69,16.79,16.57,16.23,55056200.0,652279040.0
2014-01-03,17.29,17.37,16.84,16.75,47569676.0,578342528.0
2014-01-02,17.45,17.72,17.45,17.22,37984956.0,474455104.0
2013-12-31,17.29,18.02,17.64,17.18,64086832.0,816884032.0
2013-12-30,17.52,17.52,17.37,17.14,48611028.0,604703424.0
2013-12-27,16.57,17.36,17.32,16.57,78092024.0,958903104.0
2013-12-26,16.97,17.02,16.57,16.45,58800936.0,708059712.0
2013-12-25,16.5,17.2,17.19,16.43,56959252.0,692593152.0
2013-12-24,16.65,16.79,16.45,16.3,31137090.0,370742656.0
2013-12-23,16.38,16.89,16.69,16.09,38269848.0,455681088.0
2013-12-20,16.8,17.09,16.3,16.25,41632112.0,499226304.0
2013-12-19,17.09,17.2,16.91,16.7,34556300.0,422184640.0
2013-12-18,16.84,17.23,16.94,16.75,37116160.0,453052256.0
2013-12-17,16.79,17.07,16.79,16.57,32192598.0,389346848.0
2013-12-16,17.39,17.5,16.77,16.55,54942784.0,667586112.0
2013-12-13,17.18,17.58,17.36,17.09,36101016.0,450696224.0
2013-12-12,17.43,17.79,17.41,17.26,49881048.0,628437632.0
2013-12-11,17.8,18.01,17.43,17.27,60719980.0,765212672.0
2013-12-10,17.51,18.33,18.09,17.36,79477768.0,1026944640.0
2013-12-09,17.66,18.66,17.52,17.44,84068496.0,1087357184.0
2013-12-06,17.32,17.8,17.44,17.18,62463864.0,785258880.0
2013-12-05,16.98,17.86,17.44,16.84,98950176.0,1241826816.0
2013-12-04,16.97,17.27,17.0,16.84,93556072.0,1147952000.0
2013-12-03,16.73,17.3,17.08,16.58,165456304.0,2015516928.0
2013-12-02,16.34,16.73,16.73,16.08,171397680.0,2044605440.0
2013-11-29,15.36,15.41,15.22,15.16,19975540.0,219277264.0
2013-11-28,15.3,15.61,15.31,15.26,48983996.0,542693504.0
2013-11-27,15.02,15.62,15.43,15.01,49894196.0,551204992.0
2013-11-26,14.98,15.38,15.02,14.98,21966484.0,239426608.0
2013-11-25,14.94,15.43,14.99,14.85,24892768.0,271417760.0
2013-11-22,15.27,15.44,15.08,15.06,34185412.0,375056512.0
2013-11-21,15.19,15.27,15.12,14.83,36173088.0,391450272.0
2013-11-20,15.47,15.56,15.33,15.15,26376956.0,290237120.0
2013-11-19,15.44,15.52,15.29,15.12,42689620.0,469727264.0
2013-11-18,14.91,15.72,15.66,14.66,97126872.0,1057962112.0
2013-11-15,13.73,15.02,14.66,13.73,82073088.0,874949568.0
2013-11-14,13.81,13.81,13.66,13.56,10501201.0,103305224.0
2013-11-13,13.99,13.99,13.69,13.64,12833154.0,126937384.0
2013-11-12,14.01,14.13,14.05,13.94,10840520.0,109353664.0
2013-11-11,14.19,14.2,13.95,13.92,12275275.0,123561352.0
2013-11-08,14.45,14.56,14.13,14.02,10914402.0,112107720.0
2013-11-07,14.42,14.59,14.54,14.37,9302733.0,96829240.0
2013-11-06,14.62,14.67,14.44,14.42,10205833.0,106613008.0
2013-11-05,14.6,14.73,14.67,14.39,13302124.0,138854784.0
2013-11-04,15.09,15.12,14.73,14.67,11211024.0,119662216.0
2013-11-01,14.87,15.02,14.91,14.71,12511309.0,133968512.0
2013-10-31,14.99,14.99,14.76,14.71,13235227.0,141412288.0
2013-10-30,14.95,15.04,14.98,14.76,11326701.0,121178608.0
2013-10-29,14.88,15.08,14.88,14.62,17809796.0,190038544.0
2013-10-28,14.9,15.08,14.73,14.67,12011777.0,128293768.0
2013-10-25,15.11,15.34,15.04,14.81,11151262.0,120987920.0
2013-10-24,15.05,15.3,15.11,14.91,9024651.0,97823088.0
2013-10-23,15.52,15.68,15.19,15.17,15198273.0,167982304.0
2013-10-22,15.72,15.72,15.38,15.36,16728440.0,186179904.0
2013-10-21,15.63,15.81,15.76,15.36,17421162.0,195691056.0
2013-10-18,15.41,15.91,15.61,15.38,16398501.0,185049136.0
2013-10-17,15.45,15.73,15.54,15.06,23113200.0,256418720.0
2013-10-15,15.8,15.93,15.72,15.61,10597665.0,119889704.0
2013-10-14,15.99,16.05,15.76,15.58,15786191.0,179325792.0
2013-10-11,15.72,16.09,16.02,15.72,17909956.0,205023312.0
2013-10-10,16.11,16.11,15.62,15.54,17101528.0,193289888.0
2013-10-09,15.87,16.15,16.11,15.84,12167520.0,140290096.0
2013-10-08,15.65,16.05,15.98,15.51,11509623.0,130943448.0
2013-09-30,15.93,15.98,15.72,15.69,9858296.0,111947472.0
2013-09-27,15.62,15.87,15.86,15.52,13703006.0,154724656.0
2013-09-26,15.94,15.99,15.62,15.58,17920228.0,202671568.0
2013-09-25,16.2,16.41,16.02,15.94,17527306.0,203809664.0
2013-09-24,16.52,16.64,16.2,16.13,20568096.0,241133424.0
2013-09-23,16.43,16.73,16.66,16.29,17196182.0,204429152.0
2013-09-18,16.43,16.54,16.54,16.13,22067272.0,259304080.0
2013-09-17,16.77,16.9,16.43,16.4,21039676.0,252072368.0
2013-09-16,17.23,17.25,16.76,16.66,24740304.0,300396096.0
2013-09-13,17.3,17.48,17.12,16.87,31650148.0,389680448.0
2013-09-12,17.01,17.65,17.4,16.97,48846004.0,610465920.0
2013-09-11,17.33,17.61,17.02,16.98,53763396.0,668392256.0
2013-09-10,16.41,17.15,17.12,16.36,65574352.0,788255232.0
2013-09-09,15.86,16.77,16.47,15.76,62708720.0,736765696.0
2013-09-06,15.65,15.93,15.73,15.58,14102639.0,159605152.0
2013-09-05,15.76,15.87,15.65,15.62,10303814.0,116439368.0
2013-09-04,15.9,16.06,15.81,15.66,24735026.0,281038976.0
2013-09-03,16.15,16.23,16.04,15.76,23770432.0,272901824.0
2013-09-02,15.79,16.2,16.05,15.76,23298578.0,267789056.0
2013-08-30,15.68,16.22,15.83,15.54,30720308.0,351863968.0
2013-08-29,15.93,16.11,15.68,15.63,18950526.0,215324224.0
2013-08-28,15.58,15.79,15.58,15.47,18018784.0,202055680.0
2013-08-27,15.77,15.88,15.8,15.62,17181296.0,194406992.0
2013-08-26,15.58,15.93,15.88,15.44,32042804.0,361608992.0
2013-08-23,15.51,15.55,15.19,14.9,13424332.0,146627472.0
2013-08-22,15.17,15.55,15.33,15.13,16433494.0,181932496.0
2013-08-21,15.22,15.37,15.26,15.04,12505434.0,136693328.0
2013-08-20,15.38,15.59,15.12,15.04,27291676.0,300441568.0
2013-08-19,15.3,15.65,15.4,15.02,44187680.0,485731392.0
2013-08-16,15.77,17.52,15.91,15.65,66290844.0,785126464.0
2013-08-15,16.22,16.33,15.93,15.88,17641864.0,204186464.0
2013-08-14,16.58,16.82,16.19,16.15,24805852.0,293374016.0
2013-08-13,16.55,16.75,16.47,16.34,19356540.0,230184256.0
2013-08-12,16.19,16.69,16.54,16.05,40129832.0,475432352.0
2013-08-09,15.76,16.26,16.04,15.72,27063894.0,311346848.0
2013-08-08,15.72,15.93,15.65,15.55,12296627.0,138594160.0
2013-08-07,16.09,16.38,15.84,15.65,26295860.0,302868704.0
2013-08-06,15.76,16.15,16.11,15.58,22570540.0,258082752.0
2013-08-05,15.62,15.93,15.86,15.55,16444300.0,186082448.0
2013-08-02,15.93,15.99,15.65,15.56,12580326.0,142236224.0
2013-08-01,15.33,15.9,15.8,15.24,28568024.0,322712224.0
2013-07-31,15.15,15.45,15.24,15.15,20557080.0,226302960.0
2013-07-30,14.66,15.33,14.92,14.56,17769652.0,191730896.0
2013-07-29,15.01,15.04,14.56,14.52,15608143.0,165613584.0
2013-07-26,15.13,15.29,15.23,14.81,13180091.0,142917536.0
2013-07-25,15.45,15.76,15.24,15.23,15935578.0,177518368.0
2013-07-24,15.44,15.59,15.4,15.06,16312217.0,180086480.0
2013-07-23,15.02,15.84,15.62,14.91,24207904.0,270639136.0
2013-07-22,14.55,15.02,14.98,14.33,14201971.0,150516112.0
2013-07-19,15.17,15.43,14.72,14.48,22190884.0,242020176.0
2013-07-18,15.38,15.53,15.17,15.09,18957748.0,210426064.0
2013-07-17,15.86,16.13,15.47,15.42,23029450.0,263915216.0
2013-07-16,15.68,15.98,15.95,15.61,27519212.0,316074624.0
2013-07-15,15.66,16.64,15.91,15.33,48214896.0,561372416.0
2013-07-12,15.9,16.03,15.29,15.27,52188408.0,596460928.0
2013-07-11,14.66,16.1,16.06,14.52,72347152.0,818924160.0
2013-07-10,13.95,14.73,14.63,13.88,29396992.0,307878080.0
2013-07-09,14.03,14.15,14.03,13.76,9341607.0,95002728.0
2013-07-08,13.87,14.29,14.07,13.7,17337336.0,176592768.0
2013-07-05,14.03,14.3,14.13,13.91,19403904.0,199297136.0
2013-07-04,13.66,14.3,13.93,13.38,23904094.0,242131008.0
2013-07-03,14.14,14.14,13.95,13.66,20170266.0,203424352.0
2013-07-02,14.26,14.51,14.26,14.0,15105619.0,156497920.0
2013-07-01,14.11,14.37,14.32,13.96,16096232.0,166369632.0
2013-06-28,13.73,14.48,14.28,13.6,35713072.0,368622464.0
2013-06-27,14.03,14.21,13.87,13.59,29532886.0,298406880.0
2013-06-26,13.87,14.33,13.93,13.62,26989088.0,274733408.0
2013-06-25,13.84,14.22,13.91,12.7,37353976.0,367141536.0
2013-06-24,15.02,15.09,14.11,13.7,33390220.0,346159840.0
2013-06-21,14.68,15.35,15.07,14.52,20646690.0,224912608.0
2013-06-20,15.51,15.51,15.03,14.94,21119928.0,233541888.0
2013-06-19,15.66,15.69,15.55,15.14,18239566.0,205226064.0
2013-06-18,15.53,15.79,15.7,15.4,17924682.0,204104320.0
2013-06-17,15.91,15.94,15.42,15.36,24148420.0,274265408.0
2013-06-14,15.81,16.02,15.92,15.69,20998064.0,242815744.0
2013-06-13,16.47,16.47,15.75,15.47,30852488.0,355639456.0
2013-06-07,17.43,17.85,16.76,16.58,35936528.0,448742272.0
2013-06-06,17.68,17.82,17.5,17.49,15609587.0,200833104.0
2013-06-05,17.82,17.97,17.78,17.59,13098895.0,169757520.0
2013-06-04,17.98,18.11,17.72,17.67,20169912.0,261603520.0
2013-06-03,18.08,18.45,18.12,17.91,22286468.0,295550528.0
2013-05-31,18.57,18.66,18.09,18.05,27542094.0,366729248.0
2013-05-30,18.39,18.83,18.48,18.33,35791944.0,485909568.0
2013-05-29,18.88,18.92,18.5,18.44,35775564.0,485278336.0
2013-05-28,18.15,18.81,18.79,17.98,54351476.0,729010368.0
2013-05-27,17.93,18.33,18.08,17.79,32818216.0,434136128.0
2013-05-24,17.85,18.07,17.87,17.71,23873644.0,311345472.0
2013-05-23,17.82,18.24,17.74,17.63,29107146.0,379514720.0
2013-05-22,17.97,18.3,17.98,17.78,31500008.0,413716288.0
2013-05-21,17.85,17.87,17.83,17.54,26110616.0,337085408.0
2013-05-20,17.89,18.29,17.9,17.74,40256344.0,527955200.0
2013-05-17,17.38,18.0,17.82,17.24,43151572.0,555878784.0
2013-05-16,16.75,17.53,17.41,16.65,30272136.0,380425664.0
2013-05-15,16.72,17.02,16.82,16.72,15155995.0,186374096.0
2013-05-14,16.97,17.08,16.66,16.58,20545532.0,251081328.0
2013-05-13,17.39,17.49,16.98,16.93,20271352.0,252405760.0
2013-05-10,17.02,17.68,17.36,17.0,26280434.0,333053760.0
2013-05-09,17.28,17.36,17.17,16.76,30526584.0,379214432.0
2013-05-08,17.54,17.79,17.31,17.17,26512088.0,335628000.0
2013-05-07,17.64,17.68,17.56,17.3,31891254.0,405956416.0
2013-05-06,17.46,17.9,17.85,17.23,43578344.0,558406912.0
2013-05-03,16.77,17.64,17.34,16.77,47456956.0,599721536.0
2013-05-02,16.54,16.89,16.64,16.2,21951974.0,264721472.0
2013-04-26,16.87,17.06,16.65,16.54,22898540.0,281237664.0
2013-04-25,16.61,17.36,16.8,16.4,40583388.0,499894624.0
2013-04-24,16.25,17.08,16.82,16.02,39163864.0,473526208.0
2013-04-23,17.13,17.13,16.24,16.18,44920824.0,540094528.0
2013-04-22,17.04,17.31,17.2,17.0,27563998.0,344116544.0
2013-04-19,16.54,17.38,17.15,16.47,58307864.0,723697024.0
2013-04-18,15.79,16.54,16.5,15.73,36608988.0,433939040.0
2013-04-17,16.17,16.31,16.02,15.69,28862224.0,336764000.0
2013-04-16,15.44,16.42,16.2,15.4,35951696.0,417417312.0
2013-04-15,15.57,15.88,15.69,15.25,30546316.0,346845408.0
2013-04-12,16.06,16.35,15.68,15.47,29268496.0,337268480.0
2013-04-11,16.61,16.75,16.1,16.09,20628152.0,245695952.0
2013-04-10,16.82,16.91,16.36,16.1,35046916.0,418548608.0
2013-04-09,16.65,17.15,16.86,16.65,25120912.0,308967392.0
2013-04-08,16.36,16.58,16.51,15.86,23806590.0,281844576.0
2013-04-03,17.19,17.32,16.86,16.75,21352476.0,264611920.0
2013-04-02,16.72,17.3,17.16,16.72,33008944.0,411121568.0
2013-04-01,16.58,17.21,16.89,16.54,24842058.0,306061056.0
2013-03-29,17.34,17.5,16.57,16.53,33228724.0,411799488.0
2013-03-28,17.71,17.71,17.28,17.16,36975160.0,469700064.0
2013-03-27,18.07,18.67,18.3,17.91,37584416.0,500957280.0
2013-03-26,18.6,18.6,18.0,17.82,39513904.0,520867392.0
2013-03-25,19.23,19.42,18.74,18.61,38337472.0,527673344.0
2013-03-22,19.04,19.29,19.19,18.81,38122080.0,530640160.0
2013-03-21,19.07,19.22,19.07,18.79,45194664.0,626658304.0
2013-03-20,17.74,19.14,19.09,17.7,81519896.0,1101866880.0
2013-03-19,17.26,18.01,17.72,17.12,43022320.0,552250944.0
2013-03-18,17.65,17.85,17.24,17.19,39172932.0,498856896.0
2013-03-15,18.01,18.74,17.86,17.3,67671920.0,890147776.0
2013-03-14,17.83,18.19,17.87,17.78,27068720.0,354400800.0
2013-03-13,18.39,18.5,17.85,17.8,42281596.0,555975360.0
2013-03-12,18.72,19.22,18.53,18.19,46001924.0,624590208.0
2013-03-11,18.61,19.19,18.74,18.15,40792224.0,555601728.0
2013-03-08,19.3,19.45,18.63,18.53,46615728.0,642314752.0
2013-03-07,20.07,20.4,19.33,18.89,76342688.0,1098094080.0
2013-03-06,20.25,20.28,19.85,19.67,80705208.0,1172125952.0
2013-03-05,18.53,20.26,20.19,18.42,100562208.0,1416810752.0
2013-03-04,18.98,19.29,18.46,18.01,73869368.0,1006530688.0
2013-03-01,19.37,19.73,19.62,18.94,75116384.0,1059476544.0
2013-02-28,19.05,19.75,19.62,18.53,108103016.0,1509436928.0
2013-02-27,17.85,19.08,18.9,17.83,100516728.0,1357290880.0
2013-02-26,17.04,18.48,17.43,16.79,86653408.0,1122655616.0
2013-02-25,17.46,17.76,17.36,17.13,44297644.0,563348544.0
2013-02-22,16.93,17.43,17.2,16.83,39126312.0,488310080.0
2013-02-21,17.78,17.91,16.9,16.72,60271640.0,755228224.0
2013-02-20,18.09,18.26,18.09,17.64,34285352.0,449043520.0
2013-02-19,17.83,18.46,18.08,17.75,57389480.0,756766016.0
2013-02-18,18.68,18.79,17.93,17.85,37053816.0,489127360.0
2013-02-08,18.56,19.16,18.67,18.49,38383736.0,524940896.0
2013-02-07,18.97,19.43,18.67,18.0,66094036.0,904143424.0
2013-02-06,18.96,19.62,19.0,18.83,63758152.0,891872768.0
2013-02-05,18.94,19.29,19.04,18.75,51790184.0,716856192.0
2013-02-04,19.11,19.66,19.27,18.81,89129216.0,1247841920.0
2013-02-01,17.36,19.36,19.36,17.26,105194976.0,1392729728.0
2013-01-31,17.28,17.97,17.6,17.16,85085336.0,1086380928.0
2013-01-30,17.38,17.65,17.53,17.02,113813424.0,1439845632.0
2013-01-29,15.64,16.89,16.89,15.51,126193664.0,1492534272.0
2013-01-28,14.07,15.35,15.35,14.06,82030168.0,897030784.0
2013-01-25,14.03,14.19,13.95,13.85,21048106.0,214879792.0
2013-01-24,14.18,14.62,14.07,13.91,42759652.0,446492160.0
2013-01-23,14.13,14.28,14.15,13.91,18702980.0,191860080.0
2013-01-22,14.33,14.47,14.21,14.04,24569820.0,255443328.0
2013-01-21,14.3,14.47,14.28,14.15,18300490.0,190620928.0
2013-01-18,14.17,14.54,14.28,13.91,23248284.0,241520848.0
2013-01-17,13.88,14.22,14.04,13.74,19574388.0,199439744.0
2013-01-16,14.26,14.35,13.92,13.67,25280866.0,257458000.0
2013-01-15,14.17,14.37,14.25,14.11,20415976.0,212019648.0
2013-01-14,13.45,14.22,14.18,13.38,24936304.0,253753680.0
2013-01-11,13.89,13.96,13.54,13.43,19805760.0,197791744.0
2013-01-10,14.02,14.25,13.89,13.8,21310380.0,217248960.0
2013-01-09,13.87,14.04,13.89,13.77,12035337.0,122000376.0
2013-01-08,14.22,14.26,13.93,13.82,19993092.0,203123248.0
2013-01-07,14.21,14.37,14.25,14.07,18467334.0,191009584.0
2013-01-04,14.69,14.8,14.29,14.11,34161564.0,356560192.0
2012-12-31,14.35,14.65,14.48,14.11,32693732.0,342605216.0
2012-12-28,13.82,14.29,14.24,13.62,38273096.0,389218304.0
2012-12-27,14.02,14.14,13.7,13.56,20763522.0,208849872.0
2012-12-26,14.04,14.06,13.95,13.81,14528845.0,147378288.0
2012-12-25,13.52,14.33,14.1,13.52,18860280.0,193074736.0
2012-12-24,13.67,14.04,13.73,13.66,10299045.0,103867992.0
2012-12-21,13.97,14.18,13.66,13.59,14597732.0,147194400.0
2012-12-20,13.59,14.06,13.99,13.44,16960996.0,169949504.0
2012-12-19,13.63,13.91,13.7,13.51,13907067.0,138448720.0
2012-12-18,13.41,14.06,13.67,13.26,30357242.0,302281312.0
2012-12-17,13.21,13.62,13.47,13.05,27793812.0,270414624.0
2012-12-14,12.29,13.25,13.16,12.27,36486056.0,341859488.0
2012-12-13,12.42,12.42,12.22,12.16,9771321.0,87327048.0
2012-12-12,12.41,12.55,12.45,12.29,9748158.0,88041664.0
2012-12-11,12.49,12.53,12.42,12.36,11746709.0,106395376.0
2012-12-10,12.41,12.7,12.59,12.41,16861732.0,154462880.0
2012-12-07,12.09,12.49,12.4,12.01,20050584.0,180014096.0
2012-12-06,12.18,12.23,12.11,11.96,13506510.0,119004352.0
2012-12-05,11.42,12.42,12.2,11.41,29409200.0,258860976.0
2012-12-04,11.23,11.56,11.5,11.21,8109383.0,67095248.0
2012-12-03,11.39,11.56,11.24,11.2,6286994.0,51894080.0
2012-11-30,11.31,11.52,11.38,11.04,10374904.0,85492048.0
2012-11-29,11.78,11.92,11.28,11.17,16525385.0,139044592.0
2012-11-28,11.79,11.83,11.78,11.71,7406244.0,63426532.0
2012-11-27,11.96,12.04,11.83,11.82,7386651.0,64009052.0
2012-11-26,12.05,12.13,12.0,11.97,5600154.0,49191628.0
2012-11-23,12.07,12.26,12.12,12.03,8673904.0,76761880.0
2012-11-22,12.13,12.16,12.07,11.92,9368648.0,82309456.0
2012-11-21,11.87,12.26,12.24,11.77,14621030.0,128235376.0
2012-11-20,12.01,12.05,11.92,11.78,9572155.0,82996800.0
2012-11-19,11.83,12.07,12.0,11.74,13940134.0,121098232.0
2012-11-16,11.96,11.97,11.82,11.67,16816280.0,144626800.0
2012-11-15,12.23,12.34,12.0,11.94,7508178.0,66364864.0
2012-11-14,12.19,12.42,12.36,12.15,6143124.0,54891136.0
2012-11-13,12.59,12.59,12.2,12.16,10992588.0,98584472.0
2012-11-12,12.62,12.7,12.6,12.44,10066361.0,91948456.0
2012-11-09,12.84,12.9,12.63,12.52,12342725.0,114301408.0
2012-11-08,13.11,13.23,12.88,12.79,13681796.0,130032144.0
2012-11-07,13.36,13.45,13.26,13.23,8551114.0,82974736.0
2012-11-06,13.45,13.51,13.44,13.11,12757368.0,123639120.0
2012-11-05,13.41,13.51,13.41,13.3,7903690.0,77038912.0
2012-11-02,13.37,13.51,13.45,13.28,13775583.0,134221888.0
2012-11-01,13.11,13.48,13.4,13.04,21726190.0,210894464.0
2012-10-31,13.18,13.25,13.12,12.86,15134442.0,143373408.0
2012-10-30,13.18,13.43,13.18,13.11,14190177.0,136631280.0
2012-10-29,13.47,13.51,13.28,13.04,20948512.0,202180976.0
2012-10-26,13.92,13.97,13.49,13.38,14455436.0,143208448.0
2012-10-25,14.03,14.18,13.93,13.84,7890809.0,80355800.0
2012-10-24,14.15,14.25,14.04,13.99,6728410.0,69311304.0
2012-10-23,14.62,14.65,14.22,14.14,10815466.0,113059456.0
2012-10-22,14.41,14.72,14.61,14.35,7214934.0,76598112.0
2012-10-19,14.59,14.66,14.54,14.48,6948947.0,73753936.0
2012-10-18,14.5,14.69,14.62,14.35,13715339.0,145235376.0
2012-10-17,14.55,14.59,14.43,14.14,13125656.0,137661280.0
2012-10-16,14.28,14.62,14.36,14.18,11024897.0,116073456.0
2012-10-15,14.48,14.61,14.35,14.0,11712607.0,121894024.0
2012-10-12,14.58,14.76,14.44,14.21,8660708.0,91164312.0
2012-10-11,14.66,14.81,14.44,14.4,10501981.0,111544752.0
2012-10-10,14.52,14.79,14.73,14.5,16506814.0,176434416.0
2012-10-09,14.17,14.89,14.59,14.11,24286192.0,258976336.0
2012-10-08,14.09,14.3,14.09,13.93,13953452.0,143687264.0
2012-09-28,13.71,14.22,14.17,13.64,20483232.0,209305072.0
2012-09-27,13.25,14.14,13.88,13.21,20141044.0,201386080.0
2012-09-26,13.48,13.66,13.22,13.18,7201834.0,70249936.0
2012-09-25,13.37,13.66,13.49,13.33,8667949.0,85352192.0
2012-09-24,13.16,13.7,13.41,13.07,8245714.0,80122944.0
2012-09-21,13.29,13.48,13.29,13.18,7592926.0,73853000.0
2012-09-20,13.59,13.59,13.34,13.28,8679905.0,84579696.0
2012-09-19,13.51,13.76,13.63,13.49,9383281.0,93084664.0
2012-09-18,13.71,13.87,13.52,13.37,9644953.0,95390320.0
2012-09-17,14.19,14.19,13.78,13.73,11097996.0,112749280.0
2012-09-14,14.26,14.36,14.24,14.0,14795726.0,153207424.0
2012-09-13,14.32,14.36,14.13,14.09,12101279.0,125390448.0
2012-09-12,14.37,14.56,14.39,14.08,7681846.0,80077536.0
2012-09-11,14.28,14.39,14.33,14.06,9381144.0,96838784.0
2012-09-10,14.39,14.65,14.43,14.32,17773064.0,187164048.0
2012-09-07,13.66,14.56,14.39,13.63,31614240.0,326357216.0
2012-09-06,13.36,13.47,13.43,13.23,6802566.0,66152480.0
2012-09-05,13.38,13.55,13.32,13.19,7256944.0,70620104.0
2012-09-04,13.7,13.77,13.41,13.29,9001272.0,88643520.0
2012-09-03,13.38,13.84,13.76,13.19,11033461.0,109532488.0
2012-08-31,13.48,13.55,13.44,13.34,5273559.0,51671592.0
2012-08-30,13.15,13.69,13.47,13.12,13688408.0,133810080.0
2012-08-29,13.26,13.4,13.15,13.14,6627853.0,63942444.0
2012-08-28,13.14,13.52,13.36,13.14,5438609.0,52731008.0
2012-08-27,13.63,13.67,13.11,13.1,8877096.0,85928328.0
2012-08-24,13.82,13.89,13.66,13.62,4535967.0,45319484.0
2012-08-23,13.84,14.03,13.89,13.73,5898191.0,59588948.0
2012-08-22,13.84,13.93,13.81,13.73,5066273.0,50930580.0
2012-08-21,13.69,14.0,13.84,13.69,7110060.0,71770600.0
2012-08-20,13.54,13.77,13.74,13.45,6438970.0,63654144.0
2012-08-17,13.56,13.7,13.69,13.51,5344039.0,52853508.0
2012-08-16,13.62,13.76,13.56,13.52,11908300.0,118347688.0
2012-08-15,13.84,13.85,13.6,13.54,10721215.0,106938392.0
2012-08-14,14.06,14.19,13.84,13.7,15385137.0,155088608.0
2012-08-13,14.85,14.85,14.09,13.99,15572823.0,163291520.0
2012-08-10,15.04,15.06,14.88,14.87,5877926.0,63958312.0
2012-08-09,15.0,15.1,15.07,14.73,9211320.0,100180992.0
2012-08-08,14.98,15.14,14.96,14.87,8720683.0,95253544.0
2012-08-07,14.85,14.99,14.89,14.83,7462158.0,80967104.0
2012-08-06,14.69,14.96,14.91,14.58,9412664.0,101342168.0
2012-08-03,14.51,14.66,14.62,14.33,7656926.0,80838656.0
2012-08-02,14.83,14.85,14.41,14.26,7578639.0,80049984.0
2012-08-01,14.62,15.02,14.75,14.6,17101210.0,187449328.0
2012-07-31,14.81,15.0,14.69,14.64,8476040.0,92710520.0
2012-07-30,15.08,15.27,14.78,14.74,7135537.0,79021912.0
2012-07-27,15.48,15.55,15.1,15.0,9200796.0,103425352.0
2012-07-26,15.55,15.75,15.4,15.39,6546736.0,75468096.0
2012-07-25,15.63,15.79,15.54,15.44,6056504.0,70011384.0
2012-07-24,15.28,15.81,15.74,15.25,11948432.0,137492016.0
2012-07-23,15.43,15.54,15.32,15.19,7814916.0,88911904.0
2012-07-20,15.7,15.88,15.59,15.44,9482490.0,109772752.0
2012-07-19,15.63,16.16,15.82,15.43,18757872.0,219752192.0
2012-07-18,15.24,15.67,15.65,15.14,17112902.0,194862864.0
2012-07-17,14.77,15.42,15.32,14.63,19157996.0,214309632.0
2012-07-16,15.16,15.2,14.77,14.75,23955592.0,265433312.0
2012-07-13,14.94,15.25,15.05,14.9,12475216.0,139163648.0
2012-07-12,14.72,15.2,15.05,14.48,20175738.0,221301840.0
2012-07-11,14.74,14.83,14.78,14.58,7610651.0,82691496.0
2012-07-10,14.75,14.89,14.77,14.58,7312767.0,79736376.0
2012-07-09,15.09,15.29,14.75,14.71,13985079.0,154928832.0
2012-07-06,15.04,15.43,15.33,14.56,20231208.0,223992176.0
2012-07-05,15.55,15.55,14.96,14.83,19911392.0,221190224.0
2012-07-04,15.5,15.75,15.7,15.43,9471908.0,109217704.0
2012-07-03,15.75,16.04,15.47,15.4,18031378.0,209095056.0
2012-07-02,15.71,15.96,15.74,15.59,10390853.0,120904768.0
2012-06-29,15.24,15.78,15.71,15.01,21886632.0,250230528.0
2012-06-28,15.63,15.7,15.32,15.32,12833176.0,146852480.0
2012-06-27,15.81,15.86,15.61,15.38,14104151.0,162760176.0
2012-06-26,15.51,15.93,15.84,15.43,15371098.0,178476464.0
2012-06-25,15.88,15.9,15.65,15.52,11321364.0,131378312.0
2012-06-21,16.57,16.62,15.97,15.78,22503080.0,266736976.0
2012-06-20,16.98,17.04,16.55,16.51,20112786.0,247528608.0
2012-06-19,17.26,17.26,16.96,16.78,12775819.0,160144960.0
2012-06-15,17.51,17.8,17.23,16.8,18809104.0,239348496.0
2012-06-14,17.5,17.69,17.39,17.38,9329685.0,120781056.0
2012-06-13,16.8,17.88,17.58,16.73,28940808.0,371377472.0
2012-06-12,17.49,17.55,16.73,16.71,22711048.0,285586368.0
2012-06-11,17.26,17.73,17.59,17.13,9489386.0,122597752.0
2012-06-08,17.43,17.51,17.2,17.05,11258621.0,144125504.0
2012-06-07,17.36,17.49,17.15,17.01,9325228.0,118895320.0
2012-06-06,17.16,17.5,17.15,16.92,8472611.0,107610648.0
2012-06-05,17.59,17.62,17.15,17.04,10811570.0,137591440.0
2012-06-04,17.8,18.05,17.47,17.36,16530796.0,216793824.0
2012-06-01,18.41,18.75,18.2,18.04,16291793.0,221968704.0
2012-05-31,18.32,18.75,18.47,18.26,14922441.0,204072720.0
2012-05-30,18.52,18.62,18.55,18.35,19267676.0,263448064.0
2012-05-29,18.01,18.8,18.54,17.95,30572572.0,417219200.0
2012-05-28,17.23,17.99,17.93,16.92,22567846.0,291953472.0
2012-05-25,17.55,17.91,17.43,17.34,18102776.0,235680592.0
2012-05-24,17.88,18.08,17.74,17.61,13368729.0,177137152.0
2012-05-23,17.82,18.2,18.01,17.59,17497812.0,232247168.0
2012-05-22,17.32,17.92,17.85,17.27,14668185.0,191224624.0
2012-05-21,17.27,17.55,17.24,16.86,12936709.0,164816096.0
2012-05-18,17.21,17.53,17.34,17.15,16242017.0,207851760.0
2012-05-17,16.55,17.53,17.5,16.55,22873782.0,289377696.0
2012-05-16,16.78,17.22,16.52,16.47,26038708.0,325690112.0
2012-05-15,16.65,16.98,16.85,16.52,18001434.0,223217552.0
2012-05-14,17.15,17.35,16.78,16.71,23090076.0,291635744.0
2012-05-11,17.49,17.53,16.99,16.92,22541850.0,286543232.0
2012-05-10,17.58,17.77,17.54,17.47,7870379.0,102511408.0
2012-05-09,17.74,17.95,17.58,17.46,9735920.0,126953760.0
2012-05-08,18.2,18.31,17.84,17.64,15420582.0,203896816.0
2012-05-07,18.08,18.42,18.2,17.99,14974001.0,201703648.0
2012-05-04,18.23,18.32,18.22,17.85,16759925.0,224069264.0
2012-05-03,17.85,18.38,18.24,17.77,18878048.0,252756624.0
2012-05-02,17.99,18.09,17.82,17.57,25302908.0,334972096.0
2012-04-27,17.7,17.85,17.41,17.32,15500916.0,201046624.0
2012-04-26,17.84,18.18,17.8,17.45,25751724.0,338840928.0
2012-04-25,17.88,18.2,17.84,17.68,18216392.0,241583152.0
2012-04-24,17.77,18.37,18.03,17.3,28952908.0,380873184.0
2012-04-23,18.31,18.37,18.07,17.92,24251670.0,324931552.0
2012-04-20,17.61,18.55,18.27,17.58,48820504.0,655369344.0
2012-04-19,17.45,18.09,17.62,17.45,34651188.0,453701824.0
2012-04-18,16.77,17.8,17.54,16.7,38526112.0,493713312.0
2012-04-17,17.26,17.42,16.63,16.58,23069192.0,288724576.0
2012-04-16,17.24,17.66,17.39,17.12,40878216.0,525555520.0
2012-04-13,17.07,18.31,17.42,16.95,78916936.0,1037713984.0
2012-04-12,16.13,16.86,16.65,16.08,18561774.0,227645072.0
2012-04-11,16.01,16.4,16.12,15.9,5964643.0,71125848.0
2012-04-10,15.92,16.24,16.2,15.51,6069118.0,71221408.0
2012-04-09,15.92,16.08,15.96,15.75,3658531.0,43080080.0
2012-04-06,15.93,16.23,15.97,15.82,8233973.0,97358104.0
2012-04-05,15.28,16.44,16.07,15.2,14779797.0,173685584.0
2012-03-30,15.43,15.69,15.36,15.33,6933629.0,79412952.0
2012-03-29,15.65,15.75,15.47,15.39,7967429.0,91641832.0
2012-03-28,16.0,16.38,15.66,15.65,12539237.0,148546880.0
2012-03-27,16.09,16.15,16.04,15.97,5156758.0,61220120.0
2012-03-26,16.02,16.16,15.97,15.89,5542847.0,65455108.0
2012-03-23,16.04,16.23,16.0,15.96,8031346.0,95521344.0
2012-03-22,16.13,16.34,16.07,15.98,5265412.0,62796928.0
2012-03-21,16.42,16.47,16.21,16.12,7388585.0,88747552.0
2012-03-20,16.51,16.58,16.16,16.13,7111911.0,85845464.0
2012-03-19,16.38,16.63,16.61,16.21,10733132.0,130131008.0
2012-03-16,16.19,16.58,16.39,16.13,9703419.0,117221368.0
2012-03-15,16.31,16.5,16.17,16.15,11324398.0,136573216.0
2012-03-14,17.12,17.39,16.3,16.24,23047044.0,288703392.0
2012-03-13,16.85,17.21,17.04,16.78,12187296.0,153188960.0
2012-03-12,16.92,17.09,16.88,16.66,11313035.0,140981824.0
2012-03-09,17.49,17.49,17.05,16.92,24208376.0,306106464.0
2012-03-08,17.36,17.97,17.38,17.23,19599340.0,254988864.0
2012-03-07,17.19,17.47,17.3,17.03,12415313.0,158520368.0
2012-03-06,17.51,17.53,17.34,17.16,10416307.0,133713704.0
2012-03-05,17.01,17.8,17.54,16.95,29023688.0,372762048.0
2012-03-02,16.38,17.12,16.9,16.31,14073266.0,174873120.0
2012-03-01,16.23,16.51,16.34,16.15,4158871.0,50356928.0
2012-02-29,16.43,16.46,16.28,16.15,5585608.0,67320864.0
2012-02-28,16.3,16.66,16.43,16.3,14591219.0,177882784.0
2012-02-27,16.35,16.71,16.28,16.21,19512184.0,237695344.0
2012-02-24,15.86,16.3,16.16,15.84,10776707.0,128428312.0
2012-02-23,15.97,16.08,15.92,15.79,8180519.0,96276656.0
2012-02-22,15.59,16.21,16.05,15.58,12438640.0,146648768.0
2012-02-21,15.19,15.88,15.67,15.09,11002995.0,125480192.0
2012-02-20,15.52,15.54,15.16,15.14,7123135.0,80565008.0
2012-02-17,15.04,15.43,15.17,14.98,14201096.0,159627984.0
2012-02-16,14.94,15.09,14.86,14.74,7854172.0,86559720.0
2012-02-15,14.75,15.16,15.01,14.75,8039382.0,89114584.0
2012-02-14,14.81,15.01,14.83,14.62,4288588.0,46850204.0
2012-02-13,14.64,15.09,14.81,14.55,5811111.0,63832712.0
2012-02-10,14.69,15.1,14.86,14.69,6911577.0,76140960.0
2012-02-09,14.75,14.85,14.78,14.67,4268593.0,46490596.0
2012-02-08,14.28,14.97,14.81,14.28,5828442.0,63197244.0
2012-02-07,14.69,14.75,14.37,14.18,4482977.0,47743408.0
2012-02-06,14.98,15.09,14.77,14.63,3664979.0,40227008.0
2012-02-03,14.78,15.09,14.96,14.6,4194617.0,45960320.0
2012-02-02,14.69,14.93,14.85,14.43,2500993.0,27180576.0
2012-02-01,14.75,14.96,14.49,14.46,2629705.0,28607232.0
2012-01-31,14.86,14.89,14.82,14.7,1816315.0,19833372.0
2012-01-30,15.16,15.24,14.77,14.48,5103654.0,55910048.0
2012-01-20,15.33,15.39,15.25,15.09,3634289.0,40910076.0
2012-01-19,14.63,15.35,15.2,14.62,8904020.0,99390352.0
2012-01-18,14.66,15.46,14.66,14.62,5961279.0,66006076.0
2012-01-17,14.1,14.89,14.74,13.9,5068035.0,54272000.0
2012-01-16,14.22,14.32,14.05,14.02,2218476.0,23252384.0
2012-01-13,14.54,14.86,14.31,14.14,6376428.0,68173616.0
2012-01-12,14.35,14.69,14.44,14.28,4304979.0,46020460.0
2012-01-11,14.35,14.58,14.47,14.25,5438821.0,58010196.0
2012-01-10,13.94,14.59,14.47,13.91,10377033.0,109216648.0
2012-01-09,13.72,14.09,14.04,13.56,7825935.0,80032344.0
2012-01-06,13.51,13.79,13.72,13.51,4734320.0,47787140.0
2012-01-05,13.32,13.74,13.56,13.26,6116006.0,61224192.0
2012-01-04,13.8,13.89,13.36,13.35,4358737.0,43921712.0
