date,open,high,close,low,volume,price_change,p_change,ma5,ma10,ma20,v_ma5,v_ma10,v_ma20
2012-07-11,4.39,4.44,4.42,4.35,42543.81,0.03,0.68,4.42,4.42,4.42,42543.81,42543.81,42543.81
2012-07-12,4.4,4.44,4.41,4.31,48912.45,-0.01,-0.23,4.415,4.415,4.415,45728.13,45728.13,45728.13
2012-07-13,4.41,4.44,4.4,4.37,34746.0,-0.01,-0.23,4.41,4.41,4.41,42067.42,42067.42,42067.42
2012-07-16,4.41,4.45,4.3,4.29,42449.77,-0.1,-2.27,4.383,4.383,4.383,42163.01,42163.01,42163.01
2012-07-17,4.28,4.3,4.19,4.14,77139.07,-0.11,-2.56,4.344,4.344,4.344,49158.22,49158.22,49158.22
2012-07-18,4.2,4.24,4.24,4.15,35107.42,0.05,1.19,4.308,4.327,4.327,47670.94,46816.42,46816.42
2012-07-19,4.24,4.42,4.36,4.22,65589.97,0.12,2.83,4.298,4.331,4.331,51006.45,49498.36,49498.36
2012-07-20,4.38,4.38,4.29,4.27,37125.24,-0.07,-1.61,4.276,4.326,4.326,51482.29,47951.72,47951.72
2012-07-23,4.26,4.29,4.26,4.18,25454.0,-0.03,-0.7,4.268,4.319,4.319,48083.14,45451.97,45451.97
2012-07-24,4.24,4.35,4.32,4.24,31406.99,0.06,1.41,4.294,4.319,4.319,38936.72,44047.47,44047.47
2012-07-25,4.3,4.43,4.32,4.29,38845.69,0.0,0.0,4.31,4.309,4.319,39684.38,43677.66,43574.58
2012-07-26,4.3,4.38,4.3,4.28,34458.25,-0.02,-0.46,4.298,4.298,4.318,33458.03,42232.24,42814.89
2012-07-27,4.34,4.35,4.31,4.28,24289.63,0.01,0.23,4.302,4.289,4.317,30890.91,41186.6,41389.87
2012-07-30,4.3,4.32,4.19,4.18,27755.18,-0.12,-2.78,4.288,4.278,4.308,31351.15,39717.14,40415.96
2012-07-31,4.19,4.21,4.15,4.13,24778.07,-0.04,-0.95,4.254,4.274,4.297,30025.36,34481.04,39373.44
2012-08-01,4.15,4.23,4.21,4.14,16623.15,0.06,1.45,4.232,4.271,4.292,25580.86,32632.62,37951.54
2012-08-02,4.23,4.23,4.18,4.15,16475.37,-0.03,-0.71,4.208,4.253,4.285,21984.28,27721.16,36688.24
2012-08-03,4.19,4.3,4.28,4.19,32081.45,0.1,2.39,4.202,4.252,4.285,23542.64,27216.78,36432.31
2012-08-06,4.27,4.43,4.41,4.26,40654.95,0.13,3.04,4.246,4.267,4.292,26122.6,28736.87,36654.55
2012-08-07,4.41,4.48,4.46,4.4,50113.79,0.05,1.13,4.308,4.281,4.3,31189.74,30607.55,37327.51
2012-08-08,4.47,4.47,4.43,4.38,30067.14,-0.03,-0.67,4.352,4.292,4.301,33878.54,29729.7,36703.68
2012-08-09,4.4,4.48,4.46,4.37,29240.15,0.03,0.68,4.408,4.308,4.303,36431.5,29207.89,35720.06
2012-08-10,4.46,4.49,4.45,4.42,32388.77,-0.01,-0.22,4.442,4.322,4.306,36492.96,30017.8,35602.2
2012-08-13,4.45,4.45,4.36,4.35,27174.57,-0.09,-2.02,4.432,4.339,4.309,33796.88,29959.74,34838.44
2012-08-14,4.36,4.41,4.4,4.31,19148.13,0.04,0.92,4.42,4.364,4.319,27603.75,29396.75,31938.9
2012-08-15,4.4,4.42,4.36,4.34,14151.81,-0.04,-0.91,4.406,4.379,4.325,24420.69,29149.61,30891.12
2012-08-16,4.35,4.38,4.33,4.32,13686.33,-0.03,-0.69,4.38,4.394,4.324,21309.92,28870.71,28295.93
2012-08-17,4.33,4.37,4.37,4.31,12103.88,0.04,0.92,4.364,4.403,4.328,17252.94,26872.95,27044.87
2012-08-20,4.36,4.5,4.5,4.32,34195.12,0.13,2.98,4.392,4.412,4.34,18657.05,26226.97,27481.92
2012-08-21,4.5,4.6,4.5,4.47,43012.06,0.0,0.0,4.412,4.416,4.349,23429.84,25516.8,28062.17
2012-08-22,4.51,4.58,4.56,4.49,45042.13,0.06,1.33,4.452,4.429,4.361,29607.9,27014.3,28372.0
2012-08-23,4.5,4.64,4.59,4.5,39150.38,0.03,0.66,4.504,4.442,4.375,34700.71,28005.32,28606.6
2012-08-24,4.6,4.62,4.57,4.52,37581.23,-0.02,-0.44,4.544,4.454,4.388,39796.18,28524.56,29271.18
2012-08-27,4.53,4.55,4.46,4.45,46160.15,-0.11,-2.41,4.536,4.464,4.402,42189.19,30423.12,30191.43
2012-08-28,4.46,4.5,4.47,4.42,23753.49,0.01,0.22,4.53,4.471,4.418,38337.48,30883.66,30140.2
2012-08-29,4.48,4.5,4.44,4.4,29792.02,-0.03,-0.67,4.506,4.479,4.429,35287.45,32447.68,30798.65
2012-08-30,4.4,4.45,4.29,4.25,38561.92,-0.15,-3.38,4.446,4.475,4.435,35169.76,34935.24,31902.97
2012-08-31,4.31,4.31,4.3,4.21,28056.24,0.01,0.23,4.392,4.468,4.436,33264.76,36530.47,31701.71
2012-09-03,4.3,4.38,4.37,4.25,18988.11,0.07,1.63,4.374,4.455,4.434,27830.36,35009.77,30618.37
2012-09-04,4.4,4.55,4.43,4.4,54765.61,0.06,1.37,4.366,4.448,4.432,34032.78,36185.13,30850.96
2012-09-05,4.43,4.5,4.48,4.4,25393.12,0.05,1.13,4.374,4.44,4.435,33153.0,34220.23,30617.26
2012-09-06,4.53,4.55,4.54,4.46,40529.14,0.06,1.34,4.424,4.435,4.439,33546.44,34358.1,31181.71
2012-09-07,4.58,4.73,4.66,4.58,95603.06,0.12,2.64,4.496,4.444,4.449,47055.81,40160.29,34342.42
2012-09-10,4.67,4.71,4.66,4.61,58422.1,0.0,0.0,4.554,4.464,4.464,54942.61,41386.48,35904.8
2012-09-11,4.63,4.64,4.61,4.58,38417.45,-0.05,-1.07,4.59,4.478,4.475,51672.97,42852.88,36868.27
2012-09-12,4.62,4.69,4.69,4.61,52121.9,0.08,1.74,4.632,4.503,4.491,57018.73,45085.87,38766.77
2012-09-13,4.7,4.82,4.65,4.64,71809.77,-0.04,-0.85,4.654,4.539,4.507,63274.86,48410.65,41672.94
2012-09-14,4.69,4.72,4.64,4.57,42935.99,-0.01,-0.21,4.65,4.573,4.521,52741.44,49898.62,43214.55
2012-09-17,4.64,4.68,4.45,4.44,45726.07,-0.19,-4.09,4.608,4.581,4.518,50202.24,52572.42,43791.1
2012-09-18,4.47,4.56,4.51,4.42,37307.83,0.06,1.35,4.588,4.589,4.519,49980.31,50826.64,43505.89
2012-09-19,4.52,4.56,4.55,4.47,27773.99,0.04,0.89,4.56,4.596,4.518,45110.73,51064.73,42642.48
2012-09-20,4.55,4.55,4.38,4.37,26439.94,-0.17,-3.74,4.506,4.58,4.508,36036.76,49655.81,42006.96
2012-09-21,4.35,4.41,4.34,4.33,21438.77,-0.04,-0.91,4.446,4.548,4.496,31737.32,42239.38,41199.83
2012-09-24,4.32,4.43,4.41,4.26,24906.91,0.07,1.61,4.438,4.523,4.494,27573.49,38887.86,40137.17
2012-09-25,4.39,4.41,4.34,4.32,23474.76,-0.07,-1.59,4.404,4.496,4.487,24806.87,37393.59,40123.24
2012-09-26,4.34,4.37,4.29,4.28,53159.16,-0.05,-1.15,4.352,4.456,4.48,29883.91,37497.32,41291.59
2012-09-27,4.29,4.52,4.46,4.27,64108.7,0.17,3.96,4.368,4.437,4.488,37417.66,36727.21,42568.93
2012-09-28,4.43,4.53,4.53,4.4,31722.41,0.07,1.57,4.406,4.426,4.5,39474.39,35605.85,42752.24
2012-10-08,4.5,4.55,4.46,4.45,18868.54,-0.07,-1.54,4.416,4.427,4.504,38266.71,32920.1,42746.26
2012-10-09,4.47,4.57,4.52,4.47,48547.89,0.06,1.34,4.452,4.428,4.509,43281.34,34044.11,42435.38
2012-10-10,4.52,4.59,4.57,4.49,41197.67,0.05,1.11,4.508,4.43,4.513,40889.04,35386.48,43225.6
2012-10-11,4.55,4.56,4.46,4.44,31952.05,-0.11,-2.41,4.508,4.438,4.509,34457.71,35937.69,42796.75
2012-10-12,4.47,4.51,4.48,4.43,23850.1,0.02,0.45,4.498,4.452,4.5,32883.25,36178.82,39209.1
2012-10-15,4.49,4.51,4.42,4.39,28294.72,-0.06,-1.34,4.49,4.453,4.488,34768.49,36517.6,37702.73
2012-10-16,4.43,4.49,4.44,4.37,30732.69,0.02,0.45,4.474,4.463,4.48,31205.45,37243.39,37318.49
2012-10-17,4.44,4.47,4.44,4.41,20226.63,0.0,0.0,4.448,4.478,4.467,27011.24,33950.14,35723.73
2012-10-18,4.46,4.58,4.56,4.42,46911.25,0.12,2.7,4.468,4.488,4.463,30003.08,32230.39,34478.8
2012-10-19,4.55,4.59,4.56,4.5,35158.98,0.0,0.0,4.484,4.491,4.459,32264.85,32574.05,34089.95
2012-10-22,4.52,4.57,4.56,4.51,24087.47,0.0,0.0,4.512,4.501,4.464,31423.4,33095.95,33008.02
2012-10-23,4.55,4.58,4.49,4.47,23577.61,-0.07,-1.53,4.522,4.498,4.463,29992.39,30598.92,32321.51
2012-10-24,4.46,4.54,4.54,4.46,23460.28,0.05,1.11,4.542,4.495,4.463,30639.12,28825.18,32105.83
2012-10-25,4.54,4.63,4.57,4.51,54767.73,0.03,0.66,4.544,4.506,4.472,32210.41,31106.75,33522.22
2012-10-26,4.57,4.61,4.54,4.48,38242.72,-0.03,-0.66,4.54,4.512,4.482,32827.16,32546.01,34362.41
2012-10-29,4.55,4.74,4.67,4.5,120134.18,0.13,2.86,4.562,4.537,4.495,52036.5,41729.95,39123.78
2012-10-30,4.67,4.75,4.74,4.64,87230.95,0.07,1.5,4.612,4.567,4.515,64767.17,47379.78,42311.59
2012-10-31,4.74,4.74,4.71,4.65,48390.57,-0.03,-0.63,4.646,4.594,4.536,69753.23,50196.17,42073.16
2012-11-01,4.72,4.8,4.76,4.69,64069.15,0.05,1.06,4.684,4.614,4.551,71613.51,51911.96,42071.18
2012-11-02,4.77,4.94,4.83,4.72,119690.64,0.07,1.47,4.742,4.641,4.566,87903.1,60365.13,46469.59
2012-11-05,4.8,4.84,4.73,4.69,68354.72,-0.1,-2.07,4.754,4.658,4.58,77547.21,64791.86,48943.9
2012-11-06,4.75,4.75,4.68,4.62,49542.53,-0.05,-1.06,4.742,4.677,4.588,70009.52,67388.35,48993.63
2012-11-07,4.7,4.74,4.7,4.64,35765.84,0.02,0.43,4.74,4.693,4.594,67484.58,68618.9,48722.04
2012-11-08,4.67,4.67,4.59,4.58,35179.29,-0.11,-2.34,4.706,4.695,4.601,61706.6,66660.06,48883.4
2012-11-09,4.58,4.65,4.62,4.57,26667.1,0.03,0.65,4.664,4.703,4.608,43101.9,65502.5,49024.25
2012-11-12,4.64,4.84,4.76,4.64,79905.94,0.14,3.03,4.67,4.712,4.625,45412.14,61479.67,51604.81
2012-11-13,4.76,4.9,4.7,4.68,109544.09,-0.06,-1.26,4.674,4.708,4.638,57412.45,63710.99,55545.38
2012-11-14,4.67,4.71,4.69,4.61,41803.54,-0.01,-0.21,4.672,4.706,4.65,58619.99,63052.28,56624.23
2012-11-15,4.67,4.84,4.72,4.63,71542.42,0.03,0.64,4.698,4.702,4.658,65892.62,63799.61,57855.79
2012-11-16,4.69,4.77,4.76,4.67,57573.32,0.04,0.85,4.726,4.695,4.668,72073.86,57587.88,58976.5
2012-11-19,4.78,4.87,4.85,4.73,129797.39,0.09,1.89,4.744,4.707,4.683,82052.15,63732.15,64262.0
2012-11-20,4.86,4.88,4.72,4.72,75578.71,-0.13,-2.68,4.748,4.711,4.694,75259.08,66335.76,66862.06
2012-11-21,4.7,4.74,4.74,4.58,76423.5,0.02,0.42,4.758,4.715,4.704,82183.07,70401.53,69510.22
2012-11-22,4.72,4.74,4.67,4.62,60097.28,-0.07,-1.48,4.748,4.723,4.709,79894.04,72893.33,69776.69
2012-11-23,4.67,4.71,4.66,4.62,56249.72,-0.01,-0.21,4.728,4.727,4.715,79629.32,75851.59,70677.04
2012-11-26,4.66,4.68,4.61,4.59,25263.82,-0.05,-1.07,4.68,4.712,4.712,58722.61,70387.38,65933.53
2012-11-27,4.59,4.62,4.59,4.44,70758.79,-0.02,-0.43,4.654,4.701,4.705,57758.62,66508.85,65109.92
2012-11-28,4.53,4.57,4.56,4.48,24822.19,-0.03,-0.65,4.618,4.688,4.697,47438.36,64810.71,63931.5
2012-11-29,4.57,4.59,4.47,4.39,44418.57,-0.09,-1.97,4.578,4.663,4.683,44302.62,62098.33,62948.97
2012-11-30,4.4,4.49,4.46,4.39,28379.85,-0.01,-0.22,4.538,4.633,4.664,38728.64,59178.98,58383.43
2012-12-03,4.46,4.47,4.38,4.31,33620.94,-0.08,-1.79,4.492,4.586,4.647,40400.07,49561.34,56646.74
2012-12-04,4.36,4.38,4.37,4.24,30917.71,-0.01,-0.23,4.448,4.551,4.631,32431.85,45095.24,55715.5
2012-12-05,4.35,4.54,4.5,4.33,58325.6,0.13,2.98,4.436,4.527,4.621,39132.53,43285.45,56843.49
2012-12-06,4.48,4.52,4.5,4.42,39869.54,0.0,0.0,4.442,4.51,4.617,38222.73,41262.67,57078.0
2012-12-07,4.52,4.72,4.65,4.49,111472.04,0.15,3.33,4.48,4.509,4.618,54841.17,46784.9,61318.25
2012-12-10,4.63,4.68,4.65,4.59,107814.14,0.0,0.0,4.534,4.513,4.613,69679.81,55039.94,62713.66
2012-12-11,4.62,4.63,4.56,4.55,56864.5,-0.09,-1.94,4.572,4.51,4.606,74869.16,53650.51,60079.68
2012-12-12,4.55,4.59,4.52,4.46,51579.28,-0.04,-0.88,4.576,4.506,4.597,73519.9,56326.22,60568.47
2012-12-13,4.51,4.52,4.42,4.39,50226.1,-0.1,-2.21,4.56,4.501,4.582,75591.21,56906.97,59502.65
2012-12-14,4.42,4.6,4.55,4.41,99886.92,0.13,2.94,4.54,4.51,4.572,73274.19,64057.68,61618.33
2012-12-17,4.55,4.63,4.57,4.54,127417.8,0.02,0.44,4.524,4.529,4.558,77194.92,73437.36,61499.35
2012-12-18,4.56,4.7,4.64,4.54,116919.14,0.07,1.53,4.54,4.556,4.554,89205.85,82037.51,63566.37
2012-12-19,4.63,4.68,4.64,4.58,80853.88,0.0,0.0,4.564,4.57,4.549,95060.77,84290.33,63787.89
2012-12-20,4.63,4.7,4.66,4.6,105852.14,0.02,0.43,4.612,4.586,4.548,106185.98,90888.59,66075.63
2012-12-21,4.68,4.72,4.62,4.59,87601.74,-0.04,-0.86,4.626,4.583,4.546,103728.94,88501.56,67643.23
2012-12-24,4.61,4.69,4.68,4.6,89996.91,0.06,1.3,4.648,4.586,4.55,96244.76,86719.84,70879.89
2012-12-25,4.66,4.8,4.76,4.64,166775.38,0.08,1.71,4.672,4.606,4.558,106216.01,97710.93,75680.72
2012-12-26,4.75,4.8,4.76,4.72,108187.64,0.0,0.0,4.696,4.63,4.568,111682.76,103371.77,79848.99
2012-12-27,4.76,4.84,4.77,4.73,99262.96,0.01,0.21,4.718,4.665,4.583,110364.93,108275.45,82591.21
2012-12-28,4.79,4.95,4.92,4.78,223742.27,0.15,3.15,4.778,4.702,4.606,137593.03,120660.99,92359.33
2012-12-31,4.92,4.98,4.92,4.87,138449.31,0.0,0.0,4.826,4.737,4.633,147283.51,121764.14,97600.75
2013-01-04,4.95,4.95,4.84,4.79,114247.33,-0.08,-1.63,4.842,4.757,4.657,136777.9,121496.96,101767.23
2013-01-07,4.82,4.89,4.89,4.79,80305.95,0.05,1.03,4.868,4.782,4.676,131201.56,121442.16,102866.25
2013-01-08,4.9,4.9,4.85,4.8,79389.13,-0.04,-0.82,4.884,4.801,4.694,127226.8,118795.86,104842.23
2013-01-09,4.82,5.06,5.03,4.81,223514.33,0.18,3.71,4.906,4.842,4.713,127181.21,132387.12,110444.34
2013-01-10,5.0,5.05,4.94,4.88,97234.5,-0.09,-1.79,4.91,4.868,4.727,118938.25,133110.88,109915.36
2013-01-11,4.95,4.98,4.75,4.7,144064.5,-0.19,-3.85,4.892,4.867,4.737,124901.68,130839.79,114275.36
2013-01-14,4.73,4.9,4.87,4.7,148930.28,0.12,2.53,4.888,4.878,4.754,138626.55,134914.06,119142.91
2013-01-15,4.87,4.99,4.94,4.82,138474.52,0.07,1.44,4.906,4.895,4.78,150443.63,138835.21,123555.33
2013-01-16,4.93,4.95,4.86,4.8,108738.19,-0.08,-1.62,4.872,4.889,4.796,127488.4,127334.8,123997.89
2013-01-17,4.85,4.86,4.8,4.78,71508.74,-0.06,-1.24,4.844,4.877,4.807,122343.25,120640.75,121202.44
2013-01-18,4.81,4.96,4.92,4.79,96204.98,0.12,2.5,4.878,4.885,4.821,112771.34,118836.51,120166.73
2013-01-21,4.93,4.97,4.93,4.88,103493.53,0.01,0.2,4.89,4.889,4.836,103683.99,121155.27,121298.72
2013-01-22,4.94,4.94,4.81,4.76,94462.25,-0.12,-2.43,4.864,4.885,4.843,94881.54,122662.58,120729.22
2013-01-23,4.8,4.82,4.77,4.7,85373.1,-0.04,-0.83,4.846,4.859,4.851,90208.52,108848.46,120617.79
2013-01-24,4.76,4.83,4.68,4.62,113629.5,-0.09,-1.89,4.822,4.833,4.851,98632.67,110487.96,121799.42
2013-01-25,4.67,4.7,4.63,4.6,65295.1,-0.05,-1.07,4.764,4.821,4.844,92450.7,102611.02,116725.41
2013-01-28,4.65,4.76,4.76,4.64,104951.62,0.13,2.81,4.73,4.81,4.844,92742.31,98213.15,116563.6
2013-01-29,4.77,5.01,4.94,4.76,260298.36,0.18,3.78,4.756,4.81,4.853,125909.54,110395.54,124615.37
2013-01-30,4.94,4.99,4.92,4.86,126959.85,-0.02,-0.41,4.786,4.816,4.853,134226.89,112217.7,119776.25
2013-01-31,4.94,4.94,4.91,4.83,112697.64,-0.01,-0.2,4.832,4.827,4.852,134040.51,116336.59,118488.67
2013-02-01,5.14,5.35,5.17,5.03,347795.12,0.26,5.29,4.94,4.852,4.869,190540.52,141495.61,130166.06
2013-02-04,5.16,5.27,5.22,5.13,180956.66,0.05,0.97,5.032,4.881,4.885,205741.53,149241.92,135198.6
2013-02-05,5.19,5.21,5.16,5.11,128831.65,-0.06,-1.15,5.076,4.916,4.901,179448.18,152678.86,137670.72
2013-02-06,5.16,5.21,5.15,5.12,92146.94,-0.01,-0.19,5.122,4.954,4.907,172485.6,153356.24,131102.35
2013-02-07,5.13,5.15,5.08,5.05,99958.57,-0.07,-1.36,5.156,4.994,4.914,169937.79,151989.15,131238.56
2013-02-08,5.1,5.21,5.18,5.05,105754.56,0.1,1.97,5.158,5.049,4.935,121529.68,156035.1,129323.06
2013-02-18,5.2,5.35,5.27,5.17,139396.48,0.09,1.74,5.168,5.1,4.955,113217.64,159479.58,128846.37
2013-02-19,5.27,5.42,5.33,5.22,228987.41,0.06,1.14,5.202,5.139,4.975,133248.79,156348.49,133372.01
2013-02-20,5.32,5.5,5.45,5.28,175905.94,0.12,2.25,5.262,5.192,5.004,150000.59,161243.1,136730.4
2013-02-21,5.44,5.44,5.33,5.25,158782.94,-0.12,-2.2,5.312,5.234,5.031,161765.47,165851.63,141094.11
2013-02-22,5.33,5.38,5.19,5.17,101096.84,-0.14,-2.63,5.314,5.236,5.044,160833.92,141181.8,141338.7
2013-02-25,5.19,5.29,5.28,5.15,106675.79,0.09,1.73,5.316,5.242,5.062,154289.78,133753.71,141497.82
2013-02-26,5.32,5.62,5.4,5.3,225031.45,0.12,2.27,5.33,5.266,5.091,153498.59,143373.69,148026.28
2013-02-27,5.43,5.63,5.47,5.32,197435.2,0.07,1.3,5.334,5.298,5.126,157804.44,153902.52,153629.38
2013-02-28,5.51,5.56,5.52,5.41,163382.72,0.05,0.91,5.372,5.342,5.168,158724.4,160244.93,156117.04
2013-03-01,5.52,5.65,5.62,5.5,244224.38,0.1,1.81,5.458,5.386,5.218,187349.91,174091.91,165063.51
2013-03-04,5.57,5.57,5.37,5.3,189750.0,-0.25,-4.45,5.476,5.396,5.248,203964.75,179127.27,169303.43
2013-03-05,5.36,5.45,5.45,5.34,123877.36,0.08,1.49,5.486,5.408,5.274,183733.93,168616.26,162482.38
2013-03-06,5.47,5.48,5.42,5.37,131779.17,-0.03,-0.55,5.476,5.405,5.299,170602.73,164203.59,162723.34
2013-03-07,5.42,5.43,5.38,5.32,95845.22,-0.04,-0.74,5.448,5.41,5.322,157095.23,157909.81,161880.72
2013-03-08,5.4,5.6,5.37,5.37,141874.61,-0.01,-0.19,5.398,5.428,5.332,136625.27,161987.59,151584.69
2013-03-11,5.37,5.52,5.47,5.26,177948.47,0.1,1.86,5.418,5.447,5.345,134264.97,169114.86,151434.28
2013-03-12,5.49,5.55,5.41,5.32,161178.66,-0.06,-1.1,5.41,5.448,5.357,141725.23,162729.58,153051.64
2013-03-13,5.4,5.42,5.25,5.23,78964.76,-0.16,-2.96,5.376,5.426,5.362,131162.34,150882.53,152392.53
2013-03-14,5.25,5.33,5.28,5.24,39650.66,0.03,0.57,5.356,5.402,5.372,119923.43,138509.33,149377.13
2013-03-15,5.27,5.42,5.3,5.1,170503.48,0.02,0.38,5.342,5.37,5.378,125649.21,131137.24,152614.58
2013-03-18,5.34,5.46,5.41,5.3,183864.25,0.11,2.08,5.33,5.374,5.385,126832.36,130548.66,154837.97
2013-03-19,5.35,5.49,5.41,5.34,104653.82,0.0,0.0,5.33,5.37,5.389,115527.39,128626.31,148621.29
2013-03-20,5.37,5.5,5.48,5.35,124295.33,0.07,1.29,5.376,5.376,5.391,124593.51,127877.93,146040.76
2013-03-21,5.51,5.6,5.51,5.45,156127.44,0.03,0.55,5.422,5.389,5.4,147888.86,133906.15,145907.98
2013-03-22,5.51,5.78,5.64,5.45,406663.5,0.13,2.36,5.49,5.416,5.422,195120.87,160385.04,161186.31
2013-03-25,5.66,5.8,5.67,5.63,168782.28,0.03,0.53,5.542,5.436,5.442,192104.47,159468.42,164291.64
2013-03-26,5.65,5.78,5.66,5.55,178522.05,-0.01,-0.18,5.592,5.461,5.455,206878.12,161202.76,161966.17
2013-03-27,5.65,5.75,5.61,5.58,123823.57,-0.05,-0.88,5.618,5.497,5.462,206783.77,165688.64,158285.59
2013-03-28,5.58,5.58,5.39,5.37,156986.11,-0.22,-3.92,5.594,5.508,5.455,206955.5,177422.18,157965.76
2013-03-29,5.37,5.6,5.56,5.3,170887.95,0.17,3.15,5.578,5.534,5.452,159800.39,177460.63,154298.93
2013-04-01,5.56,5.81,5.71,5.5,148141.64,0.15,2.7,5.586,5.564,5.469,155672.26,173888.37,152218.52
2013-04-02,5.71,5.75,5.65,5.54,107156.38,-0.06,-1.05,5.584,5.588,5.479,141399.13,174138.63,151382.47
2013-04-03,5.64,5.72,5.7,5.54,89896.19,0.05,0.89,5.602,5.61,5.493,134613.65,170698.71,149288.32
2013-04-08,5.7,5.93,5.88,5.62,275167.25,0.18,3.16,5.7,5.647,5.518,158249.88,182602.69,158254.42
2013-04-09,5.86,5.94,5.88,5.8,138016.92,0.0,0.0,5.764,5.671,5.544,151675.68,155738.03,158061.54
2013-04-10,5.88,5.92,5.82,5.78,121206.48,-0.06,-1.02,5.786,5.686,5.561,146288.64,150980.45,155224.44
2013-04-11,5.7,5.7,5.35,5.33,422024.41,-0.47,-8.08,5.726,5.655,5.558,209262.25,175330.69,168266.72
2013-04-12,5.4,5.42,5.32,5.3,130854.33,-0.03,-0.56,5.65,5.626,5.562,217453.88,176033.77,170861.2
2013-04-15,5.28,5.3,5.19,5.13,125829.03,-0.13,-2.44,5.512,5.606,5.557,187586.23,172918.06,175170.12
2013-04-16,5.12,5.28,5.26,5.12,88107.52,0.07,1.35,5.388,5.576,5.555,177604.35,164640.01,171050.32
2013-04-17,5.25,5.29,5.2,5.16,94050.76,-0.06,-1.14,5.264,5.525,5.545,172173.21,159230.93,166559.65
2013-04-18,5.15,5.21,5.12,5.09,108845.76,-0.08,-1.54,5.218,5.472,5.53,109537.48,159399.86,166769.24
2013-04-19,5.14,5.27,5.24,5.12,143428.69,0.12,2.34,5.202,5.426,5.518,112052.35,164753.12,167725.91
2013-04-22,5.22,5.29,5.21,5.19,96726.59,-0.03,-0.57,5.206,5.359,5.503,106231.86,146909.05,164755.87
2013-04-23,5.22,5.29,5.0,4.98,179611.55,-0.21,-4.03,5.154,5.271,5.471,124532.67,151068.51,153403.27
2013-04-24,5.0,5.11,5.1,4.97,102719.92,0.1,2.0,5.134,5.199,5.443,126266.5,149219.86,150100.15
2013-04-25,5.08,5.08,4.92,4.89,124433.31,-0.18,-3.53,5.094,5.156,5.406,129384.01,119460.75,147395.72
2013-04-26,4.92,5.07,5.06,4.9,125470.89,0.14,2.85,5.058,5.13,5.378,125792.45,118922.4,147478.08
2013-05-02,5.07,5.2,5.19,5.02,120061.97,0.13,2.57,5.054,5.13,5.368,130459.53,118345.7,145631.88
2013-05-03,5.19,5.24,5.2,5.14,129271.74,0.01,0.19,5.094,5.124,5.35,120391.57,122462.12,143551.07
2013-05-06,5.25,5.29,5.24,5.22,176442.59,0.04,0.77,5.122,5.128,5.327,135136.1,130701.3,144966.11
2013-05-07,5.24,5.26,5.21,5.15,93266.4,-0.03,-0.57,5.18,5.137,5.305,128902.72,129143.37,144271.62
2013-05-08,5.22,5.25,5.2,5.18,85910.21,-0.01,-0.19,5.208,5.133,5.28,120990.58,123391.52,144072.32
2013-05-09,5.23,5.23,5.16,5.05,117576.89,-0.04,-0.77,5.202,5.128,5.244,120493.57,125476.55,136192.8
2013-05-10,5.12,5.2,5.18,5.08,64927.1,0.02,0.39,5.198,5.146,5.209,107624.64,114008.1,132538.31
2013-05-13,5.19,5.32,5.31,5.14,160267.58,0.13,2.51,5.212,5.167,5.183,104389.64,119762.87,134491.36
2013-05-14,5.3,5.33,5.23,5.2,83121.09,-0.08,-1.51,5.216,5.198,5.177,102360.57,115631.65,117546.2
2013-05-15,5.22,5.33,5.25,5.22,93825.44,0.02,0.38,5.226,5.217,5.174,103943.62,112467.1,115694.75
2013-05-16,5.28,5.3,5.26,5.2,151940.12,0.01,0.19,5.246,5.224,5.177,110816.27,115654.92,117000.31
2013-05-17,5.26,5.35,5.33,5.21,136859.31,0.07,1.33,5.276,5.237,5.181,125202.71,116413.67,119437.9
2013-05-20,5.35,5.38,5.37,5.29,156788.83,0.04,0.75,5.288,5.25,5.189,124506.96,114448.3,122574.8
2013-05-21,5.37,5.49,5.43,5.3,182606.91,0.06,1.12,5.328,5.272,5.205,144404.12,123382.35,126262.86
2013-05-22,5.43,5.47,5.4,5.37,94417.13,-0.03,-0.55,5.358,5.292,5.213,144522.46,124233.04,123812.28
2013-05-23,5.35,5.47,5.3,5.26,187947.19,-0.02,-0.38,5.366,5.306,5.217,151723.87,131270.07,128373.31
2013-05-24,5.33,5.49,5.42,5.33,139116.86,0.12,2.26,5.384,5.33,5.238,152175.38,138689.05,126348.57
2013-05-27,5.38,5.48,5.43,5.36,113193.09,0.01,0.18,5.396,5.342,5.255,143456.24,133981.6,126872.23
2013-05-28,5.43,5.47,5.4,5.35,126319.45,-0.03,-0.55,5.39,5.359,5.279,132198.74,138301.43,126966.54
2013-05-29,5.4,5.45,5.37,5.35,109927.33,-0.03,-0.56,5.384,5.371,5.294,135300.78,139911.62,126189.36
2013-05-30,5.35,5.37,5.33,5.28,134220.44,-0.04,-0.74,5.39,5.378,5.301,124555.43,138139.65,126897.29
2013-05-31,5.33,5.55,5.48,5.31,303766.16,0.15,2.81,5.402,5.393,5.315,157485.29,154830.34,135622.01
2013-06-03,5.49,5.74,5.69,5.49,286391.69,0.21,3.83,5.454,5.425,5.338,192125.01,167790.62,141119.46
2013-06-04,5.69,5.72,5.59,5.51,191720.05,-0.1,-1.76,5.492,5.441,5.357,205205.13,168701.94,146042.14
2013-06-05,5.57,5.67,5.64,5.54,116156.97,0.05,0.89,5.546,5.465,5.379,206451.06,170875.92,147554.48
2013-06-06,5.65,5.68,5.46,5.41,113535.74,-0.18,-3.19,5.572,5.481,5.394,202314.12,163434.78,147352.42
2013-06-07,5.46,5.46,5.31,5.18,167062.2,-0.15,-2.75,5.538,5.47,5.4,174973.33,166229.31,152459.18
2013-06-13,5.2,5.22,5.17,5.03,114584.72,-0.14,-2.64,5.434,5.444,5.393,140611.94,166368.47,150175.04
2013-06-14,5.17,5.28,5.24,5.15,65582.49,0.07,1.35,5.364,5.428,5.394,115384.42,160294.78,149298.11
2013-06-17,5.25,5.28,5.09,5.07,104171.77,-0.15,-2.86,5.254,5.4,5.386,112987.38,159719.22,149815.42
2013-06-18,5.12,5.18,5.13,5.1,48985.92,0.04,0.79,5.188,5.38,5.379,100077.42,151195.77,144667.71
2013-06-19,5.14,5.21,5.16,5.02,46461.46,0.03,0.58,5.158,5.348,5.371,75957.27,125465.3,140147.82
2013-06-20,5.13,5.14,5.02,5.0,59192.46,-0.14,-2.71,5.128,5.281,5.353,64878.82,102745.38,135268.0
2013-06-21,4.94,5.02,4.98,4.86,80379.66,-0.04,-0.8,5.076,5.22,5.331,67838.25,91611.34,130156.64
2013-06-24,4.99,5.0,4.61,4.54,123836.36,-0.37,-7.43,4.98,5.117,5.291,71771.17,92379.28,131627.6
2013-06-25,4.6,4.65,4.47,4.16,143084.05,-0.14,-3.04,4.848,5.018,5.25,90590.8,95334.11,129384.44
2013-06-26,4.48,4.49,4.41,4.26,115039.96,-0.06,-1.34,4.698,4.928,5.199,104306.5,90131.89,128180.6
2013-06-27,4.43,4.48,4.31,4.3,86376.55,-0.1,-2.27,4.556,4.842,5.143,109743.32,87311.07,126839.77
2013-06-28,4.3,4.46,4.39,4.26,70491.89,0.08,1.86,4.438,4.757,5.093,107765.76,87802.01,124048.39
2013-07-01,4.4,4.45,4.42,4.31,56909.52,0.03,0.68,4.4,4.69,5.045,94380.39,83075.78,121397.5
2013-07-02,4.44,4.48,4.46,4.33,83800.79,0.04,0.91,4.398,4.623,5.002,82523.74,86557.27,118876.52
2013-07-03,4.4,4.56,4.52,4.4,172895.44,0.06,1.34,4.42,4.559,4.954,94094.84,99200.67,112332.98
2013-07-04,4.48,4.55,4.51,4.4,104854.77,-0.01,-0.22,4.46,4.508,4.895,97790.48,103766.9,103256.14
2013-07-05,4.48,4.54,4.51,4.47,72615.5,0.0,0.0,4.484,4.461,4.841,98215.2,102990.48,97300.91
2013-07-08,4.44,4.44,4.21,4.15,87839.17,-0.3,-6.65,4.442,4.421,4.769,104401.13,99390.76,95885.02
2013-07-09,4.22,4.29,4.27,4.18,40174.6,0.06,1.43,4.404,4.401,4.71,95675.9,89099.82,92216.96
2013-07-10,4.29,4.42,4.41,4.25,53522.46,0.14,3.28,4.382,4.401,4.665,71801.3,82948.07,86539.98
2013-07-11,4.43,4.63,4.56,4.4,89938.24,0.15,3.4,4.392,4.426,4.634,68817.99,83304.24,85307.65
2013-07-12,4.58,4.6,4.43,4.41,68941.43,-0.13,-2.85,4.376,4.43,4.594,68083.18,83149.19,85475.6
2013-07-15,4.44,4.51,4.48,4.41,101830.96,0.05,1.13,4.43,4.436,4.563,70881.54,87641.34,85358.56
2013-07-16,4.47,4.47,4.46,4.37,64372.95,-0.02,-0.45,4.468,4.436,4.53,75721.21,85698.55,86127.91
2013-07-17,4.45,4.5,4.43,4.43,74915.77,-0.03,-0.67,4.472,4.427,4.493,79999.87,75900.58,87550.63
2013-07-18,4.44,4.44,4.33,4.3,64655.02,-0.1,-2.26,4.426,4.409,4.459,74943.23,71880.61,87823.75
2013-07-19,4.32,4.48,4.35,4.32,89688.43,0.02,0.46,4.41,4.393,4.427,79092.63,73587.9,88289.19
2013-07-22,4.32,4.38,4.32,4.24,78440.03,-0.03,-0.69,4.378,4.404,4.413,74414.44,72647.99,86019.38
2013-07-23,4.32,4.48,4.46,4.31,97408.14,0.14,3.24,4.378,4.423,4.412,81021.48,78371.34,83735.58
2013-07-24,4.45,4.48,4.45,4.33,79122.22,-0.01,-0.22,4.382,4.427,4.414,81862.77,80931.32,81939.69
2013-07-25,4.43,4.46,4.33,4.3,55108.69,-0.12,-2.7,4.382,4.404,4.415,79953.5,77448.36,80376.3
2013-07-26,4.34,4.35,4.28,4.26,46567.91,-0.05,-1.16,4.368,4.389,4.41,71329.4,75211.01,79180.1
2013-07-29,4.27,4.28,4.27,4.2,41415.13,-0.01,-0.23,4.358,4.368,4.402,63924.42,69169.43,78405.38
2013-07-30,4.23,4.3,4.2,4.18,84078.23,-0.07,-1.64,4.306,4.342,4.389,61258.44,71139.96,78419.25
2013-07-31,4.22,4.35,4.27,4.22,73881.07,0.07,1.67,4.27,4.326,4.377,60210.21,71036.49,73468.54
2013-08-01,4.26,4.37,4.36,4.26,57689.05,0.09,2.11,4.276,4.329,4.369,60726.28,70339.89,71110.25
2013-08-02,4.36,4.43,4.34,4.31,86838.13,-0.02,-0.46,4.288,4.328,4.361,68780.32,70054.86,71821.38
2013-08-05,4.33,4.57,4.52,4.33,120091.56,0.18,4.15,4.338,4.348,4.376,84515.61,74220.01,73434.0
2013-08-06,4.5,4.65,4.63,4.47,114997.25,0.11,2.43,4.424,4.365,4.394,90699.41,75978.92,77175.13
2013-08-07,4.6,4.64,4.55,4.54,78871.12,-0.08,-1.73,4.48,4.375,4.401,91697.42,75953.81,78442.57
2013-08-08,4.55,4.6,4.49,4.46,84074.15,-0.06,-1.32,4.506,4.391,4.398,96974.44,78850.36,78149.36
2013-08-09,4.49,4.6,4.58,4.48,49778.78,0.09,2.0,4.554,4.421,4.405,89562.57,79171.45,77191.23
2013-08-12,4.59,4.75,4.73,4.53,118184.35,0.15,3.27,4.596,4.467,4.418,89181.13,86848.37,78008.9
2013-08-13,4.7,4.9,4.88,4.65,153791.16,0.15,3.17,4.646,4.535,4.439,96939.91,93819.66,82479.81
2013-08-14,4.89,4.96,4.78,4.77,136107.45,-0.1,-2.05,4.692,4.586,4.456,108387.18,100042.3,85539.39
2013-08-15,4.83,4.9,4.75,4.75,105649.95,-0.03,-0.63,4.744,4.625,4.477,112702.34,104838.39,87589.14
2013-08-16,4.73,4.82,4.68,4.65,124330.8,-0.07,-1.47,4.764,4.659,4.494,127612.74,108587.66,89321.26
2013-08-19,4.67,4.76,4.74,4.66,64601.85,0.06,1.28,4.766,4.681,4.515,116896.24,103038.69,88629.35
2013-08-20,4.74,4.75,4.67,4.65,77324.92,-0.07,-1.48,4.724,4.685,4.525,101602.99,99271.45,87625.19
2013-08-21,4.71,4.73,4.67,4.6,123337.86,0.0,0.0,4.702,4.697,4.536,99049.08,103718.13,89835.97
2013-08-22,4.65,4.71,4.64,4.6,83629.95,-0.03,-0.64,4.68,4.712,4.552,94645.08,103673.71,91262.03
2013-08-23,4.63,4.72,4.65,4.57,92935.57,0.01,0.22,4.674,4.719,4.57,88366.03,107989.39,93580.42
2013-08-26,4.65,4.74,4.73,4.62,81168.19,0.08,1.72,4.672,4.719,4.593,91679.3,104287.77,95568.07
2013-08-27,4.71,4.79,4.77,4.68,93816.02,0.04,0.85,4.692,4.708,4.622,94977.52,98290.26,96054.96
2013-08-28,4.74,4.74,4.68,4.66,106817.61,-0.09,-1.89,4.694,4.698,4.642,91673.47,95361.27,97701.79
2013-08-29,4.69,4.71,4.67,4.62,82217.56,-0.01,-0.21,4.7,4.69,4.658,91390.99,93018.03,98928.21
2013-08-30,4.69,4.7,4.6,4.55,112202.65,-0.07,-1.5,4.69,4.682,4.671,95244.41,91805.22,100196.44
2013-09-02,4.62,4.78,4.75,4.57,205798.38,0.15,3.26,4.694,4.683,4.682,120170.44,105924.87,104481.78
2013-09-03,4.75,4.95,4.86,4.73,248825.03,0.11,2.32,4.712,4.702,4.694,151172.25,123074.88,111173.17
2013-09-04,4.87,5.07,4.9,4.86,172799.91,0.04,0.82,4.756,4.725,4.711,164368.71,128021.09,115869.61
2013-09-05,4.89,5.24,5.14,4.84,328583.69,0.24,4.9,4.85,4.775,4.744,213641.93,152516.46,128095.08
2013-09-06,5.06,5.18,5.07,5.01,209337.39,-0.07,-1.36,4.944,4.817,4.768,233068.88,164156.64,136073.01
2013-09-09,5.07,5.3,5.16,5.07,248150.41,0.09,1.77,5.026,4.86,4.79,241539.29,180854.87,142571.32
2013-09-10,5.17,5.23,5.18,5.08,169444.16,0.02,0.39,5.09,4.901,4.805,225663.11,188417.68,143353.97
2013-09-11,5.15,5.19,5.08,5.04,208561.12,-0.1,-1.93,5.126,4.941,4.82,232815.35,198592.03,146976.65
2013-09-12,5.08,5.15,5.07,5.02,106988.69,-0.01,-0.2,5.112,4.981,4.836,188496.35,201069.14,147043.59
2013-09-13,5.04,5.15,5.12,5.04,122934.28,0.05,0.99,5.122,5.033,4.858,171215.73,202142.31,146973.76
2013-09-16,5.12,5.19,5.17,5.06,108857.67,0.05,0.98,5.124,5.075,4.879,143357.18,192448.24,149186.55
2013-09-17,5.15,5.23,5.12,5.08,154035.52,-0.05,-0.97,5.112,5.101,4.902,140275.46,182969.28,153022.08
2013-09-18,5.12,5.14,5.13,5.05,96853.95,0.01,0.2,5.122,5.124,4.925,117934.02,175374.69,151697.89
2013-09-23,5.15,5.32,5.3,5.11,200204.98,0.17,3.31,5.168,5.14,4.958,136577.28,162536.82,157526.64
2013-09-24,5.27,5.44,5.38,5.26,219246.08,0.08,1.51,5.22,5.171,4.994,155839.64,163527.69,163842.16
2013-09-25,5.4,5.48,5.26,5.24,168402.23,-0.12,-2.23,5.238,5.181,5.021,167748.55,155552.87,168203.87
2013-09-26,5.25,5.35,5.23,5.18,147446.97,-0.03,-0.57,5.26,5.186,5.044,166430.84,153353.15,170885.41
2013-09-27,5.21,5.28,5.24,5.17,85207.23,0.01,0.19,5.282,5.202,5.072,164101.5,141017.76,169804.89
2013-09-30,5.25,5.3,5.28,5.19,77480.91,0.04,0.76,5.278,5.223,5.102,139556.68,138066.98,169568.06
2013-10-08,5.3,5.35,5.29,5.2,120509.08,0.01,0.19,5.26,5.24,5.137,119809.28,137824.46,169983.38
2013-10-09,5.28,5.29,5.26,5.18,122800.68,-0.03,-0.57,5.26,5.249,5.162,110688.97,139218.76,165833.5
2013-10-10,5.27,5.7,5.66,5.26,438246.09,0.4,7.61,5.346,5.303,5.202,168848.8,167639.82,175304.55
2013-10-11,6.22,6.22,5.98,5.83,771724.25,0.32,5.65,5.494,5.388,5.256,306152.2,235126.85,205250.77
2013-10-14,5.92,6.06,5.96,5.74,436105.53,-0.02,-0.33,5.63,5.454,5.297,377877.13,258716.91,210626.86
2013-10-15,5.91,6.06,5.87,5.84,315760.91,-0.09,-1.51,5.746,5.503,5.337,416927.49,268368.39,215948.04
2013-10-16,5.83,5.94,5.71,5.66,223452.78,-0.16,-2.73,5.836,5.548,5.365,437057.91,273873.44,214713.16
2013-10-17,5.76,5.84,5.66,5.54,260930.53,-0.05,-0.88,5.836,5.591,5.389,401594.8,285221.8,219287.47
2013-10-18,5.68,5.71,5.63,5.54,172644.84,-0.03,-0.53,5.766,5.63,5.416,281778.92,293965.56,217491.66
2013-10-21,5.63,5.96,5.9,5.63,292514.31,0.27,4.8,5.754,5.692,5.458,253060.67,315468.9,226767.94
2013-10-22,5.91,5.92,5.84,5.75,185926.31,-0.06,-1.02,5.748,5.747,5.494,227093.75,322010.62,229917.54
2013-10-23,5.83,5.88,5.59,5.5,208255.31,-0.25,-4.28,5.724,5.78,5.515,224054.26,330556.09,234887.42
2013-10-24,5.58,5.59,5.46,5.38,183411.69,-0.13,-2.33,5.684,5.76,5.532,208550.49,305072.65,236356.23
2013-10-25,5.47,5.5,5.49,5.4,117120.51,0.03,0.55,5.656,5.711,5.55,197445.63,239612.27,237369.56
2013-10-28,5.49,5.54,5.46,5.42,83347.5,-0.03,-0.55,5.568,5.661,5.558,155612.26,204336.47,231526.69
2013-10-29,5.48,5.49,5.38,5.11,192110.42,-0.08,-1.47,5.476,5.612,5.558,156849.09,191971.42,230169.9
2013-10-30,5.38,5.44,5.4,5.28,161932.39,0.02,0.37,5.438,5.581,5.565,147584.5,185819.38,229846.41
2013-10-31,5.4,5.48,5.39,5.34,112519.28,-0.01,-0.18,5.424,5.554,5.573,133406.02,170978.26,228100.03
2013-11-01,5.35,5.42,5.36,5.28,100100.61,-0.03,-0.56,5.398,5.527,5.579,130002.04,163723.83,228844.7
2013-11-04,5.37,5.5,5.45,5.35,88797.12,0.09,1.68,5.396,5.482,5.587,131091.96,143352.11,229410.51
2013-11-05,5.43,5.61,5.57,5.36,153003.52,0.12,2.2,5.434,5.455,5.601,123270.58,140059.84,231035.23
2013-11-06,5.54,5.6,5.47,5.46,77146.89,-0.1,-1.79,5.448,5.443,5.612,106313.48,126948.99,228752.54
2013-11-07,5.45,5.46,5.4,5.33,119670.75,-0.07,-1.28,5.45,5.437,5.599,107743.78,120574.9,212823.77
2013-11-08,5.4,5.41,5.35,5.26,110396.45,-0.05,-0.93,5.448,5.423,5.567,109802.95,119902.49,179757.38
2013-11-11,5.36,5.41,5.37,5.26,49282.07,0.02,0.37,5.432,5.414,5.538,101899.94,116495.95,160416.21
2013-11-12,5.36,5.41,5.38,5.31,81872.27,0.01,0.19,5.394,5.414,5.513,87673.69,105472.14,148721.78
2013-11-13,5.34,5.38,5.27,5.27,69194.03,-0.11,-2.04,5.354,5.401,5.491,86083.11,96198.3,141008.84
2013-11-14,5.26,5.32,5.29,5.2,52102.22,0.02,0.38,5.332,5.391,5.473,72569.41,90156.59,130567.42
2013-11-15,5.29,5.45,5.38,5.28,72342.03,0.09,1.7,5.338,5.393,5.46,64958.52,87380.74,125552.28
2013-11-18,5.43,5.55,5.52,5.36,162020.81,0.14,2.6,5.368,5.4,5.441,87506.27,94703.1,119027.61
2013-11-19,5.54,5.54,5.43,5.41,103346.01,-0.09,-1.63,5.378,5.386,5.421,91801.02,89737.35,114898.59
2013-11-20,5.43,5.47,5.46,5.39,96253.93,0.03,0.55,5.416,5.385,5.414,97213.0,91648.06,109298.53
2013-11-21,5.45,5.46,5.42,5.3,137730.66,-0.04,-0.73,5.442,5.387,5.412,114338.69,93454.05,107014.47
2013-11-22,5.41,5.42,5.35,5.3,106981.26,-0.07,-1.29,5.436,5.387,5.405,121266.53,93112.53,106507.51
2013-11-25,5.34,5.42,5.34,5.31,77301.08,-0.01,-0.19,5.4,5.384,5.399,104322.59,95914.43,106205.19
2013-11-26,5.42,5.78,5.71,5.42,478614.19,0.37,6.93,5.456,5.417,5.416,179376.22,135588.62,120530.38
2013-11-27,5.65,5.85,5.77,5.62,404921.47,0.06,1.05,5.518,5.467,5.434,241109.73,169161.37,132679.83
2013-11-28,5.8,5.81,5.71,5.67,263388.62,-0.06,-1.04,5.576,5.509,5.45,266241.32,190290.01,140223.3
2013-11-29,5.69,5.75,5.72,5.66,140790.28,0.01,0.17,5.65,5.543,5.468,273003.13,197134.83,142257.78
2013-12-02,5.61,5.64,5.55,5.41,234326.94,-0.17,-2.97,5.692,5.546,5.473,304408.3,204365.44,149534.27
2013-12-03,5.53,5.62,5.6,5.5,148558.16,0.05,0.9,5.67,5.563,5.475,238397.09,208886.66,149312.01
2013-12-04,5.62,5.76,5.7,5.56,241292.14,0.1,1.79,5.656,5.587,5.486,205671.23,223390.48,157519.27
2013-12-05,5.7,5.74,5.68,5.67,126100.06,-0.02,-0.35,5.65,5.613,5.5,178213.52,222227.42,157840.73
2013-12-06,5.68,5.79,5.77,5.65,167411.97,0.09,1.58,5.66,5.655,5.521,183537.85,228270.49,160691.51
2013-12-09,5.81,6.07,5.87,5.79,355946.0,0.1,1.73,5.724,5.708,5.546,207861.67,256134.98,176024.71
2013-12-10,5.9,6.02,5.82,5.77,231310.09,-0.05,-0.85,5.768,5.719,5.568,224412.05,231404.57,183496.6
2013-12-11,5.85,5.92,5.83,5.66,198887.88,0.01,0.17,5.794,5.725,5.596,215931.2,210801.21,189981.29
2013-12-12,5.8,5.92,5.83,5.78,119847.13,0.0,0.0,5.824,5.737,5.623,214680.61,196447.07,193368.54
2013-12-13,5.84,5.86,5.84,5.77,104428.41,0.01,0.17,5.838,5.749,5.646,202083.9,192810.88,194972.85
2013-12-16,5.85,5.85,5.71,5.7,110576.76,-0.13,-2.23,5.806,5.765,5.656,153010.05,180435.86,192400.65
2013-12-17,5.79,5.82,5.63,5.61,113154.9,-0.08,-1.4,5.768,5.768,5.666,129379.02,176895.53,192891.1
2013-12-18,5.59,5.71,5.67,5.55,113155.04,0.04,0.71,5.736,5.765,5.676,112232.45,164081.82,193736.15
2013-12-19,5.7,5.76,5.6,5.58,69619.28,-0.07,-1.24,5.69,5.757,5.685,102186.88,158433.75,190330.58
2013-12-20,5.6,5.63,5.53,5.5,80533.13,-0.07,-1.25,5.628,5.733,5.694,97407.82,149745.86,189008.18
2013-12-23,5.5,5.56,5.47,5.32,82421.88,-0.06,-1.08,5.58,5.693,5.701,91776.85,122393.45,189264.22
2013-12-24,5.48,5.62,5.61,5.4,143774.97,0.14,2.56,5.576,5.672,5.696,97900.86,113639.94,172522.26
2013-12-25,5.55,5.71,5.68,5.52,120842.05,0.07,1.25,5.578,5.657,5.691,99438.26,105835.36,158318.28
2013-12-26,5.67,5.69,5.58,5.55,70279.59,-0.1,-1.76,5.574,5.632,5.685,99570.32,100878.6,148662.83
2013-12-27,5.58,5.68,5.65,5.56,129524.1,0.07,1.25,5.598,5.613,5.681,109368.52,103388.17,148099.52
2013-12-30,5.68,5.79,5.71,5.57,123699.95,0.06,1.06,5.646,5.613,5.689,117624.13,104700.49,142568.17
2013-12-31,5.69,5.74,5.73,5.63,116646.56,0.02,0.35,5.67,5.623,5.696,112198.45,105049.66,140972.59
2014-01-02,5.72,5.87,5.84,5.69,161370.47,0.11,1.92,5.702,5.64,5.703,120304.13,109871.2,136976.51
2014-01-03,5.82,5.88,5.82,5.75,89290.79,-0.02,-0.34,5.75,5.662,5.71,124106.37,111838.35,135136.05
2014-01-06,5.8,5.81,5.59,5.57,97604.29,-0.23,-3.95,5.738,5.668,5.701,117722.41,113545.47,131645.66
2014-01-07,5.55,5.67,5.52,5.45,99210.52,-0.07,-1.25,5.7,5.673,5.683,112824.53,115224.33,118808.89
2014-01-08,5.54,5.93,5.86,5.54,358754.19,0.34,6.16,5.726,5.698,5.685,161246.05,136722.25,125181.09
2014-01-09,5.86,5.97,5.81,5.75,173844.61,-0.05,-0.85,5.72,5.711,5.684,163740.88,142022.51,123928.93
2014-01-10,5.78,5.84,5.78,5.65,89713.52,-0.03,-0.52,5.712,5.731,5.682,163825.43,143965.9,122422.25
2014-01-13,5.76,5.81,5.61,5.56,108039.15,-0.17,-2.94,5.716,5.727,5.67,165912.4,141817.41,122602.79
2014-01-14,5.6,5.71,5.68,5.55,144677.05,0.07,1.25,5.748,5.724,5.669,175005.7,143915.12,124307.8
2014-01-15,5.68,5.7,5.64,5.58,91980.38,-0.04,-0.7,5.704,5.715,5.669,121650.94,141448.5,123249.08
2014-01-16,5.6,5.82,5.79,5.6,157469.23,0.15,2.66,5.7,5.71,5.675,118375.87,141058.37,125464.79
2014-01-17,5.76,5.9,5.82,5.65,184056.8,0.03,0.52,5.708,5.71,5.686,137244.52,150534.97,131186.66
2014-01-20,5.78,5.94,5.9,5.72,230048.34,0.08,1.38,5.766,5.741,5.705,161646.36,163779.38,138662.42
2014-01-21,5.88,6.0,5.9,5.84,167274.55,0.0,0.0,5.81,5.779,5.726,166165.86,170585.78,142905.06
2014-01-22,5.92,6.03,6.0,5.88,218074.05,0.1,1.7,5.882,5.793,5.746,191384.59,156517.77,146620.01
2014-01-23,6.0,6.05,5.98,5.92,158507.92,-0.02,-0.33,5.92,5.81,5.761,191592.33,154984.1,148503.3
2014-01-24,5.94,6.09,6.07,5.91,232264.55,0.09,1.5,5.97,5.839,5.785,201233.88,169239.2,156602.55
2014-01-27,6.04,6.2,6.04,6.0,208304.75,-0.03,-0.49,5.998,5.882,5.805,196885.16,179265.76,160541.58
2014-01-28,6.03,6.31,6.29,6.03,353176.03,0.25,4.14,6.076,5.943,5.834,234065.46,200115.66,172015.39
2014-01-29,6.24,6.63,6.52,6.2,489335.97,0.23,3.66,6.18,6.031,5.873,288317.84,239851.22,190649.86
2014-01-30,6.6,6.75,6.53,6.46,268071.34,0.01,0.15,6.29,6.105,5.908,310230.53,250911.43,195984.9
2014-02-07,6.46,6.78,6.71,6.41,263103.22,0.18,2.76,6.418,6.194,5.952,316398.26,258816.07,204675.52
2014-02-10,6.75,6.75,6.62,6.56,399538.62,-0.09,-1.34,6.534,6.266,6.004,354645.04,275765.1,219772.24
2014-02-11,6.6,6.68,6.31,6.25,591624.25,-0.31,-4.68,6.538,6.307,6.043,402334.68,318200.07,244392.93
2014-02-12,6.31,6.94,6.89,6.29,712540.25,0.58,9.19,6.612,6.396,6.095,446975.54,367646.69,262082.23
2014-02-13,6.87,7.01,6.68,6.65,817139.31,-0.21,-3.05,6.642,6.466,6.138,556789.13,433509.83,294246.96
2014-02-14,6.66,6.81,6.66,6.57,505065.66,-0.02,-0.3,6.632,6.525,6.182,605181.62,460789.94,315014.57
2014-02-17,6.66,6.71,6.55,6.51,679375.88,-0.11,-1.65,6.618,6.576,6.229,661149.07,507897.05,343581.41
2014-02-26,5.49,5.76,5.49,5.37,664291.75,-0.48,-8.04,6.454,6.496,6.22,675682.57,539008.62,369562.14
2014-02-27,5.54,5.78,5.61,5.4,333123.75,0.12,2.19,6.198,6.405,6.218,599799.27,523387.4,381619.31
2014-02-28,5.59,5.96,5.79,5.56,319787.19,0.18,3.21,6.02,6.331,6.218,500328.85,528558.99,389735.21
2014-03-03,5.76,5.97,5.79,5.73,221909.34,0.0,0.0,5.846,6.239,6.217,443697.58,524439.6,391627.84
2014-03-04,5.8,5.83,5.64,5.62,200342.59,-0.15,-2.59,5.664,6.141,6.204,347890.92,504520.0,390142.55
2014-03-05,5.59,5.88,5.75,5.54,507945.34,0.11,1.95,5.716,6.085,6.196,316621.64,496152.11,407176.09
2014-03-06,5.71,5.78,5.75,5.6,203115.27,0.0,0.0,5.744,5.971,6.184,290619.95,445209.61,406428.15
2014-03-07,5.74,5.8,5.7,5.62,193746.61,-0.05,-0.87,5.726,5.873,6.17,265411.83,382870.34,408190.08
2014-03-10,5.69,5.69,5.37,5.32,247021.64,-0.33,-5.79,5.642,5.744,6.135,270434.29,357065.94,408927.94
2014-03-11,5.37,5.46,5.3,5.22,183124.89,-0.07,-1.3,5.574,5.619,6.098,266990.75,307440.84,407668.95
2014-03-12,5.26,5.31,5.07,4.97,291770.16,-0.23,-4.34,5.438,5.577,6.037,223755.71,270188.68,404598.65
2014-03-13,5.08,5.15,5.07,4.97,288510.47,0.0,0.0,5.302,5.523,5.964,240834.75,265727.35,394557.38
2014-03-14,5.04,5.12,5.06,5.02,124002.66,-0.01,-0.2,5.174,5.45,5.891,226885.96,246148.9,387353.94
2014-03-17,5.06,5.14,5.12,5.0,197342.53,0.06,1.19,5.124,5.383,5.811,216950.14,243692.22,384065.91
2014-03-18,5.13,5.43,5.36,5.09,310673.22,0.24,4.69,5.136,5.355,5.748,242459.81,254725.28,379622.64
2014-03-19,5.36,5.36,5.35,5.26,139427.41,-0.01,-0.19,5.192,5.315,5.7,211991.26,217873.49,357012.8
2014-03-20,5.36,5.5,5.36,5.32,225170.12,0.01,0.19,5.25,5.276,5.624,199323.19,220078.97,332644.29
2014-03-21,5.33,5.48,5.47,5.24,341588.5,0.11,2.05,5.332,5.253,5.563,242840.36,234863.16,308866.75
2014-03-24,5.47,5.48,5.41,5.37,198438.08,-0.06,-1.1,5.39,5.257,5.501,243059.47,230004.8,293535.37
2014-03-25,5.41,5.43,5.36,5.32,181886.09,-0.05,-0.92,5.39,5.263,5.441,217302.04,229880.92,268660.88
2014-03-26,5.37,5.39,5.29,5.21,212935.36,-0.07,-1.31,5.378,5.285,5.431,232003.63,221997.44,246093.06
2014-03-27,5.28,5.54,5.42,5.26,410668.12,0.13,2.46,5.39,5.32,5.422,269103.23,234213.21,249970.28
2014-03-28,5.43,5.47,5.08,5.04,493683.34,-0.34,-6.27,5.312,5.322,5.386,299522.2,271181.28,258665.09
2014-03-31,5.07,5.15,5.04,4.99,154229.66,-0.04,-0.79,5.238,5.314,5.349,290680.51,266869.99,255281.1
2014-04-01,5.06,5.15,5.14,5.01,163439.48,0.1,1.98,5.194,5.292,5.324,286991.19,252146.62,253435.95
2014-04-02,5.14,5.14,5.08,5.03,189481.36,-0.06,-1.17,5.152,5.265,5.29,282300.39,257152.01,237512.75
2014-04-03,5.08,5.11,5.09,5.04,101545.3,0.01,0.2,5.086,5.238,5.257,220475.83,244789.53,232434.25
2014-04-04,5.12,5.31,5.28,5.08,272530.53,0.19,3.73,5.126,5.219,5.236,176245.27,237883.73,236373.45
2014-04-08,5.28,5.35,5.34,5.24,177351.84,0.06,1.14,5.186,5.212,5.235,180869.7,235775.11,232889.96
2014-04-09,5.33,5.37,5.31,5.28,138743.48,-0.03,-0.56,5.22,5.207,5.235,175930.5,231460.85,230670.89
2014-04-10,5.33,5.43,5.32,5.32,246896.02,0.01,0.19,5.268,5.21,5.248,187413.43,234856.91,228427.18
2014-04-11,5.3,5.37,5.31,5.28,100331.51,-0.01,-0.19,5.312,5.199,5.26,187170.68,203823.25,219018.23
2014-04-14,5.31,5.33,5.29,5.25,98586.41,-0.02,-0.38,5.314,5.22,5.271,152381.85,164313.56,217747.42
2014-04-15,5.29,5.31,5.16,5.14,169946.72,-0.13,-2.46,5.278,5.232,5.273,150900.83,165885.26,216377.63
2014-04-16,5.15,5.22,5.19,5.13,126967.81,0.03,0.58,5.254,5.237,5.265,148545.69,162238.1,207192.36
2014-04-17,5.18,5.26,5.24,5.18,98554.68,0.05,0.96,5.238,5.253,5.259,118877.43,153145.43,205148.72
2014-04-18,5.22,5.63,5.53,5.21,385422.94,0.29,5.53,5.282,5.297,5.268,175895.71,181533.19,213161.36
2014-04-21,5.5,5.58,5.43,5.37,233295.58,-0.1,-1.81,5.31,5.312,5.266,202837.55,177609.7,207746.72
2014-04-22,5.47,5.54,5.5,5.36,202200.7,0.07,1.29,5.378,5.328,5.27,209288.34,180094.59,207934.85
2014-04-23,5.48,5.58,5.48,5.41,131200.67,-0.02,-0.36,5.436,5.345,5.276,210134.91,179340.3,205400.58
2014-04-24,5.48,5.55,5.41,5.4,136389.52,-0.07,-1.28,5.47,5.354,5.282,217701.88,168289.65,201573.28
2014-04-25,5.4,5.44,5.18,5.17,156541.66,-0.23,-4.25,5.4,5.341,5.27,171925.63,173910.67,188866.96
2014-04-28,5.16,5.29,5.17,5.04,176694.02,-0.01,-0.19,5.348,5.329,5.275,160605.31,181721.43,173017.49
2014-04-29,5.16,5.3,5.29,5.15,109854.26,0.12,2.32,5.306,5.342,5.287,142136.03,175712.18,170798.72
2014-04-30,5.33,5.44,5.33,5.28,177527.8,0.04,0.76,5.276,5.356,5.297,151401.45,180768.18,171503.14
2014-05-05,5.33,5.43,5.43,5.33,128712.04,0.1,1.88,5.28,5.375,5.314,149865.96,183783.92,168464.67
2014-05-06,5.42,5.48,5.43,5.38,140105.89,0.0,0.0,5.33,5.365,5.331,146578.8,159252.21,170392.7
2014-05-07,5.43,5.43,5.26,5.23,112501.58,-0.17,-3.13,5.348,5.348,5.33,133740.31,147172.81,162391.26
2014-05-08,5.27,5.31,5.21,5.2,126566.27,-0.05,-0.95,5.332,5.319,5.324,137082.72,139609.37,159851.98
2014-05-09,5.25,5.25,5.08,5.03,216723.59,-0.13,-2.5,5.282,5.279,5.312,144921.87,148161.66,163750.98
2014-05-12,5.15,5.24,5.22,5.11,162373.66,0.12,2.35,5.24,5.26,5.307,151654.2,150760.08,159524.87
2014-05-13,5.19,5.25,5.18,5.12,122839.23,-0.04,-0.77,5.19,5.26,5.301,148200.87,147389.83,160650.25
2014-05-14,5.18,5.19,5.12,5.1,108523.17,-0.06,-1.16,5.162,5.255,5.292,147405.18,140572.75,161147.09
2014-05-15,5.13,5.14,5.04,5.04,119277.05,-0.08,-1.56,5.128,5.23,5.286,145947.34,141515.03,158613.61
2014-05-16,5.04,5.1,5.08,4.99,127923.37,0.04,0.79,5.128,5.205,5.281,128187.3,136554.59,158661.38
2014-05-19,5.06,5.06,4.93,4.91,145137.16,-0.15,-2.95,5.07,5.155,5.265,124740.0,138197.1,160990.51
2014-05-20,4.96,5.03,4.94,4.91,97636.61,0.01,0.2,5.022,5.106,5.236,119699.47,133950.17,146601.19
2014-05-21,4.94,5.01,5.0,4.91,98682.17,0.06,1.22,4.998,5.08,5.214,117731.27,132568.23,139870.52
2014-05-22,5.0,5.07,5.0,4.98,80874.15,0.0,0.0,4.99,5.059,5.189,110050.69,127999.02,133804.19
2014-05-23,5.0,5.03,5.02,4.99,54423.44,0.02,0.4,4.978,5.053,5.166,95350.71,111769.0,129965.33
2014-05-26,5.03,5.05,5.02,4.99,86957.83,0.0,0.0,4.996,5.033,5.147,83714.84,104227.42,127493.75
2014-05-27,5.0,5.04,5.0,4.97,78075.78,-0.02,-0.4,5.008,5.015,5.138,79802.67,99751.07,123570.45
2014-05-28,4.99,5.11,5.1,4.93,224612.92,0.1,2.0,5.028,5.013,5.134,104988.82,111360.05,125966.4
2014-05-29,5.08,5.13,5.02,5.01,98410.67,-0.08,-1.57,5.032,5.011,5.121,108496.13,109273.41,125394.22
2014-05-30,5.02,5.04,4.91,4.89,195244.31,-0.11,-2.19,5.01,4.994,5.1,136660.3,116005.5,126280.04
2014-06-03,4.92,4.94,4.8,4.78,143105.0,-0.11,-2.24,4.966,4.981,5.068,147889.74,115802.29,126999.69
2014-06-04,4.82,4.83,4.79,4.69,188554.33,-0.01,-0.21,4.924,4.966,5.036,169985.45,124894.06,129422.11
2014-06-05,4.77,4.84,4.82,4.73,78475.33,0.03,0.63,4.868,4.948,5.014,140757.93,122873.38,127720.8
2014-06-06,4.82,4.82,4.76,4.76,96786.76,-0.06,-1.25,4.816,4.924,4.992,140433.15,124464.64,126231.83
2014-06-09,4.76,4.85,4.76,4.72,76270.33,0.0,0.0,4.786,4.898,4.976,116638.35,126649.33,119209.16
2014-06-10,4.78,4.84,4.81,4.76,93175.33,0.05,1.05,4.788,4.877,4.955,106652.42,127271.08,115749.25
2014-06-11,4.83,4.85,4.84,4.79,82093.48,0.03,0.62,4.798,4.861,4.938,85360.25,127672.85,113711.96
2014-06-12,4.82,4.92,4.88,4.8,104283.49,0.04,0.83,4.81,4.839,4.926,90521.88,115639.9,113499.98
2014-06-13,4.88,4.96,4.96,4.86,126961.0,0.08,1.64,4.85,4.833,4.922,96556.73,118494.94,113884.17
2014-06-16,4.96,4.99,4.96,4.93,72770.91,0.0,0.0,4.89,4.838,4.916,95856.84,106247.6,111126.55
2014-06-17,4.95,4.97,4.94,4.93,71833.34,-0.02,-0.4,4.916,4.852,4.917,91588.44,99120.43,107461.36
2014-06-18,4.96,4.97,4.9,4.85,88314.73,-0.04,-0.81,4.928,4.863,4.915,92832.69,89096.47,106995.26
2014-06-19,4.89,4.89,4.74,4.7,93337.78,-0.16,-3.27,4.9,4.855,4.902,90643.55,90582.72,106728.05
2014-06-20,4.7,4.7,4.64,4.53,129333.05,-0.02,-0.43,4.836,4.843,4.884,91117.96,93837.34,109150.99
2014-06-23,4.62,4.68,4.66,4.59,110815.29,0.02,0.43,4.776,4.833,4.866,98726.84,97291.84,111970.58
2014-06-24,4.66,4.77,4.74,4.6,116074.34,0.08,1.72,4.736,4.826,4.852,107575.04,99581.74,113426.41
2014-06-25,4.69,4.7,4.64,4.56,139548.77,-0.1,-2.11,4.684,4.806,4.834,117821.85,105327.27,116500.06
2014-06-26,4.63,4.73,4.71,4.63,139181.14,0.07,1.51,4.678,4.789,4.814,126990.52,108817.04,112228.47
2014-06-27,4.71,4.8,4.79,4.66,119165.18,0.08,1.7,4.708,4.772,4.803,124956.94,108037.45,113266.19
2014-06-30,4.76,4.92,4.88,4.76,203324.95,0.09,1.88,4.752,4.764,4.801,143458.88,121092.86,113670.23
2014-07-01,4.87,4.95,4.92,4.86,117909.77,0.04,0.82,4.788,4.762,4.807,143825.96,125700.5,112410.47
2014-07-02,4.94,4.94,4.9,4.86,139488.75,-0.02,-0.41,4.84,4.762,4.813,143813.96,130817.9,109957.19
2014-07-03,4.9,5.03,5.01,4.86,214661.59,0.11,2.25,4.9,4.789,4.822,158910.05,142950.28,116766.5
2014-07-04,5.02,5.18,5.13,5.01,306396.91,0.12,2.4,4.968,4.838,4.841,196356.39,160656.67,127247.01
2014-10-15,5.64,5.64,5.64,5.64,12326.59,0.51,9.94,5.12,4.936,4.885,158156.72,150807.8,124049.82
2014-10-16,6.2,6.2,5.82,5.72,1839935.75,0.18,3.19,5.3,5.044,4.935,502561.92,323193.94,211387.84
2014-10-17,5.72,5.8,5.62,5.5,793223.19,-0.2,-3.44,5.444,5.142,4.974,633308.81,388561.38,246944.33
2014-10-20,5.63,5.74,5.69,5.56,429856.62,0.07,1.25,5.58,5.24,5.015,676347.81,417628.93,263222.98
2014-10-21,5.68,5.71,5.56,5.52,310396.5,-0.13,-2.29,5.666,5.317,5.045,677147.73,436752.06,272394.76
2014-10-22,5.56,5.6,5.49,5.47,328743.53,-0.07,-1.26,5.636,5.378,5.071,740431.12,449293.92,285193.39
2014-10-23,5.48,5.55,5.48,5.45,344538.0,-0.01,-0.18,5.568,5.434,5.098,441351.57,471956.74,298828.62
2014-10-24,5.48,5.61,5.46,5.4,313700.62,-0.02,-0.36,5.536,5.49,5.126,345447.05,489377.93,310097.92
2014-10-27,5.42,5.54,5.47,5.42,237631.62,0.01,0.18,5.492,5.536,5.163,307002.05,491674.93,317312.61
2014-10-28,5.51,5.58,5.57,5.51,406539.66,0.1,1.83,5.494,5.58,5.209,326230.69,501689.21,331172.94
2014-10-29,5.6,5.67,5.58,5.54,458142.19,0.01,0.18,5.512,5.574,5.255,352110.42,546270.77,348539.28
2014-10-30,5.57,5.75,5.68,5.55,525326.94,0.1,1.79,5.552,5.56,5.302,388268.21,414809.89,369001.91
2014-10-31,5.7,5.73,5.63,5.57,410275.59,-0.05,-0.88,5.586,5.561,5.352,407583.2,376515.13,382538.25
2014-11-03,5.67,5.72,5.66,5.62,356348.12,0.03,0.53,5.624,5.558,5.399,431326.5,369164.28,393396.6
2014-11-04,5.67,5.68,5.6,5.57,287244.91,-0.06,-1.06,5.63,5.562,5.44,407467.55,366849.12,401800.59
2014-11-05,5.61,5.65,5.62,5.56,258734.2,0.02,0.36,5.638,5.575,5.477,367585.95,359848.19,404571.05
2014-11-06,5.62,5.64,5.62,5.56,240892.66,0.0,0.0,5.626,5.589,5.512,310699.1,349483.65,410720.2
2014-11-07,5.61,5.64,5.52,5.51,310420.34,-0.1,-1.78,5.604,5.595,5.543,290728.05,349155.62,419266.78
2014-11-10,5.52,5.58,5.57,5.47,244509.52,0.05,0.91,5.586,5.605,5.571,268360.33,349843.41,420759.17
2014-11-11,5.58,5.62,5.48,5.38,372585.62,-0.09,-1.62,5.562,5.596,5.588,285428.47,346448.01,424068.61
2014-11-12,5.48,5.5,5.49,5.43,165261.34,0.01,0.18,5.536,5.587,5.581,266733.9,317159.92,431715.35
2014-11-13,5.5,5.51,5.45,5.38,214565.06,-0.04,-0.73,5.502,5.564,5.562,261468.38,286083.74,350446.81
2014-11-14,5.43,5.43,5.38,5.35,182204.44,-0.07,-1.28,5.474,5.539,5.55,235825.2,263276.62,319895.87
2014-11-17,5.4,5.46,5.42,5.39,165761.56,0.04,0.74,5.444,5.515,5.537,220075.6,244217.97,306691.12
2014-11-18,5.43,5.43,5.38,5.36,187627.11,-0.04,-0.74,5.424,5.493,5.528,183083.9,234256.19,300552.65
2014-11-19,5.39,5.48,5.46,5.37,231223.94,0.08,1.49,5.418,5.477,5.526,196276.42,231505.16,295676.67
2014-11-20,5.45,5.5,5.45,5.43,140773.94,-0.01,-0.18,5.418,5.46,5.525,181518.2,221493.29,285488.47
2014-11-21,5.45,5.5,5.5,5.43,168318.36,0.05,0.92,5.442,5.458,5.527,178740.98,207283.09,278219.36
2014-11-24,5.58,5.65,5.61,5.52,363578.25,0.11,2.0,5.48,5.462,5.534,218304.32,219189.96,284516.69
2014-11-25,5.61,5.66,5.65,5.59,355795.84,0.04,0.71,5.534,5.479,5.538,251938.07,217510.98,281979.5
2014-11-26,5.66,5.67,5.64,5.57,326627.78,-0.01,-0.18,5.57,5.494,5.541,271018.83,233647.63,275403.78
2014-11-27,5.65,5.79,5.76,5.62,510901.22,0.12,2.13,5.632,5.525,5.545,345044.29,263281.24,274682.49
2014-11-28,5.76,5.78,5.69,5.66,337310.16,-0.07,-1.22,5.67,5.556,5.548,378842.65,278791.82,271034.22
2014-12-01,5.71,5.75,5.68,5.66,326033.47,-0.01,-0.18,5.684,5.582,5.549,371333.69,294819.01,269518.49
2014-12-02,5.68,5.73,5.69,5.66,338880.59,0.01,0.18,5.692,5.613,5.553,367950.64,309944.36,272100.27
2014-12-03,5.68,5.83,5.8,5.67,488678.25,0.11,1.93,5.724,5.647,5.562,400360.74,335689.79,283597.47
2014-12-04,5.86,6.25,6.1,5.85,970896.62,0.3,5.17,5.792,5.712,5.586,492359.82,418702.05,320097.67
2014-12-05,6.1,6.13,5.85,5.74,588220.75,-0.25,-4.1,5.824,5.747,5.603,542541.94,460692.29,333987.69
2014-12-08,5.85,6.05,5.98,5.82,521771.69,0.13,2.22,5.884,5.784,5.623,581689.58,476511.64,347850.8
2014-12-09,5.97,5.97,5.63,5.6,745929.75,-0.35,-5.85,5.872,5.782,5.631,663099.41,515525.03,366518.01
2014-12-10,5.64,5.82,5.77,5.61,390455.75,0.14,2.49,5.866,5.795,5.645,643454.91,521907.83,377777.73
2014-12-11,5.75,5.92,5.91,5.72,397763.69,0.14,2.43,5.828,5.81,5.668,528828.33,510594.07,386937.66
2014-12-12,5.92,5.98,5.95,5.86,369614.41,0.04,0.68,5.848,5.836,5.696,485107.06,513824.5,396308.16
2014-12-15,5.98,6.46,6.36,5.95,993642.06,0.41,6.89,5.924,5.904,5.743,579481.13,580585.36,437702.18
2014-12-16,6.4,6.44,6.29,6.22,529944.38,-0.07,-1.1,6.056,5.964,5.789,536284.06,599691.74,454818.04
2014-12-17,6.29,6.31,6.2,6.1,441228.12,-0.09,-1.43,6.142,6.004,5.826,546438.53,594946.72,465318.25
2014-12-18,6.2,6.42,6.26,6.18,388133.28,0.06,0.97,6.212,6.02,5.866,544512.45,536670.39,477686.22
2014-12-19,6.24,6.5,6.45,6.21,686358.69,0.19,3.04,6.312,6.08,5.914,607861.31,546484.18,503588.24
2014-12-22,6.55,6.6,6.16,6.11,743252.69,-0.29,-4.5,6.272,6.098,5.941,557783.43,568632.28,522571.96
2014-12-23,6.15,6.25,6.0,5.99,478231.56,-0.16,-2.6,6.214,6.135,5.959,547440.87,541862.46,528693.75
2014-12-24,6.02,6.1,6.09,5.98,318428.56,0.09,1.5,6.192,6.167,5.981,522880.96,534659.74,528283.78
2014-12-25,6.09,6.2,6.19,6.06,296159.38,0.1,1.64,6.178,6.195,6.003,504486.18,524499.31,517546.69
2014-12-26,6.18,6.23,6.19,6.11,330927.69,0.0,0.0,6.126,6.219,6.028,433399.98,520630.64,517227.57
2014-12-29,6.24,6.32,6.14,6.08,389021.12,-0.05,-0.81,6.122,6.197,6.051,362553.66,460168.55,520376.95
2014-12-30,6.11,6.15,5.98,5.95,349909.88,-0.16,-2.61,6.118,6.166,6.065,336889.33,442165.1,520928.42
2014-12-31,5.95,6.07,6.02,5.94,321638.31,0.04,0.67,6.104,6.148,6.076,337531.28,430206.12,512576.42
2015-01-05,6.02,6.29,6.24,6.0,545912.75,0.22,3.65,6.114,6.146,6.083,387481.95,445984.06,491327.23
2015-01-06,6.24,6.34,6.34,6.15,503679.62,0.1,1.6,6.144,6.135,6.108,422032.34,427716.16,487100.17
2015-01-30,6.33,6.55,6.08,6.06,829396.81,-0.26,-4.1,6.132,6.127,6.113,510107.47,436330.57,502481.42
2015-02-02,6.0,6.69,6.49,5.97,862600.31,0.41,6.74,6.234,6.176,6.156,612645.56,474767.44,508314.95
2015-02-03,6.55,7.14,7.14,6.55,1509430.88,0.65,10.02,6.458,6.281,6.224,850204.07,593867.68,564263.71
2015-02-04,7.3,7.34,6.98,6.93,1276338.0,-0.16,-2.24,6.606,6.36,6.278,996289.12,691885.54,608192.42
2015-02-05,7.03,7.57,7.17,6.94,1306115.38,0.19,2.72,6.772,6.458,6.339,1156776.28,789404.31,655017.47
2015-02-06,7.17,7.33,7.26,7.02,736501.88,0.09,1.25,7.008,6.57,6.384,1138197.29,824152.38,642160.46
2015-02-09,7.25,7.42,7.03,7.0,733374.19,-0.23,-3.17,7.116,6.675,6.421,1112352.07,862498.81,652331.95
2015-02-10,6.98,7.17,7.14,6.83,574438.12,0.11,1.56,7.116,6.787,6.468,925353.51,887778.79,658992.46
2015-02-11,7.13,7.74,7.55,7.11,898757.75,0.41,5.74,7.23,6.918,6.532,849837.46,923063.29,684523.68
2015-02-12,7.63,7.74,7.57,7.4,590866.69,0.02,0.27,7.31,7.041,6.588,706787.73,931782.0,679749.08
2015-02-13,7.58,7.87,7.59,7.52,591706.69,0.02,0.26,7.376,7.192,6.66,677828.69,908012.99,672171.78
2015-02-16,7.6,7.8,7.75,7.5,465528.62,0.16,2.11,7.52,7.318,6.747,624259.57,868305.82,671536.63
2015-02-17,7.75,8.03,7.97,7.63,508761.81,0.22,2.84,7.686,7.401,6.841,611124.31,768238.91,681053.29
2015-02-25,8.0,8.6,8.39,7.99,668498.12,0.42,5.27,7.854,7.542,6.951,565072.39,707454.93,699670.23
2015-02-26,8.34,8.68,8.41,8.21,611197.44,0.02,0.24,8.022,7.666,7.062,569138.54,637963.13,713683.72
2015-02-27,8.36,8.67,8.3,8.28,484776.91,-0.11,-1.31,8.164,7.77,7.17,547752.58,612790.63,718471.51
2015-03-02,8.35,8.58,8.57,8.02,815732.81,0.27,3.25,8.328,7.924,7.3,617793.42,621026.5,741762.65
2015-03-03,8.59,8.65,8.27,8.22,535342.81,-0.3,-3.5,8.388,8.037,7.412,623109.62,617116.97,752447.88
2015-03-04,8.26,8.59,8.53,8.16,475093.34,0.26,3.14,8.416,8.135,7.527,584428.66,574750.52,748906.91
2015-03-05,8.58,8.6,8.58,8.32,449743.25,0.05,0.59,8.45,8.236,7.639,552137.82,560638.18,746210.09
2015-03-06,8.48,8.52,8.01,8.0,968828.06,-0.57,-6.64,8.392,8.278,7.735,648948.05,598350.32,753181.65
2015-03-09,7.9,8.23,8.17,7.82,507544.28,0.16,2.0,8.312,8.32,7.819,587310.35,602551.88,735428.85
2015-03-10,8.11,8.49,8.27,8.07,406248.12,0.1,1.22,8.312,8.35,7.876,561491.41,592300.51,680269.71
2015-03-11,8.19,8.37,8.19,8.16,250986.52,-0.08,-0.97,8.244,8.33,7.936,516670.05,550549.35,629002.14
2015-03-12,8.15,8.3,8.16,8.04,332786.78,-0.03,-0.37,8.16,8.305,7.986,493278.75,522708.29,580335.71
2015-03-13,8.15,8.28,8.2,8.11,202499.27,0.04,0.49,8.198,8.295,8.033,340012.99,494480.52,553635.58
2015-03-16,8.26,8.63,8.6,8.23,601770.69,0.4,4.88,8.284,8.298,8.111,358858.28,473084.31,547055.4
2015-03-17,8.64,9.28,8.95,8.62,758116.81,0.35,4.07,8.42,8.366,8.202,429232.01,495361.71,556239.34
2015-03-18,9.04,9.12,9.05,8.87,475223.16,0.1,1.12,8.592,8.418,8.277,474079.34,495374.69,535062.61
2015-03-19,9.0,9.08,8.99,8.88,383247.66,-0.06,-0.66,8.758,8.459,8.348,484171.52,488725.13,524681.66
2015-03-20,8.96,9.3,9.07,8.95,523307.31,0.08,0.89,8.932,8.565,8.422,548333.13,444173.06,521261.69
2015-03-23,9.1,9.17,9.11,8.92,646161.06,0.04,0.44,9.034,8.659,8.49,557211.2,458034.74,530293.31
2015-03-24,9.2,9.2,8.89,8.66,688990.69,-0.22,-2.42,9.022,8.721,8.536,543385.98,486309.0,539304.75
2015-03-25,8.88,8.88,8.79,8.74,474613.31,-0.1,-1.12,8.97,8.781,8.556,543264.01,508671.67,529610.51
2015-03-26,8.77,9.2,9.11,8.59,735160.25,0.32,3.64,8.994,8.876,8.591,613646.52,548909.02,535808.65
2015-03-27,9.12,9.25,9.13,8.98,548107.19,0.02,0.22,9.006,8.969,8.632,618606.5,583469.81,538975.17
2015-03-30,9.13,9.66,9.59,9.08,943449.25,0.46,5.04,9.102,9.068,8.683,678064.14,617637.67,545360.99
2015-03-31,9.7,9.7,9.4,9.35,677963.38,-0.19,-1.98,9.204,9.113,8.74,675858.68,609622.33,552492.02
2015-04-01,9.45,9.61,9.54,9.37,493235.56,0.14,1.49,9.354,9.162,8.79,679583.13,611423.57,553399.13
2015-04-02,9.61,9.96,9.78,9.53,728210.38,0.24,2.52,9.488,9.241,8.85,678193.15,645919.84,567322.49
2015-04-03,9.8,10.37,10.31,9.64,901005.31,0.53,5.42,9.724,9.365,8.965,748772.78,683689.64,563931.35
2015-04-07,10.34,10.97,10.37,10.23,1194321.5,0.06,0.58,9.88,9.491,9.075,798947.23,738505.68,598270.21
2015-04-08,10.35,10.49,10.26,9.98,765208.88,-0.11,-1.06,10.052,9.628,9.175,816396.33,746127.5,616218.25
2015-04-09,10.27,10.35,10.27,9.7,829025.19,0.01,0.1,10.198,9.776,9.279,883554.25,781568.69,645120.18
2015-04-10,10.25,11.12,10.98,10.1,1037455.12,0.71,6.91,10.438,9.963,9.42,945403.2,811798.18,680353.6
2015-04-13,11.06,12.08,12.08,11.0,995903.88,1.1,10.02,10.792,10.258,9.614,964382.91,856577.85,720023.83
2015-04-14,12.24,13.19,12.45,12.24,1210462.62,0.37,3.06,11.208,10.544,9.806,967611.14,883279.18,750458.43
2015-04-15,12.41,12.41,11.94,11.73,861106.25,-0.51,-4.1,11.544,10.798,9.956,986790.61,901593.47,755607.9
2015-04-16,11.89,12.44,12.23,11.32,736954.75,0.29,2.43,11.936,11.067,10.115,968376.52,925965.39,768694.48
2015-04-17,12.36,12.88,12.34,12.13,840293.81,0.11,0.9,12.208,11.323,10.282,928944.26,937173.73,791546.78
2015-04-20,12.26,12.26,11.61,11.55,903209.69,-0.73,-5.92,12.114,11.453,10.409,910405.42,937394.17,810541.9
2015-04-21,11.6,12.14,12.02,11.4,609214.31,0.41,3.53,12.028,11.618,10.555,790155.76,878883.45,808694.57
2015-04-22,12.04,12.5,12.3,12.04,726588.62,0.28,2.33,12.1,11.822,10.725,763252.24,875021.42,810574.46
2015-04-23,12.4,13.42,13.19,12.21,1123801.38,0.89,7.24,12.292,12.114,10.945,840621.56,904499.04,843033.87
2015-04-24,13.2,14.38,14.11,12.83,1306564.62,0.92,6.97,12.646,12.427,11.195,933875.72,931409.99,871604.08
2015-04-27,14.36,15.13,14.15,14.01,1471049.38,0.04,0.28,13.154,12.634,11.446,1047443.66,978924.54,917751.19
2015-04-28,14.44,15.57,15.56,13.75,1879503.38,1.41,9.96,13.862,12.945,11.745,1301501.48,1045828.62,964553.9
2015-04-29,15.0,16.78,16.25,14.69,1350725.38,0.69,4.43,14.652,13.376,12.087,1426328.83,1094790.53,998192.0
2015-04-30,16.29,16.77,16.01,15.99,1042697.56,-0.24,-1.48,15.216,13.754,12.411,1410108.06,1125364.81,1025665.1
2015-05-04,16.05,16.05,15.57,15.5,858887.25,-0.44,-2.75,15.508,14.077,12.7,1320572.59,1127224.16,1032198.94
2015-05-05,15.57,15.71,14.75,14.43,950350.56,-0.82,-5.27,15.628,14.391,12.922,1216432.83,1131938.24,1034666.21
2015-05-06,14.73,15.6,15.24,14.65,902947.25,0.49,3.32,15.564,14.713,13.166,1021121.6,1161311.54,1020097.49
2015-05-07,15.05,15.5,14.98,14.9,668733.19,-0.26,-1.71,15.31,14.981,13.402,884723.16,1155525.99,1015273.71
2015-05-08,14.95,15.3,15.29,14.7,707207.69,0.31,2.07,15.166,15.191,13.653,817625.19,1113866.63,1009182.83
2015-05-11,15.5,16.2,16.1,15.4,807429.88,0.81,5.3,15.272,15.39,13.909,807333.71,1063953.15,997681.57
2015-05-12,16.6,17.71,17.71,16.46,1090619.0,1.61,10.0,15.864,15.746,14.19,835387.4,1025910.11,1002417.33
2015-05-13,18.0,18.6,17.51,17.25,1178824.0,-0.2,-1.13,16.318,15.941,14.443,890562.75,955842.18,1000835.4
2015-05-14,17.38,18.3,17.73,17.12,721313.25,0.22,1.26,16.868,16.089,14.733,901078.76,892900.96,993845.75
2015-05-15,17.6,17.67,16.99,16.8,784476.38,-0.74,-4.17,17.208,16.187,14.971,916532.5,867078.85,996221.83
2015-05-18,16.81,17.34,17.0,16.51,606020.56,0.01,0.06,17.388,16.33,15.204,876250.64,841792.18,984508.17
2015-05-19,17.02,17.77,17.63,16.8,717130.44,0.63,3.71,17.372,16.618,15.505,801552.93,818470.16,975204.2
2015-05-20,17.75,19.31,18.69,17.75,998889.56,1.06,6.01,17.608,16.963,15.838,765566.04,828064.39,994687.97
2015-05-21,18.79,19.13,18.72,18.52,688940.38,0.03,0.16,17.806,17.337,16.159,759091.46,830085.11,992805.55
2015-05-22,18.88,19.12,18.63,17.9,879978.75,-0.09,-0.48,18.134,17.671,16.431,778191.94,847362.22,980614.42
2015-05-25,18.9,19.94,19.51,18.9,945936.88,0.88,4.72,18.636,18.012,16.701,846175.2,861212.92,962583.04
2015-05-26,19.55,19.95,19.59,19.1,836258.88,0.08,0.41,19.028,18.2,16.973,870000.89,835776.91,930843.51
2015-05-27,19.67,19.89,19.29,19.1,732510.31,-0.3,-1.53,19.148,18.378,17.16,816725.04,791145.54,873493.86
2015-05-28,19.3,19.4,17.52,17.36,930244.25,-1.77,-9.18,18.908,18.357,17.223,864985.81,812038.64,852469.8
2015-05-29,17.33,18.38,17.9,16.47,950170.06,0.38,2.17,18.762,18.448,17.318,879024.08,828608.01,847843.43
2015-06-01,18.0,19.18,19.1,18.0,815591.75,1.2,6.7,18.68,18.658,17.494,852955.05,849565.13,845678.65
2015-06-02,19.2,21.01,21.01,18.78,1072054.75,1.91,10.0,18.964,18.996,17.807,900114.22,885057.56,851763.86
2015-06-03,21.05,23.09,22.55,21.01,1198508.38,1.54,7.33,19.616,19.382,18.173,993313.84,905019.44,866541.92
2015-06-04,22.95,22.97,22.55,20.45,894685.56,0.0,0.0,20.622,19.765,18.551,986202.1,925593.96,877839.54
2015-06-05,22.74,23.28,22.84,21.8,875463.06,0.29,1.29,21.61,20.186,18.929,971260.7,925142.39,886252.3
2015-06-08,23.03,23.04,21.67,21.55,766366.19,-1.17,-5.12,22.124,20.402,19.207,961415.59,907185.32,884199.12
2015-06-09,21.26,22.22,21.98,20.73,637553.56,0.31,1.43,22.318,20.641,19.421,874515.35,887314.79,861545.85
2015-06-10,22.2,24.1,23.4,21.6,1011781.0,1.42,6.46,22.488,21.052,19.715,837169.87,915241.86,853193.7
2015-06-11,23.3,23.6,23.07,22.68,649545.12,-0.33,-1.41,22.592,21.607,19.982,788141.79,887171.94,849605.29
2015-06-12,23.05,23.67,23.2,22.5,769730.31,0.13,0.56,22.664,22.137,20.293,766995.24,869127.97,848867.99
2015-06-15,23.21,23.38,22.16,22.0,645297.56,-1.04,-4.48,22.762,22.443,20.551,742781.51,852098.55,850831.84
2015-06-16,21.68,22.23,20.65,20.28,634165.5,-1.51,-6.81,22.496,22.407,20.702,742103.9,808309.62,846683.59
2015-06-17,20.67,22.67,22.44,20.5,730776.38,1.77,8.56,22.304,22.396,20.889,685902.97,761536.42,833277.93
