date,open,high,close,low,volume,price_change,p_change,ma5,ma10,ma20,v_ma5,v_ma10,v_ma20
2012-07-11,8.01,8.12,8.11,7.94,11736.45,0.07,0.87,8.11,8.11,8.11,11736.45,11736.45,11736.45
2012-07-12,8.13,8.23,8.18,8.03,21618.02,0.07,0.86,8.145,8.145,8.145,16677.24,16677.24,16677.24
2012-07-13,8.13,8.24,8.21,8.13,16429.19,0.03,0.37,8.167,8.167,8.167,16594.55,16594.55,16594.55
2012-07-16,8.21,8.3,8.02,7.95,40166.23,-0.19,-2.31,8.13,8.13,8.13,22487.47,22487.47,22487.47
2012-07-17,7.83,8.06,7.99,7.83,14796.37,-0.03,-0.37,8.102,8.102,8.102,20949.25,20949.25,20949.25
2012-07-18,7.98,8.21,8.19,7.97,15396.89,0.2,2.5,8.118,8.117,8.117,21681.34,20023.86,20023.86
2012-07-19,8.22,8.27,8.22,8.18,17637.02,0.03,0.37,8.126,8.131,8.131,20885.14,19682.88,19682.88
2012-07-20,8.21,8.21,8.14,8.11,5621.5,-0.08,-0.97,8.112,8.133,8.133,18723.6,17925.21,17925.21
2012-07-23,8.02,8.15,8.08,7.98,7869.96,-0.06,-0.74,8.124,8.127,8.127,12264.35,16807.96,16807.96
2012-07-24,8.08,8.25,8.19,8.05,8848.57,0.11,1.36,8.164,8.133,8.133,11074.79,16012.02,16012.02
2012-07-25,8.14,8.19,8.09,7.9,8730.5,-0.1,-1.22,8.144,8.131,8.129,9741.51,15711.43,15350.06
2012-07-26,8.09,8.09,7.99,7.95,13004.47,-0.1,-1.24,8.098,8.112,8.118,8815.0,14850.07,15154.6
2012-07-27,8.02,8.05,7.98,7.96,7486.97,-0.01,-0.12,8.066,8.089,8.107,9188.09,13955.85,14564.78
2012-07-30,7.99,8.03,7.99,7.96,8201.81,0.01,0.12,8.048,8.086,8.099,9254.46,10759.41,14110.28
2012-07-31,8.0,8.02,7.56,7.45,28343.78,-0.43,-5.38,7.922,8.043,8.063,13153.51,12114.15,15059.18
2012-08-01,7.51,7.65,7.51,7.45,13760.7,-0.05,-0.66,7.806,7.975,8.028,14159.55,11950.53,14978.03
2012-08-02,7.51,7.57,7.39,7.3,14171.08,-0.12,-1.6,7.686,7.892,7.991,14392.87,11603.93,14930.56
2012-08-03,7.43,7.7,7.69,7.31,15865.02,0.3,4.06,7.628,7.847,7.974,16068.48,12628.29,14982.47
2012-08-06,7.6,7.88,7.82,7.55,21267.15,0.13,1.69,7.594,7.821,7.966,18681.55,13968.01,15313.25
2012-08-07,7.86,8.03,7.9,7.86,17098.5,0.08,1.02,7.662,7.792,7.963,16432.49,14793.0,15402.51
2012-08-08,7.9,8.06,7.92,7.78,24663.14,0.02,0.25,7.744,7.775,7.953,18612.98,16386.26,16048.84
2012-08-09,7.97,8.09,8.03,7.85,20628.92,0.11,1.39,7.872,7.779,7.946,19904.55,17148.71,15999.39
2012-08-10,8.03,8.05,7.89,7.83,25303.48,-0.14,-1.74,7.912,7.77,7.93,21792.24,18930.36,16443.1
2012-08-13,7.9,7.92,7.85,7.8,8771.95,-0.04,-0.51,7.918,7.756,7.921,19293.2,18987.37,14873.39
2012-08-14,7.81,7.91,7.83,7.7,13053.13,-0.02,-0.26,7.904,7.783,7.913,18484.12,17458.31,14786.23
2012-08-15,7.87,7.87,7.69,7.56,8694.79,-0.14,-1.79,7.858,7.801,7.888,15290.45,16951.72,14451.12
2012-08-16,7.68,7.87,7.75,7.66,8145.94,0.06,0.78,7.802,7.837,7.865,12793.86,16349.2,13976.57
2012-08-17,7.81,7.94,7.88,7.74,11767.22,0.13,1.68,7.8,7.856,7.852,10086.61,15939.42,14283.85
2012-08-20,7.8,7.95,7.94,7.8,11777.57,0.06,0.76,7.818,7.868,7.845,10687.73,14990.46,14479.23
2012-08-21,7.95,8.03,8.01,7.9,21130.32,0.07,0.88,7.854,7.879,7.836,12303.17,15393.65,15093.32
2012-08-22,8.09,8.09,7.92,7.85,10241.93,-0.09,-1.12,7.9,7.879,7.827,12612.6,13951.53,15168.89
2012-08-23,7.94,8.0,7.92,7.85,13677.55,0.0,0.0,7.934,7.868,7.824,13718.92,13256.39,15202.55
2012-08-24,7.94,7.94,7.88,7.75,11605.99,-0.04,-0.51,7.934,7.867,7.819,13686.67,11886.64,15408.5
2012-08-27,7.8,8.33,8.14,7.7,33387.35,0.26,3.3,7.974,7.896,7.826,18008.63,14348.18,16667.78
2012-08-28,8.02,8.4,8.36,8.02,46979.88,0.22,2.7,8.044,7.949,7.866,23178.54,17740.85,17599.58
2012-08-29,8.3,8.43,8.24,8.15,31148.53,-0.12,-1.44,8.108,8.004,7.903,27359.86,19986.23,18468.97
2012-08-30,8.24,8.79,8.73,8.2,81777.25,0.49,5.95,8.27,8.102,7.97,40979.8,27349.36,21849.28
2012-08-31,8.69,9.11,8.55,8.48,95045.64,-0.18,-2.06,8.404,8.169,8.013,57667.73,35677.2,25808.31
2012-09-03,8.46,8.75,8.69,8.4,56008.32,0.14,1.64,8.514,8.244,8.056,62191.92,40100.28,27545.37
2012-09-04,8.69,8.97,8.57,8.51,47527.57,-0.12,-1.38,8.556,8.3,8.09,62301.46,42740.0,29066.82
2012-09-05,8.55,8.55,8.47,8.39,27236.93,-0.1,-1.17,8.602,8.355,8.117,61519.14,44439.5,29195.51
2012-09-06,8.46,8.66,8.55,8.44,26459.44,0.08,0.94,8.566,8.418,8.143,50455.58,45717.69,29487.04
2012-09-07,8.6,8.95,8.78,8.6,52844.67,0.23,2.69,8.612,8.508,8.188,42015.39,49841.56,30864.1
2012-09-10,8.93,9.25,9.03,8.73,51626.53,0.25,2.85,8.68,8.597,8.247,41139.03,51665.48,33006.83
2012-09-11,8.87,8.99,8.93,8.8,39802.14,-0.1,-1.11,8.752,8.654,8.302,39593.94,50947.7,34344.28
2012-09-12,8.83,9.14,9.0,8.83,40835.41,0.07,0.78,8.858,8.73,8.367,42313.64,51916.39,35951.31
2012-09-13,9.1,9.36,9.02,9.01,60554.64,0.02,0.22,8.952,8.759,8.431,49132.68,49794.13,38571.74
2012-09-14,9.2,9.2,9.05,8.8,75237.79,0.03,0.33,9.006,8.809,8.489,53611.3,47813.34,41745.27
2012-09-17,8.99,8.99,8.55,8.52,59940.33,-0.5,-5.53,8.91,8.795,8.52,55274.06,48206.55,44153.41
2012-09-18,8.5,8.74,8.46,8.38,48545.96,-0.09,-1.05,8.816,8.784,8.542,57022.83,48308.38,45524.19
2012-09-19,8.5,8.54,8.48,8.37,21672.74,0.02,0.24,8.712,8.785,8.57,53190.29,47751.97,46095.73
2012-09-20,8.48,8.5,8.26,8.19,40812.93,-0.22,-2.59,8.56,8.756,8.587,49241.95,49187.31,47452.5
2012-09-21,8.23,8.54,8.39,8.17,31066.65,0.13,1.57,8.428,8.717,8.613,40407.72,47009.51,48425.54
2012-09-24,8.4,8.63,8.55,8.32,31116.36,0.16,1.91,8.428,8.669,8.633,34642.93,44958.5,48311.99
2012-09-25,8.46,8.47,8.39,8.33,17489.8,-0.16,-1.87,8.414,8.615,8.635,28431.7,42727.26,46837.48
2012-09-26,8.39,8.4,8.12,8.0,29523.5,-0.27,-3.22,8.342,8.527,8.629,30001.85,41596.07,46756.23
2012-09-27,8.02,8.35,8.26,8.02,17827.62,0.14,1.72,8.342,8.451,8.605,25404.79,37323.37,43558.75
2012-09-28,8.26,8.5,8.44,8.15,19376.65,0.18,2.18,8.352,8.39,8.6,23066.79,31737.25,39775.3
2012-10-08,8.43,8.5,8.44,8.32,21354.52,0.0,0.0,8.33,8.379,8.587,21114.42,27878.67,38042.61
2012-10-09,8.45,8.64,8.63,8.43,25956.46,0.19,2.25,8.378,8.396,8.59,22807.75,25619.72,36964.05
2012-10-10,8.6,8.75,8.64,8.6,22162.52,0.01,0.12,8.482,8.412,8.599,21335.55,25668.7,36710.33
2012-10-11,8.64,8.64,8.58,8.44,19273.05,-0.06,-0.69,8.546,8.444,8.6,21624.64,23514.71,36351.01
2012-10-12,8.58,8.88,8.78,8.57,59890.16,0.2,2.33,8.614,8.483,8.6,29727.34,26397.06,36703.29
2012-10-15,8.79,9.09,8.82,8.68,79297.94,0.04,0.46,8.69,8.51,8.59,41316.03,31215.22,38086.86
2012-10-16,8.76,8.79,8.66,8.6,39439.99,-0.16,-1.81,8.696,8.537,8.576,44012.73,33410.24,38068.75
2012-10-17,8.66,8.7,8.45,8.44,33300.28,-0.21,-2.42,8.658,8.57,8.549,46240.28,33787.92,37691.99
2012-10-18,8.47,8.54,8.52,8.43,44895.01,0.07,0.83,8.646,8.596,8.524,51364.68,36494.66,36909.01
2012-10-19,8.52,8.55,8.48,8.48,15875.47,-0.04,-0.47,8.586,8.6,8.495,42561.74,36144.54,33940.9
2012-10-22,8.48,8.8,8.79,8.45,60694.35,0.31,3.66,8.58,8.635,8.507,38841.02,40078.52,33978.6
2012-10-23,8.7,8.82,8.71,8.65,25595.62,-0.08,-0.91,8.59,8.643,8.52,36072.15,40042.44,32831.08
2012-10-24,8.7,8.95,8.57,8.5,33053.79,-0.14,-1.61,8.614,8.636,8.524,36022.85,41131.57,33400.13
2012-10-25,8.59,8.94,8.85,8.45,73153.59,0.28,3.27,8.68,8.663,8.554,41674.56,46519.62,35017.17
2012-10-26,8.76,8.86,8.58,8.47,44717.9,-0.27,-3.05,8.7,8.643,8.563,47443.05,45002.39,35699.73
2012-10-29,8.62,8.75,8.72,8.4,51304.57,0.14,1.63,8.686,8.633,8.572,45565.09,42203.06,36709.14
2012-10-30,8.7,8.9,8.76,8.7,46807.19,0.04,0.46,8.696,8.643,8.59,49807.41,42939.78,38175.01
2012-10-31,8.76,9.39,9.12,8.66,146465.33,0.36,4.11,8.806,8.71,8.64,72489.72,54256.28,44022.1
2012-11-01,9.04,9.33,9.13,9.0,102284.19,0.01,0.11,8.862,8.771,8.684,78315.84,59995.2,48244.93
2012-11-02,9.13,9.22,9.1,9.01,51579.73,-0.03,-0.33,8.966,8.833,8.717,79688.2,63565.63,49855.08
2012-11-05,9.1,9.42,9.17,9.07,95511.71,0.07,0.77,9.056,8.871,8.753,88529.63,67047.36,53562.94
2012-11-06,9.1,9.27,9.2,8.75,80338.44,0.03,0.33,9.144,8.92,8.782,95235.88,72521.64,56282.04
2012-11-07,9.17,9.25,9.08,9.02,39131.9,-0.12,-1.3,9.136,8.971,8.804,73769.19,73129.45,57130.51
2012-11-08,8.95,9.21,9.01,8.85,43332.0,-0.07,-0.77,9.112,8.987,8.825,61978.76,70147.3,58333.46
2012-11-09,9.01,9.18,8.99,8.81,44646.66,-0.02,-0.22,9.09,9.028,8.836,60592.14,70140.17,57571.28
2012-11-12,8.91,9.06,8.98,8.87,24390.2,-0.01,-0.11,9.052,9.054,8.844,46367.84,67448.74,54825.9
2012-11-13,9.0,9.05,8.97,8.85,30216.16,-0.01,-0.11,9.006,9.075,8.859,36343.38,65789.63,54364.7
2012-11-14,8.87,9.05,9.04,8.59,43541.56,0.07,0.78,8.998,9.067,8.889,37225.32,55497.26,54876.77
2012-11-15,9.01,9.01,8.92,8.81,16440.49,-0.12,-1.33,8.98,9.046,8.909,31847.01,46912.89,53454.04
2012-11-16,8.87,8.87,8.64,8.49,37015.1,-0.28,-3.14,8.91,9.0,8.917,30320.7,45456.42,54511.02
2012-11-19,8.58,8.74,8.69,8.56,12805.48,0.05,0.58,8.852,8.952,8.912,28003.76,37185.8,52116.58
2012-11-20,8.7,8.88,8.75,8.7,18760.13,0.06,0.69,8.808,8.907,8.914,25712.55,31027.97,51774.81
2012-11-21,8.75,8.96,8.95,8.6,19219.05,0.2,2.29,8.79,8.894,8.933,20848.05,29036.68,51083.07
2012-11-22,8.92,9.25,9.08,8.88,56534.51,0.13,1.45,8.822,8.901,8.944,28866.85,30356.93,50252.12
2012-11-23,9.09,9.24,9.23,8.95,39063.99,0.15,1.65,8.94,8.925,8.977,29276.63,29798.67,49969.42
2012-11-26,9.22,9.22,9.06,8.99,21728.73,-0.17,-1.84,9.014,8.933,8.994,31061.28,29532.52,48490.63
2012-11-27,8.98,8.98,8.78,8.65,32089.67,-0.28,-3.09,9.02,8.914,8.995,33727.19,29719.87,47754.75
2012-11-28,8.72,8.95,8.89,8.5,23623.38,0.11,1.25,9.008,8.899,8.983,34608.06,27728.05,41612.65
2012-11-29,8.89,8.94,8.61,8.58,35204.49,-0.28,-3.15,8.914,8.868,8.957,30342.05,29604.45,38258.67
2012-11-30,8.72,8.75,8.72,8.45,23692.28,0.11,1.28,8.812,8.876,8.938,27267.71,28272.17,36864.3
2012-12-03,8.71,8.87,8.76,8.65,19589.75,0.04,0.46,8.752,8.883,8.918,26839.91,28950.6,33068.2
2012-12-04,8.8,9.13,9.07,8.76,41864.37,0.31,3.54,8.81,8.915,8.911,28794.85,31261.02,31144.49
2012-12-05,9.09,9.35,9.3,8.98,69406.06,0.23,2.54,8.892,8.95,8.922,37951.39,36279.72,32658.2
2012-12-06,9.25,9.61,9.36,9.05,88140.97,0.06,0.65,9.042,8.978,8.94,48538.69,39440.37,34898.65
2012-12-07,9.31,9.57,9.29,9.2,82170.2,-0.07,-0.75,9.156,8.984,8.955,60234.27,43750.99,36774.83
2012-12-10,9.29,9.32,9.22,9.17,49906.25,-0.07,-0.75,9.248,9.0,8.967,66297.57,46568.74,38050.63
2012-12-11,9.22,9.32,9.18,9.13,35774.38,-0.04,-0.43,9.27,9.04,8.977,65079.57,46937.21,38328.54
2012-12-12,9.0,9.1,8.79,8.65,273094.72,-0.39,-4.25,9.168,9.03,8.965,105817.3,71884.35,49806.2
2012-12-13,8.7,8.94,8.81,8.62,86364.52,0.02,0.23,9.058,9.05,8.959,105462.01,77000.35,53302.4
2012-12-14,8.86,9.16,9.1,8.81,152739.62,0.29,3.29,9.02,9.088,8.982,119575.9,89905.08,59088.63
2012-12-17,9.08,9.19,8.98,8.97,70885.58,-0.12,-1.32,8.972,9.11,8.997,123771.76,95034.67,61992.63
2012-12-18,8.97,9.05,8.94,8.8,76193.91,-0.04,-0.45,8.924,9.097,9.006,131855.67,98467.62,64864.32
2012-12-19,8.92,9.07,9.05,8.92,65990.35,0.11,1.23,8.976,9.072,9.011,90434.8,98126.05,67202.89
2012-12-20,9.06,9.18,9.15,9.0,72971.24,0.1,1.1,9.044,9.051,9.015,87756.14,96609.08,68024.72
2012-12-21,9.15,9.16,8.9,8.88,69607.77,-0.25,-2.73,9.004,9.012,8.998,71129.77,95352.83,69551.91
2012-12-24,8.84,9.15,9.13,8.7,73740.8,0.23,2.58,9.034,9.003,9.002,71700.81,97736.29,72152.52
2012-12-25,9.08,9.36,9.32,9.03,105602.86,0.19,2.08,9.11,9.017,9.029,77582.6,104719.14,75828.18
2012-12-26,9.32,9.42,9.34,9.19,80858.67,0.02,0.21,9.168,9.072,9.051,80556.27,85495.53,78689.94
2012-12-27,9.32,9.42,9.31,9.03,100010.66,-0.03,-0.32,9.2,9.122,9.086,85964.15,86860.15,81930.25
2012-12-28,9.26,9.32,9.24,9.16,56870.62,-0.07,-0.75,9.268,9.136,9.112,83416.72,77273.25,83589.16
2012-12-31,9.27,9.65,9.53,9.24,92417.1,0.29,3.14,9.348,9.191,9.151,87151.98,79426.4,87230.53
2013-01-04,9.56,9.66,9.45,9.35,70353.22,-0.08,-0.84,9.374,9.242,9.17,80102.05,78842.33,88654.98
2013-01-07,9.44,9.95,9.92,9.38,111318.18,0.47,4.97,9.49,9.329,9.201,86193.96,83375.11,90750.58
2013-01-08,9.89,10.15,9.86,9.7,70851.89,-0.06,-0.6,9.6,9.4,9.226,80362.2,83163.18,89886.13
2013-01-09,9.84,10.14,10.07,9.75,64161.36,0.21,2.13,9.766,9.517,9.265,81820.35,82618.54,88985.69
2013-01-10,10.08,10.13,10.0,9.91,37407.41,-0.07,-0.69,9.86,9.604,9.304,70818.41,78985.2,88360.74
2013-01-11,10.05,10.05,9.47,9.25,214379.77,-0.53,-5.3,9.864,9.619,9.318,99623.72,89862.89,97291.01
2013-01-14,9.41,9.7,9.63,9.28,141042.81,0.16,1.69,9.806,9.648,9.36,105568.65,95881.3,90688.42
2013-01-15,9.61,9.7,9.63,9.52,106684.18,0.0,0.0,9.76,9.68,9.401,112735.11,96548.65,91704.4
2013-01-16,9.6,9.6,9.44,9.37,92768.65,-0.19,-1.97,9.634,9.7,9.418,118456.56,100138.46,88705.85
2013-01-17,9.42,9.6,9.52,9.35,51730.79,0.08,0.85,9.538,9.699,9.445,121321.24,96069.83,87748.11
2013-01-18,9.5,9.6,9.56,9.46,54014.61,0.04,0.42,9.556,9.71,9.476,89248.21,94435.97,86639.15
2013-01-21,9.57,9.81,9.78,9.51,84882.85,0.22,2.3,9.586,9.696,9.513,78016.22,91792.43,87583.77
2013-01-22,9.73,9.73,9.51,9.47,61960.09,-0.27,-2.76,9.562,9.661,9.531,69071.4,90903.25,87033.21
2013-01-23,9.49,9.54,9.5,9.31,70554.06,-0.01,-0.1,9.574,9.604,9.561,64628.48,91542.52,87080.53
2013-01-24,9.5,9.53,9.34,9.11,62219.11,-0.16,-1.68,9.538,9.538,9.571,66726.14,94023.69,86504.44
2013-01-25,9.31,9.34,9.25,9.18,26040.44,-0.09,-0.96,9.476,9.516,9.568,61131.31,75189.76,82526.32
2013-01-28,9.24,9.45,9.4,9.2,40457.16,0.15,1.62,9.4,9.493,9.571,52246.17,65131.19,80506.25
2013-01-29,9.41,9.54,9.5,9.35,40037.69,0.1,1.06,9.398,9.48,9.58,47861.69,58466.55,77507.6
2013-01-30,9.5,9.55,9.5,9.27,56848.3,0.0,0.0,9.398,9.486,9.593,45120.54,54874.51,77506.48
2013-01-31,9.44,9.48,9.37,9.33,39184.56,-0.13,-1.37,9.404,9.471,9.585,40513.63,53619.89,74844.86
2013-02-01,9.33,9.55,9.55,9.31,47967.15,0.18,1.92,9.464,9.47,9.59,44898.97,53015.14,73725.55
2013-02-04,9.54,9.65,9.56,9.42,59933.6,0.01,0.1,9.496,9.448,9.572,48794.26,50520.22,71156.32
2013-02-05,9.52,9.67,9.64,9.42,42469.66,0.08,0.84,9.524,9.461,9.561,49280.65,48571.17,69737.21
2013-02-06,9.62,9.71,9.61,9.54,43217.39,-0.03,-0.31,9.546,9.472,9.538,46554.47,45837.51,68690.01
2013-02-07,9.61,9.77,9.69,9.61,49561.07,0.08,0.83,9.61,9.507,9.523,48629.77,44571.7,69297.7
2013-02-08,9.73,9.86,9.82,9.67,62378.71,0.13,1.34,9.664,9.564,9.54,51512.09,48205.53,61697.64
2013-02-18,9.89,10.1,9.83,9.76,73912.52,0.01,0.1,9.718,9.607,9.55,54307.87,51551.06,58341.13
2013-02-19,9.84,9.84,9.58,9.56,42725.51,-0.25,-2.54,9.706,9.615,9.548,54359.04,51819.85,55143.2
2013-02-20,9.56,10.1,10.04,9.51,143824.64,0.46,4.8,9.792,9.669,9.578,74480.49,60517.48,57696.0
2013-02-21,10.14,10.16,10.02,9.85,125282.9,-0.02,-0.2,9.858,9.734,9.603,89624.86,69127.32,61373.6
2013-02-22,9.99,10.12,9.93,9.72,86609.78,-0.09,-0.9,9.88,9.772,9.621,94471.07,72991.58,63003.36
2013-02-25,9.95,10.41,10.34,9.85,163676.56,0.41,4.13,9.982,9.85,9.649,112423.88,83365.87,66943.05
2013-02-26,10.35,10.44,10.12,10.02,105785.32,-0.22,-2.13,10.09,9.898,9.68,125035.84,89697.44,69134.31
2013-02-27,10.2,10.26,10.11,10.0,54932.54,-0.01,-0.1,10.104,9.948,9.71,107257.42,90868.96,68353.23
2013-02-28,10.06,10.27,10.26,9.85,93180.27,0.15,1.48,10.152,10.005,9.756,100836.89,95230.88,69901.29
2013-03-01,10.2,10.53,10.38,10.16,92274.46,0.12,1.17,10.242,10.061,9.813,101969.83,98220.45,73212.99
2013-03-04,10.27,10.28,9.91,9.85,89703.07,-0.47,-4.53,10.156,10.069,9.838,87175.13,99799.51,75675.29
2013-03-05,9.93,10.22,10.19,9.79,82102.17,0.28,2.83,10.17,10.13,9.873,82438.5,103737.17,77778.51
2013-03-06,10.23,10.29,10.13,10.05,65799.33,-0.06,-0.59,10.174,10.139,9.904,84611.86,95934.64,78226.06
2013-03-07,10.11,10.14,9.99,9.86,59975.31,-0.14,-1.38,10.12,10.136,9.935,77970.87,89403.88,79265.6
2013-03-08,9.99,9.99,9.72,9.62,88265.7,-0.27,-2.7,9.988,10.115,9.944,77169.12,89569.47,81280.53
2013-03-11,9.73,9.85,9.79,9.68,43931.21,0.07,0.72,9.964,10.06,9.955,68014.74,77594.94,80480.41
2013-03-12,9.8,9.9,9.61,9.5,55218.38,-0.18,-1.84,9.848,10.009,9.954,62637.99,72538.24,81117.84
2013-03-13,9.62,9.69,9.61,9.43,41342.94,0.0,0.0,9.744,9.959,9.954,57746.71,71179.28,81024.12
2013-03-14,9.6,9.76,9.61,9.54,30835.76,0.0,0.0,9.668,9.894,9.95,51918.8,64944.83,80087.85
2013-03-15,9.65,9.88,9.79,9.6,57865.73,0.18,1.87,9.682,9.835,9.948,45838.8,61503.96,79862.21
2013-03-18,9.75,9.88,9.73,9.7,24618.79,-0.06,-0.61,9.67,9.817,9.943,41976.32,54995.53,77397.52
2013-03-19,9.73,9.88,9.86,9.73,35130.93,0.13,1.34,9.72,9.784,9.957,37958.83,50298.41,77017.79
2013-03-20,9.82,10.02,9.99,9.82,47916.99,0.13,1.32,9.796,9.77,9.955,39273.64,48510.17,72222.41
2013-03-21,9.97,10.26,10.17,9.96,84545.73,0.18,1.8,9.908,9.788,9.962,50015.63,50967.22,70185.55
2013-03-22,10.18,10.27,10.16,10.0,65714.8,-0.01,-0.1,9.982,9.832,9.974,51585.45,48712.13,69140.8
2013-03-25,10.52,11.17,10.58,10.52,284069.03,0.42,4.13,10.152,9.911,9.986,103475.5,72725.91,75160.42
2013-03-26,10.3,10.42,10.3,10.16,91761.39,-0.28,-2.65,10.24,9.98,9.995,114801.59,76380.21,74459.23
2013-03-27,10.23,10.35,10.26,10.1,49391.98,-0.04,-0.39,10.294,10.045,10.002,115096.59,77185.11,74182.2
2013-03-28,10.16,10.17,9.91,9.88,49644.81,-0.35,-3.41,10.242,10.075,9.985,108116.4,79066.02,72005.43
2013-03-29,9.91,10.2,10.15,9.91,53916.86,0.24,2.42,10.24,10.111,9.973,105756.81,78671.13,70087.55
2013-04-01,10.15,10.29,10.19,9.98,40809.59,0.04,0.39,10.162,10.157,9.987,57104.93,80290.21,67642.87
2013-04-02,10.33,10.49,10.26,10.2,72076.38,0.07,0.69,10.154,10.197,9.991,53167.92,83984.76,67141.58
2013-04-03,10.28,10.45,10.25,10.09,45947.19,-0.01,-0.1,10.152,10.223,9.997,52478.97,83787.78,66148.98
2013-04-08,10.26,10.37,10.3,10.01,51703.19,0.05,0.49,10.23,10.236,10.012,52890.64,80503.52,65735.37
2013-04-09,10.34,10.35,9.98,9.9,131993.52,-0.32,-3.11,10.196,10.218,10.025,68505.97,87131.39,67921.76
2013-04-10,9.99,10.17,10.1,9.92,85344.47,0.12,1.2,10.178,10.17,10.041,77412.95,67258.94,69992.42
2013-04-11,10.15,10.16,9.96,9.93,37940.36,-0.14,-1.39,10.118,10.136,10.058,70585.75,61876.83,69128.52
2013-04-12,9.91,9.95,9.76,9.75,73023.75,-0.2,-2.01,10.02,10.086,10.066,76001.06,64240.01,70712.56
2013-04-15,9.74,9.74,9.51,9.4,52178.5,-0.25,-2.56,9.862,10.046,10.061,76096.12,64493.38,71779.7
2013-04-16,9.41,9.44,9.37,9.2,76376.16,-0.14,-1.47,9.74,9.968,10.04,64972.65,66739.31,72705.22
2013-04-17,9.37,9.56,9.52,9.34,46127.12,0.15,1.6,9.624,9.901,10.029,57129.18,67271.06,73780.64
2013-04-24,9.71,9.8,9.53,9.42,110089.57,0.01,0.1,9.538,9.828,10.013,71559.02,71072.38,77528.57
2013-04-25,9.48,9.48,9.12,9.06,71168.19,-0.41,-4.3,9.41,9.715,9.969,71187.91,73594.48,78691.13
2013-04-26,9.11,9.2,9.17,9.01,29624.72,0.05,0.55,9.342,9.602,9.919,66677.15,71386.64,75945.08
2013-05-02,9.14,9.14,8.83,8.82,50882.54,-0.34,-3.71,9.234,9.487,9.853,61578.43,63275.54,75203.47
2013-05-03,8.85,9.06,8.84,8.79,132934.67,0.01,0.11,9.098,9.361,9.766,78939.94,68034.56,67646.75
2013-05-06,8.9,9.15,9.07,8.86,106029.0,0.23,2.6,9.006,9.272,9.704,78127.82,74843.42,68360.13
2013-05-07,9.06,9.14,9.1,9.0,58909.74,0.03,0.33,9.002,9.206,9.646,75676.13,73432.02,68836.02
2013-05-08,9.12,9.19,9.18,9.11,56074.79,0.08,0.88,9.004,9.173,9.61,80966.15,73821.65,69157.52
2013-05-09,9.18,9.55,9.53,9.15,145171.75,0.35,3.81,9.144,9.189,9.579,99823.99,80701.21,73720.26
2013-05-10,9.41,9.85,9.72,9.41,99679.71,0.19,1.99,9.32,9.209,9.555,93173.0,86056.47,76663.77
2013-05-13,9.74,9.74,9.67,9.53,31850.62,-0.05,-0.51,9.44,9.223,9.526,78337.32,78232.57,74652.48
2013-05-14,9.65,9.65,9.33,9.21,60726.77,-0.34,-3.52,9.486,9.244,9.48,78700.73,77188.43,75391.46
2013-05-15,9.33,9.38,9.27,9.2,31693.87,-0.06,-0.64,9.504,9.254,9.428,73824.54,77395.35,74390.99
2013-05-16,9.25,9.48,9.47,9.17,46467.16,0.2,2.16,9.492,9.318,9.403,54083.63,76953.81,70114.67
2013-05-17,9.45,9.65,9.56,9.42,68310.37,0.09,0.95,9.46,9.39,9.376,47809.76,70491.38,69262.97
2013-05-20,9.57,9.85,9.84,9.52,85282.77,0.28,2.93,9.494,9.467,9.37,58496.19,68416.76,71630.09
2013-05-21,9.86,9.95,9.92,9.72,79484.5,0.08,0.81,9.612,9.549,9.378,62247.73,70474.23,71953.13
2013-05-22,9.89,9.97,9.74,9.72,69309.39,-0.18,-1.81,9.706,9.605,9.389,69770.84,71797.69,72809.67
2013-05-23,9.76,9.93,9.6,9.48,119935.68,-0.14,-1.44,9.732,9.612,9.401,84464.54,69274.08,74987.65
2013-05-24,9.66,9.75,9.59,9.39,90391.92,-0.01,-0.1,9.738,9.599,9.404,88880.85,68345.31,77200.89
2013-05-27,9.57,9.85,9.8,9.46,105807.62,0.21,2.19,9.73,9.612,9.418,92985.82,75741.01,76986.79
2013-05-28,9.83,9.98,9.88,9.73,119649.47,0.08,0.82,9.722,9.667,9.456,101018.82,81633.28,79410.85
2013-05-29,9.9,9.94,9.77,9.73,94281.29,-0.11,-1.11,9.728,9.717,9.486,106013.2,87892.02,82643.68
2013-05-30,9.77,9.82,9.56,9.46,115652.57,-0.21,-2.15,9.72,9.726,9.522,105156.57,94810.56,85882.18
2013-05-31,9.57,9.68,9.45,9.37,79079.95,-0.11,-1.15,9.692,9.715,9.553,102894.18,95887.52,83189.45
2013-06-03,9.4,9.72,9.67,9.39,81789.99,0.22,2.33,9.666,9.698,9.583,98090.65,95538.24,81977.5
2013-06-04,9.65,9.73,9.57,9.5,58983.18,-0.1,-1.03,9.604,9.663,9.606,85957.4,93488.11,81981.17
2013-06-05,9.56,9.95,9.91,9.54,165258.8,0.34,3.55,9.632,9.68,9.643,100152.9,103083.05,87440.37
2013-06-06,9.9,9.98,9.89,9.8,98280.63,-0.02,-0.2,9.698,9.709,9.661,96678.51,100917.54,85095.81
2013-06-07,9.88,10.05,10.02,9.73,111509.81,0.13,1.31,9.812,9.752,9.676,103164.48,103029.33,85687.32
2013-06-13,10.0,10.0,9.31,9.18,88302.06,-0.71,-7.09,9.74,9.703,9.658,104466.9,101278.78,88509.89
2013-06-14,9.22,9.53,9.46,9.22,48279.99,0.15,1.61,9.718,9.661,9.664,102326.26,94141.83,87887.55
2013-06-17,9.5,10.23,10.22,9.47,150520.55,0.76,8.03,9.78,9.706,9.712,99378.61,99765.75,93828.89
2013-06-18,10.18,10.24,10.15,9.98,73507.38,-0.07,-0.69,9.832,9.765,9.746,94423.96,95551.23,95180.9
2013-06-19,10.16,10.32,10.18,9.88,68275.96,0.03,0.3,9.864,9.838,9.777,85777.19,94470.84,95179.18
2013-06-20,10.19,10.22,9.9,9.84,56280.89,-0.28,-2.75,9.982,9.861,9.78,79372.95,91919.93,93729.08
2013-06-21,9.75,9.88,9.69,9.44,51354.67,-0.21,-2.12,10.028,9.873,9.768,79987.89,91157.07,92322.59
2013-06-24,9.62,9.63,9.05,8.88,52831.44,-0.5,-5.24,9.794,9.787,9.734,60450.07,79914.34,91498.69
2013-06-25,8.96,9.03,8.82,8.15,77953.57,-0.23,-2.54,9.528,9.68,9.695,61339.31,77881.63,89399.59
2013-06-26,8.8,8.99,8.76,8.52,83502.04,-0.06,-0.68,9.244,9.554,9.653,64384.52,75080.86,89055.09
2013-06-27,8.85,9.13,8.78,8.71,69207.48,0.02,0.23,9.02,9.501,9.602,66969.84,73171.4,87225.09
2013-06-28,8.7,8.98,8.89,8.61,68126.82,0.11,1.25,8.86,9.444,9.553,70324.27,75156.08,84648.95
2013-07-01,9.0,9.0,8.61,8.4,125961.84,-0.28,-3.15,8.772,9.283,9.495,84950.35,72700.21,86232.98
2013-07-02,8.51,8.57,8.37,8.15,175049.55,-0.24,-2.79,8.682,9.105,9.435,104369.55,82854.43,89202.83
2013-07-03,8.27,8.27,8.11,8.04,113350.38,-0.26,-3.11,8.552,8.898,9.368,110339.21,87361.87,90916.35
2013-07-04,8.08,8.23,8.17,7.95,74803.34,0.06,0.74,8.43,8.725,9.293,111458.39,89214.11,90567.02
2013-07-05,8.2,8.27,8.15,8.12,55425.22,-0.02,-0.24,8.282,8.571,9.222,108918.07,89621.17,90389.12
2013-07-08,8.27,8.27,7.8,7.78,77958.35,-0.35,-4.29,8.12,8.446,9.117,99317.37,92133.86,86024.1
2013-07-09,7.83,7.91,7.75,7.65,56544.29,-0.05,-0.64,7.996,8.339,9.01,75616.32,89992.93,83937.28
2013-07-10,7.75,7.95,7.95,7.65,125382.88,0.2,2.58,7.964,8.258,8.906,78022.82,94181.01,84630.93
2013-07-11,7.91,8.24,8.17,7.91,111466.27,0.22,2.77,7.964,8.197,8.849,85355.4,98406.89,85789.15
2013-07-12,8.16,8.22,8.03,8.01,79514.83,-0.14,-1.71,7.94,8.111,8.778,90173.32,99545.69,87350.89
2013-07-15,8.04,8.29,8.29,8.03,100770.01,0.26,3.24,8.038,8.079,8.681,94735.66,97026.51,84863.36
2013-07-16,8.21,8.35,8.26,8.14,73861.02,-0.03,-0.36,8.14,8.068,8.587,98199.0,86907.66,84881.04
2013-07-17,8.22,8.22,8.0,7.98,68876.08,-0.26,-3.15,8.15,8.057,8.478,86897.64,82460.23,84911.05
2013-07-18,7.99,8.05,7.94,7.88,36197.51,-0.06,-0.75,8.104,8.034,8.38,71843.89,78599.65,83906.88
2013-07-19,7.91,7.97,7.59,7.58,83620.22,-0.35,-4.41,8.016,7.978,8.275,72664.97,81419.15,85520.16
2013-07-22,7.49,7.75,7.71,7.42,53956.98,0.12,1.58,7.9,7.969,8.208,63302.36,79019.01,85576.43
2013-07-23,7.7,7.92,7.85,7.64,57422.92,0.14,1.82,7.818,7.979,8.159,60014.74,79106.87,84549.9
2013-07-24,7.83,7.9,7.73,7.6,57023.79,-0.12,-1.53,7.764,7.957,8.108,57644.28,72270.96,83225.99
2013-07-25,7.68,7.79,7.69,7.64,41442.28,-0.04,-0.52,7.714,7.909,8.053,58693.24,65268.56,81837.73
2013-07-26,7.67,7.87,7.72,7.65,43929.04,0.03,0.39,7.74,7.878,7.995,50755.0,61709.99,80627.84
2013-07-29,7.69,7.82,7.75,7.65,50909.69,0.03,0.39,7.748,7.824,7.952,50145.54,56723.95,76875.23
2013-07-30,7.74,7.85,7.81,7.62,55269.54,0.06,0.77,7.74,7.779,7.924,49714.87,54864.8,70886.23
2013-07-31,7.84,7.89,7.76,7.69,41358.52,-0.05,-0.64,7.746,7.755,7.906,46581.81,52113.05,67286.64
2013-08-01,7.83,7.95,7.93,7.82,83070.65,0.17,2.19,7.794,7.754,7.894,54907.49,56800.36,67700.0
2013-08-02,7.95,8.01,7.89,7.85,68056.73,-0.04,-0.5,7.828,7.784,7.881,59733.03,55244.01,68331.58
2013-08-05,7.89,7.95,7.94,7.81,55714.36,0.05,0.63,7.866,7.807,7.888,60693.96,55419.75,67219.38
2013-08-06,7.93,7.97,7.94,7.82,83091.32,0.0,0.0,7.892,7.816,7.898,66258.32,57986.59,68546.73
2013-08-07,7.89,7.94,7.8,7.78,91160.87,-0.14,-1.76,7.9,7.823,7.89,76218.79,61400.3,66835.63
2013-08-08,7.79,7.81,7.7,7.68,66349.35,-0.1,-1.28,7.854,7.824,7.867,72874.53,63891.01,64579.79
2013-08-09,7.7,7.79,7.76,7.7,44277.22,0.06,0.78,7.828,7.828,7.853,68118.62,63925.83,62817.91
2013-08-12,7.83,8.06,8.05,7.78,128524.09,0.29,3.74,7.85,7.858,7.841,82680.57,71687.27,64205.61
2013-08-13,8.05,8.1,8.05,7.98,94917.34,0.0,0.0,7.872,7.882,7.831,85045.77,75652.05,65258.43
2013-08-14,8.04,8.1,7.99,7.92,95719.05,-0.06,-0.74,7.91,7.905,7.83,85957.41,81088.1,66600.57
2013-08-15,8.04,8.16,8.01,7.96,102982.79,0.02,0.25,7.972,7.913,7.834,93284.1,83079.31,69939.84
2013-08-16,7.95,8.23,7.91,7.85,96366.16,-0.1,-1.25,8.002,7.915,7.85,103701.89,85910.25,70577.13
2013-08-19,7.83,7.97,7.94,7.79,43896.72,0.03,0.38,7.98,7.915,7.861,86776.41,84728.49,70074.12
2013-08-20,7.92,7.96,7.8,7.78,52863.61,-0.14,-1.76,7.93,7.901,7.859,78365.67,81705.72,69846.16
2013-08-21,7.8,7.86,7.85,7.73,37740.89,0.05,0.64,7.902,7.906,7.865,66770.03,76363.72,68882.01
2013-08-22,7.85,7.85,7.81,7.76,37969.54,-0.04,-0.51,7.862,7.917,7.871,53767.38,73525.74,68708.37
2013-08-23,7.81,7.84,7.72,7.65,44541.28,-0.09,-1.15,7.824,7.913,7.871,43402.41,73552.15,68738.99
2013-08-26,7.73,7.96,7.95,7.7,59716.67,0.23,2.98,7.826,7.903,7.881,46566.4,66671.41,69179.33
2013-08-27,7.96,7.98,7.95,7.87,46731.35,0.0,0.0,7.856,7.893,7.888,45339.95,61852.81,68752.43
2013-08-28,7.9,7.93,7.85,7.82,44364.79,-0.1,-1.26,7.856,7.879,7.892,46664.73,56717.38,68902.74
2013-08-29,7.84,7.92,7.87,7.82,35048.65,0.02,0.26,7.868,7.865,7.889,46080.55,49923.97,66501.64
2013-08-30,7.87,8.03,7.93,7.83,84893.72,0.06,0.76,7.91,7.867,7.891,54151.04,48776.72,67343.49
2013-09-02,7.97,8.0,7.87,7.78,63688.57,-0.06,-0.76,7.894,7.86,7.888,54945.42,50755.91,67742.2
2013-09-03,7.88,8.28,8.1,7.87,143087.19,0.23,2.92,7.924,7.89,7.896,74216.58,59778.27,70741.99
2013-09-04,8.04,8.16,8.12,7.99,96595.85,0.02,0.25,7.978,7.917,7.912,84662.8,65663.76,71013.74
2013-09-05,8.12,8.12,8.07,8.03,64577.91,-0.05,-0.62,8.018,7.943,7.93,90568.65,68324.6,70925.17
2013-09-06,8.1,8.2,8.13,8.07,84173.17,0.06,0.74,8.058,7.984,7.949,90424.54,72287.79,72919.97
2013-09-09,8.25,8.27,8.23,8.12,110817.51,0.1,1.23,8.13,8.012,7.958,99850.33,77397.87,72034.64
2013-09-10,8.2,8.49,8.47,8.18,131496.34,0.24,2.92,8.204,8.064,7.979,97532.16,85874.37,73863.59
2013-09-11,8.52,8.53,8.41,8.34,115820.33,-0.06,-0.71,8.262,8.12,8.0,101377.05,93019.92,74868.65
2013-09-12,8.33,8.57,8.46,8.32,66942.44,0.05,0.59,8.34,8.179,8.022,101849.96,96209.3,73066.63
2013-09-13,8.48,8.68,8.53,8.41,79173.71,0.07,0.83,8.42,8.239,8.053,100850.07,95637.3,72207.01
2013-09-16,8.54,8.56,8.37,8.34,55163.86,-0.16,-1.88,8.448,8.289,8.075,89719.34,94784.83,72770.37
2013-09-17,8.37,8.4,8.22,8.16,57280.23,-0.15,-1.79,8.398,8.301,8.096,74876.11,86204.14,72991.2
2013-09-18,8.2,8.43,8.35,8.18,50400.07,0.13,1.58,8.386,8.324,8.121,61792.06,81584.56,73624.16
2013-09-23,8.37,8.7,8.56,8.37,75015.16,0.21,2.52,8.406,8.373,8.158,63406.61,82628.28,75476.44
2013-09-24,8.56,8.6,8.55,8.45,57878.56,-0.01,-0.12,8.41,8.415,8.2,59147.58,79998.82,76143.3
2013-09-25,8.6,8.74,8.62,8.48,73712.14,0.07,0.82,8.46,8.454,8.233,62857.23,76288.28,76843.08
2013-09-26,8.63,8.63,8.45,8.25,63664.36,-0.17,-1.97,8.506,8.452,8.258,64134.06,69505.09,77689.73
2013-09-27,8.38,8.65,8.52,8.38,55115.04,0.07,0.83,8.54,8.463,8.292,65077.05,63434.56,78227.24
2013-09-30,8.52,8.75,8.59,8.48,47937.9,0.07,0.82,8.546,8.476,8.328,59661.6,61534.1,78871.7
2013-10-08,8.7,8.79,8.67,8.58,62325.91,0.08,0.93,8.57,8.49,8.365,60551.07,59849.32,77743.31
2013-10-09,8.79,8.79,8.61,8.52,71831.77,-0.06,-0.69,8.568,8.514,8.402,60175.0,61516.11,78150.47
2013-10-10,8.6,8.65,8.54,8.41,78027.47,-0.07,-0.81,8.586,8.546,8.424,63047.62,63590.84,74897.49
2013-10-11,8.53,8.69,8.58,8.48,84541.4,0.04,0.47,8.598,8.569,8.447,68932.89,67004.97,74294.76
2013-10-14,8.57,8.77,8.76,8.55,131299.02,0.18,2.1,8.632,8.589,8.481,85605.11,72633.36,77630.82
2013-10-15,8.79,8.8,8.71,8.58,82070.65,-0.05,-0.57,8.64,8.605,8.51,89554.06,75052.57,77525.69
2013-10-16,8.66,8.66,8.56,8.46,98517.33,-0.15,-1.72,8.63,8.599,8.527,94891.17,77533.09,76910.68
2013-10-17,8.59,8.86,8.67,8.56,184503.88,0.11,1.28,8.656,8.621,8.537,116186.46,89617.04,79561.06
2013-10-18,8.63,8.63,8.56,8.43,90099.81,-0.11,-1.27,8.652,8.625,8.544,117298.14,93115.51,78275.04
2013-10-21,8.52,8.74,8.68,8.44,101651.43,0.12,1.4,8.636,8.634,8.555,111368.62,98486.87,80010.49
2013-10-22,8.72,8.9,8.71,8.52,133715.3,0.03,0.35,8.636,8.638,8.564,121697.55,105625.81,82737.56
2013-10-23,8.75,8.77,8.57,8.48,70308.27,-0.14,-1.61,8.638,8.634,8.574,116055.74,105473.46,83494.79
2013-10-24,8.52,8.59,8.45,8.39,54233.33,-0.12,-1.4,8.594,8.625,8.586,90001.63,103094.04,83342.44
2013-10-25,8.41,8.51,8.23,8.2,58623.37,-0.22,-2.6,8.528,8.59,8.58,83706.34,100502.24,83753.61
2013-10-28,8.25,8.6,8.37,8.22,54834.88,0.14,1.7,8.466,8.551,8.57,74343.03,92855.83,82744.59
2013-10-29,8.37,8.42,8.21,7.97,58103.83,-0.16,-1.91,8.366,8.501,8.553,59220.74,90459.14,82755.85
2013-10-30,8.17,8.38,8.33,8.16,33012.01,0.12,1.46,8.318,8.478,8.539,51761.48,83908.61,80720.85
2013-10-31,8.34,8.61,8.52,8.18,116378.71,0.19,2.28,8.332,8.463,8.542,64190.56,77096.09,83356.57
2013-11-01,8.45,8.69,8.45,8.37,62112.0,-0.07,-0.82,8.376,8.452,8.539,64888.29,74297.31,83706.41
2013-11-04,8.48,8.54,8.43,8.39,31190.89,-0.02,-0.24,8.388,8.427,8.531,60159.49,67251.26,82869.06
2013-11-05,8.48,8.75,8.65,8.4,151354.03,0.22,2.61,8.476,8.421,8.53,78809.53,69015.13,87320.47
2013-11-06,8.58,8.88,8.67,8.51,172016.86,0.02,0.23,8.544,8.431,8.533,106610.5,79185.99,92329.72
2013-11-07,8.6,8.88,8.69,8.53,151126.97,0.02,0.23,8.578,8.455,8.54,113560.15,88875.36,95984.7
2013-11-08,8.68,8.68,8.4,8.38,91135.89,-0.29,-3.34,8.568,8.472,8.531,119364.93,92126.61,96314.42
2013-11-11,8.38,8.39,8.32,8.18,51081.0,-0.08,-0.95,8.546,8.467,8.509,123342.95,91751.22,92303.52
2013-11-12,8.3,8.59,8.48,8.22,84340.74,0.16,1.92,8.512,8.494,8.498,109940.29,94374.91,92417.03
2013-11-13,8.41,8.43,8.18,8.11,78135.02,-0.3,-3.54,8.414,8.479,8.479,91163.92,98887.21,91397.91
2013-11-14,8.16,8.2,8.15,8.0,39920.74,-0.03,-0.37,8.306,8.442,8.453,68922.68,91241.41,84168.75
2013-11-15,8.2,8.34,8.24,8.12,51728.05,0.09,1.1,8.274,8.421,8.437,61041.11,90203.02,82250.17
2013-11-18,8.31,8.43,8.41,8.24,67303.99,0.17,2.06,8.292,8.419,8.423,64285.71,93814.33,80532.79
2013-11-19,8.44,8.58,8.48,8.37,83809.33,0.07,0.83,8.292,8.402,8.412,64179.43,87059.86,78037.5
2013-11-20,8.5,8.54,8.5,8.39,55646.24,0.02,0.24,8.356,8.385,8.408,59681.67,75422.8,77304.39
2013-11-21,8.45,8.65,8.6,8.41,106532.52,0.1,1.18,8.446,8.376,8.416,73004.03,70963.35,79919.35
2013-11-22,8.6,8.7,8.58,8.5,93583.4,-0.02,-0.23,8.514,8.394,8.433,81375.1,71208.1,81667.36
2013-11-25,8.53,8.65,8.46,8.35,98865.84,-0.12,-1.4,8.524,8.408,8.438,87687.47,75986.59,83868.9
2013-11-26,8.53,8.57,8.32,8.24,110487.79,-0.14,-1.66,8.492,8.392,8.443,93023.16,78601.29,86488.1
2013-11-27,8.32,8.42,8.41,8.27,71862.3,0.09,1.08,8.474,8.415,8.447,96266.37,77974.02,88430.62
2013-11-28,8.37,8.53,8.47,8.37,95093.54,0.06,0.71,8.448,8.447,8.445,93978.57,83491.3,87366.36
2013-11-29,8.48,8.55,8.47,8.36,107022.48,0.0,0.0,8.426,8.47,8.446,96666.39,89020.74,89611.88
2013-12-02,8.41,8.41,8.28,8.05,99594.33,-0.19,-2.24,8.39,8.457,8.438,96812.09,92249.78,93032.05
2013-12-03,8.2,8.49,8.42,8.2,93840.29,0.14,1.69,8.41,8.451,8.427,93482.59,93252.87,90156.37
2013-12-04,8.42,8.54,8.5,8.37,115021.1,0.08,0.95,8.428,8.451,8.418,102114.35,99190.36,87306.58
2013-12-05,8.53,8.64,8.54,8.48,110780.28,0.04,0.47,8.442,8.445,8.411,105251.7,99615.14,85289.24
2013-12-06,8.57,8.57,8.49,8.45,65064.31,-0.05,-0.58,8.446,8.436,8.415,96860.06,96763.23,83985.66
2013-12-09,8.52,8.55,8.51,8.47,47800.57,0.02,0.24,8.492,8.441,8.425,86501.31,91656.7,83821.64
2013-12-10,8.51,8.54,8.47,8.42,46067.62,-0.04,-0.47,8.502,8.456,8.424,76946.78,85214.68,81907.99
2013-12-11,8.46,8.48,8.33,8.24,66359.27,-0.14,-1.65,8.468,8.448,8.432,67214.41,84664.38,81319.2
2013-12-12,8.32,8.49,8.36,8.25,63113.96,0.03,0.36,8.432,8.437,8.442,57681.15,81466.42,82478.86
2013-12-13,8.3,8.35,8.32,8.27,32453.1,-0.04,-0.48,8.398,8.422,8.446,51158.9,74009.48,81515.11
2013-12-16,8.37,8.49,8.28,8.23,58712.86,-0.04,-0.48,8.352,8.422,8.44,53341.36,69921.34,81085.56
2013-12-17,8.28,8.36,8.23,8.19,29433.82,-0.05,-0.6,8.304,8.403,8.427,50014.6,63480.69,78366.78
2013-12-18,8.26,8.38,8.3,8.24,49713.49,0.07,0.85,8.298,8.383,8.417,46685.45,56949.93,78070.14
2013-12-19,8.3,8.43,8.28,8.24,43136.0,-0.02,-0.24,8.282,8.357,8.401,42689.85,50185.5,74900.32
2013-12-20,8.3,8.3,8.04,8.0,48041.35,-0.24,-2.9,8.226,8.312,8.374,45807.5,48483.2,72623.22
2013-12-23,8.1,8.1,8.01,7.96,22193.16,-0.03,-0.37,8.172,8.262,8.352,38503.56,45922.46,68789.58
2013-12-24,8.09,8.19,8.07,8.0,36081.52,0.06,0.75,8.14,8.222,8.339,39833.1,44923.85,65069.27
2013-12-25,8.08,8.12,8.06,8.01,29094.82,-0.01,-0.12,8.092,8.195,8.322,35709.37,41197.41,62930.89
2013-12-26,8.06,8.09,7.87,7.78,50278.43,-0.19,-2.36,8.01,8.146,8.292,37137.86,39913.85,60690.14
2013-12-27,7.8,8.01,7.96,7.79,29820.02,0.09,1.14,7.994,8.11,8.266,33493.59,39650.55,56830.01
2013-12-30,7.95,8.05,7.92,7.88,33586.76,-0.04,-0.5,7.976,8.074,8.248,35772.31,37137.94,53529.64
2013-12-31,7.8,7.94,7.91,7.8,44632.36,-0.01,-0.13,7.944,8.042,8.223,37482.48,38657.79,51069.24
2014-01-02,7.85,7.89,7.8,7.77,53067.42,-0.11,-1.39,7.892,7.992,8.188,42277.0,38993.18,47971.56
2014-01-03,7.79,7.79,7.5,7.43,124240.66,-0.3,-3.85,7.818,7.914,8.136,57069.44,47103.65,48644.57
2014-01-06,7.45,7.45,7.13,7.12,85404.78,-0.37,-4.93,7.652,7.823,8.068,68186.4,50839.99,49661.6
2014-01-07,7.01,7.19,7.17,7.01,43594.53,0.04,0.56,7.502,7.739,8.001,70187.95,52980.13,49451.3
2014-01-08,7.18,7.25,7.14,7.12,45844.2,-0.03,-0.42,7.348,7.646,7.934,70430.32,53956.4,49440.13
2014-01-09,7.14,7.19,6.95,6.93,81141.09,-0.19,-2.66,7.178,7.535,7.865,76045.05,59161.03,50179.22
2014-01-10,6.95,6.99,6.87,6.84,43837.92,-0.08,-1.15,7.052,7.435,7.791,59964.5,58516.97,49215.41
2014-01-13,6.88,7.04,6.93,6.88,37478.13,0.06,0.87,7.012,7.332,7.721,50379.17,59282.79,49466.67
2014-01-14,6.95,7.07,7.07,6.91,37148.85,0.14,2.02,6.992,7.247,7.661,49090.04,59638.99,48388.47
2014-01-15,7.02,7.08,7.02,6.98,29504.03,-0.05,-0.71,6.968,7.158,7.6,45822.0,58126.16,48391.98
2014-01-16,7.05,7.08,7.04,7.0,35554.25,0.02,0.28,6.986,7.082,7.537,36704.64,56374.84,47684.01
2014-01-17,7.02,7.12,6.98,6.94,28965.38,-0.06,-0.85,7.008,7.03,7.472,33730.13,46847.32,46975.48
2014-01-20,6.98,6.99,6.92,6.89,17278.14,-0.06,-0.86,7.006,7.009,7.416,29690.13,40034.65,45437.32
2014-01-21,6.92,7.02,6.97,6.92,25633.11,0.05,0.72,6.986,6.989,7.364,27386.98,38238.51,45609.32
2014-01-22,6.98,7.12,7.11,6.97,63292.03,0.14,2.01,7.004,6.986,7.316,34144.58,39983.29,46969.85
2014-01-23,7.1,7.13,7.08,7.06,31383.49,-0.03,-0.42,7.012,6.999,7.267,33310.43,35007.53,47084.28
2014-01-24,7.08,7.14,7.1,7.06,54970.52,0.02,0.28,7.036,7.022,7.229,38511.46,36120.79,47318.88
2014-01-27,7.08,7.09,6.95,6.93,56723.71,-0.15,-2.11,7.042,7.024,7.178,46400.57,38045.35,48664.07
2014-01-28,6.95,7.0,6.97,6.95,28151.19,0.02,0.29,7.042,7.014,7.131,46904.19,37145.59,48392.29
2014-01-29,6.97,7.03,6.99,6.97,24816.78,0.02,0.29,7.018,7.011,7.085,39209.14,36676.86,47401.51
2014-01-30,6.98,7.0,6.8,6.79,59601.89,-0.19,-2.72,6.962,6.987,7.035,44852.82,39081.62,47728.23
2014-02-07,6.79,6.84,6.83,6.75,54874.76,0.03,0.44,6.908,6.972,7.001,44833.67,41672.56,44259.94
2014-02-10,6.9,7.05,7.04,6.87,70476.97,0.21,3.08,6.926,6.984,6.997,47584.32,46992.44,43513.55
2014-02-11,7.05,7.17,7.14,7.01,99295.47,0.1,1.42,6.96,7.001,6.995,61813.17,54358.68,46298.6
2014-02-12,7.16,7.18,7.15,7.09,69995.58,0.01,0.14,6.992,7.005,6.996,70848.93,55029.04,47506.16
2014-02-13,7.16,7.16,7.06,7.06,67961.03,-0.09,-1.26,7.044,7.003,7.001,72520.76,58686.79,46847.16
2014-02-14,7.08,7.15,7.12,7.06,56001.75,0.06,0.85,7.102,7.005,7.014,72746.16,58789.91,47455.35
2014-02-17,7.11,7.23,7.23,7.11,91174.49,0.11,1.54,7.14,7.033,7.029,76885.66,62234.99,50140.17
2014-02-18,7.26,7.26,7.1,7.09,75906.13,-0.13,-1.8,7.132,7.046,7.03,72207.8,67010.49,52078.04
2014-02-19,7.1,7.42,7.4,7.1,151717.06,0.3,4.22,7.182,7.087,7.049,88552.09,79700.51,58188.69
2014-02-20,7.44,7.55,7.34,7.32,164018.7,-0.06,-0.81,7.238,7.141,7.064,107763.63,90142.19,64611.91
2014-02-21,7.34,7.38,7.21,7.15,64230.95,-0.13,-1.77,7.256,7.179,7.076,109409.47,91077.81,66375.19
2014-02-24,7.19,7.23,7.21,7.11,51552.05,0.0,0.0,7.252,7.196,7.09,101484.98,89185.32,68088.88
2014-02-25,7.16,7.38,7.21,7.14,81278.75,0.0,0.0,7.274,7.203,7.102,102559.5,87383.65,70871.16
2014-02-26,7.25,7.26,7.04,6.92,66262.13,-0.17,-2.36,7.202,7.192,7.099,85468.52,87010.3,71019.67
2014-02-27,7.03,7.5,7.41,6.99,139781.31,0.37,5.26,7.216,7.227,7.115,80621.04,94192.33,76439.56
2014-02-28,7.37,7.45,7.39,7.27,96653.23,-0.02,-0.27,7.252,7.254,7.13,87105.49,98257.48,78523.7
2014-03-03,7.36,7.49,7.38,7.29,124930.1,-0.01,-0.14,7.286,7.269,7.151,101781.1,101633.04,81934.02
2014-03-04,7.36,7.37,7.25,7.2,58971.35,-0.13,-1.76,7.294,7.284,7.165,97319.62,99939.56,83475.02
2014-03-05,7.25,7.3,7.21,7.18,47144.97,-0.04,-0.55,7.328,7.265,7.176,93496.19,89482.35,84591.43
2014-03-06,7.21,7.24,7.22,7.12,38984.3,0.01,0.14,7.29,7.253,7.197,73336.79,76978.91,83560.55
2014-03-07,7.22,7.25,7.14,7.12,47252.91,-0.08,-1.11,7.24,7.246,7.213,63456.73,75281.11,83179.46
2014-03-10,7.07,7.16,6.96,6.96,50030.35,-0.18,-2.52,7.156,7.221,7.209,48476.78,75128.94,82157.13
2014-03-11,6.98,7.0,6.99,6.9,32649.04,0.03,0.43,7.104,7.199,7.201,43212.31,70265.97,78824.81
2014-03-12,7.02,7.03,6.98,6.87,27787.3,-0.01,-0.14,7.058,7.193,7.193,39340.78,66418.49,76714.4
2014-03-13,6.97,7.05,7.01,6.96,28238.99,0.03,0.43,7.016,7.153,7.19,37191.72,55264.25,74728.29
2014-03-14,7.0,7.0,6.89,6.88,34461.34,-0.12,-1.71,6.966,7.103,7.179,34633.4,49045.07,73651.27
2014-03-17,6.98,7.07,7.05,6.97,48248.17,0.16,2.32,6.984,7.07,7.17,34276.97,41376.87,71504.96
2014-03-18,7.06,7.08,7.03,7.0,30633.83,-0.02,-0.28,6.992,7.048,7.166,33873.93,38543.12,69241.34
2014-03-19,7.01,7.02,6.94,6.88,32995.99,-0.09,-1.28,6.984,7.021,7.143,34915.66,37128.22,63305.29
2014-03-20,6.94,7.07,6.95,6.9,61378.06,0.01,0.14,6.972,6.994,7.124,41543.48,39367.6,58173.26
2014-03-21,6.94,7.21,7.19,6.91,107205.78,0.24,3.45,7.032,6.999,7.123,56092.37,45362.88,60322.0
2014-03-24,7.22,7.45,7.39,7.17,122785.28,0.2,2.78,7.1,7.042,7.132,70999.79,52638.38,63883.66
2014-03-25,7.4,7.75,7.59,7.33,274012.53,0.2,2.71,7.212,7.102,7.151,119675.53,76774.73,73520.35
2014-03-26,7.55,7.84,7.67,7.45,278772.09,0.08,1.05,7.358,7.171,7.182,168830.75,101873.21,84145.85
2014-03-27,7.6,7.78,7.68,7.5,249330.69,0.01,0.13,7.504,7.238,7.196,206421.27,123982.38,89623.32
2014-03-28,7.51,7.59,7.41,7.37,233674.48,-0.27,-3.52,7.548,7.29,7.197,231715.01,143903.69,96474.38
2014-03-31,7.4,7.5,7.23,7.19,103910.03,-0.18,-2.43,7.516,7.308,7.189,227939.96,149469.88,95423.37
2014-04-01,7.21,7.3,7.27,7.15,45037.54,0.04,0.55,7.452,7.332,7.19,182144.97,150910.25,94726.68
2014-04-02,7.26,7.33,7.29,7.25,50602.48,0.02,0.28,7.376,7.367,7.194,136511.04,152670.9,94899.56
2014-04-03,7.3,7.32,7.22,7.18,46327.79,-0.07,-0.96,7.284,7.394,7.194,95910.46,151165.87,95266.73
2014-04-04,7.16,7.29,7.29,7.16,45554.05,0.07,0.97,7.26,7.404,7.202,58286.38,145000.7,95181.79
2014-04-08,7.26,7.36,7.35,7.24,66945.11,0.06,0.82,7.284,7.4,7.221,50893.39,139416.68,96027.53
2014-04-09,7.34,7.34,7.28,7.24,70400.2,-0.07,-0.95,7.286,7.369,7.236,55965.93,119055.45,97915.09
2014-04-10,7.28,7.46,7.45,7.26,111940.96,0.17,2.33,7.318,7.347,7.259,68233.62,102372.33,102122.77
2014-04-11,7.43,7.48,7.38,7.36,54569.58,-0.07,-0.94,7.35,7.317,7.278,69881.98,82896.22,103439.3
2014-04-14,7.4,7.47,7.42,7.37,49313.44,0.04,0.54,7.376,7.318,7.304,70633.86,64460.12,104181.9
2014-04-15,7.4,7.41,7.27,7.24,53885.94,-0.15,-2.02,7.36,7.322,7.315,68022.02,59457.71,104463.79
2014-04-16,7.25,7.37,7.31,7.24,38286.13,0.04,0.55,7.366,7.326,7.329,61599.21,58782.57,104846.41
2014-04-17,7.31,7.31,7.25,7.21,34833.06,-0.06,-0.82,7.326,7.322,7.345,46177.63,57205.63,104938.26
2014-04-18,7.24,7.27,7.25,7.19,27944.28,0.0,0.0,7.3,7.325,7.36,40852.57,55367.28,103266.57
2014-04-21,7.22,7.29,7.09,7.08,44561.28,-0.16,-2.21,7.234,7.305,7.355,39902.14,55268.0,100134.35
2014-04-22,7.07,7.13,7.02,7.0,45402.04,-0.07,-0.99,7.184,7.272,7.336,38205.36,53113.69,96265.19
2014-04-23,7.05,7.15,7.11,7.04,28280.23,0.09,1.28,7.144,7.255,7.312,36204.18,48901.69,83978.57
2014-04-24,7.1,7.11,7.04,7.02,25996.12,-0.07,-0.98,7.102,7.214,7.281,34436.79,40307.21,71339.77
2014-04-25,7.07,7.07,6.93,6.92,26429.75,-0.11,-1.56,7.038,7.169,7.243,34133.88,37493.23,60194.72
2014-04-28,6.92,6.95,6.78,6.75,38082.62,-0.15,-2.17,6.976,7.105,7.212,32838.15,36370.15,50415.13
2014-04-29,6.78,6.83,6.81,6.72,33235.58,0.03,0.44,6.934,7.059,7.191,30404.86,34305.11,46881.41
2014-04-30,6.82,6.86,6.84,6.78,19390.02,0.03,0.44,6.88,7.012,7.169,28626.82,32415.5,45599.03
2014-05-05,6.82,6.87,6.86,6.76,19294.7,0.02,0.29,6.844,6.973,7.148,27286.53,30861.66,44033.64
2014-05-06,6.86,6.9,6.86,6.82,23085.78,0.0,0.0,6.83,6.934,7.13,26617.74,30375.81,42871.54
2014-05-07,6.81,6.86,6.81,6.79,16818.3,-0.05,-0.73,6.836,6.906,7.106,22364.88,27601.51,41434.76
2014-05-08,6.82,6.9,6.82,6.79,22878.89,0.01,0.15,6.838,6.886,7.079,20293.54,25349.2,39231.45
2014-05-09,6.85,6.98,6.88,6.83,29591.64,0.06,0.88,6.846,6.863,7.059,22333.86,25480.34,37191.02
2014-05-12,6.95,7.06,7.04,6.92,38614.68,0.14,2.03,6.882,6.863,7.039,26197.86,26742.2,33524.7
2014-05-13,7.05,7.08,6.99,6.95,24158.15,-0.05,-0.71,6.908,6.869,7.019,26412.33,26515.04,32004.13
2014-05-14,6.98,7.03,6.97,6.94,14789.2,-0.02,-0.29,6.94,6.888,6.997,26006.51,24185.69,30277.92
2014-05-15,7.01,7.06,7.01,6.94,35622.65,0.04,0.57,6.978,6.908,6.984,28555.26,24424.4,29364.75
2014-05-16,6.95,7.01,6.98,6.91,25661.43,-0.03,-0.43,6.998,6.922,6.967,27769.22,25051.54,28733.52
2014-05-19,6.98,7.01,6.93,6.88,19271.69,-0.05,-0.72,6.976,6.929,6.951,23900.62,25049.24,27955.45
2014-05-20,6.99,7.12,7.0,6.94,36609.85,0.07,1.01,6.978,6.943,6.939,26390.96,26401.65,28388.73
2014-05-21,7.03,7.06,7.04,6.96,25944.5,0.04,0.57,6.992,6.966,6.936,28622.02,27314.27,27457.89
2014-05-22,7.09,7.73,7.43,7.08,298352.06,0.39,5.54,7.076,7.027,6.957,81167.91,54861.59,40105.39
2014-05-23,7.43,7.43,7.19,7.14,142584.19,-0.24,-3.23,7.118,7.058,6.961,104552.46,66160.84,45820.59
2014-05-26,7.18,7.22,7.14,7.09,74608.84,-0.05,-0.69,7.16,7.068,6.966,115619.89,69760.26,48251.23
2014-05-27,7.12,7.16,7.04,7.02,59217.55,-0.1,-1.4,7.168,7.073,6.971,120141.43,73266.2,49890.62
2014-05-28,7.05,7.1,7.09,7.01,49063.22,0.05,0.71,7.178,7.085,6.987,124765.17,76693.6,50439.65
2014-05-29,7.1,7.11,6.96,6.96,51554.67,-0.13,-1.83,7.084,7.08,6.994,75405.69,78286.8,51355.6
2014-05-30,6.95,7.0,6.97,6.94,31233.81,0.01,0.14,7.04,7.079,7.001,53135.62,78844.04,51947.79
2014-06-03,6.97,7.03,6.97,6.95,31178.41,0.0,0.0,7.006,7.083,7.006,44449.53,80034.71,52541.98
2014-06-04,6.96,6.97,6.86,6.81,33527.43,-0.11,-1.58,6.97,7.069,7.006,39311.51,79726.47,53064.06
2014-06-05,6.87,6.93,6.92,6.83,31505.88,0.06,0.88,6.936,7.057,7.012,35800.04,80282.61,53798.44
2014-06-06,6.92,6.92,6.85,6.82,29994.33,-0.07,-1.01,6.914,6.999,7.013,31487.97,53446.83,54154.21
2014-06-09,6.82,6.88,6.82,6.8,23097.24,-0.03,-0.44,6.884,6.962,7.01,29860.66,41498.14,53829.49
2014-06-10,6.83,6.9,6.89,6.81,20878.97,0.07,1.03,6.868,6.937,7.003,27800.77,36125.15,52942.7
2014-06-11,6.89,6.97,6.94,6.87,25520.68,0.05,0.73,6.884,6.927,7.0,26199.42,32755.46,53010.83
2014-06-12,6.92,6.92,6.88,6.85,23483.06,-0.06,-0.86,6.876,6.906,6.996,24594.86,30197.45,53445.52
2014-06-13,6.86,6.94,6.89,6.84,25137.89,0.01,0.14,6.884,6.899,6.99,23623.57,27555.77,52921.29
2014-06-16,6.91,6.95,6.95,6.91,28108.1,0.06,0.87,6.91,6.897,6.988,24625.74,27243.2,53043.62
2014-06-17,6.93,6.97,6.94,6.91,26424.69,-0.01,-0.14,6.92,6.894,6.989,25734.88,26767.83,53401.27
2014-06-18,6.99,6.99,6.9,6.89,20594.86,-0.04,-0.58,6.912,6.898,6.984,24749.72,25474.57,52600.52
2014-06-19,6.92,6.92,6.76,6.73,27841.32,-0.14,-2.03,6.888,6.882,6.97,25621.37,25108.11,52695.36
2014-06-20,6.75,6.83,6.8,6.75,16348.07,0.04,0.59,6.87,6.877,6.938,23863.41,23743.49,38595.16
2014-06-23,6.8,6.85,6.84,6.8,14027.28,0.04,0.59,6.848,6.879,6.921,21047.24,22836.49,32167.31
2014-06-24,6.85,6.85,6.8,6.75,31016.99,-0.04,-0.58,6.82,6.87,6.904,21965.7,23850.29,29987.72
2014-06-25,6.66,6.66,6.58,6.58,30990.45,-0.08,-1.2,6.756,6.834,6.881,24044.82,24397.27,28576.37
2014-06-26,6.62,6.66,6.64,6.59,25858.9,0.06,0.91,6.732,6.81,6.858,23648.34,24634.86,27416.15
2014-06-27,6.65,6.68,6.64,6.61,39908.76,0.0,0.0,6.7,6.785,6.842,28360.48,26111.94,26833.86
2014-06-30,6.64,6.69,6.68,6.63,28025.5,0.04,0.6,6.668,6.758,6.828,31160.12,26103.68,26673.44
2014-07-01,6.69,6.72,6.72,6.66,29452.66,0.04,0.6,6.652,6.736,6.815,30847.25,26406.48,26587.15
2014-07-02,6.72,6.75,6.74,6.68,26959.84,0.02,0.3,6.684,6.72,6.809,30041.13,27042.98,26258.77
2014-07-03,6.74,6.76,6.74,6.7,35220.6,0.0,0.0,6.704,6.718,6.8,31913.47,27780.91,26444.51
2014-07-04,6.8,6.81,6.73,6.69,62054.21,-0.01,-0.15,6.722,6.711,6.794,36342.56,32351.52,28047.5
2014-07-07,6.71,6.75,6.74,6.7,25174.24,0.01,0.15,6.734,6.701,6.79,35772.31,33466.22,28151.35
2014-07-08,6.74,6.81,6.78,6.73,56484.29,0.04,0.59,6.746,6.699,6.785,41178.64,36012.95,29931.62
2014-07-09,6.77,6.89,6.69,6.69,76548.89,-0.09,-1.33,6.736,6.71,6.772,51096.45,40568.79,32483.03
2014-07-10,6.68,6.73,6.7,6.67,25286.13,0.01,0.15,6.728,6.716,6.763,49109.55,40511.51,32573.18
2014-07-11,6.7,6.75,6.72,6.67,47104.07,0.02,0.3,6.726,6.724,6.755,46119.52,41231.04,33671.49
2014-07-14,6.72,6.78,6.77,6.68,43555.0,0.05,0.74,6.732,6.733,6.746,49795.68,42783.99,34443.84
2014-07-15,6.77,6.78,6.75,6.73,34416.41,-0.02,-0.29,6.726,6.736,6.736,45382.1,43280.37,34843.42
2014-07-16,6.76,6.81,6.78,6.74,51367.58,0.03,0.44,6.744,6.74,6.73,40345.84,45721.14,36382.06
2014-07-17,6.77,6.8,6.74,6.72,40087.39,-0.04,-0.59,6.752,6.74,6.729,43306.09,46207.82,36994.36
2014-07-18,6.74,6.77,6.75,6.7,31408.62,0.01,0.15,6.758,6.742,6.727,40167.0,43143.26,37747.39
2014-07-21,6.77,6.77,6.71,6.69,23093.49,-0.04,-0.59,6.746,6.739,6.72,36074.7,42935.19,38200.7
2014-07-22,6.68,6.81,6.79,6.68,69118.86,0.08,1.19,6.754,6.74,6.72,43015.19,44198.64,40105.79
2014-07-23,6.76,6.81,6.77,6.75,40754.45,-0.02,-0.29,6.752,6.748,6.729,40892.56,40619.2,40593.99
2014-07-24,6.78,6.86,6.83,6.76,78714.72,0.06,0.89,6.77,6.761,6.739,48618.03,45962.06,43236.79
2014-07-25,6.84,6.89,6.89,6.84,71935.34,0.06,0.88,6.798,6.778,6.751,56723.37,48445.19,44838.11
2014-07-28,6.9,7.03,7.0,6.9,123383.66,0.11,1.6,6.856,6.801,6.767,76781.41,56428.05,49606.02
2014-07-29,7.0,7.03,6.98,6.95,94541.03,-0.02,-0.29,6.894,6.824,6.78,81865.84,62440.51,52860.44
2014-07-30,6.98,7.03,6.99,6.95,75769.24,0.01,0.14,6.938,6.845,6.793,88868.8,64880.68,55300.91
2014-07-31,6.98,7.05,7.04,6.98,64260.42,0.05,0.71,6.98,6.875,6.808,85977.94,67297.98,56752.9
2014-08-01,7.0,7.06,6.98,6.96,111077.96,-0.06,-0.85,6.998,6.898,6.82,93806.46,75264.92,59204.09
2014-08-04,6.96,7.05,7.04,6.96,76912.58,0.06,0.86,7.006,6.931,6.835,84512.25,80646.83,61791.01
2014-08-05,7.05,7.08,7.08,7.02,77829.61,0.04,0.57,7.026,6.96,6.85,81169.96,81517.9,62858.27
2014-08-06,7.08,7.21,7.1,7.07,109823.65,0.02,0.28,7.048,6.993,6.871,87980.84,88424.82,64522.01
2014-08-07,7.1,7.37,7.11,7.07,178916.78,0.01,0.14,7.062,7.021,6.891,110912.12,98445.03,72203.54
2014-08-08,7.09,7.17,7.07,7.05,72401.79,-0.04,-0.56,7.08,7.039,6.909,103176.88,98491.67,73468.43
2014-08-11,7.08,7.15,7.13,7.04,59694.26,0.06,0.85,7.098,7.052,6.927,99733.22,92122.73,74275.39
2014-08-12,7.11,7.28,7.27,7.06,193046.36,0.14,1.96,7.136,7.081,6.953,122776.57,101973.26,82206.89
2014-08-13,7.3,7.37,7.21,7.11,185484.88,-0.06,-0.82,7.158,7.103,6.974,137908.81,112944.83,88912.75
2014-08-14,7.21,7.23,7.16,7.12,82108.7,-0.05,-0.69,7.168,7.115,6.995,118547.2,114729.66,91013.82
2014-08-15,7.15,7.2,7.17,7.11,75709.78,0.01,0.14,7.188,7.134,7.016,119208.8,111192.84,93228.88
2014-08-18,7.19,7.24,7.24,7.17,87639.92,0.07,0.98,7.21,7.154,7.043,124797.93,112265.57,96456.2
2014-08-19,7.24,7.25,7.2,7.15,69687.66,-0.04,-0.55,7.196,7.166,7.063,100126.19,111451.38,96484.64
2014-08-20,7.22,7.25,7.22,7.18,61268.76,0.02,0.28,7.198,7.178,7.086,75282.96,106595.89,97510.36
2014-08-21,7.22,7.22,7.15,7.12,54046.24,-0.07,-0.97,7.196,7.182,7.102,69670.47,94108.84,96276.93
2014-08-22,7.14,7.19,7.18,7.12,44418.54,0.03,0.42,7.198,7.193,7.116,63412.22,91310.51,94901.09
2014-08-25,7.16,7.21,7.15,7.14,41319.26,-0.03,-0.42,7.18,7.195,7.124,54148.09,89473.01,90797.87
2014-08-26,7.15,7.16,7.01,6.98,78985.88,-0.14,-1.96,7.142,7.169,7.125,56007.74,78066.96,90020.11
2014-08-27,7.01,7.04,7.01,6.99,32359.19,0.0,0.0,7.1,7.149,7.126,50225.82,62754.39,87849.61
2014-08-28,7.04,7.05,7.01,6.98,40860.79,0.0,0.0,7.072,7.134,7.125,47588.73,58629.6,86679.63
2014-08-29,7.02,7.04,7.04,6.98,27072.87,0.03,0.43,7.044,7.121,7.128,44119.6,53765.91,82479.38
2014-09-01,7.07,7.08,7.07,7.01,49906.06,0.03,0.43,7.028,7.104,7.129,45836.96,49992.53,81129.05
2014-09-02,7.07,7.16,7.14,7.06,80660.42,0.07,0.99,7.054,7.098,7.132,46171.87,51089.8,81270.59
2014-09-03,7.15,7.2,7.19,7.15,74550.88,0.05,0.7,7.09,7.095,7.137,54610.2,52418.01,79506.95
2014-09-04,7.2,7.27,7.24,7.16,104464.03,0.05,0.69,7.136,7.104,7.143,67330.85,57459.79,75784.31
2014-09-05,7.25,7.28,7.27,7.2,108359.13,0.03,0.41,7.182,7.113,7.153,83588.1,63853.85,77582.18
2014-09-09,7.3,7.3,7.26,7.22,67698.85,-0.01,-0.14,7.22,7.124,7.16,87146.66,66491.81,77982.41
2014-09-10,7.27,7.31,7.29,7.23,86182.36,0.03,0.41,7.25,7.152,7.161,88251.05,67211.46,72639.21
2014-09-11,7.29,7.42,7.29,7.25,137411.45,0.0,0.0,7.27,7.18,7.165,100823.16,77716.68,70235.54
2014-09-12,7.27,7.39,7.34,7.25,105091.74,0.05,0.69,7.29,7.213,7.174,100948.71,84139.78,71384.69
2014-09-15,7.34,7.39,7.38,7.3,84866.81,0.04,0.55,7.312,7.247,7.184,96250.24,89919.17,71842.54
2014-09-16,7.38,7.42,7.22,7.21,122382.9,-0.16,-2.17,7.304,7.262,7.183,107187.05,97166.86,73579.69
2014-09-17,7.2,7.31,7.28,7.19,85595.63,0.06,0.83,7.302,7.276,7.187,107069.71,97660.38,74375.09
2014-09-18,7.25,7.38,7.36,7.24,93680.84,0.08,1.1,7.316,7.293,7.194,98323.58,99573.37,75995.69
2014-09-19,7.36,7.45,7.45,7.31,102006.76,0.09,1.22,7.338,7.314,7.209,97706.59,99327.65,78393.72
2014-09-22,7.46,7.48,7.42,7.36,102299.16,-0.03,-0.4,7.346,7.329,7.221,101193.06,98721.65,81287.75
2014-09-23,7.44,7.56,7.53,7.4,142910.56,0.11,1.48,7.408,7.356,7.24,105298.59,106242.82,86367.32
2014-09-24,7.5,7.61,7.6,7.46,131931.69,0.07,0.93,7.472,7.387,7.27,114565.8,110817.75,89014.61
2014-09-25,7.62,7.65,7.55,7.52,119539.76,-0.05,-0.66,7.51,7.413,7.297,119737.59,109030.59,93373.63
2014-09-26,7.51,7.55,7.49,7.45,77197.07,-0.06,-0.8,7.518,7.428,7.321,114775.65,106241.12,95190.45
2014-09-29,7.49,7.64,7.64,7.49,119381.16,0.15,2.0,7.562,7.454,7.351,118192.05,109692.55,99805.86
2014-09-30,7.63,7.63,7.57,7.54,72934.58,-0.07,-0.92,7.57,7.489,7.376,104196.85,104747.72,100957.29
2014-10-08,7.57,7.68,7.66,7.54,112425.62,0.09,1.19,7.582,7.527,7.402,100295.64,107430.72,102545.55
2014-10-09,7.73,7.76,7.65,7.59,119126.49,-0.01,-0.13,7.602,7.556,7.425,100212.98,109975.28,104774.33
2014-10-10,7.62,7.69,7.62,7.59,90515.82,-0.03,-0.39,7.628,7.573,7.444,102876.73,108826.19,104076.92
2014-10-13,7.62,7.66,7.6,7.51,71646.75,-0.02,-0.26,7.62,7.591,7.46,93329.85,105760.95,102241.3
2014-10-14,7.57,7.65,7.58,7.53,69884.33,-0.02,-0.26,7.622,7.596,7.476,92719.8,98458.33,102350.57
2014-10-15,7.58,7.59,7.57,7.5,52629.3,-0.01,-0.13,7.604,7.593,7.49,80760.54,90528.09,100672.92
2014-10-16,7.55,7.63,7.5,7.49,69042.05,-0.07,-0.93,7.574,7.588,7.501,70743.65,85478.32,97254.45
2014-10-17,7.47,7.52,7.4,7.31,70262.49,-0.1,-1.33,7.53,7.579,7.504,66692.98,84784.86,95512.99
2014-10-20,7.43,7.47,7.46,7.39,57002.99,0.06,0.81,7.502,7.561,7.508,63764.23,78547.04,94119.8
2014-10-21,7.46,7.47,7.41,7.36,38973.68,-0.05,-0.67,7.468,7.545,7.517,57582.1,75150.95,89949.34
2014-10-22,7.4,7.45,7.33,7.32,43037.69,-0.08,-1.08,7.42,7.512,7.52,55663.78,68212.16,87821.44
2014-10-23,7.3,7.38,7.2,7.18,58351.35,-0.13,-1.77,7.36,7.467,7.512,53525.64,62134.65,86054.97
2014-10-24,7.2,7.24,7.21,7.17,30478.68,0.01,0.14,7.322,7.426,7.5,45568.88,56130.93,82478.56
2014-10-27,7.22,7.25,7.21,7.16,30834.06,0.0,0.0,7.272,7.387,7.489,40335.09,52049.66,78905.31
2014-10-28,7.22,7.37,7.37,7.22,62581.0,0.16,2.22,7.264,7.366,7.481,45056.56,51319.33,74888.83
2014-10-29,7.4,7.75,7.71,7.36,208806.88,0.34,4.61,7.34,7.38,7.487,78210.39,66937.09,78732.59
2014-10-30,7.66,7.75,7.71,7.6,103687.42,0.0,0.0,7.442,7.401,7.495,87277.61,70401.62,77939.97
2014-10-31,7.72,7.96,7.85,7.6,272225.31,0.14,1.82,7.57,7.446,7.513,135626.93,90597.91,87691.38
2014-11-03,7.81,8.1,7.85,7.73,274592.78,0.0,0.0,7.698,7.485,7.523,184378.68,112356.89,95451.96
2014-11-04,7.81,7.81,7.75,7.64,131912.34,-0.1,-1.27,7.774,7.519,7.532,198244.95,121650.75,98400.85
2014-11-05,7.71,7.86,7.78,7.67,124447.17,0.03,0.39,7.788,7.564,7.538,181373.0,129791.7,99001.93
2014-11-06,7.77,7.85,7.82,7.7,70254.93,0.04,0.51,7.81,7.626,7.547,174686.51,130982.06,96558.35
2014-11-07,7.82,7.95,7.68,7.67,135151.06,-0.14,-1.79,7.776,7.673,7.55,147271.66,141449.3,98790.11
2014-11-10,7.68,7.89,7.83,7.66,100372.46,0.15,1.95,7.772,7.735,7.561,112427.59,148403.14,100226.4
2014-11-11,7.84,7.99,7.89,7.7,208234.92,0.06,0.77,7.8,7.787,7.577,127692.11,162968.53,107143.93
2014-11-12,7.83,8.16,8.15,7.72,235820.88,0.26,3.29,7.874,7.831,7.606,149966.85,165669.93,116303.51
2014-11-13,8.1,8.12,8.02,7.95,154519.8,-0.13,-1.59,7.914,7.862,7.632,166819.82,170753.16,120577.39
2014-11-14,7.98,7.98,7.93,7.84,77961.89,-0.09,-1.12,7.964,7.87,7.658,155381.99,151326.82,120962.36
2014-11-17,7.93,7.97,7.81,7.8,73966.46,-0.12,-1.51,7.96,7.866,7.676,150100.79,131264.19,121810.54
2014-11-18,7.8,7.95,7.8,7.74,68780.91,-0.01,-0.13,7.942,7.871,7.695,122209.99,124951.05,123300.9
2014-11-19,7.8,7.86,7.77,7.73,66288.09,-0.03,-0.39,7.866,7.87,7.717,88303.43,119135.14,124463.42
2014-11-20,7.75,7.79,7.78,7.69,57379.1,0.01,0.13,7.818,7.866,7.746,68875.29,117847.56,124414.81
2014-11-21,7.77,7.93,7.87,7.75,85608.93,0.09,1.16,7.806,7.885,7.779,70404.7,112893.34,127171.32
2014-11-24,7.91,8.11,8.02,7.89,181032.94,0.15,1.91,7.848,7.904,7.82,91817.99,120959.39,134681.26
2014-11-25,8.02,8.27,8.15,7.98,170281.05,0.13,1.62,7.918,7.93,7.859,112118.02,117164.0,140066.27
2014-11-26,8.18,8.19,8.07,7.99,108289.77,-0.08,-0.98,7.978,7.922,7.877,120518.36,104410.89,135040.41
2014-11-27,8.09,8.12,8.01,7.9,112223.58,-0.06,-0.74,8.024,7.921,7.892,131487.25,100181.27,135467.22
2014-11-28,8.0,8.09,8.07,7.92,105916.68,0.06,0.75,8.064,7.935,7.903,135548.8,102976.75,127151.79
2014-12-01,8.1,8.28,8.14,8.02,161863.84,0.07,0.87,8.088,7.968,7.917,131714.98,111766.49,121515.34
2014-12-02,8.13,8.27,8.23,8.1,159733.41,0.09,1.11,8.104,8.011,7.941,129605.46,120861.74,122906.39
2014-12-03,8.27,8.51,8.39,8.17,238627.48,0.16,1.94,8.168,8.073,7.972,155673.0,138095.68,128615.41
2014-12-04,8.33,8.54,8.51,8.31,199984.17,0.12,1.43,8.268,8.146,8.006,173225.12,152356.19,135101.87
2014-12-05,8.51,8.51,8.13,8.01,215155.11,-0.38,-4.46,8.28,8.172,8.029,195072.8,165310.8,139102.07
2014-12-08,8.14,8.27,8.24,8.02,164944.03,0.11,1.35,8.3,8.194,8.049,195688.84,163701.91,142330.65
2014-12-09,8.24,8.5,8.11,8.05,234993.69,-0.13,-1.58,8.276,8.19,8.06,210740.9,170173.18,143668.59
2014-12-10,8.09,8.48,8.47,8.07,225087.06,0.36,4.44,8.292,8.23,8.076,208032.81,181852.91,143131.9
2014-12-11,8.48,8.78,8.61,8.38,252310.84,0.14,1.65,8.312,8.29,8.106,218498.15,195861.63,148021.45
2014-12-12,8.61,8.66,8.53,8.41,142664.95,-0.08,-0.93,8.392,8.336,8.136,204000.11,199536.46,151256.6
2014-12-15,8.53,8.77,8.76,8.45,157901.05,0.23,2.7,8.496,8.398,8.183,202591.52,199140.18,155453.33
2014-12-16,8.7,8.76,8.7,8.58,145200.52,-0.06,-0.69,8.614,8.445,8.228,184632.88,197686.89,159274.31
2014-12-17,8.65,8.76,8.5,8.41,131172.25,-0.2,-2.3,8.62,8.456,8.265,165849.92,186941.37,162518.52
2014-12-18,8.51,8.54,8.41,8.37,92935.09,-0.09,-1.06,8.58,8.446,8.296,133974.77,176236.46,164296.32
2014-12-19,8.39,8.64,8.63,8.31,138471.58,0.22,2.62,8.6,8.496,8.334,133136.1,168568.11,166939.45
2014-12-22,8.48,8.85,8.55,8.37,204213.94,-0.08,-0.93,8.558,8.527,8.361,142398.68,172495.1,168098.5
2014-12-23,8.51,8.51,8.2,8.14,129626.9,-0.35,-4.09,8.458,8.536,8.363,139283.95,161958.42,166065.8
2014-12-24,8.15,8.28,8.23,8.1,86968.63,0.03,0.37,8.404,8.512,8.371,130443.23,148146.58,164999.74
2014-12-25,8.23,8.43,8.39,8.15,85508.55,0.16,1.94,8.4,8.49,8.39,128957.92,131466.35,163663.99
2014-12-26,8.4,8.52,8.5,8.32,105798.21,0.11,1.31,8.374,8.487,8.412,122423.25,127779.67,163658.07
2014-12-29,8.53,8.57,8.37,8.3,94162.64,-0.13,-1.53,8.338,8.448,8.423,100412.99,121405.83,160273.01
2014-12-30,8.36,8.36,8.16,8.14,74189.55,-0.21,-2.51,8.33,8.394,8.42,89325.52,114304.73,155995.81
2014-12-31,8.16,8.27,8.25,8.1,63039.35,0.09,1.1,8.334,8.369,8.413,84539.66,107491.44,147216.41
2015-01-05,8.26,8.68,8.66,8.26,180366.47,0.41,4.97,8.388,8.394,8.42,103511.24,116234.58,146235.52
2015-01-06,8.6,8.86,8.81,8.56,202751.91,0.15,1.73,8.45,8.412,8.454,122901.98,122662.62,145615.36
2015-01-07,8.79,8.84,8.77,8.63,118717.83,-0.04,-0.45,8.53,8.434,8.481,127813.02,114113.0,143304.05
2015-01-08,8.75,8.88,8.73,8.71,117002.64,-0.04,-0.46,8.644,8.487,8.512,136375.64,112850.58,137404.5
2015-01-09,8.71,8.74,8.56,8.55,123194.0,-0.17,-1.95,8.706,8.52,8.516,148406.57,116473.12,132309.85
2015-01-12,8.55,8.55,8.25,8.15,111273.65,-0.31,-3.62,8.624,8.506,8.498,134588.01,119049.63,125257.99
2015-01-13,8.24,8.4,8.36,8.19,62332.71,0.11,1.33,8.534,8.492,8.49,106504.17,114703.07,121241.37
2015-01-14,8.36,8.36,8.21,8.18,57878.3,-0.15,-1.79,8.422,8.476,8.462,94336.26,111074.64,116240.24
2015-01-15,8.21,8.41,8.4,8.21,51849.6,0.19,2.31,8.356,8.5,8.447,81305.65,108840.65,111572.69
2015-01-16,8.41,8.43,8.37,8.3,57536.59,-0.03,-0.36,8.318,8.512,8.441,68174.17,108290.37,107890.91
2015-01-19,8.17,8.28,7.88,7.76,116789.89,-0.49,-5.85,8.244,8.434,8.414,69277.42,101932.71,109083.65
2015-01-20,7.88,8.15,8.11,7.88,76949.59,0.23,2.92,8.194,8.364,8.388,72200.79,89352.48,106007.55
2015-01-21,8.16,8.49,8.43,8.11,103747.18,0.32,3.95,8.238,8.33,8.382,81374.57,87855.42,100984.21
2015-01-22,8.37,8.5,8.36,8.33,74837.75,-0.07,-0.83,8.23,8.293,8.39,85972.2,83638.93,98244.75
2015-01-23,8.4,8.44,8.33,8.28,61033.5,-0.03,-0.36,8.222,8.27,8.395,86671.58,77422.88,96948.0
2015-01-26,8.33,8.5,8.49,8.22,78768.04,0.16,1.92,8.344,8.294,8.4,79067.21,74172.31,96610.97
2015-01-27,8.48,8.59,8.59,8.44,130704.26,0.1,1.18,8.44,8.317,8.405,89818.15,81009.47,97856.27
2015-01-28,8.6,8.73,8.51,8.48,135258.25,-0.08,-0.93,8.456,8.347,8.412,96120.36,88747.47,99911.05
2015-01-29,8.43,8.52,8.46,8.29,44869.87,-0.05,-0.59,8.476,8.353,8.427,90126.78,88049.49,98445.07
2015-01-30,8.45,8.79,8.59,8.43,169542.25,0.13,1.54,8.528,8.375,8.444,111828.53,99250.06,103770.21
2015-02-02,8.46,9.22,9.05,8.45,324062.34,0.46,5.36,8.64,8.492,8.463,160887.39,119977.3,110955.01
2015-02-03,9.11,9.44,9.0,8.95,315751.91,-0.05,-0.55,8.722,8.581,8.473,197896.92,143857.53,116605.01
2015-02-04,8.92,9.64,9.51,8.92,258816.69,0.51,5.67,8.922,8.689,8.51,222608.61,159364.49,123609.95
2015-02-05,9.52,9.74,9.57,9.4,211666.67,0.06,0.63,9.144,8.81,8.552,255967.97,173047.38,128343.15
2015-02-06,9.6,10.15,9.88,9.57,236515.83,0.31,3.24,9.402,8.965,8.618,269362.69,190595.61,134009.24
2015-02-09,9.87,9.88,9.41,9.28,193141.84,-0.47,-4.76,9.474,9.057,8.676,243178.59,202032.99,138102.65
2015-02-10,9.35,9.73,9.72,9.26,104910.12,0.31,3.29,9.618,9.17,8.744,201010.23,199453.58,140231.52
2015-02-11,9.67,9.87,9.17,9.1,246406.72,-0.55,-5.66,9.55,9.236,8.792,198528.24,210568.42,149657.94
2015-02-12,9.21,9.35,9.32,9.16,157408.92,0.15,1.64,9.5,9.322,8.838,187676.69,221822.33,154935.91
2015-02-13,9.36,9.59,9.57,9.15,132853.02,0.25,2.68,9.438,9.42,8.898,166944.12,218153.41,158701.73
2015-02-16,9.53,9.66,9.53,9.42,83495.23,-0.04,-0.42,9.462,9.468,8.98,145014.8,194096.69,157037.0
2015-02-17,9.5,9.66,9.54,9.45,65506.88,0.01,0.1,9.426,9.522,9.052,137134.15,169072.19,156464.86
2015-02-25,9.48,10.49,10.49,9.48,263408.25,0.95,9.96,9.69,9.62,9.155,140534.46,169531.35,164447.92
2015-02-26,10.35,10.57,10.52,10.21,169140.12,0.03,0.29,9.93,9.715,9.263,142880.7,165278.69,169163.04
2015-02-27,10.54,10.82,10.61,10.25,139716.94,0.09,0.86,10.138,9.788,9.377,144253.48,155598.8,173097.21
2015-03-02,11.25,11.55,11.16,11.0,280046.94,0.55,5.18,10.464,9.963,9.51,183563.83,164289.31,183161.15
2015-03-03,11.17,11.77,11.35,10.85,159428.91,0.19,1.7,10.826,10.126,9.648,202348.23,169741.19,184597.38
2015-03-04,11.15,11.45,11.18,11.06,92134.87,-0.17,-1.5,10.964,10.327,9.782,168093.56,154314.01,182441.22
2015-03-05,11.1,11.1,10.89,10.68,110207.6,-0.29,-2.59,11.038,10.484,9.903,156307.05,149593.88,185708.1
2015-03-06,10.88,10.9,10.59,10.5,90966.33,-0.3,-2.75,11.034,10.586,10.003,146556.93,145405.21,181779.31
2015-03-09,10.5,10.96,10.85,10.3,103812.53,0.26,2.46,10.972,10.718,10.093,111310.05,147436.94,170766.82
2015-03-10,10.8,11.36,11.03,10.71,90438.69,0.18,1.66,10.908,10.867,10.195,97512.0,149930.12,159501.16
2015-03-11,11.04,11.13,10.94,10.83,52519.1,-0.09,-0.82,10.86,10.912,10.266,89588.85,128841.2,149186.28
2015-03-12,11.0,11.03,10.87,10.72,47510.7,-0.07,-0.64,10.856,10.947,10.331,77049.47,116678.26,140978.48
2015-03-13,10.85,11.08,10.86,10.66,68093.12,-0.01,-0.09,10.91,10.972,10.38,72474.83,109515.88,132557.34
2015-03-16,10.86,11.1,11.07,10.73,154758.61,0.21,1.93,10.954,10.963,10.463,82664.04,96987.05,130638.18
2015-03-17,11.05,11.11,10.98,10.82,162926.44,-0.09,-0.81,10.944,10.926,10.526,97161.59,97336.8,133539.0
2015-03-18,10.98,11.28,11.15,10.93,171256.3,0.17,1.55,10.986,10.923,10.625,120909.03,105248.94,129781.47
2015-03-19,11.17,11.56,11.55,11.01,208393.31,0.4,3.59,11.122,10.989,10.737,153085.56,115067.51,132330.69
2015-03-20,11.52,11.75,11.39,11.25,149154.44,-0.16,-1.39,11.228,11.069,10.828,169297.82,120886.32,133145.77
2015-03-23,11.4,11.47,11.37,11.11,157605.56,-0.02,-0.18,11.288,11.121,10.92,169867.21,126265.63,136851.28
2015-03-24,11.32,11.32,11.09,10.85,163624.72,-0.28,-2.46,11.31,11.127,10.997,170006.87,133584.23,141757.17
2015-03-25,11.08,11.3,11.18,10.91,132913.64,0.09,0.81,11.316,11.151,11.032,162338.33,141623.68,135232.44
2015-03-26,11.06,11.11,10.81,10.7,164553.17,-0.37,-3.31,11.168,11.145,11.046,153570.31,153327.93,135003.1
2015-03-27,10.81,10.94,10.82,10.76,118308.12,0.01,0.09,11.054,11.141,11.057,147401.04,158349.43,133932.66
2015-03-30,10.82,11.01,11.0,10.82,189185.8,0.18,1.66,10.98,11.134,11.049,153717.09,161792.15,129389.6
2015-03-31,11.05,11.1,10.86,10.81,198247.11,-0.14,-1.27,10.934,11.122,11.024,160641.57,165324.22,131330.51
2015-04-01,10.86,11.06,11.04,10.81,161690.56,0.18,1.66,10.906,11.111,11.017,166396.95,164367.64,134808.29
2015-04-02,11.09,11.27,11.24,11.05,242240.55,0.2,1.81,10.992,11.08,11.035,181934.43,167752.37,141409.94
2015-04-03,11.2,11.36,11.35,11.1,254740.7,0.11,0.98,11.098,11.076,11.073,209220.94,178310.99,149598.66
2015-04-07,11.37,11.75,11.74,11.37,297379.97,0.39,3.44,11.246,11.113,11.117,230859.78,192288.43,159277.03
2015-04-08,11.88,11.94,11.38,11.22,265835.59,-0.36,-3.07,11.35,11.142,11.135,244377.47,202509.52,168046.88
2015-04-09,11.38,11.4,10.98,10.84,165860.05,-0.4,-3.52,11.338,11.122,11.137,245211.37,205804.16,173713.92
2015-04-10,10.99,11.11,11.07,10.85,188415.77,0.09,0.82,11.304,11.148,11.147,234446.42,208190.42,180759.18
2015-04-13,11.06,11.36,11.29,11.04,226958.75,0.22,1.99,11.292,11.195,11.168,228890.03,219055.49,188702.46
2015-04-14,11.28,11.6,11.56,11.08,276428.69,0.27,2.39,11.256,11.251,11.193,224699.77,227779.77,194785.96
2015-04-15,11.64,11.69,11.15,11.12,203936.06,-0.41,-3.55,11.21,11.28,11.201,212319.86,228348.67,196836.44
2015-04-16,10.96,11.3,11.24,10.87,142357.84,0.09,0.81,11.262,11.3,11.206,207619.42,226415.4,195391.52
2015-04-17,11.3,12.36,12.08,11.27,494077.12,0.84,7.47,11.464,11.384,11.232,268751.69,251599.05,209675.71
2015-04-20,12.15,12.88,12.3,11.8,601452.5,0.22,1.82,11.666,11.479,11.278,343650.44,286270.23,232290.61
2015-04-21,12.2,12.68,12.58,12.1,321286.34,0.28,2.28,11.87,11.563,11.338,352621.97,288660.87,240474.65
2015-04-22,12.62,12.78,12.57,12.45,301713.81,-0.01,-0.08,12.154,11.682,11.412,372177.52,292248.69,247379.11
2015-04-23,12.49,12.5,12.34,12.04,283637.97,-0.23,-1.83,12.374,11.818,11.47,400433.55,304026.49,254915.32
2015-04-24,12.15,12.4,12.29,12.04,190382.16,-0.05,-0.41,12.416,11.94,11.544,339694.56,304223.12,256206.77
2015-04-27,12.4,12.5,12.31,12.1,193599.27,0.02,0.16,12.418,12.042,11.619,258123.91,300887.18,259971.33
2015-04-28,12.32,12.38,11.78,11.65,213485.42,-0.53,-4.3,12.258,12.064,11.658,236563.73,294592.85,261186.31
2015-04-29,11.81,11.98,11.91,11.63,129332.12,0.13,1.1,12.126,12.14,11.71,202087.39,287132.45,257740.56
2015-04-30,11.91,12.08,11.91,11.78,124518.13,0.0,0.0,12.04,12.207,11.754,170263.42,285348.48,255881.94
2015-05-04,11.92,12.46,12.45,11.82,215409.92,0.54,4.53,12.072,12.244,11.814,175268.97,257481.76,254540.41
2015-05-05,12.63,12.95,11.97,11.92,331768.28,-0.48,-3.85,12.004,12.211,11.845,202902.77,230513.34,258391.79
2015-05-06,11.82,11.97,11.3,11.06,201075.97,-0.67,-5.6,11.908,12.083,11.823,200420.88,218492.31,253576.59
2015-05-07,11.2,11.3,10.65,10.63,141993.8,-0.65,-5.75,11.656,11.891,11.787,202953.22,202520.3,247384.5
2015-05-08,10.7,10.96,10.9,10.57,143905.27,0.25,2.35,11.454,11.747,11.783,206830.65,188547.03,246286.76
2015-05-11,11.07,11.21,11.2,10.91,138078.27,0.3,2.75,11.204,11.638,11.789,191364.32,183316.65,243769.88
2015-05-12,11.21,11.56,11.51,11.21,178581.38,0.31,2.77,11.112,11.558,11.8,160726.94,181814.86,241351.02
2015-05-13,11.47,11.47,11.25,11.18,170347.73,-0.26,-2.26,11.102,11.505,11.785,154581.29,177501.09,236046.97
2015-05-14,11.25,11.95,11.91,11.21,246310.45,0.66,5.87,11.354,11.505,11.823,175444.62,189198.92,238165.69
2015-05-15,11.88,12.36,11.89,11.8,265853.44,-0.02,-0.17,11.552,11.503,11.855,199834.25,203332.45,244340.47
2015-05-18,11.79,12.07,11.77,11.72,142539.09,-0.12,-1.01,11.666,11.435,11.84,200726.42,196045.37,226763.57
2015-05-19,11.8,12.22,12.12,11.72,167873.06,0.35,2.97,11.788,11.45,11.831,198584.75,179655.85,205084.59
2015-05-20,12.0,12.28,12.03,11.95,191098.77,-0.09,-0.74,11.944,11.523,11.803,202734.96,178658.13,198575.22
2015-05-21,12.01,12.25,12.2,12.0,175568.3,0.17,1.41,12.002,11.678,11.785,188586.53,182015.58,192267.94
2015-05-22,12.29,12.45,12.39,11.97,307385.75,0.19,1.56,12.102,11.827,11.787,196892.99,198363.62,193455.33
2015-05-25,12.37,12.78,12.69,12.31,293917.22,0.3,2.42,12.286,11.976,11.807,227168.62,213947.52,198632.08
2015-05-26,12.71,13.18,13.07,12.39,362496.22,0.38,2.99,12.476,12.132,11.845,266093.25,232339.0,207076.93
2015-05-27,13.02,13.36,13.33,12.66,315651.06,0.26,1.99,12.736,12.34,11.923,291003.71,246869.34,212185.21
2015-05-28,13.34,13.85,12.31,12.1,396857.62,-1.02,-7.65,12.758,12.38,11.943,335261.57,261924.05,225561.49
2015-05-29,12.31,12.55,12.05,11.65,221315.8,-0.26,-2.11,12.69,12.396,11.95,318047.58,257470.29,230401.37
2015-06-01,12.06,13.26,13.26,12.06,253760.17,1.21,10.04,12.804,12.545,11.99,310016.17,268592.4,232318.88
2015-06-02,13.4,14.43,14.24,13.11,369746.38,0.98,7.39,13.038,12.757,12.104,311466.21,288779.73,234217.79
2015-06-03,14.33,14.33,13.92,13.49,249715.47,-0.32,-2.25,13.156,12.946,12.235,298279.09,294641.4,236649.76
2015-06-04,13.92,14.19,14.15,13.1,220206.73,0.23,1.65,13.524,13.141,12.41,262948.91,299105.24,240560.41
2015-06-05,14.2,14.85,14.5,14.0,324658.44,0.35,2.47,14.014,13.352,12.59,283617.44,300832.51,249598.07
2015-06-08,14.5,15.3,14.97,14.5,333822.0,0.47,3.24,14.356,13.58,12.778,299629.8,304822.99,259385.25
2015-06-09,14.98,15.07,14.45,14.15,235039.05,-0.52,-3.47,14.398,13.718,12.925,272688.34,292077.27,262208.14
2015-06-10,14.4,14.76,14.47,14.01,195510.94,0.02,0.14,14.508,13.832,13.086,261847.43,280063.26,263466.3
2015-06-11,14.47,14.65,14.36,14.21,153477.88,-0.11,-0.76,14.55,14.037,13.209,248501.66,255725.29,258824.67
2015-06-12,14.38,14.75,14.56,14.37,271963.41,0.2,1.39,14.562,14.288,13.342,237962.66,260790.05,259130.17
2015-06-15,14.6,14.63,14.04,13.9,207336.72,-0.52,-3.57,14.376,14.366,13.456,212665.6,256147.7,262370.05
2015-06-16,14.02,14.02,13.13,12.91,195100.48,-0.91,-6.48,14.112,14.255,13.506,204677.89,238683.11,263731.42
2015-06-17,13.0,13.75,13.71,12.82,195436.38,0.63,4.82,13.96,14.234,13.59,204662.97,233255.2,263948.3
2015-06-18,13.58,13.63,13.42,13.04,189899.41,-0.29,-2.12,13.772,14.161,13.651,211947.28,230224.47,264664.86
2015-06-19,13.21,13.68,12.81,12.25,180225.08,-0.58,-4.33,13.422,13.992,13.672,193599.61,215781.13,258306.82
2015-06-23,12.86,13.05,12.72,12.01,170908.09,-0.04,-0.31,13.158,13.767,13.674,186313.89,199489.74,252156.37
2015-06-24,12.8,13.38,13.26,12.6,236410.94,0.54,4.25,13.184,13.648,13.683,194575.98,199626.93,245852.1
2015-06-25,13.3,13.5,12.6,12.44,208721.95,-0.67,-5.05,12.962,13.461,13.647,197233.09,200948.03,240505.65
2015-06-26,12.09,12.17,11.21,11.21,198434.48,-1.25,-10.03,12.52,13.146,13.592,198940.11,205443.69,230584.49
2015-06-29,11.45,11.55,10.1,10.09,276116.34,-1.11,-9.9,11.978,12.7,13.494,218118.36,205858.99,233324.52
2015-06-30,10.03,10.64,10.49,9.08,337623.97,0.4,3.96,11.532,12.345,13.356,251461.54,218887.71,237517.71
2015-07-01,10.21,10.85,9.69,9.59,307262.31,-0.81,-7.71,10.818,12.001,13.128,265631.81,230103.9,234393.5
2015-07-02,9.73,10.24,9.47,8.89,299820.12,-0.21,-2.17,10.192,11.577,12.906,283851.44,240542.27,236898.74
2015-07-03,9.03,9.59,8.63,8.48,283608.91,-0.79,-8.39,9.676,11.098,12.63,300886.33,249913.22,240068.85
2015-07-06,9.48,9.48,9.0,8.03,343869.09,0.38,4.41,9.456,10.717,12.355,314436.88,266277.62,241029.38
2015-07-07,8.68,8.93,8.09,8.09,296644.5,-0.9,-10.01,8.976,10.254,12.011,306240.99,278851.26,239170.5
2015-07-08,7.28,7.98,7.74,7.28,669319.0,-0.35,-4.33,8.586,9.702,11.675,378652.32,322142.07,260884.5
2015-07-09,7.75,8.51,8.51,7.75,199619.69,0.77,9.95,8.394,9.293,11.377,358612.24,321231.84,261089.94
2015-07-10,8.76,9.36,9.36,8.75,251197.27,0.85,9.99,8.54,9.108,11.127,352129.91,326508.12,265975.91
