date,open,high,close,low,volume,amount
2015-07-10,7.47,7.88,7.88,7.46,83692848.0,601698624.0
2015-07-09,6.52,7.17,7.17,6.17,132791096.0,840139456.0
2015-07-08,6.52,6.74,6.52,6.52,121661608.0,737829568.0
2015-07-07,7.72,7.91,7.25,7.25,161513104.0,1104549632.0
2015-07-06,9.63,9.63,8.04,7.88,138586304.0,1099764480.0
2015-07-03,9.57,9.86,8.76,8.76,112897608.0,952044480.0
2015-07-02,10.83,10.99,9.73,9.66,100558160.0,954643520.0
2015-07-01,11.61,11.92,10.73,10.65,90717488.0,965599488.0
2015-06-30,10.99,11.88,11.79,10.15,103271792.0,1057395584.0
2015-06-29,11.8,11.99,10.96,10.31,118559648.0,1240607104.0
2015-06-26,12.26,12.69,11.45,11.45,106152992.0,1180614400.0
2015-06-25,13.4,13.42,12.72,12.53,84990192.0,1030029504.0
2015-06-24,12.99,13.43,13.39,12.87,101534272.0,1237579904.0
2015-06-23,12.45,12.96,12.94,11.77,81162232.0,940233408.0
2015-06-19,13.39,13.61,12.44,12.34,89363104.0,1082547968.0
2015-06-18,14.23,14.44,13.61,13.57,76884136.0,1004510272.0
2015-06-17,13.96,14.39,14.32,13.53,85296288.0,1104451712.0
2015-06-16,14.58,14.64,13.92,13.73,108615432.0,1432155136.0
2015-06-15,15.44,15.59,14.8,14.74,134218032.0,1890689920.0
2015-06-12,14.85,15.53,15.4,14.64,157773616.0,2197895424.0
2015-06-11,14.62,15.05,14.84,14.55,112482240.0,1543558656.0
2015-06-10,14.6,15.19,14.75,14.48,135513168.0,1876213376.0
2015-06-09,14.72,15.19,14.94,14.32,169953856.0,2334893568.0
2015-06-08,14.9,15.33,14.82,14.55,219388624.0,3030693888.0
2015-06-05,13.88,14.79,14.79,13.62,296391776.0,3981653248.0
2015-06-04,13.09,13.47,13.45,11.94,131164824.0,1570913408.0
2015-06-03,13.45,13.54,13.19,12.91,119080544.0,1462738688.0
2015-06-02,12.93,13.39,13.35,12.86,136756608.0,1673191680.0
2015-06-01,12.06,12.87,12.8,11.94,104622544.0,1212446080.0
2015-05-29,12.16,12.41,12.04,11.6,103810096.0,1165715328.0
2015-05-28,13.2,13.44,12.19,12.1,167241184.0,2019631360.0
2015-05-27,12.91,13.45,13.31,12.71,158173504.0,1913803008.0
2015-05-26,12.8,12.93,12.89,12.59,118466352.0,1406260864.0
2015-05-25,12.3,12.78,12.74,12.23,110460768.0,1291510656.0
2015-05-22,12.02,12.31,12.3,11.89,109738144.0,1236200960.0
2015-05-21,11.73,11.9,11.89,11.67,72523536.0,793768832.0
2015-05-20,11.91,12.02,11.77,11.73,83942216.0,927374336.0
2015-05-19,11.47,11.91,11.89,11.46,67573568.0,735171712.0
2015-05-18,11.48,11.65,11.46,11.19,57376840.0,612782784.0
2015-05-15,12.05,12.46,11.72,11.71,104492056.0,1170344064.0
2015-05-14,11.85,12.16,12.15,11.52,97835728.0,1074577664.0
2015-05-13,12.04,12.04,11.82,11.71,76765456.0,848099840.0
2015-05-12,11.82,12.02,11.91,11.73,78693856.0,869806528.0
2015-05-11,11.67,11.86,11.78,11.52,84220976.0,918031104.0
2015-05-08,11.4,11.55,11.52,11.21,62614804.0,663868288.0
2015-05-07,11.4,11.62,11.3,11.19,73406848.0,775873600.0
2015-05-06,12.1,12.24,11.44,11.26,91082352.0,1005701824.0
2015-05-05,12.7,12.92,11.97,11.93,110817632.0,1280696064.0
2015-05-04,12.96,13.21,12.94,12.84,78732704.0,951986944.0
2015-04-30,13.62,13.66,12.92,12.91,110702744.0,1357315456.0
2015-04-29,12.7,13.58,13.54,12.64,147267152.0,1819072768.0
2015-04-28,13.3,13.39,12.73,12.59,111779920.0,1347113344.0
2015-04-27,13.32,13.47,13.3,12.93,114648304.0,1406917120.0
2015-04-24,13.13,13.66,13.15,12.96,127094592.0,1567018624.0
2015-04-23,12.87,13.72,13.35,12.73,168975872.0,2071053952.0
2015-04-22,12.7,13.13,12.86,12.55,139678640.0,1670522624.0
2015-04-21,12.21,12.55,12.5,11.97,115258768.0,1315815680.0
2015-04-20,11.82,12.65,12.21,11.62,217479568.0,2459403264.0
2015-04-17,11.7,12.11,11.96,11.6,137856368.0,1531789696.0
2015-04-16,11.26,11.66,11.58,11.08,74330664.0,789934336.0
2015-04-15,11.75,11.81,11.33,11.26,93314208.0,997461056.0
2015-04-14,12.09,12.09,11.82,11.73,92556176.0,1021994816.0
2015-04-13,12.15,12.21,12.11,11.89,95402456.0,1067236352.0
2015-04-10,11.73,12.04,12.03,11.62,87971448.0,972724992.0
2015-04-09,11.95,12.22,11.81,11.41,118146912.0,1298574720.0
2015-04-08,11.97,12.05,11.62,11.41,95417240.0,1034641024.0
2015-04-07,11.54,12.05,11.92,11.54,105385328.0,1162307328.0
2015-04-03,11.1,11.67,11.51,11.06,124398848.0,1322950144.0
2015-04-02,10.89,11.31,11.24,10.78,118933000.0,1216853376.0
2015-04-01,10.75,10.94,10.86,10.68,64415768.0,647586368.0
2015-03-31,11.13,11.19,10.75,10.69,88031672.0,895724224.0
2015-03-30,10.98,11.12,11.06,10.81,79225936.0,808124096.0
2015-03-27,10.88,11.07,10.92,10.82,64113464.0,651961792.0
2015-03-26,10.77,10.96,10.83,10.61,72464512.0,725814912.0
2015-03-25,11.11,11.11,10.82,10.8,81517960.0,826203008.0
2015-03-24,10.94,11.13,11.12,10.62,131583176.0,1336155776.0
2015-03-23,10.71,10.95,10.79,10.63,116020096.0,1164441472.0
2015-03-20,10.41,10.54,10.41,10.29,63481572.0,613149824.0
2015-03-19,10.49,10.83,10.39,10.29,102370112.0,1004216512.0
2015-03-18,10.13,10.47,10.46,10.06,95120696.0,910247040.0
2015-03-17,10.06,10.22,10.14,9.98,79778912.0,747811520.0
2015-03-16,9.89,10.06,10.03,9.82,56872744.0,525654016.0
2015-03-13,9.81,9.96,9.84,9.78,43493124.0,399048064.0
2015-03-12,9.65,9.87,9.78,9.65,34690984.0,314386016.0
2015-03-11,9.75,9.89,9.66,9.59,35876404.0,325346080.0
2015-03-10,9.86,9.96,9.8,9.77,38387216.0,351535744.0
2015-03-09,9.83,9.86,9.84,9.61,43052924.0,390054784.0
2015-03-06,9.53,9.98,9.84,9.5,69134192.0,628986112.0
2015-03-05,9.66,9.66,9.54,9.45,37065476.0,327885376.0
2015-03-04,9.74,9.8,9.64,9.53,45174976.0,405643776.0
2015-03-03,9.77,10.11,9.71,9.61,71943520.0,658426880.0
2015-03-02,9.7,9.86,9.8,9.59,51200828.0,464565888.0
2015-02-27,9.54,9.62,9.54,9.45,33859960.0,300015680.0
2015-02-26,9.14,9.55,9.54,9.12,45896992.0,400784736.0
2015-02-25,9.33,9.34,9.16,9.14,22343380.0,191164288.0
2015-02-17,9.31,9.37,9.31,9.29,18535604.0,160595424.0
2015-02-16,9.24,9.31,9.31,9.23,20841976.0,179523824.0
2015-02-13,9.1,9.33,9.22,9.08,29223152.0,250648192.0
2015-02-12,9.03,9.09,9.04,8.97,14032986.0,117760232.0
2015-02-11,9.06,9.11,9.03,8.98,15411708.0,129637944.0
2015-02-10,8.95,9.09,9.08,8.89,17929352.0,150193824.0
2015-02-09,8.76,8.96,8.89,8.71,17186356.0,141701376.0
2015-02-06,8.92,9.14,8.82,8.75,32481360.0,270148064.0
2015-02-05,9.36,9.39,8.93,8.91,31172804.0,264989152.0
2015-02-04,9.32,9.41,9.17,9.16,32278252.0,278888480.0
2015-02-03,8.99,9.19,9.18,8.98,25424756.0,214718016.0
2015-02-02,8.91,9.03,8.92,8.81,23897644.0,198335312.0
2015-01-30,9.13,9.25,9.08,9.03,28093052.0,238678688.0
2015-01-29,9.1,9.21,9.13,9.06,31286112.0,265697680.0
2015-01-28,9.34,9.38,9.23,9.22,29300524.0,252959216.0
2015-01-27,9.52,9.65,9.41,9.2,47001416.0,412732576.0
2015-01-26,9.31,9.5,9.47,9.25,33980236.0,297877184.0
2015-01-23,9.68,9.76,9.37,9.29,50200144.0,442317152.0
2015-01-22,9.29,9.67,9.52,9.2,65465652.0,579661056.0
2015-01-21,8.87,9.31,9.27,8.82,55796728.0,472676192.0
2015-01-20,8.68,8.93,8.87,8.66,43625752.0,356977472.0
2015-01-19,9.04,9.25,8.61,8.49,66180384.0,546751936.0
2015-01-16,9.37,9.55,9.38,9.34,43773344.0,383693344.0
2015-01-15,9.09,9.36,9.35,8.84,53171028.0,449819744.0
2015-01-14,9.51,9.59,9.18,9.04,59425368.0,512473664.0
2015-01-13,9.47,9.67,9.53,9.47,28505000.0,253498944.0
2015-01-12,9.88,9.88,9.55,9.42,60432256.0,542759552.0
2015-01-09,10.06,10.39,9.97,9.95,63348208.0,599228608.0
2015-01-08,10.54,10.65,10.16,10.07,81782304.0,780376192.0
2015-01-07,10.45,11.02,10.62,10.38,86715064.0,863119296.0
2015-01-06,10.82,10.93,10.52,10.31,123445560.0,1214926336.0
2015-01-05,9.99,10.93,10.93,9.94,168927696.0,1667304704.0
2014-12-31,9.75,9.99,9.94,9.68,70352784.0,644892160.0
2014-12-30,9.68,9.86,9.68,9.52,56838248.0,512119776.0
2014-12-29,9.9,10.13,9.74,9.62,83113632.0,763644224.0
2014-12-26,9.54,9.83,9.79,9.47,65673220.0,592821312.0
2014-12-25,9.32,9.61,9.6,9.26,57004752.0,500926368.0
2014-12-24,9.39,9.59,9.33,9.17,57259368.0,498385696.0
2014-12-23,9.81,9.94,9.44,9.41,84972128.0,760011264.0
2014-12-22,10.26,10.75,10.07,10.01,143658688.0,1381887872.0
2014-12-19,9.55,10.08,10.06,9.46,129891352.0,1184474112.0
2014-12-18,9.34,9.84,9.54,9.29,91067392.0,815769344.0
2014-12-17,9.79,9.82,9.43,9.21,84569584.0,745065536.0
2014-12-16,9.7,9.82,9.77,9.52,71862072.0,646768960.0
2014-12-15,9.57,9.76,9.75,9.48,61669968.0,549305216.0
2014-12-12,9.41,10.06,9.74,9.41,90286768.0,818033344.0
2014-12-11,9.34,9.75,9.4,9.19,84512216.0,744241472.0
2014-12-10,9.22,9.61,9.5,8.96,102387336.0,894614656.0
2014-12-09,9.23,10.22,9.1,8.81,166329872.0,1491649408.0
2014-12-08,9.03,9.53,9.35,8.87,110412160.0,949736192.0
2014-12-05,9.54,9.55,9.14,8.71,159518800.0,1364653184.0
2014-12-04,9.19,9.7,9.62,9.02,190374384.0,1667775616.0
2014-12-03,8.15,8.97,8.97,8.1,207909040.0,1687989120.0
2014-12-02,8.17,8.22,8.15,8.03,70705912.0,533822080.0
2014-12-01,7.85,8.18,8.08,7.82,74064904.0,553955456.0
2014-11-28,8.02,8.04,7.96,7.78,64091256.0,471688416.0
2014-11-27,8.07,8.14,8.03,7.92,57708484.0,430374816.0
2014-11-26,8.02,8.27,8.03,7.85,81575208.0,611177408.0
2014-11-25,7.81,8.07,8.06,7.76,81831400.0,601531328.0
2014-11-24,7.68,7.9,7.81,7.58,86038496.0,618313728.0
2014-11-21,7.4,7.57,7.56,7.37,30814270.0,214032880.0
2014-11-20,7.42,7.48,7.39,7.37,19585116.0,135166048.0
2014-11-19,7.45,7.54,7.47,7.35,28723144.0,198788288.0
2014-11-18,7.53,7.56,7.43,7.4,39237848.0,272314272.0
2014-11-17,7.64,7.74,7.61,7.55,34451360.0,244410336.0
2014-11-14,7.61,7.79,7.58,7.51,62424784.0,442820864.0
2014-11-13,7.37,7.82,7.7,7.24,96224200.0,676171648.0
2014-11-12,7.25,7.4,7.4,7.22,32136924.0,219114064.0
2014-11-11,7.6,7.67,7.32,7.21,71061160.0,491600352.0
2014-11-10,7.42,7.62,7.58,7.26,52732520.0,367416256.0
2014-11-07,7.48,7.68,7.45,7.3,66789500.0,467430592.0
2014-11-06,7.35,7.48,7.38,7.25,32747972.0,223679328.0
2014-11-05,7.5,7.57,7.33,7.3,59104328.0,408818368.0
2014-11-04,7.3,7.65,7.5,7.22,90655320.0,631338688.0
2014-11-03,7.28,7.42,7.26,7.23,58704380.0,399915968.0
2014-10-31,7.17,7.32,7.26,7.1,58960576.0,395916672.0
2014-10-30,7.08,7.25,7.13,7.05,38755228.0,257381824.0
2014-10-29,6.97,7.12,7.07,6.94,35223244.0,230757488.0
2014-10-28,6.84,6.95,6.95,6.82,23976388.0,153657104.0
2014-10-27,6.79,6.88,6.83,6.7,13370983.0,84124872.0
2014-10-24,6.83,6.94,6.81,6.8,15636061.0,99550144.0
2014-10-23,7.05,7.07,6.84,6.83,29101344.0,186616384.0
2014-10-22,7.2,7.24,7.07,7.05,28067896.0,186017312.0
2014-10-21,6.94,7.39,7.19,6.91,62595096.0,418000320.0
2014-10-20,6.91,6.99,6.96,6.88,18184944.0,117024408.0
2014-10-17,7.04,7.09,6.91,6.82,33628300.0,216344592.0
2014-10-16,7.14,7.26,7.06,7.05,35911344.0,238577232.0
2014-10-15,7.23,7.31,7.27,7.12,31237192.0,208970880.0
2014-10-14,7.36,7.42,7.23,7.19,33820424.0,228688000.0
2014-10-13,7.18,7.34,7.33,7.12,34736080.0,231716320.0
2014-10-10,7.3,7.34,7.19,7.13,40884904.0,273918368.0
2014-10-09,7.21,7.39,7.35,7.17,55345420.0,374566912.0
2014-10-08,7.09,7.22,7.21,7.06,38238140.0,253973920.0
2014-09-30,6.96,7.18,7.12,6.95,54555932.0,358885184.0
2014-09-29,6.92,6.99,6.93,6.91,27842248.0,178741248.0
2014-09-26,6.91,6.96,6.93,6.88,21667828.0,138994128.0
2014-09-25,7.07,7.1,6.94,6.91,36064416.0,233918672.0
2014-09-24,6.89,7.06,7.03,6.84,38048372.0,245864800.0
2014-09-23,6.92,6.93,6.91,6.81,29287954.0,186587344.0
2014-09-22,7.06,7.17,6.93,6.89,42034752.0,273260544.0
2014-09-19,6.9,7.16,7.07,6.88,66932716.0,437712352.0
2014-09-18,6.86,6.95,6.9,6.82,30817762.0,197025632.0
2014-09-17,6.79,6.95,6.89,6.72,41381704.0,262748448.0
2014-09-16,6.93,7.04,6.78,6.77,56165720.0,359562144.0
2014-09-15,6.72,6.9,6.9,6.7,43416588.0,274919808.0
2014-09-12,6.7,6.76,6.76,6.66,26896576.0,167063424.0
2014-09-11,6.72,6.83,6.71,6.69,29768160.0,186396000.0
2014-09-10,6.74,6.77,6.75,6.67,31200308.0,194057296.0
2014-09-09,6.84,6.86,6.81,6.78,22384656.0,141281136.0
2014-09-05,6.77,6.9,6.85,6.72,42779160.0,270706976.0
2014-09-04,6.72,6.76,6.76,6.68,21006248.0,130779728.0
2014-09-03,6.7,6.78,6.72,6.69,30072086.0,187645408.0
2014-09-02,6.64,6.68,6.68,6.57,25631358.0,157239008.0
2014-09-01,6.54,6.61,6.59,6.52,19413066.0,118048280.0
2014-08-29,6.44,6.55,6.54,6.43,13340799.0,80325488.0
2014-08-28,6.44,6.53,6.46,6.43,14670301.0,88126072.0
2014-08-27,6.48,6.51,6.49,6.37,24185212.0,144359472.0
2014-08-26,6.66,6.7,6.46,6.43,30203184.0,183465344.0
2014-08-25,6.81,6.83,6.66,6.66,23789764.0,147754960.0
2014-08-22,6.86,6.86,6.8,6.67,33798608.0,212096160.0
2014-08-21,6.91,6.99,6.85,6.8,34657768.0,221447312.0
2014-08-20,6.86,6.93,6.83,6.8,22478244.0,142863328.0
2014-08-19,6.83,6.89,6.88,6.8,26963972.0,170956768.0
2014-08-18,6.82,6.89,6.83,6.8,25748364.0,162978912.0
2014-08-15,6.75,6.85,6.81,6.72,30531292.0,192057328.0
2014-08-14,6.93,6.95,6.76,6.71,43174792.0,272847968.0
2014-08-13,6.96,7.07,6.95,6.84,35657676.0,229574224.0
2014-08-12,6.98,7.01,6.99,6.92,27280312.0,176093984.0
2014-08-11,6.93,7.06,7.0,6.83,42199940.0,272474912.0
2014-08-08,6.86,6.99,6.91,6.84,34081476.0,218262848.0
2014-08-07,7.03,7.09,6.88,6.84,63048112.0,406894592.0
2014-08-06,6.75,7.19,7.1,6.71,93673152.0,607716224.0
2014-08-05,6.83,6.94,6.78,6.72,45308904.0,286139968.0
2014-08-04,6.65,6.82,6.81,6.61,45980256.0,286875776.0
2014-08-01,6.75,6.79,6.63,6.59,46671188.0,289240736.0
2014-07-31,6.69,6.85,6.82,6.67,56630300.0,354684224.0
2014-07-30,6.66,6.79,6.67,6.61,56156844.0,347982208.0
2014-07-29,6.84,6.96,6.81,6.67,81795080.0,514339584.0
2014-07-28,6.61,6.99,6.81,6.58,91118000.0,576526016.0
2014-07-25,6.5,6.67,6.61,6.44,89360752.0,545346112.0
2014-07-24,6.3,6.54,6.42,6.18,68605920.0,405575360.0
2014-07-23,6.26,6.42,6.29,6.21,50185716.0,292657024.0
2014-07-22,5.98,6.42,6.27,5.97,68131464.0,393130976.0
2014-07-21,6.05,6.05,5.94,5.91,19582756.0,108300728.0
2014-07-18,6.09,6.15,6.05,6.03,27143196.0,152865040.0
2014-07-17,6.02,6.15,6.1,6.0,32871272.0,185579248.0
2014-07-16,6.01,6.11,6.02,6.0,27675356.0,155523792.0
2014-07-15,6.02,6.04,6.01,5.96,21201810.0,117658904.0
2014-07-14,5.96,6.07,6.04,5.91,25172768.0,140038240.0
2014-07-11,5.89,5.99,5.92,5.87,16513216.0,90821336.0
2014-07-10,5.9,5.97,5.88,5.85,17366770.0,94851288.0
2014-07-09,5.98,6.03,5.9,5.89,23778672.0,131004320.0
2014-07-08,6.0,6.03,6.02,5.9,20523044.0,113515656.0
2014-07-07,6.05,6.08,5.99,5.96,20874044.0,116108456.0
2014-07-04,6.03,6.12,6.09,5.99,28249176.0,158513488.0
2014-07-03,6.05,6.17,6.02,6.01,39481252.0,221658720.0
2014-07-02,5.9,5.96,5.95,5.85,22772580.0,124700072.0
2014-07-01,5.94,6.15,5.96,5.89,41305696.0,230863600.0
2014-06-30,5.8,5.94,5.9,5.79,27597702.0,150413840.0
2014-06-27,5.81,5.83,5.81,5.75,24798808.0,132917112.0
2014-06-26,5.81,5.89,5.81,5.77,22800908.0,123113040.0
2014-06-25,5.89,5.9,5.81,5.75,18454772.0,99387904.0
2014-06-24,5.83,5.97,5.88,5.8,38637468.0,210903120.0
2014-06-23,5.68,5.94,5.85,5.64,43117496.0,232285408.0
2014-06-20,5.58,5.7,5.66,5.57,17629212.0,92289720.0
2014-06-19,5.75,5.76,5.58,5.55,22603684.0,118448936.0
2014-06-18,5.67,5.83,5.77,5.61,26922934.0,142920240.0
2014-06-17,5.72,5.73,5.66,5.64,12017733.0,63270144.0
2014-06-16,5.74,5.77,5.73,5.69,13705461.0,72734384.0
2014-06-13,5.69,5.8,5.75,5.68,18256238.0,97341864.0
2014-06-12,5.7,5.76,5.72,5.64,17325716.0,91604672.0
2014-06-11,5.67,5.72,5.7,5.62,15090707.0,79520640.0
2014-06-10,5.63,5.71,5.68,5.61,11436830.0,60129424.0
2014-06-09,5.59,5.66,5.64,5.56,9679654.0,50359748.0
2014-06-06,5.67,5.68,5.6,5.59,7811049.0,40680456.0
2014-06-05,5.58,5.7,5.68,5.55,11234529.0,58519440.0
2014-06-04,5.67,5.68,5.6,5.53,16369842.0,84651296.0
2014-06-03,5.68,5.74,5.69,5.63,13497199.0,71342216.0
2014-05-30,5.61,5.71,5.66,5.6,10963123.0,57598552.0
2014-05-29,5.74,5.74,5.61,5.61,10224260.0,53719888.0
2014-05-28,5.67,5.76,5.72,5.66,12229580.0,64696648.0
2014-05-27,5.66,5.72,5.69,5.63,13316388.0,70074368.0
2014-05-26,5.64,5.7,5.66,5.62,11454188.0,60047940.0
2014-05-23,5.56,5.62,5.61,5.56,8617123.0,44666728.0
2014-05-22,5.64,5.71,5.57,5.56,12749153.0,66573424.0
2014-05-21,5.59,5.68,5.66,5.51,13312161.0,69362072.0
2014-05-20,5.71,5.75,5.61,5.6,14206468.0,74516192.0
2014-05-19,5.72,5.73,5.67,5.59,16342330.0,85368664.0
2014-05-16,5.68,5.75,5.74,5.64,14524397.0,76601288.0
2014-05-15,5.75,5.79,5.69,5.68,26464944.0,140271008.0
2014-05-14,5.89,5.99,5.82,5.79,34898584.0,190224912.0
2014-05-13,6.11,6.18,5.89,5.83,60638580.0,335832864.0
2014-05-12,5.72,6.2,6.13,5.64,87452744.0,485733344.0
2014-05-09,5.53,5.86,5.7,5.53,70269640.0,377334400.0
2014-05-08,5.41,5.52,5.49,5.39,14125952.0,72335728.0
2014-05-07,5.4,5.49,5.42,5.37,9547755.0,48405692.0
2014-05-06,5.36,5.43,5.41,5.35,8408164.0,42447260.0
2014-05-05,5.36,5.38,5.38,5.3,7883945.0,39306376.0
2014-04-30,5.36,5.4,5.37,5.35,7777508.0,39078136.0
2014-04-29,5.33,5.39,5.37,5.31,9348692.0,46743936.0
2014-04-28,5.41,5.43,5.33,5.31,16480950.0,82709544.0
2014-04-25,5.46,5.51,5.42,5.41,10932757.0,55692316.0
2014-04-24,5.5,5.5,5.45,5.45,9054507.0,46289856.0
2014-04-23,5.47,5.52,5.48,5.45,10998064.0,56391964.0
2014-04-22,5.47,5.49,5.48,5.42,15188876.0,77438760.0
2014-04-21,5.57,5.59,5.49,5.48,15913115.0,82577088.0
2014-04-18,5.64,5.64,5.62,5.58,11053982.0,57937448.0
2014-04-17,5.69,5.69,5.64,5.63,11003181.0,58122312.0
2014-04-16,5.66,5.71,5.67,5.61,18316082.0,96993704.0
2014-04-15,5.71,5.8,5.68,5.64,30773036.0,164376096.0
2014-04-14,5.67,5.77,5.72,5.64,25280556.0,134950064.0
2014-04-11,5.67,5.73,5.67,5.65,25431306.0,135012160.0
2014-04-10,5.63,5.75,5.73,5.57,35137332.0,185740208.0
2014-04-09,5.65,5.68,5.63,5.61,17715996.0,93425376.0
2014-04-08,5.52,5.68,5.66,5.52,20656572.0,108514568.0
2014-04-04,5.51,5.59,5.55,5.5,15317944.0,79409328.0
2014-04-03,5.66,5.66,5.53,5.47,25152516.0,130520536.0
2014-04-02,5.62,5.7,5.64,5.62,13462097.0,71075584.0
2014-04-01,5.53,5.62,5.58,5.52,8238732.0,42932764.0
2014-03-31,5.61,5.64,5.52,5.51,12005031.0,62450256.0
2014-03-28,5.54,5.69,5.58,5.52,16123147.0,84335296.0
2014-03-27,5.58,5.64,5.55,5.54,10989921.0,57365768.0
2014-03-26,5.59,5.64,5.62,5.57,11339440.0,59402124.0
2014-03-25,5.55,5.69,5.58,5.53,15309255.0,80242184.0
2014-03-24,5.51,5.62,5.57,5.49,17142912.0,89097568.0
2014-03-21,5.37,5.54,5.52,5.36,18418004.0,94075600.0
2014-03-20,5.43,5.48,5.38,5.38,9418312.0,47835272.0
2014-03-19,5.43,5.45,5.43,5.4,8568300.0,43432884.0
2014-03-18,5.48,5.48,5.45,5.43,8880439.0,45273668.0
2014-03-17,5.43,5.49,5.48,5.4,10823692.0,55145124.0
2014-03-14,5.41,5.46,5.41,5.38,10711140.0,54270200.0
2014-03-13,5.49,5.54,5.42,5.4,18745132.0,95743016.0
2014-03-12,5.43,5.5,5.48,5.4,9231393.0,47074960.0
2014-03-11,5.43,5.48,5.47,5.4,7561310.0,38485576.0
2014-03-10,5.56,5.57,5.43,5.42,13967001.0,71523744.0
2014-03-07,5.69,5.76,5.65,5.64,10405999.0,55416688.0
2014-03-06,5.69,5.71,5.69,5.58,10898115.0,57560344.0
2014-03-05,5.79,5.79,5.7,5.68,17091006.0,91374536.0
2014-03-04,5.59,5.91,5.8,5.59,30601014.0,164533504.0
2014-03-03,5.52,5.65,5.64,5.51,14716933.0,76717488.0
2014-02-28,5.48,5.56,5.55,5.43,12194292.0,62583824.0
2014-02-27,5.56,5.56,5.47,5.46,14116389.0,72477528.0
2014-02-26,5.46,5.57,5.57,5.41,12909389.0,66428972.0
2014-02-25,5.59,5.63,5.48,5.43,14177671.0,73505856.0
2014-02-24,5.81,5.81,5.59,5.56,15424988.0,81273088.0
2014-02-21,5.83,5.93,5.8,5.75,12495810.0,68031480.0
2014-02-20,5.87,5.97,5.82,5.8,24213072.0,133445872.0
2014-02-19,5.73,5.87,5.86,5.73,15790779.0,85737984.0
2014-02-18,5.85,5.86,5.76,5.73,16558390.0,89661952.0
2014-02-17,5.83,5.91,5.87,5.82,14205311.0,77730616.0
2014-02-14,5.82,5.85,5.81,5.75,15903298.0,86026664.0
2014-02-13,5.82,5.97,5.82,5.8,16023666.0,88095600.0
2014-02-12,5.84,5.87,5.83,5.79,10814497.0,58849696.0
2014-02-11,5.83,5.88,5.86,5.77,17104892.0,93049832.0
2014-02-10,5.71,5.87,5.83,5.7,15998173.0,86812960.0
2014-02-07,5.57,5.71,5.71,5.55,8992822.0,47433952.0
2014-01-30,5.7,5.7,5.57,5.54,10001463.0,52483460.0
2014-01-29,5.69,5.76,5.7,5.65,6883578.0,36671080.0
2014-01-28,5.64,5.83,5.69,5.63,18341388.0,97922880.0
2014-01-27,5.61,5.62,5.54,5.51,8740088.0,45437088.0
2014-01-24,5.61,5.7,5.62,5.59,11540091.0,60966976.0
2014-01-23,5.62,5.65,5.59,5.57,7493595.0,39230608.0
2014-01-22,5.54,5.65,5.63,5.51,9591931.0,50230472.0
2014-01-21,5.5,5.55,5.53,5.47,4929829.0,25372168.0
2014-01-20,5.46,5.51,5.47,5.41,5458309.0,27898180.0
2014-01-17,5.57,5.57,5.47,5.46,8078529.0,41448032.0
2014-01-16,5.51,5.65,5.57,5.46,11436883.0,59475112.0
2014-01-15,5.56,5.56,5.5,5.45,5830862.0,29886596.0
2014-01-14,5.48,5.57,5.54,5.47,6093709.0,31464632.0
2014-01-13,5.4,5.61,5.5,5.37,10142227.0,52269296.0
2014-01-10,5.45,5.49,5.39,5.35,7422036.0,37543632.0
2014-01-09,5.47,5.56,5.45,5.43,6745118.0,34636936.0
2014-01-08,5.59,5.62,5.49,5.48,7299648.0,37759316.0
2014-01-07,5.47,5.57,5.53,5.47,7093189.0,36666920.0
2014-01-06,5.71,5.71,5.52,5.52,13393007.0,70099088.0
2014-01-03,5.72,5.76,5.73,5.66,12027362.0,64199132.0
2014-01-02,5.77,5.8,5.75,5.7,11199751.0,60137320.0
2013-12-31,5.72,5.83,5.77,5.7,10555229.0,57001420.0
2013-12-30,5.79,5.79,5.73,5.67,6002742.0,32234288.0
2013-12-27,5.69,5.8,5.76,5.65,9195207.0,49156840.0
2013-12-26,5.82,5.83,5.69,5.62,16528239.0,88023432.0
2013-12-25,5.86,5.88,5.83,5.76,9850338.0,53542376.0
2013-12-24,5.84,5.89,5.86,5.8,9073004.0,49566676.0
2013-12-23,5.81,5.88,5.84,5.72,7076658.0,38447628.0
2013-12-20,6.02,6.02,5.8,5.77,13882514.0,75997272.0
2013-12-19,6.05,6.12,5.98,5.97,8819918.0,49819056.0
2013-12-18,6.05,6.08,6.03,5.99,8087493.0,45600292.0
2013-12-17,6.07,6.08,6.01,5.97,7110885.0,39977864.0
2013-12-16,6.22,6.24,6.05,6.04,10330714.0,59003696.0
2013-12-13,6.19,6.26,6.21,6.15,7526110.0,43589724.0
2013-12-12,6.26,6.29,6.25,6.23,7402336.0,43281612.0
2013-12-11,6.31,6.33,6.25,6.22,10826057.0,63369120.0
2013-12-10,6.38,6.41,6.36,6.31,7247360.0,43051120.0
2013-12-09,6.37,6.42,6.37,6.33,8569534.0,50952212.0
2013-12-06,6.37,6.4,6.34,6.29,12167898.0,72087424.0
2013-12-05,6.27,6.45,6.41,6.24,24130678.0,143906736.0
2013-12-04,6.16,6.33,6.27,6.15,14634076.0,85739048.0
2013-12-03,6.1,6.21,6.19,6.09,8668462.0,49882152.0
2013-12-02,6.13,6.25,6.1,6.03,14164078.0,81272336.0
2013-11-29,6.3,6.3,6.22,6.21,11842053.0,69072568.0
2013-11-28,6.16,6.38,6.31,6.15,19988096.0,117710720.0
2013-11-27,6.11,6.19,6.17,6.07,9042266.0,51787192.0
2013-11-26,6.12,6.15,6.11,6.09,6083406.0,34779168.0
2013-11-25,6.15,6.19,6.13,6.1,7768308.0,44648660.0
2013-11-22,6.17,6.22,6.21,6.14,9217096.0,53231856.0
2013-11-21,6.15,6.19,6.16,6.11,9682613.0,55674280.0
2013-11-20,6.25,6.27,6.21,6.15,8296344.0,48058928.0
2013-11-19,6.15,6.24,6.19,6.11,11726246.0,67662752.0
2013-11-18,5.99,6.17,6.16,5.99,11789359.0,67290256.0
2013-11-15,5.92,6.08,6.0,5.92,9710403.0,54576248.0
2013-11-14,5.91,5.95,5.91,5.86,6307136.0,34854800.0
2013-11-13,5.97,5.98,5.88,5.87,8234742.0,45558280.0
2013-11-12,6.03,6.05,6.03,5.97,5411914.0,30458740.0
2013-11-11,6.03,6.07,6.0,5.96,4695627.0,26370004.0
2013-11-08,6.12,6.18,6.02,6.01,7014921.0,39883576.0
2013-11-07,6.16,6.22,6.14,6.12,4830030.0,27799402.0
2013-11-06,6.19,6.27,6.17,6.16,6451371.0,37445392.0
2013-11-05,6.17,6.25,6.23,6.09,8370843.0,48163136.0
2013-11-04,6.29,6.3,6.21,6.18,7487173.0,43524236.0
2013-11-01,6.22,6.27,6.26,6.18,6463618.0,37685168.0
2013-10-31,6.19,6.22,6.19,6.16,7714789.0,44676436.0
2013-10-30,6.16,6.22,6.19,6.11,10398545.0,59949932.0
2013-10-29,6.26,6.36,6.13,6.03,12593805.0,72879080.0
2013-10-28,6.29,6.33,6.24,6.19,6938685.0,40494060.0
2013-10-25,6.44,6.48,6.27,6.23,10963998.0,65072780.0
2013-10-24,6.53,6.54,6.44,6.42,8421181.0,50894580.0
2013-10-23,6.62,6.64,6.54,6.48,13888765.0,85193968.0
2013-10-22,6.53,6.65,6.57,6.5,16323042.0,100317248.0
2013-10-21,6.45,6.5,6.49,6.38,14547021.0,87431864.0
2013-10-18,6.49,6.51,6.45,6.43,9603010.0,58004616.0
2013-10-17,6.44,6.59,6.46,6.44,9103720.0,55272520.0
2013-10-16,6.55,6.56,6.45,6.42,12655020.0,76498344.0
2013-10-15,6.63,6.63,6.57,6.53,11249306.0,69069744.0
2013-10-14,6.61,6.67,6.64,6.56,12534278.0,77323552.0
2013-10-11,6.5,6.62,6.61,6.48,14460997.0,88971696.0
2013-10-10,6.53,6.54,6.47,6.44,12201780.0,73900056.0
2013-10-09,6.5,6.56,6.53,6.47,8479778.0,51617988.0
2013-10-08,6.47,6.54,6.51,6.41,8768969.0,53108156.0
2013-09-30,6.51,6.55,6.48,6.44,5670200.0,34329552.0
2013-09-27,6.39,6.51,6.5,6.38,8462772.0,51167928.0
2013-09-26,6.54,6.6,6.39,6.36,12585791.0,75892136.0
2013-09-25,6.55,6.65,6.55,6.53,10571179.0,65151632.0
2013-09-24,6.65,6.68,6.55,6.53,10284021.0,63204788.0
2013-09-23,6.61,6.73,6.69,6.61,8286019.0,51731428.0
2013-09-18,6.57,6.63,6.6,6.54,7010197.0,43173360.0
2013-09-17,6.74,6.76,6.57,6.57,11167730.0,69379688.0
2013-09-16,6.82,6.95,6.75,6.73,11800618.0,75254168.0
2013-09-13,6.8,6.89,6.84,6.77,12732491.0,81438008.0
2013-09-12,6.85,6.9,6.84,6.79,17936182.0,114698864.0
2013-09-11,6.85,7.12,6.89,6.8,37368360.0,243156672.0
2013-09-10,6.67,6.83,6.82,6.6,24297884.0,152926416.0
2013-09-09,6.54,6.69,6.67,6.53,21502472.0,133168992.0
2013-09-06,6.49,6.58,6.54,6.47,7094304.0,43265712.0
2013-09-05,6.61,6.61,6.5,6.49,10345737.0,63205456.0
2013-09-04,6.63,6.64,6.63,6.56,12156253.0,74947768.0
2013-09-03,6.6,6.65,6.64,6.54,11978193.0,73952408.0
2013-09-02,6.54,6.6,6.59,6.47,8658758.0,52938136.0
2013-08-30,6.57,6.62,6.53,6.48,12917646.0,79140688.0
2013-08-29,6.7,6.7,6.57,6.53,15686694.0,96630488.0
2013-08-28,6.47,6.94,6.74,6.45,32722240.0,204760816.0
2013-08-27,6.48,6.55,6.53,6.45,9694023.0,58938008.0
2013-08-26,6.37,6.53,6.49,6.37,10575806.0,63890876.0
2013-08-23,6.47,6.54,6.34,6.23,10196079.0,60836836.0
2013-08-22,6.44,6.53,6.44,6.42,8637506.0,52285984.0
2013-08-21,6.5,6.51,6.47,6.4,8578285.0,51751356.0
2013-08-20,6.55,6.62,6.46,6.43,11306699.0,68896992.0
2013-08-19,6.51,6.67,6.6,6.43,13787486.0,84352064.0
2013-08-16,6.42,7.12,6.51,6.41,26094448.0,161579152.0
2013-08-15,6.56,6.62,6.47,6.44,14385716.0,88064720.0
2013-08-14,6.59,6.62,6.5,6.38,14831726.0,90229216.0
2013-08-13,6.61,6.62,6.55,6.49,17177216.0,104908040.0
2013-08-12,6.3,6.68,6.62,6.27,32688126.0,198639408.0
2013-08-09,6.22,6.37,6.3,6.18,22413868.0,131437088.0
2013-08-08,6.19,6.25,6.15,6.13,9182428.0,53102996.0
2013-08-07,6.12,6.27,6.15,6.1,12522444.0,72371952.0
2013-08-06,6.13,6.21,6.17,6.03,13098938.0,75067632.0
2013-08-05,6.03,6.14,6.12,6.0,8125707.0,46169320.0
2013-08-02,6.07,6.13,6.03,6.02,8875225.0,50358824.0
2013-08-01,5.95,6.04,6.02,5.91,9036783.0,50668996.0
2013-07-31,5.94,6.04,5.89,5.87,6666074.0,36976260.0
2013-07-30,5.84,6.0,5.93,5.83,7007724.0,38784784.0
2013-07-29,5.98,5.98,5.83,5.82,9312840.0,51348468.0
2013-07-26,5.99,6.09,6.03,5.99,7153681.0,40314936.0
2013-07-25,6.13,6.17,6.04,6.0,9311788.0,52986536.0
2013-07-24,6.13,6.19,6.07,6.0,10796052.0,61434136.0
2013-07-23,6.0,6.24,6.17,6.0,11412266.0,65769924.0
2013-07-22,5.95,6.02,6.0,5.92,7137169.0,39889672.0
2013-07-19,6.15,6.25,5.95,5.92,11386753.0,65266520.0
2013-07-18,6.1,6.29,6.14,6.02,11917574.0,68343832.0
2013-07-17,6.14,6.31,6.14,6.11,15362601.0,89191952.0
2013-07-16,6.1,6.17,6.17,5.99,13099415.0,74484960.0
2013-07-15,6.12,6.25,6.11,6.05,11951141.0,68566504.0
2013-07-12,6.27,6.29,6.11,6.1,15745775.0,91134440.0
2013-07-11,6.07,6.38,6.29,6.04,25138864.0,146140592.0
2013-07-10,5.79,6.12,6.05,5.76,14725732.0,82043896.0
2013-07-09,5.7,5.86,5.8,5.7,7433500.0,40177488.0
2013-07-08,5.92,5.93,5.72,5.72,12714407.0,68835272.0
2013-07-05,5.92,6.22,6.03,5.88,17985880.0,101614872.0
2013-07-04,5.77,6.03,5.93,5.68,13604589.0,74820544.0
2013-07-03,5.89,5.89,5.79,5.71,6941399.0,37546676.0
2013-07-02,5.94,5.95,5.89,5.82,6901268.0,37862952.0
2013-07-01,5.8,5.88,5.87,5.75,8049250.0,43891564.0
2013-06-28,5.76,5.89,5.79,5.67,11467593.0,62252968.0
2013-06-27,5.82,5.95,5.76,5.72,13056959.0,71304872.0
2013-06-26,5.95,6.0,5.82,5.72,16098710.0,87908840.0
2013-06-25,6.05,6.09,5.94,5.53,18186360.0,99404672.0
2013-06-24,6.59,6.59,6.1,6.07,15614325.0,92400928.0
2013-06-21,6.69,6.71,6.61,6.56,11783127.0,72830560.0
2013-06-20,6.92,6.93,6.75,6.74,8344183.0,53166452.0
2013-06-19,6.95,6.97,6.97,6.77,9974245.0,64036480.0
2013-06-18,6.94,7.01,6.99,6.91,8210595.0,53360288.0
2013-06-17,7.03,7.07,6.93,6.93,9339394.0,60886024.0
2013-06-14,7.06,7.07,7.03,6.97,9624923.0,63144184.0
2013-06-13,7.18,7.18,7.01,6.97,13336930.0,87934048.0
2013-06-07,7.41,7.48,7.28,7.23,10978220.0,75185720.0
2013-06-06,7.53,7.53,7.4,7.38,8147153.0,56891168.0
2013-06-05,7.49,7.56,7.54,7.48,6513134.0,45700056.0
2013-06-04,7.65,7.65,7.49,7.45,11415252.0,80234080.0
2013-06-03,7.6,7.69,7.61,7.57,10349403.0,73821208.0
2013-05-31,7.65,7.83,7.65,7.64,18303234.0,131868872.0
2013-05-30,7.67,7.7,7.62,7.58,10308703.0,73629920.0
2013-05-29,7.72,7.77,7.69,7.65,17165282.0,123818304.0
2013-05-28,7.54,7.68,7.67,7.48,18622476.0,132273344.0
2013-05-27,7.55,7.6,7.52,7.5,11121504.0,78344216.0
2013-05-24,7.55,7.62,7.55,7.5,9912406.0,69983376.0
2013-05-23,7.61,7.66,7.53,7.51,14471132.0,102579272.0
2013-05-22,7.65,7.75,7.69,7.61,17090480.0,122485944.0
2013-05-21,7.62,7.69,7.65,7.6,14225441.0,101717328.0
2013-05-20,7.6,7.67,7.62,7.56,12675461.0,90318280.0
2013-05-17,7.41,7.63,7.6,7.41,13165363.0,92554488.0
2013-05-16,7.36,7.46,7.46,7.22,9619258.0,66256904.0
2013-05-15,7.3,7.33,7.31,7.26,5954983.0,41189456.0
2013-05-14,7.39,7.42,7.29,7.22,9882582.0,68372720.0
2013-05-13,7.51,7.51,7.44,7.37,8725411.0,61476016.0
2013-05-10,7.42,7.54,7.5,7.4,8199902.0,58124664.0
2013-05-09,7.58,7.58,7.48,7.42,10461169.0,74434816.0
2013-05-08,7.57,7.67,7.53,7.48,9657467.0,69252680.0
2013-05-07,7.53,7.68,7.55,7.47,11957651.0,85883592.0
2013-05-06,7.62,7.76,7.56,7.49,18149708.0,131217120.0
2013-05-03,7.24,7.49,7.45,7.22,15338618.0,107637720.0
2013-05-02,7.18,7.27,7.24,7.12,10465141.0,71198232.0
2013-04-26,7.38,7.46,7.26,7.21,8094583.0,56342988.0
2013-04-25,7.33,7.42,7.32,7.25,13011386.0,90595264.0
2013-04-24,7.18,7.32,7.3,7.17,8134166.0,55923768.0
2013-04-23,7.38,7.41,7.17,7.15,10665682.0,73144624.0
2013-04-22,7.42,7.45,7.38,7.36,10756026.0,75326328.0
2013-04-19,7.28,7.48,7.45,7.25,12202218.0,85618432.0
2013-04-18,7.16,7.38,7.25,7.12,6887161.0,47211368.0
2013-04-17,7.32,7.34,7.27,7.22,5945979.0,41004048.0
2013-04-16,7.17,7.33,7.31,7.12,10428392.0,71523408.0
2013-04-15,7.34,7.38,7.26,7.22,9665823.0,66811824.0
2013-04-12,7.53,7.53,7.4,7.37,7212697.0,50894400.0
2013-04-11,7.65,7.66,7.51,7.5,9007582.0,64570884.0
2013-04-10,7.58,7.74,7.62,7.52,10894217.0,78927088.0
2013-04-09,7.51,7.62,7.54,7.51,8108154.0,58168608.0
2013-04-08,7.49,7.53,7.47,7.34,11191450.0,78889144.0
2013-04-03,7.64,7.65,7.56,7.54,7664717.0,55092788.0
2013-04-02,7.57,7.65,7.57,7.51,7620461.0,54827036.0
2013-04-01,7.52,7.62,7.55,7.5,8651107.0,61963416.0
2013-03-29,7.6,7.69,7.57,7.55,8283989.0,59786816.0
2013-03-28,7.8,7.82,7.58,7.57,16024583.0,117103496.0
2013-03-27,7.87,7.98,7.9,7.83,11058291.0,82785984.0
2013-03-26,8.05,8.07,7.88,7.86,15520317.0,116490312.0
2013-03-25,8.06,8.15,8.09,8.01,13706839.0,104960016.0
2013-03-22,8.04,8.1,8.02,7.97,13055556.0,99393696.0
2013-03-21,8.02,8.15,8.06,7.96,16771913.0,128283232.0
2013-03-20,7.88,8.06,8.03,7.86,20968158.0,158526784.0
2013-03-19,7.87,7.94,7.88,7.79,15587457.0,116247600.0
2013-03-18,8.12,8.16,7.8,7.76,23080656.0,173776880.0
2013-03-15,8.38,8.39,8.12,8.08,30766510.0,240235728.0
2013-03-14,8.49,8.54,8.37,8.28,34614392.0,275149632.0
2013-03-13,8.09,8.94,8.53,8.04,83317368.0,675199168.0
2013-03-12,7.92,8.2,8.13,7.69,27885146.0,210228784.0
2013-03-11,7.96,8.0,7.91,7.86,10141453.0,76141136.0
2013-03-08,7.98,8.03,7.92,7.9,12053436.0,90855120.0
2013-03-07,7.9,8.13,8.0,7.83,22658112.0,171627632.0
2013-03-06,7.98,8.01,7.97,7.88,18884784.0,142007920.0
2013-03-05,7.87,7.97,7.95,7.84,17071436.0,127820176.0
2013-03-04,8.2,8.29,7.88,7.78,23762896.0,180671648.0
2013-03-01,8.42,8.49,8.29,8.14,16615212.0,130667944.0
2013-02-28,8.16,8.54,8.36,8.1,26814648.0,211232960.0
2013-02-27,8.1,8.16,8.14,8.05,10706254.0,82367768.0
2013-02-26,8.13,8.24,8.01,7.97,15089720.0,116270184.0
2013-02-25,8.26,8.31,8.19,8.17,9801005.0,76347264.0
2013-02-22,8.21,8.28,8.27,8.15,12814998.0,99798168.0
2013-02-21,8.52,8.52,8.22,8.17,23596108.0,185672016.0
2013-02-20,8.55,8.64,8.62,8.54,10775713.0,87809840.0
2013-02-19,8.64,8.68,8.55,8.51,17832432.0,145268448.0
2013-02-18,8.92,8.95,8.66,8.63,23533624.0,195037344.0
2013-02-08,8.73,9.05,8.92,8.72,25810528.0,218889216.0
2013-02-07,8.74,8.83,8.72,8.62,18446818.0,152918448.0
2013-02-06,8.85,9.01,8.74,8.71,22279888.0,186583376.0
2013-02-05,8.69,8.96,8.85,8.57,39659696.0,331428576.0
2013-02-04,8.54,8.82,8.77,8.45,50202264.0,410891616.0
2013-02-01,8.38,8.45,8.42,8.28,19073120.0,151211872.0
2013-01-31,8.37,8.59,8.46,8.33,37918012.0,305169760.0
2013-01-30,8.27,8.42,8.32,8.23,19192780.0,151399056.0
2013-01-29,8.22,8.28,8.26,8.15,16693887.0,129814672.0
2013-01-28,8.04,8.19,8.17,8.03,14242393.0,109788000.0
2013-01-25,8.09,8.17,8.03,8.0,14105950.0,107966424.0
2013-01-24,8.21,8.36,8.07,8.04,18597344.0,144657248.0
2013-01-23,8.19,8.28,8.22,8.12,12324119.0,95592416.0
2013-01-22,8.36,8.37,8.2,8.13,20322864.0,159314640.0
2013-01-21,8.38,8.41,8.38,8.3,16132779.0,127827208.0
2013-01-18,8.41,8.44,8.4,8.27,13229649.0,105030688.0
2013-01-17,8.51,8.57,8.31,8.23,22346528.0,177520304.0
2013-01-16,8.41,8.69,8.52,8.35,37375232.0,302427488.0
2013-01-15,8.35,8.46,8.42,8.29,21983536.0,174672576.0
2013-01-14,8.09,8.38,8.35,8.02,18348478.0,143580496.0
2013-01-11,8.32,8.41,8.09,8.06,17806588.0,138748544.0
2013-01-10,8.31,8.41,8.29,8.23,13511456.0,106553408.0
2013-01-09,8.33,8.42,8.31,8.23,16152109.0,127510560.0
2013-01-08,8.34,8.55,8.38,8.33,16548961.0,132114984.0
2013-01-07,8.38,8.43,8.4,8.3,17673024.0,140088256.0
2013-01-04,8.36,8.63,8.44,8.28,40931168.0,327828864.0
2012-12-31,8.04,8.32,8.27,8.01,28708456.0,222979024.0
2012-12-28,7.95,8.09,8.02,7.93,15731213.0,119439776.0
2012-12-27,8.08,8.13,7.95,7.95,13055338.0,99276928.0
2012-12-26,8.05,8.09,8.06,7.98,16021514.0,122009104.0
2012-12-25,7.84,8.13,8.04,7.78,21464196.0,162475232.0
2012-12-24,7.86,7.95,7.83,7.82,6668134.0,49750240.0
2012-12-21,7.91,8.08,7.85,7.83,14376528.0,107990824.0
2012-12-20,7.7,8.0,7.92,7.68,14325466.0,106496320.0
2012-12-19,7.84,7.89,7.79,7.7,12461570.0,92188056.0
2012-12-18,7.83,8.04,7.86,7.75,16007729.0,119704096.0
2012-12-17,7.74,8.05,7.83,7.73,18851648.0,140878688.0
2012-12-14,7.4,7.79,7.74,7.38,24323076.0,176881376.0
2012-12-13,7.52,7.52,7.38,7.34,9545461.0,67279200.0
2012-12-12,7.55,7.64,7.54,7.48,8771943.0,62631680.0
2012-12-11,7.57,7.7,7.56,7.49,14101928.0,101373104.0
2012-12-10,7.53,7.57,7.55,7.46,12685664.0,90552624.0
2012-12-07,7.34,7.54,7.5,7.26,12512266.0,88267016.0
2012-12-06,7.34,7.4,7.34,7.26,8842411.0,61555640.0
2012-12-05,7.07,7.42,7.34,7.04,14572911.0,100770832.0
2012-12-04,6.95,7.1,7.07,6.92,6386616.0,42397652.0
2012-12-03,7.07,7.11,6.96,6.96,5838634.0,38957328.0
2012-11-30,7.07,7.17,7.06,7.04,6715933.0,45116936.0
2012-11-29,7.1,7.17,7.04,7.01,4786493.0,32250492.0
2012-11-28,7.21,7.22,7.1,7.07,5945504.0,40147368.0
2012-11-27,7.39,7.4,7.22,7.22,8266323.0,57142932.0
2012-11-26,7.48,7.5,7.42,7.4,5420240.0,38338000.0
2012-11-23,7.45,7.52,7.47,7.42,4649766.0,32928784.0
2012-11-22,7.47,7.51,7.42,7.42,4539827.0,32100586.0
2012-11-21,7.4,7.55,7.52,7.38,7312839.0,51827356.0
2012-11-20,7.51,7.55,7.4,7.38,4323862.0,30529486.0
2012-11-19,7.4,7.5,7.47,7.37,4146025.0,29206424.0
2012-11-16,7.48,7.49,7.44,7.36,6570763.0,46090880.0
2012-11-15,7.58,7.59,7.47,7.44,5257826.0,37461224.0
2012-11-14,7.59,7.75,7.64,7.54,6074948.0,43968952.0
2012-11-13,7.77,7.78,7.55,7.52,10120820.0,72960728.0
2012-11-12,7.71,7.79,7.76,7.71,5150978.0,37827072.0
2012-11-09,7.7,7.75,7.71,7.68,5896314.0,43125436.0
2012-11-08,7.87,7.88,7.73,7.72,7893620.0,58360680.0
2012-11-07,7.91,8.05,7.96,7.85,7418595.0,55895016.0
2012-11-06,8.05,8.09,7.9,7.75,13746473.0,102283144.0
2012-11-05,8.06,8.12,8.05,8.02,6377120.0,48720520.0
2012-11-02,8.08,8.12,8.08,8.03,7138530.0,54677076.0
2012-11-01,7.94,8.13,8.07,7.93,11157372.0,85130336.0
2012-10-31,7.91,7.95,7.94,7.83,4703829.0,35170800.0
2012-10-30,7.88,8.02,7.87,7.8,7122744.0,53366244.0
2012-10-29,7.95,7.98,7.87,7.82,6114250.0,45817296.0
2012-10-26,8.19,8.19,7.95,7.92,9557493.0,72785760.0
2012-10-25,8.19,8.29,8.19,8.15,7322246.0,57071432.0
2012-10-24,8.17,8.25,8.19,8.14,6715911.0,52181728.0
2012-10-23,8.35,8.36,8.23,8.22,10815158.0,84683312.0
2012-10-22,8.35,8.39,8.37,8.21,10536844.0,82846528.0
2012-10-19,8.44,8.5,8.43,8.41,6785624.0,54352840.0
2012-10-18,8.38,8.52,8.48,8.34,10518837.0,84371520.0
2012-10-17,8.38,8.42,8.3,8.24,6856941.0,54144064.0
2012-10-16,8.35,8.42,8.31,8.28,6191756.0,49044264.0
2012-10-15,8.41,8.43,8.35,8.25,7423377.0,58619032.0
2012-10-12,8.46,8.59,8.47,8.38,9795219.0,78663152.0
2012-10-11,8.56,8.62,8.44,8.42,14093420.0,113791016.0
2012-10-10,8.55,8.69,8.64,8.5,13318332.0,108353080.0
2012-10-09,8.44,8.62,8.59,8.38,17940492.0,145506544.0
2012-10-08,8.38,8.54,8.38,8.29,13615301.0,108659520.0
2012-09-28,8.26,8.44,8.43,8.19,16085267.0,127125336.0
2012-09-27,7.97,8.35,8.25,7.94,13205728.0,102872856.0
2012-09-26,8.17,8.2,7.96,7.95,8168904.0,62266752.0
2012-09-25,8.26,8.3,8.16,8.08,10093291.0,78423736.0
2012-09-24,8.15,8.45,8.36,7.98,15939679.0,123865120.0
2012-09-21,8.07,8.49,8.27,8.03,18729616.0,147440640.0
2012-09-20,8.42,8.43,8.13,8.08,14700106.0,115029928.0
2012-09-19,8.3,8.52,8.5,8.21,16656276.0,131836584.0
2012-09-18,8.41,8.41,8.28,8.17,15521397.0,121911120.0
2012-09-17,8.73,8.83,8.48,8.44,21298892.0,174896768.0
2012-09-14,8.81,8.99,8.69,8.62,34389284.0,285618912.0
2012-09-13,8.6,8.69,8.47,8.46,13107686.0,106632024.0
2012-09-12,8.56,8.91,8.65,8.56,25370168.0,209874272.0
2012-09-11,8.5,8.52,8.5,8.37,13239920.0,106055040.0
2012-09-10,8.36,8.67,8.56,8.24,27698524.0,224146704.0
2012-09-07,7.89,8.44,8.31,7.89,27748064.0,215483008.0
2012-09-06,7.75,7.84,7.83,7.71,7579188.0,55887528.0
2012-09-05,7.86,7.9,7.72,7.69,10600891.0,77968216.0
2012-09-04,8.02,8.06,7.85,7.84,7361311.0,55487824.0
2012-09-03,7.93,8.04,8.02,7.87,8822771.0,66688928.0
2012-08-31,8.0,8.05,7.9,7.88,7532375.0,56676520.0
2012-08-30,8.2,8.21,8.02,7.91,7566127.0,57796916.0
2012-08-29,8.35,8.39,8.17,8.16,6593837.0,51655064.0
2012-08-28,8.34,8.43,8.36,8.3,4785686.0,37932312.0
2012-08-27,8.44,8.47,8.33,8.29,8640785.0,68527344.0
2012-08-24,8.6,8.61,8.44,8.43,7650343.0,61624160.0
2012-08-23,8.5,8.66,8.63,8.5,7440541.0,60680724.0
2012-08-22,8.62,8.64,8.49,8.44,5723104.0,46260160.0
2012-08-21,8.49,8.63,8.61,8.45,7934651.0,64317856.0
2012-08-20,8.48,8.52,8.49,8.36,5449207.0,43519944.0
2012-08-17,8.48,8.53,8.52,8.45,4671607.0,37593900.0
2012-08-16,8.53,8.54,8.47,8.45,5243219.0,42261664.0
2012-08-15,8.65,8.65,8.5,8.5,5981514.0,48505096.0
2012-08-14,8.63,8.7,8.67,8.52,8474435.0,69153192.0
2012-08-13,8.79,8.79,8.65,8.64,8632736.0,71340904.0
2012-08-10,8.86,8.93,8.8,8.77,7940387.0,66515232.0
2012-08-09,8.86,8.92,8.88,8.72,10472475.0,87610032.0
2012-08-08,8.79,9.1,8.89,8.74,16934188.0,143389632.0
2012-08-07,8.75,8.9,8.83,8.72,12710928.0,106137072.0
2012-08-06,8.54,8.85,8.75,8.52,15065118.0,124381048.0
2012-08-03,8.46,8.59,8.54,8.42,5094257.0,41103036.0
2012-08-02,8.51,8.53,8.43,8.36,4355671.0,34847260.0
2012-08-01,8.34,8.6,8.51,8.34,5951819.0,47959592.0
2012-07-31,8.54,8.59,8.34,8.33,8215546.0,65595368.0
2012-07-30,8.73,8.73,8.54,8.52,7001256.0,57102444.0
2012-07-27,8.56,8.71,8.66,8.56,9261959.0,75979160.0
2012-07-26,8.55,8.67,8.53,8.51,5993697.0,48815096.0
2012-07-25,8.6,8.62,8.53,8.51,5153943.0,41778744.0
2012-07-24,8.54,8.67,8.61,8.54,5072481.0,41411156.0
2012-07-23,8.63,8.63,8.59,8.52,5320822.0,43207580.0
2012-07-20,8.78,8.84,8.69,8.66,7213496.0,59778880.0
2012-07-19,8.77,8.91,8.81,8.72,9480058.0,79451472.0
2012-07-18,8.63,8.79,8.77,8.56,6906872.0,56796488.0
2012-07-17,8.55,8.68,8.64,8.54,5767712.0,47132052.0
2012-07-16,8.78,8.8,8.55,8.54,7887136.0,64588740.0
2012-07-13,8.72,8.89,8.72,8.65,7925023.0,65714796.0
2012-07-12,8.52,8.93,8.83,8.46,17200504.0,142223040.0
2012-07-11,8.47,8.59,8.55,8.44,5740051.0,46345256.0
2012-07-10,8.54,8.57,8.47,8.44,7312258.0,58887424.0
2012-07-09,8.78,8.8,8.52,8.49,11547119.0,94432800.0
2012-07-06,8.75,8.91,8.88,8.5,14158856.0,116983568.0
2012-07-05,8.96,9.01,8.73,8.48,14618232.0,120926224.0
2012-07-04,9.04,9.13,9.01,8.91,9647922.0,82451056.0
2012-07-03,9.07,9.19,8.99,8.9,11202185.0,96074176.0
2012-07-02,9.12,9.28,9.07,8.94,14119924.0,122279984.0
2012-06-29,8.94,9.1,9.03,8.92,13730028.0,117347992.0
2012-06-28,9.15,9.22,8.98,8.94,10182036.0,87705472.0
2012-06-27,9.25,9.36,9.12,9.08,11318046.0,98831872.0
2012-06-26,9.21,9.39,9.3,9.18,8866742.0,78001808.0
2012-06-25,9.66,9.76,9.23,9.08,13918666.0,124743088.0
2012-06-21,9.99,9.99,9.66,9.62,9868865.0,91201920.0
2012-06-20,10.04,10.07,9.98,9.95,5691560.0,54056400.0
2012-06-19,10.12,10.12,10.0,9.97,7454576.0,70980432.0
2012-06-18,10.15,10.27,10.14,10.08,10445132.0,100878016.0
2012-06-15,10.09,10.15,10.1,9.96,8064082.0,77010504.0
2012-06-14,10.12,10.19,10.03,10.02,6270256.0,60037320.0
2012-06-13,10.04,10.18,10.15,9.98,7009458.0,67124152.0
2012-06-12,10.08,10.12,10.0,9.98,6033245.0,57418460.0
2012-06-11,9.91,10.26,10.17,9.9,9709567.0,93169776.0
2012-06-08,10.03,10.06,9.87,9.86,7441709.0,70203672.0
2012-06-07,10.23,10.27,9.93,9.91,7661517.0,73159384.0
2012-06-06,10.06,10.18,10.06,10.03,6707159.0,64264204.0
2012-06-05,10.07,10.12,10.03,10.01,6819230.0,65028508.0
2012-06-04,10.23,10.23,10.04,10.02,12904335.0,124039440.0
2012-06-01,10.4,10.58,10.42,10.39,8123176.0,80697136.0
2012-05-31,10.39,10.56,10.43,10.34,9343717.0,92354208.0
2012-05-30,10.58,10.64,10.47,10.41,11429946.0,113910360.0
2012-05-29,10.29,10.72,10.59,10.26,22838602.0,228024160.0
2012-05-28,10.12,10.31,10.29,9.94,11506677.0,110696376.0
2012-05-25,10.23,10.28,10.12,10.12,6994105.0,67527488.0
2012-05-24,10.21,10.34,10.22,10.18,6374973.0,61943096.0
2012-05-23,10.37,10.41,10.23,10.12,11813766.0,114998544.0
2012-05-22,10.31,10.46,10.41,10.28,11853592.0,117000632.0
2012-05-21,10.16,10.34,10.23,10.03,9242984.0,89511264.0
2012-05-18,10.25,10.26,10.12,10.08,10095758.0,97385952.0
2012-05-17,10.15,10.34,10.3,10.15,11770138.0,114280480.0
2012-05-16,10.39,10.45,10.12,10.1,16821060.0,163618976.0
2012-05-15,10.53,10.58,10.43,10.37,11572679.0,114459384.0
2012-05-14,10.73,10.77,10.59,10.55,13029681.0,132871616.0
2012-05-11,10.76,10.89,10.63,10.62,11950636.0,122702112.0
2012-05-10,10.74,10.87,10.79,10.71,14374435.0,148685152.0
2012-05-09,11.04,11.04,10.72,10.71,19441064.0,202430320.0
2012-05-08,11.24,11.27,11.17,11.04,19346872.0,206339728.0
2012-05-07,10.9,11.33,11.23,10.87,27285460.0,291425760.0
2012-05-04,10.87,11.07,11.02,10.84,16499647.0,173467024.0
2012-05-03,10.86,11.09,10.92,10.84,21818340.0,229159200.0
2012-05-02,10.71,11.16,10.94,10.6,33424460.0,349326016.0
2012-04-27,10.61,10.68,10.56,10.52,11774603.0,119440232.0
2012-04-26,10.49,10.74,10.59,10.48,22923904.0,233370352.0
2012-04-25,10.29,10.52,10.47,10.24,14402968.0,142998720.0
2012-04-24,10.36,10.59,10.33,10.08,18642218.0,184044832.0
2012-04-23,10.62,10.65,10.42,10.4,13461403.0,135545664.0
2012-04-20,10.45,10.68,10.62,10.38,16586286.0,167889568.0
2012-04-19,10.53,10.57,10.48,10.43,13505331.0,135671328.0
2012-04-18,10.35,10.59,10.55,10.31,17018822.0,170798608.0
2012-04-17,10.35,10.44,10.29,10.29,9259077.0,91822672.0
2012-04-16,10.38,10.44,10.39,10.29,11771975.0,116865104.0
2012-04-13,10.44,10.54,10.48,10.35,19136402.0,191539040.0
2012-04-12,10.17,10.4,10.38,10.14,16737554.0,165294256.0
2012-04-11,10.07,10.31,10.16,10.02,10906003.0,106052920.0
2012-04-10,10.04,10.23,10.22,9.87,12735724.0,122579656.0
2012-04-09,10.12,10.17,10.07,9.93,19060532.0,183809248.0
2012-04-06,10.23,10.49,10.35,10.22,20068336.0,198977568.0
2012-03-30,10.07,10.18,10.08,9.9,10503886.0,101202616.0
2012-03-29,10.45,10.48,10.07,9.9,20465888.0,199940912.0
2012-03-28,10.99,10.99,10.53,10.48,20724432.0,212255808.0
2012-03-27,11.21,11.28,11.07,11.06,13179950.0,141194800.0
2012-03-26,11.12,11.3,11.12,10.96,17239838.0,183331024.0
2012-03-22,11.49,11.57,11.35,11.27,14583205.0,158999648.0
2012-03-21,11.15,11.91,11.54,11.15,43033340.0,476515680.0
2012-03-20,11.38,11.4,11.14,11.13,20034944.0,215731392.0
2012-03-19,11.22,11.57,11.49,11.04,26996908.0,290698368.0
2012-03-16,11.12,11.3,11.25,10.97,20245516.0,216642016.0
2012-03-15,11.37,11.44,11.11,10.95,29674928.0,316645312.0
2012-03-14,12.16,12.18,11.37,11.32,42711508.0,480536128.0
2012-03-13,11.91,12.08,12.0,11.8,20171924.0,230753056.0
2012-03-12,11.97,12.07,11.94,11.8,21462486.0,245002960.0
2012-03-09,11.74,11.96,11.89,11.64,22881064.0,258828608.0
2012-03-08,11.46,11.8,11.68,11.46,19496140.0,217601712.0
2012-03-07,11.45,11.63,11.43,11.39,19591040.0,215733744.0
2012-03-06,11.81,11.84,11.62,11.58,24207824.0,270801024.0
2012-03-05,11.84,12.15,11.88,11.8,35983592.0,412168416.0
2012-03-02,11.58,11.77,11.71,11.58,19487492.0,218327984.0
2012-03-01,11.43,11.63,11.53,11.4,14083425.0,155547216.0
2012-02-29,11.61,11.85,11.57,11.51,23309948.0,260284848.0
2012-02-28,11.64,11.75,11.6,11.51,29404196.0,327234976.0
2012-02-27,11.82,12.1,11.66,11.64,39953468.0,454752160.0
2012-02-24,11.5,11.78,11.76,11.4,35625504.0,395526304.0
2012-02-23,11.43,11.62,11.46,11.36,24178384.0,265890480.0
2012-02-22,11.37,11.49,11.46,11.26,29192288.0,318555584.0
2012-02-21,11.25,11.4,11.39,11.03,24658436.0,266515552.0
2012-02-20,11.33,11.49,11.19,11.18,25111460.0,272025888.0
2012-02-17,11.19,11.26,11.14,11.04,11626710.0,124209624.0
2012-02-16,11.18,11.25,11.1,10.99,22637994.0,241022336.0
2012-02-15,10.99,11.35,11.25,10.99,23783392.0,256014208.0
2012-02-14,11.1,11.17,11.07,10.96,11590791.0,122813512.0
2012-02-13,10.96,11.28,11.16,10.87,15760578.0,167761296.0
2012-02-10,11.13,11.29,11.11,11.03,24088096.0,257345344.0
2012-02-09,11.22,11.28,11.13,11.06,29142820.0,311738880.0
2012-02-08,10.58,11.44,11.32,10.49,38707956.0,409797376.0
2012-02-07,10.74,10.74,10.6,10.42,16399385.0,165630912.0
2012-02-06,10.9,10.99,10.78,10.65,15845515.0,164166400.0
2012-02-03,10.73,10.93,10.82,10.66,14718084.0,152105312.0
2012-02-02,10.55,10.81,10.78,10.44,14633357.0,149297696.0
2012-02-01,10.66,10.81,10.48,10.45,14231689.0,144238448.0
2012-01-31,10.76,10.85,10.73,10.6,12627569.0,129627232.0
2012-01-30,10.93,11.09,10.81,10.73,22208592.0,232325200.0
2012-01-20,10.86,11.07,10.85,10.65,23778256.0,247328320.0
2012-01-19,10.58,10.96,10.82,10.3,34877904.0,357365312.0
2012-01-18,10.96,11.13,10.44,10.36,47233736.0,490004384.0
2012-01-17,9.72,10.65,10.65,9.72,30008348.0,298461280.0
2012-01-16,9.95,10.07,9.68,9.67,11869205.0,112493280.0
2012-01-13,10.39,10.53,10.08,10.0,18363212.0,179778960.0
2012-01-12,10.34,10.6,10.42,10.17,26414198.0,263417920.0
2012-01-11,10.49,10.49,10.4,10.16,27086940.0,268457824.0
2012-01-10,9.88,10.61,10.46,9.81,35189188.0,343892096.0
2012-01-09,9.44,9.91,9.9,9.37,15716738.0,146513744.0
2012-01-06,9.28,9.46,9.42,9.2,6461081.0,57636064.0
2012-01-05,9.45,9.57,9.24,9.24,9061924.0,81568088.0
2012-01-04,9.83,9.92,9.5,9.49,8391698.0,78244016.0
