date,open,high,close,low,volume,amount
2015-07-10,33.02,36.61,34.95,32.82,166132256.0,5228028416.0
2015-07-09,32.08,35.03,33.74,30.34,166490128.0,4866524672.0
2015-07-08,31.75,33.59,32.08,31.75,215451920.0,6162348032.0
2015-07-07,32.12,35.46,35.28,31.92,280381536.0,8384991744.0
2015-07-06,33.69,33.69,32.98,31.46,218588656.0,6331819008.0
2015-07-03,31.79,32.45,30.84,29.2,106980656.0,2960588032.0
2015-07-02,32.44,32.91,31.16,30.34,128652208.0,3630915840.0
2015-07-01,33.24,33.81,32.04,31.79,85487584.0,2516521472.0
2015-06-30,31.66,34.21,33.9,31.53,142810544.0,4186415616.0
2015-06-29,32.46,32.85,31.66,29.2,137695808.0,3879505152.0
2015-06-26,32.68,33.92,31.52,30.21,120108960.0,3449106176.0
2015-06-25,34.94,35.02,33.3,33.02,80188672.0,2440431360.0
2015-06-24,34.4,35.01,34.73,34.1,87463216.0,2692724480.0
2015-06-23,32.91,34.68,34.55,32.52,97237072.0,2916418304.0
2015-06-19,34.65,35.27,32.65,32.35,88319936.0,2700377088.0
2015-06-18,36.56,36.56,34.8,34.72,86949664.0,2763550208.0
2015-06-17,36.61,36.95,36.69,36.05,68643312.0,2231672832.0
2015-06-16,36.73,37.53,36.48,36.22,81631616.0,2679910400.0
2015-06-15,39.06,39.07,37.11,36.51,102378816.0,3455000064.0
2015-06-12,39.15,39.47,38.66,38.53,88480168.0,3061599744.0
2015-06-11,39.09,39.74,39.07,38.32,112556928.0,3920851968.0
2015-06-10,38.92,39.85,39.07,38.5,100745528.0,3528611328.0
2015-06-09,40.31,40.31,39.16,38.75,130778520.0,4589477888.0
2015-06-08,38.17,40.53,40.06,37.74,205926576.0,7229978624.0
2015-06-05,38.7,38.97,38.07,37.08,117188936.0,3974264576.0
2015-06-04,37.7,38.79,38.24,35.05,129045552.0,4315320832.0
2015-06-03,37.39,38.25,37.72,37.08,93327456.0,3124103680.0
2015-06-02,37.49,37.83,37.29,36.87,85675440.0,2843815936.0
2015-06-01,36.22,37.87,37.64,35.94,91292472.0,3004958720.0
2015-05-29,37.02,37.38,36.2,35.8,98073104.0,3200680192.0
2015-05-28,39.76,39.97,36.91,36.79,122396864.0,4214707712.0
2015-05-27,40.42,40.65,39.86,39.55,98614832.0,3518236672.0
2015-05-26,40.43,40.97,40.39,39.5,121651704.0,4349520384.0
2015-05-25,38.92,40.03,39.96,38.92,122424904.0,4317305856.0
2015-05-22,38.05,38.93,38.77,37.74,121079016.0,4151567104.0
2015-05-21,37.83,37.94,37.65,37.24,70996824.0,2374256384.0
2015-05-20,37.94,38.33,37.56,37.32,90783960.0,3052703488.0
2015-05-19,36.52,38.47,37.79,36.45,102910064.0,3451499008.0
2015-05-18,37.08,37.24,36.56,36.52,72825984.0,2390916608.0
2015-05-15,38.86,39.07,37.57,37.46,104483472.0,3544115200.0
2015-05-14,39.27,40.07,39.13,38.75,85405352.0,2987886848.0
2015-05-13,39.98,40.29,39.25,39.09,89481424.0,3151791616.0
2015-05-12,39.53,40.53,39.94,39.09,128754856.0,4558395904.0
2015-05-11,38.86,40.42,39.86,38.35,148823264.0,5225954816.0
2015-05-08,39.31,39.52,38.68,37.91,115899304.0,3978470656.0
2015-05-07,39.98,40.53,38.85,38.82,168451184.0,5917593600.0
2015-05-06,39.22,43.07,40.92,39.22,326903872.0,12094225408.0
2015-05-05,40.5,40.99,39.15,38.95,136132192.0,4838019072.0
2015-05-04,39.24,40.73,40.49,38.4,133482008.0,4700303872.0
2015-04-30,40.1,40.76,39.11,39.03,124854944.0,4435798528.0
2015-04-29,40.21,40.75,39.99,39.17,107852840.0,3834661376.0
2015-04-28,40.17,41.01,40.48,39.09,182848560.0,6542342144.0
2015-04-27,39.4,40.24,40.21,39.02,120174024.0,4239574528.0
2015-04-24,39.7,40.35,39.06,38.61,116289480.0,4075030528.0
2015-04-23,41.55,41.87,40.67,39.87,143715280.0,5224964096.0
2015-04-22,39.21,41.55,41.45,38.99,171008976.0,6123575808.0
2015-04-21,38.68,39.29,39.1,38.16,94671288.0,3263631360.0
2015-04-20,40.56,40.56,38.28,38.21,135542048.0,4763404800.0
2015-04-17,40.99,41.52,40.65,40.1,142815616.0,5183134208.0
2015-04-16,38.45,40.32,40.28,38.29,126913648.0,4469333504.0
2015-04-15,38.99,39.65,38.6,38.51,87252288.0,3033532160.0
2015-04-14,40.17,40.19,39.11,38.76,106792872.0,3728580096.0
2015-04-13,40.85,40.99,40.2,39.8,98083824.0,3516703488.0
2015-04-10,39.17,40.42,40.29,39.03,116657600.0,4134952704.0
2015-04-09,40.04,41.67,39.38,39.32,167450272.0,6025032192.0
2015-04-08,39.15,40.71,40.04,38.39,187741824.0,6632167936.0
2015-04-07,38.53,39.15,39.06,38.09,125808960.0,4322703872.0
2015-04-03,37.91,38.64,38.3,37.8,81748920.0,2781207808.0
2015-04-02,38.94,39.17,38.2,37.74,95612072.0,3255757312.0
2015-04-01,38.8,39.3,38.7,38.39,117825720.0,4070903296.0
2015-03-31,38.52,39.31,38.07,37.84,158591104.0,5446757376.0
2015-03-30,36.44,37.83,37.76,35.98,133287808.0,4388877312.0
2015-03-27,36.01,36.49,36.04,35.69,59795216.0,1920110080.0
2015-03-26,35.77,37.22,36.27,35.45,94349776.0,3054692096.0
2015-03-25,37.18,37.53,36.2,35.95,112123888.0,3652387584.0
2015-03-24,38.19,38.52,37.52,37.45,101950952.0,3436252160.0
2015-03-23,38.16,38.67,38.3,37.62,118975624.0,4038058496.0
2015-03-20,37.91,39.09,38.08,37.02,143357760.0,4848289280.0
2015-03-19,38.39,38.47,37.45,37.29,80182624.0,2694824192.0
2015-03-18,38.18,38.8,38.64,38.13,93515336.0,3200814336.0
2015-03-17,38.06,38.41,38.0,37.52,89218696.0,3013872384.0
2015-03-16,36.94,38.25,38.05,36.51,115096136.0,3833418240.0
2015-03-13,37.06,37.5,36.78,36.5,84576704.0,2792624384.0
2015-03-12,36.28,37.4,36.95,35.64,116768136.0,3817228544.0
2015-03-11,35.52,36.5,35.64,35.49,70505944.0,2261603072.0
2015-03-10,35.6,35.72,35.28,35.04,52660784.0,1659158656.0
2015-03-09,34.82,36.8,36.14,33.69,115023232.0,3594308608.0
2015-03-06,35.87,36.26,35.44,35.38,70620832.0,2251912448.0
2015-03-05,35.94,36.37,35.93,35.39,92025744.0,2940697600.0
2015-03-04,36.18,37.01,36.64,36.05,71222104.0,2312960768.0
2015-03-03,37.76,38.02,36.29,36.13,117408744.0,3866177792.0
2015-03-02,38.65,39.14,38.4,37.65,100302784.0,3421510656.0
2015-02-27,39.09,39.45,38.65,38.52,66820264.0,2318705408.0
2015-02-26,37.2,39.28,39.17,36.2,108532208.0,3674572800.0
2015-02-25,38.52,38.73,37.41,37.23,65439440.0,2208644864.0
2015-02-17,37.57,40.05,39.1,37.55,104150896.0,3626108672.0
2015-02-16,37.32,38.05,37.46,36.96,49915704.0,1662445824.0
2015-02-13,37.96,38.89,37.37,37.21,76568096.0,2600202496.0
2015-02-12,37.53,38.24,37.76,36.75,57390480.0,1922483840.0
2015-02-11,37.02,38.05,37.66,36.7,69465632.0,2314323200.0
2015-02-10,35.81,36.95,36.8,35.66,60747360.0,1971902592.0
2015-02-09,34.82,37.06,36.03,34.47,92021328.0,2944932096.0
2015-02-06,35.15,36.13,35.0,34.62,83559856.0,2629728768.0
2015-02-05,38.41,38.52,35.8,35.72,133958224.0,4484626432.0
2015-02-04,38.15,38.75,36.77,36.64,111219424.0,3740506624.0
2015-02-03,36.55,39.03,38.18,35.7,147888480.0,4896619520.0
2015-02-02,35.77,37.03,35.86,35.56,97146552.0,3120848384.0
2015-01-30,39.03,39.64,37.52,37.31,109142824.0,3712701952.0
2015-01-29,38.16,39.64,39.5,37.68,119750432.0,4111931648.0
2015-01-28,39.76,40.06,39.03,38.75,102506256.0,3588978176.0
2015-01-27,42.11,42.55,40.8,38.97,168316864.0,6085948928.0
2015-01-26,40.55,42.12,41.51,39.86,145455200.0,5325633536.0
2015-01-23,38.32,41.37,40.95,37.26,207264896.0,7387374592.0
2015-01-22,38.3,39.2,37.6,37.23,141933856.0,4815224320.0
2015-01-21,34.49,37.22,37.22,34.46,163607024.0,5280659456.0
2015-01-20,33.73,34.65,33.84,32.91,135150016.0,4071201024.0
2015-01-19,34.1,35.48,34.1,34.1,96636128.0,2979353600.0
2015-01-16,37.83,39.31,37.88,36.86,134470384.0,4587585536.0
2015-01-15,35.36,38.19,37.68,35.0,130175272.0,4231358976.0
2015-01-14,34.75,35.55,34.82,34.27,56131172.0,1749525120.0
2015-01-13,34.98,35.73,34.65,34.2,57905744.0,1801910272.0
2015-01-12,34.69,35.75,34.96,33.46,109068520.0,3367675136.0
2015-01-09,33.9,37.1,34.73,33.52,161250864.0,5101798912.0
2015-01-08,35.38,35.63,33.73,33.5,83069544.0,2531353088.0
2015-01-07,34.93,36.19,35.08,34.77,86421040.0,2718229760.0
2015-01-06,35.94,36.85,35.22,34.58,123903824.0,3922785024.0
2015-01-05,37.06,38.53,37.38,36.5,134073104.0,4489657856.0
2014-12-31,35.9,36.77,36.28,34.83,101457384.0,3245053440.0
2014-12-30,35.38,36.7,35.91,34.49,110921000.0,3521998848.0
2014-12-29,34.31,36.96,35.85,34.31,194095328.0,6191038976.0
2014-12-26,31.0,34.01,33.6,30.77,142496896.0,4119172864.0
2014-12-25,29.08,31.11,31.08,28.66,97944504.0,2627536384.0
2014-12-24,31.22,31.31,28.82,28.42,78501952.0,2074331392.0
2014-12-23,29.76,33.06,30.8,29.32,124254728.0,3439633920.0
2014-12-22,29.88,31.45,30.35,29.85,111615072.0,3046891264.0
2014-12-19,30.1,30.61,29.91,28.86,89414632.0,2376323328.0
2014-12-18,30.1,31.21,30.1,29.66,110684240.0,2997364992.0
2014-12-17,29.75,30.34,29.95,28.98,123438720.0,3260470016.0
2014-12-16,27.91,29.75,29.71,27.73,114386072.0,2927549440.0
2014-12-15,27.16,28.15,27.94,27.0,54252932.0,1330926720.0
2014-12-12,27.57,28.58,27.56,27.27,76465736.0,1900664960.0
2014-12-11,27.7,28.36,27.21,27.16,78580568.0,1936781696.0
2014-12-10,28.3,29.2,28.5,26.9,114108872.0,2839096832.0
2014-12-09,30.32,32.19,28.48,28.48,187264544.0,5088113664.0
2014-12-08,29.11,32.28,31.65,28.86,156361952.0,4309010944.0
2014-12-05,30.76,31.39,29.96,28.65,161020544.0,4331296256.0
2014-12-04,27.51,29.94,29.94,27.01,137177776.0,3507417344.0
2014-12-03,28.07,29.38,27.23,27.01,132160912.0,3319894528.0
2014-12-02,26.3,28.84,27.95,26.2,101860376.0,2495870976.0
2014-12-01,27.52,28.29,26.61,26.54,98298416.0,2399048192.0
2014-11-28,27.45,27.67,27.09,26.5,94405152.0,2272935424.0
2014-11-27,27.07,28.03,27.61,26.84,120235320.0,2941188096.0
2014-11-26,25.18,26.94,26.91,25.18,104070392.0,2408905728.0
2014-11-25,25.1,25.48,25.17,24.83,52330640.0,1173876480.0
2014-11-24,24.68,25.56,25.35,24.39,136942528.0,3041714688.0
2014-11-21,22.92,23.78,23.69,22.64,49731696.0,1035163264.0
2014-11-20,22.33,23.23,22.99,22.31,42510980.0,864629120.0
2014-11-19,22.42,22.71,22.42,22.35,27664332.0,555100800.0
2014-11-18,23.04,23.33,22.42,22.34,42219944.0,852319168.0
2014-11-17,24.71,24.81,23.08,22.96,61907208.0,1304540288.0
2014-11-14,23.74,24.04,23.96,23.24,63633868.0,1335180288.0
2014-11-13,23.42,24.33,23.74,23.42,57151864.0,1220460544.0
2014-11-12,23.1,23.47,23.36,22.81,34634568.0,714138560.0
2014-11-11,22.9,23.59,23.18,22.84,89070744.0,1837271296.0
2014-11-10,22.74,23.15,22.88,22.48,54074104.0,1096625408.0
2014-11-07,22.06,23.02,22.56,22.01,50565960.0,1016026752.0
2014-11-06,22.28,22.4,22.07,21.91,13948650.0,274951872.0
2014-11-05,22.01,22.33,22.2,21.9,13417806.0,264540480.0
2014-11-04,21.9,22.18,22.05,21.86,20076210.0,393299072.0
2014-11-03,22.43,22.51,22.1,22.0,27622032.0,546342144.0
2014-10-31,21.86,22.55,22.43,21.8,57500120.0,1138502016.0
2014-10-30,21.79,21.9,21.71,21.6,23741860.0,459327520.0
2014-10-29,21.67,22.13,21.89,21.62,33526524.0,654246784.0
2014-10-28,21.04,21.61,21.58,21.04,18200672.0,345595072.0
2014-10-27,21.08,21.26,21.12,20.63,22970730.0,428215840.0
2014-10-24,21.54,21.68,21.58,21.43,8518647.0,162868240.0
2014-10-23,21.61,21.95,21.54,21.43,20137888.0,388234848.0
2014-10-22,21.43,22.2,21.62,21.32,21444840.0,413747584.0
2014-10-21,21.62,21.71,21.4,21.38,9006711.0,172169840.0
2014-10-20,21.84,21.93,21.64,21.51,13998256.0,269847872.0
2014-10-17,21.71,21.92,21.67,21.43,16096897.0,309462720.0
2014-10-16,21.38,21.96,21.59,21.38,17838400.0,343752224.0
2014-10-15,21.23,21.8,21.69,21.19,17636056.0,337264000.0
2014-10-14,21.46,21.63,21.27,21.22,20411654.0,387157792.0
2014-10-13,21.7,21.7,21.46,21.29,15968621.0,304095744.0
2014-10-10,21.93,22.02,21.87,21.7,20691206.0,400569920.0
2014-10-09,21.95,22.37,22.05,21.91,23127524.0,453879104.0
2014-10-08,21.94,21.97,21.94,21.67,18648436.0,360911456.0
2014-09-30,21.87,21.93,21.88,21.77,13328081.0,258312176.0
2014-09-29,21.77,21.95,21.87,21.64,24083386.0,465057280.0
2014-09-26,21.81,22.0,21.76,21.62,17727534.0,342413984.0
2014-09-25,22.05,22.28,22.0,21.66,22049408.0,432429664.0
2014-09-24,21.21,21.98,21.94,21.18,23254630.0,446889312.0
2014-09-23,21.2,21.48,21.3,21.17,12837133.0,242616960.0
2014-09-22,21.85,21.87,21.18,21.1,23452566.0,445188512.0
2014-09-19,21.89,22.12,22.03,21.71,13063231.0,254613872.0
2014-09-18,21.75,22.0,21.85,21.48,17313672.0,334750080.0
2014-09-17,21.76,21.88,21.78,21.59,11021461.0,212857856.0
2014-09-16,22.1,22.15,21.59,21.42,23727712.0,458745440.0
2014-09-15,22.0,22.05,21.98,21.81,17423892.0,338719840.0
2014-09-12,22.11,22.24,22.22,22.01,10954457.0,215146144.0
2014-09-11,22.43,22.81,22.11,22.09,18246516.0,362725376.0
2014-09-10,22.75,22.77,22.45,22.41,15264639.0,304791264.0
2014-09-09,23.17,23.51,22.86,22.83,17474604.0,359391264.0
2014-09-05,22.89,23.38,23.17,22.85,19493446.0,399631040.0
2014-09-04,22.81,22.92,22.89,22.51,14584815.0,294056960.0
2014-09-03,22.23,22.95,22.65,22.23,21495428.0,432944608.0
2014-09-02,21.97,22.39,22.32,21.68,20391176.0,397845824.0
2014-09-01,21.69,22.03,21.98,21.53,16916496.0,327152192.0
2014-08-29,21.54,21.7,21.69,21.43,11531028.0,220439712.0
2014-08-28,21.71,21.82,21.52,21.46,12237491.0,234940656.0
2014-08-27,21.98,22.11,21.58,21.54,10339300.0,200046176.0
2014-08-26,21.85,22.15,21.94,21.81,14341446.0,279452032.0
2014-08-25,22.54,22.54,21.89,21.79,19596154.0,384509632.0
2014-08-22,22.56,22.77,22.66,22.49,11522801.0,231422624.0
2014-08-21,22.57,22.72,22.54,22.28,17330518.0,345653152.0
2014-08-20,22.89,23.0,22.55,22.49,18445560.0,371298720.0
2014-08-19,23.03,23.21,23.0,22.66,19419410.0,395177024.0
2014-08-18,23.04,23.43,23.0,22.95,18647096.0,382362528.0
2014-08-15,22.38,23.23,23.11,22.12,32302456.0,653553088.0
2014-08-14,22.66,22.72,22.2,22.03,20442908.0,407271232.0
2014-08-13,22.07,22.45,22.41,21.8,17058062.0,334946400.0
2014-08-12,22.12,22.18,22.0,21.85,11848148.0,230856800.0
2014-08-11,21.96,22.46,22.29,21.93,13961369.0,275091360.0
2014-08-08,21.98,22.07,21.82,21.75,10871172.0,211128960.0
2014-08-07,22.14,22.2,21.85,21.77,14252304.0,277020256.0
2014-08-06,22.32,22.32,22.14,21.94,17996356.0,352400736.0
2014-08-05,22.8,22.99,22.55,22.28,21544252.0,429514560.0
2014-08-04,22.24,22.87,22.86,22.12,22128500.0,443772736.0
2014-08-01,22.43,22.77,22.19,22.13,18219388.0,362890496.0
2014-07-31,22.41,22.68,22.63,21.97,17083856.0,336883872.0
2014-07-30,22.25,22.68,22.41,22.25,21628018.0,431983808.0
2014-07-29,22.48,22.58,22.54,22.21,20339924.0,404909376.0
2014-07-28,22.27,22.73,22.48,22.07,39031640.0,777284928.0
2014-07-25,22.03,22.09,22.09,21.7,19108166.0,371563232.0
2014-07-24,21.58,21.98,21.88,21.58,29890524.0,579190592.0
2014-07-23,21.23,21.7,21.65,21.21,24550828.0,468319840.0
2014-07-22,20.32,21.4,21.33,20.3,30487386.0,567652096.0
2014-07-21,20.19,20.5,20.41,20.17,18206500.0,329950784.0
2014-07-18,19.83,20.37,20.19,19.52,17199070.0,307105504.0
2014-07-17,19.9,19.9,19.79,19.73,5824129.0,104569640.0
2014-07-16,19.95,20.03,19.91,19.8,10086864.0,182045984.0
2014-07-15,19.86,20.04,19.96,19.68,13976119.0,251799248.0
2014-07-14,19.61,19.97,19.94,19.53,12250877.0,219106816.0
2014-07-11,19.54,19.57,19.5,19.46,9197266.0,162783744.0
2014-07-10,19.9,19.95,19.52,19.45,14357336.0,255093264.0
2014-07-09,20.16,20.36,19.76,19.75,11349852.0,206392096.0
2014-07-08,20.16,20.26,20.16,20.05,12526044.0,228830640.0
2014-07-07,20.14,20.38,20.17,20.09,15957299.0,292985280.0
2014-07-04,19.84,20.35,20.1,19.84,16429818.0,299965472.0
2014-07-03,19.63,19.98,19.85,19.56,14242115.0,256068064.0
2014-07-02,19.33,19.74,19.59,19.3,13652306.0,242034624.0
2014-07-01,19.76,19.77,19.32,19.25,11582531.0,204097520.0
2014-06-30,19.39,19.75,19.62,19.34,11627543.0,206433440.0
2014-06-27,19.86,19.86,19.39,19.24,20673544.0,364606048.0
2014-06-26,19.98,20.2,19.95,19.83,12888952.0,233715744.0
2014-06-25,20.04,20.09,20.02,19.76,9994484.0,180601024.0
2014-06-24,19.71,20.16,20.08,19.56,14539725.0,262558896.0
2014-06-23,19.92,20.18,19.68,19.66,16010866.0,290055840.0
2014-06-20,19.56,19.91,19.89,19.52,18520522.0,331643456.0
2014-06-19,19.7,19.82,19.57,19.32,14858090.0,264322400.0
2014-06-18,19.8,19.93,19.59,19.52,17339132.0,310474656.0
2014-06-17,19.75,19.91,19.82,19.5,20425788.0,365715232.0
2014-06-16,19.32,19.88,19.8,19.32,36556632.0,652488512.0
2014-06-13,18.84,19.46,19.36,18.84,24145380.0,421929632.0
2014-06-12,19.0,19.05,18.9,18.75,14290948.0,245028544.0
2014-06-11,18.97,19.13,19.02,18.93,8560973.0,147823968.0
2014-06-10,18.93,19.12,19.07,18.76,16220224.0,279287776.0
2014-06-09,18.56,18.98,18.8,18.55,12276794.0,209570848.0
2014-06-06,18.76,18.81,18.68,18.52,10853664.0,183930528.0
2014-06-05,18.34,18.73,18.7,18.32,13493406.0,227738464.0
2014-06-04,18.45,18.46,18.38,18.26,9734267.0,161982608.0
2014-06-03,18.53,18.74,18.47,18.46,11406905.0,192353520.0
2014-05-30,18.39,18.62,18.5,18.32,12884020.0,216036704.0
2014-05-29,18.33,18.56,18.42,18.3,18429812.0,308607808.0
2014-05-28,18.18,18.37,18.33,18.07,14796434.0,245024784.0
2014-05-27,18.11,18.22,18.1,18.04,7075422.0,116481208.0
2014-05-26,18.26,18.31,18.09,18.03,8229140.0,135539504.0
2014-05-23,17.95,18.14,18.09,17.91,7865958.0,128869008.0
2014-05-22,17.83,18.14,17.92,17.75,11267600.0,183957504.0
2014-05-21,17.55,17.86,17.82,17.53,7311452.0,117645136.0
2014-05-20,17.74,17.81,17.71,17.64,6686969.0,107430896.0
2014-05-19,17.86,17.92,17.6,17.51,12550900.0,201009056.0
2014-05-16,17.98,18.01,17.94,17.84,7497408.0,121843264.0
2014-05-15,18.15,18.18,17.9,17.85,11370816.0,185316880.0
2014-05-14,18.05,18.28,18.18,17.99,10141192.0,167081248.0
2014-05-13,18.16,18.22,18.07,18.01,8393811.0,138008960.0
2014-05-12,17.94,18.24,18.16,17.88,17811416.0,292451040.0
2014-05-09,17.81,17.85,17.8,17.69,8479307.0,136685056.0
2014-05-08,17.85,18.16,17.73,17.71,14002057.0,227629760.0
2014-05-07,17.96,17.98,17.83,17.77,10229930.0,165778480.0
2014-05-06,18.05,18.18,18.03,17.96,7912831.0,129481448.0
2014-05-05,17.88,18.24,18.05,17.88,11551391.0,188683904.0
2014-04-30,17.98,18.04,17.99,17.88,7542232.0,122884424.0
2014-04-29,17.82,18.06,17.94,17.78,12747274.0,206780096.0
2014-04-28,17.94,18.07,17.74,17.7,12704746.0,205298080.0
2014-04-25,18.23,18.31,17.94,17.9,16958208.0,278564768.0
2014-04-24,17.99,18.21,18.05,17.94,11253242.0,184524944.0
2014-04-23,18.0,18.16,17.98,17.9,8880997.0,144824752.0
2014-04-22,17.84,18.13,18.07,17.82,12612621.0,205583312.0
2014-04-21,18.01,18.31,17.89,17.86,12910255.0,211332096.0
2014-04-18,18.1,18.33,18.17,17.92,12253626.0,201446224.0
2014-04-17,18.38,18.45,18.18,18.14,15157313.0,250814208.0
2014-04-16,18.28,18.52,18.34,18.26,17274738.0,287815840.0
2014-04-15,18.74,18.74,18.28,18.23,25414640.0,424441280.0
2014-04-14,19.08,19.16,18.81,18.61,25549264.0,435068736.0
2014-04-11,19.32,19.72,19.13,18.91,52625364.0,914888704.0
2014-04-10,18.07,19.93,19.3,17.96,79493656.0,1373601152.0
2014-04-09,18.09,18.17,18.12,17.98,13508974.0,221226112.0
2014-04-08,17.48,18.21,18.11,17.45,30230092.0,492288160.0
2014-04-04,17.48,17.64,17.57,17.38,10472351.0,166168800.0
2014-04-03,17.75,17.93,17.56,17.55,13143064.0,211301744.0
2014-04-02,17.51,17.78,17.77,17.4,16922020.0,270240064.0
2014-04-01,17.46,17.61,17.5,17.34,11660725.0,185192384.0
2014-03-31,17.52,17.57,17.42,17.2,13065991.0,206235872.0
2014-03-28,17.28,17.52,17.37,17.26,14184851.0,224091808.0
2014-03-27,17.31,17.6,17.31,17.07,14383975.0,225935344.0
2014-03-26,17.37,17.48,17.37,17.28,9953038.0,156787568.0
2014-03-25,17.29,17.53,17.31,17.24,13313165.0,209962608.0
2014-03-24,17.31,17.51,17.39,17.18,21375324.0,335873536.0
2014-03-21,16.55,17.16,17.1,16.48,28001016.0,429263232.0
2014-03-20,16.66,16.89,16.63,16.59,12684148.0,192484080.0
2014-03-19,16.67,16.73,16.66,16.56,11347958.0,171027744.0
2014-03-18,16.85,16.93,16.71,16.68,18022068.0,273787104.0
2014-03-17,16.75,16.84,16.82,16.66,9481705.0,144092976.0
2014-03-14,16.86,16.92,16.66,16.65,17358700.0,263668768.0
2014-03-13,17.07,17.18,16.97,16.83,16501458.0,254807664.0
2014-03-12,16.85,17.08,16.95,16.76,13921391.0,213592016.0
2014-03-11,16.88,17.03,16.92,16.65,13961799.0,213286320.0
2014-03-10,17.17,17.24,16.89,16.87,16361017.0,252336832.0
2014-03-07,17.66,17.9,17.35,17.34,20196236.0,322124960.0
2014-03-06,17.34,17.92,17.77,17.15,26055852.0,414989344.0
2014-03-05,17.68,17.72,17.34,17.3,18410056.0,291424736.0
2014-03-04,17.53,17.69,17.63,17.42,14504694.0,230828464.0
2014-03-03,17.71,17.71,17.62,17.48,15115263.0,240886080.0
2014-02-28,17.71,17.84,17.74,17.42,15835699.0,253859392.0
2014-02-27,17.64,17.83,17.7,17.48,20026264.0,320039136.0
2014-02-26,17.4,17.68,17.56,17.34,15240923.0,242397472.0
2014-02-25,17.8,17.84,17.46,17.43,18351220.0,293291744.0
2014-02-24,18.06,18.06,17.77,17.71,14796895.0,238734144.0
2014-02-21,18.13,18.25,18.09,18.01,13079375.0,214854496.0
2014-02-20,18.49,18.57,18.13,18.12,17713242.0,294499552.0
2014-02-19,18.13,18.56,18.38,18.05,19517944.0,323837888.0
2014-02-18,18.54,18.55,18.13,18.06,19822930.0,327737568.0
2014-02-17,18.43,18.6,18.53,18.35,23149840.0,387963936.0
2014-02-14,18.26,18.39,18.26,18.2,22956896.0,380230848.0
2014-02-13,18.42,18.53,18.27,18.2,16824774.0,279700896.0
2014-02-12,18.49,18.6,18.44,18.32,14975921.0,250419376.0
2014-02-11,18.17,18.64,18.48,18.03,29668736.0,495990656.0
2014-02-10,17.86,18.18,18.15,17.82,19212940.0,315215552.0
2014-02-07,17.94,17.94,17.78,17.49,27149988.0,436017472.0
2014-01-30,18.36,18.36,18.05,18.03,12972736.0,213369952.0
2014-01-29,18.35,18.47,18.41,18.28,11874898.0,197876784.0
2014-01-28,18.2,18.37,18.27,18.14,17173232.0,284698208.0
2014-01-27,18.75,18.75,18.14,18.09,34119628.0,566992000.0
2014-01-24,18.75,18.99,18.75,18.74,22424120.0,382997504.0
2014-01-23,19.22,19.22,18.86,18.77,25796808.0,443502528.0
2014-01-22,18.91,19.3,19.27,18.8,20176936.0,349772896.0
2014-01-21,18.84,19.17,18.91,18.78,15179434.0,260953104.0
2014-01-20,18.75,18.98,18.79,18.66,16795392.0,286388224.0
2014-01-17,18.86,19.06,18.77,18.75,15742373.0,269236416.0
2014-01-16,18.97,19.31,19.07,18.86,29894778.0,518639680.0
2014-01-15,18.92,19.02,18.87,18.76,6765934.0,115794400.0
2014-01-14,18.74,19.08,18.99,18.73,9861787.0,169040000.0
2014-01-13,18.91,19.05,18.76,18.73,10135775.0,173051728.0
2014-01-10,18.73,18.97,18.8,18.67,9498427.0,162006544.0
2014-01-09,18.9,19.1,18.79,18.73,11030234.0,188921344.0
2014-01-08,18.97,19.23,18.98,18.73,12748631.0,219663664.0
2014-01-07,18.75,19.01,18.9,18.69,10571844.0,180837840.0
2014-01-06,19.45,19.45,19.01,18.65,30175520.0,516540064.0
2014-01-03,19.85,19.94,19.55,19.33,17225292.0,305044352.0
2014-01-02,20.43,20.43,19.99,19.88,12082471.0,220039152.0
2013-12-31,20.12,20.67,20.43,20.11,9216367.0,170985904.0
2013-12-30,20.46,20.57,20.26,20.19,12059914.0,222822128.0
2013-12-27,19.94,20.6,20.42,19.83,19865474.0,366490624.0
2013-12-26,19.96,20.08,19.83,19.73,13044825.0,235172640.0
2013-12-25,19.83,20.09,20.05,19.62,13343677.0,240825616.0
2013-12-24,19.64,19.99,19.76,19.59,14371493.0,258334976.0
2013-12-23,19.35,19.77,19.62,19.22,18162816.0,322475040.0
2013-12-20,19.85,19.94,19.27,19.18,31695868.0,562364544.0
2013-12-19,20.06,20.14,19.86,19.8,20635464.0,374058432.0
2013-12-18,19.92,20.08,19.85,19.79,17800760.0,321680512.0
2013-12-17,20.03,20.05,19.94,19.76,19148690.0,345402208.0
2013-12-16,20.37,20.41,19.96,19.92,16509090.0,300967296.0
2013-12-13,20.06,20.49,20.36,19.97,18215842.0,335036544.0
2013-12-12,20.46,20.63,20.35,20.1,23241380.0,428950656.0
2013-12-11,21.3,21.33,20.53,20.29,32439898.0,609665024.0
2013-12-10,21.86,21.91,21.49,21.33,26406424.0,516090080.0
2013-12-09,21.81,22.04,21.79,21.49,30044128.0,593370432.0
2013-12-06,21.85,22.2,21.5,21.25,37318596.0,731107264.0
2013-12-05,21.49,22.14,21.92,21.45,30421072.0,604023104.0
2013-12-04,21.28,22.01,21.56,21.18,39375908.0,774193664.0
2013-12-03,21.62,21.7,21.34,20.92,45645936.0,879921920.0
2013-12-02,21.52,22.32,21.85,21.48,60053348.0,1190228480.0
2013-11-29,21.61,21.68,21.58,21.39,21428728.0,418279968.0
2013-11-28,21.86,22.16,21.6,21.58,46560352.0,925047296.0
2013-11-27,21.56,22.08,21.86,21.32,50775556.0,1001748928.0
2013-11-26,21.55,21.89,21.46,21.18,36703168.0,715758080.0
2013-11-25,21.52,22.45,21.55,21.4,59295840.0,1181211520.0
2013-11-22,21.78,22.1,21.7,21.39,53200576.0,1052050432.0
2013-11-21,22.11,22.16,21.72,21.52,67332512.0,1331787392.0
2013-11-20,22.39,22.5,22.35,21.87,76481536.0,1536429312.0
2013-11-19,21.95,22.56,22.27,21.79,112817672.0,2268595712.0
2013-11-18,19.73,21.48,21.48,19.57,88079048.0,1673377024.0
2013-11-15,18.76,19.68,19.53,18.76,29777290.0,525530528.0
2013-11-14,18.9,18.96,18.78,18.73,8798038.0,150241728.0
2013-11-13,18.82,18.85,18.73,18.61,15072125.0,256152768.0
2013-11-12,18.47,19.08,19.06,18.47,16523749.0,282096096.0
2013-11-11,18.32,18.56,18.34,18.28,8444422.0,141130128.0
2013-11-08,18.63,18.82,18.42,18.31,8699831.0,146437120.0
2013-11-07,18.69,18.86,18.73,18.49,9108699.0,154281408.0
2013-11-06,18.74,18.89,18.69,18.67,9135887.0,155554208.0
2013-11-05,18.74,18.97,18.92,18.44,13835523.0,234419936.0
2013-11-04,19.24,19.34,18.84,18.77,9379980.0,161849712.0
2013-11-01,19.02,19.21,19.16,18.89,14976072.0,259264064.0
2013-10-31,18.91,19.03,18.9,18.79,12260556.0,210287344.0
2013-10-30,18.8,18.91,18.89,18.52,15170740.0,258342528.0
2013-10-29,18.5,18.93,18.71,18.31,17669516.0,299100448.0
2013-10-28,18.42,18.52,18.43,18.23,8749929.0,145842928.0
2013-10-25,18.32,18.5,18.26,18.05,13156937.0,218208832.0
2013-10-24,18.84,18.9,18.31,18.26,17965760.0,301619744.0
2013-10-23,19.19,19.39,18.84,18.8,14775380.0,255981216.0
2013-10-22,19.3,19.31,19.09,18.95,11796122.0,204375888.0
2013-10-21,19.19,19.41,19.35,18.89,14932370.0,259296240.0
2013-10-18,19.24,19.45,19.14,19.02,13488076.0,234658848.0
2013-10-17,19.31,19.42,19.13,19.11,8876959.0,155071056.0
2013-10-16,19.54,19.67,19.29,19.13,12216848.0,213857376.0
2013-10-15,19.7,19.91,19.7,19.54,13190917.0,235707856.0
2013-10-14,19.73,20.11,19.81,19.41,23464984.0,420922592.0
2013-10-11,19.43,19.74,19.73,19.32,18277760.0,324220992.0
2013-10-10,19.63,19.68,19.27,19.18,18899300.0,330906176.0
2013-10-09,19.52,19.82,19.61,19.39,13603773.0,241238128.0
2013-10-08,19.35,19.67,19.66,19.05,18316404.0,321184800.0
2013-09-30,19.68,19.79,19.38,19.24,12826681.0,226130880.0
2013-09-27,19.19,19.43,19.36,19.13,9477069.0,165774656.0
2013-09-26,19.74,19.82,19.24,19.13,22638002.0,397256544.0
2013-09-25,19.94,20.26,19.85,19.79,18026066.0,327246560.0
2013-09-24,20.36,20.43,19.81,19.75,25577880.0,463969504.0
2013-09-23,20.61,20.83,20.51,20.34,18069342.0,336686240.0
2013-09-18,20.51,20.73,20.54,20.29,17387850.0,324202112.0
2013-09-17,21.39,21.59,20.51,20.47,33162648.0,628173568.0
2013-09-16,21.81,22.01,21.35,21.11,28200188.0,550542336.0
2013-09-13,21.54,22.39,21.5,21.28,42872728.0,846761408.0
2013-09-12,20.73,22.19,21.65,20.49,65496912.0,1282179712.0
2013-09-11,20.9,21.67,20.84,20.73,50375476.0,971184192.0
2013-09-10,20.78,20.79,20.73,20.32,32173976.0,598884096.0
2013-09-09,19.63,20.79,20.43,19.45,60660672.0,1119798400.0
2013-09-06,19.17,19.61,19.43,19.11,19444492.0,342273312.0
2013-09-05,19.16,19.23,19.17,19.08,10530448.0,183062016.0
2013-09-04,19.1,19.23,19.12,19.07,13380489.0,232122944.0
2013-09-03,19.11,19.34,19.23,18.98,23213550.0,404145664.0
2013-09-02,19.22,19.3,18.95,18.87,30430236.0,525398976.0
2013-08-30,18.6,19.16,19.08,18.55,32865336.0,565377472.0
2013-08-29,18.97,18.99,18.58,18.5,8537803.0,144456464.0
2013-08-28,18.69,19.06,18.71,18.43,25347096.0,431667200.0
2013-08-27,18.84,19.08,18.84,18.69,12842675.0,219895568.0
2013-08-26,18.54,18.95,18.88,18.43,17897162.0,303920864.0
2013-08-23,18.57,18.58,18.32,17.96,12917823.0,214076336.0
2013-08-22,18.41,18.69,18.43,18.35,9601020.0,161309968.0
2013-08-21,18.36,18.67,18.45,18.22,10590402.0,176964528.0
2013-08-20,18.78,19.06,18.41,18.31,18824080.0,316957504.0
2013-08-19,18.47,19.02,18.89,18.36,17548752.0,297694400.0
2013-08-16,18.75,20.66,18.71,18.38,37148944.0,642608704.0
2013-08-15,18.8,19.11,18.81,18.8,11002604.0,189118704.0
2013-08-14,18.64,19.12,18.93,18.6,24523968.0,421733184.0
2013-08-13,18.47,18.75,18.7,18.34,18997880.0,319277120.0
2013-08-12,18.06,18.57,18.55,17.92,25052934.0,415756704.0
2013-08-09,18.02,18.1,17.89,17.69,8772552.0,142292528.0
2013-08-08,17.98,18.11,17.92,17.81,12747737.0,207096064.0
2013-08-07,18.31,18.55,17.96,17.92,21335852.0,350981696.0
2013-08-06,18.49,18.55,18.31,18.09,15922989.0,264515136.0
2013-08-05,18.43,18.59,18.56,18.27,8699324.0,145670064.0
2013-08-02,18.46,18.66,18.38,18.32,15408233.0,258299472.0
2013-08-01,18.17,18.45,18.34,18.04,13327632.0,220882544.0
2013-07-31,18.28,18.47,18.02,17.83,11861490.0,195792944.0
2013-07-30,18.01,18.41,18.14,17.88,13163872.0,216839344.0
2013-07-29,18.03,18.15,17.8,17.73,11202994.0,182013872.0
2013-07-26,18.04,18.26,18.24,17.92,10275645.0,169097968.0
2013-07-25,18.1,18.35,18.17,18.02,13106117.0,216181424.0
2013-07-24,18.24,18.41,17.9,17.78,17723896.0,290381920.0
2013-07-23,18.17,18.67,18.45,17.92,16208471.0,270297216.0
2013-07-22,17.69,17.99,17.93,17.64,14235945.0,229698496.0
2013-07-19,17.87,18.2,17.66,17.59,15684765.0,259387936.0
2013-07-18,17.92,18.11,17.84,17.76,14381333.0,238456016.0
2013-07-17,17.97,18.34,18.02,17.78,20498144.0,343416096.0
2013-07-16,17.68,18.27,17.96,17.41,17792632.0,293761632.0
2013-07-15,17.9,18.38,17.73,17.65,25918752.0,430918720.0
2013-07-12,18.14,18.31,17.74,17.59,20835220.0,346162816.0
2013-07-11,17.2,18.65,18.23,17.19,37347704.0,623384448.0
2013-07-10,16.6,17.24,17.19,16.57,28962928.0,455578624.0
2013-07-09,16.62,16.8,16.62,16.58,17494764.0,270015712.0
2013-07-08,16.8,16.93,16.66,16.46,16538896.0,255012000.0
2013-07-05,16.89,17.11,17.07,16.83,23411020.0,367755744.0
2013-07-04,16.68,17.11,16.83,16.62,26063240.0,405790048.0
2013-07-03,16.79,16.98,16.72,16.65,16567196.0,257745632.0
2013-07-02,16.91,16.99,16.85,16.7,24825796.0,387162048.0
2013-07-01,17.07,17.2,16.87,16.61,21940698.0,341527616.0
2013-06-28,16.68,17.36,17.2,16.52,22142444.0,349101408.0
2013-06-27,16.75,17.11,16.73,16.58,28878198.0,450431936.0
2013-06-26,17.16,17.16,16.7,16.33,46193508.0,710440512.0
2013-06-25,17.49,17.68,17.18,16.2,45010620.0,705755968.0
2013-06-24,18.49,18.51,17.61,17.5,29305376.0,484132160.0
2013-06-21,18.15,18.96,18.71,18.02,22636088.0,391257600.0
2013-06-20,18.62,18.77,18.39,18.35,15551215.0,266880560.0
2013-06-19,18.86,18.86,18.74,18.44,13091512.0,225667136.0
2013-06-18,18.92,19.24,18.88,18.76,11578630.0,203703808.0
2013-06-17,18.93,19.11,18.92,18.72,13280940.0,233133776.0
2013-06-14,18.73,18.83,18.78,18.57,16051638.0,278005696.0
2013-06-13,19.27,19.27,18.62,18.45,27578712.0,477375968.0
2013-06-07,19.82,19.89,19.36,19.3,18689312.0,337702592.0
2013-06-06,19.89,20.01,19.78,19.72,10421788.0,191483584.0
2013-06-05,19.96,20.06,19.89,19.84,12030480.0,222167152.0
2013-06-04,20.12,20.16,19.96,19.87,13649019.0,252446304.0
2013-06-03,20.23,20.32,20.1,19.97,13070897.0,243482672.0
2013-05-31,20.46,20.55,20.09,19.98,17310292.0,325909152.0
2013-05-30,20.46,20.65,20.37,20.31,15706815.0,297390144.0
2013-05-29,20.77,20.93,20.57,20.55,17755486.0,340341632.0
2013-05-28,20.19,20.78,20.77,20.1,15951892.0,302213824.0
2013-05-27,20.13,20.4,20.19,20.12,11056629.0,207232592.0
2013-05-24,20.39,20.5,20.27,19.99,14230408.0,266698384.0
2013-05-23,20.67,20.69,20.27,20.21,16621096.0,314490784.0
2013-05-22,20.83,20.98,20.8,20.69,12704627.0,244980032.0
2013-05-21,20.86,21.01,20.8,20.68,11580115.0,223396848.0
2013-05-20,20.77,21.15,20.86,20.68,17941376.0,347657472.0
2013-05-17,20.3,20.89,20.74,20.12,25654978.0,488168064.0
2013-05-16,20.01,20.42,20.37,19.66,19450788.0,363046144.0
2013-05-15,20.11,20.13,20.01,19.91,12646569.0,234197504.0
2013-05-14,20.62,20.73,20.0,19.83,32062810.0,596518656.0
2013-05-13,20.9,21.1,20.7,20.63,13684067.0,264483312.0
2013-05-10,20.66,20.92,20.88,20.52,12541459.0,241699200.0
2013-05-09,20.94,20.94,20.66,20.51,14064913.0,269607584.0
2013-05-08,20.51,20.98,20.92,20.51,22698056.0,436587168.0
2013-05-07,20.52,20.64,20.35,20.27,15852542.0,299860384.0
2013-05-06,20.63,20.84,20.64,20.4,20335318.0,388719808.0
2013-05-03,20.4,21.01,20.5,20.32,15393225.0,295393056.0
2013-05-02,20.28,20.51,20.26,20.18,16333753.0,307055808.0
2013-04-26,20.65,20.65,20.25,20.21,19668526.0,371996640.0
2013-04-25,21.04,21.11,20.52,20.35,29226954.0,561999680.0
2013-04-24,20.46,21.04,20.9,20.31,17015180.0,326338368.0
2013-04-23,21.26,21.26,20.31,20.27,22646752.0,433395968.0
2013-04-22,21.44,21.58,21.28,21.02,29166790.0,575382592.0
2013-04-19,21.66,22.0,21.79,21.36,36846324.0,740904128.0
2013-04-18,21.36,21.72,21.61,21.27,18596640.0,371441984.0
2013-04-17,21.4,21.66,21.54,21.26,20674448.0,411048352.0
2013-04-16,20.49,21.55,21.53,20.4,30312180.0,590644160.0
2013-04-15,20.89,21.21,20.64,20.45,13181422.0,253173472.0
2013-04-12,20.84,21.25,20.98,20.8,14143076.0,275424288.0
2013-04-11,21.35,21.46,20.87,20.87,16772579.0,327774336.0
2013-04-10,20.79,21.27,21.16,20.74,24912438.0,485367872.0
2013-04-09,20.19,21.0,20.87,20.19,35170792.0,673444928.0
2013-04-08,19.7,20.24,20.0,19.6,20172728.0,372955616.0
2013-04-03,19.85,20.38,20.12,19.8,18570316.0,346013184.0
2013-04-02,19.89,20.13,19.72,19.54,13890690.0,254327104.0
2013-04-01,19.59,19.97,19.86,19.59,9316337.0,170830128.0
2013-03-29,19.92,20.06,19.74,19.7,6070576.0,111519232.0
2013-03-28,19.79,20.19,19.77,19.53,17274930.0,315296928.0
2013-03-27,19.95,20.49,20.18,19.92,12472472.0,233113952.0
2013-03-26,20.14,20.3,19.89,19.63,14050138.0,258387088.0
2013-03-25,20.57,20.6,20.21,20.2,10152485.0,191472560.0
2013-03-22,20.37,20.59,20.36,20.3,14164477.0,268066448.0
2013-03-21,20.23,20.57,20.36,20.19,20827738.0,394033952.0
2013-03-20,19.56,20.26,20.24,19.55,38722264.0,717174720.0
2013-03-19,19.58,19.8,19.51,19.39,19679104.0,356047904.0
2013-03-18,20.16,20.18,19.43,19.36,25278100.0,460983488.0
2013-03-15,20.19,20.73,20.35,19.84,26458616.0,496838688.0
2013-03-14,20.07,20.36,20.19,19.97,18242520.0,340448864.0
2013-03-13,20.51,20.54,20.23,20.1,14967048.0,281453440.0
2013-03-12,20.74,20.89,20.6,20.3,21343700.0,407767552.0
2013-03-11,20.68,21.11,20.73,20.54,13835018.0,266769024.0
2013-03-08,20.62,21.16,20.88,20.57,20660120.0,399505568.0
2013-03-07,20.81,20.91,20.57,20.3,25749358.0,492006112.0
2013-03-06,20.54,21.14,21.0,20.54,34334992.0,662666432.0
2013-03-05,20.18,20.47,20.42,19.95,37549140.0,701441536.0
2013-03-04,21.0,21.0,20.07,19.73,50636816.0,946128000.0
2013-03-01,21.7,21.78,21.26,20.94,28054528.0,553180224.0
2013-02-28,21.37,21.89,21.83,21.15,26528316.0,529766784.0
2013-02-27,21.02,21.31,21.16,20.91,21061352.0,411956032.0
2013-02-26,21.28,21.74,20.93,20.84,25715028.0,507333984.0
2013-02-25,21.47,21.78,21.48,21.21,18309596.0,363097312.0
2013-02-22,21.89,21.89,21.48,21.43,22443904.0,448656992.0
2013-02-21,22.35,22.51,21.8,21.57,34104372.0,693765248.0
2013-02-20,22.59,22.72,22.66,22.32,15461080.0,322712736.0
2013-02-19,22.9,23.07,22.56,22.37,29093686.0,608902976.0
2013-02-18,24.06,24.15,22.89,22.84,36119648.0,778185408.0
2013-02-08,24.09,24.44,23.95,23.76,24187140.0,540163072.0
2013-02-07,24.18,24.29,24.13,23.75,23643406.0,525958272.0
2013-02-06,23.92,24.82,24.11,23.86,32701644.0,740070656.0
2013-02-05,24.28,24.48,23.9,23.43,44841540.0,989578112.0
2013-02-04,25.0,25.78,24.48,24.41,54568888.0,1264635136.0
2013-02-01,23.12,24.94,24.81,22.97,71748384.0,1592018560.0
2013-01-31,23.31,23.47,23.37,22.78,37788344.0,810987840.0
2013-01-30,23.05,23.68,23.23,22.89,55355288.0,1192930944.0
2013-01-29,23.13,23.32,22.97,22.46,61721628.0,1307436288.0
2013-01-28,22.94,23.21,23.17,22.51,68235248.0,1437030528.0
2013-01-25,23.63,23.75,22.99,22.54,30746248.0,659537280.0
2013-01-24,23.41,24.14,23.58,23.16,32355608.0,708349760.0
2013-01-23,23.13,23.45,23.4,23.03,18420004.0,396219904.0
2013-01-22,23.17,23.75,23.33,22.99,33400926.0,722418304.0
2013-01-21,23.86,23.86,23.23,22.9,34326808.0,739119296.0
2013-01-18,23.79,24.02,23.84,23.11,25421208.0,557058048.0
2013-01-17,24.11,24.25,23.52,23.29,16975480.0,370616672.0
2013-01-16,24.77,24.96,24.26,23.16,25826336.0,579210624.0
2013-01-15,24.4,24.99,24.83,24.29,23749892.0,545589504.0
2013-01-14,23.38,24.61,24.41,23.3,25639880.0,570370048.0
2013-01-11,23.45,23.79,23.41,23.1,15497139.0,337140000.0
2013-01-10,23.7,23.93,23.46,23.17,18538948.0,405311552.0
2013-01-09,23.63,23.86,23.63,23.32,20571916.0,448825472.0
2013-01-08,24.36,24.45,23.64,23.46,23988056.0,527774560.0
2013-01-07,24.61,24.83,24.35,24.15,14454216.0,327524032.0
2013-01-04,25.37,25.77,24.79,24.23,46996960.0,1085414528.0
2012-12-31,23.09,24.56,24.29,23.09,39346420.0,873438400.0
2012-12-28,22.73,23.32,22.96,22.67,14303662.0,305447168.0
2012-12-27,23.26,23.52,22.86,22.65,13232227.0,280093728.0
2012-12-26,22.99,23.32,23.07,22.84,12295193.0,263205552.0
2012-12-25,22.49,23.48,23.09,22.24,24911898.0,531899584.0
2012-12-24,22.11,22.7,22.61,21.88,23301152.0,483300032.0
2012-12-21,21.95,22.5,22.09,21.84,16609470.0,340302272.0
2012-12-20,21.8,22.13,22.03,21.61,18297184.0,371431296.0
2012-12-19,21.99,22.39,21.85,21.77,17175404.0,350439104.0
2012-12-18,21.9,22.62,22.09,21.54,25131416.0,514463104.0
2012-12-17,21.86,22.13,21.88,21.64,23854142.0,483781856.0
2012-12-14,20.24,22.24,21.9,20.19,40523288.0,801632576.0
2012-12-13,20.28,20.35,20.32,20.0,14445836.0,269243456.0
2012-12-12,20.3,20.49,20.4,20.13,12555231.0,236050320.0
2012-12-11,20.67,20.7,20.41,20.23,13566020.0,257059152.0
2012-12-10,20.5,21.01,20.79,20.5,27977616.0,541617984.0
2012-12-07,20.08,20.48,20.38,20.01,17572900.0,330018048.0
2012-12-06,20.08,20.3,20.08,19.97,14311313.0,266677568.0
2012-12-05,19.05,20.23,20.08,18.98,46580312.0,860504512.0
2012-12-04,18.77,19.07,19.01,18.7,20290680.0,355664512.0
2012-12-03,18.08,19.21,18.66,18.06,25066652.0,437884736.0
2012-11-30,17.79,18.32,18.14,17.78,13992637.0,234867872.0
2012-11-29,18.23,18.25,17.88,17.81,10865560.0,181308368.0
2012-11-28,18.03,18.22,18.17,17.84,10098558.0,168712832.0
2012-11-27,18.62,18.62,18.11,18.02,9399941.0,159522720.0
2012-11-26,18.39,18.63,18.47,18.3,7651412.0,130930584.0
2012-11-23,18.11,18.62,18.5,18.0,19941524.0,339752960.0
2012-11-22,17.98,18.09,18.02,17.86,7968881.0,132487936.0
2012-11-21,17.8,18.16,18.12,17.65,12157596.0,202111488.0
2012-11-20,18.07,18.09,17.79,17.57,14986025.0,247581552.0
2012-11-19,18.05,18.07,17.98,17.43,19899888.0,328214944.0
2012-11-16,18.65,18.65,18.03,17.8,20364058.0,341954496.0
2012-11-15,18.69,18.88,18.65,18.52,11399703.0,197807968.0
2012-11-14,18.87,18.93,18.83,18.65,10994660.0,191002064.0
2012-11-13,19.45,19.45,18.88,18.73,16515022.0,290063488.0
2012-11-12,19.32,19.54,19.44,19.19,10446098.0,187266368.0
2012-11-09,19.38,19.47,19.34,19.24,6792618.0,121664864.0
2012-11-08,19.44,19.67,19.36,19.32,9020813.0,162840656.0
2012-11-07,19.82,19.92,19.67,19.52,7798077.0,142074864.0
2012-11-06,20.08,20.08,19.84,19.43,9663572.0,176453456.0
2012-11-05,20.19,20.35,20.01,19.94,11072948.0,205610896.0
2012-11-02,20.21,20.33,20.19,19.88,12586516.0,234906912.0
2012-11-01,19.38,20.32,20.11,19.3,25351172.0,467994304.0
2012-10-31,19.66,19.79,19.36,19.18,18902432.0,339206432.0
2012-10-30,19.7,19.92,19.66,19.6,9562129.0,174478800.0
2012-10-29,20.23,20.36,19.7,19.46,17672178.0,325605664.0
2012-10-26,20.64,20.68,20.36,20.19,15475865.0,291333056.0
2012-10-25,20.73,20.8,20.64,20.6,6557196.0,125645624.0
2012-10-24,20.56,20.82,20.75,20.5,9139116.0,174682592.0
2012-10-23,20.79,21.03,20.63,20.59,15616434.0,300400416.0
2012-10-22,20.77,20.93,20.79,20.51,16229780.0,311633952.0
2012-10-19,20.75,20.95,20.91,20.72,10234263.0,197938448.0
2012-10-18,20.61,20.82,20.75,20.37,29554448.0,564454720.0
2012-10-17,21.1,21.16,20.53,20.35,34448076.0,656612288.0
2012-10-16,21.75,21.77,20.95,20.91,15788355.0,311454080.0
2012-10-15,21.64,21.83,21.69,21.57,7261206.0,145855568.0
2012-10-12,21.76,21.91,21.56,21.43,8870411.0,177581184.0
2012-10-11,21.72,21.86,21.61,21.48,8635586.0,173302288.0
2012-10-10,21.97,21.98,21.85,21.67,6759725.0,136391328.0
2012-10-09,21.91,22.24,22.0,21.81,15301721.0,312838912.0
2012-10-08,21.81,22.22,21.59,21.58,9466934.0,192296144.0
2012-09-28,21.37,22.03,21.84,21.37,19708020.0,398676064.0
2012-09-27,20.65,21.81,21.6,20.61,24427924.0,484121952.0
2012-09-26,20.9,21.05,20.57,20.5,6640528.0,127563568.0
2012-09-25,20.68,21.06,20.92,20.68,6966167.0,134991824.0
2012-09-24,20.23,20.9,20.82,20.12,12734668.0,243118000.0
2012-09-21,20.3,20.46,20.28,20.16,8736755.0,164469472.0
2012-09-20,20.73,20.73,20.3,20.2,16337195.0,307943200.0
2012-09-19,20.95,21.08,20.73,20.62,10224571.0,197004240.0
2012-09-18,21.0,21.25,20.95,20.63,8412745.0,163177120.0
2012-09-17,21.75,21.78,21.02,20.94,12716609.0,250011152.0
2012-09-14,21.8,22.13,21.75,21.4,19246290.0,387707872.0
2012-09-13,21.48,21.81,21.6,21.46,9894266.0,198684624.0
2012-09-12,21.78,21.93,21.59,21.32,15457827.0,309486656.0
2012-09-11,22.13,22.13,21.54,21.37,16758736.0,334869920.0
2012-09-10,22.35,22.67,22.13,22.02,15531542.0,321734016.0
2012-09-07,21.59,22.76,22.45,21.59,33209960.0,682257152.0
2012-09-06,21.16,21.64,21.37,21.05,9066265.0,179746928.0
2012-09-05,21.16,21.32,21.11,20.81,13069534.0,254934272.0
2012-09-04,21.39,21.58,21.18,21.02,9429283.0,186091472.0
2012-09-03,21.15,21.72,21.5,20.96,17068236.0,339666112.0
2012-08-31,20.98,21.43,21.11,20.92,13063759.0,257020672.0
2012-08-30,20.09,21.16,21.07,20.08,16715182.0,323624000.0
2012-08-29,20.51,20.84,20.53,20.45,7802180.0,149378640.0
2012-08-28,20.49,20.79,20.57,20.18,7661842.0,145457920.0
2012-08-27,20.93,21.01,20.49,20.24,13773208.0,261649824.0
2012-08-24,20.96,21.25,20.96,20.91,11261722.0,219224608.0
2012-08-23,21.08,21.15,21.05,20.83,10794901.0,210192288.0
2012-08-22,20.98,21.11,20.99,20.81,9633999.0,187020576.0
2012-08-21,20.93,21.29,21.0,20.78,13731091.0,267724928.0
2012-08-20,21.37,21.37,20.87,20.62,17725744.0,344142528.0
2012-08-17,21.9,21.93,21.63,21.55,12623909.0,253436096.0
2012-08-16,21.74,21.96,21.93,21.63,7006311.0,141667888.0
2012-08-15,21.81,22.02,21.74,21.69,8729898.0,176431104.0
2012-08-14,22.13,22.18,21.97,21.46,24148904.0,485539040.0
2012-08-13,23.21,23.31,22.08,21.8,33025888.0,686542592.0
2012-08-10,23.16,23.59,23.35,23.1,11462898.0,248313872.0
2012-08-09,23.07,23.25,23.16,22.78,10657409.0,227407888.0
2012-08-08,23.1,23.29,23.19,22.81,16224364.0,347158080.0
2012-08-07,23.59,23.73,23.18,22.93,17703374.0,380888832.0
2012-08-06,23.19,23.73,23.72,23.1,12116875.0,263507424.0
2012-08-03,23.64,23.73,23.22,23.04,11059735.0,237342736.0
2012-08-02,23.78,23.8,23.6,23.21,8587947.0,186805120.0
2012-08-01,23.45,23.96,23.76,23.45,10853077.0,238789856.0
2012-07-31,23.12,23.78,23.41,23.12,17942744.0,391018688.0
2012-07-30,23.78,24.12,23.04,22.95,18994532.0,410156704.0
2012-07-27,24.72,24.81,23.88,23.7,22732928.0,506810016.0
2012-07-26,24.52,24.98,24.71,24.27,16680221.0,380848864.0
2012-07-25,24.68,24.82,24.48,24.46,9296653.0,212125824.0
2012-07-24,24.57,24.98,24.8,24.52,18537824.0,424721568.0
2012-07-23,24.94,24.98,24.62,24.6,12939900.0,296791104.0
2012-07-20,25.48,25.62,25.16,25.05,15304955.0,359700352.0
2012-07-19,24.16,25.69,25.52,24.16,34881136.0,814753920.0
2012-07-18,24.55,24.88,24.43,23.7,17016824.0,382396864.0
2012-07-17,24.21,24.7,24.53,24.17,12579014.0,283990176.0
2012-07-16,24.85,24.88,24.25,24.17,17167730.0,388025344.0
2012-07-13,23.75,24.96,24.82,23.64,31645080.0,721211264.0
2012-07-12,24.05,24.55,24.2,23.21,38792392.0,854884544.0
2012-07-11,24.17,24.49,24.04,23.86,12759809.0,285476384.0
2012-07-10,24.01,24.83,24.3,23.92,17058560.0,384896224.0
2012-07-09,24.4,24.87,23.94,23.93,16652966.0,377420608.0
2012-07-06,24.29,24.9,24.61,23.73,25105842.0,569729856.0
2012-07-05,23.53,24.45,24.21,23.52,18803116.0,417075232.0
2012-07-04,24.31,24.46,23.86,23.74,11834389.0,262944064.0
2012-07-03,24.26,24.83,24.3,24.05,23176496.0,526318016.0
2012-07-02,23.96,24.34,24.31,23.74,18493116.0,412416320.0
2012-06-29,22.89,24.29,23.94,22.88,21665440.0,476596224.0
2012-06-28,22.77,23.32,22.93,22.77,13130137.0,280805184.0
2012-06-27,22.7,22.98,22.63,22.54,13451173.0,283599328.0
2012-06-26,22.26,22.84,22.57,22.22,8263415.0,173323216.0
2012-06-25,23.19,23.19,22.44,22.32,14938574.0,311826304.0
2012-06-21,23.44,23.46,22.97,22.7,15537675.0,336289280.0
2012-06-20,23.25,23.73,23.49,23.25,10326902.0,228630192.0
2012-06-19,23.58,23.8,23.25,23.2,12121690.0,268031392.0
2012-06-18,23.67,23.9,23.57,23.36,11217684.0,249630944.0
2012-06-15,23.59,24.06,23.52,23.42,16948350.0,379507072.0
2012-06-14,23.62,23.95,23.58,23.52,34315860.0,768633984.0
2012-06-13,22.07,23.89,23.57,22.07,37995932.0,827352000.0
2012-06-12,21.56,22.14,22.08,21.56,12169861.0,251394432.0
2012-06-11,21.45,21.93,21.76,21.43,13681132.0,280230496.0
2012-06-08,21.31,21.64,21.34,21.23,23858004.0,481502944.0
2012-06-07,21.55,21.76,21.11,21.03,14762262.0,297866976.0
2012-06-06,21.64,21.8,21.33,21.23,9704204.0,196681904.0
2012-06-05,21.71,21.83,21.63,21.23,13713361.0,277919840.0
2012-06-04,22.4,22.48,21.55,21.5,22986164.0,473594560.0
2012-06-01,22.45,22.85,22.75,22.45,9025433.0,193348048.0
2012-05-31,22.67,22.72,22.51,22.29,9275514.0,196934000.0
2012-05-30,22.75,22.91,22.79,22.54,10487787.0,224363216.0
2012-05-29,22.25,23.07,22.78,21.89,21689018.0,461330848.0
2012-05-28,21.8,22.08,22.07,21.65,7429348.0,153229536.0
2012-05-25,22.45,22.48,21.75,21.64,16784664.0,347190368.0
2012-05-24,22.58,22.78,22.35,22.3,7343610.0,155994384.0
2012-05-23,22.62,22.88,22.39,22.34,9815650.0,209084848.0
2012-05-22,22.46,22.82,22.72,22.4,11029494.0,235493488.0
2012-05-21,22.26,22.74,22.4,22.19,8143990.0,172250448.0
2012-05-18,22.38,22.48,22.26,22.17,14874607.0,312144256.0
2012-05-17,22.03,22.75,22.58,21.96,18011572.0,379579776.0
2012-05-16,22.09,22.23,21.91,21.87,14101026.0,292959200.0
2012-05-15,21.95,22.44,22.33,21.84,22753230.0,475447232.0
2012-05-14,22.67,22.72,22.05,21.84,32594752.0,678828672.0
2012-05-10,22.82,22.84,22.6,22.51,13613491.0,290632288.0
2012-05-09,22.68,22.91,22.66,22.56,14842376.0,317666208.0
2012-05-08,22.9,23.09,23.01,22.48,28010108.0,599163392.0
2012-05-07,23.68,23.72,22.98,22.66,29822620.0,648762176.0
2012-05-04,23.89,24.07,23.95,23.56,17661192.0,396324288.0
2012-05-03,23.5,24.08,23.97,23.46,19188148.0,431662240.0
2012-05-02,23.09,23.89,23.63,23.09,27099994.0,601787072.0
2012-04-27,23.14,23.43,23.06,22.96,12152155.0,264531392.0
2012-04-26,23.36,23.75,23.15,22.94,17412276.0,383188832.0
2012-04-25,23.04,23.48,23.27,22.89,22166968.0,485967520.0
2012-04-24,22.94,23.59,23.21,22.57,32604350.0,709978688.0
2012-04-23,23.13,23.36,22.97,22.7,28401426.0,616860608.0
2012-04-20,22.18,23.14,23.13,22.17,50316296.0,1078235136.0
2012-04-19,21.34,22.62,22.27,21.18,74348456.0,1554836736.0
2012-04-18,20.8,21.34,21.24,20.62,27965164.0,553559488.0
2012-04-17,21.36,21.42,20.68,20.55,18621014.0,367697024.0
2012-04-16,21.45,21.57,21.46,21.33,9585109.0,193555920.0
2012-04-13,21.43,21.83,21.54,21.38,17989164.0,366525280.0
2012-04-12,20.86,21.53,21.46,20.68,21269020.0,424642272.0
2012-04-11,20.65,21.04,20.8,20.62,9072689.0,178195424.0
2012-04-10,20.82,21.07,20.89,20.33,11180602.0,217761344.0
2012-04-09,20.81,21.06,20.85,20.59,9473457.0,185990496.0
2012-04-06,20.85,21.11,20.9,20.78,11885206.0,234359520.0
2012-04-05,20.23,21.14,20.85,20.18,21030036.0,410841408.0
2012-03-30,20.16,20.54,20.48,20.13,17002960.0,325987104.0
2012-03-29,20.36,20.38,20.09,19.92,11176530.0,212550320.0
2012-03-28,20.9,20.97,20.39,20.29,9682869.0,188075760.0
2012-03-27,20.91,21.12,20.95,20.68,10617349.0,209180128.0
2012-03-26,20.69,20.93,20.85,20.63,10104915.0,198058176.0
2012-03-23,20.87,20.88,20.77,20.6,9257663.0,180489504.0
2012-03-22,20.97,21.04,20.89,20.75,12748106.0,250994608.0
2012-03-21,21.31,21.38,20.93,20.89,16748882.0,332404992.0
2012-03-20,21.33,21.45,21.15,21.12,9937548.0,199156832.0
2012-03-19,21.66,21.75,21.33,21.11,19509840.0,390998912.0
2012-03-16,21.48,21.71,21.63,21.27,12113772.0,245603824.0
2012-03-15,21.43,21.82,21.38,21.31,20053404.0,407639232.0
2012-03-14,21.87,21.93,21.34,21.33,29435276.0,600737856.0
2012-03-13,21.39,21.76,21.75,21.34,20601814.0,420022336.0
2012-03-12,21.74,21.8,21.43,21.11,29359666.0,590185216.0
2012-03-09,21.81,21.87,21.79,21.47,16162448.0,330276576.0
2012-03-08,21.64,21.85,21.77,21.53,19092648.0,390879872.0
2012-03-07,21.29,21.64,21.51,21.23,16257573.0,329146432.0
2012-03-06,22.04,22.15,21.49,21.37,40422252.0,820733056.0
2012-03-05,22.59,22.73,22.03,21.98,21266384.0,445489536.0
2012-03-02,22.27,22.57,22.55,22.22,20537388.0,433714816.0
2012-03-01,22.17,22.61,22.22,22.07,18621056.0,391136736.0
2012-02-29,22.88,22.88,22.3,22.2,19120276.0,404500032.0
2012-02-28,22.87,23.11,22.92,22.72,16281562.0,351416992.0
2012-02-27,23.13,23.42,22.9,22.85,22430616.0,490319584.0
2012-02-24,22.93,23.09,23.04,22.59,21312030.0,458944192.0
2012-02-23,22.8,22.96,22.84,22.73,10567016.0,227388224.0
2012-02-22,22.7,22.98,22.84,22.35,25677416.0,549940480.0
2012-02-21,22.35,22.69,22.64,22.16,11208366.0,236626304.0
2012-02-20,22.51,22.88,22.3,22.24,25824738.0,548777152.0
2012-02-17,22.28,22.4,22.11,22.02,13670198.0,286170464.0
2012-02-16,22.14,22.24,22.06,21.92,21719508.0,451227008.0
2012-02-15,21.96,22.56,22.29,21.87,21768452.0,456974496.0
2012-02-14,22.61,22.61,22.11,21.87,31695796.0,659629312.0
2012-02-13,22.46,23.14,22.73,22.2,19973124.0,424964608.0
2012-02-10,22.51,23.19,22.94,22.38,18352816.0,395183296.0
2012-02-09,23.02,23.08,22.57,22.51,17150300.0,368419744.0
2012-02-08,21.91,23.25,23.09,21.91,21133686.0,453044736.0
2012-02-07,22.45,22.59,22.07,21.85,18032236.0,375002688.0
2012-02-06,23.24,23.32,22.68,22.35,18467864.0,395124064.0
2012-02-03,22.71,23.43,23.21,22.58,29534048.0,642831168.0
2012-02-02,22.08,22.81,22.73,21.77,19714768.0,413897152.0
2012-02-01,22.29,22.43,21.92,21.82,11035700.0,230467792.0
2012-01-31,22.41,22.75,22.3,22.18,10977487.0,232824672.0
2012-01-30,23.18,23.2,22.41,22.38,23536028.0,505017504.0
2012-01-20,22.41,23.28,23.19,22.41,29590266.0,642297088.0
2012-01-19,22.06,22.56,22.53,21.85,19320244.0,406644448.0
2012-01-18,21.82,22.45,21.76,21.75,21358826.0,445515904.0
2012-01-17,21.02,22.09,21.95,20.49,23658662.0,476449536.0
2012-01-16,21.03,21.46,21.07,20.89,8292613.0,165674800.0
2012-01-13,21.27,21.42,21.18,21.0,10766046.0,214835568.0
2012-01-12,21.45,21.87,21.27,21.14,12185042.0,246366992.0
2012-01-11,21.71,21.84,21.45,21.25,11907079.0,240940944.0
2012-01-10,20.8,21.71,21.66,20.8,22795586.0,459966432.0
2012-01-09,20.51,21.0,20.95,19.99,19771156.0,381814720.0
2012-01-06,20.32,20.45,20.41,20.21,13129457.0,251620048.0
2012-01-05,20.19,20.7,20.3,20.12,16954980.0,326208704.0
2012-01-04,20.46,20.7,20.21,20.19,17785426.0,342808352.0
