date,open,high,close,low,volume,price_change,p_change,ma5,ma10,ma20,v_ma5,v_ma10,v_ma20
2012-07-11,9.25,9.38,9.31,9.25,70299.45,0.04,0.43,9.31,9.31,9.31,70299.45,70299.45,70299.45
2012-07-12,9.28,9.79,9.66,9.15,178829.08,0.35,3.76,9.485,9.485,9.485,124564.26,124564.26,124564.26
2012-07-13,9.6,9.69,9.47,9.44,98037.16,-0.19,-1.97,9.48,9.48,9.48,115721.9,115721.9,115721.9
2012-07-16,9.52,9.52,9.23,9.19,87676.89,-0.24,-2.53,9.418,9.418,9.418,108710.65,108710.65,108710.65
2012-07-17,9.02,9.39,9.3,9.02,55096.67,0.07,0.76,9.394,9.394,9.394,97987.85,97987.85,97987.85
2012-07-18,9.26,9.38,9.37,9.16,54011.6,0.07,0.75,9.406,9.39,9.39,94730.28,90658.47,90658.47
2012-07-19,9.36,9.53,9.38,9.31,79834.26,0.01,0.11,9.35,9.389,9.389,74931.32,89112.16,89112.16
2012-07-20,9.39,9.42,9.28,9.25,47200.22,-0.1,-1.07,9.312,9.375,9.375,64763.93,83873.17,83873.17
2012-07-23,9.23,9.33,9.19,9.12,50759.34,-0.09,-0.97,9.304,9.354,9.354,57380.42,80193.85,80193.85
2012-07-24,9.12,9.35,9.23,9.1,46668.68,0.04,0.43,9.29,9.342,9.342,55694.82,76841.33,76841.33
2012-07-25,9.22,9.27,9.11,9.09,40189.15,-0.12,-1.3,9.238,9.322,9.321,52930.33,73830.3,73509.32
2012-07-26,9.11,9.27,9.12,9.08,38284.66,0.01,0.11,9.186,9.268,9.304,44620.41,59775.86,70573.93
2012-07-27,9.18,9.27,9.21,9.14,57131.81,0.09,0.99,9.172,9.242,9.297,46606.73,55685.33,69539.92
2012-07-30,9.22,9.3,9.22,9.17,53600.57,0.01,0.11,9.178,9.241,9.291,47174.97,52277.7,68401.4
2012-07-31,9.23,9.24,8.96,8.91,76275.54,-0.26,-2.82,9.124,9.207,9.269,53096.35,54395.58,68926.34
2012-08-01,8.95,9.14,9.04,8.94,80061.6,0.08,0.89,9.11,9.174,9.255,61070.84,57000.58,69622.29
2012-08-02,9.03,9.05,8.94,8.89,52553.45,-0.1,-1.11,9.074,9.13,9.236,63924.59,54272.5,68618.24
2012-08-03,8.97,9.07,9.07,8.84,44439.19,0.13,1.45,9.046,9.109,9.227,61386.07,53996.4,67274.96
2012-08-06,9.06,9.32,9.28,9.03,95918.54,0.21,2.31,9.058,9.118,9.23,69849.66,58512.32,68782.52
2012-08-07,9.25,9.37,9.31,9.23,84228.43,0.03,0.32,9.128,9.126,9.234,71440.24,62268.29,69554.81
2012-08-08,9.32,9.56,9.35,9.26,115068.59,0.04,0.43,9.19,9.15,9.236,78441.64,69756.24,71793.27
2012-08-09,9.32,9.45,9.4,9.24,74905.32,0.05,0.54,9.282,9.178,9.223,82912.01,73418.3,66597.08
2012-08-10,9.45,9.45,9.3,9.26,53504.1,-0.1,-1.06,9.328,9.187,9.215,84725.0,73055.53,64370.43
2012-08-13,9.3,9.3,9.08,9.05,78266.53,-0.22,-2.37,9.288,9.173,9.207,81194.59,75522.13,63899.91
2012-08-14,9.11,9.23,9.18,8.9,60497.79,0.1,1.1,9.262,9.195,9.201,76448.47,73944.35,64169.97
2012-08-15,9.14,9.18,9.0,8.98,39960.16,-0.18,-1.96,9.192,9.191,9.183,61426.78,69934.21,63467.4
2012-08-16,9.02,9.08,8.98,8.95,31703.93,-0.02,-0.22,9.108,9.195,9.163,52786.5,67849.26,61060.88
2012-08-17,8.99,9.05,9.03,8.93,33708.01,0.05,0.56,9.054,9.191,9.15,48827.28,66776.14,60386.27
2012-08-20,8.9,9.03,8.97,8.88,33380.95,-0.06,-0.66,9.032,9.16,9.139,39850.17,60522.38,59517.35
2012-08-21,8.98,9.08,9.04,8.93,49497.35,0.07,0.78,9.004,9.133,9.13,37650.08,57049.27,59658.78
2012-08-22,9.02,9.07,8.92,8.9,48252.28,-0.12,-1.33,8.988,9.09,9.12,39308.5,50367.64,60061.94
2012-08-23,8.93,9.05,9.04,8.93,47596.9,0.12,1.34,9.0,9.054,9.116,42487.1,47636.8,60527.55
2012-08-24,8.98,9.0,8.8,8.79,68090.91,-0.24,-2.65,8.954,9.004,9.096,49363.68,49095.48,61075.51
2012-08-27,8.8,8.81,8.38,8.34,84861.65,-0.42,-4.77,8.836,8.934,9.054,59659.82,49754.99,62638.56
2012-08-28,8.37,8.54,8.43,8.33,39706.94,0.05,0.6,8.714,8.859,9.027,57701.74,47675.91,60810.13
2012-08-29,8.4,8.42,8.18,8.16,48524.92,-0.25,-2.97,8.566,8.777,8.984,57756.26,48532.38,59233.3
2012-08-30,8.19,8.24,8.15,8.05,49663.7,-0.03,-0.37,8.388,8.694,8.945,58169.62,50328.36,59088.81
2012-08-31,8.15,8.21,8.15,8.09,30941.55,0.0,0.0,8.258,8.606,8.899,50739.75,50051.72,58413.93
2012-09-03,8.14,8.28,8.22,8.11,58380.9,0.07,0.86,8.226,8.531,8.846,45443.6,52551.71,56537.05
2012-09-04,8.2,8.25,8.08,8.06,67279.13,-0.14,-1.7,8.156,8.435,8.784,50958.04,54329.89,55689.58
2012-09-05,8.04,8.06,8.0,7.91,59346.31,-0.08,-0.99,8.12,8.343,8.717,53122.32,55439.29,52903.47
2012-09-06,8.03,8.12,8.09,8.01,44580.45,0.09,1.12,8.108,8.248,8.651,52105.67,55137.65,51387.22
2012-09-07,8.15,8.76,8.61,8.11,233425.64,0.52,6.43,8.2,8.229,8.617,92602.49,71671.12,60383.3
2012-09-10,8.62,8.71,8.63,8.48,145957.38,0.02,0.23,8.282,8.254,8.594,110117.78,77780.69,63767.84
2012-09-11,8.58,8.58,8.56,8.45,77031.2,-0.07,-0.81,8.378,8.267,8.563,112068.2,81513.12,64594.51
2012-09-12,8.65,8.8,8.67,8.53,123374.65,0.11,1.28,8.512,8.316,8.547,124873.86,88998.09,68765.24
2012-09-13,8.64,8.68,8.5,8.49,69030.76,-0.17,-1.96,8.594,8.351,8.523,129763.93,90934.8,70631.58
2012-09-14,8.68,8.8,8.64,8.58,116529.29,0.14,1.65,8.6,8.4,8.503,106384.66,99493.57,74772.64
2012-09-17,8.64,8.64,8.3,8.29,78756.56,-0.34,-3.94,8.534,8.408,8.47,92944.49,101531.14,77041.42
2012-09-18,8.27,8.28,8.15,8.1,56782.86,-0.15,-1.81,8.452,8.415,8.425,88894.82,100481.51,77405.7
2012-09-19,8.13,8.31,8.23,8.1,49698.96,0.08,0.98,8.364,8.438,8.391,74159.69,99516.78,77478.03
2012-09-20,8.2,8.2,7.95,7.94,81173.56,-0.28,-3.4,8.254,8.424,8.336,76588.25,103176.09,79156.87
2012-09-21,7.92,8.24,8.06,7.92,65431.98,0.11,1.38,8.138,8.369,8.299,66368.78,86376.72,79023.92
2012-09-24,7.99,8.29,8.22,7.93,81114.42,0.16,1.99,8.122,8.328,8.291,66840.36,79892.42,78836.56
2012-09-25,8.17,8.24,8.12,8.07,47904.35,-0.1,-1.22,8.116,8.284,8.276,65064.65,76979.74,79246.43
2012-09-26,8.12,8.18,8.03,8.0,49747.94,-0.09,-1.11,8.076,8.22,8.268,65074.45,69617.07,79307.58
2012-09-27,8.07,8.5,8.36,8.01,122823.87,0.33,4.11,8.158,8.206,8.279,73404.51,74996.38,82965.59
2012-09-28,8.3,8.53,8.51,8.26,118460.19,0.15,1.79,8.248,8.193,8.297,84010.15,75189.47,87341.52
2012-10-08,8.48,8.52,8.32,8.23,81744.31,-0.19,-2.23,8.268,8.195,8.302,84136.13,75488.24,88509.69
2012-10-09,8.35,8.66,8.54,8.35,122908.25,0.22,2.64,8.352,8.234,8.325,99136.91,82100.78,91291.15
2012-10-10,8.51,8.65,8.6,8.47,97915.4,0.06,0.7,8.466,8.271,8.355,108770.4,86922.43,93219.6
2012-10-11,8.6,8.6,8.43,8.42,71163.32,-0.17,-1.98,8.48,8.319,8.372,98438.29,85921.4,94548.74
2012-10-12,8.47,8.6,8.54,8.38,74977.44,0.11,1.3,8.486,8.367,8.368,89741.74,86875.95,86626.33
2012-10-15,8.5,8.52,8.38,8.26,80799.7,-0.16,-1.87,8.498,8.383,8.356,89552.82,86844.48,83368.45
2012-10-16,8.38,8.49,8.33,8.3,63610.16,-0.05,-0.6,8.456,8.404,8.344,77693.2,88415.06,82697.4
2012-10-17,8.39,8.46,8.35,8.25,68605.53,0.02,0.24,8.406,8.436,8.328,71831.23,90300.82,79958.94
2012-10-18,8.41,8.58,8.52,8.38,95531.22,0.17,2.04,8.424,8.452,8.329,76704.81,87571.55,81283.97
2012-10-19,8.54,8.59,8.53,8.46,58840.75,0.01,0.12,8.422,8.454,8.324,73477.47,81609.61,78399.54
2012-10-22,8.46,8.56,8.55,8.43,55656.2,0.02,0.23,8.456,8.477,8.336,68448.77,79000.8,77244.52
2012-10-23,8.48,8.52,8.39,8.35,75365.62,-0.16,-1.87,8.468,8.462,8.348,70799.86,74246.53,78173.66
2012-10-24,8.33,8.37,8.3,8.26,54582.55,-0.09,-1.07,8.458,8.432,8.352,67995.27,69913.25,78417.84
2012-10-25,8.3,8.38,8.26,8.24,56826.34,-0.04,-0.48,8.406,8.415,8.367,60254.29,68479.55,77200.48
2012-10-26,8.26,8.28,8.08,8.07,57597.32,-0.18,-2.18,8.316,8.369,8.368,60005.61,66741.54,76808.74
2012-10-29,8.08,8.09,8.06,8.02,35458.21,-0.02,-0.25,8.218,8.337,8.36,55966.01,62207.39,74525.93
2012-10-30,8.08,8.24,8.11,8.07,39132.65,0.05,0.62,8.162,8.315,8.36,48719.41,59759.64,74087.35
2012-10-31,8.11,8.19,8.18,8.06,43078.35,0.07,0.86,8.138,8.298,8.367,46418.57,57206.92,73753.87
2012-11-01,8.19,8.36,8.35,8.15,86017.9,0.17,2.08,8.156,8.281,8.367,52256.89,56255.59,71913.57
2012-11-02,8.35,8.39,8.36,8.3,57655.19,0.01,0.12,8.212,8.264,8.359,52268.46,56137.03,68873.32
2012-11-05,8.36,8.55,8.47,8.32,105881.16,0.11,1.32,8.294,8.256,8.367,66353.05,61159.53,70080.16
2012-11-06,8.47,8.47,8.35,8.23,66812.92,-0.12,-1.42,8.342,8.252,8.357,71889.1,60304.26,67275.4
2012-11-07,8.34,8.45,8.42,8.28,43885.29,0.07,0.84,8.39,8.264,8.348,72050.49,59234.53,64573.89
2012-11-08,8.34,8.34,8.13,8.12,64794.64,-0.29,-3.44,8.346,8.251,8.333,67805.84,60031.36,64255.46
2012-11-09,8.1,8.16,8.14,8.1,33247.9,0.01,0.12,8.302,8.257,8.313,62924.38,57596.42,62168.98
2012-11-12,8.19,8.2,8.17,8.12,30094.12,0.03,0.37,8.242,8.268,8.303,47766.97,57060.01,59633.7
2012-11-13,8.17,8.17,8.06,8.04,39446.19,-0.11,-1.35,8.184,8.263,8.289,42293.63,57091.37,58425.5
2012-11-14,8.06,8.13,8.12,8.05,34610.56,0.06,0.74,8.124,8.257,8.278,40438.68,56244.59,56725.75
2012-11-15,8.08,8.09,7.96,7.95,36895.61,-0.16,-1.97,8.09,8.218,8.25,34858.88,51332.36,53793.97
2012-11-16,7.96,7.99,7.83,7.79,50812.18,-0.13,-1.63,8.028,8.165,8.215,38371.73,50648.06,53392.55
2012-11-19,7.82,7.87,7.87,7.75,32821.53,0.04,0.51,7.968,8.105,8.181,38917.21,43342.09,52250.81
2012-11-20,7.9,7.92,7.81,7.8,26138.66,-0.06,-0.76,7.918,8.051,8.152,36255.71,39274.67,49789.46
2012-11-21,7.87,7.99,7.98,7.81,59480.93,0.17,2.18,7.89,8.007,8.136,41229.78,40834.23,50034.38
2012-11-22,7.93,8.01,7.89,7.85,33142.75,-0.09,-1.13,7.876,7.983,8.117,40479.21,37669.04,48850.2
2012-11-23,7.97,8.01,7.94,7.89,32023.73,0.05,0.63,7.898,7.963,8.11,36721.52,37546.63,47571.52
2012-11-26,7.92,7.95,7.81,7.8,30847.4,-0.13,-1.64,7.886,7.927,8.098,36326.69,37621.95,47340.98
2012-11-27,7.78,7.8,7.62,7.6,53070.95,-0.19,-2.43,7.848,7.883,8.073,41713.15,38984.43,48037.9
2012-11-28,7.51,7.64,7.61,7.51,45896.55,-0.01,-0.13,7.774,7.832,8.045,38996.28,40113.03,48178.81
2012-11-29,7.61,7.69,7.56,7.55,25544.72,-0.05,-0.66,7.708,7.792,8.005,37476.67,38977.94,45155.15
2012-11-30,7.56,7.66,7.63,7.54,29759.87,0.07,0.93,7.646,7.772,7.969,37023.9,36872.71,43760.38
2012-12-03,7.65,7.67,7.34,7.33,36338.62,-0.29,-3.8,7.552,7.719,7.912,38122.14,37224.42,40283.26
2012-12-04,7.31,7.44,7.39,7.27,46914.44,0.05,0.68,7.506,7.677,7.864,36890.84,39302.0,39288.33
2012-12-05,7.39,7.77,7.69,7.34,86194.11,0.3,4.06,7.522,7.648,7.828,44950.35,41973.31,41403.77
2012-12-06,7.69,7.75,7.71,7.61,62074.35,0.02,0.26,7.552,7.63,7.807,52256.28,44866.47,41267.76
2012-12-07,7.71,8.05,7.91,7.65,106165.9,0.2,2.59,7.608,7.627,7.795,67537.48,52280.69,44913.66
2012-12-10,7.95,8.01,7.96,7.86,84301.88,0.05,0.63,7.732,7.642,7.785,77130.14,57626.14,47624.05
2012-12-11,7.88,8.12,7.98,7.86,87724.36,0.02,0.25,7.85,7.678,7.781,85292.12,61091.48,50037.96
2012-12-12,7.97,8.02,7.91,7.84,49459.47,-0.07,-0.88,7.894,7.708,7.77,77945.19,61447.77,50780.4
2012-12-13,7.86,7.89,7.76,7.75,49751.51,-0.15,-1.9,7.904,7.728,7.76,75480.62,63868.45,51423.2
2012-12-14,7.76,8.12,8.1,7.76,158972.77,0.34,4.38,7.942,7.775,7.774,86042.0,76789.74,56831.23
2012-12-17,8.06,8.58,8.26,8.06,230529.58,0.16,1.98,8.002,7.867,7.793,115287.54,96208.84,66716.63
2012-12-18,8.22,8.43,8.28,8.13,141728.77,0.02,0.24,8.062,7.956,7.817,126088.42,105690.27,72496.13
2012-12-19,8.28,8.42,8.33,8.27,109140.87,0.05,0.6,8.146,8.02,7.834,138024.7,107984.95,74979.13
2012-12-20,8.3,8.4,8.38,8.16,99119.76,0.05,0.6,8.27,8.087,7.859,147898.35,111689.49,78277.98
2012-12-21,8.42,8.76,8.31,8.25,296711.47,-0.07,-0.83,8.312,8.127,7.877,175446.09,130744.04,91512.37
2012-12-24,8.32,8.43,8.33,8.23,131868.67,0.02,0.24,8.326,8.164,7.903,155713.91,135500.72,96563.43
2012-12-25,8.31,8.56,8.5,8.17,227892.73,0.17,2.04,8.37,8.216,7.947,172946.7,149517.56,105304.52
2012-12-26,8.49,8.53,8.52,8.42,136681.38,0.02,0.23,8.408,8.277,7.993,178454.8,158239.75,109843.76
2012-12-27,8.6,8.69,8.36,8.34,215180.69,-0.16,-1.88,8.404,8.337,8.033,201666.99,174782.67,119325.56
2012-12-28,8.34,8.4,8.38,8.23,188814.47,0.02,0.24,8.418,8.365,8.07,180087.59,177766.84,127278.29
2012-12-31,8.4,8.62,8.54,8.31,209117.62,0.16,1.91,8.46,8.393,8.13,195537.38,175625.64,135917.24
2013-01-04,8.67,8.72,8.48,8.39,200815.94,-0.06,-0.7,8.456,8.413,8.185,190122.02,181534.36,143612.32
2013-01-07,8.49,8.62,8.53,8.45,142580.52,0.05,0.59,8.458,8.433,8.227,191301.85,184878.33,146431.64
2013-01-08,8.54,8.57,8.48,8.38,162221.42,-0.05,-0.59,8.482,8.443,8.265,180709.99,191188.49,151438.99
2013-01-09,8.45,8.7,8.69,8.38,283153.19,0.21,2.48,8.544,8.481,8.304,199577.74,189832.66,160288.35
2013-01-10,8.66,8.77,8.64,8.51,276413.84,-0.05,-0.57,8.564,8.512,8.338,213036.98,204287.18,169893.95
2013-01-11,8.63,8.66,8.36,8.28,161332.59,-0.28,-3.24,8.54,8.498,8.357,205140.31,197631.17,173574.36
2013-01-14,8.31,8.6,8.56,8.28,192964.44,0.2,2.39,8.546,8.502,8.39,215217.1,203259.47,180749.61
2013-01-15,8.59,8.82,8.78,8.54,342340.31,0.22,2.57,8.606,8.544,8.441,251240.87,215975.43,195379.05
2013-01-16,8.78,8.97,8.7,8.61,314940.81,-0.08,-0.91,8.608,8.576,8.471,257598.4,228588.07,203177.45
2013-01-17,8.7,8.73,8.56,8.52,171879.11,-0.14,-1.61,8.592,8.578,8.486,236691.45,224864.22,200244.93
2013-01-18,8.68,8.81,8.75,8.6,195730.95,0.19,2.22,8.67,8.605,8.509,243571.12,224355.72,202945.04
2013-01-21,8.81,8.96,8.87,8.71,323313.12,0.12,1.37,8.732,8.639,8.536,269640.86,242428.98,213653.65
2013-01-22,8.82,8.87,8.64,8.61,215483.81,-0.23,-2.59,8.704,8.655,8.549,244269.56,247755.22,219471.85
2013-01-23,8.66,8.69,8.62,8.45,154093.09,-0.02,-0.23,8.688,8.648,8.565,212100.02,234849.21,212340.94
2013-01-24,8.6,8.75,8.36,8.32,210373.2,-0.26,-3.02,8.648,8.62,8.566,219798.83,228245.14,216266.16
2013-01-25,8.37,8.47,8.37,8.35,78409.54,0.01,0.12,8.572,8.621,8.56,196334.55,219952.84,208792.0
2013-01-28,8.42,8.59,8.57,8.4,112955.73,0.2,2.39,8.512,8.622,8.562,154263.07,211951.97,207605.72
2013-01-29,8.57,8.73,8.65,8.56,190181.34,0.08,0.93,8.514,8.609,8.577,149202.58,196736.07,206355.75
2013-01-30,8.7,8.78,8.66,8.61,146090.28,0.01,0.12,8.522,8.605,8.591,147602.02,179851.02,204219.54
2013-01-31,8.66,8.88,8.76,8.61,201636.12,0.1,1.16,8.602,8.625,8.602,145854.6,182826.72,203845.47
2013-02-01,8.75,8.86,8.85,8.65,200769.02,0.09,1.03,8.698,8.635,8.62,170326.5,183330.53,203843.12
2013-02-04,8.85,9.56,9.31,8.85,543155.69,0.46,5.2,8.846,8.679,8.659,256366.49,205314.78,223871.88
2013-02-05,9.25,9.65,9.41,9.2,413434.84,0.1,1.07,8.998,8.756,8.706,301017.19,225109.89,236432.55
2013-02-06,9.42,9.42,9.25,9.21,211557.88,-0.16,-1.7,9.116,8.819,8.734,314110.71,230856.36,232852.79
2013-02-07,9.28,9.31,9.13,9.08,169880.59,-0.12,-1.3,9.19,8.896,8.758,307759.6,226807.1,227526.12
2013-02-08,9.15,9.27,9.2,9.13,112133.24,0.07,0.77,9.26,8.979,8.8,290032.45,230179.47,225066.16
2013-02-18,9.22,9.26,9.01,9.0,139390.34,-0.19,-2.06,9.2,9.023,8.823,209279.38,232822.93,222387.45
2013-02-19,9.04,9.08,8.75,8.72,171175.38,-0.26,-2.89,9.068,9.033,8.821,160827.49,230922.34,213829.2
2013-02-20,8.72,8.86,8.83,8.71,115532.21,0.08,0.91,8.984,9.05,8.828,141622.35,227866.53,203858.77
2013-02-21,8.7,8.72,8.41,8.37,229068.2,-0.42,-4.76,8.84,9.015,8.82,153459.87,230609.74,206718.23
2013-02-22,8.4,8.46,8.42,8.36,99889.75,0.01,0.12,8.684,8.972,8.804,151011.18,220521.81,201926.17
2013-02-25,8.46,8.51,8.43,8.4,70560.57,0.01,0.12,8.568,8.884,8.782,137245.22,173262.3,189288.54
2013-02-26,8.4,8.4,8.22,8.19,124981.72,-0.21,-2.49,8.462,8.765,8.761,128006.49,144416.99,184763.44
2013-02-27,8.26,8.35,8.28,8.18,91757.64,0.06,0.73,8.352,8.668,8.744,123251.58,132436.96,181646.66
2013-02-28,8.34,8.49,8.49,8.25,116993.27,0.21,2.54,8.368,8.604,8.75,100836.59,127148.23,176977.67
2013-03-01,8.47,8.48,8.41,8.28,110417.44,-0.08,-0.94,8.366,8.525,8.752,102942.13,126976.65,178578.06
2013-03-04,8.32,8.32,7.98,7.93,170704.7,-0.43,-5.11,8.276,8.422,8.723,122970.95,130108.09,181465.51
2013-03-05,8.0,8.1,8.09,7.96,80523.2,0.11,1.38,8.25,8.356,8.695,114079.25,121042.87,175982.6
2013-03-06,8.15,8.18,8.11,8.03,120116.25,0.02,0.25,8.216,8.284,8.667,119750.97,121501.27,174683.9
2013-03-07,8.06,8.41,8.23,7.98,254838.98,0.12,1.48,8.164,8.266,8.641,147320.11,124078.35,177344.05
2013-03-08,8.18,8.28,8.15,8.1,93814.41,-0.08,-0.97,8.112,8.239,8.606,143999.51,123470.82,171996.32
2013-03-11,8.11,8.14,8.08,8.02,66705.0,-0.07,-0.86,8.132,8.204,8.544,123199.57,123085.26,148173.78
2013-03-12,8.07,8.19,7.93,7.83,110054.59,-0.15,-1.86,8.1,8.175,8.47,129105.85,121592.55,133004.77
2013-03-13,7.9,7.98,7.91,7.83,72081.12,-0.02,-0.25,8.06,8.138,8.403,119498.82,119624.9,126030.93
2013-03-14,7.88,8.01,7.94,7.84,74639.85,0.03,0.38,8.002,8.083,8.344,83458.99,115389.55,121268.89
2013-03-15,7.96,8.08,7.83,7.8,96276.3,-0.11,-1.39,7.938,8.025,8.275,83951.37,113975.44,120476.05
2013-03-18,7.81,7.89,7.71,7.7,73126.4,-0.12,-1.53,7.864,7.998,8.21,85235.65,104217.61,117162.85
2013-03-19,7.77,7.81,7.78,7.71,44919.14,0.07,0.91,7.834,7.967,8.162,72208.56,100657.2,110850.04
2013-03-20,7.79,7.97,7.96,7.76,90914.95,0.18,2.31,7.844,7.952,8.118,75975.33,97737.07,109619.17
2013-03-21,7.96,8.08,7.97,7.9,96353.17,0.01,0.13,7.85,7.926,8.096,80317.99,81888.49,102983.42
2013-03-22,7.97,8.02,7.98,7.93,45003.89,0.01,0.12,7.88,7.909,8.074,70063.51,77007.44,100239.13
2013-03-25,7.99,8.04,8.0,7.95,51982.65,0.02,0.25,7.938,7.901,8.053,65834.76,75535.21,99310.23
2013-03-26,7.95,7.99,7.81,7.76,72141.51,-0.19,-2.38,7.944,7.889,8.032,71279.23,71743.9,96668.22
2013-03-27,7.8,7.9,7.75,7.73,52177.11,-0.06,-0.77,7.902,7.873,8.006,63531.67,69753.5,94689.2
2013-03-28,7.73,7.73,7.53,7.48,106455.43,-0.22,-2.84,7.814,7.832,7.958,65552.12,72935.06,94162.3
2013-03-29,7.54,7.6,7.5,7.47,54865.27,-0.03,-0.4,7.718,7.799,7.912,67524.39,68793.95,91384.7
2013-04-01,7.48,7.53,7.48,7.44,54148.51,-0.02,-0.27,7.614,7.776,7.887,67957.57,66896.16,85556.89
2013-04-02,7.5,7.58,7.54,7.48,51215.64,0.06,0.8,7.56,7.752,7.86,63772.39,67525.81,84091.51
2013-04-03,7.57,7.62,7.56,7.52,57807.78,0.02,0.27,7.522,7.712,7.832,64898.53,64215.1,80976.09
2013-04-08,7.45,7.5,7.49,7.38,62184.63,-0.07,-0.93,7.514,7.664,7.795,56044.37,60798.24,71343.37
2013-04-09,7.52,7.66,7.62,7.5,80387.94,0.13,1.74,7.538,7.628,7.769,61148.9,64336.65,70672.04
2013-04-10,7.61,7.72,7.71,7.54,101595.98,0.09,1.18,7.584,7.599,7.75,70638.39,69297.98,72416.59
2013-04-11,7.73,7.74,7.57,7.52,78679.75,-0.14,-1.82,7.59,7.575,7.732,76131.22,69951.8,70847.85
2013-04-12,7.55,7.58,7.45,7.43,58262.9,-0.12,-1.58,7.568,7.545,7.709,76222.24,70560.38,70156.94
2013-04-15,7.4,7.43,7.28,7.23,80443.39,-0.17,-2.28,7.526,7.52,7.676,79873.99,67959.18,70447.12
2013-04-16,7.19,7.32,7.29,7.15,77705.74,0.01,0.14,7.46,7.499,7.649,79337.55,70243.23,69518.59
2013-04-17,7.29,7.38,7.23,7.17,80266.01,-0.06,-0.82,7.364,7.474,7.625,75071.56,72854.98,69875.57
2013-04-18,7.14,7.26,7.18,7.12,69972.53,-0.05,-0.69,7.286,7.438,7.595,73330.11,74730.67,71128.24
2013-04-19,7.18,7.37,7.33,7.18,130629.05,0.15,2.09,7.262,7.415,7.564,87803.34,82012.79,73113.94
2013-04-22,7.28,7.32,7.24,7.21,84911.01,-0.09,-1.23,7.254,7.39,7.527,88696.87,84285.43,72541.84
2013-04-23,7.24,7.26,6.99,6.98,124479.06,-0.25,-3.45,7.194,7.327,7.478,98051.53,88694.54,76515.59
2013-04-24,6.99,7.09,7.07,6.96,121699.61,0.08,1.14,7.162,7.263,7.431,106338.25,90704.91,80001.44
2013-04-25,7.05,7.07,6.89,6.88,119182.23,-0.18,-2.55,7.104,7.195,7.385,116180.19,94755.15,82353.48
2013-04-26,6.89,6.93,6.72,6.66,103933.34,-0.17,-2.47,6.982,7.122,7.334,110841.05,99322.2,84941.29
2013-05-02,6.69,6.69,6.58,6.53,90577.83,-0.14,-2.08,6.85,7.052,7.286,111974.41,100335.64,84147.41
2013-05-03,6.6,6.76,6.66,6.59,90102.59,0.08,1.22,6.784,6.989,7.244,105099.12,101575.33,85909.28
2013-05-06,6.71,6.77,6.73,6.68,89926.76,0.07,1.05,6.716,6.939,7.207,98744.55,102541.4,87698.19
2013-05-07,6.74,6.86,6.81,6.66,104705.23,0.08,1.19,6.7,6.902,7.17,95849.15,106014.67,90372.67
2013-05-08,6.81,6.88,6.75,6.73,89482.16,-0.06,-0.88,6.706,6.844,7.13,92958.91,101899.98,91956.39
2013-05-09,6.77,6.78,6.58,6.51,121158.73,-0.17,-2.52,6.706,6.778,7.084,99075.09,105524.75,94905.09
2013-05-10,6.55,6.72,6.71,6.53,109391.73,0.13,1.98,6.716,6.75,7.039,102932.92,104016.02,96355.28
2013-05-13,6.71,6.76,6.72,6.66,81344.16,0.01,0.15,6.714,6.715,6.989,101216.4,99980.48,95342.69
2013-05-14,6.72,6.74,6.61,6.55,61702.38,-0.11,-1.64,6.674,6.687,6.941,92615.83,94232.49,94493.82
2013-05-15,6.59,6.66,6.6,6.58,52072.6,-0.01,-0.15,6.644,6.675,6.899,85133.92,89046.42,94184.31
2013-05-16,6.62,6.73,6.72,6.54,88181.59,0.12,1.82,6.672,6.689,6.871,78538.49,88806.79,94571.22
2013-05-17,6.71,7.07,6.99,6.69,229147.56,0.27,4.02,6.728,6.722,6.856,102489.66,102711.29,102143.31
2013-05-20,6.95,7.0,6.94,6.88,150872.53,-0.05,-0.71,6.772,6.743,6.841,116395.33,108805.87,105673.63
2013-05-21,6.96,7.06,7.0,6.91,118847.82,0.06,0.86,6.85,6.762,6.832,127824.42,110220.13,108117.4
2013-05-22,7.0,7.03,6.95,6.91,93002.24,-0.05,-0.71,6.92,6.782,6.813,136010.35,110572.13,106236.06
2013-05-23,6.91,6.93,6.79,6.79,115902.27,-0.16,-2.3,6.934,6.803,6.791,141554.48,110046.49,107785.62
2013-05-24,6.77,6.86,6.81,6.76,67713.95,0.02,0.29,6.898,6.813,6.782,109267.76,105878.71,104947.37
2013-05-27,6.8,6.83,6.73,6.72,72785.17,-0.08,-1.18,6.856,6.814,6.765,93650.29,105022.81,102501.64
2013-05-28,6.72,6.95,6.93,6.69,155998.97,0.2,2.97,6.842,6.846,6.767,101080.52,114452.47,104342.48
2013-05-29,6.91,6.94,6.85,6.83,97730.95,-0.08,-1.15,6.822,6.871,6.773,102026.26,119018.31,104032.36
2013-05-30,6.84,6.92,6.86,6.81,70330.05,0.01,0.15,6.836,6.885,6.787,92911.82,117233.15,103019.97
2013-05-31,6.89,6.93,6.76,6.75,93690.12,-0.1,-1.46,6.826,6.862,6.792,98107.05,103687.41,103199.35
2013-06-03,6.74,6.86,6.78,6.72,82224.16,0.02,0.3,6.836,6.846,6.795,99994.85,96822.57,102814.22
2013-06-04,6.77,6.77,6.63,6.61,80749.29,-0.15,-2.21,6.776,6.809,6.786,84944.91,93012.72,101616.42
2013-06-05,6.61,6.66,6.64,6.58,51848.15,0.01,0.15,6.734,6.778,6.78,75768.35,88897.31,99734.72
2013-06-06,6.62,6.71,6.61,6.59,63247.31,-0.03,-0.45,6.684,6.76,6.782,74351.81,83631.81,96839.15
2013-06-07,6.65,6.65,6.42,6.4,102036.23,-0.19,-2.87,6.616,6.721,6.767,76021.03,87064.04,96471.38
2013-06-13,6.38,6.38,6.09,6.02,101948.97,-0.33,-5.14,6.478,6.657,6.736,79965.99,89980.42,97501.62
2013-06-14,6.12,6.15,6.1,6.07,70230.44,0.01,0.16,6.372,6.574,6.71,77862.22,81403.57,97928.02
2013-06-17,6.12,6.28,6.23,6.12,130514.14,0.13,2.13,6.29,6.512,6.692,93595.42,84681.89,101850.1
2013-06-18,6.23,6.38,6.34,6.23,97636.22,0.11,1.77,6.236,6.46,6.673,100473.2,87412.5,102322.83
2013-06-19,6.32,6.59,6.5,6.16,123348.05,0.16,2.52,6.252,6.434,6.648,104735.56,90378.3,97032.85
2013-06-20,6.36,6.5,6.18,6.17,145660.2,-0.18,-2.83,6.27,6.374,6.61,113477.81,96721.9,96772.24
2013-06-21,6.1,6.32,6.22,6.02,83127.23,0.04,0.65,6.294,6.333,6.571,116057.17,96959.69,94986.21
2013-06-24,6.17,6.22,5.63,5.6,121042.91,-0.59,-9.49,6.174,6.232,6.505,114162.92,103879.17,96388.24
2013-06-25,5.63,5.74,5.43,5.08,153806.8,-0.2,-3.55,5.992,6.114,6.437,125397.04,112935.12,98283.47
2013-06-26,5.4,5.42,5.27,5.17,132873.05,-0.16,-2.95,5.746,5.999,6.36,127302.04,116018.8,101541.42
2013-06-27,5.28,5.4,5.18,5.15,112375.07,-0.09,-1.71,5.546,5.908,6.283,120645.01,117061.41,103520.92
2013-06-28,5.1,5.37,5.2,5.08,127630.16,0.02,0.39,5.342,5.818,6.196,129545.6,122801.38,102102.48
2013-07-01,5.18,5.26,5.16,5.06,91812.09,-0.04,-0.77,5.248,5.711,6.112,123699.43,118931.18,101806.53
2013-07-02,5.17,5.19,5.14,5.06,67487.67,-0.02,-0.39,5.19,5.591,6.026,106435.61,115916.32,101664.41
2013-07-03,5.12,5.16,5.1,5.06,72839.73,-0.04,-0.78,5.156,5.451,5.943,94428.94,110865.49,100621.89
2013-07-04,5.08,5.35,5.25,4.94,199457.02,0.15,2.94,5.17,5.358,5.866,111845.33,116245.17,106483.54
2013-07-05,5.2,5.3,5.23,5.17,113079.22,-0.02,-0.38,5.176,5.259,5.796,108935.15,119240.37,108100.03
2013-07-08,5.14,5.14,5.0,4.98,84725.58,-0.23,-4.4,5.144,5.196,5.714,107517.84,115608.64,109743.9
2013-07-09,5.02,5.12,5.04,4.98,62173.69,0.04,0.8,5.124,5.157,5.636,106455.05,106445.33,109690.22
2013-07-10,5.03,5.26,5.25,5.02,119532.67,0.21,4.17,5.154,5.155,5.577,115793.64,105111.29,110565.05
2013-07-11,5.25,5.51,5.41,5.23,213853.44,0.16,3.05,5.186,5.178,5.543,118672.92,115259.13,116160.27
2013-07-12,5.38,5.41,5.23,5.23,124036.81,-0.18,-3.33,5.186,5.181,5.5,120864.44,114899.79,118850.59
2013-07-15,5.23,5.34,5.27,5.2,111563.43,0.04,0.77,5.24,5.192,5.452,126232.01,116874.93,117903.05
2013-07-16,5.24,5.28,5.22,5.12,114028.31,-0.05,-0.95,5.276,5.2,5.396,136602.93,121528.99,118722.66
2013-07-17,5.2,5.39,5.23,5.17,147512.34,0.01,0.19,5.272,5.213,5.332,142198.87,128996.25,119930.87
2013-07-18,5.19,5.23,5.09,5.08,101656.02,-0.14,-2.68,5.208,5.197,5.278,119759.38,119216.15,117730.66
2013-07-19,5.08,5.16,4.99,4.98,104453.2,-0.1,-1.97,5.16,5.173,5.216,115842.66,118353.55,118796.96
2013-07-22,4.97,5.03,5.02,4.95,63099.7,0.03,0.6,5.11,5.175,5.186,106149.91,116190.96,115899.8
2013-07-23,5.01,5.18,5.12,5.01,104216.34,0.1,1.99,5.09,5.183,5.17,104187.52,120395.23,113420.28
2013-07-24,5.08,5.15,5.05,4.99,90194.71,-0.07,-1.37,5.054,5.163,5.159,92723.99,117461.43,111286.36
2013-07-25,5.06,5.18,5.06,5.01,110599.17,0.01,0.2,5.048,5.128,5.153,94512.62,107136.0,111197.56
2013-07-26,5.04,5.05,5.0,4.99,78431.52,-0.06,-1.19,5.05,5.105,5.143,89308.29,102575.47,108737.63
2013-07-29,4.97,4.97,4.84,4.84,76872.81,-0.16,-3.2,5.014,5.062,5.127,92062.91,99106.41,107990.67
2013-07-30,4.86,4.96,4.91,4.85,78966.8,0.07,1.45,4.972,5.031,5.116,87013.0,95600.26,108564.63
2013-07-31,4.9,5.01,5.01,4.9,91258.3,0.1,2.04,4.964,5.009,5.111,87225.72,89974.86,109485.55
2013-08-01,5.01,5.17,5.1,5.0,142134.84,0.09,1.8,4.972,5.01,5.104,93532.85,94022.74,106619.45
2013-08-02,5.14,5.2,5.14,5.05,159462.3,0.04,0.78,5.0,5.025,5.099,109739.01,99523.65,108938.6
2013-08-05,5.11,5.37,5.27,5.08,159597.69,0.13,2.53,5.086,5.05,5.113,126283.99,109173.45,112682.2
2013-08-06,5.21,5.69,5.56,5.16,334640.59,0.29,5.5,5.216,5.094,5.139,177418.74,132215.87,126305.55
2013-08-07,5.45,5.58,5.41,5.4,315723.78,-0.15,-2.7,5.296,5.13,5.147,222311.84,154768.78,136115.11
2013-08-08,5.39,5.39,5.32,5.29,135087.03,-0.09,-1.66,5.34,5.156,5.142,220902.28,157217.57,132176.78
2013-08-09,5.35,5.44,5.38,5.28,150607.8,0.06,1.13,5.388,5.194,5.15,219131.38,164435.19,133505.33
2013-08-12,5.41,5.85,5.81,5.37,404601.78,0.43,7.99,5.496,5.291,5.177,268132.2,197208.09,148157.25
2013-08-13,5.81,5.81,5.65,5.63,225770.77,-0.16,-2.75,5.514,5.365,5.198,246358.23,211888.49,153744.37
2013-08-14,5.62,5.82,5.62,5.59,213968.86,-0.03,-0.53,5.556,5.426,5.218,226007.25,224159.54,157067.2
2013-08-15,5.64,5.67,5.52,5.5,115772.62,-0.1,-1.78,5.596,5.468,5.239,222144.37,221523.32,157773.03
2013-08-16,5.5,5.79,5.45,5.43,202632.31,-0.07,-1.27,5.61,5.499,5.262,232549.27,225840.32,162681.99
2013-08-19,5.4,5.55,5.48,5.37,96961.1,0.03,0.55,5.544,5.52,5.285,171021.13,219576.66,164375.06
2013-08-20,5.5,5.55,5.39,5.33,105022.9,-0.09,-1.64,5.492,5.503,5.299,146871.56,196614.9,164415.38
2013-08-21,5.45,5.51,5.47,5.39,96198.53,0.08,1.48,5.462,5.509,5.32,123317.49,174662.37,164715.57
2013-08-22,5.44,5.51,5.43,5.41,68057.19,-0.04,-0.73,5.444,5.52,5.338,113774.41,167959.39,162588.48
2013-08-23,5.48,5.53,5.38,5.25,102501.26,-0.05,-0.92,5.43,5.52,5.357,93748.2,163148.73,163791.96
2013-08-26,5.41,5.51,5.5,5.38,117362.45,0.12,2.23,5.434,5.489,5.39,97828.47,134424.8,165816.44
2013-08-27,5.5,5.54,5.52,5.46,74418.55,0.02,0.36,5.46,5.476,5.421,91707.6,119289.58,165589.03
2013-08-28,5.48,5.65,5.59,5.43,181035.16,0.07,1.27,5.484,5.473,5.45,108674.92,115996.21,170077.88
2013-08-29,5.56,5.57,5.48,5.45,107330.25,-0.11,-1.97,5.494,5.469,5.469,116529.53,115151.97,168337.65
2013-08-30,5.46,5.51,5.43,5.41,91260.87,-0.05,-0.91,5.504,5.467,5.483,114281.46,104014.83,164927.57
2013-09-02,5.45,5.51,5.49,5.36,79645.67,0.06,1.1,5.502,5.468,5.494,106738.1,102283.28,160929.97
2013-09-03,5.5,5.58,5.57,5.46,116660.63,0.08,1.46,5.512,5.486,5.495,115186.52,103447.06,150030.98
2013-09-04,5.58,5.67,5.58,5.52,136867.64,0.01,0.18,5.51,5.497,5.503,106353.01,107513.97,141088.17
2013-09-05,5.56,5.56,5.49,5.47,80631.13,-0.09,-1.61,5.512,5.503,5.512,101013.19,108771.36,138365.37
2013-09-06,5.49,5.54,5.51,5.46,66998.64,0.02,0.36,5.528,5.516,5.518,96160.74,105221.1,134184.92
2013-09-09,5.52,5.65,5.61,5.5,142278.2,0.1,1.81,5.552,5.527,5.508,108687.25,107712.67,121068.74
2013-09-10,5.62,5.77,5.73,5.6,199175.88,0.12,2.14,5.584,5.548,5.512,125190.3,120188.41,119738.99
2013-09-11,5.75,6.15,5.94,5.72,423189.72,0.21,3.67,5.656,5.583,5.528,182454.71,144403.86,130200.04
2013-09-12,5.9,5.97,5.91,5.83,161440.88,-0.03,-0.51,5.74,5.626,5.548,198616.66,149814.93,132483.45
2013-09-13,5.94,5.94,5.77,5.74,137627.47,-0.14,-2.37,5.792,5.66,5.564,212742.43,154451.59,129233.21
2013-09-16,5.77,5.82,5.73,5.72,66847.78,-0.04,-0.69,5.816,5.684,5.576,197656.35,153171.8,127727.54
2013-09-17,5.71,5.74,5.54,5.52,120354.66,-0.19,-3.32,5.778,5.681,5.584,181892.1,153541.2,128494.13
2013-09-18,5.52,5.61,5.55,5.48,74517.47,0.01,0.18,5.7,5.678,5.588,112157.65,147306.18,127410.07
2013-09-23,5.58,5.62,5.6,5.55,106997.2,0.05,0.9,5.638,5.689,5.596,101268.92,149942.79,129357.08
2013-09-24,5.59,5.59,5.53,5.51,78740.17,-0.07,-1.25,5.59,5.691,5.604,89491.46,151116.94,128169.02
2013-09-25,5.51,5.59,5.52,5.51,65421.74,-0.01,-0.18,5.548,5.682,5.605,89206.25,143431.3,125571.99
2013-09-26,5.5,5.57,5.42,5.42,65993.29,-0.1,-1.81,5.524,5.651,5.6,78333.97,130113.04,125150.72
2013-09-27,5.42,5.61,5.55,5.42,92869.6,0.13,2.4,5.524,5.612,5.598,82004.4,97081.03,120742.44
2013-09-30,5.57,5.59,5.55,5.51,49149.95,0.0,0.0,5.514,5.576,5.601,70434.95,85851.93,117833.43
2013-10-08,5.5,5.62,5.6,5.46,61207.42,0.05,0.9,5.528,5.559,5.61,66928.4,78209.93,116330.76
2013-10-09,5.6,5.6,5.57,5.52,66641.86,-0.03,-0.54,5.538,5.543,5.614,67172.42,78189.34,115680.57
2013-10-10,5.59,5.6,5.5,5.46,87677.85,-0.07,-1.26,5.554,5.539,5.61,71509.34,74921.66,114231.43
2013-10-11,5.52,5.59,5.56,5.51,72521.39,0.06,1.09,5.556,5.54,5.609,67439.69,74722.05,111014.12
2013-10-14,5.56,5.63,5.59,5.54,92091.96,0.03,0.54,5.564,5.539,5.614,76028.1,73231.52,111587.16
2013-10-15,5.61,5.63,5.57,5.53,75370.82,-0.02,-0.36,5.558,5.543,5.617,78860.78,72894.59,112005.77
2013-10-16,5.57,5.57,5.44,5.43,72496.19,-0.13,-2.33,5.532,5.535,5.609,80031.64,73602.03,108516.67
2013-10-17,5.47,5.68,5.53,5.43,159695.5,0.09,1.65,5.538,5.546,5.599,94435.17,82972.25,106542.65
2013-10-18,5.5,5.54,5.5,5.46,56313.73,-0.03,-0.54,5.526,5.541,5.577,91193.64,79316.67,88198.85
2013-10-21,5.5,5.6,5.58,5.43,120562.91,0.08,1.46,5.524,5.544,5.56,96887.83,86457.96,86154.95
2013-10-22,5.56,5.68,5.63,5.5,179080.73,0.05,0.9,5.536,5.547,5.553,117629.81,98245.29,88227.61
2013-10-23,5.61,5.7,5.59,5.55,144684.55,-0.04,-0.71,5.566,5.549,5.546,132067.48,106049.56,92119.45
2013-10-24,5.62,5.62,5.5,5.48,74714.07,-0.09,-1.61,5.56,5.549,5.544,115071.2,104753.19,89837.42
2013-10-25,5.5,5.55,5.38,5.33,74146.05,-0.12,-2.18,5.536,5.531,5.536,118637.66,104915.65,89818.85
2013-10-28,5.39,5.4,5.2,5.17,76793.51,-0.18,-3.35,5.46,5.492,5.516,109883.78,103385.81,88308.66
2013-10-29,5.26,5.3,5.14,5.04,90666.7,-0.06,-1.15,5.362,5.449,5.496,92200.98,104915.39,88904.99
2013-10-30,5.13,5.28,5.24,5.1,66519.56,0.1,1.95,5.292,5.429,5.482,76567.98,104317.73,88959.88
2013-10-31,5.24,5.26,5.22,5.2,54655.95,-0.02,-0.38,5.236,5.398,5.472,72556.35,93813.78,88393.01
2013-11-01,5.26,5.28,5.25,5.21,47339.52,0.03,0.57,5.21,5.373,5.457,67195.05,92916.36,86116.51
2013-11-04,5.29,5.32,5.25,5.22,38234.18,0.0,0.0,5.22,5.34,5.442,59483.18,84683.48,85570.72
2013-11-05,5.22,5.24,5.22,5.15,53844.8,-0.03,-0.57,5.236,5.299,5.423,52118.8,72159.89,85202.59
2013-11-06,5.2,5.35,5.24,5.17,71005.67,0.02,0.38,5.236,5.264,5.407,53016.02,64792.0,85420.78
2013-11-07,5.24,5.31,5.24,5.2,65763.14,0.0,0.0,5.24,5.238,5.394,55237.46,63896.91,84325.05
2013-11-08,5.26,5.26,5.17,5.14,46477.71,-0.07,-1.34,5.224,5.217,5.374,55065.1,61130.07,83022.86
2013-11-11,5.17,5.21,5.19,5.13,29217.53,0.02,0.39,5.212,5.216,5.354,53261.77,56372.48,79879.14
2013-11-12,5.19,5.33,5.29,5.17,85824.12,0.1,1.93,5.226,5.231,5.34,59657.63,55888.22,80401.81
2013-11-13,5.26,5.26,5.17,5.16,49970.46,-0.12,-2.27,5.212,5.224,5.327,55450.59,54233.31,79275.52
2013-11-14,5.18,5.27,5.22,5.18,52853.71,0.05,0.97,5.208,5.224,5.311,52868.71,54053.08,73933.43
2013-11-15,5.23,5.33,5.29,5.21,94658.73,0.07,1.34,5.232,5.228,5.301,62504.91,58785.01,75850.68
2013-11-18,5.28,5.4,5.39,5.28,113449.01,0.1,1.89,5.272,5.242,5.291,79351.21,66306.49,75494.99
2013-11-19,5.41,5.41,5.36,5.33,71803.38,-0.03,-0.56,5.286,5.256,5.278,76547.06,68102.35,70131.12
2013-11-20,5.4,5.41,5.37,5.33,62970.54,0.01,0.19,5.326,5.269,5.267,79147.07,67298.83,66045.42
2013-11-21,5.36,5.5,5.45,5.35,172989.02,0.08,1.49,5.372,5.29,5.264,103174.14,78021.42,70959.16
2013-11-22,5.5,5.67,5.55,5.45,197052.39,0.1,1.83,5.424,5.328,5.273,123652.87,93078.89,77104.48
2013-11-25,5.56,5.65,5.56,5.51,119049.21,0.01,0.18,5.458,5.365,5.291,124772.91,102062.06,79217.27
2013-11-26,5.56,5.56,5.43,5.42,70260.45,-0.13,-2.34,5.472,5.379,5.305,124464.32,100505.69,78196.95
2013-11-27,5.47,5.54,5.53,5.39,133139.06,0.1,1.84,5.504,5.415,5.32,138498.03,108822.55,81527.93
2013-11-28,5.59,5.74,5.59,5.59,202855.59,0.06,1.08,5.532,5.452,5.338,144471.34,123822.74,88937.91
2013-11-29,5.59,5.6,5.55,5.53,83033.53,-0.04,-0.72,5.532,5.478,5.353,121667.57,122660.22,90722.61
2013-12-02,5.45,5.53,5.42,5.36,111613.22,-0.13,-2.34,5.504,5.481,5.362,120180.37,122476.64,94391.56
2013-12-03,5.41,5.52,5.5,5.4,92853.89,0.08,1.48,5.518,5.495,5.376,124699.06,124581.69,96342.02
2013-12-04,5.49,5.63,5.62,5.47,142186.3,0.12,2.18,5.536,5.52,5.395,126508.51,132503.27,99901.05
2013-12-05,5.62,5.73,5.58,5.57,134360.12,-0.04,-0.71,5.534,5.533,5.412,112809.41,128640.38,103330.9
2013-12-06,5.56,5.58,5.58,5.53,76450.31,0.0,0.0,5.54,5.536,5.432,111492.77,116580.17,104829.53
2013-12-09,5.58,5.63,5.58,5.55,60720.04,0.0,0.0,5.572,5.538,5.452,101314.13,110747.25,106404.65
2013-12-10,5.59,5.64,5.54,5.52,69174.01,-0.04,-0.72,5.58,5.549,5.464,96578.16,110638.61,105572.15
2013-12-11,5.51,5.53,5.41,5.37,81564.38,-0.13,-2.35,5.538,5.537,5.476,84453.77,105481.14,107151.84
2013-12-12,5.4,5.43,5.41,5.35,60240.07,0.0,0.0,5.504,5.519,5.486,69629.76,91219.59,107521.16
2013-12-13,5.35,5.41,5.37,5.34,46649.48,-0.04,-0.74,5.462,5.501,5.49,63669.6,87581.18,105120.7
2013-12-16,5.37,5.38,5.24,5.24,64633.98,-0.13,-2.42,5.394,5.483,5.482,64452.38,82883.26,102679.95
2013-12-17,5.24,5.25,5.18,5.12,62019.72,-0.06,-1.15,5.322,5.451,5.473,63021.53,79799.84,102190.77
2013-12-18,5.2,5.2,5.15,5.13,52091.22,-0.03,-0.58,5.27,5.404,5.462,57126.89,70790.33,101646.8
2013-12-19,5.16,5.25,5.16,5.15,52241.82,0.01,0.19,5.22,5.362,5.448,55527.24,62578.5,95609.44
2013-12-20,5.16,5.21,5.06,5.02,70318.19,-0.1,-1.94,5.158,5.31,5.423,60260.99,61965.29,89272.73
2013-12-23,5.08,5.11,5.02,4.95,39755.28,-0.04,-0.79,5.114,5.254,5.396,55285.25,59868.81,85308.03
2013-12-24,5.02,5.32,5.22,5.02,114591.75,0.2,3.98,5.122,5.222,5.386,65799.65,64410.59,87524.6
2013-12-25,5.19,5.24,5.22,5.11,73192.82,0.0,0.0,5.136,5.203,5.37,70019.97,63573.43,84527.29
2013-12-26,5.16,5.29,5.26,5.08,111181.63,0.04,0.77,5.156,5.188,5.354,81807.93,68667.59,79943.59
2013-12-27,5.21,5.3,5.27,5.18,72638.8,0.01,0.19,5.198,5.178,5.34,82272.06,71266.52,79423.85
2013-12-30,5.25,5.27,5.21,5.18,47158.85,-0.06,-1.14,5.236,5.175,5.329,83752.77,69519.01,76201.13
2013-12-31,5.16,5.35,5.26,5.16,77375.05,0.05,0.96,5.244,5.183,5.317,76309.43,71054.54,75427.19
2014-01-02,5.24,5.25,5.1,5.07,97535.09,-0.16,-3.04,5.22,5.178,5.291,81177.88,75598.93,73194.63
2014-01-03,5.06,5.07,5.03,5.01,55782.4,-0.07,-1.37,5.174,5.165,5.264,70098.04,75952.99,69265.74
2014-01-06,5.0,5.02,4.88,4.87,63840.43,-0.15,-2.98,5.096,5.147,5.229,68338.36,75305.21,68635.25
2014-01-07,4.88,4.92,4.86,4.82,33491.86,-0.02,-0.41,5.026,5.131,5.193,65604.97,74678.87,67273.84
2014-01-08,4.87,4.89,4.76,4.74,77907.13,-0.1,-2.06,4.926,5.085,5.154,65711.38,71010.41,67710.5
2014-01-09,4.76,4.82,4.65,4.64,110417.86,-0.11,-2.31,4.836,5.028,5.116,68287.94,74732.91,69153.17
2014-01-10,4.62,4.65,4.55,4.51,133130.2,-0.1,-2.15,4.74,4.957,5.073,83757.5,76927.77,72797.68
2014-01-13,4.55,4.61,4.54,4.52,73360.74,-0.01,-0.22,4.672,4.884,5.031,85661.56,76999.96,74133.24
2014-01-14,4.52,4.54,4.54,4.44,116242.86,0.0,0.0,4.608,4.817,4.996,102211.76,83908.36,76713.69
2014-01-15,4.53,4.53,4.48,4.45,50464.45,-0.06,-1.32,4.552,4.739,4.961,96723.22,81217.3,76135.92
2014-01-16,4.49,4.57,4.52,4.43,80276.83,0.04,0.89,4.526,4.681,4.93,90695.02,79491.48,77545.2
2014-01-17,4.49,4.51,4.35,4.33,72079.97,-0.17,-3.76,4.486,4.613,4.889,78484.97,81121.23,78537.11
2014-01-20,4.34,4.35,4.28,4.26,59651.25,-0.07,-1.61,4.434,4.553,4.85,75743.07,80702.32,78003.76
2014-01-21,4.29,4.35,4.32,4.28,48779.26,0.04,0.94,4.39,4.499,4.815,62250.35,82231.06,78454.96
2014-01-22,4.33,4.45,4.44,4.3,69601.13,0.12,2.78,4.382,4.467,4.776,66077.69,81400.45,76205.43
2014-01-23,4.45,4.45,4.4,4.39,51168.52,-0.04,-0.9,4.358,4.442,4.735,60256.03,75475.52,75104.22
2014-01-24,4.38,4.5,4.47,4.37,62595.65,0.07,1.59,4.382,4.434,4.696,58359.16,68422.07,72674.92
2014-01-27,4.43,4.48,4.46,4.39,59095.83,-0.01,-0.22,4.418,4.426,4.655,58248.08,66995.58,71997.77
2014-01-28,4.44,4.48,4.42,4.42,35889.22,-0.04,-0.9,4.438,4.414,4.616,55670.07,58960.21,71434.29
2014-01-29,4.42,4.45,4.4,4.4,36870.71,-0.02,-0.45,4.43,4.406,4.573,49123.99,57600.84,69409.07
2014-01-30,4.4,4.42,4.3,4.29,38999.56,-0.1,-2.27,4.41,4.384,4.533,46690.19,53473.11,66482.29
2014-02-07,4.3,4.38,4.37,4.28,47623.15,0.07,1.63,4.39,4.386,4.5,43695.69,51027.43,66074.33
2014-02-10,4.36,4.47,4.46,4.36,79646.8,0.09,2.06,4.39,4.404,4.479,47805.89,53026.98,66864.65
2014-02-11,4.45,4.69,4.57,4.38,161974.45,0.11,2.47,4.42,4.429,4.464,73022.93,64346.5,73288.78
2014-02-12,4.53,4.55,4.53,4.5,82619.38,-0.04,-0.88,4.446,4.438,4.453,82172.67,65648.33,73524.39
2014-02-13,4.53,4.6,4.52,4.4,92636.54,-0.01,-0.22,4.49,4.45,4.446,92900.06,69795.13,72635.33
2014-02-14,4.52,4.55,4.52,4.46,81052.57,0.0,0.0,4.52,4.455,4.445,99585.95,71640.82,70031.44
2014-02-17,4.54,4.59,4.56,4.5,129435.68,0.04,0.89,4.54,4.465,4.446,109543.72,78674.81,72835.19
2014-02-18,4.55,4.56,4.47,4.43,88434.47,-0.09,-1.97,4.52,4.47,4.442,94835.73,83929.33,71444.77
2014-02-19,4.47,4.52,4.49,4.43,72640.39,0.02,0.45,4.512,4.479,4.443,92839.93,87506.3,72553.57
2014-02-20,4.5,4.58,4.51,4.49,148828.27,0.02,0.45,4.51,4.5,4.442,104078.28,98489.17,75981.14
2014-02-21,4.52,4.52,4.4,4.38,88910.15,-0.11,-2.44,4.486,4.503,4.445,105649.79,102617.87,76822.65
2014-02-24,4.34,4.35,4.21,4.19,122490.03,-0.19,-4.32,4.416,4.478,4.441,104260.66,106902.19,79964.59
2014-02-25,4.21,4.23,4.09,4.08,79369.66,-0.12,-2.85,4.34,4.43,4.43,102447.7,98641.71,81494.11
2014-02-26,4.08,4.12,4.1,4.0,101334.51,0.01,0.24,4.262,4.387,4.413,108186.52,100513.23,83080.78
2014-02-27,4.1,4.11,4.0,4.0,88467.24,-0.1,-2.44,4.16,4.335,4.393,96114.32,100096.3,84945.71
2014-02-28,4.0,4.03,4.02,3.94,81438.54,0.02,0.5,4.084,4.285,4.37,94620.0,100134.89,85887.86
2014-03-03,4.0,4.09,4.01,3.99,81330.3,-0.01,-0.25,4.044,4.23,4.348,86388.05,95324.36,86999.58
2014-03-04,4.0,4.01,3.98,3.93,83551.63,-0.03,-0.75,4.022,4.181,4.326,87224.44,94836.07,89382.7
2014-03-05,3.98,4.08,4.03,3.96,121175.59,0.05,1.26,4.008,4.135,4.307,91192.66,99689.59,93597.95
2014-03-06,4.01,4.02,3.99,3.93,64800.29,-0.04,-0.99,4.006,4.083,4.292,86459.27,91286.79,94887.98
2014-03-07,3.98,4.01,3.94,3.94,66289.12,-0.05,-1.25,3.99,4.037,4.27,83429.39,89024.69,95821.28
2014-03-10,3.89,3.9,3.76,3.74,104091.66,-0.18,-4.57,3.94,3.992,4.235,87981.66,87184.85,97043.52
2014-03-11,3.75,3.85,3.8,3.73,68176.11,0.04,1.06,3.904,3.963,4.197,84906.55,86065.5,92353.61
2014-03-12,3.78,3.87,3.85,3.76,88977.43,0.05,1.32,3.868,3.938,4.163,78466.92,84829.79,92671.51
2014-03-13,3.85,3.97,3.92,3.81,119873.56,0.07,1.82,3.854,3.93,4.133,89481.58,87970.42,94033.36
2014-03-14,3.86,3.9,3.84,3.82,62069.85,-0.08,-2.04,3.834,3.912,4.099,88637.72,86033.55,93084.22
2014-03-17,3.84,3.94,3.91,3.84,66947.83,0.07,1.82,3.864,3.902,4.066,81208.96,84595.31,89959.83
2014-03-18,3.9,3.93,3.89,3.88,45180.35,-0.02,-0.51,3.882,3.893,4.037,76609.8,80758.18,87797.13
2014-03-19,3.88,3.89,3.88,3.78,84264.66,-0.01,-0.26,3.888,3.878,4.007,75667.25,77067.09,88378.34
2014-03-20,3.86,3.88,3.8,3.78,71366.27,-0.08,-2.06,3.864,3.859,3.971,65965.79,77723.68,84505.24
2014-03-21,3.79,4.06,4.03,3.77,240821.55,0.23,6.05,3.902,3.868,3.953,101716.13,95176.93,92100.81
2014-03-24,4.06,4.12,4.08,3.98,177247.05,0.05,1.24,3.936,3.9,3.946,123775.98,102492.47,94838.66
2014-03-25,4.04,4.12,4.06,4.02,120099.82,-0.02,-0.49,3.97,3.926,3.945,138759.87,107684.84,96875.17
2014-03-26,4.07,4.1,4.04,4.02,67772.46,-0.02,-0.49,4.002,3.945,3.942,135461.43,105564.34,95197.07
2014-03-27,4.03,4.12,4.05,4.0,94149.51,0.01,0.25,4.052,3.958,3.944,140018.08,102991.94,95481.18
2014-03-28,4.05,4.09,4.03,4.01,80663.22,-0.02,-0.49,4.052,3.977,3.945,107986.41,104851.27,95442.41
2014-03-31,4.04,4.05,3.96,3.93,74191.15,-0.07,-1.74,4.028,3.982,3.942,87375.23,105575.6,95085.46
2014-04-01,3.95,4.01,3.99,3.94,49061.81,0.03,0.76,4.014,3.992,3.943,73167.63,105963.75,93360.96
2014-04-02,4.0,4.12,4.06,3.97,117691.72,0.07,1.75,4.018,4.01,3.944,83151.48,109306.46,93186.77
2014-04-03,4.08,4.1,4.01,4.0,80381.72,-0.05,-1.23,4.01,4.031,3.945,80397.92,110208.0,93965.84
2014-04-04,3.98,4.03,4.03,3.96,70428.5,0.02,0.5,4.01,4.031,3.95,78350.98,93168.7,94172.81
2014-04-08,4.01,4.2,4.15,4.01,169428.02,0.12,2.98,4.048,4.038,3.969,97398.35,92386.79,97439.63
2014-04-09,4.13,4.15,4.12,4.1,69747.24,-0.03,-0.72,4.074,4.044,3.985,101535.44,87351.54,97518.19
2014-04-10,4.13,4.25,4.2,4.08,175891.62,0.08,1.94,4.102,4.06,4.003,113175.42,98163.45,101863.9
2014-04-11,4.17,4.2,4.17,4.15,78388.12,-0.03,-0.71,4.134,4.072,4.015,112776.7,96587.31,99789.62
2014-04-14,4.16,4.22,4.18,4.16,78649.89,0.01,0.24,4.164,4.087,4.032,114420.98,96385.98,100618.63
2014-04-15,4.18,4.18,4.09,4.08,68999.09,-0.09,-2.15,4.152,4.1,4.041,94335.19,95866.77,100721.19
2014-04-16,4.07,4.14,4.09,4.07,38528.44,0.0,0.0,4.146,4.11,4.051,88091.43,94813.44,100388.59
2014-04-17,4.09,4.12,4.06,4.05,54960.11,-0.03,-0.73,4.118,4.11,4.06,63905.13,88540.28,98923.37
2014-04-18,4.04,4.09,4.03,4.0,67177.71,-0.03,-0.74,4.09,4.112,4.072,61663.05,87219.87,98713.94
2014-04-21,4.0,4.04,3.93,3.89,95700.36,-0.1,-2.48,4.04,4.102,4.067,65073.14,89747.06,91457.88
2014-04-22,3.91,3.95,3.94,3.9,50175.38,0.01,0.25,4.01,4.081,4.06,61308.4,77821.8,85104.29
2014-04-23,3.93,3.97,3.92,3.9,63112.52,-0.02,-0.51,3.976,4.061,4.053,66225.22,77158.32,82254.93
2014-04-24,3.91,3.95,3.91,3.9,53158.12,-0.01,-0.26,3.946,4.032,4.046,65864.82,64884.97,81524.21
2014-04-25,3.93,3.93,3.83,3.82,45341.14,-0.08,-2.05,3.906,3.998,4.035,61497.5,61580.28,79083.79
2014-04-28,3.82,3.91,3.79,3.75,90823.11,-0.04,-1.04,3.878,3.959,4.023,60522.05,62797.6,79591.79
2014-04-29,3.79,3.91,3.9,3.78,77035.98,0.11,2.9,3.87,3.94,4.02,65894.17,63601.29,79734.03
2014-04-30,3.9,3.91,3.86,3.85,49300.65,-0.04,-1.03,3.858,3.917,4.014,63131.8,64678.51,79745.97
2014-05-05,3.86,3.87,3.86,3.78,53250.05,0.0,0.0,3.848,3.897,4.004,63150.19,64507.5,76523.89
2014-05-06,3.84,3.88,3.84,3.82,40711.71,-0.02,-0.52,3.85,3.878,3.995,62224.3,61860.9,74540.39
2014-05-07,3.83,3.85,3.8,3.79,38437.95,-0.04,-1.04,3.852,3.865,3.984,51747.27,56134.66,72940.86
2014-05-08,3.8,3.98,3.9,3.79,121629.64,0.1,2.63,3.852,3.861,3.971,60666.0,63280.09,70550.94
2014-05-09,3.89,3.99,3.96,3.86,106461.32,0.06,1.54,3.872,3.865,3.963,72098.13,67614.97,72386.65
2014-05-12,3.99,4.38,4.38,3.95,519625.12,0.4,10.05,3.976,3.912,3.972,165373.15,114261.67,89573.32
2014-05-13,4.4,4.48,4.23,4.16,427568.56,-0.15,-3.42,4.054,3.952,3.975,242744.52,152484.41,107032.34
2014-05-14,4.18,4.27,4.18,4.13,183773.47,-0.05,-1.18,4.13,3.991,3.975,271811.62,161779.44,112288.52
2014-05-15,4.17,4.18,4.08,4.05,145727.38,-0.1,-2.39,4.166,4.009,3.975,276631.17,168648.58,116124.94
2014-05-16,4.06,4.1,4.1,4.03,85946.1,0.02,0.49,4.194,4.033,3.975,272528.13,172313.13,118495.82
2014-05-19,4.07,4.08,4.03,3.98,76406.75,-0.07,-1.71,4.124,4.05,3.974,183884.45,174628.8,119568.15
2014-05-20,4.04,4.07,4.0,3.99,52982.0,-0.03,-0.74,4.078,4.066,3.972,108967.14,175855.83,118858.37
2014-05-21,4.0,4.14,4.09,3.98,121054.58,0.09,2.25,4.06,4.095,3.98,96423.36,184117.49,120126.08
2014-05-22,4.08,4.13,4.05,4.03,67018.45,-0.04,-0.98,4.054,4.11,3.986,80681.58,178656.37,120968.23
2014-05-23,4.03,4.07,4.05,4.02,37966.12,0.0,0.0,4.044,4.119,3.992,71085.58,171806.85,119710.91
2014-05-26,4.1,4.1,4.09,4.05,38795.31,0.04,0.99,4.056,4.09,4.001,63563.29,123723.87,118992.77
2014-05-27,4.09,4.09,4.04,4.04,32199.86,-0.05,-1.22,4.064,4.071,4.012,59406.86,84187.0,118335.71
2014-05-28,4.05,4.11,4.1,4.03,66412.23,0.06,1.49,4.066,4.063,4.027,48478.39,72450.88,117115.16
2014-05-29,4.1,4.1,4.02,4.01,52881.16,-0.08,-1.95,4.06,4.057,4.033,45650.94,63166.26,115907.42
2014-05-30,4.02,4.06,4.01,4.0,44871.6,-0.01,-0.25,4.052,4.048,4.041,47032.03,59058.81,115685.97
2014-06-03,4.01,4.06,4.02,4.01,32996.43,0.01,0.25,4.038,4.047,4.049,45872.26,54717.77,114673.29
2014-06-04,4.02,4.04,3.99,3.97,35346.9,-0.03,-0.75,4.028,4.046,4.056,46501.66,52954.26,114405.05
2014-06-05,3.99,4.01,3.99,3.95,29277.73,0.0,0.0,4.006,4.036,4.066,39074.76,43776.58,113947.04
2014-06-06,4.0,4.01,3.94,3.9,40404.1,-0.05,-1.25,3.99,4.025,4.068,36579.35,41115.14,109885.76
2014-06-09,3.94,4.0,3.95,3.91,42572.84,0.01,0.25,3.978,4.015,4.067,36119.6,41575.82,106691.33
2014-06-10,3.96,4.0,3.99,3.95,57279.58,0.04,1.01,3.972,4.005,4.048,40976.23,43424.24,83574.06
2014-06-11,3.98,4.02,4.0,3.97,38398.85,0.01,0.25,3.974,4.001,4.036,41586.62,44044.14,64115.57
2014-06-12,3.98,4.03,3.98,3.97,45106.22,-0.02,-0.5,3.972,3.989,4.026,44752.32,41913.54,57182.21
2014-06-13,3.98,4.18,4.15,3.98,228768.7,0.17,4.27,4.014,4.002,4.03,82425.24,59502.3,61334.28
2014-06-16,4.18,4.18,4.1,4.1,81801.05,-0.05,-1.21,4.044,4.011,4.03,90270.88,63195.24,61127.02
2014-06-17,4.09,4.1,4.04,4.03,77226.99,-0.06,-1.46,4.054,4.013,4.03,94260.36,67618.3,61168.04
2014-06-18,4.07,4.11,4.09,4.03,73440.13,0.05,1.24,4.072,4.023,4.035,101268.62,71427.62,62190.94
2014-06-19,4.08,4.09,3.97,3.94,75913.86,-0.12,-2.93,4.07,4.021,4.029,107430.15,76091.23,59933.91
2014-06-20,3.98,4.05,4.0,3.97,32049.4,0.03,0.76,4.04,4.027,4.026,68086.29,75255.76,58185.45
2014-06-23,3.99,4.08,4.03,3.98,36073.67,0.03,0.75,4.026,4.035,4.025,58940.81,74605.85,58090.83
2014-06-24,4.01,4.08,4.05,4.01,38582.42,0.02,0.5,4.028,4.041,4.023,51211.9,72736.13,58080.19
2014-06-25,4.06,4.12,4.04,3.95,100419.33,-0.01,-0.25,4.018,4.045,4.023,56607.74,78938.18,61491.16
2014-06-26,4.03,4.07,4.05,4.01,40845.63,0.01,0.25,4.034,4.052,4.021,49594.09,78512.12,60212.83
2014-06-27,4.04,4.08,4.05,4.01,68266.73,0.0,0.0,4.044,4.042,4.022,56837.56,62461.92,60982.11
2014-06-30,4.05,4.07,4.04,4.01,64280.06,-0.01,-0.25,4.046,4.036,4.024,62478.83,60709.82,61952.53
2014-07-01,4.05,4.08,4.04,4.01,71557.44,0.0,0.0,4.044,4.036,4.025,69073.84,60142.87,63880.58
2014-07-02,4.05,4.12,4.09,4.01,128906.55,0.05,1.24,4.054,4.036,4.03,74771.28,65689.51,68558.56
2014-07-03,4.07,4.11,4.09,4.06,93957.47,0.0,0.0,4.062,4.048,4.035,85393.65,67493.87,71792.55
2014-07-04,4.09,4.1,4.08,4.05,63571.38,-0.01,-0.24,4.068,4.056,4.042,84454.58,70646.07,72950.92
2014-07-07,4.07,4.09,4.07,4.04,117796.76,-0.01,-0.24,4.074,4.06,4.048,95157.92,78818.38,76712.11
2014-07-08,4.06,4.07,4.04,4.03,64401.31,-0.03,-0.74,4.074,4.059,4.05,93726.69,81400.27,77068.2
2014-07-09,4.04,4.07,4.02,4.0,94393.61,-0.02,-0.49,4.06,4.057,4.051,86824.11,80797.69,79867.94
2014-07-10,4.02,4.05,4.03,3.99,83989.75,0.01,0.25,4.048,4.055,4.054,84830.56,85112.11,81812.11
2014-07-11,3.96,3.98,3.95,3.94,95302.36,0.0,0.0,4.022,4.045,4.044,91176.76,87815.67,75138.8
2014-07-14,3.95,3.99,3.99,3.93,59268.88,0.04,1.01,4.006,4.04,4.038,79471.18,87314.55,74012.19
2014-07-15,3.99,4.04,4.02,3.96,208240.42,0.03,0.75,4.002,4.038,4.037,108239.0,100982.85,80562.86
2014-07-16,4.0,4.02,4.0,3.97,146959.94,-0.02,-0.5,3.998,4.029,4.033,118752.27,102788.19,84238.85
2014-07-17,4.0,4.01,3.96,3.95,90561.91,-0.04,-1.0,3.984,4.016,4.032,120066.7,102448.63,84971.25
2014-07-18,3.97,4.01,3.99,3.95,88958.43,0.03,0.76,3.992,4.007,4.032,118797.92,104987.34,87816.7
2014-07-21,3.98,3.99,3.95,3.94,69755.44,-0.04,-1.0,3.984,3.995,4.028,120895.23,100183.21,89500.79
2014-07-22,3.95,4.04,4.02,3.95,211243.23,0.07,1.77,3.984,3.993,4.026,121495.79,114867.4,98133.83
2014-07-23,4.02,4.09,4.05,4.02,203346.66,0.03,0.75,3.994,3.996,4.027,132773.13,125762.7,103280.2
2014-07-24,4.05,4.18,4.14,4.05,355319.53,0.09,2.22,4.03,4.007,4.031,185724.66,152895.68,119003.89
2014-07-25,4.14,4.23,4.19,4.1,284055.94,0.05,1.21,4.07,4.031,4.038,224744.16,171771.04,129793.35
2014-07-28,4.21,4.4,4.3,4.18,397591.06,0.11,2.62,4.14,4.062,4.051,290311.28,205603.26,146458.9
2014-07-29,4.3,4.35,4.27,4.25,215768.53,-0.03,-0.7,4.19,4.087,4.063,291216.34,206356.07,153669.46
2014-07-30,4.26,4.36,4.26,4.24,226104.53,-0.01,-0.23,4.232,4.113,4.071,295767.92,214270.53,158529.36
2014-07-31,4.25,4.35,4.34,4.24,233829.16,0.08,1.88,4.272,4.151,4.084,271469.84,228597.25,165522.94
2014-08-01,4.31,4.47,4.31,4.29,366352.56,-0.03,-0.69,4.296,4.183,4.095,287929.17,256336.66,180662.0
2014-08-04,4.32,4.46,4.45,4.28,323838.34,0.14,3.25,4.326,4.233,4.114,273178.62,281744.95,190964.08
2014-08-05,4.46,4.62,4.49,4.43,414130.22,0.04,0.9,4.37,4.28,4.137,312850.96,302033.65,208450.53
2014-08-06,4.48,4.54,4.53,4.4,267725.47,0.04,0.89,4.424,4.328,4.162,321175.15,308471.53,217117.12
2014-08-07,4.53,4.59,4.43,4.4,267368.66,-0.1,-2.21,4.442,4.357,4.182,327883.05,299676.45,226286.06
2014-08-08,4.4,4.47,4.4,4.36,250359.02,-0.03,-0.68,4.46,4.378,4.205,304684.34,296306.76,234038.9
2014-08-11,4.41,4.46,4.44,4.38,327009.75,0.04,0.91,4.458,4.392,4.227,305318.62,289248.62,247425.94
2014-08-12,4.43,4.44,4.43,4.36,278282.09,-0.01,-0.23,4.446,4.408,4.248,278149.0,295499.98,250928.02
2014-08-13,4.41,4.54,4.53,4.36,451413.59,0.1,2.26,4.446,4.435,4.274,314886.62,318030.89,266150.71
2014-08-14,4.5,4.52,4.4,4.38,259090.34,-0.13,-2.87,4.44,4.441,4.296,313230.96,320557.0,274577.13
2014-08-15,4.41,4.48,4.44,4.37,179636.02,0.04,0.91,4.448,4.454,4.319,299086.36,301885.35,279111.01
2014-08-18,4.44,4.49,4.45,4.43,187715.42,0.01,0.23,4.45,4.454,4.344,271227.49,288273.06,285009.01
2014-08-19,4.45,4.55,4.47,4.43,309747.22,0.02,0.45,4.458,4.452,4.366,277520.52,277834.76,289934.21
2014-08-20,4.46,4.47,4.43,4.4,145258.08,-0.04,-0.9,4.438,4.442,4.385,216289.42,265588.02,287029.78
2014-08-21,4.43,4.44,4.38,4.36,147575.75,-0.05,-1.13,4.434,4.437,4.397,193986.5,253608.73,276642.59
2014-08-22,4.39,4.42,4.4,4.36,125333.47,0.02,0.46,4.426,4.437,4.408,183125.99,241106.17,268706.46
2014-08-25,4.4,4.41,4.31,4.29,150835.69,-0.09,-2.04,4.398,4.424,4.408,175750.04,223488.77,256368.7
2014-08-26,4.3,4.35,4.19,4.18,201620.59,-0.12,-2.78,4.342,4.4,4.404,154124.72,215822.62,255661.3
2014-08-27,4.2,4.22,4.18,4.17,156925.77,-0.01,-0.24,4.292,4.365,4.4,156458.25,186373.84,252202.36
2014-08-28,4.2,4.26,4.21,4.18,145221.28,0.03,0.72,4.258,4.346,4.394,155987.36,174986.93,247771.97
2014-08-29,4.19,4.24,4.23,4.17,97193.29,0.02,0.47,4.224,4.325,4.39,150359.32,166742.66,234314.0
2014-09-01,4.23,4.29,4.28,4.21,197801.23,0.05,1.18,4.218,4.308,4.381,159752.43,167751.24,228012.15
2014-09-02,4.28,4.35,4.34,4.25,233217.02,0.06,1.4,4.248,4.295,4.374,166071.72,160098.22,218966.49
2014-09-03,4.32,4.42,4.38,4.32,272143.56,0.04,0.92,4.288,4.29,4.366,189115.28,172786.77,219187.39
2014-09-04,4.39,4.4,4.39,4.35,156665.94,0.01,0.23,4.324,4.291,4.364,191404.21,173695.78,213652.26
2014-09-05,4.39,4.45,4.43,4.37,234613.73,0.04,0.91,4.364,4.294,4.366,218888.3,184623.81,212864.99
2014-09-09,4.43,4.48,4.47,4.41,242597.5,0.04,0.9,4.402,4.31,4.367,227847.55,193799.99,208644.38
2014-09-10,4.46,4.46,4.43,4.41,140185.45,-0.04,-0.9,4.42,4.334,4.367,209241.24,187656.48,201739.55
2014-09-11,4.43,4.48,4.39,4.38,244883.61,-0.04,-0.9,4.422,4.355,4.36,203789.25,196452.26,191413.05
2014-09-12,4.39,4.44,4.44,4.35,210202.92,0.05,1.14,4.432,4.378,4.362,214496.64,202950.43,188968.68
2014-09-15,4.44,4.53,4.52,4.42,358875.28,0.08,1.8,4.45,4.407,4.366,239348.95,229118.62,197930.64
2014-09-16,4.52,4.63,4.44,4.44,480982.97,-0.08,-1.77,4.444,4.423,4.366,287026.05,257436.8,212594.02
2014-09-17,4.42,4.5,4.47,4.4,232559.98,0.03,0.68,4.452,4.436,4.366,305500.95,257371.09,208734.66
2014-09-18,4.48,4.62,4.57,4.45,382878.97,0.1,2.24,4.488,4.455,4.373,333100.02,268444.63,220615.7
2014-09-19,4.56,4.61,4.58,4.52,311144.53,0.01,0.22,4.516,4.474,4.383,353288.35,283892.49,228794.14
2014-09-22,4.58,4.59,4.53,4.51,323100.72,-0.05,-1.09,4.518,4.484,4.389,346133.43,292741.19,238682.5
2014-09-23,4.51,4.57,4.55,4.51,175495.92,0.02,0.44,4.54,4.492,4.401,285036.02,286031.04,239915.51
2014-09-24,4.54,4.72,4.68,4.53,508958.31,0.13,2.86,4.582,4.517,4.426,340315.69,322908.32,255282.4
2014-09-25,4.71,4.77,4.72,4.66,590584.31,0.04,0.85,4.612,4.55,4.453,381856.76,357478.39,276965.33
2014-09-26,4.68,4.75,4.7,4.65,206849.61,-0.02,-0.42,4.636,4.576,4.477,360997.77,357143.06,280046.74
2014-09-29,4.72,4.84,4.83,4.69,358372.81,0.13,2.77,4.696,4.607,4.507,368052.19,357092.81,293105.72
2014-09-30,4.93,5.03,4.88,4.86,671760.06,0.05,1.03,4.762,4.651,4.537,467305.02,376170.52,316803.66
2014-10-08,4.91,4.92,4.9,4.83,302733.78,0.02,0.41,4.806,4.694,4.565,426060.11,383187.9,320279.5
2014-10-09,4.87,5.0,4.97,4.81,411559.72,0.07,1.43,4.856,4.734,4.595,390255.2,386055.98,327250.31
2014-10-10,5.01,5.07,4.93,4.9,327962.97,-0.04,-0.81,4.902,4.769,4.622,414477.87,387737.82,335815.16
2014-10-13,4.94,5.05,5.03,4.86,364056.88,0.1,2.03,4.942,4.819,4.652,415614.68,391833.44,342287.32
2014-10-14,5.03,5.03,4.91,4.88,276323.66,-0.12,-2.39,4.948,4.855,4.674,336527.4,401916.21,343973.62
2014-10-15,4.92,4.93,4.87,4.82,198579.56,-0.04,-0.81,4.942,4.874,4.696,315696.56,370878.34,346893.33
2014-10-16,4.83,4.91,4.79,4.78,210665.05,-0.08,-1.64,4.906,4.881,4.716,275517.62,332886.41,345182.4
2014-10-17,4.77,4.83,4.69,4.66,331771.09,-0.1,-2.09,4.858,4.88,4.728,276279.25,345378.56,351260.81
2014-10-20,4.7,4.74,4.73,4.68,146438.86,0.04,0.85,4.798,4.87,4.739,232755.64,324185.16,340638.99
2014-10-21,4.71,4.75,4.68,4.67,143439.22,-0.05,-1.06,4.752,4.85,4.751,206178.76,271353.08,323761.8
2014-10-22,4.69,4.71,4.62,4.61,131055.98,-0.06,-1.28,4.702,4.822,4.758,192674.04,254185.3,318686.6
2014-10-23,4.61,4.63,4.54,4.49,165409.11,-0.08,-1.73,4.652,4.779,4.757,183622.85,229570.24,307813.11
2014-10-24,4.53,4.56,4.51,4.49,109714.82,-0.03,-0.66,4.616,4.737,4.753,139211.6,207745.42,297741.62
2014-10-27,4.5,4.53,4.51,4.45,85240.21,0.0,0.0,4.572,4.685,4.752,126971.87,179863.76,285848.6
2014-10-28,4.51,4.63,4.62,4.5,148424.09,0.11,2.44,4.56,4.656,4.756,127968.84,167073.8,284495.01
2014-10-29,4.64,4.74,4.7,4.6,194650.84,0.08,1.73,4.576,4.639,4.757,140687.81,166680.93,268779.63
2014-10-30,4.7,4.8,4.77,4.65,216218.19,0.07,1.49,4.622,4.637,4.759,150849.63,167236.24,250061.33
2014-10-31,4.8,4.92,4.85,4.71,413596.62,0.08,1.68,4.69,4.653,4.767,211625.99,175418.79,260398.68
2014-11-03,4.85,4.95,4.92,4.83,369599.44,0.07,1.44,4.772,4.672,4.771,268497.84,197734.85,260960.01
2014-11-04,4.9,5.15,5.1,4.84,731920.81,0.18,3.66,4.868,4.714,4.782,385197.18,256583.01,263968.05
2014-11-05,5.04,5.07,4.95,4.9,455862.56,-0.15,-2.94,4.918,4.747,4.785,437439.52,289063.67,271624.48
2014-11-06,4.94,4.99,4.97,4.88,283016.5,0.02,0.4,4.958,4.79,4.785,450799.19,300824.41,265197.32
2014-11-07,4.95,5.05,4.98,4.92,412343.69,0.01,0.2,4.984,4.837,4.787,450548.6,331087.3,269416.36
2014-11-10,4.96,5.11,5.1,4.93,415789.78,0.12,2.41,5.02,4.896,4.791,459786.67,364142.25,272003.0
2014-11-11,5.08,5.25,5.01,4.85,652495.44,-0.09,-1.76,5.002,4.935,4.796,443901.59,414549.39,290811.59
2014-11-12,4.99,5.14,5.09,4.94,413392.94,0.08,1.6,5.03,4.974,4.807,435407.67,436423.6,301552.26
2014-11-13,5.12,5.2,5.1,4.94,385966.25,0.01,0.2,5.056,5.007,4.822,455997.62,453398.4,310317.32
2014-11-14,5.1,5.16,5.13,5.02,345536.69,0.03,0.59,5.086,5.035,4.844,442636.22,446592.41,311005.6
2014-11-17,5.18,5.19,5.05,5.01,246021.41,-0.08,-1.56,5.076,5.048,4.86,408682.55,434234.61,315984.73
2014-11-18,5.02,5.04,4.93,4.89,217807.02,-0.12,-2.38,5.06,5.031,4.873,321744.86,382823.23,319703.12
2014-11-19,4.92,4.96,4.94,4.9,108101.98,0.01,0.2,5.03,5.03,4.889,260686.67,348047.17,318555.42
2014-11-20,4.94,4.98,4.93,4.93,125154.49,-0.01,-0.2,4.996,5.026,4.908,208524.32,332260.97,316542.69
2014-11-21,4.93,5.01,4.98,4.91,193736.17,0.05,1.01,4.966,5.026,4.932,178164.21,310400.22,320743.76
2014-11-24,5.02,5.14,5.05,4.96,513323.53,0.07,1.41,4.966,5.021,4.959,231624.64,320153.59,342147.92
2014-11-25,5.06,5.19,5.18,5.05,646085.81,0.13,2.57,5.016,5.038,4.987,317280.4,319512.63,367031.01
2014-11-26,5.18,5.19,5.15,5.07,493635.12,-0.03,-0.58,5.058,5.044,5.009,394387.02,327536.85,381980.22
2014-11-27,5.17,5.28,5.21,5.13,656057.94,0.06,1.17,5.114,5.055,5.031,500567.71,354546.02,403972.21
2014-11-28,5.2,5.21,5.16,5.06,561642.25,-0.05,-0.96,5.15,5.058,5.047,574148.93,376156.57,411374.49
2014-12-01,5.16,5.43,5.27,5.13,815199.75,0.11,2.13,5.194,5.08,5.064,634524.17,433074.41,433654.51
2014-12-02,5.25,5.39,5.32,5.22,538484.56,0.05,0.95,5.222,5.119,5.075,613003.92,465142.16,423982.69
2014-12-03,5.33,5.58,5.55,5.33,955189.56,0.23,4.32,5.302,5.18,5.105,705314.81,549850.92,448949.04
2014-12-04,5.57,5.98,5.84,5.57,1426028.88,0.29,5.22,5.428,5.271,5.149,859309.0,679938.36,506099.66
2014-12-05,5.82,5.84,5.52,5.27,1080481.0,-0.32,-5.48,5.5,5.325,5.176,963076.75,768612.84,539506.53
2014-12-08,5.45,5.86,5.73,5.37,811071.62,0.21,3.8,5.592,5.393,5.207,962251.12,798387.65,559270.62
2014-12-09,5.65,5.98,5.5,5.4,1121968.0,-0.23,-4.01,5.628,5.425,5.232,1078947.81,845975.87,582744.25
2014-12-10,5.49,5.63,5.62,5.35,541307.75,0.12,2.18,5.642,5.472,5.258,996171.45,850743.13,589139.99
2014-12-11,5.56,5.69,5.64,5.48,519444.31,0.02,0.36,5.602,5.515,5.285,814854.54,837081.77,595813.89
2014-12-12,5.65,5.79,5.67,5.62,576887.44,0.03,0.53,5.632,5.566,5.312,714135.82,838606.29,607381.43
2014-12-15,5.65,5.65,5.58,5.46,433167.62,-0.09,-1.59,5.602,5.597,5.339,638555.02,800403.07,616738.74
2014-12-16,5.56,5.79,5.76,5.53,739472.38,0.18,3.23,5.654,5.641,5.38,562055.9,820501.86,642822.01
2014-12-17,5.75,5.8,5.62,5.52,533903.06,-0.14,-2.43,5.654,5.648,5.414,560574.96,778373.21,664112.06
2014-12-18,5.61,5.73,5.59,5.57,419712.59,-0.03,-0.53,5.644,5.623,5.447,540628.62,677741.58,678839.97
2014-12-19,5.52,5.85,5.82,5.51,989379.62,0.23,4.11,5.674,5.653,5.489,623127.05,668631.44,718622.14
2014-12-22,5.85,6.4,6.17,5.85,1409771.5,0.35,6.01,5.792,5.697,5.545,818447.83,728501.43,763444.54
2014-12-23,6.02,6.07,5.81,5.76,703612.81,-0.36,-5.83,5.802,5.728,5.577,811275.92,686665.91,766320.89
2014-12-24,5.81,6.1,5.76,5.65,477968.62,-0.05,-0.86,5.83,5.742,5.607,800089.03,680332.0,765537.56
2014-12-25,5.8,5.96,5.95,5.77,471186.19,0.19,3.3,5.902,5.773,5.644,810383.75,675506.18,756293.98
2014-12-26,5.98,6.15,6.1,5.92,700723.06,0.15,2.52,5.958,5.816,5.691,752652.44,687889.74,763248.02
2014-12-29,6.1,6.24,5.98,5.92,686361.81,-0.12,-1.97,5.92,5.856,5.727,607970.5,713209.16,756806.12
2014-12-30,6.0,6.13,5.94,5.8,615630.5,-0.04,-0.67,5.946,5.874,5.758,590374.04,700824.98,760663.42
2014-12-31,5.96,6.06,6.03,5.83,495006.59,0.09,1.51,6.0,5.915,5.782,593781.63,696935.33,737654.27
2015-01-05,6.03,6.63,6.63,6.0,1292722.12,0.6,9.95,6.136,6.019,5.821,758088.82,784236.28,730988.93
2015-01-06,6.66,6.85,6.44,6.35,1257266.38,-0.19,-2.87,6.204,6.081,5.867,869397.48,811024.96,739828.2
2015-01-07,6.33,6.53,6.5,6.28,573311.44,0.06,0.93,6.308,6.114,5.906,846787.41,727378.95,727940.19
2015-01-08,6.5,6.68,6.38,6.33,617992.0,-0.12,-1.85,6.396,6.171,5.95,847259.71,718816.87,702741.39
2015-01-09,6.3,6.49,6.26,6.24,516930.38,-0.12,-1.88,6.442,6.221,5.982,851644.46,722713.05,701522.52
2015-01-12,6.18,6.21,5.98,5.95,527377.56,-0.28,-4.47,6.312,6.224,5.999,698575.55,728332.18,701919.18
2015-01-13,5.97,6.04,5.95,5.91,250065.05,-0.03,-0.5,6.214,6.209,6.013,497135.29,683266.38,685578.06
2015-01-14,5.96,6.01,5.79,5.74,301231.25,-0.16,-2.69,6.072,6.19,6.023,442719.25,644753.33,678981.25
2015-01-15,5.82,5.98,5.97,5.68,436399.5,0.18,3.11,5.99,6.193,6.034,406400.75,626830.23,663827.6
2015-01-16,5.95,6.06,5.96,5.89,367113.78,-0.01,-0.17,5.93,6.186,6.051,376437.43,614040.95,655488.14
2015-01-19,5.65,5.78,5.36,5.36,541388.94,-0.6,-10.07,5.806,6.059,6.039,379239.7,538907.63,661571.95
2015-01-20,5.41,5.5,5.46,5.34,339054.28,0.1,1.87,5.708,5.961,6.021,397037.55,447086.42,629055.69
2015-01-21,5.46,5.68,5.65,5.42,393028.66,0.19,3.48,5.68,5.876,5.995,415397.03,429058.14,578218.55
2015-01-22,5.65,5.82,5.75,5.6,386225.75,0.1,1.77,5.636,5.813,5.992,405362.28,405881.52,562349.19
2015-01-23,5.75,5.92,5.75,5.7,325040.59,0.0,0.0,5.594,5.762,5.992,396947.64,386692.54,554702.79
2015-01-26,5.73,5.84,5.83,5.67,235325.94,0.08,1.39,5.688,5.747,5.986,335735.04,357487.37,542909.78
2015-01-27,5.84,5.93,5.8,5.68,313724.47,-0.03,-0.52,5.756,5.732,5.971,330669.08,363853.32,523559.85
2015-01-28,5.76,5.76,5.67,5.65,247083.11,-0.13,-2.24,5.76,5.72,5.955,301479.97,358438.5,501595.91
2015-01-29,5.62,5.74,5.67,5.59,220643.86,0.0,0.0,5.744,5.69,5.942,268363.59,336862.94,481846.58
2015-01-30,5.68,5.7,5.53,5.51,172977.61,-0.14,-2.47,5.7,5.647,5.917,237951.0,317449.32,465745.13
2015-02-02,5.49,5.52,5.4,5.38,165996.06,-0.13,-2.35,5.614,5.651,5.855,224085.02,279910.03,409408.83
2015-02-03,5.45,5.53,5.52,5.43,162100.62,0.12,2.22,5.558,5.657,5.809,193760.25,262214.67,354650.54
2015-02-04,5.57,5.69,5.55,5.52,263072.34,0.03,0.54,5.534,5.647,5.762,196958.1,249219.04,339138.59
2015-02-05,5.61,5.65,5.4,5.39,189730.55,-0.15,-2.7,5.48,5.612,5.713,190775.44,229569.52,317725.52
2015-02-06,5.4,5.47,5.26,5.18,196585.09,-0.14,-2.59,5.426,5.563,5.663,195496.93,216723.97,301708.25
2015-02-09,5.23,5.34,5.3,5.23,114452.07,0.04,0.76,5.406,5.51,5.629,185188.13,204636.58,281061.98
2015-02-10,5.29,5.37,5.36,5.27,103683.2,0.06,1.13,5.374,5.466,5.599,173504.65,183632.45,273742.88
2015-02-11,5.38,5.42,5.35,5.34,90250.43,-0.01,-0.19,5.334,5.434,5.577,138940.27,167949.18,263193.84
2015-02-12,5.36,5.42,5.37,5.28,131670.03,0.02,0.37,5.328,5.404,5.547,127328.16,159051.8,247957.37
2015-02-13,5.41,5.51,5.41,5.39,216186.38,0.04,0.74,5.358,5.392,5.52,131248.42,163372.68,240411.0
2015-02-16,5.42,5.48,5.46,5.42,129840.24,0.05,0.92,5.39,5.398,5.525,134326.06,159757.1,219833.56
2015-02-17,5.5,5.52,5.48,5.46,128980.6,0.02,0.37,5.414,5.394,5.526,139385.54,156445.09,209329.88
2015-02-25,5.49,5.49,5.44,5.4,156791.78,-0.04,-0.73,5.432,5.383,5.515,152693.81,145817.04,197518.04
2015-02-26,5.44,5.6,5.6,5.42,259937.0,0.16,2.94,5.478,5.403,5.508,178347.2,152837.68,191203.6
2015-02-27,5.56,5.62,5.57,5.55,201839.03,-0.03,-0.54,5.51,5.434,5.499,175477.73,153363.08,185043.52
2015-03-02,5.62,5.71,5.67,5.55,342109.12,0.1,1.79,5.552,5.471,5.491,217931.51,176128.78,190382.68
2015-03-03,5.62,5.67,5.59,5.56,252317.0,-0.08,-1.41,5.574,5.494,5.48,242598.79,190992.16,187312.31
2015-03-04,5.58,5.68,5.66,5.54,238866.89,0.07,1.25,5.618,5.525,5.48,259013.81,205853.81,186901.49
2015-03-05,5.66,5.66,5.53,5.5,226021.05,-0.13,-2.3,5.604,5.541,5.473,252230.62,215288.91,187170.35
2015-03-06,5.53,5.65,5.58,5.52,253684.0,0.05,0.9,5.606,5.558,5.475,262599.61,219038.67,191205.67
2015-03-09,5.54,5.67,5.64,5.48,284536.0,0.06,1.07,5.6,5.576,5.487,251084.99,234508.25,197132.67
2015-03-10,5.61,5.74,5.7,5.6,341053.25,0.06,1.06,5.622,5.598,5.496,268832.24,255715.51,206080.3
2015-03-11,5.69,5.73,5.66,5.61,209927.48,-0.04,-0.7,5.622,5.62,5.502,263044.36,261029.08,203423.06
2015-03-12,5.65,5.79,5.75,5.65,456628.12,0.09,1.59,5.666,5.635,5.519,309165.77,280698.19,216767.94
2015-03-13,5.74,6.05,5.87,5.73,977508.25,0.12,2.09,5.724,5.665,5.55,453930.62,358265.12,255814.1
2015-03-16,5.87,5.95,5.95,5.82,473682.72,0.08,1.36,5.786,5.693,5.582,491759.96,371422.48,273775.63
2015-03-17,5.95,6.04,5.99,5.9,484192.34,0.04,0.67,5.844,5.733,5.614,520387.78,394610.01,292801.09
2015-03-18,5.99,6.17,6.16,5.96,550169.88,0.17,2.84,5.944,5.783,5.654,588436.26,425740.31,315797.06
2015-03-19,6.18,6.26,6.11,6.06,802985.38,-0.05,-0.81,6.016,5.841,5.691,657707.71,483436.74,349362.83
2015-03-20,6.12,6.14,6.1,6.05,493150.44,-0.01,-0.16,6.062,5.893,5.726,560836.15,507383.39,363211.03
2015-03-23,6.13,6.22,6.22,6.12,656025.69,0.12,1.97,6.116,5.951,5.764,597304.75,544532.36,389520.3
2015-03-24,6.22,6.28,6.19,6.02,635330.0,-0.03,-0.48,6.156,6.0,5.799,627532.28,573960.03,414837.77
2015-03-25,6.18,6.23,6.08,6.05,454667.72,-0.11,-1.78,6.14,6.042,5.831,608431.85,598434.05,429731.57
2015-03-26,6.09,6.23,6.21,6.03,594116.5,0.13,2.14,6.16,6.088,5.862,566658.07,612182.89,446440.54
2015-03-27,6.21,6.33,6.22,6.19,579173.75,0.01,0.16,6.184,6.123,5.894,583862.73,572349.44,465307.28
2015-03-30,6.22,6.36,6.36,6.2,684533.88,0.14,2.25,6.212,6.164,5.929,589564.37,593434.56,482428.52
2015-03-31,6.36,6.48,6.23,6.2,724484.25,-0.13,-2.04,6.22,6.188,5.961,607395.22,617463.75,506036.88
2015-04-01,6.23,6.33,6.32,6.21,474776.56,0.09,1.45,6.268,6.204,5.994,611416.99,609924.42,517832.36
2015-04-02,6.33,6.44,6.42,6.3,661312.25,0.1,1.58,6.31,6.235,6.038,624856.14,595757.1,539596.92
2015-04-03,6.38,6.56,6.51,6.35,761961.56,0.09,1.4,6.368,6.276,6.085,661413.7,622638.22,565010.8
2015-04-07,6.56,6.76,6.73,6.51,836353.94,0.22,3.38,6.442,6.327,6.139,691777.71,640671.04,592601.7
2015-04-08,6.69,6.69,6.57,6.48,813576.31,-0.16,-2.38,6.51,6.365,6.183,709596.12,658495.67,616227.85
2015-04-09,6.54,6.7,6.67,6.28,1034473.38,0.1,1.52,6.58,6.424,6.233,821535.49,716476.24,657455.15
2015-04-10,6.63,6.85,6.78,6.57,767112.94,0.11,1.65,6.652,6.481,6.285,842695.63,733775.88,672979.39
2015-04-13,6.74,6.89,6.86,6.74,703575.75,0.08,1.18,6.722,6.545,6.334,831018.46,746216.08,659282.76
2015-04-14,6.88,7.05,6.86,6.81,708622.0,0.0,0.0,6.748,6.595,6.38,805472.08,748624.89,671029.73
2015-04-15,6.81,6.87,6.65,6.54,667473.38,-0.21,-3.06,6.764,6.637,6.413,776251.49,742923.81,680193.78
2015-04-16,6.56,6.82,6.79,6.49,579304.69,0.14,2.1,6.788,6.684,6.444,685217.75,753376.62,681650.52
2015-04-17,6.83,7.2,6.93,6.8,1567231.12,0.14,2.06,6.818,6.735,6.485,845241.39,843968.51,719862.81
2015-04-20,6.84,7.18,6.82,6.74,1272442.0,-0.11,-1.59,6.81,6.766,6.521,959014.64,895016.55,758827.38
2015-04-21,6.75,7.09,7.05,6.72,844218.06,0.23,3.37,6.848,6.798,6.563,986133.85,895802.96,768237.0
2015-04-22,7.1,7.39,7.26,7.03,1102155.25,0.21,2.98,6.97,6.867,6.616,1073070.22,924660.86,791578.26
2015-04-23,7.28,7.76,7.54,7.19,1345915.38,0.28,3.86,7.12,6.954,6.689,1226392.36,955805.06,836140.65
2015-04-24,7.38,7.78,7.48,7.34,1032986.5,-0.06,-0.8,7.23,7.024,6.753,1119543.44,982392.41,858084.15
2015-04-27,7.52,7.84,7.82,7.5,1093446.0,0.34,4.54,7.43,7.12,6.833,1083744.24,1021379.44,883797.76
2015-04-28,7.84,8.18,7.49,7.41,1349451.0,-0.33,-4.22,7.518,7.183,6.889,1184790.83,1085462.34,917043.62
2015-04-29,7.51,7.81,7.74,7.33,761888.94,0.25,3.34,7.614,7.292,6.965,1116737.56,1094903.89,918913.85
2015-04-30,7.77,7.8,7.49,7.48,662971.88,-0.25,-3.23,7.604,7.362,7.023,980148.86,1103270.61,928323.62
2015-05-04,7.48,7.59,7.53,7.37,499494.03,0.04,0.53,7.614,7.422,7.079,873450.37,996496.9,920232.71
2015-05-05,7.5,7.65,7.1,7.03,668955.38,-0.43,-5.71,7.47,7.45,7.108,788552.25,936148.24,915582.4
2015-05-06,7.14,7.18,6.76,6.67,631264.19,-0.34,-4.79,7.324,7.421,7.11,644914.88,914852.86,905327.91
2015-05-07,6.64,6.75,6.46,6.39,492994.81,-0.3,-4.44,7.068,7.341,7.104,591136.06,853936.81,889298.83
2015-05-08,6.52,6.65,6.64,6.4,453064.94,0.18,2.79,6.898,7.251,7.103,549154.67,764651.77,860228.41
2015-05-11,6.71,6.85,6.83,6.63,492112.25,0.19,2.86,6.758,7.186,7.105,547678.31,710564.34,846478.38
2015-05-12,6.83,6.87,6.82,6.73,505636.34,-0.01,-0.15,6.702,7.086,7.103,515014.51,651783.38,836581.41
2015-05-13,6.79,6.89,6.81,6.7,593917.31,-0.01,-0.15,6.712,7.018,7.101,507545.13,576230.01,830846.17
2015-05-14,6.78,6.82,6.8,6.68,481621.66,-0.01,-0.15,6.78,6.924,7.108,505270.5,548203.28,821553.59
2015-05-15,6.79,6.79,6.6,6.55,427973.97,-0.2,-2.94,6.772,6.835,7.099,500252.31,524703.49,813987.05
2015-05-18,6.51,6.67,6.61,6.46,368388.75,0.01,0.15,6.728,6.743,7.083,475507.61,511592.96,754044.93
2015-05-19,6.62,6.85,6.82,6.6,513412.88,0.21,3.18,6.728,6.715,7.083,477062.91,496038.71,716093.48
2015-05-20,6.82,6.92,6.79,6.76,620426.38,-0.03,-0.44,6.724,6.718,7.07,482364.73,494954.93,704903.89
2015-05-21,6.77,6.94,6.92,6.73,544655.06,0.13,1.92,6.748,6.764,7.053,494971.41,500120.95,677028.88
2015-05-22,6.98,7.2,7.19,6.93,800051.25,0.27,3.9,6.866,6.819,7.035,569386.86,534819.59,649735.68
2015-05-25,7.19,7.5,7.47,7.14,868231.88,0.28,3.89,7.038,6.883,7.035,669355.49,572431.55,641497.95
2015-05-26,7.57,7.73,7.67,7.37,1054933.5,0.2,2.68,7.208,6.968,7.027,777659.61,627361.26,639572.32
2015-05-27,7.63,8.05,7.91,7.51,1126362.62,0.24,3.13,7.432,7.078,7.048,878846.86,680605.8,628417.9
2015-05-28,7.8,8.1,7.2,7.16,1353114.0,-0.71,-8.98,7.488,7.118,7.021,1040538.65,767755.03,657979.15
2015-05-29,7.2,7.8,7.39,6.84,844554.38,0.19,2.64,7.528,7.197,7.016,1049439.28,809413.07,667058.28
2015-06-01,7.4,8.13,8.13,7.36,1503571.0,0.74,10.01,7.66,7.349,7.046,1176507.1,922931.3,717262.13
2015-06-02,8.23,8.41,8.14,7.91,1874984.5,0.01,0.12,7.754,7.481,7.098,1340517.3,1059088.46,777563.58
2015-06-03,8.15,8.25,8.0,7.83,1205760.88,-0.14,-1.72,7.772,7.602,7.16,1356396.95,1117621.91,806288.42
2015-06-04,8.0,8.64,8.58,7.62,1669060.88,0.58,7.25,8.048,7.768,7.266,1419586.33,1230062.49,865091.72
2015-06-05,8.6,9.02,8.7,8.41,1878955.25,0.12,1.4,8.31,7.919,7.369,1626466.5,1337952.89,936386.24
2015-06-08,8.65,8.96,8.88,8.55,1420888.0,0.18,2.07,8.46,8.06,7.472,1609929.9,1393218.5,982825.02
2015-06-09,8.87,9.4,9.06,8.6,1472769.5,0.18,2.03,8.644,8.199,7.584,1529486.9,1435002.1,1031181.68
2015-06-10,8.8,9.14,8.85,8.69,968727.31,-0.21,-2.32,8.814,8.293,7.686,1482080.19,1419238.57,1049922.18
2015-06-11,8.77,8.85,8.77,8.6,807389.69,-0.08,-0.9,8.852,8.45,7.784,1309745.95,1364666.14,1066210.58
2015-06-12,8.76,9.06,8.94,8.73,915912.62,0.17,1.94,8.9,8.605,7.901,1117137.42,1371801.96,1090607.52
2015-06-15,8.92,9.2,8.95,8.81,982541.31,0.01,0.11,8.914,8.687,8.018,1029468.09,1319698.99,1121315.14
2015-06-16,8.87,9.05,8.61,8.5,969609.81,-0.34,-3.8,8.824,8.734,8.108,928836.15,1229161.52,1144124.99
2015-06-17,8.54,8.85,8.79,8.23,767543.56,0.18,2.09,8.812,8.813,8.208,888599.4,1185339.79,1151480.85
2015-06-18,8.72,8.9,8.54,8.51,704463.62,-0.26,-2.96,8.766,8.809,8.289,868014.18,1088880.07,1159471.28
2015-06-19,8.35,8.48,7.68,7.68,748750.19,-0.85,-9.96,8.514,8.707,8.313,834581.7,975859.56,1156906.23
2015-06-23,7.7,7.97,7.93,7.11,670019.19,0.23,2.99,8.31,8.612,8.336,772077.27,900772.68,1146995.59
2015-06-24,7.97,8.34,8.31,7.92,809427.12,0.39,4.92,8.25,8.537,8.368,740040.74,834438.44,1134720.27
2015-06-25,8.31,8.5,8.0,7.81,800305.38,-0.3,-3.61,8.092,8.452,8.373,746593.1,817596.25,1118417.41
2015-06-26,7.8,7.93,7.23,7.2,805703.12,-0.77,-9.62,7.83,8.298,8.374,766841.0,817427.59,1091046.87
2015-06-29,7.38,7.49,7.22,6.51,891054.5,0.02,0.28,7.738,8.126,8.366,795301.86,814941.78,1093371.87
2015-06-30,7.08,7.59,7.57,6.67,740704.81,0.38,5.29,7.666,7.988,8.338,809438.99,790758.13,1055228.56
2015-07-01,7.5,7.7,7.02,6.94,690528.69,-0.55,-7.27,7.408,7.829,8.282,785659.3,762850.02,996005.77
2015-07-02,7.0,7.14,6.34,6.33,680429.44,-0.69,-9.81,7.076,7.584,8.199,761684.11,754138.61,969739.2
2015-07-03,6.13,6.46,5.72,5.72,691313.06,-0.63,-9.92,6.774,7.302,8.056,738806.1,752823.55,920851.81
2015-07-06,6.27,6.27,5.89,5.26,888683.5,0.17,2.97,6.508,7.123,7.915,738331.9,766816.88,871338.22
2015-07-07,5.58,5.76,5.33,5.32,690707.19,-0.58,-9.81,6.06,6.863,7.738,728332.38,768885.68,834829.18
2015-07-08,4.8,5.5,4.9,4.8,1649589.5,-0.43,-8.07,5.636,6.522,7.53,920144.54,852901.92,843670.18
2015-07-09,4.73,5.4,5.4,4.73,525298.06,0.49,9.98,5.448,6.262,7.357,889118.26,825401.19,821498.72
2015-07-10,5.6,5.94,5.94,5.51,483591.44,0.54,10.0,5.492,6.133,7.216,847573.94,793190.02,805308.81
