date,open,high,close,low,volume,amount
2015-07-10,7.26,7.74,7.74,7.09,573978496.0,2469578752.0
2015-07-09,6.54,7.04,7.04,5.99,652695680.0,2471050240.0
2015-07-08,6.58,6.86,6.41,6.41,474635776.0,1772079872.0
2015-07-07,7.21,7.4,7.12,6.69,714081024.0,2872131584.0
2015-07-06,7.76,7.8,7.43,6.95,614351936.0,2612794368.0
2015-07-03,7.76,7.9,7.09,7.02,511173248.0,2163805696.0
2015-07-02,8.6,8.6,7.8,7.7,412634752.0,1927389184.0
2015-07-01,8.84,8.98,8.39,8.25,465107648.0,2337320960.0
2015-06-30,7.99,8.91,8.89,7.62,617124224.0,2948652288.0
2015-06-29,9.05,9.17,8.25,7.89,603030400.0,2956205056.0
2015-06-26,9.43,9.45,8.75,8.72,519033440.0,2695498496.0
2015-06-25,10.32,10.37,9.69,9.55,444122848.0,2563133440.0
2015-06-24,9.76,10.32,10.21,9.66,594155200.0,3423393792.0
2015-06-23,9.69,9.85,9.69,8.88,523896192.0,2838158592.0
2015-06-19,10.61,10.87,9.73,9.66,500172064.0,2987843840.0
2015-06-18,10.87,11.12,10.73,10.7,460462496.0,2890751488.0
2015-06-17,10.93,11.01,10.93,10.42,492771200.0,3046844928.0
2015-06-16,11.12,11.27,10.94,10.89,451756704.0,2873425664.0
2015-06-15,11.19,11.45,11.32,10.91,751497728.0,4837971456.0
2015-06-12,11.22,11.27,11.19,11.12,460186816.0,2959703296.0
2015-06-11,11.32,11.32,11.22,11.12,457194272.0,2950323456.0
2015-06-10,11.29,11.53,11.38,11.12,493908736.0,3227479552.0
2015-06-09,11.52,11.53,11.41,11.29,516154592.0,3381006592.0
2015-06-08,11.79,11.83,11.53,11.34,806015680.0,5332706304.0
2015-06-05,11.39,12.16,11.78,11.39,891516544.0,6057499648.0
2015-06-04,11.53,11.53,11.32,10.6,738324928.0,4741635584.0
2015-06-03,12.09,12.09,11.67,11.29,874227776.0,5862871552.0
2015-06-02,12.28,12.3,12.11,11.91,1033601216.0,7179052032.0
2015-06-01,13.01,13.01,12.47,11.65,2230625280.0,16023447552.0
2015-05-29,12.11,12.11,12.11,11.64,1004750208.0,6988145152.0
2015-05-28,11.01,11.01,11.01,11.01,22088068.0,140038352.0
2015-05-27,10.01,10.01,10.01,10.01,12555648.0,72320528.0
2015-04-21,8.89,9.17,9.1,8.82,642433088.0,3317023744.0
2015-04-20,8.7,9.48,9.03,8.44,1116098432.0,5751856640.0
2015-04-17,8.44,8.79,8.69,8.34,911478144.0,4531512320.0
2015-04-16,7.96,8.6,8.44,7.85,851053888.0,4069040384.0
2015-04-15,8.01,8.2,7.99,7.83,748187584.0,3466710784.0
2015-04-14,7.76,8.08,8.03,7.64,812016768.0,3700780544.0
2015-04-13,7.64,7.8,7.76,7.59,474582464.0,2104409344.0
2015-04-10,7.49,7.62,7.61,7.4,326217792.0,1421573248.0
2015-04-09,7.76,7.8,7.52,7.47,487326400.0,2122438528.0
2015-04-08,7.92,7.94,7.76,7.64,516419904.0,2310702848.0
2015-04-07,7.85,7.96,7.92,7.82,618877952.0,2811421696.0
2015-04-03,7.68,7.89,7.75,7.61,482667104.0,2148839680.0
2015-04-02,7.66,7.75,7.71,7.57,464026048.0,2047197056.0
2015-04-01,7.5,7.61,7.57,7.49,302148352.0,1314189056.0
2015-03-31,7.71,7.71,7.5,7.49,489626016.0,2139222144.0
2015-03-30,7.66,7.8,7.73,7.47,597394304.0,2610106880.0
2015-03-27,7.75,7.87,7.7,7.66,469180672.0,2088988800.0
2015-03-26,7.83,7.83,7.66,7.49,711915328.0,3128761344.0
2015-03-25,7.8,8.09,7.85,7.73,1436268672.0,6534120448.0
2015-03-24,7.0,7.64,7.64,6.91,1403644160.0,6021473280.0
2015-03-23,6.86,7.02,6.95,6.84,605057088.0,2414528768.0
2015-03-20,6.84,6.88,6.74,6.69,427618304.0,1658904960.0
2015-03-19,6.77,7.04,6.79,6.65,756980672.0,2984331520.0
2015-03-18,6.41,6.83,6.71,6.39,638974208.0,2445220096.0
2015-03-17,6.22,6.41,6.38,6.17,470348928.0,1709987328.0
2015-03-16,6.08,6.2,6.2,6.06,225966672.0,800013888.0
2015-03-13,6.04,6.11,6.08,5.99,163468080.0,569929984.0
2015-03-12,5.97,6.04,6.04,5.89,163747360.0,563473856.0
2015-03-11,6.01,6.08,5.99,5.97,107621904.0,372927360.0
2015-03-10,6.03,6.06,6.03,5.99,108641168.0,377315456.0
2015-03-09,5.97,6.08,6.06,5.91,151802848.0,522326400.0
2015-03-06,5.97,6.17,6.08,5.92,179095952.0,626470784.0
2015-03-05,6.15,6.15,6.01,5.96,156009872.0,540254080.0
2015-03-04,6.15,6.2,6.15,6.1,132991256.0,469800416.0
2015-03-03,6.27,6.27,6.17,6.13,212337568.0,758852480.0
2015-03-02,6.22,6.38,6.32,6.18,245758304.0,890976448.0
2015-02-27,6.11,6.18,6.17,6.04,169401856.0,596736448.0
2015-02-26,5.94,6.11,6.11,5.87,178096400.0,615951552.0
2015-02-25,6.01,6.01,5.94,5.91,143189488.0,489905344.0
2015-02-17,6.03,6.06,6.06,6.03,93534992.0,325545600.0
2015-02-16,6.01,6.03,6.01,5.94,94884896.0,327310016.0
2015-02-13,5.87,6.03,5.97,5.87,159839856.0,548983616.0
2015-02-12,5.84,5.89,5.85,5.75,106621048.0,356697472.0
2015-02-11,5.85,5.92,5.87,5.82,104109032.0,351989184.0
2015-02-10,5.73,5.85,5.85,5.7,104103984.0,348307808.0
2015-02-09,5.73,5.82,5.75,5.61,168774608.0,553847424.0
2015-02-06,6.01,6.01,5.8,5.73,241806656.0,814593536.0
2015-02-05,6.27,6.29,6.06,6.04,177340416.0,628163584.0
2015-02-04,6.25,6.29,6.15,6.13,182335968.0,651532224.0
2015-02-03,6.24,6.3,6.3,6.15,151232128.0,542217728.0
2015-02-02,6.24,6.3,6.22,6.1,160405568.0,576806528.0
2015-01-30,6.25,6.34,6.24,6.22,225513088.0,813938752.0
2015-01-29,6.41,6.43,6.34,6.27,228083696.0,832452672.0
2015-01-28,6.58,6.62,6.5,6.46,182745792.0,685410880.0
2015-01-27,6.62,6.67,6.58,6.43,373437984.0,1407848192.0
2015-01-26,6.67,6.76,6.72,6.6,269623744.0,1037719488.0
2015-01-23,6.93,7.04,6.67,6.62,533135424.0,2084957824.0
2015-01-22,6.46,7.04,6.81,6.43,797800768.0,3120304640.0
2015-01-21,6.41,6.58,6.55,6.39,398977184.0,1489475712.0
2015-01-20,6.2,6.39,6.32,6.1,336777152.0,1215779456.0
2015-01-19,6.41,6.79,6.25,5.99,584717568.0,2175882496.0
2015-01-16,6.77,6.91,6.55,6.44,454817760.0,1727810944.0
2015-01-15,6.18,6.32,6.3,5.99,266723664.0,945720320.0
2015-01-14,6.46,6.46,6.24,6.13,322081216.0,1158730880.0
2015-01-13,6.6,6.72,6.46,6.36,302321792.0,1138642048.0
2015-01-12,6.48,6.63,6.53,6.43,323777856.0,1215545728.0
2015-01-09,6.57,6.71,6.5,6.46,384060416.0,1461903616.0
2015-01-08,6.77,6.84,6.6,6.57,538367104.0,2068384768.0
2015-01-07,6.6,7.12,6.91,6.51,857230016.0,3384443648.0
2015-01-06,6.34,6.67,6.51,6.17,833516224.0,3100740352.0
2015-01-05,5.89,6.39,6.34,5.89,891583168.0,3185986304.0
2014-12-31,5.75,5.94,5.87,5.75,321906336.0,1084985216.0
2014-12-30,5.8,5.85,5.71,5.66,269356384.0,888697600.0
2014-12-29,5.97,6.04,5.85,5.77,399399296.0,1362450176.0
2014-12-26,5.77,5.96,5.91,5.7,398414048.0,1337208064.0
2014-12-25,5.63,5.77,5.77,5.58,301420128.0,987318144.0
2014-12-24,5.84,5.85,5.63,5.56,405593504.0,1320841472.0
2014-12-23,6.04,6.11,5.85,5.82,578733504.0,1983383936.0
2014-12-22,5.82,6.36,6.25,5.82,1105783168.0,3850760192.0
2014-12-19,5.56,5.84,5.78,5.54,717712192.0,2344753152.0
2014-12-18,5.59,5.68,5.59,5.52,357951936.0,1158380032.0
2014-12-17,5.64,5.66,5.59,5.52,319639616.0,1027999168.0
2014-12-16,5.66,5.71,5.68,5.56,309894688.0,1003539648.0
2014-12-15,5.73,5.73,5.7,5.52,310733632.0,1007244800.0
2014-12-12,5.59,5.78,5.68,5.58,377334080.0,1235406848.0
2014-12-11,5.59,5.59,5.59,5.44,407926816.0,1298850944.0
2014-12-10,5.56,5.64,5.61,5.38,453272224.0,1440435712.0
2014-12-09,5.49,5.8,5.38,5.32,841567936.0,2732963072.0
2014-12-08,5.21,5.54,5.49,5.09,572304704.0,1773049600.0
2014-12-05,5.44,5.54,5.3,5.07,596742400.0,1829887104.0
2014-12-04,5.32,5.44,5.44,5.26,645356160.0,1996294784.0
2014-12-03,4.97,5.47,5.32,4.93,820547456.0,2481504256.0
2014-12-02,4.95,5.02,4.97,4.92,429633216.0,1227402752.0
2014-12-01,4.81,4.95,4.86,4.78,377081664.0,1058304704.0
2014-11-28,4.86,4.92,4.86,4.76,319098720.0,887204864.0
2014-11-27,4.83,4.86,4.85,4.74,269000576.0,744762496.0
2014-11-26,4.86,4.88,4.83,4.76,404967616.0,1122370048.0
2014-11-25,4.64,4.95,4.9,4.6,695383360.0,1924352640.0
2014-11-24,4.58,4.67,4.64,4.55,258592768.0,688333056.0
2014-11-21,4.5,4.55,4.55,4.46,99216416.0,257354400.0
2014-11-20,4.52,4.52,4.5,4.48,81323968.0,210574208.0
2014-11-19,4.55,4.57,4.53,4.5,75260784.0,196222800.0
2014-11-18,4.57,4.59,4.53,4.5,131553024.0,343381152.0
2014-11-17,4.67,4.72,4.57,4.57,165174496.0,440160192.0
2014-11-14,4.66,4.69,4.6,4.57,204121456.0,543230336.0
2014-11-13,4.6,4.76,4.69,4.52,359199392.0,959906752.0
2014-11-12,4.52,4.62,4.62,4.48,158538144.0,416601824.0
2014-11-11,4.62,4.71,4.55,4.52,344037600.0,915203328.0
2014-11-10,4.53,4.67,4.64,4.48,295023520.0,778632960.0
2014-11-07,4.53,4.59,4.48,4.46,201576400.0,526198176.0
2014-11-06,4.52,4.6,4.59,4.5,181606864.0,475929536.0
2014-11-05,4.67,4.69,4.55,4.53,329363520.0,870584512.0
2014-11-04,4.69,4.76,4.72,4.62,461618720.0,1245116928.0
2014-11-03,4.53,4.71,4.62,4.52,420874784.0,1120048384.0
2014-10-31,4.52,4.58,4.57,4.48,309244352.0,807378944.0
2014-10-30,4.39,4.78,4.59,4.38,590640192.0,1549586944.0
2014-10-29,4.31,4.46,4.43,4.29,303110528.0,764481472.0
2014-10-28,4.24,4.33,4.33,4.24,113604912.0,280413184.0
2014-10-27,4.22,4.24,4.22,4.2,68132104.0,165618992.0
2014-10-24,4.2,4.33,4.26,4.19,101637760.0,249504096.0
2014-10-23,4.33,4.34,4.22,4.2,138344720.0,338889056.0
2014-10-22,4.43,4.45,4.36,4.34,90807856.0,229565696.0
2014-10-21,4.46,4.52,4.46,4.39,143394752.0,367291744.0
2014-10-20,4.43,4.52,4.48,4.36,139287936.0,354673536.0
2014-10-17,4.48,4.52,4.45,4.31,218387072.0,556034048.0
2014-10-16,4.45,4.66,4.52,4.41,413233760.0,1085335296.0
2014-10-15,4.41,4.5,4.45,4.34,173718992.0,442132288.0
2014-10-14,4.43,4.45,4.41,4.38,136062256.0,345682656.0
2014-10-13,4.36,4.48,4.45,4.34,218435792.0,553908544.0
2014-10-10,4.38,4.43,4.36,4.34,182508880.0,459460960.0
2014-10-09,4.29,4.5,4.41,4.25,303852288.0,766154304.0
2014-10-08,4.31,4.31,4.29,4.22,116073840.0,284667328.0
2014-09-30,4.27,4.33,4.31,4.25,131806552.0,325987136.0
2014-09-29,4.27,4.29,4.26,4.24,112808776.0,276917536.0
2014-09-26,4.24,4.29,4.27,4.22,89736184.0,220105248.0
2014-09-25,4.27,4.33,4.24,4.22,141528272.0,348210048.0
2014-09-24,4.17,4.31,4.29,4.15,189256736.0,463930624.0
2014-09-23,4.13,4.19,4.19,4.12,82012408.0,196414160.0
2014-09-22,4.2,4.22,4.13,4.12,126862992.0,303475904.0
2014-09-19,4.27,4.27,4.24,4.19,137991152.0,335491744.0
2014-09-18,4.31,4.34,4.27,4.26,215021472.0,530547552.0
2014-09-17,4.25,4.46,4.36,4.22,371983776.0,934366016.0
2014-09-16,4.19,4.53,4.27,4.17,460425536.0,1153126272.0
2014-09-15,4.15,4.19,4.19,4.13,108996872.0,261420960.0
2014-09-12,4.1,4.17,4.17,4.08,124683392.0,296946080.0
2014-09-11,4.1,4.17,4.12,4.08,120454168.0,285905440.0
2014-09-10,4.12,4.13,4.1,4.08,70925792.0,167377312.0
2014-09-09,4.12,4.15,4.13,4.1,137585616.0,327030848.0
2014-09-05,4.08,4.12,4.12,4.06,117108120.0,276112480.0
2014-09-04,4.06,4.1,4.1,4.01,111956424.0,261656528.0
2014-09-03,4.01,4.08,4.06,4.0,107408928.0,250602336.0
2014-09-02,4.01,4.05,4.05,3.92,83620448.0,192337312.0
2014-09-01,3.98,4.01,4.01,3.96,44288788.0,101942792.0
2014-08-29,3.92,3.98,3.96,3.92,40939660.0,93169816.0
2014-08-28,3.96,3.96,3.93,3.91,46942084.0,106336240.0
2014-08-27,3.98,4.0,3.96,3.94,59303936.0,135322944.0
2014-08-26,4.03,4.06,4.0,3.96,57655216.0,133128272.0
2014-08-25,4.08,4.08,4.03,4.01,56004764.0,130480288.0
2014-08-22,4.06,4.08,4.06,4.05,50957088.0,119207864.0
2014-08-21,4.1,4.12,4.08,4.05,62226032.0,146045728.0
2014-08-20,4.12,4.13,4.12,4.08,65238824.0,153944016.0
2014-08-19,4.1,4.15,4.13,4.08,89185368.0,211366144.0
2014-08-18,4.08,4.13,4.1,4.06,73795112.0,174077600.0
2014-08-15,4.05,4.1,4.08,4.05,73043392.0,171172928.0
2014-08-14,4.12,4.13,4.06,4.05,75410872.0,177508000.0
2014-08-13,4.13,4.15,4.13,4.08,93425744.0,221172944.0
2014-08-12,4.2,4.2,4.17,4.12,109389600.0,261194464.0
2014-08-11,4.19,4.22,4.22,4.17,97392312.0,235268080.0
2014-08-08,4.1,4.27,4.22,4.1,202803968.0,491001216.0
2014-08-07,4.24,4.27,4.12,4.08,156356416.0,376073856.0
2014-08-06,4.08,4.2,4.17,4.05,174580704.0,416590144.0
2014-08-05,4.1,4.1,4.1,4.05,80087008.0,187904080.0
2014-08-04,4.05,4.1,4.1,4.0,104462096.0,243772592.0
2014-08-01,4.08,4.13,4.05,4.03,191338032.0,450098496.0
2014-07-31,3.89,4.31,4.19,3.87,331630944.0,785927616.0
2014-07-30,3.89,3.94,3.91,3.87,82635504.0,185962240.0
2014-07-29,3.94,3.94,3.91,3.89,116184272.0,261872224.0
2014-07-28,3.87,3.98,3.94,3.87,201155600.0,456024224.0
2014-07-25,3.77,3.91,3.87,3.77,175469312.0,388233504.0
2014-07-24,3.75,3.84,3.8,3.73,116230000.0,252983200.0
2014-07-23,3.75,3.79,3.75,3.73,65304792.0,141421536.0
2014-07-22,3.7,3.77,3.75,3.7,68018016.0,146621792.0
2014-07-21,3.73,3.73,3.7,3.7,33766512.0,72117256.0
2014-07-18,3.73,3.77,3.75,3.73,54002432.0,116577976.0
2014-07-17,3.73,3.75,3.73,3.7,37310920.0,79892424.0
2014-07-16,3.7,3.77,3.75,3.68,92251136.0,198506144.0
2014-07-15,3.68,3.72,3.72,3.68,38449060.0,81807696.0
2014-07-14,3.7,3.72,3.72,3.67,39027136.0,82971096.0
2014-07-11,3.68,3.72,3.7,3.68,34002816.0,72346624.0
2014-07-10,3.68,3.68,3.67,3.67,27158862.0,57403344.0
2014-07-09,3.68,3.7,3.68,3.67,28031486.0,59369168.0
2014-07-08,3.7,3.7,3.7,3.67,31766316.0,67363408.0
2014-07-07,3.72,3.72,3.7,3.68,41103060.0,87580896.0
2014-07-04,3.7,3.72,3.7,3.67,45532140.0,100396296.0
2014-07-03,3.68,3.72,3.7,3.68,56320208.0,124535760.0
2014-07-02,3.68,3.7,3.67,3.65,41742800.0,91502496.0
2014-07-01,3.65,3.75,3.7,3.63,93031368.0,205187040.0
2014-06-30,3.62,3.65,3.65,3.6,40127544.0,86960016.0
2014-06-27,3.62,3.63,3.62,3.6,39265760.0,84678720.0
2014-06-26,3.62,3.63,3.63,3.6,31578858.0,68222520.0
2014-06-25,3.62,3.62,3.62,3.6,21151680.0,45574360.0
2014-06-24,3.62,3.63,3.62,3.6,34647592.0,74892784.0
2014-06-23,3.6,3.67,3.63,3.58,56402464.0,122088008.0
2014-06-20,3.63,3.67,3.62,3.6,56402976.0,122131064.0
2014-06-19,3.62,3.63,3.58,3.55,41367040.0,88878464.0
2014-06-18,3.63,3.65,3.63,3.62,33602412.0,72810552.0
2014-06-17,3.65,3.67,3.65,3.62,38577168.0,83690016.0
2014-06-16,3.63,3.67,3.67,3.63,44283568.0,96521016.0
2014-06-13,3.63,3.65,3.62,3.62,55137320.0,119735984.0
2014-06-12,3.63,3.65,3.62,3.62,31743644.0,68842056.0
2014-06-11,3.63,3.65,3.63,3.62,25544012.0,55455732.0
2014-06-10,3.63,3.65,3.63,3.62,31132304.0,67483656.0
2014-06-09,3.63,3.65,3.63,3.62,19773368.0,42895088.0
2014-06-06,3.67,3.67,3.63,3.63,21899724.0,47718056.0
2014-06-05,3.65,3.67,3.67,3.63,19940352.0,43394656.0
2014-06-04,3.67,3.67,3.65,3.63,23781156.0,51754360.0
2014-06-03,3.67,3.68,3.67,3.65,22115940.0,48423736.0
2014-05-30,3.67,3.68,3.67,3.65,22774864.0,49920424.0
2014-05-29,3.68,3.7,3.67,3.65,28649600.0,62806940.0
2014-05-28,3.67,3.7,3.68,3.65,25647802.0,56287536.0
2014-05-27,3.68,3.7,3.68,3.67,24733376.0,54393056.0
2014-05-26,3.72,3.72,3.7,3.68,28595674.0,63043700.0
2014-05-23,3.7,3.72,3.72,3.68,14493561.0,32003124.0
2014-05-22,3.7,3.73,3.68,3.68,23246468.0,51491384.0
2014-05-21,3.68,3.72,3.7,3.67,18020516.0,39821480.0
2014-05-20,3.7,3.73,3.7,3.68,20211420.0,44748740.0
2014-05-19,3.68,3.7,3.7,3.67,30360044.0,66847824.0
2014-05-16,3.7,3.72,3.7,3.68,26323508.0,58149184.0
2014-05-15,3.75,3.75,3.7,3.7,31326000.0,69528840.0
2014-05-14,3.75,3.77,3.75,3.72,33420012.0,74646904.0
2014-05-13,3.8,3.8,3.77,3.75,51542728.0,116062144.0
2014-05-12,3.72,3.83,3.8,3.7,105647272.0,239444592.0
2014-05-09,3.68,3.73,3.72,3.67,35709928.0,79033232.0
2014-05-08,3.67,3.72,3.68,3.65,33001124.0,72515272.0
2014-05-07,3.72,3.72,3.68,3.67,27499766.0,60559576.0
2014-05-06,3.73,3.75,3.72,3.7,23730968.0,52730968.0
2014-05-05,3.72,3.75,3.73,3.7,30248668.0,67266656.0
2014-04-30,3.68,3.75,3.72,3.68,24814422.0,55023304.0
2014-04-29,3.68,3.7,3.68,3.67,23711768.0,52232656.0
2014-04-28,3.72,3.72,3.68,3.67,36151716.0,79719056.0
2014-04-25,3.73,3.75,3.7,3.68,32452852.0,72046976.0
2014-04-24,3.73,3.75,3.73,3.72,22549996.0,50270996.0
2014-04-23,3.73,3.75,3.73,3.72,23616956.0,52604168.0
2014-04-22,3.75,3.77,3.73,3.72,24298684.0,54255352.0
2014-04-21,3.77,3.8,3.75,3.75,25300460.0,56987976.0
2014-04-18,3.78,3.78,3.78,3.75,19442022.0,43788512.0
2014-04-17,3.8,3.8,3.78,3.77,25617268.0,57840104.0
2014-04-16,3.78,3.82,3.8,3.77,20353140.0,46089608.0
2014-04-15,3.83,3.83,3.8,3.78,31640168.0,71965344.0
2014-04-14,3.83,3.85,3.85,3.82,27053572.0,61957380.0
2014-04-11,3.87,3.87,3.83,3.82,42333948.0,97076640.0
2014-04-10,3.83,3.88,3.87,3.8,66164572.0,151705728.0
2014-04-09,3.83,3.87,3.83,3.82,50738060.0,116420392.0
2014-04-08,3.78,3.83,3.83,3.77,42344796.0,96390648.0
2014-04-04,3.78,3.8,3.78,3.75,21897144.0,49471592.0
2014-04-03,3.82,3.82,3.78,3.78,21841842.0,49531980.0
2014-04-02,3.8,3.82,3.8,3.78,26957304.0,61197640.0
2014-04-01,3.77,3.82,3.78,3.77,20958524.0,47377532.0
2014-03-31,3.8,3.82,3.77,3.77,27184768.0,61619368.0
2014-03-28,3.78,3.82,3.8,3.77,30296720.0,68712584.0
2014-03-27,3.8,3.82,3.78,3.77,34381336.0,77935680.0
2014-03-26,3.83,3.85,3.83,3.82,24994296.0,57184240.0
2014-03-25,3.82,3.87,3.85,3.8,40409360.0,92422736.0
2014-03-24,3.82,3.85,3.85,3.8,43267924.0,98929968.0
2014-03-21,3.75,3.83,3.82,3.73,46097324.0,104061952.0
2014-03-20,3.77,3.8,3.77,3.75,35815524.0,80765168.0
2014-03-19,3.8,3.82,3.8,3.78,23499150.0,53324420.0
2014-03-18,3.83,3.83,3.83,3.78,43060800.0,98003160.0
2014-03-17,3.87,3.88,3.87,3.83,30168046.0,69490080.0
2014-03-14,3.87,3.88,3.85,3.82,27428984.0,62828516.0
2014-03-13,3.9,3.9,3.87,3.83,44403520.0,102626416.0
2014-03-12,3.78,3.87,3.83,3.78,41159208.0,94195472.0
2014-03-11,3.78,3.82,3.78,3.75,35558456.0,80442984.0
2014-03-10,3.88,3.88,3.78,3.77,54835472.0,125294080.0
2014-03-07,3.95,3.98,3.93,3.9,45937480.0,108029968.0
2014-03-06,3.92,3.93,3.92,3.87,39425152.0,91961552.0
2014-03-05,4.02,4.02,3.93,3.88,98944360.0,233099792.0
2014-03-04,4.08,4.2,4.07,4.05,171535440.0,421915744.0
2014-03-03,4.0,4.07,4.05,3.98,80274672.0,192780208.0
2014-02-28,3.95,4.05,3.98,3.92,78420800.0,187134816.0
2014-02-27,4.02,4.02,3.95,3.92,75141584.0,177952176.0
2014-02-26,3.88,4.13,4.07,3.88,132850664.0,318393600.0
2014-02-25,3.92,3.97,3.88,3.85,45735592.0,107062904.0
2014-02-24,3.97,3.97,3.9,3.85,43592480.0,101414088.0
2014-02-21,4.0,4.02,3.97,3.93,45616120.0,108256408.0
2014-02-20,3.97,4.08,4.0,3.95,64230216.0,154099648.0
2014-02-19,3.97,4.02,3.98,3.93,47940768.0,114080000.0
2014-02-18,4.08,4.08,3.97,3.95,80299368.0,191535120.0
2014-02-17,4.12,4.18,4.07,4.05,96207232.0,234905648.0
2014-02-14,4.02,4.08,4.04,3.97,112764592.0,270884096.0
2014-02-13,3.87,4.22,4.04,3.85,293942944.0,717227584.0
2014-02-12,3.85,3.87,3.83,3.82,65575596.0,150265184.0
2014-02-11,3.78,3.9,3.87,3.77,107034088.0,245080672.0
2014-02-10,3.73,3.78,3.77,3.72,65431600.0,147171168.0
2014-02-07,3.72,3.73,3.73,3.67,23159842.0,51252336.0
2014-01-30,3.77,3.78,3.75,3.73,16953670.0,38037164.0
2014-01-29,3.77,3.77,3.77,3.75,18035322.0,40458780.0
2014-01-28,3.75,3.78,3.77,3.73,26386052.0,59286360.0
2014-01-27,3.77,3.83,3.78,3.73,43650300.0,98839592.0
2014-01-24,3.75,3.82,3.8,3.73,51598968.0,116569920.0
2014-01-23,3.73,3.77,3.73,3.72,22797580.0,50912528.0
2014-01-22,3.7,3.77,3.77,3.7,38418404.0,85920672.0
2014-01-21,3.7,3.73,3.72,3.68,18583974.0,41193240.0
2014-01-20,3.7,3.72,3.7,3.68,19600000.0,43295200.0
2014-01-17,3.72,3.73,3.7,3.68,25751984.0,56876764.0
2014-01-16,3.7,3.77,3.73,3.68,30922604.0,68801944.0
2014-01-15,3.72,3.73,3.72,3.68,14610356.0,32321080.0
2014-01-14,3.75,3.75,3.73,3.7,19570204.0,43513692.0
2014-01-13,3.7,3.77,3.75,3.7,31824868.0,71042944.0
2014-01-10,3.7,3.77,3.68,3.68,34123448.0,75658792.0
2014-01-09,3.73,3.75,3.7,3.7,24297580.0,54091992.0
2014-01-08,3.78,3.8,3.75,3.73,29600436.0,66459464.0
2014-01-07,3.78,3.8,3.8,3.77,17938584.0,40493788.0
2014-01-06,3.85,3.87,3.8,3.77,38442132.0,86964912.0
2014-01-03,3.9,3.9,3.85,3.83,33051678.0,76179000.0
2014-01-02,3.85,3.95,3.9,3.82,54957512.0,127717776.0
2013-12-31,3.85,3.88,3.87,3.83,26234772.0,60406960.0
2013-12-30,3.9,3.93,3.87,3.85,38455584.0,89133976.0
2013-12-27,3.88,3.93,3.9,3.87,47062860.0,109809392.0
2013-12-26,3.85,4.07,3.93,3.77,84408616.0,197503312.0
2013-12-25,3.83,3.88,3.85,3.82,23394382.0,53853680.0
2013-12-24,3.8,3.87,3.85,3.77,31071428.0,70801560.0
2013-12-23,3.8,3.82,3.8,3.75,25504748.0,57595216.0
2013-12-20,3.87,3.88,3.8,3.78,41802204.0,95428000.0
2013-12-19,3.88,3.93,3.9,3.87,30465868.0,70906240.0
2013-12-18,3.93,3.93,3.9,3.87,31387140.0,73041320.0
2013-12-17,3.95,3.97,3.93,3.93,24828268.0,58455364.0
2013-12-16,3.98,4.0,3.93,3.93,36369608.0,86161616.0
2013-12-13,3.98,4.0,3.98,3.97,27087676.0,64513040.0
2013-12-12,4.02,4.04,4.02,4.0,22782044.0,54686748.0
2013-12-11,4.08,4.08,4.04,4.02,32619588.0,78923544.0
2013-12-10,4.08,4.08,4.07,4.05,22987838.0,55738676.0
2013-12-09,4.07,4.08,4.07,4.05,28415348.0,69047600.0
2013-12-06,4.07,4.08,4.07,4.04,29999562.0,72711272.0
2013-12-05,4.07,4.1,4.08,4.07,51179880.0,124772864.0
2013-12-04,4.02,4.08,4.07,4.02,45186096.0,109443760.0
2013-12-03,4.0,4.05,4.04,3.98,35220120.0,84498928.0
2013-12-02,4.07,4.08,4.04,4.0,62794208.0,151321088.0
2013-11-29,4.1,4.12,4.1,4.08,31028550.0,75896376.0
2013-11-28,4.07,4.15,4.12,4.05,64184936.0,157525056.0
2013-11-27,4.05,4.1,4.07,4.04,28805066.0,69868024.0
2013-11-26,4.07,4.08,4.07,4.05,24184320.0,58727060.0
2013-11-25,4.08,4.1,4.05,4.05,36157612.0,87994176.0
2013-11-22,4.05,4.15,4.12,4.03,58158740.0,142340752.0
2013-11-21,4.08,4.08,4.07,4.04,37772680.0,91548544.0
2013-11-20,4.1,4.12,4.12,4.08,28980044.0,70969664.0
2013-11-19,4.08,4.1,4.08,4.07,25755118.0,62762252.0
2013-11-18,4.05,4.1,4.1,4.04,42163116.0,102631336.0
2013-11-15,3.98,4.07,4.05,3.98,37550928.0,90652624.0
2013-11-14,3.98,4.02,3.98,3.97,23531756.0,56079212.0
2013-11-13,4.04,4.05,3.98,3.97,29699536.0,70904008.0
2013-11-12,4.02,4.07,4.07,4.02,22707332.0,54811608.0
2013-11-11,4.04,4.05,4.04,4.0,28200364.0,67865400.0
2013-11-08,4.1,4.12,4.07,4.07,24070314.0,58820252.0
2013-11-07,4.12,4.13,4.12,4.1,21367160.0,52524388.0
2013-11-06,4.12,4.13,4.12,4.1,22465562.0,55221588.0
2013-11-05,4.12,4.13,4.13,4.08,23917368.0,58747968.0
2013-11-04,4.15,4.17,4.13,4.12,18421216.0,45492576.0
2013-11-01,4.12,4.15,4.13,4.1,24886364.0,61446120.0
2013-10-31,4.15,4.15,4.13,4.08,31948956.0,78626056.0
2013-10-30,4.12,4.17,4.15,4.1,30238564.0,74810000.0
2013-10-29,4.15,4.22,4.13,4.07,53123748.0,131514976.0
2013-10-28,4.18,4.2,4.18,4.15,34313108.0,85550608.0
2013-10-25,4.3,4.32,4.2,4.18,46407288.0,117867352.0
2013-10-24,4.34,4.34,4.3,4.29,37767300.0,97164816.0
2013-10-23,4.4,4.4,4.35,4.34,57429752.0,149928176.0
2013-10-22,4.37,4.37,4.35,4.32,34327908.0,89077128.0
2013-10-21,4.32,4.45,4.39,4.27,72930752.0,189773872.0
2013-10-18,4.42,4.45,4.34,4.32,51466304.0,134514240.0
2013-10-17,4.35,4.37,4.3,4.3,54662360.0,141261280.0
2013-10-16,4.3,4.49,4.4,4.25,111066168.0,289807392.0
2013-10-15,4.3,4.34,4.34,4.3,36831968.0,94974360.0
2013-10-14,4.32,4.34,4.34,4.29,43554876.0,112152760.0
2013-10-11,4.3,4.35,4.34,4.29,43025692.0,111186784.0
2013-10-10,4.32,4.34,4.3,4.29,37590348.0,96580720.0
2013-10-09,4.32,4.35,4.34,4.3,33796224.0,87224576.0
2013-10-08,4.32,4.35,4.35,4.29,39543956.0,101976216.0
2013-09-30,4.32,4.35,4.35,4.32,23556584.0,61017488.0
2013-09-27,4.29,4.32,4.3,4.27,33089664.0,85005776.0
2013-09-26,4.37,4.39,4.29,4.29,41156712.0,106148080.0
2013-09-25,4.32,4.42,4.37,4.3,42878256.0,111742520.0
2013-09-24,4.42,4.42,4.34,4.32,55609512.0,144829360.0
2013-09-23,4.44,4.45,4.44,4.4,43623152.0,115416224.0
2013-09-18,4.37,4.4,4.39,4.32,45020296.0,117243424.0
2013-09-17,4.47,4.47,4.39,4.37,54350744.0,143245344.0
2013-09-16,4.47,4.54,4.47,4.45,50965652.0,136783632.0
2013-09-13,4.5,4.52,4.47,4.45,69719504.0,186891216.0
2013-09-12,4.59,4.6,4.57,4.54,83998216.0,228907328.0
2013-09-11,4.45,4.72,4.62,4.44,186104384.0,510727936.0
2013-09-10,4.45,4.54,4.5,4.42,100795536.0,269525024.0
2013-09-09,4.42,4.49,4.47,4.39,73969064.0,196481440.0
2013-09-06,4.35,4.44,4.42,4.34,53639056.0,140772112.0
2013-09-05,4.42,4.44,4.4,4.39,46911580.0,123383344.0
2013-09-04,4.49,4.54,4.49,4.44,76709480.0,205234800.0
2013-09-03,4.45,4.45,4.44,4.37,72759368.0,192176784.0
2013-09-02,4.4,4.52,4.5,4.35,106611312.0,282999424.0
2013-08-30,4.4,4.44,4.42,4.34,102509336.0,268063344.0
2013-08-29,4.64,4.64,4.47,4.42,215876784.0,579551488.0
2013-08-28,4.29,4.65,4.65,4.29,365139168.0,991551296.0
2013-08-27,4.2,4.24,4.24,4.18,40053696.0,100777344.0
2013-08-26,4.17,4.22,4.22,4.15,41799652.0,104709080.0
2013-08-23,4.15,4.18,4.12,4.08,34264144.0,84633552.0
2013-08-22,4.18,4.18,4.13,4.13,30865342.0,76644472.0
2013-08-21,4.2,4.2,4.17,4.13,41656308.0,103852328.0
2013-08-20,4.25,4.27,4.18,4.17,55867528.0,140802080.0
2013-08-19,4.27,4.3,4.29,4.24,52810280.0,134622432.0
2013-08-16,4.29,4.67,4.27,4.24,149071552.0,388781408.0
2013-08-15,4.24,4.32,4.25,4.22,55534432.0,141577472.0
2013-08-14,4.27,4.3,4.24,4.2,58096200.0,147505792.0
2013-08-13,4.34,4.34,4.3,4.27,53237440.0,136403008.0
2013-08-12,4.24,4.37,4.34,4.17,127829248.0,326708352.0
2013-08-09,4.12,4.29,4.24,4.1,113966600.0,284290752.0
2013-08-08,4.07,4.13,4.08,4.05,36406320.0,88974976.0
2013-08-07,4.08,4.1,4.07,4.05,49107728.0,119547160.0
2013-08-06,4.08,4.13,4.12,4.05,48678876.0,119261560.0
2013-08-05,4.08,4.12,4.12,4.05,26491380.0,64639312.0
2013-08-02,4.13,4.15,4.08,4.07,34307904.0,84227240.0
2013-08-01,4.1,4.15,4.13,4.07,35524196.0,87438616.0
2013-07-31,4.08,4.13,4.08,4.05,20052504.0,48992720.0
2013-07-30,4.04,4.13,4.08,4.02,25741342.0,62636788.0
2013-07-29,4.1,4.1,4.04,4.02,28891412.0,69789792.0
2013-07-26,4.13,4.15,4.12,4.1,21398830.0,52685564.0
2013-07-25,4.17,4.18,4.13,4.12,29664298.0,73471264.0
2013-07-24,4.24,4.27,4.18,4.12,42714940.0,106886864.0
2013-07-23,4.2,4.32,4.24,4.18,71516544.0,181760240.0
2013-07-22,4.05,4.15,4.13,4.05,40863360.0,99992976.0
2013-07-19,4.12,4.17,4.04,4.02,42669016.0,104213504.0
2013-07-18,4.18,4.2,4.12,4.12,38593736.0,95681480.0
2013-07-17,4.35,4.37,4.24,4.22,48779428.0,125286912.0
2013-07-16,4.25,4.29,4.29,4.18,48350400.0,122264352.0
2013-07-15,4.27,4.35,4.27,4.25,52341808.0,134466288.0
2013-07-12,4.39,4.4,4.29,4.27,68539224.0,177841600.0
2013-07-11,4.39,4.49,4.42,4.34,129697288.0,341566080.0
2013-07-10,4.24,4.32,4.3,4.13,55651312.0,140904352.0
2013-07-09,4.29,4.37,4.25,4.22,50543220.0,129157344.0
2013-07-08,4.35,4.44,4.29,4.27,88106008.0,228973504.0
2013-07-05,4.17,4.47,4.47,4.07,144365888.0,375450432.0
2013-07-04,3.99,4.1,4.08,3.94,55452104.0,138515600.0
2013-07-03,3.94,4.03,4.0,3.89,51534392.0,126652336.0
2013-07-02,3.9,3.97,3.95,3.9,39821156.0,97193576.0
2013-07-01,3.87,3.89,3.89,3.84,40066584.0,95995856.0
2013-06-28,3.79,3.89,3.84,3.73,57172860.0,135683360.0
2013-06-27,3.81,3.87,3.86,3.79,55968624.0,133019624.0
2013-06-26,3.92,3.95,3.86,3.81,64530800.0,154505216.0
2013-06-25,4.03,4.03,3.97,3.66,80169648.0,193580720.0
2013-06-24,4.29,4.29,4.05,4.03,61350368.0,158301152.0
2013-06-21,4.26,4.45,4.33,4.16,57774452.0,152998624.0
2013-06-20,4.52,4.52,4.41,4.39,48028972.0,132936352.0
2013-06-19,4.66,4.66,4.58,4.53,36753360.0,104068808.0
2013-06-18,4.7,4.7,4.68,4.66,29504408.0,85508416.0
2013-06-17,4.76,4.76,4.7,4.68,33479412.0,97556920.0
2013-06-14,4.73,4.76,4.76,4.7,39117284.0,114490824.0
2013-06-13,4.84,4.86,4.73,4.7,60074000.0,176384368.0
2013-06-07,4.89,4.92,4.87,4.86,35265180.0,106655440.0
2013-06-06,4.92,4.92,4.89,4.89,23667452.0,71940352.0
2013-06-05,4.94,4.94,4.94,4.91,27696168.0,84386960.0
2013-06-04,4.99,4.99,4.94,4.92,37417024.0,114566504.0
2013-06-03,4.94,4.99,4.99,4.94,46036096.0,141534032.0
2013-05-31,5.04,5.04,4.97,4.95,45947648.0,142311328.0
2013-05-30,5.02,5.02,5.0,4.97,47209452.0,146096896.0
2013-05-29,5.0,5.04,5.02,4.99,60081348.0,186624000.0
2013-05-28,4.94,5.04,5.04,4.89,97266200.0,300373440.0
2013-05-27,4.95,4.97,4.94,4.92,36463144.0,111569976.0
2013-05-24,4.95,4.97,4.97,4.94,34613172.0,106310680.0
2013-05-23,4.95,4.97,4.94,4.92,38024700.0,116402528.0
2013-05-22,4.99,5.0,4.99,4.95,41955592.0,129337400.0
2013-05-21,5.0,5.02,5.0,4.97,41438488.0,128133224.0
2013-05-20,4.92,5.04,5.0,4.91,77558560.0,238443136.0
2013-05-17,4.91,4.97,4.95,4.87,49884080.0,152280992.0
2013-05-16,4.87,4.94,4.89,4.84,46266248.0,140498576.0
2013-05-15,4.92,4.94,4.91,4.89,26267032.0,79853648.0
2013-05-14,4.97,4.99,4.92,4.89,45442664.0,138598704.0
2013-05-13,5.0,5.02,4.99,4.97,34198656.0,105692016.0
2013-05-10,5.02,5.05,5.04,5.0,30246214.0,94307336.0
2013-05-09,5.05,5.08,5.02,5.0,30463640.0,95125832.0
2013-05-08,5.07,5.1,5.05,5.04,37125096.0,116562976.0
2013-05-07,5.07,5.1,5.07,5.0,34176852.0,107120608.0
2013-05-06,5.05,5.08,5.07,5.04,38044740.0,119290848.0
2013-05-03,4.97,5.07,5.0,4.95,36540312.0,113698208.0
2013-05-02,5.02,5.02,4.95,4.92,39967556.0,122706000.0
2013-04-26,5.1,5.16,5.05,5.04,35605032.0,112262736.0
2013-04-25,5.05,5.08,5.04,5.0,36958828.0,115623496.0
2013-04-24,5.02,5.08,5.05,4.99,39400312.0,122787408.0
2013-04-23,5.13,5.13,5.0,4.99,42581188.0,133103736.0
2013-04-22,5.12,5.15,5.13,5.08,36733480.0,116468608.0
2013-04-19,5.05,5.16,5.15,5.05,58023072.0,184216992.0
2013-04-18,5.05,5.1,5.05,5.0,36676336.0,114849200.0
2013-04-17,5.05,5.13,5.08,5.04,42278164.0,133214704.0
2013-04-16,4.91,5.12,5.1,4.84,82860560.0,255908928.0
2013-04-15,5.33,5.33,5.16,5.15,115542392.0,371858304.0
2013-04-12,5.47,5.49,5.47,5.45,18609306.0,63061160.0
2013-04-11,5.52,5.54,5.49,5.47,37025976.0,126079016.0
2013-04-10,5.52,5.58,5.55,5.52,39689904.0,136391264.0
2013-04-09,5.54,5.54,5.52,5.49,38306104.0,130887120.0
2013-04-08,5.47,5.57,5.55,5.42,61735812.0,210982528.0
2013-04-03,5.49,5.5,5.49,5.47,36541276.0,124187024.0
2013-04-02,5.52,5.55,5.52,5.49,33881744.0,115827016.0
2013-04-01,5.57,5.58,5.52,5.49,53468656.0,182849840.0
2013-03-29,5.62,5.63,5.6,5.58,40538112.0,140665952.0
2013-03-28,5.6,5.66,5.65,5.58,86218128.0,301080672.0
2013-03-27,5.6,5.63,5.6,5.58,35672284.0,123926672.0
2013-03-26,5.65,5.66,5.62,5.58,49883972.0,173507408.0
2013-03-25,5.68,5.68,5.68,5.63,41938812.0,147041232.0
2013-03-22,5.66,5.7,5.68,5.63,58193072.0,204491504.0
2013-03-21,5.71,5.71,5.66,5.63,64760368.0,227584864.0
2013-03-20,5.63,5.7,5.68,5.63,89159120.0,312922656.0
2013-03-19,5.6,5.63,5.63,5.58,57145468.0,198744528.0
2013-03-18,5.63,5.63,5.58,5.57,49702364.0,172457952.0
2013-03-15,5.7,5.71,5.62,5.58,157278992.0,549973504.0
2013-03-14,5.71,5.75,5.7,5.66,50191700.0,176995232.0
2013-03-13,5.76,5.79,5.73,5.71,54734064.0,194960576.0
2013-03-12,5.81,5.84,5.76,5.71,69133584.0,247091792.0
2013-03-11,5.84,5.84,5.81,5.78,48369796.0,174067392.0
2013-03-08,5.87,5.87,5.84,5.83,57507412.0,208150416.0
2013-03-07,5.87,5.94,5.89,5.83,63613552.0,231728848.0
2013-03-06,5.87,5.91,5.91,5.83,67108976.0,243462720.0
2013-03-05,5.86,5.89,5.87,5.79,71696744.0,259768208.0
2013-03-04,5.89,5.97,5.86,5.84,61691572.0,225713168.0
2013-03-01,5.95,5.95,5.95,5.89,46937936.0,172146336.0
2013-02-28,5.91,6.0,5.97,5.86,60915008.0,223931024.0
2013-02-27,5.92,5.95,5.92,5.87,38691948.0,141785408.0
2013-02-26,5.95,5.99,5.87,5.86,57069720.0,209698368.0
2013-02-25,5.97,5.99,5.94,5.92,37353140.0,137651696.0
2013-02-22,5.95,5.99,5.95,5.94,44907972.0,165813312.0
2013-02-21,6.05,6.07,5.94,5.92,96146976.0,356178560.0
2013-02-20,6.07,6.13,6.12,6.07,47457696.0,179715936.0
2013-02-19,6.15,6.16,6.1,6.07,77869336.0,294791648.0
2013-02-18,6.23,6.23,6.15,6.13,131177512.0,501520512.0
2013-02-08,6.28,6.31,6.31,6.25,59003344.0,229810640.0
2013-02-07,6.26,6.31,6.29,6.21,70190856.0,272944544.0
2013-02-06,6.29,6.33,6.25,6.25,60568480.0,235787424.0
2013-02-05,6.21,6.34,6.31,6.21,110076544.0,429322304.0
2013-02-04,6.26,6.29,6.25,6.15,115398200.0,446409216.0
2013-02-01,6.2,6.23,6.21,6.15,68564336.0,262727568.0
2013-01-31,6.18,6.29,6.25,6.16,126606136.0,490255456.0
2013-01-30,6.16,6.16,6.15,6.1,56301704.0,214083808.0
2013-01-29,6.13,6.2,6.16,6.1,78491520.0,298540448.0
2013-01-28,6.12,6.15,6.13,6.08,62751360.0,237531392.0
2013-01-25,6.07,6.13,6.08,6.05,39265304.0,148228640.0
2013-01-24,6.13,6.18,6.08,6.07,75207904.0,285860416.0
2013-01-23,6.15,6.18,6.15,6.1,44447384.0,169271680.0
2013-01-22,6.23,6.25,6.15,6.13,65044348.0,248767184.0
2013-01-21,6.25,6.26,6.23,6.2,60983192.0,235000304.0
2013-01-18,6.25,6.28,6.25,6.18,63869692.0,246651040.0
2013-01-17,6.29,6.29,6.2,6.18,62731332.0,241627008.0
2013-01-16,6.26,6.36,6.31,6.21,132369752.0,515384000.0
2013-01-15,6.2,6.26,6.25,6.16,114981888.0,442957504.0
2013-01-14,6.07,6.21,6.2,6.05,88888224.0,338654560.0
2013-01-11,6.21,6.21,6.1,6.07,61564004.0,233964224.0
2013-01-10,6.12,6.21,6.18,6.08,84772184.0,323277824.0
2013-01-09,6.12,6.15,6.13,6.08,52526112.0,199058928.0
2013-01-08,6.13,6.15,6.12,6.07,56235572.0,212720784.0
2013-01-07,6.13,6.15,6.13,6.07,66805536.0,252918544.0
2013-01-04,6.25,6.25,6.15,6.12,79824296.0,304967264.0
2012-12-31,6.13,6.23,6.18,6.13,80494856.0,308566400.0
2012-12-28,6.1,6.15,6.13,6.08,59438860.0,225409728.0
2012-12-27,6.13,6.15,6.1,6.07,73142640.0,276780384.0
2012-12-26,6.07,6.21,6.15,6.05,121747312.0,462032032.0
2012-12-25,5.99,6.13,6.07,5.95,86692320.0,325422368.0
2012-12-24,5.99,6.02,6.0,5.95,35742392.0,132554376.0
2012-12-21,6.0,6.08,5.99,5.99,47524536.0,177113472.0
2012-12-20,6.02,6.08,6.07,5.97,40365880.0,150585312.0
2012-12-19,6.04,6.08,6.04,6.02,55322856.0,207245472.0
2012-12-18,6.12,6.18,6.1,6.08,54108904.0,205260720.0
2012-12-17,6.08,6.2,6.12,6.02,90543744.0,343691552.0
2012-12-14,5.87,6.1,6.08,5.83,104808720.0,390859936.0
2012-12-13,5.95,5.97,5.89,5.87,43702864.0,160042288.0
2012-12-12,5.92,6.02,6.0,5.87,63737352.0,235652656.0
2012-12-11,5.92,5.95,5.92,5.87,32616388.0,119405312.0
2012-12-10,5.89,5.95,5.94,5.86,63438944.0,232303536.0
2012-12-07,5.81,5.89,5.89,5.78,65708380.0,238515808.0
2012-12-06,5.81,5.86,5.81,5.78,30260244.0,108949904.0
2012-12-05,5.66,5.89,5.84,5.65,51388520.0,184765888.0
2012-12-04,5.74,5.76,5.7,5.63,31039944.0,109281928.0
2012-12-03,5.79,5.79,5.74,5.73,21951610.0,78405648.0
2012-11-30,5.78,5.83,5.81,5.78,24417652.0,87812448.0
2012-11-29,5.81,5.86,5.78,5.76,27056708.0,97088912.0
2012-11-28,5.94,5.94,5.84,5.81,35617644.0,128981992.0
2012-11-27,6.04,6.05,5.97,5.95,24101848.0,89591696.0
2012-11-26,6.02,6.05,6.04,5.99,27528632.0,102727312.0
2012-11-23,6.0,6.02,5.99,5.97,24579006.0,91190304.0
2012-11-22,6.02,6.02,5.97,5.95,13255387.0,49135816.0
2012-11-21,5.99,6.04,6.04,5.92,21943190.0,81373296.0
2012-11-20,6.02,6.05,6.0,5.97,20416108.0,75959120.0
2012-11-19,5.97,5.99,5.99,5.94,20706544.0,76525368.0
2012-11-16,6.02,6.04,5.95,5.92,31122352.0,114895976.0
2012-11-15,6.13,6.13,6.02,6.0,25849538.0,97611104.0
2012-11-14,6.1,6.15,6.13,6.08,17489848.0,66340344.0
2012-11-13,6.16,6.18,6.1,6.08,29768258.0,112985776.0
2012-11-12,6.21,6.23,6.2,6.16,28563496.0,109502920.0
2012-11-09,6.2,6.25,6.2,6.18,29236852.0,112534456.0
2012-11-08,6.26,6.28,6.18,6.16,43740828.0,168239552.0
2012-11-07,6.26,6.39,6.33,6.25,71620248.0,280356096.0
2012-11-06,6.2,6.25,6.25,6.13,37776480.0,144972944.0
2012-11-05,6.2,6.23,6.2,6.16,29125732.0,111880304.0
2012-11-02,6.26,6.28,6.25,6.2,27633472.0,106808776.0
2012-11-01,6.15,6.31,6.26,6.15,43984500.0,170242912.0
2012-10-31,6.16,6.18,6.15,6.12,21858680.0,83155152.0
2012-10-30,6.16,6.21,6.15,6.13,25322192.0,96619504.0
2012-10-29,6.15,6.23,6.18,6.13,26738992.0,102495752.0
2012-10-26,6.33,6.33,6.16,6.15,50084608.0,192567008.0
2012-10-25,6.26,6.31,6.29,6.25,37832608.0,147175104.0
2012-10-24,6.25,6.31,6.26,6.23,26420016.0,102581416.0
2012-10-23,6.29,6.34,6.29,6.28,29480676.0,115122736.0
2012-10-22,6.23,6.33,6.29,6.21,37340424.0,145054864.0
2012-10-19,6.31,6.34,6.29,6.28,37955676.0,148191136.0
2012-10-18,6.29,6.36,6.34,6.26,51239640.0,200568016.0
2012-10-17,6.29,6.33,6.26,6.23,40305856.0,156739776.0
2012-10-16,6.23,6.31,6.28,6.21,34252308.0,133132168.0
2012-10-15,6.28,6.29,6.28,6.23,49770088.0,192902880.0
2012-10-12,6.41,6.45,6.36,6.33,51917132.0,204967760.0
2012-10-11,6.39,6.49,6.39,6.34,65784520.0,261231984.0
2012-10-10,6.37,6.45,6.44,6.33,73166864.0,289440768.0
2012-10-09,6.36,6.47,6.44,6.34,83342880.0,331789728.0
2012-10-08,6.44,6.44,6.34,6.29,96049616.0,378001824.0
2012-09-28,6.29,6.55,6.47,6.25,182024608.0,724535808.0
2012-09-27,6.07,6.39,6.23,6.05,110211992.0,425232800.0
2012-09-26,6.26,6.28,6.13,6.1,82056040.0,314143296.0
2012-09-25,6.44,6.45,6.31,6.26,128618144.0,503973344.0
2012-09-24,6.45,6.52,6.5,6.39,145430832.0,581589696.0
2012-09-21,6.39,6.75,6.62,6.39,250146752.0,1024882496.0
2012-09-20,6.49,6.62,6.39,6.36,148678576.0,599327552.0
2012-09-19,6.28,6.62,6.58,6.26,155535920.0,622631488.0
2012-09-18,6.33,6.34,6.28,6.23,64982008.0,253233120.0
2012-09-17,6.52,6.6,6.42,6.41,122004464.0,491338272.0
2012-09-14,6.62,6.7,6.5,6.44,190207008.0,770956032.0
2012-09-13,6.41,6.41,6.29,6.29,61656324.0,242207696.0
2012-09-12,6.44,6.5,6.44,6.37,72109192.0,287752256.0
2012-09-11,6.34,6.47,6.37,6.31,71994032.0,285194624.0
2012-09-10,6.47,6.52,6.41,6.34,128057736.0,510702240.0
2012-09-07,6.13,6.39,6.31,6.1,124843968.0,485360256.0
2012-09-06,6.02,6.13,6.13,6.02,37928892.0,142597584.0
2012-09-05,5.99,6.1,6.04,5.95,30821216.0,115315944.0
2012-09-04,6.08,6.12,6.0,5.97,30275750.0,113070416.0
2012-09-03,6.0,6.15,6.07,6.0,64904912.0,244972848.0
2012-08-31,5.97,6.0,5.94,5.92,29506884.0,108988248.0
2012-08-30,5.99,6.04,6.0,5.92,36976672.0,136959888.0
2012-08-29,6.08,6.1,6.04,6.0,21295608.0,79842856.0
2012-08-28,6.1,6.12,6.1,6.02,39883344.0,149993376.0
2012-08-27,6.21,6.29,6.15,6.15,62838988.0,242595056.0
2012-08-24,6.33,6.33,6.2,6.18,51328080.0,198852160.0
2012-08-23,6.23,6.37,6.33,6.21,80057800.0,313227456.0
2012-08-22,6.26,6.29,6.18,6.15,36961464.0,141933536.0
2012-08-21,6.12,6.26,6.18,6.1,38905752.0,149252976.0
2012-08-20,6.15,6.16,6.13,6.08,31688524.0,120047864.0
2012-08-17,6.16,6.2,6.18,6.08,29389568.0,111912600.0
2012-08-16,6.1,6.2,6.12,6.1,26618092.0,101160256.0
2012-08-15,6.21,6.21,6.13,6.12,26386500.0,100668104.0
2012-08-14,6.26,6.29,6.21,6.15,34955288.0,134612240.0
2012-08-13,6.34,6.36,6.26,6.23,45967456.0,179426704.0
2012-08-10,6.39,6.52,6.37,6.36,43712844.0,174023392.0
2012-08-09,6.39,6.42,6.39,6.33,47335660.0,186921936.0
2012-08-08,6.41,6.49,6.41,6.29,83374448.0,330208960.0
2012-08-07,6.15,6.63,6.44,6.15,151114512.0,604992640.0
2012-08-06,5.97,6.08,6.07,5.97,45621952.0,170701984.0
2012-08-03,5.91,5.97,5.97,5.91,22443860.0,82858576.0
2012-08-02,5.95,5.95,5.91,5.91,18581206.0,68236144.0
2012-08-01,5.91,6.0,5.97,5.89,21044436.0,77743704.0
2012-07-31,5.91,5.97,5.92,5.89,25259182.0,92848912.0
2012-07-30,6.0,6.05,5.91,5.91,27133460.0,100518104.0
2012-07-27,6.05,6.05,6.04,6.0,25997644.0,97099728.0
2012-07-26,5.99,6.08,6.02,5.97,35634128.0,133067040.0
2012-07-25,5.94,5.99,5.95,5.92,16041330.0,59182648.0
2012-07-24,5.94,6.0,5.95,5.92,23876160.0,88135136.0
2012-07-23,6.02,6.04,5.97,5.95,21191248.0,78442040.0
2012-07-20,6.04,6.07,6.04,6.0,26612930.0,99335200.0
2012-07-19,6.04,6.12,6.07,5.99,31262388.0,117631552.0
2012-07-18,6.02,6.05,6.04,5.97,21171928.0,78834600.0
2012-07-17,5.99,6.07,6.07,5.95,27123644.0,101030128.0
2012-07-16,6.08,6.1,5.97,5.95,35346260.0,131542992.0
2012-07-13,5.99,6.1,6.04,5.99,25266232.0,94569688.0
2012-07-12,5.97,6.12,6.02,5.92,53622712.0,199593056.0
2012-07-11,5.97,6.0,6.0,5.92,27571416.0,101880368.0
2012-07-10,6.07,6.08,5.99,5.97,32412116.0,120673744.0
2012-07-09,6.12,6.13,6.07,6.05,28370468.0,107023904.0
2012-07-06,6.18,6.2,6.2,6.07,28558124.0,108481560.0
2012-07-05,6.13,6.15,6.1,6.07,28857804.0,112121064.0
2012-07-04,6.17,6.2,6.15,6.13,22483304.0,88058496.0
2012-07-03,6.13,6.17,6.12,6.1,21654444.0,84532192.0
2012-07-02,6.17,6.2,6.13,6.12,25282560.0,98965528.0
2012-06-29,5.98,6.1,6.1,5.96,28728616.0,110205120.0
2012-06-28,6.1,6.12,6.02,6.02,22247056.0,85802000.0
2012-06-27,6.12,6.15,6.09,6.07,30097700.0,116881520.0
2012-06-26,6.12,6.17,6.13,6.02,43808120.0,169763568.0
2012-06-25,6.23,6.23,6.12,6.1,45353212.0,177844688.0
2012-06-21,6.35,6.37,6.28,6.24,47041672.0,187788512.0
2012-06-20,6.38,6.42,6.38,6.37,24175948.0,98123888.0
2012-06-19,6.42,6.43,6.38,6.37,23041392.0,93551936.0
2012-06-18,6.45,6.46,6.42,6.4,23526012.0,96194976.0
2012-06-15,6.38,6.43,6.42,6.37,35977336.0,146511392.0
2012-06-14,6.42,6.45,6.4,6.38,25046302.0,102158288.0
2012-06-13,6.43,6.45,6.43,6.37,30171416.0,122940256.0
2012-06-12,6.42,6.42,6.4,6.37,28606234.0,116217128.0
2012-06-11,6.42,6.48,6.46,6.38,31397542.0,128549008.0
2012-06-08,6.45,6.48,6.4,6.38,51331976.0,209384848.0
2012-06-07,6.61,6.61,6.51,6.48,63246092.0,263228192.0
2012-06-06,6.48,6.71,6.59,6.42,126134792.0,530177856.0
2012-06-05,6.53,6.54,6.45,6.37,46346376.0,189821568.0
2012-06-04,6.64,6.71,6.53,6.51,98333488.0,411993632.0
2012-06-01,6.61,6.68,6.51,6.48,72862272.0,304320224.0
2012-05-30,6.48,6.5,6.46,6.43,41278336.0,169490400.0
2012-05-29,6.38,6.54,6.51,6.37,72752896.0,299812672.0
2012-05-25,6.38,6.4,6.37,6.32,32041068.0,129458824.0
2012-05-24,6.35,6.42,6.37,6.34,33413002.0,135464224.0
2012-05-23,6.46,6.48,6.42,6.34,62863268.0,256051552.0
2012-05-22,6.51,6.54,6.51,6.46,37777504.0,155990144.0
2012-05-21,6.48,6.54,6.5,6.46,37168756.0,153523200.0
2012-05-18,6.48,6.59,6.48,6.45,60903424.0,252227712.0
2012-05-17,6.42,6.51,6.5,6.38,48563456.0,198873184.0
2012-05-16,6.48,6.48,6.42,6.4,58878836.0,240740896.0
2012-05-15,6.46,6.53,6.51,6.45,41390168.0,170496800.0
2012-05-14,6.64,6.68,6.53,6.53,52395788.0,219246272.0
2012-05-11,6.7,6.73,6.61,6.59,50435360.0,212726320.0
2012-05-10,6.7,6.75,6.7,6.68,41687652.0,177868272.0
2012-05-09,6.79,6.81,6.73,6.71,59025300.0,253534096.0
2012-05-08,6.89,6.9,6.89,6.83,62989116.0,274541952.0
2012-05-07,6.83,6.92,6.9,6.79,64803776.0,283670912.0
2012-05-04,6.81,6.89,6.89,6.78,58086300.0,252402400.0
2012-05-03,6.89,6.92,6.87,6.84,57981480.0,253265040.0
2012-05-02,6.84,6.98,6.92,6.78,103994416.0,456560992.0
2012-04-27,6.84,6.89,6.76,6.73,72342168.0,312997056.0
2012-04-26,6.89,6.93,6.89,6.83,54521864.0,238645760.0
2012-04-25,6.73,6.94,6.92,6.7,132146160.0,577930624.0
2012-04-24,6.7,6.86,6.71,6.61,70733952.0,302097504.0
2012-04-23,6.79,6.81,6.75,6.73,38542896.0,165699760.0
2012-04-20,6.78,6.84,6.83,6.73,50839608.0,219349808.0
2012-04-19,6.78,6.81,6.78,6.75,37243760.0,160538560.0
2012-04-18,6.67,6.87,6.84,6.64,90278976.0,390662240.0
2012-04-17,6.68,6.7,6.64,6.61,34571304.0,146361104.0
2012-04-16,6.73,6.79,6.7,6.67,47194408.0,201465952.0
2012-04-13,6.76,6.87,6.79,6.76,68183696.0,295059392.0
2012-04-12,6.64,6.75,6.73,6.59,73108992.0,310493152.0
2012-04-11,6.51,6.68,6.65,6.48,79803960.0,335692192.0
2012-04-10,6.53,6.57,6.56,6.43,39349088.0,162725488.0
2012-04-09,6.53,6.62,6.54,6.4,43353752.0,179638384.0
2012-04-06,6.53,6.56,6.53,6.46,38720480.0,160239664.0
2012-04-05,6.42,6.56,6.54,6.35,73383784.0,301166528.0
2012-03-30,6.45,6.5,6.46,6.42,36403640.0,149447008.0
2012-03-29,6.56,6.57,6.45,6.42,51809456.0,213236064.0
2012-03-28,6.83,6.83,6.62,6.61,57055196.0,243251264.0
2012-03-27,6.86,6.94,6.86,6.83,44069940.0,192785712.0
2012-03-26,6.83,6.84,6.78,6.75,29189340.0,125968704.0
2012-03-23,6.84,6.87,6.79,6.76,64684628.0,280032736.0
2012-03-21,6.84,7.12,6.97,6.76,105672832.0,466821056.0
2012-03-20,6.89,6.9,6.81,6.78,49292328.0,214077168.0
2012-03-19,6.86,6.92,6.92,6.79,60169760.0,262200512.0
2012-03-16,6.9,6.9,6.86,6.73,74132200.0,321809984.0
2012-03-15,6.83,6.9,6.79,6.73,120638632.0,522239712.0
2012-03-14,7.16,7.2,6.95,6.89,160944512.0,725806400.0
2012-03-13,7.2,7.2,7.16,7.09,55622656.0,252549152.0
2012-03-12,7.2,7.2,7.16,7.08,74681584.0,338580160.0
2012-03-09,7.11,7.2,7.17,7.08,73911208.0,335484448.0
2012-03-08,7.05,7.11,7.08,7.03,65953396.0,296820832.0
2012-03-07,7.01,7.08,7.01,6.95,77703744.0,346441344.0
2012-03-06,7.27,7.28,7.12,7.11,89419488.0,407673472.0
2012-03-05,7.34,7.39,7.3,7.25,81140400.0,376758816.0
2012-03-02,7.31,7.39,7.36,7.31,83988040.0,392044640.0
2012-03-01,7.2,7.34,7.31,7.12,110186320.0,509786848.0
2012-02-29,7.41,7.63,7.47,7.33,132731680.0,633737152.0
2012-02-28,7.42,7.42,7.38,7.27,95571376.0,446153088.0
2012-02-27,7.44,7.57,7.44,7.41,134017048.0,638514304.0
2012-02-24,7.41,7.45,7.42,7.33,124253440.0,584271104.0
2012-02-23,7.22,7.49,7.41,7.22,220089488.0,1033091328.0
2012-02-22,7.19,7.25,7.2,7.16,106989232.0,489878656.0
2012-02-21,7.14,7.16,7.14,7.01,67706472.0,305117600.0
2012-02-20,7.11,7.2,7.16,7.06,142679792.0,646754112.0
2012-02-17,7.05,7.11,7.05,7.0,40812264.0,182907392.0
2012-02-16,7.08,7.11,7.05,6.98,71877352.0,322181664.0
2012-02-15,7.09,7.17,7.11,7.01,92893216.0,419563904.0
2012-02-14,7.16,7.16,7.05,7.0,59978772.0,268822656.0
2012-02-13,7.0,7.17,7.12,6.93,90109120.0,407019232.0
2012-02-10,7.08,7.2,7.08,7.03,98099984.0,444289216.0
2012-02-09,7.05,7.12,7.08,7.03,91963696.0,413431392.0
2012-02-08,6.89,7.22,7.12,6.86,142939456.0,641976512.0
2012-02-07,6.93,6.93,6.84,6.76,73128848.0,317693056.0
2012-02-06,7.03,7.06,7.0,6.95,62084752.0,276496928.0
2012-02-03,7.03,7.12,7.08,7.01,76130504.0,342176448.0
2012-02-02,6.95,7.03,7.01,6.87,61993708.0,274378240.0
2012-02-01,6.97,7.08,6.87,6.86,95833408.0,424191072.0
2012-01-31,6.98,7.03,6.98,6.9,75016800.0,332255776.0
2012-01-30,7.17,7.33,7.06,7.05,169178192.0,769495296.0
2012-01-20,7.06,7.08,7.03,6.86,94722912.0,420628000.0
2012-01-19,6.73,7.38,7.05,6.71,187809024.0,842404736.0
2012-01-18,7.0,7.16,6.75,6.71,195219536.0,864496192.0
2012-01-17,6.26,6.86,6.86,6.23,168959872.0,714800640.0
2012-01-16,6.29,6.34,6.23,6.21,40686276.0,162250752.0
2012-01-13,6.53,6.57,6.38,6.32,60766036.0,248762736.0
2012-01-12,6.46,6.57,6.53,6.43,70783528.0,292804928.0
2012-01-11,6.53,6.68,6.54,6.4,101194768.0,419521600.0
2012-01-10,6.15,6.51,6.48,6.12,122474840.0,493433792.0
2012-01-09,5.96,6.2,6.18,5.9,95963216.0,372118144.0
2012-01-06,5.93,5.98,5.98,5.85,32262218.0,121057944.0
2012-01-05,5.96,6.01,5.95,5.91,29575140.0,112165128.0
2012-01-04,6.1,6.13,5.99,5.98,31264868.0,120237648.0
