date,open,high,close,low,volume,price_change,p_change,ma5,ma10,ma20,v_ma5,v_ma10,v_ma20
2012-07-11,2.82,2.87,2.86,2.78,83570.9,0.05,1.78,2.86,2.86,2.86,83570.9,83570.9,83570.9
2012-07-12,2.84,2.9,2.89,2.81,106478.57,0.03,1.05,2.875,2.875,2.875,95024.74,95024.74,95024.74
2012-07-13,2.88,2.9,2.89,2.85,66067.0,0.0,0.0,2.88,2.88,2.88,85372.16,85372.16,85372.16
2012-07-16,2.89,2.89,2.84,2.8,69745.43,-0.05,-1.73,2.87,2.87,2.87,81465.48,81465.48,81465.48
2012-07-17,2.82,2.9,2.9,2.8,83813.65,0.06,2.11,2.876,2.876,2.876,81935.11,81935.11,81935.11
2012-07-18,2.89,3.03,2.98,2.86,168290.31,0.08,2.76,2.9,2.893,2.893,98878.99,96327.64,96327.64
2012-07-19,2.98,3.09,2.99,2.93,217111.11,0.01,0.34,2.92,2.907,2.907,121005.5,113582.42,113582.42
2012-07-20,2.96,2.99,2.96,2.92,120072.11,-0.03,-1.0,2.934,2.914,2.914,131806.52,114393.64,114393.64
2012-07-23,2.94,3.01,2.97,2.91,122151.22,0.01,0.34,2.96,2.92,2.92,142287.68,115255.59,115255.59
2012-07-24,2.94,3.0,2.98,2.93,86272.97,0.01,0.34,2.976,2.926,2.926,142779.54,112357.33,112357.33
2012-07-25,2.99,3.0,2.97,2.94,77421.26,-0.01,-0.34,2.974,2.937,2.93,124605.73,111742.36,109181.32
2012-07-26,2.96,2.98,2.95,2.91,78373.69,-0.02,-0.67,2.966,2.943,2.932,96858.25,108931.88,106614.02
2012-07-27,2.97,2.97,2.92,2.89,82375.92,-0.03,-1.02,2.958,2.946,2.931,89319.01,110562.77,104749.55
2012-07-30,2.93,2.98,2.94,2.85,131933.38,0.02,0.69,2.952,2.956,2.931,91275.44,116781.56,106691.25
2012-07-31,2.89,2.92,2.91,2.86,92824.94,-0.03,-1.02,2.938,2.957,2.93,92585.84,117682.69,105766.83
2012-08-01,2.89,2.96,2.94,2.88,78043.8,0.03,1.03,2.932,2.953,2.931,92710.35,108658.04,104034.14
2012-08-02,2.92,2.94,2.94,2.88,73151.78,0.0,0.0,2.93,2.948,2.931,91665.96,94262.11,102217.53
2012-08-03,2.94,2.95,2.95,2.91,79389.43,0.01,0.34,2.936,2.947,2.932,91068.67,90193.84,100949.3
2012-08-06,2.95,3.01,3.01,2.93,165664.39,0.06,2.03,2.95,2.951,2.936,97814.87,94545.16,104355.36
2012-08-07,3.0,3.0,2.99,2.97,118630.6,-0.02,-0.66,2.966,2.952,2.939,102976.0,97780.92,105069.12
2012-08-08,2.99,3.0,2.99,2.95,80724.26,0.0,0.0,2.976,2.954,2.946,103512.09,98111.22,104926.79
2012-08-09,2.98,3.02,3.01,2.96,122606.58,0.02,0.67,2.99,2.96,2.952,113403.05,102534.51,105733.19
2012-08-10,3.04,3.08,2.99,2.99,174834.55,-0.02,-0.66,2.998,2.967,2.957,132492.08,111780.37,111171.57
2012-08-13,2.96,2.96,2.88,2.87,86144.39,-0.11,-3.68,2.972,2.961,2.959,116588.08,107201.47,111991.52
2012-08-14,2.86,2.9,2.9,2.82,82578.66,0.02,0.69,2.954,2.96,2.959,109377.69,106176.84,111929.77
2012-08-15,2.91,2.93,2.89,2.87,60382.22,-0.01,-0.34,2.934,2.955,2.954,105309.28,104410.69,106534.36
2012-08-16,2.88,2.9,2.88,2.87,39165.99,-0.01,-0.35,2.908,2.949,2.949,88621.16,101012.11,97637.11
2012-08-17,2.89,2.9,2.9,2.86,57654.82,0.02,0.69,2.89,2.944,2.946,65185.22,98838.65,94516.24
2012-08-20,2.89,2.9,2.89,2.86,36379.28,-0.01,-0.34,2.892,2.932,2.942,55232.19,85910.13,90227.65
2012-08-21,2.89,2.91,2.9,2.87,62497.82,0.01,0.35,2.892,2.923,2.938,51216.03,80296.86,89038.89
2012-08-22,2.9,2.9,2.89,2.86,65727.29,-0.01,-0.34,2.892,2.913,2.934,52285.04,78797.16,88454.19
2012-08-23,2.87,2.89,2.89,2.86,43200.84,0.0,0.0,2.894,2.901,2.931,53092.01,70856.59,86695.55
2012-08-24,2.88,2.88,2.88,2.85,74848.11,-0.01,-0.35,2.89,2.89,2.929,56530.67,60857.94,86319.16
2012-08-27,2.87,2.9,2.9,2.86,112442.47,0.02,0.69,2.892,2.892,2.927,71743.31,63487.75,85344.61
2012-08-28,2.89,2.92,2.91,2.88,60529.97,0.01,0.34,2.894,2.893,2.927,71349.74,61282.88,83729.86
2012-08-29,2.91,2.91,2.89,2.88,43488.99,-0.02,-0.69,2.894,2.893,2.924,66902.08,59593.56,82002.12
2012-08-30,2.89,2.9,2.89,2.86,48877.74,0.0,0.0,2.894,2.894,2.922,68037.46,60564.73,80788.42
2012-08-31,2.87,2.96,2.93,2.86,146390.2,0.04,1.38,2.904,2.897,2.921,82345.87,69438.27,84138.46
2012-09-03,2.9,2.91,2.91,2.88,79678.1,-0.02,-0.68,2.906,2.899,2.916,75793.0,73768.15,79839.14
2012-09-04,2.9,2.9,2.88,2.85,44704.99,-0.03,-1.03,2.9,2.897,2.91,72628.0,71988.87,76142.86
2012-09-05,2.87,2.88,2.87,2.85,43935.01,-0.01,-0.35,2.896,2.895,2.904,72717.21,69809.64,74303.4
2012-09-06,2.87,2.88,2.88,2.86,33053.17,0.01,0.35,2.894,2.894,2.898,69552.29,68794.87,69825.73
2012-09-07,2.88,2.97,2.95,2.88,207513.52,0.07,2.43,2.898,2.901,2.896,81776.96,82061.42,71459.68
2012-09-10,2.94,2.94,2.93,2.91,108962.73,-0.02,-0.68,2.902,2.904,2.898,87633.88,81713.44,72600.6
2012-09-11,2.94,2.95,2.94,2.92,82652.67,0.01,0.34,2.914,2.907,2.9,95223.42,83925.71,72604.3
2012-09-12,2.95,2.96,2.96,2.93,106437.22,0.02,0.68,2.932,2.914,2.904,107723.86,90220.54,74907.05
2012-09-13,2.98,3.15,3.06,2.97,494684.88,0.1,3.38,2.968,2.931,2.913,200050.2,134801.25,97682.99
2012-09-14,3.06,3.06,3.03,3.0,212492.0,-0.03,-0.98,2.984,2.941,2.919,201045.9,141411.43,105424.85
2012-09-17,3.03,3.03,2.91,2.89,207403.62,-0.12,-3.96,2.98,2.941,2.92,220734.08,154183.98,113976.07
2012-09-18,2.89,2.9,2.9,2.86,97502.07,-0.01,-0.34,2.972,2.943,2.92,223703.96,159463.69,115726.28
2012-09-19,2.9,2.91,2.89,2.87,34938.86,-0.01,-0.34,2.958,2.945,2.92,209404.29,158564.07,114186.86
2012-09-20,2.89,2.89,2.88,2.83,108272.64,-0.01,-0.35,2.922,2.945,2.92,132121.84,166086.02,117440.45
2012-09-21,2.86,2.89,2.89,2.83,69729.74,0.01,0.35,2.894,2.939,2.92,103569.39,152307.64,117184.53
2012-09-24,2.87,2.88,2.88,2.83,53375.82,-0.01,-0.35,2.888,2.934,2.919,72763.83,146748.95,114231.2
2012-09-25,2.87,2.87,2.86,2.83,41337.01,-0.02,-0.69,2.88,2.926,2.917,61530.81,142617.39,113271.55
2012-09-26,2.86,2.88,2.87,2.77,159037.7,0.01,0.35,2.876,2.917,2.916,86350.58,147877.43,119048.98
2012-09-27,2.84,2.9,2.9,2.83,78287.86,0.03,1.04,2.88,2.901,2.916,80353.63,106237.73,120519.49
2012-09-28,2.88,2.92,2.91,2.84,74128.8,0.01,0.34,2.884,2.889,2.915,81233.44,92401.41,116906.42
2012-10-08,2.9,2.91,2.89,2.86,33164.15,-0.02,-0.69,2.886,2.887,2.914,77191.1,74977.47,114580.72
2012-10-09,2.88,2.92,2.92,2.87,75476.14,0.03,1.04,2.898,2.889,2.916,84018.93,72774.87,116119.28
2012-10-10,2.92,2.94,2.93,2.88,71742.27,0.01,0.34,2.91,2.893,2.919,66559.84,76455.21,117509.64
2012-10-11,2.93,2.93,2.9,2.88,62087.64,-0.03,-1.02,2.91,2.895,2.92,63319.8,71836.71,118961.37
2012-10-12,2.89,2.91,2.89,2.87,42376.63,-0.01,-0.34,2.906,2.895,2.917,56969.37,69101.4,110704.52
2012-10-15,2.88,2.88,2.88,2.84,33273.47,-0.01,-0.35,2.904,2.895,2.915,56991.23,67091.17,106920.06
2012-10-16,2.87,2.88,2.88,2.84,46698.56,0.0,0.0,2.896,2.897,2.912,51235.71,67627.32,105122.35
2012-10-17,2.86,2.88,2.87,2.84,41389.65,-0.01,-0.35,2.884,2.897,2.907,45165.19,55862.52,101869.98
2012-10-18,2.85,2.92,2.91,2.85,85955.41,0.04,1.39,2.886,2.898,2.9,49938.74,56629.27,81433.5
2012-10-19,2.9,2.9,2.89,2.87,43685.74,-0.02,-0.69,2.886,2.896,2.893,50200.57,53584.97,72993.19
2012-10-22,2.86,2.89,2.89,2.85,28435.52,0.0,0.0,2.888,2.896,2.892,49232.98,53112.1,64044.78
2012-10-23,2.88,2.89,2.87,2.85,44045.3,-0.02,-0.69,2.886,2.891,2.89,48702.32,49969.02,61371.95
2012-10-24,2.86,2.92,2.91,2.85,115785.9,0.04,1.39,2.894,2.889,2.891,63581.57,54373.38,65414.3
2012-10-25,2.91,3.04,2.94,2.89,240853.31,0.03,1.03,2.9,2.893,2.894,94561.15,72249.95,72043.33
2012-10-26,2.91,2.92,2.89,2.84,126970.94,-0.05,-1.7,2.9,2.893,2.894,111218.19,80709.38,74905.39
2012-10-29,2.86,2.89,2.88,2.84,50851.77,-0.01,-0.35,2.898,2.893,2.894,115701.44,82467.21,74779.19
2012-10-30,2.88,2.88,2.87,2.85,44048.39,-0.01,-0.35,2.898,2.892,2.895,115702.06,82202.19,74914.76
2012-10-31,2.86,2.87,2.87,2.85,35895.48,0.0,0.0,2.89,2.892,2.895,99723.98,81652.78,68757.65
2012-11-01,2.86,2.89,2.88,2.85,79893.51,0.01,0.35,2.878,2.889,2.894,67532.02,81046.59,68837.93
2012-11-02,2.88,2.88,2.88,2.86,37350.41,0.0,0.0,2.876,2.888,2.892,49607.91,80413.05,66999.01
2012-11-05,2.87,2.88,2.88,2.86,42345.89,0.0,0.0,2.876,2.887,2.892,47906.74,81804.09,67458.1
2012-11-06,2.87,2.88,2.87,2.84,48922.47,-0.01,-0.35,2.876,2.887,2.889,48881.55,82291.81,66130.41
2012-11-07,2.86,2.87,2.87,2.84,46944.89,0.0,0.0,2.876,2.883,2.886,51091.43,75407.71,64890.54
2012-11-08,2.85,2.88,2.86,2.83,80183.65,-0.01,-0.35,2.872,2.875,2.884,51149.46,59340.74,65795.34
2012-11-09,2.84,2.86,2.86,2.82,56753.39,0.0,0.0,2.868,2.872,2.883,55030.06,52318.99,66514.18
2012-11-12,2.84,2.87,2.87,2.84,55104.39,0.01,0.35,2.866,2.871,2.882,57581.76,52744.25,67605.73
2012-11-13,2.86,2.87,2.86,2.83,41589.49,-0.01,-0.35,2.864,2.87,2.881,56115.16,52498.36,67350.27
2012-11-14,2.84,2.86,2.86,2.83,39319.43,0.0,0.0,2.862,2.869,2.881,54590.07,52840.75,67246.76
2012-11-15,2.84,2.85,2.85,2.81,83974.48,-0.01,-0.35,2.86,2.866,2.878,55348.24,53248.85,67147.72
2012-11-16,2.84,2.84,2.84,2.8,58725.68,-0.01,-0.35,2.856,2.862,2.875,55742.69,55386.38,67899.71
2012-11-19,2.83,2.83,2.83,2.8,37063.62,-0.01,-0.35,2.848,2.857,2.872,52134.54,54858.15,68331.12
2012-11-20,2.83,2.83,2.82,2.8,39745.18,-0.01,-0.35,2.84,2.852,2.87,51765.68,53940.42,68116.11
2012-11-21,2.85,2.98,2.86,2.84,170944.05,0.04,1.42,2.84,2.851,2.867,78090.6,66340.34,70874.02
2012-11-22,2.83,2.83,2.83,2.8,97735.18,-0.03,-1.05,2.836,2.848,2.862,80842.74,68095.49,63718.11
2012-11-23,2.81,2.83,2.83,2.8,56930.22,0.0,0.0,2.834,2.845,2.859,80483.65,68113.17,60216.08
2012-11-26,2.81,2.82,2.82,2.79,32705.69,-0.01,-0.35,2.832,2.84,2.856,79612.06,65873.3,59308.77
2012-11-27,2.8,2.81,2.8,2.75,99762.65,-0.02,-0.71,2.828,2.834,2.852,91615.56,71690.62,62094.49
2012-11-28,2.78,2.78,2.77,2.73,46313.32,-0.03,-1.07,2.81,2.825,2.847,66689.41,72390.01,62615.38
2012-11-29,2.74,2.77,2.76,2.73,72100.38,-0.01,-0.36,2.796,2.816,2.841,61562.45,71202.6,62225.72
2012-11-30,2.75,2.78,2.77,2.73,59871.01,0.01,0.36,2.784,2.809,2.836,62150.61,71317.13,63351.75
2012-12-03,2.76,2.8,2.78,2.74,49499.65,0.01,0.36,2.776,2.804,2.831,65509.4,72560.73,63709.44
2012-12-04,2.77,2.78,2.78,2.73,37897.3,0.0,0.0,2.772,2.8,2.826,53136.33,72375.95,63158.18
2012-12-05,2.77,2.83,2.81,2.75,106035.12,0.03,1.08,2.78,2.795,2.823,65080.69,65885.05,66112.69
2012-12-06,2.81,2.84,2.81,2.79,79075.76,0.0,0.0,2.79,2.793,2.821,66475.77,64019.11,66057.3
2012-12-07,2.8,2.83,2.83,2.78,84684.03,0.02,0.71,2.802,2.793,2.819,71438.37,66794.49,67453.83
2012-12-10,2.83,2.84,2.83,2.81,69463.24,0.0,0.0,2.812,2.794,2.817,75431.09,70470.25,68171.77
2012-12-11,2.83,2.83,2.82,2.8,41184.46,-0.01,-0.35,2.82,2.796,2.815,76088.52,64612.43,68151.52
2012-12-12,2.82,2.82,2.8,2.79,36653.4,-0.02,-0.71,2.818,2.799,2.812,62212.18,63646.44,68018.22
2012-12-13,2.8,2.8,2.77,2.77,46534.8,-0.03,-1.07,2.81,2.8,2.808,55703.99,61089.88,66146.24
2012-12-14,2.77,2.84,2.84,2.76,177596.3,0.07,2.53,2.812,2.807,2.808,74286.44,72862.41,72089.77
2012-12-17,2.84,2.86,2.83,2.82,154594.44,-0.01,-0.35,2.812,2.812,2.808,91312.68,83371.89,77966.31
2012-12-18,2.84,2.86,2.82,2.81,115632.3,-0.01,-0.35,2.812,2.816,2.808,106202.25,91145.39,81760.66
2012-12-19,2.82,2.84,2.83,2.81,57656.6,0.01,0.35,2.818,2.818,2.807,110402.89,86307.53,76096.29
2012-12-20,2.83,2.83,2.81,2.79,60222.86,-0.02,-0.71,2.826,2.818,2.806,113140.5,84422.24,74220.68
2012-12-21,2.81,2.82,2.79,2.79,55144.32,-0.02,-0.71,2.816,2.814,2.804,88650.1,81468.27,74131.38
2012-12-24,2.8,2.81,2.81,2.79,38761.26,0.02,0.72,2.812,2.812,2.803,65483.47,78398.07,74434.16
2012-12-25,2.8,2.85,2.84,2.79,122104.86,0.03,1.07,2.816,2.814,2.805,66777.98,86490.11,75551.27
2012-12-26,2.84,2.85,2.85,2.82,103949.4,0.01,0.35,2.82,2.819,2.809,76036.54,93219.71,78433.07
2012-12-27,2.85,2.9,2.85,2.84,237119.69,0.0,0.0,2.828,2.827,2.814,111415.91,112278.2,86684.04
2012-12-28,2.85,2.86,2.84,2.82,99389.28,-0.01,-0.35,2.838,2.827,2.817,120264.9,104457.5,88659.95
2012-12-31,2.83,2.85,2.83,2.82,242600.59,-0.01,-0.35,2.842,2.827,2.82,161032.76,113258.12,98315.0
2013-01-04,2.84,2.85,2.8,2.78,412598.53,-0.03,-1.06,2.834,2.825,2.821,219131.5,142954.74,117050.06
2013-01-07,2.79,2.8,2.79,2.75,372486.72,-0.01,-0.36,2.822,2.821,2.82,272838.96,174437.75,130372.64
2013-01-08,2.78,2.8,2.79,2.76,173302.2,0.0,0.0,2.81,2.819,2.819,260075.46,185745.69,135083.96
2013-01-09,2.79,2.81,2.8,2.78,163694.95,0.01,0.36,2.802,2.82,2.817,272936.6,196600.75,139034.51
2013-01-10,2.8,2.82,2.82,2.79,175160.16,0.02,0.71,2.8,2.821,2.817,259448.51,210240.64,144319.36
2013-01-11,2.82,2.82,2.77,2.77,158481.34,-0.05,-1.77,2.794,2.814,2.814,208625.07,213878.29,150184.2
2013-01-14,2.76,2.82,2.82,2.76,172005.02,0.05,1.8,2.8,2.811,2.815,168528.73,220683.85,156951.78
2013-01-15,2.81,2.85,2.84,2.8,303242.47,0.02,0.71,2.81,2.81,2.819,194516.79,227296.13,169787.16
2013-01-16,2.84,2.85,2.83,2.81,186823.52,-0.01,-0.35,2.816,2.809,2.818,199142.5,236039.55,170248.53
2013-01-17,2.82,2.84,2.8,2.8,132126.38,-0.03,-1.06,2.812,2.806,2.817,190535.75,224992.13,169125.12
2013-01-18,2.82,2.84,2.84,2.81,165429.98,0.04,1.43,2.826,2.81,2.818,191925.47,200275.27,171615.01
2013-01-21,2.84,2.89,2.87,2.83,293365.03,0.03,1.06,2.836,2.818,2.82,216197.48,192363.11,183400.43
2013-01-22,2.86,2.88,2.84,2.83,222337.95,-0.03,-1.04,2.836,2.823,2.821,200016.57,197266.68,191506.18
2013-01-23,2.84,2.87,2.84,2.82,146106.23,0.0,0.0,2.838,2.827,2.824,191873.11,195507.81,196054.28
2013-01-24,2.85,2.87,2.82,2.81,181188.11,-0.02,-0.7,2.842,2.827,2.824,201685.46,196110.6,203175.62
2013-01-25,2.82,2.82,2.8,2.79,111250.36,-0.02,-0.71,2.834,2.83,2.822,190849.54,191387.51,202632.9
2013-01-28,2.8,2.84,2.83,2.8,143008.52,0.03,1.07,2.826,2.831,2.821,160778.23,188487.86,204585.85
2013-01-29,2.83,2.84,2.84,2.82,127525.61,0.01,0.35,2.826,2.831,2.821,141815.77,170916.17,199106.15
2013-01-30,2.84,2.94,2.9,2.83,407496.75,0.06,2.11,2.838,2.838,2.824,194093.87,192983.49,214511.52
2013-01-31,2.9,2.91,2.87,2.86,186816.38,-0.03,-1.03,2.848,2.845,2.826,195219.52,198452.49,211722.31
2013-02-01,2.87,2.88,2.88,2.85,137216.55,0.01,0.35,2.864,2.849,2.83,200412.76,195631.15,197953.21
2013-02-04,2.89,2.9,2.86,2.85,142091.2,-0.02,-0.69,2.87,2.848,2.833,200229.3,180503.77,186433.44
2013-02-05,2.85,2.89,2.89,2.84,147544.39,0.03,1.05,2.88,2.853,2.838,204233.05,173024.41,185145.55
2013-02-06,2.89,2.92,2.89,2.88,173355.0,0.0,0.0,2.878,2.858,2.843,157404.7,175749.29,185628.55
2013-02-07,2.89,2.9,2.9,2.87,106267.66,0.01,0.35,2.884,2.866,2.847,141294.96,168257.24,182183.92
2013-02-08,2.9,2.92,2.91,2.88,157612.84,0.01,0.34,2.89,2.877,2.854,145374.22,172893.49,182140.5
2013-02-18,2.91,2.91,2.9,2.89,104333.8,-0.01,-0.34,2.898,2.884,2.858,137822.74,169026.02,178756.94
2013-02-19,2.9,2.91,2.86,2.86,119048.84,-0.04,-1.38,2.892,2.886,2.859,132123.63,168178.34,169547.26
2013-02-20,2.87,2.89,2.89,2.86,106924.44,0.03,1.05,2.892,2.885,2.862,118837.52,138121.11,165552.3
2013-02-21,2.88,2.89,2.85,2.83,146529.11,-0.04,-1.38,2.882,2.883,2.864,126889.81,134092.38,166272.44
2013-02-22,2.84,2.85,2.83,2.83,74433.02,-0.02,-0.7,2.866,2.878,2.864,110253.84,127814.03,161722.59
2013-02-25,2.84,2.85,2.84,2.83,66038.94,0.01,0.35,2.854,2.876,2.862,102594.87,120208.8,150356.28
2013-02-26,2.84,2.85,2.81,2.81,74219.01,-0.03,-1.06,2.844,2.868,2.861,93628.9,112876.27,142950.34
2013-02-27,2.81,2.84,2.82,2.8,58571.6,0.01,0.36,2.83,2.861,2.86,83958.34,101397.93,138573.61
2013-02-28,2.83,2.85,2.85,2.81,83891.15,0.03,1.06,2.83,2.856,2.861,71430.74,99160.28,133708.76
2013-03-01,2.85,2.85,2.84,2.82,85472.18,-0.01,-0.35,2.832,2.849,2.863,73638.58,91946.21,132419.85
2013-03-04,2.83,2.83,2.78,2.76,133517.11,-0.06,-2.11,2.82,2.837,2.861,87134.21,94864.54,131945.28
2013-03-05,2.78,2.8,2.8,2.77,72951.0,0.02,0.72,2.818,2.831,2.859,86880.61,90254.76,129216.55
2013-03-06,2.8,2.87,2.86,2.79,186509.97,0.06,2.14,2.826,2.828,2.857,112468.28,98213.31,118167.21
2013-03-07,2.85,2.86,2.83,2.81,101990.63,-0.03,-1.05,2.822,2.826,2.855,116088.18,93759.46,113925.92
2013-03-08,2.83,2.83,2.82,2.81,53182.55,-0.01,-0.35,2.818,2.825,2.852,109630.25,91634.41,109724.22
2013-03-11,2.82,2.83,2.81,2.8,53384.52,-0.01,-0.35,2.824,2.822,2.849,93603.73,90368.97,105288.89
2013-03-12,2.81,2.83,2.78,2.77,95366.81,-0.03,-1.07,2.82,2.819,2.844,98086.9,92483.75,102680.01
2013-03-13,2.78,2.79,2.76,2.74,85651.07,-0.02,-0.72,2.8,2.813,2.837,77915.12,95191.7,98294.81
2013-03-14,2.76,2.79,2.78,2.74,67675.67,0.02,0.72,2.79,2.806,2.831,71052.12,93570.15,96365.21
2013-03-15,2.77,2.79,2.76,2.74,67499.89,-0.02,-0.72,2.778,2.798,2.824,73915.59,91772.92,91859.57
2013-03-18,2.75,2.77,2.73,2.72,58194.44,-0.03,-1.09,2.762,2.793,2.815,74877.58,84240.66,89552.6
2013-03-19,2.72,2.75,2.75,2.71,80109.01,0.02,0.73,2.756,2.788,2.81,71826.02,84956.46,87605.61
2013-03-20,2.75,2.78,2.77,2.74,87254.44,0.02,0.73,2.758,2.779,2.804,72146.69,75030.9,86622.11
2013-03-21,2.78,2.78,2.76,2.75,64592.15,-0.01,-0.36,2.754,2.772,2.799,71529.99,71291.06,82525.26
2013-03-22,2.76,2.79,2.78,2.75,86534.91,0.02,0.72,2.758,2.768,2.797,75336.99,74626.29,83130.35
2013-03-25,2.78,2.79,2.77,2.76,53470.51,-0.01,-0.36,2.766,2.764,2.793,74392.2,74634.89,82501.93
2013-03-26,2.77,2.77,2.74,2.73,63878.67,-0.03,-1.08,2.764,2.76,2.79,71146.14,71486.08,81984.91
2013-03-27,2.75,2.76,2.74,2.72,60099.68,0.0,0.0,2.758,2.758,2.786,65715.18,68930.94,82061.32
2013-03-28,2.73,2.73,2.68,2.68,99551.13,-0.06,-2.19,2.742,2.748,2.777,72706.98,72118.48,82844.32
2013-03-29,2.69,2.7,2.68,2.67,51318.8,0.0,0.0,2.722,2.74,2.769,65663.76,70500.37,81136.65
2013-04-01,2.68,2.7,2.69,2.67,41270.15,0.01,0.37,2.706,2.736,2.765,63223.69,68807.94,76524.3
2013-04-02,2.69,2.71,2.69,2.68,39248.46,0.0,0.0,2.696,2.73,2.759,58297.64,64721.89,74839.17
2013-04-03,2.69,2.7,2.69,2.68,40024.57,0.0,0.0,2.686,2.722,2.751,54282.62,59998.9,67514.9
2013-04-08,2.67,2.67,2.65,2.63,51210.69,-0.04,-1.49,2.68,2.711,2.742,44614.53,58660.76,64975.91
2013-04-09,2.66,2.68,2.67,2.65,39485.07,0.02,0.76,2.678,2.7,2.734,42247.79,53955.77,64291.03
2013-04-10,2.67,2.67,2.66,2.65,35125.29,-0.01,-0.38,2.672,2.689,2.727,41018.82,52121.25,63378.07
2013-04-11,2.67,2.67,2.65,2.64,33804.4,-0.01,-0.38,2.664,2.68,2.72,39930.0,49113.82,60299.95
2013-04-12,2.65,2.66,2.64,2.64,25283.05,-0.01,-0.38,2.654,2.67,2.714,36981.7,45632.16,57281.55
2013-04-15,2.63,2.64,2.62,2.61,44247.44,-0.02,-0.76,2.648,2.664,2.706,35589.05,40101.79,56110.14
2013-04-16,2.61,2.63,2.63,2.6,35925.76,0.01,0.38,2.64,2.659,2.7,34877.19,38562.49,54531.43
2013-04-17,2.63,2.63,2.62,2.6,25630.99,-0.01,-0.38,2.632,2.652,2.694,32978.33,36998.57,52903.26
2013-04-18,2.62,2.64,2.63,2.6,31719.71,0.01,0.38,2.628,2.646,2.688,32561.39,36245.7,50483.79
2013-04-19,2.63,2.68,2.67,2.63,68886.38,0.04,1.52,2.634,2.644,2.683,41282.06,39131.88,49565.39
2013-04-22,2.65,2.66,2.66,2.64,51900.36,-0.01,-0.38,2.642,2.645,2.678,42812.64,39200.85,48930.8
2013-04-23,2.65,2.66,2.61,2.6,46710.42,-0.05,-1.88,2.638,2.639,2.67,44969.57,39923.38,46939.58
2013-04-24,2.6,2.64,2.64,2.6,50386.91,0.03,1.15,2.642,2.637,2.663,49920.76,41449.54,46785.4
2013-04-25,2.62,2.63,2.62,2.6,51126.0,-0.02,-0.76,2.64,2.634,2.657,53802.01,43181.7,46147.76
2013-04-26,2.62,2.63,2.59,2.58,41586.55,-0.03,-1.15,2.624,2.629,2.65,48342.05,44812.05,45222.11
2013-05-02,2.59,2.6,2.56,2.54,60460.81,-0.03,-1.16,2.604,2.623,2.644,50054.14,46433.39,43267.59
2013-05-03,2.56,2.6,2.59,2.55,40343.23,0.03,1.17,2.6,2.619,2.639,48780.7,46875.14,42718.81
2013-05-06,2.59,2.61,2.61,2.58,36351.14,0.02,0.77,2.594,2.618,2.635,45973.55,47947.15,42472.86
2013-05-07,2.6,2.6,2.6,2.58,29080.56,-0.01,-0.38,2.59,2.615,2.631,41564.46,47683.24,41964.47
2013-05-08,2.6,2.61,2.6,2.59,36635.15,0.0,0.0,2.592,2.608,2.626,40574.18,44458.11,41795.0
2013-05-09,2.6,2.62,2.62,2.57,57364.58,0.02,0.77,2.604,2.604,2.625,39954.93,45004.54,42102.69
2013-05-10,2.61,2.62,2.61,2.59,36235.53,-0.01,-0.38,2.608,2.604,2.622,39133.39,43957.05,41940.21
2013-05-13,2.61,2.62,2.61,2.6,32739.54,0.0,0.0,2.608,2.601,2.619,38411.07,42192.31,41820.93
2013-05-14,2.6,2.61,2.58,2.57,31016.32,-0.03,-1.15,2.604,2.597,2.616,38798.22,40181.34,41681.52
2013-05-15,2.58,2.6,2.59,2.57,25063.41,0.01,0.39,2.602,2.597,2.613,36483.88,38529.03,41670.54
2013-05-16,2.6,2.61,2.61,2.57,50947.73,0.02,0.77,2.6,2.602,2.613,35200.51,37577.72,42005.55
2013-05-17,2.6,2.64,2.63,2.59,75011.15,0.02,0.77,2.604,2.606,2.613,42955.63,41044.51,43959.82
2013-05-20,2.63,2.65,2.64,2.62,70652.67,0.01,0.38,2.61,2.609,2.614,50538.26,44474.66,46210.91
2013-05-21,2.64,2.65,2.65,2.63,52630.05,0.01,0.38,2.624,2.614,2.615,54861.0,46829.61,47256.42
2013-05-22,2.65,2.65,2.64,2.63,57404.43,-0.01,-0.38,2.634,2.618,2.613,61329.21,48906.54,46682.33
2013-05-23,2.63,2.65,2.64,2.62,72271.82,0.0,0.0,2.64,2.62,2.612,65594.02,50397.26,47700.9
2013-05-24,2.63,2.64,2.64,2.62,39690.31,0.0,0.0,2.642,2.623,2.614,58529.86,50742.74,47349.89
2013-05-27,2.63,2.64,2.63,2.61,52918.17,-0.01,-0.38,2.64,2.625,2.613,54982.96,52760.61,47476.46
2013-05-28,2.63,2.66,2.66,2.62,71139.49,0.03,1.14,2.642,2.633,2.615,58684.84,56772.92,48477.13
2013-05-29,2.65,2.67,2.65,2.65,46843.95,-0.01,-0.38,2.644,2.639,2.618,56572.75,58950.98,48740.0
2013-05-30,2.65,2.66,2.65,2.63,59535.63,0.0,0.0,2.646,2.643,2.623,54025.51,59809.77,48693.74
2013-05-31,2.65,2.65,2.64,2.63,51382.61,-0.01,-0.38,2.646,2.644,2.625,56363.97,57446.91,49245.71
2013-06-03,2.63,2.64,2.64,2.62,43561.61,0.0,0.0,2.648,2.644,2.627,54492.66,54737.81,49606.24
2013-06-04,2.63,2.63,2.59,2.58,61413.4,-0.05,-1.89,2.634,2.638,2.626,52547.44,55616.14,51222.88
2013-06-05,2.59,2.6,2.59,2.58,30244.97,0.0,0.0,2.622,2.633,2.626,49227.64,52900.2,50903.37
2013-06-06,2.59,2.59,2.56,2.56,38344.92,-0.03,-1.16,2.604,2.625,2.623,44989.5,49507.51,49952.39
2013-06-07,2.57,2.58,2.55,2.54,51732.37,-0.01,-0.39,2.586,2.616,2.62,45059.45,50711.71,50727.23
2013-06-13,2.55,2.55,2.49,2.48,64852.3,-0.06,-2.35,2.556,2.602,2.614,49317.59,51905.13,52332.87
2013-06-14,2.5,2.52,2.51,2.47,56942.58,0.02,0.8,2.54,2.587,2.61,48423.43,50485.43,53629.18
2013-06-17,2.51,2.58,2.55,2.49,58886.7,0.04,1.59,2.532,2.577,2.608,54151.77,51689.71,55320.34
2013-06-18,2.54,2.55,2.54,2.51,35452.36,-0.01,-0.39,2.528,2.566,2.605,53573.26,49281.38,54545.57
2013-06-19,2.53,2.53,2.5,2.47,45812.07,-0.04,-1.57,2.518,2.552,2.598,52389.2,48724.33,53085.62
2013-06-20,2.49,2.5,2.45,2.44,47738.83,-0.05,-2.0,2.51,2.533,2.589,48966.51,49142.05,51939.93
2013-06-21,2.45,2.45,2.44,2.4,45533.86,-0.01,-0.41,2.496,2.518,2.578,46684.76,47554.1,51585.12
2013-06-24,2.44,2.45,2.27,2.26,78928.0,-0.17,-6.97,2.44,2.486,2.56,50693.02,52422.4,52661.3
2013-06-25,2.29,2.29,2.23,2.09,83230.74,-0.04,-1.76,2.378,2.453,2.539,60248.7,56910.98,53209.24
2013-06-26,2.23,2.25,2.22,2.18,41429.4,-0.01,-0.45,2.322,2.42,2.518,59372.17,55880.68,53296.2
2013-06-27,2.21,2.25,2.22,2.2,51662.91,0.0,0.0,2.276,2.393,2.498,60156.98,54561.75,53233.44
2013-06-28,2.19,2.24,2.24,2.18,45305.94,0.02,0.9,2.236,2.366,2.477,60111.4,53398.08,51941.76
2013-07-01,2.24,2.29,2.26,2.21,58508.56,0.02,0.89,2.234,2.337,2.457,56027.51,53360.27,52524.99
2013-07-02,2.26,2.26,2.24,2.22,40303.87,-0.02,-0.89,2.236,2.307,2.437,47442.14,53845.42,51563.4
2013-07-03,2.25,2.25,2.21,2.17,38945.66,-0.03,-1.34,2.234,2.278,2.415,46945.39,53158.78,50941.55
2013-07-04,2.2,2.23,2.22,2.18,41533.81,0.01,0.45,2.234,2.255,2.394,44919.57,52538.28,50840.16
2013-07-05,2.22,2.24,2.24,2.2,40654.26,0.02,0.9,2.234,2.235,2.377,43989.23,52050.32,49802.21
2013-07-08,2.24,2.24,2.16,2.16,38959.0,-0.08,-3.57,2.214,2.224,2.355,40079.32,48053.42,50237.91
2013-07-09,2.16,2.18,2.18,2.16,24603.92,0.02,0.93,2.202,2.219,2.336,36939.33,42190.73,49550.86
2013-07-10,2.17,2.23,2.23,2.17,39207.17,0.05,2.29,2.206,2.22,2.32,36991.63,41968.51,48924.6
2013-07-11,2.23,2.3,2.29,2.22,90594.24,0.06,2.69,2.22,2.227,2.31,46803.72,45861.64,50211.69
2013-07-12,2.27,2.3,2.25,2.24,54146.54,-0.04,-1.75,2.222,2.228,2.297,49502.17,46745.7,50071.89
2013-07-15,2.26,2.31,2.27,2.25,60016.92,0.02,0.89,2.244,2.229,2.283,53713.76,46896.54,50128.4
2013-07-16,2.27,2.29,2.28,2.25,37167.28,0.01,0.44,2.264,2.233,2.27,56226.43,46582.88,50214.15
2013-07-17,2.28,2.29,2.25,2.25,31412.93,-0.03,-1.32,2.268,2.237,2.258,54667.58,45829.61,49494.19
2013-07-18,2.26,2.27,2.24,2.23,33634.0,-0.01,-0.44,2.258,2.239,2.247,43275.53,45039.63,48788.95
2013-07-19,2.24,2.25,2.19,2.19,36546.7,-0.05,-2.23,2.246,2.234,2.235,39755.57,44628.87,48339.59
2013-07-22,2.18,2.19,2.18,2.16,44005.64,-0.01,-0.46,2.228,2.236,2.23,36553.31,45133.53,46593.47
2013-07-23,2.18,2.25,2.24,2.18,43398.47,0.06,2.75,2.22,2.242,2.231,37799.55,47012.99,44601.86
2013-07-24,2.22,2.23,2.21,2.2,21414.84,-0.03,-1.34,2.212,2.24,2.23,35799.93,45233.76,43601.13
2013-07-25,2.22,2.24,2.2,2.19,45351.25,-0.01,-0.45,2.204,2.231,2.229,38143.38,40709.46,43285.55
2013-07-26,2.18,2.36,2.27,2.17,157537.45,0.07,3.18,2.22,2.233,2.231,62341.53,51048.55,48897.13
2013-07-29,2.27,2.31,2.27,2.23,105074.1,0.0,0.0,2.238,2.233,2.231,74555.22,55554.27,51225.4
2013-07-30,2.28,2.3,2.24,2.23,62812.5,-0.03,-1.32,2.238,2.229,2.231,78438.03,58118.79,52350.83
2013-07-31,2.24,2.27,2.24,2.22,38996.06,0.0,0.0,2.244,2.228,2.233,81954.27,58877.1,52353.35
2013-08-01,2.24,2.27,2.26,2.23,46708.73,0.02,0.89,2.256,2.23,2.235,82225.77,60184.57,52612.1
2013-08-02,2.27,2.28,2.26,2.24,41210.29,0.0,0.0,2.254,2.237,2.236,58960.34,60650.93,52639.9
2013-08-05,2.26,2.29,2.28,2.24,44163.6,0.02,0.89,2.256,2.247,2.242,46778.24,60666.73,52900.13
2013-08-06,2.28,2.29,2.29,2.25,57523.52,0.01,0.44,2.266,2.252,2.247,45720.44,62079.23,54546.11
2013-08-07,2.28,2.29,2.28,2.27,42636.92,-0.01,-0.44,2.274,2.259,2.25,46448.61,64201.44,54717.6
2013-08-08,2.28,2.29,2.28,2.26,33213.38,0.0,0.0,2.278,2.267,2.249,43749.54,62987.66,51848.56
2013-08-09,2.28,2.29,2.29,2.26,44112.28,0.01,0.44,2.284,2.269,2.251,44329.94,51645.14,51346.84
2013-08-12,2.25,2.28,2.28,2.23,68454.22,0.04,1.79,2.284,2.27,2.252,49188.06,47983.15,51768.71
2013-08-13,2.27,2.34,2.33,2.26,122403.3,0.05,2.19,2.292,2.279,2.254,62164.02,53942.23,56030.51
2013-08-14,2.32,2.43,2.35,2.31,164021.08,0.02,0.86,2.306,2.29,2.259,86440.85,66444.73,62660.92
2013-08-15,2.34,2.35,2.31,2.3,77755.16,-0.04,-1.7,2.312,2.295,2.263,95349.21,69549.38,64866.97
2013-08-16,2.3,2.38,2.3,2.28,102944.76,-0.01,-0.43,2.314,2.299,2.268,107115.7,75722.82,68186.88
2013-08-19,2.27,2.32,2.3,2.27,51484.07,0.0,0.0,2.318,2.301,2.274,103721.67,76454.87,68560.8
2013-08-20,2.3,2.31,2.28,2.26,61522.21,-0.02,-0.87,2.308,2.3,2.276,91545.46,76854.74,69466.99
2013-08-21,2.28,2.28,2.28,2.26,40152.72,0.0,0.0,2.294,2.3,2.28,66771.78,76606.32,70403.88
2013-08-22,2.27,2.28,2.28,2.26,26432.68,0.0,0.0,2.288,2.3,2.284,56507.29,75928.25,69457.95
2013-08-23,2.28,2.3,2.26,2.25,46174.14,-0.02,-0.88,2.28,2.297,2.283,45153.16,76134.43,63889.79
2013-08-26,2.27,2.35,2.34,2.26,116448.19,0.08,3.54,2.288,2.303,2.287,58145.99,80933.83,64458.49
2013-08-27,2.33,2.42,2.4,2.32,201814.7,0.06,2.56,2.312,2.31,2.295,86204.49,88874.97,71408.6
2013-08-28,2.39,2.51,2.47,2.36,296921.47,0.07,2.92,2.35,2.322,2.306,137558.24,102165.01,84304.87
2013-08-29,2.49,2.72,2.72,2.43,943711.94,0.25,10.12,2.438,2.363,2.329,321014.09,188760.69,129155.03
2013-08-30,2.8,2.99,2.99,2.8,1410056.75,0.27,9.93,2.584,2.432,2.366,593790.61,319471.89,197597.35
2013-09-02,3.24,3.24,2.7,2.69,1129830.5,-0.29,-9.7,2.656,2.472,2.387,796467.07,427306.53,251880.7
2013-09-03,2.67,2.67,2.6,2.55,491760.06,-0.1,-3.7,2.696,2.504,2.402,854456.14,470330.31,273592.53
2013-09-04,2.6,2.77,2.69,2.58,510569.84,0.09,3.46,2.74,2.545,2.423,897185.82,517372.03,296989.17
2013-09-05,2.65,2.65,2.62,2.57,298739.97,-0.07,-2.6,2.72,2.579,2.44,768191.42,544602.76,310265.5
2013-09-06,2.61,2.76,2.68,2.56,420531.03,0.06,2.29,2.658,2.621,2.459,570286.28,582038.45,329086.44
2013-09-09,2.68,2.95,2.82,2.61,712878.5,0.14,5.22,2.682,2.669,2.486,486895.88,641681.48,361307.65
2013-09-10,2.82,2.99,2.94,2.76,801138.75,0.12,4.25,2.75,2.723,2.517,548771.62,701613.88,395244.43
2013-09-11,2.97,3.05,2.85,2.81,552170.5,-0.09,-3.06,2.782,2.761,2.542,557091.75,727138.78,414651.9
2013-09-12,2.85,2.9,2.82,2.75,331412.47,-0.03,-1.05,2.822,2.771,2.567,563626.25,665908.84,427334.76
2013-09-13,2.79,2.83,2.78,2.71,286462.06,-0.04,-1.42,2.842,2.75,2.591,536812.46,553549.37,436510.63
2013-09-16,2.78,2.89,2.8,2.74,244373.17,0.02,0.72,2.838,2.76,2.616,443111.39,465003.63,446155.08
2013-09-17,2.79,2.79,2.66,2.65,218897.31,-0.14,-5.0,2.782,2.766,2.635,326663.1,437717.36,454023.84
2013-09-18,2.67,2.72,2.71,2.66,123493.71,0.05,1.88,2.754,2.768,2.657,240927.74,399009.75,458190.89
2013-09-23,2.71,2.74,2.72,2.69,118451.18,0.01,0.37,2.734,2.778,2.679,198335.49,380980.87,462791.81
2013-09-24,2.71,2.72,2.69,2.62,192146.23,-0.03,-1.1,2.716,2.779,2.7,179472.32,358142.39,470090.42
2013-09-25,2.67,2.71,2.63,2.62,148154.55,-0.06,-2.23,2.682,2.76,2.715,160228.6,301669.99,471675.73
2013-09-26,2.62,2.65,2.54,2.52,143666.22,-0.09,-3.42,2.658,2.72,2.722,145182.38,235922.74,468768.31
2013-09-27,2.52,2.56,2.54,2.52,75074.32,0.0,0.0,2.624,2.689,2.725,135498.5,188213.12,457675.95
2013-09-30,2.55,2.56,2.56,2.43,86103.74,0.02,0.79,2.592,2.663,2.717,129029.01,163682.25,414795.54
2013-10-08,2.55,2.64,2.62,2.49,146668.11,0.06,2.34,2.578,2.647,2.699,119933.39,149702.85,351626.11
2013-10-09,2.61,2.88,2.88,2.6,718237.12,0.26,9.92,2.628,2.655,2.708,233949.9,197089.25,331046.44
2013-10-10,2.95,2.97,2.76,2.74,685534.0,-0.12,-4.17,2.672,2.665,2.716,342323.46,243752.92,340735.14
2013-10-11,2.74,2.8,2.77,2.72,230262.69,0.01,0.36,2.718,2.671,2.72,373361.13,254429.82,326719.78
2013-10-14,2.77,2.84,2.81,2.75,247058.19,0.04,1.44,2.768,2.68,2.729,405552.02,267290.52,324135.69
2013-10-15,2.8,2.87,2.81,2.73,325554.97,0.0,0.0,2.806,2.692,2.736,441329.39,280631.39,319386.89
2013-10-16,2.78,2.78,2.69,2.67,208495.45,-0.12,-4.27,2.768,2.698,2.729,339381.06,286665.48,294167.74
2013-10-17,2.69,2.73,2.67,2.65,113266.88,-0.02,-0.74,2.75,2.711,2.716,224927.64,283625.55,259774.14
2013-10-18,2.67,2.72,2.71,2.66,103261.53,0.04,1.5,2.738,2.728,2.709,199527.4,286444.27,237328.69
2013-10-21,2.71,2.73,2.72,2.66,133882.44,0.01,0.37,2.72,2.744,2.704,176892.25,291222.14,227452.19
2013-10-22,2.72,2.8,2.74,2.71,222223.05,0.02,0.73,2.706,2.756,2.702,156225.87,298777.63,224240.24
2013-10-23,2.75,2.75,2.66,2.65,146280.55,-0.08,-2.92,2.7,2.734,2.695,143782.89,241581.98,219335.61
2013-10-24,2.65,2.77,2.74,2.62,204227.42,0.08,3.01,2.714,2.732,2.699,161975.0,193451.32,218602.12
2013-10-25,2.72,2.72,2.64,2.62,130624.8,-0.1,-3.65,2.7,2.719,2.695,167447.65,183487.53,218958.67
2013-10-28,2.62,2.66,2.64,2.61,60773.03,0.0,0.0,2.684,2.702,2.691,152825.77,164859.01,216074.76
2013-10-29,2.62,2.68,2.58,2.53,116779.34,-0.06,-2.27,2.652,2.679,2.686,131737.03,143981.45,212306.42
2013-10-30,2.6,2.67,2.65,2.56,113799.73,0.07,2.71,2.65,2.675,2.687,125240.86,134511.88,210588.68
2013-10-31,2.65,2.67,2.63,2.62,88029.69,-0.02,-0.76,2.628,2.671,2.691,102001.32,131988.16,207806.85
2013-11-01,2.62,2.63,2.61,2.59,62409.5,-0.02,-0.76,2.622,2.661,2.695,88358.26,127902.96,207173.61
2013-11-04,2.61,2.63,2.61,2.59,49516.38,0.0,0.0,2.616,2.65,2.697,86106.93,119466.35,205344.24
2013-11-05,2.62,2.66,2.66,2.58,102737.52,0.05,1.92,2.632,2.642,2.699,83298.56,107517.8,203147.71
2013-11-06,2.64,2.64,2.61,2.6,71352.41,-0.05,-1.88,2.624,2.637,2.686,74809.1,100024.98,170803.48
2013-11-07,2.6,2.62,2.62,2.56,71870.12,0.01,0.38,2.622,2.625,2.679,71577.19,86789.25,140120.28
2013-11-08,2.6,2.72,2.65,2.57,216838.48,0.03,1.15,2.63,2.626,2.673,102462.98,95410.62,139449.07
2013-11-11,2.62,2.63,2.59,2.56,99747.48,-0.06,-2.26,2.626,2.621,2.662,112509.2,99308.07,132083.54
2013-11-12,2.59,2.61,2.59,2.58,55563.64,0.0,0.0,2.612,2.622,2.651,103074.43,93186.5,118583.97
2013-11-13,2.58,2.6,2.54,2.54,70341.74,-0.05,-1.93,2.598,2.611,2.643,102872.29,88840.7,111676.29
2013-11-14,2.54,2.56,2.53,2.51,61062.7,-0.01,-0.39,2.58,2.601,2.636,100710.81,86144.0,109066.08
2013-11-15,2.53,2.59,2.57,2.53,80727.27,0.04,1.58,2.564,2.597,2.629,73488.57,87975.77,107939.36
2013-11-18,2.57,2.64,2.63,2.56,118661.03,0.06,2.33,2.572,2.599,2.625,77271.28,94890.24,107178.29
2013-11-19,2.63,2.68,2.65,2.61,128645.52,0.02,0.76,2.584,2.598,2.62,91887.65,97481.04,102499.42
2013-11-20,2.64,2.7,2.69,2.61,165929.23,0.04,1.51,2.614,2.606,2.622,111005.15,106938.72,103481.85
2013-11-21,2.68,2.85,2.79,2.66,538726.94,0.1,3.72,2.666,2.623,2.624,206538.0,153624.4,120206.83
2013-11-22,2.76,2.78,2.73,2.71,217696.48,-0.06,-2.15,2.698,2.631,2.629,233931.84,153710.2,124560.41
2013-11-25,2.75,2.99,2.9,2.74,792128.25,0.17,6.23,2.752,2.662,2.642,368625.28,222948.28,161128.17
2013-11-26,2.87,3.05,2.87,2.85,706506.31,-0.03,-1.03,2.796,2.69,2.656,484197.44,288042.55,190614.52
2013-11-27,2.85,2.89,2.85,2.76,369671.91,-0.02,-0.7,2.828,2.721,2.666,524945.98,317975.56,203408.13
2013-11-28,2.82,2.94,2.88,2.79,377026.31,0.03,1.05,2.846,2.756,2.679,492605.85,349571.93,217857.96
2013-11-29,2.86,2.89,2.86,2.82,248991.34,-0.02,-0.69,2.872,2.785,2.691,498864.82,366398.33,227187.05
2013-12-02,2.79,2.87,2.74,2.73,271351.09,-0.12,-4.2,2.84,2.796,2.698,394709.39,381667.34,238278.79
2013-12-03,2.7,2.77,2.75,2.68,175353.86,0.01,0.36,2.816,2.806,2.702,288478.9,386338.17,241909.61
2013-12-04,2.72,2.9,2.85,2.72,348537.5,0.1,3.64,2.816,2.822,2.714,284252.02,404599.0,255768.86
2013-12-05,2.83,2.84,2.79,2.76,232441.91,-0.06,-2.1,2.798,2.822,2.723,255335.14,373970.5,263797.45
2013-12-06,2.78,2.85,2.79,2.77,161637.3,0.0,0.0,2.784,2.828,2.73,237864.33,368364.58,261037.39
2013-12-09,2.79,2.82,2.78,2.76,107833.81,-0.01,-0.36,2.792,2.816,2.739,205160.88,299935.13,261441.71
2013-12-10,2.78,2.79,2.75,2.74,146741.44,-0.03,-1.08,2.792,2.804,2.747,199438.39,243958.65,266000.6
2013-12-11,2.75,2.75,2.72,2.7,113962.99,-0.03,-1.09,2.766,2.791,2.756,152523.49,218387.76,268181.66
2013-12-12,2.7,2.73,2.71,2.7,74145.91,-0.01,-0.37,2.75,2.774,2.765,120864.29,188099.72,268835.82
2013-12-13,2.7,2.77,2.74,2.69,85195.69,0.03,1.11,2.74,2.762,2.774,105575.97,171720.15,269059.24
2013-12-16,2.72,2.73,2.67,2.67,98383.37,-0.07,-2.56,2.718,2.755,2.776,103685.88,154423.38,268045.36
2013-12-17,2.67,2.69,2.67,2.66,52457.74,0.0,0.0,2.702,2.747,2.777,84829.14,142133.77,264235.97
2013-12-18,2.69,2.69,2.66,2.65,48130.23,-0.01,-0.38,2.69,2.728,2.775,71662.59,112093.04,258346.02
2013-12-19,2.67,2.69,2.65,2.64,43421.81,-0.01,-0.38,2.678,2.714,2.768,65517.77,93191.03,233580.76
2013-12-20,2.65,2.65,2.57,2.57,77391.41,-0.08,-3.02,2.644,2.692,2.76,63956.91,84766.44,226565.51
2013-12-23,2.58,2.64,2.59,2.54,49701.2,0.02,0.78,2.628,2.673,2.745,54220.48,78953.18,189444.16
2013-12-24,2.59,2.64,2.6,2.57,48398.09,0.01,0.39,2.614,2.658,2.731,53408.55,69118.84,156538.75
2013-12-25,2.6,2.62,2.6,2.58,40240.68,0.0,0.0,2.602,2.646,2.719,51830.64,61746.61,140067.18
2013-12-26,2.6,2.61,2.54,2.53,55746.51,-0.06,-2.31,2.58,2.629,2.702,54295.58,59906.67,124003.19
2013-12-27,2.54,2.58,2.57,2.53,69144.94,0.03,1.18,2.58,2.612,2.687,52646.28,58301.6,115010.87
2013-12-30,2.59,2.6,2.59,2.57,49857.16,0.02,0.78,2.58,2.604,2.68,52677.48,53448.98,103936.18
2013-12-31,2.6,2.66,2.66,2.58,90569.2,0.07,2.7,2.592,2.603,2.675,61111.7,57260.12,99696.94
2014-01-02,2.68,2.68,2.63,2.62,86822.24,-0.03,-1.13,2.598,2.6,2.664,70428.01,61129.32,86611.18
2014-01-03,2.63,2.64,2.59,2.57,59837.64,-0.04,-1.52,2.608,2.594,2.654,71246.24,62770.91,77980.97
2014-01-06,2.6,2.6,2.52,2.51,67214.29,-0.07,-2.7,2.598,2.589,2.641,70860.11,61753.19,73259.82
2014-01-07,2.52,2.59,2.54,2.5,52362.66,0.02,0.79,2.588,2.584,2.629,71361.21,62019.34,70486.26
2014-01-08,2.54,2.56,2.52,2.5,41326.73,-0.02,-0.79,2.56,2.576,2.617,61512.71,61312.21,65215.52
2014-01-09,2.51,2.54,2.5,2.49,37899.88,-0.02,-0.79,2.534,2.566,2.606,51728.24,61078.13,61412.37
2014-01-10,2.49,2.5,2.43,2.42,53638.34,-0.07,-2.8,2.502,2.555,2.592,50488.38,60867.31,60386.99
2014-01-13,2.43,2.46,2.43,2.4,37574.0,0.0,0.0,2.484,2.541,2.577,44560.32,57710.21,58005.91
2014-01-14,2.42,2.45,2.45,2.4,34191.7,0.02,0.82,2.466,2.527,2.566,40926.13,56143.67,54796.32
2014-01-15,2.44,2.45,2.44,2.41,30848.04,-0.01,-0.41,2.45,2.505,2.554,38830.39,50171.55,53715.84
2014-01-16,2.44,2.46,2.44,2.41,32310.04,0.0,0.0,2.438,2.486,2.543,37712.42,44720.33,52924.83
2014-01-17,2.44,2.44,2.4,2.39,37400.56,-0.04,-1.64,2.432,2.467,2.531,34464.87,42476.62,52623.77
2014-01-20,2.4,2.43,2.4,2.39,23323.04,0.0,0.0,2.426,2.455,2.522,31614.68,38087.5,49920.35
2014-01-21,2.39,2.42,2.41,2.39,26811.34,0.01,0.42,2.418,2.442,2.513,30138.6,35532.37,48775.85
2014-01-22,2.41,2.47,2.47,2.41,53991.91,0.06,2.49,2.424,2.437,2.507,34767.38,36798.88,49055.55
2014-01-23,2.47,2.48,2.45,2.44,40206.73,-0.02,-0.81,2.426,2.432,2.499,36346.72,37029.57,49053.85
2014-01-24,2.45,2.5,2.48,2.44,54415.2,0.03,1.22,2.442,2.437,2.496,39749.64,37107.26,48987.28
2014-01-27,2.46,2.51,2.49,2.45,53347.35,0.01,0.4,2.46,2.443,2.492,45754.51,38684.59,48197.4
2014-01-28,2.49,2.51,2.5,2.48,36108.08,0.01,0.4,2.478,2.448,2.488,47613.85,38876.23,47509.95
2014-01-29,2.5,2.51,2.48,2.48,33442.25,-0.02,-0.8,2.48,2.452,2.479,43503.92,39135.65,44653.6
2014-01-30,2.48,2.5,2.48,2.46,21906.88,0.0,0.0,2.486,2.456,2.471,39843.95,38095.33,41407.83
2014-02-07,2.47,2.5,2.5,2.45,35101.89,0.02,0.81,2.49,2.466,2.467,35981.29,37865.47,40171.05
2014-02-10,2.51,2.57,2.55,2.51,69634.83,0.05,2.0,2.502,2.481,2.468,39238.79,42496.65,40292.07
2014-02-11,2.57,2.57,2.56,2.53,58868.25,0.01,0.39,2.514,2.496,2.469,43790.82,45702.34,40617.35
2014-02-12,2.56,2.6,2.56,2.54,106550.64,0.0,0.0,2.53,2.505,2.471,58412.5,50958.21,43878.55
2014-02-13,2.56,2.58,2.53,2.52,113327.22,-0.03,-1.17,2.54,2.513,2.473,76696.57,58270.26,47649.91
2014-02-14,2.54,2.55,2.54,2.51,88057.21,0.01,0.4,2.548,2.519,2.478,87287.63,61634.46,49370.86
2014-02-17,2.55,2.56,2.54,2.51,117121.33,0.0,0.0,2.546,2.524,2.484,96784.93,68011.86,53348.22
2014-02-18,2.54,2.55,2.53,2.5,122005.22,-0.01,-0.39,2.54,2.527,2.488,109412.32,76601.57,57738.9
2014-02-19,2.53,2.55,2.54,2.5,165496.02,0.01,0.4,2.536,2.533,2.493,121201.4,89806.95,64471.3
2014-02-20,2.53,2.6,2.53,2.51,226558.66,-0.01,-0.39,2.536,2.538,2.497,143847.69,110272.13,74183.73
2014-02-21,2.53,2.53,2.48,2.47,133438.48,-0.05,-1.98,2.524,2.536,2.501,152923.94,120105.79,78985.63
2014-02-24,2.47,2.47,2.41,2.39,159833.67,-0.07,-2.82,2.498,2.522,2.502,161466.41,129125.67,85811.16
2014-02-25,2.42,2.44,2.39,2.37,147225.17,-0.02,-0.83,2.47,2.505,2.501,166510.4,137961.36,91831.85
2014-02-26,2.36,2.38,2.37,2.33,133631.8,-0.02,-0.84,2.436,2.486,2.496,160137.56,140669.48,95813.84
2014-02-27,2.37,2.38,2.34,2.33,105769.46,-0.03,-1.27,2.398,2.467,2.49,135979.72,139913.7,99091.98
2014-02-28,2.34,2.36,2.35,2.32,76355.54,0.01,0.43,2.372,2.448,2.484,124563.13,138743.54,100189.0
2014-03-03,2.35,2.4,2.38,2.34,80671.75,0.03,1.28,2.366,2.432,2.478,108730.74,135098.58,101555.22
2014-03-04,2.38,2.39,2.37,2.35,80317.06,-0.01,-0.42,2.362,2.416,2.472,95349.12,130929.76,103765.67
2014-03-05,2.38,2.39,2.36,2.35,51141.35,-0.01,-0.42,2.36,2.398,2.466,78851.03,119494.29,104650.62
2014-03-06,2.36,2.38,2.37,2.35,66458.62,0.01,0.42,2.366,2.382,2.46,70988.86,103484.29,106878.21
2014-03-07,2.37,2.54,2.47,2.35,193931.86,0.1,4.22,2.39,2.381,2.459,94504.13,109533.63,114819.71
2014-03-10,2.41,2.45,2.38,2.35,156579.78,-0.09,-3.64,2.39,2.378,2.45,109685.73,109208.24,119166.95
2014-03-11,2.35,2.38,2.37,2.34,83082.38,-0.01,-0.42,2.39,2.376,2.441,110238.8,102793.96,120377.66
2014-03-12,2.37,2.37,2.32,2.26,112698.27,-0.05,-2.11,2.382,2.371,2.429,122550.18,100700.61,120685.04
2014-03-13,2.3,2.34,2.32,2.3,83075.19,0.0,0.0,2.372,2.369,2.418,125873.5,98431.18,119172.44
2014-03-14,2.32,2.32,2.3,2.28,76816.0,-0.02,-0.86,2.338,2.364,2.406,102450.32,98477.23,118610.38
2014-03-17,2.3,2.32,2.31,2.28,58399.5,0.01,0.43,2.324,2.357,2.395,82814.27,96250.0,115674.29
2014-03-18,2.31,2.33,2.33,2.3,68632.76,0.02,0.87,2.316,2.353,2.385,79924.34,95081.57,113005.67
2014-03-19,2.32,2.33,2.32,2.29,81232.17,-0.01,-0.43,2.316,2.349,2.374,73631.12,98090.65,108792.47
2014-03-20,2.32,2.37,2.32,2.3,144977.62,0.0,0.0,2.316,2.344,2.363,86011.61,105942.55,104713.42
2014-03-21,2.3,2.37,2.36,2.29,116341.02,0.04,1.72,2.328,2.333,2.357,93916.61,98183.47,103858.55
2014-03-24,2.35,2.48,2.42,2.35,207015.66,0.06,2.54,2.35,2.337,2.358,123639.85,103227.06,106217.65
2014-03-25,2.42,2.45,2.44,2.4,153169.27,0.02,0.83,2.372,2.344,2.36,140547.15,110235.75,106514.85
2014-03-26,2.42,2.45,2.41,2.4,87080.69,-0.03,-1.23,2.39,2.353,2.362,141716.85,107673.99,104187.3
2014-03-27,2.42,2.47,2.44,2.38,143119.91,0.03,1.25,2.414,2.365,2.367,141345.31,113678.46,106054.82
2014-03-28,2.43,2.52,2.49,2.42,393346.81,0.05,2.05,2.44,2.384,2.374,196746.47,145331.54,121904.38
2014-03-31,2.47,2.49,2.42,2.39,202770.69,-0.07,-2.81,2.44,2.395,2.376,195897.47,159768.66,128009.33
2014-04-01,2.42,2.46,2.43,2.39,133266.81,0.01,0.41,2.438,2.405,2.379,191916.98,166232.07,130656.82
2014-04-02,2.44,2.44,2.42,2.4,114394.48,-0.01,-0.41,2.44,2.415,2.382,197379.74,169548.3,133819.47
2014-04-03,2.42,2.43,2.39,2.37,99454.72,-0.03,-1.24,2.43,2.422,2.383,188646.7,164996.01,135469.28
2014-04-04,2.39,2.4,2.4,2.37,74012.76,0.01,0.42,2.412,2.426,2.38,124779.89,160763.18,129473.32
2014-04-08,2.39,2.43,2.43,2.38,96227.84,0.03,1.25,2.414,2.427,2.382,103471.32,149684.4,126455.73
2014-04-09,2.43,2.44,2.42,2.41,70728.98,-0.01,-0.41,2.412,2.425,2.385,90963.76,141440.37,125838.06
2014-04-10,2.42,2.48,2.46,2.41,196645.02,0.04,1.65,2.42,2.43,2.392,107413.86,152396.8,130035.39
2014-04-11,2.45,2.48,2.47,2.43,146153.94,0.01,0.41,2.436,2.433,2.399,116753.71,152700.2,133189.33
2014-04-14,2.46,2.48,2.47,2.45,119963.29,0.0,0.0,2.45,2.431,2.408,125943.81,125361.85,135346.7
2014-04-15,2.47,2.51,2.47,2.44,164230.58,0.0,0.0,2.458,2.436,2.416,139544.36,121507.84,140638.25
2014-04-16,2.45,2.47,2.45,2.44,74345.7,-0.02,-0.81,2.464,2.438,2.422,140267.71,115615.73,140923.9
2014-04-17,2.46,2.52,2.49,2.43,232116.25,0.04,1.63,2.47,2.445,2.43,147361.95,127387.91,148468.1
2014-04-18,2.48,2.5,2.48,2.46,130849.7,-0.01,-0.4,2.472,2.454,2.438,144301.1,130527.41,147761.71
2014-04-21,2.47,2.48,2.41,2.41,125665.83,-0.07,-2.82,2.46,2.455,2.441,145441.61,135692.71,148227.95
2014-04-22,2.44,2.65,2.54,2.42,684457.25,0.13,5.39,2.474,2.466,2.447,249486.95,194515.65,172100.03
2014-04-23,2.5,2.53,2.5,2.47,293643.56,-0.04,-1.57,2.484,2.474,2.45,293346.52,216807.11,179123.74
2014-04-24,2.48,2.49,2.46,2.44,149069.8,-0.04,-1.6,2.478,2.474,2.452,276737.23,212049.59,182223.2
2014-04-25,2.46,2.57,2.51,2.46,386575.38,0.05,2.03,2.484,2.478,2.456,327882.36,236091.73,194395.97
2014-04-28,2.5,2.58,2.57,2.49,483164.66,0.06,2.39,2.516,2.488,2.46,399382.13,272411.87,198886.86
2014-04-29,2.56,2.56,2.5,2.44,311428.53,-0.07,-2.72,2.508,2.491,2.464,324776.39,287131.67,204319.75
2014-04-30,2.48,2.66,2.59,2.45,499967.09,0.09,3.6,2.526,2.505,2.472,366041.09,329693.81,222654.77
2014-05-05,2.57,2.73,2.68,2.55,664823.81,0.09,3.48,2.57,2.524,2.485,469191.89,372964.56,250176.23
2014-05-06,2.66,2.73,2.66,2.61,439362.88,-0.02,-0.75,2.6,2.542,2.498,479749.39,403815.88,267171.64
2014-05-07,2.65,2.66,2.58,2.56,287805.25,-0.08,-3.01,2.602,2.559,2.507,440677.51,420029.82,277861.27
2014-05-08,2.56,2.62,2.58,2.53,217561.81,0.0,0.0,2.618,2.563,2.515,421904.17,373340.28,283927.97
2014-05-09,2.57,2.57,2.5,2.47,208767.05,-0.08,-3.1,2.6,2.563,2.519,363664.16,364852.63,290829.87
2014-05-12,2.52,2.56,2.54,2.5,239732.8,0.03,1.2,2.572,2.571,2.523,278645.96,373918.93,292984.26
2014-05-13,2.54,2.58,2.56,2.5,209598.36,0.02,0.79,2.552,2.576,2.527,232693.05,356221.22,296156.48
2014-05-14,2.54,2.57,2.54,2.52,134806.3,-0.02,-0.78,2.544,2.573,2.531,202093.26,321385.39,296898.63
2014-05-15,2.54,2.56,2.48,2.46,163198.17,-0.06,-2.36,2.524,2.571,2.531,191220.54,306562.35,296847.01
2014-05-16,2.46,2.6,2.57,2.46,309842.06,0.09,3.63,2.538,2.569,2.537,211435.54,287549.85,308621.83
2014-05-19,2.56,2.59,2.56,2.53,196728.08,-0.01,-0.39,2.542,2.557,2.541,202834.59,240740.28,306852.42
2014-05-20,2.57,2.58,2.51,2.5,133001.91,-0.05,-1.95,2.532,2.542,2.542,187515.3,210104.18,306960.03
2014-05-21,2.5,2.52,2.5,2.47,97192.77,-0.01,-0.4,2.524,2.534,2.547,179992.6,191042.93,305536.38
2014-05-22,2.5,2.54,2.49,2.49,124477.53,-0.01,-0.4,2.526,2.525,2.544,172248.47,181734.5,277537.39
2014-05-23,2.49,2.5,2.49,2.47,98131.75,0.0,0.0,2.51,2.524,2.544,129906.41,170670.97,267761.8
2014-05-26,2.5,2.51,2.49,2.47,94369.4,0.0,0.0,2.496,2.519,2.545,109434.67,156134.63,265026.78
2014-05-27,2.49,2.49,2.46,2.45,97057.15,-0.03,-1.21,2.486,2.509,2.543,102245.72,144880.51,250550.87
2014-05-28,2.46,2.47,2.47,2.43,97299.33,0.01,0.41,2.48,2.502,2.538,102267.03,141129.82,231257.6
2014-05-29,2.47,2.47,2.45,2.44,84716.0,-0.02,-0.81,2.472,2.499,2.535,94314.73,133281.6,219921.98
2014-05-30,2.45,2.46,2.43,2.41,91139.59,-0.02,-0.82,2.46,2.485,2.527,92916.29,111411.35,199480.6
2014-06-03,2.43,2.44,2.43,2.42,60259.46,0.0,0.0,2.448,2.472,2.515,86094.31,97764.49,169252.38
2014-06-04,2.42,2.42,2.39,2.37,89107.19,-0.04,-1.65,2.434,2.46,2.501,84504.31,93375.02,151739.6
2014-06-05,2.39,2.41,2.41,2.37,74543.14,0.02,0.84,2.422,2.451,2.493,79953.08,91110.05,141076.49
2014-06-06,2.41,2.41,2.38,2.37,62425.05,-0.03,-1.25,2.408,2.44,2.483,75494.89,84904.81,133319.65
2014-06-09,2.38,2.38,2.35,2.35,53982.01,-0.03,-1.26,2.392,2.426,2.475,68063.37,80489.83,125580.4
2014-06-10,2.35,2.41,2.4,2.35,89304.96,0.05,2.13,2.386,2.417,2.468,73872.47,79983.39,118059.01
2014-06-11,2.4,2.44,2.41,2.38,76445.02,0.01,0.42,2.39,2.412,2.461,71340.04,77922.18,111401.34
2014-06-12,2.41,2.48,2.45,2.4,149633.44,0.04,1.66,2.398,2.41,2.456,86358.1,83155.59,112142.7
2014-06-13,2.44,2.45,2.43,2.41,83680.24,-0.02,-0.82,2.408,2.408,2.454,90609.13,83052.01,108166.8
2014-06-16,2.44,2.44,2.43,2.42,63492.88,0.0,0.0,2.424,2.408,2.447,92511.31,80287.34,95849.35
2014-06-17,2.42,2.43,2.39,2.39,56765.3,-0.04,-1.65,2.422,2.404,2.438,86003.38,79937.92,88851.21
2014-06-18,2.4,2.43,2.38,2.38,77841.88,-0.01,-0.42,2.416,2.403,2.432,86282.75,78811.39,86093.2
2014-06-19,2.38,2.4,2.36,2.35,69966.66,-0.02,-0.84,2.398,2.398,2.425,70349.39,78353.74,84731.9
2014-06-20,2.36,2.39,2.37,2.34,50959.99,0.01,0.42,2.386,2.397,2.419,63805.34,77207.24,81056.02
2014-06-23,2.37,2.41,2.38,2.37,46577.85,0.01,0.42,2.376,2.4,2.413,60422.34,76466.82,78478.33
2014-06-24,2.39,2.59,2.5,2.39,391196.91,0.12,5.04,2.398,2.41,2.414,127308.66,106656.02,93319.7
2014-06-25,2.46,2.48,2.45,2.42,174653.84,-0.05,-2.0,2.412,2.414,2.413,146671.05,116476.9,97199.54
2014-06-26,2.43,2.51,2.49,2.43,176469.09,0.04,1.63,2.438,2.418,2.414,167971.54,119160.46,101158.03
2014-06-27,2.49,2.63,2.61,2.48,782492.12,0.12,4.82,2.486,2.436,2.422,314277.96,189041.65,136046.83
2014-06-30,2.67,2.72,2.63,2.59,567806.75,0.02,0.77,2.536,2.456,2.432,418523.74,239473.04,159880.19
2014-07-01,2.6,2.89,2.89,2.56,645511.38,0.26,9.89,2.614,2.506,2.455,469386.64,298347.65,189142.78
2014-07-02,2.98,3.18,3.18,2.92,1918884.0,0.29,10.04,2.76,2.586,2.495,818232.67,482451.86,280631.63
2014-07-03,3.36,3.5,3.5,3.35,1021033.56,0.32,10.06,2.962,2.7,2.549,987145.56,577558.55,327956.15
2014-07-04,3.5,3.5,3.15,3.15,2948791.0,-0.35,-10.0,3.07,2.778,2.588,1420405.34,867341.65,472274.44
2014-07-07,3.03,3.09,3.03,2.98,1407633.0,-0.12,-3.81,3.15,2.843,2.622,1588370.59,1003447.17,539956.99
2014-07-08,3.01,3.03,3.02,2.95,759753.44,-0.01,-0.33,3.176,2.895,2.653,1611219.0,1040302.82,573479.42
2014-07-09,2.99,3.13,3.0,2.96,1028175.94,-0.02,-0.66,3.14,2.95,2.682,1433077.39,1125655.03,621065.96
2014-07-10,2.97,3.01,2.94,2.92,621995.19,-0.06,-2.0,3.028,2.995,2.707,1353269.71,1170207.64,644684.05
2014-07-11,2.95,3.02,2.98,2.95,514232.12,0.04,1.36,2.994,3.032,2.734,866357.94,1143381.64,666211.65
2014-07-14,2.97,3.0,2.97,2.92,466460.31,-0.01,-0.34,2.982,3.066,2.761,678123.4,1133246.99,686360.02
2014-07-15,2.98,2.99,2.89,2.89,527848.06,-0.08,-2.69,2.956,3.066,2.786,631742.32,1121480.66,709914.15
2014-07-16,2.88,2.93,2.9,2.83,521732.09,0.01,0.35,2.936,3.038,2.812,530453.55,981765.47,732108.67
2014-07-17,2.87,2.89,2.87,2.84,343163.91,-0.03,-1.03,2.922,2.975,2.838,474687.3,913978.51,745768.53
2014-07-18,2.85,2.88,2.82,2.81,316093.59,-0.05,-1.74,2.89,2.942,2.86,435059.59,650708.77,759025.21
2014-07-21,2.84,2.84,2.76,2.74,416760.62,-0.06,-2.13,2.848,2.915,2.879,425119.65,551621.53,777534.35
2014-07-22,2.76,2.81,2.8,2.75,275156.22,0.04,1.45,2.83,2.893,2.894,374581.29,503161.81,771732.31
2014-07-23,2.79,2.97,2.9,2.77,855401.81,0.1,3.57,2.83,2.883,2.917,441315.23,485884.39,805769.71
2014-07-24,2.85,2.88,2.85,2.81,456417.72,-0.05,-1.72,2.826,2.874,2.935,463965.99,469326.65,819767.14
2014-07-25,2.86,2.93,2.91,2.85,454189.69,0.06,2.1,2.844,2.867,2.95,491585.21,463322.4,803352.02
2014-07-28,2.92,2.95,2.92,2.9,533107.56,0.01,0.34,2.876,2.862,2.964,514854.6,469987.13,801617.06
2014-07-29,2.92,2.97,2.95,2.89,429341.72,0.03,1.03,2.906,2.868,2.967,545691.7,460136.49,790808.58
2014-07-30,2.93,2.95,2.92,2.9,323978.91,-0.03,-1.02,2.91,2.87,2.954,439407.12,440361.18,711063.32
2014-07-31,2.9,2.98,2.95,2.88,462393.84,0.03,1.03,2.93,2.878,2.927,440602.34,452284.17,683131.34
2014-08-01,2.95,2.98,2.89,2.89,509656.59,-0.06,-2.03,2.926,2.885,2.914,451695.72,471640.47,561174.62
2014-08-04,2.88,2.92,2.9,2.85,426784.31,0.01,0.35,2.922,2.899,2.907,430431.07,472642.84,512132.18
2014-08-05,2.9,2.96,2.94,2.88,439822.94,0.04,1.38,2.92,2.913,2.903,432527.32,489109.51,496135.66
2014-08-06,2.92,2.95,2.92,2.9,291711.66,-0.02,-0.68,2.92,2.915,2.899,426073.87,432740.49,459312.44
2014-08-07,2.92,2.93,2.87,2.87,274117.84,-0.05,-1.71,2.904,2.917,2.896,388418.67,414510.51,441918.58
2014-08-08,2.86,2.89,2.87,2.84,292389.25,0.0,0.0,2.9,2.913,2.89,344965.2,398330.46,430826.43
2014-08-11,2.86,2.9,2.89,2.85,175339.98,0.02,0.7,2.898,2.91,2.886,294676.33,362553.7,416270.42
2014-08-12,2.89,2.94,2.93,2.87,303701.62,0.04,1.38,2.896,2.908,2.888,267452.07,349989.69,405063.09
2014-08-13,2.93,2.94,2.92,2.89,237978.92,-0.01,-0.34,2.896,2.908,2.889,256705.52,341389.69,390875.44
2014-08-14,2.93,2.98,2.94,2.89,563728.31,0.02,0.69,2.91,2.907,2.893,314627.62,351523.14,401903.66
2014-08-15,2.92,2.96,2.95,2.91,309552.41,0.01,0.34,2.926,2.913,2.899,318060.25,331512.72,401576.6
2014-08-18,2.95,3.08,3.04,2.95,703422.5,0.09,3.05,2.956,2.927,2.913,423676.75,359176.54,415909.69
2014-08-19,3.04,3.04,3.02,2.99,375465.88,-0.02,-0.66,2.974,2.935,2.924,438029.6,352740.84,420925.17
2014-08-20,3.04,3.27,3.13,3.03,1053974.62,0.11,3.64,3.016,2.956,2.936,601228.74,428967.13,430853.81
2014-08-21,3.14,3.2,3.16,3.06,704212.5,0.03,0.96,3.06,2.985,2.951,629325.58,471976.6,443243.55
2014-08-22,3.1,3.35,3.21,3.05,1277787.62,0.11,3.55,3.112,3.019,2.966,822972.62,570516.44,484423.45
2014-08-25,3.2,3.32,3.18,3.12,902333.12,-0.03,-0.94,3.14,3.048,2.979,862754.75,643215.75,502884.73
2014-08-26,3.17,3.29,3.07,3.01,875633.06,-0.11,-3.46,3.15,3.062,2.985,962788.18,700408.89,525199.29
2014-08-27,3.04,3.1,3.02,3.0,434677.12,-0.05,-1.63,3.128,3.072,2.99,838928.68,720078.71,530734.2
2014-08-28,3.0,3.01,2.92,2.91,364011.69,-0.1,-3.31,3.08,3.07,2.989,770888.52,700107.05,525815.1
2014-08-29,2.9,2.95,2.95,2.89,209941.56,0.03,1.03,3.028,3.07,2.992,557319.31,690145.97,510829.35
2014-09-01,2.96,3.12,3.07,2.93,446260.66,0.12,4.07,3.006,3.073,3.0,466104.82,664429.78,511803.16
2014-09-02,3.09,3.38,3.35,3.08,1705026.88,0.28,9.12,3.062,3.106,3.021,631983.58,797385.88,575063.36
2014-09-03,3.36,3.39,3.25,3.21,1260383.62,-0.1,-2.98,3.108,3.118,3.037,797124.88,818026.78,623496.96
2014-09-04,3.25,3.48,3.4,3.21,1145645.88,0.15,4.62,3.204,3.142,3.064,953451.72,862170.12,667073.36
2014-09-05,3.39,3.55,3.4,3.3,1358890.62,0.0,0.0,3.294,3.161,3.09,1183241.53,870280.42,720398.43
2014-09-09,3.39,3.49,3.35,3.33,824402.56,-0.05,-1.47,3.35,3.178,3.113,1258869.91,862487.37,752851.56
2014-09-10,3.35,3.36,3.33,3.24,599456.44,-0.02,-0.6,3.346,3.204,3.133,1037755.82,834869.7,767639.3
2014-09-11,3.31,3.65,3.47,3.29,1328691.88,0.14,4.2,3.39,3.249,3.161,1051417.48,924271.18,822174.95
2014-09-12,3.4,3.55,3.46,3.36,796770.0,-0.01,-0.29,3.402,3.303,3.187,981642.3,967547.01,833827.03
2014-09-15,3.44,3.63,3.5,3.42,730072.38,0.04,1.16,3.422,3.358,3.214,855878.65,1019560.09,854853.03
2014-09-16,3.46,3.49,3.31,3.3,772967.81,-0.19,-5.43,3.414,3.382,3.228,845591.7,1052230.81,858330.3
2014-09-17,3.29,3.64,3.64,3.27,1266985.0,0.33,9.97,3.476,3.411,3.259,979097.41,1008426.62,902906.25
2014-09-18,3.8,4.0,3.78,3.67,2615620.5,0.14,3.85,3.538,3.464,3.291,1236483.14,1143950.31,980988.55
2014-09-19,3.7,3.79,3.74,3.62,1297782.88,-0.04,-1.06,3.594,3.498,3.32,1336685.71,1159164.01,1010667.06
2014-09-22,3.7,3.88,3.74,3.66,1265624.38,0.0,0.0,3.642,3.532,3.347,1443796.11,1149837.38,1010058.9
2014-09-23,3.7,3.78,3.71,3.61,842077.19,-0.03,-0.8,3.722,3.568,3.373,1457617.99,1151604.85,1007046.11
2014-09-24,3.67,3.76,3.72,3.64,643490.94,0.01,0.27,3.738,3.607,3.406,1332919.18,1156008.3,995439.0
2014-09-25,3.7,3.93,3.77,3.67,1418862.5,0.05,1.34,3.736,3.637,3.443,1093567.58,1165025.36,1044648.27
2014-09-26,3.73,3.75,3.7,3.68,560483.0,-0.07,-1.86,3.728,3.661,3.482,946107.6,1141396.66,1054471.83
2014-09-29,3.7,3.73,3.69,3.68,409653.84,-0.01,-0.27,3.718,3.68,3.519,774913.49,1109354.8,1064457.45
2014-09-30,3.69,3.7,3.68,3.63,472923.38,-0.01,-0.27,3.712,3.717,3.55,701082.73,1079350.36,1065790.58
2014-10-08,3.68,3.76,3.72,3.67,534054.25,0.04,1.09,3.712,3.725,3.568,679195.39,1006057.29,1007241.95
2014-10-09,3.73,3.77,3.73,3.69,552781.62,0.01,0.27,3.704,3.72,3.592,505979.22,799773.4,971861.85
2014-10-10,3.72,3.73,3.72,3.67,507752.78,-0.01,-0.27,3.708,3.718,3.608,495433.17,720770.39,939967.2
2014-10-13,3.73,3.89,3.81,3.7,1012012.88,0.09,2.42,3.732,3.725,3.629,615904.98,695409.24,922623.31
2014-10-14,3.75,3.86,3.74,3.72,606840.12,-0.07,-1.84,3.744,3.728,3.648,642688.33,671885.53,911745.19
2014-10-15,3.76,3.76,3.73,3.68,321381.91,-0.01,-0.27,3.746,3.729,3.668,600153.86,639674.63,897841.46
2014-10-16,3.7,3.73,3.57,3.56,495490.5,-0.16,-4.29,3.714,3.709,3.673,588695.64,547337.43,856181.39
2014-10-17,3.55,3.58,3.48,3.35,495693.41,-0.09,-2.52,3.666,3.687,3.674,586283.76,540858.47,841127.56
2014-10-20,3.47,3.64,3.6,3.46,464443.97,0.12,3.45,3.624,3.678,3.679,476769.98,546337.48,827846.14
2014-10-21,3.57,3.63,3.52,3.51,278965.16,-0.08,-2.22,3.58,3.662,3.69,411194.99,526941.66,803146.01
2014-10-22,3.52,3.6,3.58,3.5,378024.12,0.06,1.71,3.55,3.648,3.687,422523.43,511338.65,758697.97
2014-10-23,3.61,3.76,3.7,3.52,821705.0,0.12,3.35,3.576,3.645,3.683,487766.33,538230.99,669002.19
2014-10-24,3.69,3.8,3.75,3.66,812957.0,0.05,1.35,3.63,3.648,3.683,551219.05,568751.41,644760.9
2014-10-27,3.72,3.88,3.79,3.69,737446.62,0.04,1.07,3.668,3.646,3.686,605819.58,541294.78,618352.01
2014-10-28,3.86,3.93,3.84,3.79,773120.0,0.05,1.32,3.732,3.656,3.692,704650.55,557922.77,614904.15
2014-10-29,3.84,4.19,4.06,3.79,1841075.88,0.22,5.73,3.828,3.689,3.709,997260.9,709892.17,674783.4
2014-10-30,4.03,4.47,4.37,4.0,2235250.0,0.31,7.63,3.962,3.769,3.739,1279969.9,883868.12,715602.77
2014-10-31,4.35,4.35,4.24,4.16,1193805.62,-0.13,-2.98,4.06,3.845,3.766,1356139.62,953679.34,747268.9
2014-11-03,4.26,4.64,4.55,4.22,1538299.88,0.31,7.31,4.212,3.94,3.809,1516310.28,1061064.93,803701.21
2014-11-04,4.73,4.95,4.64,4.56,1971852.0,0.09,1.98,4.372,4.052,3.857,1756056.68,1230353.61,878647.64
2014-11-05,4.57,4.97,4.8,4.42,1586322.12,0.16,3.45,4.52,4.174,3.911,1705105.92,1351183.41,931261.03
2014-11-06,4.68,4.83,4.68,4.63,1009165.94,-0.12,-2.5,4.582,4.272,3.959,1459889.11,1369929.51,954080.25
2014-11-07,4.72,4.79,4.66,4.46,1316037.5,-0.02,-0.43,4.666,4.363,4.006,1484335.49,1420237.56,994494.48
2014-11-10,4.7,5.13,5.13,4.61,1950979.5,0.47,10.09,4.782,4.497,4.072,1566871.41,1541590.84,1041442.81
2014-11-11,5.18,5.35,4.81,4.78,2552453.25,-0.32,-6.24,4.816,4.594,4.125,1682991.66,1719524.17,1138723.47
2014-11-12,4.62,4.78,4.74,4.58,1093974.38,-0.07,-1.46,4.804,4.662,4.176,1584522.11,1644814.02,1177353.09
2014-11-13,4.68,4.69,4.5,4.43,1271981.38,-0.24,-5.06,4.768,4.675,4.222,1637085.2,1548487.16,1216177.64
2014-11-14,4.4,4.44,4.39,4.32,797177.88,-0.11,-2.44,4.714,4.69,4.268,1533313.28,1508824.38,1231251.86
2014-11-17,4.4,4.54,4.46,4.33,747405.12,0.07,1.59,4.58,4.681,4.311,1292598.4,1429734.91,1245399.92
2014-11-18,4.53,4.7,4.62,4.51,1140430.25,0.16,3.59,4.542,4.679,4.366,1010193.8,1346592.73,1288473.17
2014-11-19,4.56,4.65,4.55,4.48,742413.06,-0.07,-1.51,4.504,4.654,4.414,939881.54,1262201.83,1306692.62
2014-11-20,4.47,4.6,4.52,4.41,573665.5,-0.03,-0.66,4.508,4.638,4.455,800218.36,1218651.78,1294290.64
2014-11-21,4.47,4.52,4.49,4.43,470857.78,-0.03,-0.66,4.528,4.621,4.492,734954.34,1134133.81,1277185.68
2014-11-24,4.52,4.59,4.57,4.42,885102.38,0.08,1.78,4.55,4.565,4.531,762493.79,1027546.1,1284568.47
2014-11-25,4.55,4.81,4.74,4.52,1223449.88,0.17,3.72,4.574,4.558,4.576,779097.72,894645.76,1307084.96
2014-11-26,4.69,4.75,4.67,4.62,749014.38,-0.07,-1.48,4.598,4.551,4.607,780417.98,860149.76,1252481.89
2014-11-27,4.67,4.68,4.62,4.57,637207.56,-0.05,-1.07,4.618,4.563,4.619,793126.4,796672.38,1172579.77
2014-11-28,4.59,4.7,4.6,4.54,889559.0,-0.02,-0.43,4.64,4.584,4.637,876866.64,805910.49,1157367.44
2014-12-01,4.56,4.61,4.55,4.45,731958.88,-0.05,-1.09,4.636,4.593,4.637,846237.94,804365.87,1117050.39
2014-12-02,4.58,4.6,4.57,4.49,630657.44,0.02,0.44,4.602,4.588,4.634,727679.45,753388.59,1049990.66
2014-12-03,4.55,4.62,4.57,4.5,826633.06,0.0,0.0,4.582,4.59,4.622,743203.19,761810.59,1012006.21
2014-12-04,4.56,4.72,4.67,4.52,1169121.12,0.1,2.19,4.592,4.605,4.622,849585.9,821356.15,1020003.97
2014-12-05,4.65,4.65,4.5,4.34,968930.5,-0.17,-3.64,4.572,4.606,4.614,865460.2,871163.42,1002648.62
2014-12-08,4.53,4.94,4.86,4.53,1984091.12,0.36,8.0,4.634,4.635,4.6,1115886.65,981062.29,1004304.2
2014-12-09,4.85,5.3,4.8,4.72,2545852.75,-0.06,-1.24,4.68,4.641,4.6,1498925.71,1113302.58,1003974.17
2014-12-10,4.8,5.26,5.25,4.7,1753766.38,0.45,9.38,4.816,4.699,4.625,1684352.37,1213777.78,1036963.77
2014-12-11,5.26,5.55,5.29,5.08,2038475.5,0.04,0.76,4.94,4.766,4.665,1858223.25,1353904.58,1075288.48
2014-12-12,5.29,5.31,5.11,5.05,1057260.62,-0.18,-3.4,5.062,4.817,4.701,1875889.27,1370674.74,1088292.61
2014-12-15,5.11,5.14,4.97,4.86,805064.94,-0.14,-2.74,5.084,4.859,4.726,1640084.04,1377985.34,1091175.61
2014-12-16,4.95,5.1,5.02,4.88,752769.38,0.05,1.01,5.128,4.904,4.746,1281467.36,1390196.54,1071792.56
2014-12-17,5.02,5.19,5.07,4.96,979493.31,0.05,1.0,5.092,4.954,4.772,1126612.75,1405482.56,1083646.57
2014-12-18,5.01,5.08,5.0,4.91,725361.5,-0.07,-1.38,5.034,4.987,4.796,863989.95,1361106.6,1091231.37
2014-12-19,5.08,5.26,5.17,5.0,1310105.62,0.17,3.4,5.046,5.054,4.83,914558.95,1395224.11,1133193.77
2014-12-22,5.17,5.18,4.79,4.71,1095707.75,-0.38,-7.35,5.01,5.047,4.841,972687.51,1306385.77,1143724.03
2014-12-23,4.77,4.78,4.61,4.59,531655.12,-0.18,-3.76,4.928,5.028,4.835,928464.66,1104966.01,1109134.3
2014-12-24,4.61,4.7,4.64,4.55,402877.97,0.03,0.65,4.842,4.967,4.833,813141.59,969877.17,1091827.48
2014-12-25,4.66,4.76,4.75,4.61,407445.84,0.11,2.37,4.792,4.913,4.84,749558.46,806774.21,1080339.39
2014-12-26,4.73,4.88,4.85,4.69,609535.56,0.1,2.1,4.728,4.887,4.852,609444.45,762001.7,1066338.22
2014-12-29,4.83,4.89,4.73,4.7,507188.06,-0.12,-2.47,4.716,4.863,4.861,491740.51,732214.01,1055099.68
2014-12-30,4.72,4.72,4.53,4.51,459800.16,-0.2,-4.23,4.7,4.814,4.859,477369.52,702917.09,1046556.81
2014-12-31,4.55,4.63,4.61,4.5,291805.94,0.08,1.77,4.694,4.768,4.861,455155.11,634148.35,1019815.46
2015-01-05,4.61,4.74,4.73,4.57,492328.59,0.12,2.6,4.69,4.741,4.864,472131.66,610845.06,985975.83
2015-01-06,4.69,4.89,4.78,4.66,637394.75,0.05,1.06,4.676,4.702,4.878,477703.5,543573.97,969399.04
2015-01-07,4.77,4.77,4.73,4.68,361726.25,-0.05,-1.05,4.676,4.696,4.872,448611.14,470175.82,888280.8
2015-01-08,4.72,5.2,5.2,4.58,1438792.38,0.47,9.94,4.81,4.755,4.892,644409.58,560889.55,832927.78
2015-01-09,5.34,5.72,5.72,5.22,3234698.25,0.52,10.0,5.032,4.863,4.915,1232988.04,844071.58,906974.37
2015-01-12,5.88,5.88,5.54,5.39,2421019.75,-0.18,-3.15,5.194,4.942,4.928,1618726.28,1045428.97,926101.59
2015-01-13,5.6,5.73,5.54,5.37,1490470.38,0.0,0.0,5.346,5.011,4.949,1789341.4,1133522.45,947762.08
2015-01-14,5.46,5.47,5.24,5.11,1278839.5,-0.3,-5.42,5.448,5.062,4.963,1972764.05,1210687.59,971450.8
2015-01-15,5.19,5.42,5.35,5.14,1196736.12,0.11,2.1,5.478,5.144,4.979,1924352.8,1284381.19,993649.14
2015-01-16,5.3,5.39,5.39,5.21,1038852.5,0.04,0.75,5.412,5.222,4.995,1485183.65,1359085.85,996617.1
2015-01-19,5.05,5.26,4.85,4.85,1077646.25,-0.54,-10.02,5.274,5.234,4.988,1216508.95,1417617.61,1014231.34
2015-01-20,4.89,5.17,5.11,4.83,1113160.88,0.26,5.36,5.188,5.267,4.985,1141047.05,1465194.23,1004384.1
2015-01-21,5.09,5.25,5.24,5.03,1041257.81,0.13,2.54,5.188,5.318,5.007,1093530.71,1533147.38,1001661.6
2015-01-22,5.19,5.6,5.42,5.14,1390522.62,0.18,3.44,5.202,5.34,5.048,1132288.01,1528320.41,1044604.98
2015-01-23,5.35,5.71,5.55,5.33,1736634.62,0.13,2.4,5.234,5.323,5.093,1271844.44,1378514.04,1111292.81
2015-01-26,5.46,5.6,5.53,5.38,829518.44,-0.02,-0.36,5.37,5.322,5.132,1222218.87,1219363.91,1132396.44
2015-01-27,5.52,5.83,5.59,5.25,1563182.25,0.06,1.08,5.466,5.327,5.169,1312223.15,1226635.1,1180078.77
2015-01-28,5.48,5.77,5.62,5.39,1325038.0,0.03,0.54,5.542,5.365,5.214,1368979.19,1231254.95,1220971.27
2015-01-29,5.5,5.6,5.41,5.4,710594.62,-0.21,-3.74,5.54,5.371,5.258,1232993.59,1182640.8,1233511.0
2015-01-30,5.44,5.49,5.21,5.2,604244.38,-0.2,-3.7,5.472,5.353,5.288,1006515.54,1139179.99,1249132.92
2015-02-02,5.14,5.29,5.17,5.06,376578.19,-0.04,-0.77,5.4,5.385,5.31,915927.49,1069073.18,1243345.4
2015-02-03,5.19,5.26,5.25,5.14,330097.53,0.08,1.55,5.332,5.399,5.333,669310.54,990766.85,1227980.54
2015-02-04,5.24,5.31,5.18,5.16,406180.78,-0.07,-1.33,5.244,5.393,5.356,485539.1,927259.14,1230203.26
2015-02-05,5.26,5.29,5.08,5.08,406153.31,-0.1,-1.93,5.178,5.359,5.35,424650.84,828822.21,1178571.31
2015-02-06,5.07,5.08,4.84,4.8,525125.19,-0.24,-4.72,5.104,5.288,5.306,408827.0,707671.27,1043092.66
2015-02-09,4.82,4.98,4.96,4.69,349624.41,0.12,2.48,5.062,5.231,5.277,403436.24,659681.87,939522.89
2015-02-10,4.98,5.06,5.04,4.93,302031.19,0.08,1.61,5.02,5.176,5.252,397822.98,533566.76,880100.93
2015-02-11,5.03,5.07,5.01,5.0,209077.94,-0.03,-0.59,4.986,5.115,5.24,358402.41,421970.75,826612.85
2015-02-12,5.02,5.08,5.01,4.93,256907.77,0.0,0.0,4.972,5.075,5.223,328553.3,376602.07,779621.43
2015-02-13,5.02,5.08,5.04,5.01,313417.25,0.03,0.6,5.012,5.058,5.206,286211.71,347519.36,743349.67
2015-02-16,5.04,5.1,5.07,5.03,291542.44,0.03,0.59,5.034,5.048,5.217,274595.32,339015.78,704044.48
2015-02-17,5.04,5.16,5.14,5.02,405940.38,0.07,1.38,5.054,5.037,5.218,295377.16,346600.07,668683.46
2015-02-25,5.14,5.58,5.43,5.13,919209.5,0.29,5.64,5.138,5.062,5.228,437403.47,397902.94,662581.04
2015-02-26,5.48,5.64,5.53,5.38,1011881.75,0.1,1.84,5.242,5.107,5.233,588398.26,458475.78,643649.0
2015-02-27,5.53,5.6,5.49,5.36,807028.94,-0.04,-0.72,5.332,5.172,5.23,687120.6,486666.16,597168.71
2015-03-02,5.49,5.52,5.45,5.4,553682.0,-0.04,-0.73,5.408,5.221,5.226,739548.51,507071.92,583376.89
2015-03-03,5.44,5.95,5.58,5.34,1437850.38,0.13,2.38,5.496,5.275,5.226,945930.51,620653.84,577110.3
2015-03-04,5.47,5.57,5.5,5.44,577030.12,-0.08,-1.43,5.51,5.324,5.22,877494.64,657449.05,539709.9
2015-03-05,5.45,5.55,5.38,5.36,517707.44,-0.12,-2.18,5.48,5.361,5.218,778659.78,683529.02,530065.54
2015-03-06,5.39,5.58,5.42,5.39,476539.5,0.04,0.74,5.466,5.399,5.229,712561.89,699841.25,523680.3
2015-03-09,5.44,5.5,5.49,5.33,441265.62,0.07,1.29,5.474,5.441,5.245,690078.61,714813.56,526914.67
2015-03-10,5.46,5.63,5.52,5.42,584340.19,0.03,0.55,5.462,5.479,5.258,519376.57,732653.54,539626.8
2015-03-11,5.5,5.61,5.44,5.42,471668.88,-0.08,-1.45,5.45,5.48,5.271,498304.33,687899.48,542901.21
2015-03-12,5.42,5.48,5.46,5.38,386499.16,0.02,0.37,5.466,5.473,5.29,472062.67,625361.22,541918.5
2015-03-13,5.46,5.57,5.5,5.43,429860.38,0.04,0.73,5.482,5.474,5.323,462726.85,587644.37,537155.26
2015-03-16,5.53,5.65,5.61,5.51,813701.69,0.11,2.0,5.506,5.49,5.356,537214.06,613646.34,560359.13
2015-03-17,5.62,5.86,5.75,5.59,1193075.25,0.14,2.5,5.552,5.507,5.391,658961.07,589168.82,604911.33
2015-03-18,5.75,6.33,6.33,5.7,1887268.75,0.58,10.09,5.73,5.59,5.457,942081.05,720192.69,688820.87
2015-03-19,6.33,6.86,6.48,6.25,2495776.0,0.15,2.37,5.934,5.7,5.531,1363936.41,917999.54,800764.28
2015-03-20,6.55,6.55,6.41,6.3,1171469.75,-0.07,-1.08,6.116,5.799,5.599,1512258.29,987492.57,843666.91
2015-03-23,6.42,6.7,6.62,6.36,1284320.12,0.21,3.28,6.318,5.912,5.677,1606381.97,1071798.02,893305.79
2015-03-24,6.63,7.21,7.05,6.36,1714177.25,0.43,6.5,6.578,6.065,5.772,1710602.37,1184781.72,958717.63
2015-03-25,7.01,7.49,7.11,6.9,1592770.62,0.06,0.85,6.734,6.232,5.856,1651702.75,1296891.9,992395.69
2015-03-26,7.14,7.15,6.79,6.74,1241262.38,-0.32,-4.5,6.796,6.365,5.919,1400800.02,1382368.22,1003864.72
2015-03-27,6.72,6.84,6.76,6.61,588352.19,-0.03,-0.44,6.866,6.491,5.983,1284176.51,1398217.4,992930.88
2015-03-30,6.93,7.34,7.04,6.89,1114943.75,0.28,4.14,6.95,6.634,6.062,1250301.24,1428341.61,1020993.97
2015-03-31,7.05,7.12,6.91,6.88,899244.12,-0.13,-1.85,6.922,6.75,6.129,1087314.61,1398958.49,994063.66
2015-04-01,6.9,6.96,6.93,6.83,597889.19,0.02,0.29,6.886,6.81,6.2,888338.33,1270020.54,995106.61
2015-04-02,6.98,7.0,6.98,6.85,654932.75,0.05,0.72,6.924,6.86,6.28,771072.4,1085936.21,1001967.88
2015-04-03,6.95,7.28,7.16,6.88,1220463.5,0.18,2.58,7.004,6.935,6.367,897494.66,1090835.59,1039164.08
2015-04-07,7.1,7.21,7.18,7.08,936835.69,0.02,0.28,7.032,6.991,6.452,861873.05,1056087.14,1063942.58
2015-04-08,7.19,7.21,6.97,6.85,889614.06,-0.21,-2.92,7.044,6.983,6.524,859947.04,973630.83,1079206.27
2015-04-09,6.94,6.95,6.77,6.62,733742.75,-0.2,-2.87,7.012,6.949,6.591,887117.75,887728.04,1092309.97
2015-04-10,6.8,7.08,6.99,6.79,720919.81,0.22,3.25,7.014,6.969,6.667,900315.16,835693.78,1109031.0
2015-04-13,7.11,7.26,7.19,7.08,1040378.25,0.2,2.86,7.02,7.012,6.752,864298.11,880896.39,1139556.89
2015-04-14,7.2,7.87,7.4,7.1,1940477.5,0.21,2.92,7.064,7.048,6.841,1065026.47,963449.76,1195895.68
2015-04-15,7.4,7.4,7.16,7.11,934428.94,-0.24,-3.24,7.102,7.073,6.912,1073989.45,966968.24,1182963.37
2015-04-16,7.05,7.28,7.23,6.8,812157.88,0.07,0.98,7.194,7.103,6.957,1089672.48,988395.11,1129207.83
2015-04-17,7.23,7.95,7.94,7.18,2600900.75,0.71,9.82,7.384,7.199,7.03,1465668.66,1182991.91,1134464.06
2015-04-20,7.95,8.5,8.13,7.63,2378764.75,0.19,2.39,7.572,7.296,7.116,1733345.96,1298822.04,1194828.81
2015-04-21,8.13,8.3,8.16,7.85,1105581.62,0.03,0.37,7.724,7.394,7.193,1566366.79,1315696.63,1185891.89
2015-04-22,8.18,8.45,8.22,8.03,1469484.0,0.06,0.73,7.936,7.519,7.251,1673377.8,1373683.63,1173657.23
2015-04-23,8.25,8.5,8.39,8.16,1267020.75,0.17,2.07,8.168,7.681,7.315,1764350.37,1427011.43,1157369.73
2015-04-24,8.26,8.49,8.21,8.15,1157133.75,-0.18,-2.15,8.222,7.803,7.386,1475596.97,1470632.82,1153163.3
2015-04-27,8.21,8.4,8.17,8.05,1144130.75,-0.04,-0.49,8.23,7.901,7.457,1228670.17,1481008.07,1180952.23
2015-04-28,8.17,8.18,7.83,7.76,914124.62,-0.34,-4.16,8.164,7.944,7.496,1190378.77,1378372.78,1170911.27
2015-04-29,7.83,8.35,8.18,7.66,892821.75,0.35,4.47,8.156,8.046,7.56,1075046.32,1374212.06,1170590.15
2015-04-30,8.18,8.18,7.97,7.93,589860.12,-0.21,-2.57,8.072,8.12,7.612,939614.2,1351982.29,1170188.7
2015-05-04,7.98,8.2,8.19,7.98,707139.38,0.22,2.76,8.068,8.145,7.672,849615.32,1162606.15,1172799.03
2015-05-05,8.19,8.25,7.61,7.54,812856.12,-0.58,-7.08,7.956,8.093,7.695,783360.4,1006015.29,1152418.66
2015-05-06,7.63,7.85,7.29,6.9,817687.06,-0.32,-4.21,7.848,8.006,7.7,764072.89,977225.83,1146461.23
2015-05-07,7.2,7.2,6.7,6.66,648873.19,-0.59,-8.09,7.552,7.854,7.687,715283.17,895164.75,1134424.19
2015-05-08,6.75,6.99,6.95,6.7,552707.94,0.25,3.73,7.348,7.71,7.696,707852.74,823733.47,1125372.45
2015-05-11,7.2,7.6,7.57,7.14,789711.25,0.62,8.92,7.224,7.646,7.725,724367.11,786991.22,1128812.02
2015-05-12,7.6,7.76,7.64,7.39,821812.88,0.07,0.93,7.23,7.593,7.747,726158.46,754759.43,1117883.75
2015-05-13,7.69,8.2,7.92,7.51,1175651.62,0.28,3.67,7.356,7.602,7.773,797751.38,780912.13,1079642.46
2015-05-14,7.85,7.85,7.68,7.61,632953.25,-0.24,-3.03,7.552,7.552,7.799,794567.39,754925.28,1064568.67
2015-05-15,7.68,7.68,7.3,7.2,603295.44,-0.38,-4.95,7.622,7.485,7.803,804684.89,756268.81,1054125.55
2015-05-18,7.21,7.45,7.22,7.08,476359.47,-0.08,-1.1,7.552,7.388,7.767,742014.53,733190.82,947898.49
2015-05-19,7.25,7.47,7.45,7.25,475214.84,0.23,3.19,7.514,7.372,7.733,672694.92,699426.69,852720.99
2015-05-20,7.48,7.67,7.42,7.36,724001.25,-0.03,-0.4,7.414,7.385,7.696,582364.85,690058.11,833641.97
2015-05-21,7.43,7.89,7.84,7.42,1062247.75,0.42,5.66,7.446,7.499,7.677,668223.75,731395.57,813280.16
2015-05-22,7.86,8.15,8.03,7.65,1273838.0,0.19,2.42,7.592,7.607,7.659,802332.26,803508.58,813621.02
2015-05-25,7.93,8.83,8.83,7.9,1871492.25,0.8,9.96,7.914,7.733,7.69,1081358.82,911686.68,849338.95
2015-05-26,9.15,9.25,9.01,8.5,2582024.25,0.18,2.04,8.226,7.87,7.732,1502720.7,1087707.81,921233.62
2015-05-27,9.25,9.8,9.46,9.24,2269993.25,0.45,4.99,8.634,8.024,7.813,1811919.1,1197141.98,989027.05
2015-05-28,9.57,9.64,8.51,8.51,1800122.75,-0.95,-10.04,8.768,8.107,7.83,1959494.1,1313858.93,1034392.1
2015-05-29,8.41,8.86,8.8,7.7,1481450.0,0.29,3.41,8.922,8.257,7.871,2001016.5,1401674.38,1078971.6
2015-06-01,9.2,9.68,9.68,8.85,1623856.5,0.88,10.0,9.092,8.503,7.946,1951489.35,1516424.08,1124807.45
2015-06-02,10.0,10.64,10.16,9.91,2694803.75,0.48,4.96,9.322,8.774,8.073,1974045.25,1738382.98,1218904.83
2015-06-03,10.04,10.1,9.75,9.51,1520384.62,-0.41,-4.04,9.38,9.007,8.196,1824123.52,1818021.31,1254039.71
2015-06-04,9.7,9.7,9.5,8.8,1031206.0,-0.25,-2.56,9.578,9.173,8.336,1670340.17,1814917.14,1273156.35
2015-06-05,9.52,9.95,9.72,9.52,1198347.38,0.22,2.32,9.762,9.342,8.475,1613719.65,1807368.08,1305438.33
2015-06-08,9.7,9.84,9.71,9.32,1317909.88,-0.01,-0.1,9.768,9.43,8.582,1552530.33,1752009.84,1331848.26
2015-06-09,9.69,9.69,9.43,9.36,747148.88,-0.28,-2.88,9.622,9.472,8.671,1162999.35,1568522.3,1328115.06
2015-06-10,9.35,9.54,9.39,9.15,660163.19,-0.04,-0.42,9.55,9.465,8.745,990955.07,1407539.3,1302340.64
2015-06-11,9.35,9.43,9.39,9.21,629623.75,0.0,0.0,9.528,9.553,8.83,910638.62,1290489.4,1302174.16
2015-06-12,9.41,9.89,9.6,9.39,1293389.38,0.21,2.24,9.504,9.633,8.945,929647.02,1271683.33,1336678.86
2015-06-15,9.51,9.79,9.56,9.35,1051796.0,-0.04,-0.42,9.474,9.621,9.062,876424.24,1214477.28,1365450.68
2015-06-16,9.38,9.47,9.0,8.79,729297.38,-0.56,-5.86,9.388,9.505,9.14,872853.94,1017926.65,1378154.81
2015-06-17,8.9,9.2,9.17,8.5,696895.75,0.17,1.89,9.344,9.447,9.227,880200.45,935577.76,1376799.54
2015-06-18,9.12,9.49,9.1,9.01,743409.5,-0.07,-0.76,9.286,9.407,9.29,902957.6,906798.11,1360857.62
2015-06-19,8.75,9.0,8.21,8.19,583200.62,-0.89,-9.78,9.008,9.256,9.299,760919.85,845283.43,1326325.75
2015-06-23,8.2,8.41,8.2,7.38,577616.75,0.0,0.0,8.736,9.105,9.268,666084.0,771254.12,1261631.98
2015-06-24,8.25,8.46,8.46,8.19,563688.88,0.27,3.3,8.628,9.008,9.24,632962.3,752908.12,1160715.21
2015-06-25,8.45,8.67,8.18,8.07,652200.44,-0.27,-3.19,8.43,8.887,9.176,624023.24,752111.85,1079825.57
2015-06-26,7.96,7.96,7.36,7.36,615692.31,-0.82,-10.02,8.082,8.684,9.119,598479.8,750718.7,1020604.05
2015-06-29,7.55,7.7,6.73,6.62,785565.75,-0.63,-8.56,7.786,8.397,9.015,638952.83,699936.34,985809.84
2015-06-30,6.74,7.2,7.2,6.06,779418.25,0.48,7.14,7.586,8.161,8.891,679313.13,672698.56,943587.92
2015-07-01,7.1,7.38,6.69,6.67,620046.0,-0.51,-7.08,7.232,7.93,8.718,690584.55,661773.43,839850.04
2015-07-02,6.7,6.89,6.05,6.01,619235.0,-0.63,-9.43,6.806,7.618,8.533,683991.46,654007.35,794792.55
2015-07-03,5.89,6.1,5.42,5.42,719539.81,-0.6,-9.97,6.418,7.25,8.329,704760.96,651620.38,779209.24
2015-07-06,5.96,5.96,5.52,4.98,927865.31,0.1,1.84,6.176,6.981,8.119,733220.87,686086.85,765685.14
2015-07-07,5.27,5.46,4.98,4.96,715631.69,-0.53,-9.62,5.732,6.659,7.882,720463.56,699888.34,735571.23
2015-07-08,4.47,5.13,4.95,4.47,1739761.75,-0.02,-0.4,5.384,6.308,7.658,944406.71,817495.63,785201.88
2015-07-09,4.96,5.45,5.45,4.96,733400.75,0.5,10.1,5.264,6.035,7.461,967239.86,825615.66,788863.75
2015-07-10,5.7,6.0,6.0,5.63,475238.75,0.55,10.09,5.38,5.899,7.292,918379.65,811570.31,781144.5
