date,open,high,close,low,volume,amount
2015-07-10,16.57,17.27,17.27,16.07,325218656.0,3303571456.0
2015-07-09,14.28,15.7,15.7,14.28,693991360.0,6260903424.0
2015-07-08,14.28,15.73,14.28,14.28,1054795264.0,9129477120.0
2015-07-07,16.74,17.46,15.87,15.87,989309376.0,9542777856.0
2015-07-06,19.83,19.83,17.62,16.39,975085056.0,10544527360.0
2015-07-03,18.41,19.83,18.06,18.06,614563008.0,6763205632.0
2015-07-02,21.76,21.93,20.07,20.07,602040128.0,7410971648.0
2015-07-01,23.6,24.94,22.29,22.29,656105024.0,9273015296.0
2015-06-30,22.26,25.09,24.77,21.51,835451904.0,11519271936.0
2015-06-29,26.56,26.56,23.9,23.9,738869568.0,10840305664.0
2015-06-26,27.67,28.95,26.56,26.56,587224448.0,9540895744.0
2015-06-25,28.79,32.8,29.51,27.75,1029427392.0,18895155200.0
2015-06-12,30.29,30.76,29.83,29.57,306273440.0,5497537536.0
2015-06-11,30.96,30.98,30.26,29.68,587879936.0,10610859008.0
2015-06-10,31.8,32.13,31.1,30.8,727216512.0,13625812992.0
2015-06-09,32.1,33.42,32.74,31.63,934945600.0,18210002944.0
2015-06-08,31.05,32.13,31.47,30.88,847501888.0,15947747328.0
2015-06-05,30.13,31.27,30.88,29.57,803365248.0,14684093440.0
2015-06-04,29.71,29.91,29.61,27.21,567679296.0,9801488384.0
2015-06-03,30.61,30.61,29.69,29.26,620537984.0,11055165440.0
2015-06-02,30.8,31.33,30.61,29.83,741265088.0,13537517568.0
2015-06-01,29.62,31.1,30.78,28.5,850162880.0,15282299904.0
2015-05-29,28.67,30.55,29.57,26.61,1105673856.0,19077642240.0
2015-05-28,31.48,32.87,28.89,28.5,1316427776.0,24403900416.0
2015-05-27,33.27,33.79,31.47,31.36,1768160768.0,34375122944.0
2015-05-26,30.29,31.36,31.36,29.37,937951808.0,17064256512.0
2015-05-25,25.74,28.52,28.52,25.49,1069067968.0,17549742080.0
2015-05-22,26.14,26.36,25.93,25.27,837484480.0,12904690688.0
2015-05-21,25.44,26.08,25.81,25.11,761325632.0,11649897472.0
2015-05-20,24.52,26.59,25.32,24.47,1109453312.0,16896735232.0
2015-05-19,23.52,24.5,24.18,23.45,603590528.0,8663052288.0
2015-05-18,23.97,24.6,23.45,23.43,638832448.0,9170915328.0
2015-05-15,23.73,24.74,23.98,23.45,648443328.0,9305010176.0
2015-05-14,23.92,24.32,23.7,23.27,591935040.0,8391646720.0
2015-05-13,25.11,26.28,24.32,24.14,951726336.0,14287400960.0
2015-05-12,23.46,25.74,25.31,23.13,1014740032.0,14815394816.0
2015-05-11,23.27,23.77,23.55,22.36,812802304.0,11234121728.0
2015-05-08,22.41,23.18,22.98,21.51,827652096.0,11097346048.0
2015-05-07,23.93,24.47,22.31,22.28,861374592.0,11948065792.0
2015-05-06,26.81,27.2,24.75,24.14,1040575360.0,15963061248.0
2015-05-05,27.23,27.78,26.81,25.61,1487157248.0,23751223296.0
2015-05-04,24.4,26.81,26.81,24.18,1320851072.0,20607170560.0
2015-04-30,24.25,25.42,24.37,23.97,681834176.0,10101126144.0
2015-04-29,25.07,25.09,24.34,23.62,852114688.0,12405175296.0
2015-04-28,24.77,27.08,25.42,24.69,1471747840.0,22627356672.0
2015-04-27,23.77,25.86,25.66,23.77,1460154624.0,21930082304.0
2015-04-24,23.27,24.23,23.57,22.93,1058531840.0,14876538880.0
2015-04-23,23.85,24.27,23.73,23.18,1058319360.0,14963535872.0
2015-04-22,22.44,24.91,23.88,22.16,1465964544.0,20924145664.0
2015-04-21,23.57,24.35,22.66,21.59,1755947264.0,23795533824.0
2015-04-20,23.1,24.07,23.46,21.88,2107838592.0,29437270016.0
2015-04-17,20.22,21.88,21.88,20.09,1313807360.0,16795510784.0
2015-04-16,18.13,20.03,19.88,17.88,1504021376.0,17536987136.0
2015-04-15,18.51,18.83,18.21,18.09,949611456.0,10484197376.0
2015-04-14,17.21,19.0,18.96,17.02,1499931392.0,16593285120.0
2015-04-13,17.16,17.41,17.27,16.92,706795200.0,7272593920.0
2015-04-10,16.72,17.19,17.05,16.64,574047360.0,5842533376.0
2015-04-09,17.16,17.19,16.72,16.57,588640960.0,5896941056.0
2015-04-08,17.41,17.44,17.16,16.87,656163904.0,6711376896.0
2015-04-07,17.16,17.57,17.34,16.97,754083968.0,7770971648.0
2015-04-03,16.77,17.22,17.09,16.6,803995392.0,8128610816.0
2015-04-02,16.94,16.99,16.75,16.59,562667584.0,5641848320.0
2015-04-01,16.65,17.12,16.92,16.62,589885760.0,5950854656.0
2015-03-31,17.37,17.37,16.8,16.69,859481280.0,8743834624.0
2015-03-30,16.74,17.62,17.34,16.42,1296151680.0,13215216640.0
2015-03-27,17.98,18.23,17.14,17.11,1514212352.0,15875963904.0
2015-03-26,16.55,17.47,17.47,16.55,1439577728.0,14869706752.0
2015-03-25,15.7,16.03,15.88,15.31,861768768.0,8060947968.0
2015-03-24,15.72,15.97,15.6,15.21,806468160.0,7524259328.0
2015-03-23,15.73,15.87,15.72,15.62,626967040.0,5884349440.0
2015-03-20,15.57,15.82,15.73,15.26,785400640.0,7285361152.0
2015-03-19,15.4,15.83,15.57,15.18,837085568.0,7789431296.0
2015-03-18,15.2,15.52,15.35,15.01,696801280.0,6329944064.0
2015-03-17,14.86,15.3,15.15,14.81,772580288.0,6968263680.0
2015-03-16,14.54,14.86,14.85,14.43,505339424.0,4439282688.0
2015-03-13,14.53,14.56,14.48,14.41,260579520.0,2253233408.0
2015-03-12,14.48,14.54,14.44,14.24,249391120.0,2146188544.0
2015-03-11,14.49,14.6,14.39,14.34,266520496.0,2303769088.0
2015-03-10,14.58,14.7,14.49,14.43,311560736.0,2707443712.0
2015-03-09,14.31,14.81,14.71,13.86,626747712.0,5354263040.0
2015-03-06,14.36,14.7,14.41,14.31,262135584.0,2270958336.0
2015-03-05,14.64,14.66,14.39,14.21,340501056.0,2934739712.0
2015-03-04,14.81,14.9,14.61,14.46,372798816.0,3265743104.0
2015-03-03,14.91,15.0,14.68,14.61,443292288.0,3916713472.0
2015-03-02,15.05,15.06,14.96,14.76,407812576.0,3629831168.0
2015-02-27,15.03,15.7,15.0,14.91,679534272.0,6201099264.0
2015-02-26,14.49,15.03,15.0,14.26,565689472.0,4983830016.0
2015-02-25,14.7,14.85,14.48,14.43,292644960.0,2558135296.0
2015-02-17,14.73,14.91,14.61,14.56,292251744.0,2565250816.0
2015-02-16,14.48,14.9,14.71,14.24,394050816.0,3438610176.0
2015-02-13,13.97,14.63,14.41,13.89,516274208.0,4421420032.0
2015-02-12,13.96,14.01,13.86,13.69,176053856.0,1453181952.0
2015-02-11,14.01,14.14,13.98,13.89,181474224.0,1513279616.0
2015-02-10,13.72,13.94,13.93,13.67,187010608.0,1544446592.0
2015-02-09,13.64,13.93,13.71,13.57,211354464.0,1736997376.0
2015-02-06,13.89,14.04,13.62,13.54,320519808.0,2629810944.0
2015-02-05,14.68,14.71,14.11,14.08,455306656.0,3900227584.0
2015-02-04,14.54,14.95,14.53,14.44,431586944.0,3783452416.0
2015-02-03,14.6,14.64,14.48,14.16,373774656.0,3205787904.0
2015-02-02,14.9,15.01,14.46,14.28,406399232.0,3535788544.0
2015-01-30,15.15,15.21,14.51,14.39,436976128.0,3841726720.0
2015-01-29,15.06,15.31,14.98,14.91,344532544.0,3100862208.0
2015-01-28,15.82,16.02,15.35,15.23,670841856.0,6262263808.0
2015-01-27,15.53,16.15,15.82,15.25,959593792.0,9019602944.0
2015-01-26,15.08,15.57,15.41,14.86,738995904.0,6748865024.0
2015-01-23,15.06,15.45,14.83,14.66,751636160.0,6737682944.0
2015-01-22,14.19,15.7,15.26,13.89,901299968.0,7971237888.0
2015-01-21,13.64,14.31,14.28,13.56,522881248.0,4354113024.0
2015-01-20,13.69,13.97,13.59,13.47,480047552.0,3939458560.0
2015-01-19,14.16,14.85,13.69,13.69,611826816.0,5198795776.0
2015-01-16,14.95,15.25,15.21,14.68,618773952.0,5545454080.0
2015-01-15,14.71,14.86,14.83,14.48,396038848.0,3476935168.0
2015-01-14,14.49,14.86,14.66,14.39,274228128.0,2401398528.0
2015-01-13,14.21,14.96,14.51,14.19,330923872.0,2890608128.0
2015-01-12,14.76,14.81,14.21,14.11,388985792.0,3348917760.0
2015-01-09,15.06,15.63,14.83,14.81,509497888.0,4645548032.0
2015-01-08,15.83,16.23,15.31,15.28,456533440.0,4266018816.0
2015-01-07,16.05,16.34,16.02,15.78,457456608.0,4384388096.0
2015-01-06,15.57,16.59,16.15,15.31,868557632.0,8301881344.0
2015-01-05,15.41,16.07,15.77,15.01,837202944.0,7763209216.0
2014-12-31,15.03,15.75,15.41,15.0,765164288.0,7097437696.0
2014-12-30,15.4,15.63,14.91,14.83,535900448.0,4867376128.0
2014-12-29,15.23,15.62,15.33,15.1,662307840.0,6085484032.0
2014-12-26,15.21,15.83,15.4,14.88,707014144.0,6486149120.0
2014-12-25,14.6,15.46,15.28,14.48,576343552.0,5192169984.0
2014-12-24,14.33,15.03,14.63,13.74,638956032.0,5490954752.0
2014-12-23,15.4,15.4,14.38,14.31,578267904.0,5116082688.0
2014-12-22,16.4,17.32,15.58,15.31,885828416.0,8607774720.0
2014-12-19,15.31,16.91,16.45,14.83,1188021504.0,11103962112.0
2014-12-18,14.36,15.72,15.55,14.34,1201285120.0,10975222784.0
2014-12-17,14.23,14.83,14.29,13.89,640103616.0,5478267904.0
2014-12-16,13.97,15.31,14.48,13.96,822355584.0,7202220544.0
2014-12-15,13.22,14.08,13.96,12.94,643468672.0,5274868736.0
2014-12-12,13.88,14.03,13.81,13.59,501243520.0,4122917888.0
2014-12-11,14.08,14.73,14.04,13.57,1069482048.0,9049713664.0
2014-12-10,13.05,14.16,14.16,12.45,1280909824.0,10307411968.0
2014-12-09,14.23,14.54,12.87,12.62,1809721728.0,15219485696.0
2014-12-08,13.22,13.22,13.22,12.94,381950272.0,3013952000.0
2014-12-05,11.52,12.02,12.02,11.23,1152389888.0,8170851840.0
2014-12-04,10.88,11.0,10.93,10.71,464176096.0,3013339392.0
2014-12-03,10.6,10.93,10.83,10.49,480198048.0,3081961472.0
2014-12-02,10.43,10.7,10.6,10.41,286219136.0,1807759488.0
2014-12-01,10.54,10.79,10.51,10.29,368916928.0,2316027904.0
2014-11-28,10.6,10.7,10.58,10.34,304629248.0,1908403584.0
2014-11-27,10.24,11.0,10.7,10.18,513220096.0,3251245056.0
2014-11-26,10.16,10.24,10.19,10.06,209058128.0,1268398208.0
2014-11-25,10.11,10.26,10.14,10.06,194625056.0,1179348608.0
2014-11-24,9.81,10.21,10.13,9.79,324875520.0,1951521536.0
2014-11-21,9.54,9.72,9.72,9.54,138353248.0,798180608.0
2014-11-20,9.72,9.74,9.59,9.56,170499168.0,980760128.0
2014-11-19,9.84,9.89,9.77,9.72,133941680.0,783042752.0
2014-11-18,10.03,10.11,9.89,9.86,135618160.0,807379072.0
2014-11-17,10.13,10.16,10.04,9.96,119454440.0,718956800.0
2014-11-14,9.91,10.19,10.11,9.74,215901696.0,1294411520.0
2014-11-13,10.18,10.21,9.96,9.89,172538224.0,1030867136.0
2014-11-12,10.11,10.18,10.16,10.01,140092512.0,845008128.0
2014-11-11,10.39,10.41,10.14,10.01,249679296.0,1518609536.0
2014-11-10,10.24,10.44,10.43,10.13,237485456.0,1456468224.0
2014-11-07,10.34,10.48,10.26,10.23,218917632.0,1353709568.0
2014-11-06,10.51,10.53,10.38,10.24,213881104.0,1320192128.0
2014-11-05,10.66,10.7,10.51,10.46,170010976.0,1069712448.0
2014-11-04,10.41,10.71,10.64,10.39,273397440.0,1734763392.0
2014-11-03,10.68,10.78,10.53,10.41,238758192.0,1509347200.0
2014-10-31,10.46,10.6,10.44,10.29,230034096.0,1431080448.0
2014-10-30,10.64,10.71,10.58,10.51,198610288.0,1255922688.0
2014-10-29,10.64,10.76,10.68,10.48,260296304.0,1651950464.0
2014-10-28,10.16,10.71,10.63,10.16,285422400.0,1783630976.0
2014-10-27,10.29,10.29,10.16,10.01,206551664.0,1251842944.0
2014-10-24,10.68,10.74,10.39,10.36,187864896.0,1180539648.0
2014-10-23,10.91,10.91,10.7,10.63,179853136.0,1154887552.0
2014-10-22,10.86,11.11,10.93,10.81,251137808.0,1643668480.0
2014-10-21,10.88,11.15,10.81,10.79,224186976.0,1467363200.0
2014-10-20,10.76,10.93,10.79,10.66,168343424.0,1085384704.0
2014-10-17,10.74,10.86,10.71,10.53,230845056.0,1474334720.0
2014-10-16,11.01,11.21,10.76,10.73,248900592.0,1638678272.0
2014-10-15,11.2,11.33,11.15,10.96,256327472.0,1703138432.0
2014-10-14,11.5,11.88,11.31,11.18,499382784.0,3446735616.0
2014-10-13,10.9,11.13,11.06,10.74,261505456.0,1708464640.0
2014-10-10,11.13,11.46,11.01,10.95,327770688.0,2180341760.0
2014-10-09,11.13,11.45,11.26,10.83,417308960.0,2770805760.0
2014-10-08,10.96,11.3,11.18,10.9,375038272.0,2498864128.0
2014-09-30,10.95,11.08,10.98,10.85,363907456.0,2380284416.0
2014-09-29,10.73,11.06,11.06,10.71,709324672.0,4645278208.0
2014-09-26,10.06,10.21,10.06,9.88,177222384.0,1059772928.0
2014-09-25,10.24,10.48,10.13,10.03,335987232.0,2056329216.0
2014-09-24,9.81,10.34,10.19,9.77,324475072.0,1967562240.0
2014-09-23,9.72,10.04,9.89,9.66,230588832.0,1367152256.0
2014-09-22,9.88,9.96,9.71,9.56,153936800.0,894945024.0
2014-09-19,9.54,10.06,9.96,9.49,262599568.0,1543995392.0
2014-09-18,9.54,9.59,9.56,9.44,107732984.0,612544192.0
2014-09-17,9.62,9.76,9.62,9.41,180601936.0,1031959360.0
2014-09-16,10.16,10.19,9.61,9.51,355639648.0,2094668032.0
2014-09-15,10.29,10.39,10.14,10.03,338445440.0,2060532736.0
2014-09-12,9.62,10.34,10.09,9.57,397444256.0,2375602432.0
2014-09-11,9.56,9.76,9.61,9.49,184757136.0,1062304768.0
2014-09-10,9.61,9.79,9.61,9.47,198178928.0,1141960320.0
2014-09-09,9.59,9.97,9.69,9.51,368565184.0,2146873600.0
2014-09-05,9.01,9.86,9.74,8.92,476789600.0,2665943552.0
2014-09-04,8.97,9.15,9.02,8.92,264305040.0,1428152448.0
2014-09-03,8.79,8.97,8.95,8.72,264899808.0,1401319296.0
2014-09-02,8.62,8.85,8.79,8.59,233264368.0,1216072960.0
2014-09-01,8.49,8.69,8.64,8.47,188645232.0,966891264.0
2014-08-29,8.2,8.49,8.47,8.17,144447024.0,720722560.0
2014-08-28,8.37,8.42,8.15,8.13,75909312.0,373410944.0
2014-08-27,8.2,8.42,8.35,8.2,73239760.0,364855232.0
2014-08-26,8.34,8.4,8.22,8.18,77366800.0,383349696.0
2014-08-25,8.52,8.54,8.37,8.35,85296856.0,428847360.0
2014-08-22,8.44,8.54,8.52,8.38,87632480.0,444055584.0
2014-08-21,8.54,8.54,8.45,8.37,95679784.0,483395456.0
2014-08-20,8.52,8.57,8.52,8.45,104968856.0,534584704.0
2014-08-19,8.52,8.54,8.52,8.45,82678224.0,419509024.0
2014-08-18,8.5,8.59,8.52,8.49,106363736.0,541883456.0
2014-08-15,8.37,8.52,8.47,8.34,89550304.0,451154464.0
2014-08-14,8.35,8.64,8.44,8.27,167508240.0,848961024.0
2014-08-13,8.38,8.4,8.35,8.29,69404096.0,345666656.0
2014-08-12,8.44,8.47,8.4,8.37,66151168.0,331827136.0
2014-08-11,8.37,8.49,8.45,8.35,81655112.0,411173888.0
2014-08-08,8.38,8.42,8.35,8.29,85917920.0,428485664.0
2014-08-07,8.44,8.57,8.4,8.38,118239896.0,599570240.0
2014-08-06,8.34,8.49,8.45,8.32,95816456.0,481887008.0
2014-08-05,8.45,8.5,8.38,8.32,86594256.0,433893312.0
2014-08-04,8.29,8.49,8.47,8.29,86745168.0,435762336.0
2014-08-01,8.49,8.64,8.29,8.29,126983136.0,642160128.0
2014-07-31,8.45,8.57,8.52,8.38,84757424.0,429103104.0
2014-07-30,8.25,8.64,8.5,8.25,199767232.0,1012614784.0
2014-07-29,8.3,8.4,8.3,8.27,129215368.0,643273472.0
2014-07-28,8.15,8.35,8.3,8.13,149859936.0,739025728.0
2014-07-25,8.03,8.12,8.08,8.02,58228828.0,280828544.0
2014-07-24,7.95,8.05,8.0,7.92,70752888.0,337490720.0
2014-07-23,7.92,8.03,8.02,7.87,74720920.0,354584160.0
2014-07-22,7.85,7.97,7.93,7.82,72278408.0,340907776.0
2014-07-21,7.78,7.97,7.88,7.77,68185656.0,320273408.0
2014-07-18,7.8,7.87,7.78,7.75,57172640.0,266781552.0
2014-07-17,7.98,8.02,7.78,7.75,88584712.0,416023104.0
2014-07-16,8.25,8.29,7.98,7.95,135330384.0,652303040.0
2014-07-15,8.23,8.35,8.3,8.2,88879864.0,439826208.0
2014-07-14,8.25,8.38,8.29,8.2,94859008.0,468980000.0
2014-07-11,8.08,8.3,8.23,8.05,130810064.0,642701120.0
2014-07-10,8.13,8.23,8.1,8.05,93039368.0,451690976.0
2014-07-09,8.05,8.42,8.15,8.0,202511904.0,995734592.0
2014-07-08,8.1,8.17,8.07,8.0,65213908.0,313849824.0
2014-07-07,8.0,8.23,8.13,7.98,93503960.0,453864448.0
2014-07-04,8.1,8.17,8.0,7.95,68021416.0,326373056.0
2014-07-03,8.13,8.23,8.13,8.08,100696336.0,490536864.0
2014-07-02,7.98,8.3,8.2,7.92,214998272.0,1048730112.0
2014-07-01,8.12,8.12,7.95,7.87,117008776.0,555507264.0
2014-06-30,7.98,8.23,8.07,7.9,217795120.0,1053359424.0
2014-06-27,7.46,8.22,7.96,7.41,278333696.0,1324446208.0
2014-06-26,7.33,7.56,7.48,7.33,61066588.0,273552672.0
2014-06-25,7.36,7.36,7.33,7.29,23416834.0,103523584.0
2014-06-24,7.33,7.39,7.36,7.29,32977884.0,146362096.0
2014-06-23,7.31,7.38,7.34,7.29,29490396.0,130475384.0
2014-06-20,7.28,7.33,7.31,7.26,32363816.0,142496512.0
2014-06-19,7.46,7.48,7.28,7.25,56670112.0,250966304.0
2014-06-18,7.49,7.54,7.46,7.43,39145544.0,176684416.0
2014-06-17,7.61,7.63,7.51,7.49,56492540.0,256966320.0
2014-06-16,7.49,7.68,7.64,7.48,102149408.0,468080672.0
2014-06-13,7.46,7.58,7.51,7.43,77715328.0,351585888.0
2014-06-12,7.31,7.53,7.51,7.26,125392736.0,563496704.0
2014-06-11,7.31,7.34,7.31,7.26,36492064.0,160800160.0
2014-06-10,7.28,7.36,7.34,7.25,46606300.0,205528640.0
2014-06-09,7.26,7.33,7.26,7.23,34080344.0,149413168.0
2014-06-06,7.34,7.36,7.28,7.25,34259840.0,150560208.0
2014-06-05,7.28,7.36,7.36,7.25,33504466.0,147501184.0
2014-06-04,7.34,7.34,7.29,7.26,44147696.0,194161328.0
2014-06-03,7.38,7.41,7.34,7.33,38372856.0,170535440.0
2014-05-30,7.39,7.41,7.36,7.31,57609640.0,255675040.0
2014-05-29,7.46,7.48,7.38,7.36,52129080.0,232939936.0
2014-05-28,7.44,7.48,7.48,7.38,54964548.0,246542368.0
2014-05-27,7.48,7.48,7.44,7.41,37687428.0,168980080.0
2014-05-26,7.49,7.53,7.48,7.44,36714908.0,165505568.0
2014-05-23,7.41,7.48,7.46,7.41,34431704.0,154609792.0
2014-05-22,7.53,7.59,7.44,7.43,58592704.0,265502368.0
2014-05-21,7.53,7.56,7.54,7.39,45083248.0,203394800.0
2014-05-20,7.51,7.69,7.54,7.46,72851824.0,333325792.0
2014-05-19,7.59,7.66,7.46,7.43,55858248.0,253149168.0
2014-05-16,7.54,7.54,7.51,7.41,46963112.0,211815456.0
2014-05-15,7.53,7.73,7.54,7.48,91963104.0,422763488.0
2014-05-14,7.58,7.59,7.53,7.49,41560472.0,188769872.0
2014-05-13,7.61,7.63,7.59,7.56,48986088.0,224279936.0
2014-05-12,7.54,7.68,7.63,7.48,71272272.0,325945216.0
2014-05-09,7.46,7.51,7.48,7.41,34060784.0,153411104.0
2014-05-08,7.46,7.54,7.44,7.43,35543996.0,160512496.0
2014-05-07,7.46,7.56,7.44,7.41,39808268.0,179364624.0
2014-05-06,7.39,7.58,7.49,7.38,49577760.0,224156320.0
2014-05-05,7.38,7.43,7.41,7.29,30874660.0,137174496.0
2014-04-30,7.39,7.39,7.39,7.31,36010016.0,159863408.0
2014-04-29,7.39,7.44,7.41,7.26,79121776.0,351175776.0
2014-04-28,7.59,7.64,7.48,7.46,51636324.0,234369664.0
2014-04-25,7.73,7.73,7.59,7.54,59867300.0,276201984.0
2014-04-24,7.88,7.91,7.76,7.76,57701776.0,273070752.0
2014-04-23,7.78,7.96,7.94,7.68,79905752.0,377028704.0
2014-04-22,7.71,7.79,7.79,7.61,45386720.0,210739488.0
2014-04-21,7.79,7.86,7.71,7.69,47575576.0,223101904.0
2014-04-18,7.81,7.88,7.86,7.78,45573076.0,214922128.0
2014-04-17,7.92,7.99,7.86,7.83,52142112.0,248121600.0
2014-04-16,7.92,7.99,7.91,7.84,68040096.0,324464544.0
2014-04-15,8.16,8.19,7.96,7.94,67767512.0,328175328.0
2014-04-14,8.16,8.24,8.12,8.07,50057240.0,245587344.0
2014-04-11,8.12,8.26,8.17,8.07,89266384.0,440397120.0
2014-04-10,8.02,8.21,8.12,7.94,86316240.0,419464640.0
2014-04-09,8.07,8.11,8.02,7.99,58749612.0,284681952.0
2014-04-08,7.84,8.06,8.04,7.79,116916120.0,563324608.0
2014-04-04,7.73,7.81,7.79,7.66,44907636.0,210160272.0
2014-04-03,7.83,7.86,7.73,7.71,38961360.0,182691648.0
2014-04-02,7.78,7.83,7.79,7.73,38557504.0,180685616.0
2014-04-01,7.74,7.83,7.78,7.66,53573168.0,250151616.0
2014-03-31,7.66,7.83,7.76,7.56,58750068.0,273346368.0
2014-03-28,7.74,7.79,7.63,7.59,56846600.0,263676048.0
2014-03-27,7.89,7.91,7.74,7.68,59655420.0,280239648.0
2014-03-26,7.97,7.99,7.86,7.84,51045296.0,243143952.0
2014-03-25,7.83,8.04,7.94,7.81,84106976.0,402693184.0
2014-03-24,7.81,7.89,7.88,7.71,86171400.0,405729664.0
2014-03-21,7.56,7.84,7.81,7.44,116133536.0,534399872.0
2014-03-20,7.81,7.84,7.61,7.59,83682512.0,389754624.0
2014-03-19,7.96,7.97,7.84,7.76,91994792.0,433816224.0
2014-03-18,8.06,8.12,8.01,7.97,64378324.0,312275616.0
2014-03-17,8.01,8.07,8.07,7.94,61212220.0,296191744.0
2014-03-14,7.92,8.02,7.92,7.84,54382036.0,260109168.0
2014-03-13,7.97,8.06,8.01,7.91,59639668.0,287536256.0
2014-03-12,8.02,8.07,7.96,7.83,62657880.0,300300992.0
2014-03-11,8.07,8.16,8.02,7.96,58562040.0,284336640.0
2014-03-10,8.37,8.37,8.07,8.04,103319464.0,510284608.0
2014-03-07,8.51,8.55,8.49,8.42,59739696.0,305552448.0
2014-03-06,8.62,8.62,8.47,8.37,71954232.0,367479552.0
2014-03-05,8.82,8.85,8.6,8.59,64668948.0,339200256.0
2014-03-04,8.77,8.89,8.77,8.65,76863136.0,406804576.0
2014-03-03,8.72,8.89,8.77,8.69,88666008.0,470156640.0
2014-02-28,8.57,8.69,8.62,8.4,64460320.0,333731296.0
2014-02-27,8.42,8.79,8.62,8.34,105641016.0,547310464.0
2014-02-26,8.26,8.4,8.39,8.21,58574992.0,292821696.0
2014-02-25,8.6,8.69,8.32,8.26,97587536.0,499427744.0
2014-02-24,8.8,8.8,8.6,8.52,79913808.0,415705952.0
2014-02-21,8.99,9.1,8.87,8.8,82129544.0,441160672.0
2014-02-20,9.23,9.32,9.0,8.95,88483232.0,485885120.0
2014-02-19,9.23,9.3,9.28,9.09,86739296.0,480796096.0
2014-02-18,9.4,9.43,9.27,9.17,103053280.0,575282496.0
2014-02-17,9.07,9.42,9.33,9.07,169048416.0,946737728.0
2014-02-14,8.97,9.1,9.02,8.94,92498696.0,502465600.0
2014-02-13,9.22,9.23,9.02,8.94,155365584.0,846688960.0
2014-02-12,9.4,9.42,9.28,9.19,86118744.0,480919840.0
2014-02-11,9.37,9.55,9.35,9.27,138646896.0,785229952.0
2014-02-10,9.04,9.57,9.33,8.99,166226384.0,938076160.0
2014-02-07,8.55,9.0,8.95,8.49,109336312.0,584678656.0
2014-01-30,8.59,8.77,8.6,8.52,54355356.0,283284192.0
2014-01-29,8.62,8.69,8.64,8.59,37369640.0,194683024.0
2014-01-28,8.7,8.77,8.62,8.57,64176480.0,333969088.0
2014-01-27,8.6,8.89,8.72,8.57,102561176.0,542940928.0
2014-01-24,8.55,8.8,8.67,8.52,99058696.0,517771584.0
2014-01-23,8.55,8.7,8.57,8.42,112844376.0,581613952.0
2014-01-22,8.04,8.87,8.65,8.01,195719072.0,1016114944.0
2014-01-21,8.07,8.09,8.06,7.94,47811860.0,231425136.0
2014-01-20,8.04,8.11,8.01,7.92,71406048.0,345389824.0
2014-01-17,8.07,8.07,7.86,7.84,86072936.0,411352224.0
2014-01-16,8.06,8.17,8.12,7.97,64589272.0,314620448.0
2014-01-15,8.24,8.29,8.12,8.04,70850208.0,349430848.0
2014-01-14,8.32,8.36,8.27,7.99,71595240.0,352477472.0
2014-01-13,8.32,8.52,8.32,8.27,60736632.0,306493504.0
2014-01-10,8.46,8.52,8.22,8.14,82158424.0,410211968.0
2014-01-09,8.59,8.67,8.52,8.47,39267024.0,203234864.0
2014-01-08,8.57,8.69,8.54,8.46,56724076.0,292766752.0
2014-01-07,8.57,8.7,8.55,8.47,51478180.0,266656176.0
2014-01-06,9.13,9.13,8.64,8.51,109479344.0,574846272.0
2014-01-03,9.28,9.3,9.17,9.05,57247328.0,316261024.0
2014-01-02,9.28,9.4,9.33,9.25,41803288.0,235859856.0
2013-12-31,9.2,9.38,9.3,9.17,47610908.0,267391008.0
2013-12-30,9.38,9.42,9.25,9.25,63425032.0,356584960.0
2013-12-27,9.17,9.5,9.42,9.09,125290024.0,705343424.0
2013-12-26,9.19,9.22,9.05,9.0,45745408.0,250722032.0
2013-12-25,9.1,9.23,9.19,9.05,34495296.0,190494400.0
2013-12-24,9.22,9.35,9.12,9.05,55926216.0,310980960.0
2013-12-23,9.1,9.28,9.2,9.04,74617976.0,412896160.0
2013-12-20,9.27,9.28,9.02,9.0,90076016.0,495197824.0
2013-12-19,9.6,9.65,9.27,9.2,91999176.0,519502560.0
2013-12-18,9.57,9.62,9.57,9.5,40972488.0,235952112.0
2013-12-17,9.55,9.66,9.6,9.48,65476180.0,378554304.0
2013-12-16,9.81,9.86,9.53,9.5,82997888.0,482519360.0
2013-12-13,9.81,9.96,9.85,9.77,47396552.0,281602144.0
2013-12-12,9.9,9.96,9.9,9.83,54116496.0,323200640.0
2013-12-11,10.05,10.05,9.93,9.86,78032144.0,468501920.0
2013-12-10,10.29,10.31,10.11,10.05,92468704.0,566106752.0
2013-12-09,10.35,10.39,10.31,10.21,85446968.0,530152768.0
2013-12-06,10.23,10.48,10.33,10.2,151269856.0,946386432.0
2013-12-05,10.1,10.31,10.26,10.05,129953384.0,797429632.0
2013-12-04,10.06,10.23,10.1,9.96,110148656.0,673349632.0
2013-12-03,9.81,10.11,10.05,9.77,103831832.0,627027712.0
2013-12-02,10.1,10.25,9.86,9.66,199360416.0,1202675968.0
2013-11-29,10.08,10.48,10.31,10.05,233718720.0,1454455552.0
2013-11-28,10.23,10.26,10.08,10.08,133026888.0,815934976.0
2013-11-27,10.0,10.28,10.21,9.98,201695424.0,1234356736.0
2013-11-26,9.98,10.08,9.96,9.81,109258240.0,654746112.0
2013-11-25,10.1,10.26,10.03,10.0,173336816.0,1058840960.0
2013-11-22,10.0,10.1,10.0,9.9,86693440.0,522356288.0
2013-11-21,10.08,10.13,10.0,9.88,148443216.0,894025472.0
2013-11-20,10.1,10.36,10.2,9.91,267443232.0,1636961792.0
2013-11-19,10.23,10.23,10.06,10.01,132441624.0,805937088.0
2013-11-18,9.98,10.35,10.25,9.93,227623856.0,1397639424.0
2013-11-15,9.73,10.06,9.9,9.68,195531552.0,1170215296.0
2013-11-14,9.22,9.88,9.81,9.09,217876528.0,1261872640.0
2013-11-13,9.55,9.7,9.33,9.3,116897032.0,666877312.0
2013-11-12,9.1,9.27,9.27,9.09,57257656.0,317776224.0
2013-11-11,9.05,9.13,9.07,8.99,39205716.0,214298992.0
2013-11-08,9.15,9.23,9.09,9.05,45121176.0,248376608.0
2013-11-07,9.13,9.35,9.19,9.05,56705656.0,315499264.0
2013-11-06,9.23,9.35,9.17,9.13,62762320.0,350332544.0
2013-11-05,9.2,9.35,9.32,8.99,82578104.0,456860128.0
2013-11-04,9.4,9.45,9.3,9.25,51051344.0,287885536.0
2013-11-01,9.43,9.5,9.37,9.23,59168212.0,333810880.0
2013-10-31,9.45,9.55,9.38,9.32,64027544.0,363307712.0
2013-10-30,9.22,9.58,9.55,9.13,100829360.0,569205504.0
2013-10-29,9.6,9.73,9.32,8.99,143044512.0,805017280.0
2013-10-28,9.55,9.62,9.55,9.47,55278004.0,318176352.0
2013-10-25,9.9,9.98,9.52,9.43,128437408.0,750438336.0
2013-10-24,9.96,10.13,9.9,9.85,88335720.0,531804288.0
2013-10-23,10.03,10.11,9.85,9.78,90286248.0,541090176.0
2013-10-22,10.25,10.26,10.05,10.0,117442256.0,716158464.0
2013-10-21,10.25,10.41,10.31,10.06,123236784.0,762853888.0
2013-10-18,9.91,10.31,10.25,9.91,135085984.0,828717248.0
2013-10-17,10.15,10.18,9.86,9.83,137960016.0,832866432.0
2013-10-16,10.31,10.35,10.1,10.06,121586952.0,745953600.0
2013-10-15,10.54,10.54,10.39,10.18,161171632.0,1003015744.0
2013-10-14,10.59,10.68,10.58,10.48,165622416.0,1054843264.0
2013-10-11,10.53,10.73,10.58,10.45,151633216.0,966794368.0
2013-10-10,10.96,11.04,10.45,10.41,290584864.0,1878567040.0
2013-10-09,10.58,10.73,10.64,10.43,173714640.0,1107399424.0
2013-10-08,10.21,10.76,10.63,10.16,268719968.0,1700454016.0
2013-09-30,9.86,10.13,10.11,9.83,150940672.0,909584064.0
2013-09-27,10.38,10.39,9.8,9.73,287008480.0,1734468864.0
2013-09-26,10.59,10.97,10.38,10.36,294000192.0,1887530624.0
2013-09-25,10.83,10.96,10.64,10.56,296328416.0,1924726400.0
2013-09-24,10.54,11.07,10.93,10.38,429899776.0,2782355200.0
2013-09-23,10.84,10.86,10.53,10.2,372672512.0,2354778112.0
2013-09-18,10.69,10.96,10.76,10.51,314446368.0,2037383424.0
2013-09-17,10.53,11.54,10.81,10.46,647249216.0,4292759552.0
2013-09-16,10.83,10.83,10.83,10.36,1003247616.0,6506019328.0
2013-09-13,9.85,9.85,9.85,9.85,10125211.0,60143752.0
2013-09-12,8.95,8.95,8.95,8.95,2705165.0,14607891.0
2013-09-11,8.14,8.14,8.14,8.14,4360511.0,21410108.0
2013-05-16,7.2,7.43,7.4,7.1,59982924.0,268729888.0
2013-05-15,7.04,7.23,7.18,7.04,31549884.0,138415904.0
2013-05-14,7.25,7.3,7.04,6.99,31550068.0,136663840.0
2013-05-13,7.12,7.32,7.25,7.12,38281596.0,169338576.0
2013-05-10,7.02,7.13,7.12,6.94,26295918.0,113675128.0
2013-05-09,7.17,7.17,7.04,6.97,33089452.0,142073776.0
2013-05-08,7.04,7.28,7.1,7.02,53552500.0,234384800.0
2013-05-07,6.86,7.04,7.02,6.82,38624648.0,164487568.0
2013-05-06,6.79,6.87,6.84,6.76,30893308.0,128723808.0
2013-05-03,6.69,6.82,6.76,6.68,37806392.0,156392816.0
2013-05-02,6.86,6.87,6.68,6.51,78218840.0,316048480.0
2013-04-26,7.18,7.22,6.86,6.78,57783236.0,244530800.0
2013-04-25,7.23,7.33,7.2,7.17,26660860.0,117752464.0
2013-04-24,7.18,7.35,7.23,7.15,31194648.0,137813424.0
2013-04-23,7.51,7.51,7.17,7.12,38353440.0,169366880.0
2013-04-22,7.46,7.54,7.51,7.4,21589354.0,98509784.0
2013-04-19,7.3,7.51,7.46,7.3,30969248.0,140829344.0
2013-04-18,7.22,7.38,7.3,7.18,21717032.0,96993632.0
2013-04-17,7.35,7.35,7.25,7.2,15779137.0,69988344.0
2013-04-16,7.18,7.33,7.3,7.13,25650020.0,113422256.0
2013-04-15,7.53,7.58,7.2,7.17,51674456.0,230942288.0
2013-04-12,7.71,7.77,7.59,7.58,22812436.0,107068512.0
2013-04-11,7.84,7.87,7.71,7.67,22383746.0,106133096.0
2013-04-10,7.87,7.9,7.79,7.67,33952536.0,161156976.0
2013-04-09,7.87,7.92,7.86,7.79,34703472.0,166382768.0
2013-04-08,8.1,8.1,7.86,7.66,48034520.0,230409248.0
2013-04-03,8.18,8.3,8.15,8.12,19347894.0,96838152.0
2013-04-02,8.17,8.23,8.13,8.0,25624272.0,127321840.0
2013-04-01,8.0,8.23,8.17,8.0,34378712.0,171395872.0
2013-03-29,8.08,8.17,8.04,8.0,19429720.0,95964736.0
2013-03-28,8.31,8.31,8.08,8.02,44557832.0,221734832.0
2013-03-27,8.46,8.54,8.38,8.33,24950056.0,128918488.0
2013-03-26,8.44,8.54,8.46,8.26,40525764.0,208473328.0
2013-03-25,8.54,8.61,8.53,8.41,36276012.0,188404864.0
2013-03-22,8.39,8.56,8.51,8.31,39976708.0,205486208.0
2013-03-21,8.25,8.49,8.38,8.25,45321716.0,232379584.0
2013-03-20,8.02,8.25,8.23,7.94,47201768.0,234732176.0
2013-03-19,8.13,8.2,8.0,7.87,41939552.0,205864192.0
2013-03-18,8.35,8.41,8.13,8.12,40351608.0,202546000.0
2013-03-15,8.31,8.51,8.39,8.21,68919672.0,352370912.0
2013-03-14,8.18,8.41,8.3,8.18,35243872.0,179365088.0
2013-03-13,8.48,8.48,8.31,8.15,48991800.0,248012352.0
2013-03-12,8.82,8.84,8.48,8.38,63498792.0,333942208.0
2013-03-11,8.95,9.03,8.8,8.76,44177848.0,239546816.0
2013-03-08,8.95,9.12,8.95,8.94,41010984.0,226338336.0
2013-03-07,9.13,9.16,8.97,8.84,60461912.0,333631360.0
2013-03-06,8.92,9.21,9.15,8.92,100870040.0,560586624.0
2013-03-05,8.94,8.97,8.89,8.59,55951464.0,299811264.0
2013-03-04,9.0,9.16,8.89,8.72,96747728.0,528608864.0
2013-03-01,8.89,9.05,8.97,8.8,66745396.0,364994272.0
2013-02-28,8.67,8.92,8.87,8.66,59221424.0,319003040.0
2013-02-27,8.62,8.74,8.67,8.57,50019568.0,265115184.0
2013-02-26,8.66,8.77,8.57,8.51,57647312.0,303791136.0
2013-02-25,8.53,8.77,8.66,8.49,51600728.0,271565088.0
2013-02-22,8.39,8.8,8.46,8.36,83746872.0,440947584.0
2013-02-21,8.53,8.64,8.35,8.28,50703120.0,261618912.0
2013-02-20,8.57,8.64,8.62,8.44,38710060.0,202113632.0
2013-02-19,8.84,8.84,8.56,8.54,42742664.0,226119776.0
2013-02-18,8.8,9.08,8.82,8.67,71916480.0,389029632.0
2013-02-08,8.61,8.87,8.66,8.54,76769176.0,408862272.0
2013-02-07,8.25,8.62,8.57,8.23,92655632.0,479218016.0
2013-02-06,8.28,8.31,8.3,8.18,43006284.0,216957920.0
2013-02-05,8.02,8.48,8.26,7.94,87399104.0,436416896.0
2013-02-04,8.1,8.15,8.04,8.04,50891560.0,251186896.0
2013-02-01,8.07,8.17,8.08,7.97,40595856.0,200319296.0
2013-01-31,8.15,8.2,8.08,8.05,29681224.0,146940192.0
2013-01-30,8.2,8.26,8.15,8.08,48297344.0,240304944.0
2013-01-29,8.13,8.36,8.21,8.04,74438360.0,373320896.0
2013-01-28,8.0,8.2,8.13,8.0,56985148.0,282422592.0
2013-01-25,8.12,8.15,8.0,7.92,36513512.0,178753856.0
2013-01-24,8.13,8.3,8.08,7.97,86791304.0,431839328.0
2013-01-23,7.95,8.17,8.08,7.94,66425584.0,327201312.0
2013-01-22,8.15,8.15,7.87,7.82,83123016.0,403869440.0
2013-01-21,8.26,8.28,8.17,8.1,57705448.0,287614688.0
2013-01-18,8.21,8.33,8.23,8.12,50270488.0,252324576.0
2013-01-17,8.48,8.51,8.18,8.13,92395832.0,467673088.0
2013-01-16,8.08,8.59,8.57,8.02,121907216.0,616567552.0
2013-01-15,8.18,8.41,8.1,8.05,124049288.0,622425728.0
2013-01-14,7.76,8.18,8.17,7.64,130517368.0,638855680.0
2013-01-11,7.72,7.92,7.72,7.66,111412832.0,531133728.0
2013-01-10,7.69,7.77,7.69,7.61,48792240.0,229194256.0
2013-01-09,7.71,7.79,7.67,7.56,62657732.0,293638368.0
2013-01-08,7.74,7.9,7.71,7.64,39283288.0,186374384.0
2013-01-07,7.74,7.87,7.72,7.71,29372388.0,139805856.0
2013-01-04,7.82,7.9,7.76,7.67,36198460.0,171933360.0
2012-12-31,7.56,7.94,7.81,7.53,69660184.0,331288480.0
2012-12-28,7.51,7.56,7.54,7.45,39997044.0,183700048.0
2012-12-27,7.53,7.63,7.45,7.45,46019360.0,212143072.0
2012-12-26,7.46,7.53,7.48,7.4,42960216.0,195978496.0
2012-12-25,7.17,7.56,7.46,7.12,68512272.0,308493824.0
2012-12-24,7.17,7.25,7.15,7.1,21153504.0,92541736.0
2012-12-21,7.23,7.35,7.17,7.13,33379540.0,147403952.0
2012-12-20,7.28,7.41,7.25,7.17,51817924.0,230346640.0
2012-12-19,7.28,7.43,7.35,7.22,41566424.0,186270800.0
2012-12-18,7.12,7.4,7.25,7.05,67469704.0,297837984.0
2012-12-17,7.17,7.23,7.12,7.07,40789616.0,178221728.0
2012-12-14,6.79,7.15,7.1,6.74,81544888.0,349047264.0
2012-12-13,6.74,6.79,6.78,6.71,21203524.0,87670704.0
2012-12-12,6.91,6.92,6.79,6.71,61429388.0,254371968.0
2012-12-11,6.92,7.04,6.96,6.87,42759404.0,181718976.0
2012-12-10,6.94,7.0,6.96,6.82,58747092.0,249127056.0
2012-12-07,6.68,6.89,6.86,6.64,83757104.0,346963360.0
2012-12-06,6.74,6.74,6.66,6.59,64612784.0,262968160.0
2012-12-05,6.5,6.84,6.78,6.46,50327168.0,206325504.0
2012-12-04,6.43,6.84,6.55,6.42,31676624.0,127281088.0
2012-12-03,6.58,6.61,6.43,6.43,12412555.0,49551076.0
2012-11-30,6.55,6.61,6.59,6.51,15505648.0,62182624.0
2012-11-29,6.48,6.61,6.56,6.48,15783416.0,63169096.0
2012-11-28,6.61,6.61,6.51,6.46,13687173.0,54541980.0
2012-11-27,6.68,6.73,6.64,6.56,18869212.0,76358360.0
2012-11-26,6.86,6.89,6.76,6.58,23420910.0,97378112.0
2012-11-23,6.79,6.89,6.82,6.73,21676428.0,90302696.0
2012-11-22,6.82,6.87,6.79,6.73,15805748.0,65583880.0
2012-11-21,6.87,6.91,6.89,6.4,35132272.0,145081968.0
2012-11-20,6.96,7.0,6.89,6.81,9374399.0,39405800.0
2012-11-19,6.97,6.99,6.96,6.82,12057745.0,50775932.0
2012-11-16,6.92,7.0,6.99,6.74,18868004.0,79235832.0
2012-11-15,6.94,7.05,6.94,6.82,17869716.0,75494336.0
2012-11-14,7.02,7.05,6.97,6.71,23411492.0,99093520.0
2012-11-13,7.17,7.18,7.02,6.99,18353064.0,78933000.0
2012-11-12,7.13,7.18,7.17,7.1,15006746.0,65526832.0
2012-11-09,7.09,7.2,7.13,7.07,14271804.0,62302628.0
2012-11-08,7.28,7.28,7.12,7.1,21950226.0,96571040.0
2012-11-07,7.36,7.36,7.3,7.28,17643428.0,78812448.0
2012-11-06,7.4,7.43,7.36,7.27,20517548.0,91732776.0
2012-11-05,7.45,7.48,7.4,7.36,14816652.0,67131912.0
2012-11-02,7.46,7.51,7.45,7.38,23861412.0,108402704.0
2012-11-01,7.36,7.51,7.46,7.36,18686216.0,85051848.0
2012-10-31,7.35,7.4,7.35,7.32,10510444.0,47256584.0
2012-10-30,7.41,7.43,7.35,7.27,21946656.0,98392104.0
2012-10-29,7.41,7.45,7.4,7.36,12381484.0,55933224.0
2012-10-26,7.58,7.61,7.41,7.4,20845818.0,95236136.0
2012-10-25,7.58,7.66,7.56,7.54,14845880.0,68874496.0
2012-10-24,7.58,7.66,7.58,7.53,17417072.0,80869592.0
2012-10-23,7.72,7.76,7.61,7.58,26967180.0,126106280.0
2012-10-22,7.72,7.79,7.74,7.67,19657240.0,92730696.0
2012-10-19,7.77,7.81,7.76,7.74,24213320.0,114839496.0
2012-10-18,7.69,7.79,7.74,7.63,33017948.0,155956288.0
2012-10-17,7.66,7.72,7.67,7.58,22582806.0,105715104.0
2012-10-16,7.58,7.71,7.61,7.54,16301165.0,75936480.0
2012-10-15,7.66,7.67,7.58,7.53,19633748.0,90859032.0
2012-10-12,7.77,7.82,7.67,7.61,22902540.0,107743232.0
2012-10-11,7.89,7.89,7.74,7.71,32616924.0,155130976.0
2012-10-10,7.86,7.92,7.9,7.81,32132530.0,154413840.0
2012-10-09,7.72,7.94,7.9,7.69,41549720.0,199462768.0
2012-10-08,7.82,7.9,7.71,7.64,30067816.0,142494848.0
2012-09-28,7.61,7.82,7.77,7.59,44901892.0,211746336.0
2012-09-27,7.63,7.82,7.71,7.48,44658624.0,208590672.0
2012-09-26,7.77,7.84,7.63,7.48,35530180.0,166062480.0
2012-09-25,7.82,7.87,7.74,7.67,29885326.0,141730416.0
2012-09-24,7.86,7.95,7.84,7.79,37469628.0,180284944.0
2012-09-21,8.13,8.13,7.81,7.71,60668152.0,291057216.0
2012-09-20,8.13,8.41,8.18,8.1,72779320.0,368941664.0
2012-09-19,8.12,8.18,8.13,8.0,35192496.0,173934576.0
2012-09-18,8.41,8.46,8.12,8.1,54554256.0,272709120.0
2012-09-17,8.57,8.76,8.39,8.36,95753072.0,502170176.0
2012-09-14,8.44,8.59,8.43,8.3,98741336.0,509647136.0
2012-09-13,8.18,8.74,8.51,8.12,142609296.0,735621120.0
2012-09-12,8.12,8.25,8.23,7.99,83639080.0,416027488.0
2012-09-11,8.18,8.43,8.1,8.02,126698880.0,634636096.0
2012-09-10,7.86,7.97,7.94,7.82,68235520.0,329697920.0
2012-09-07,7.72,8.04,7.9,7.66,124861192.0,595078656.0
2012-09-06,7.63,7.69,7.64,7.58,24304446.0,113331736.0
2012-09-05,7.79,7.79,7.64,7.63,19836792.0,92998760.0
2012-09-04,7.82,7.89,7.79,7.71,51337828.0,245165584.0
2012-09-03,7.92,7.92,7.84,7.69,42084580.0,200398144.0
2012-08-31,7.87,8.1,7.87,7.77,39014264.0,187741264.0
2012-08-30,7.72,7.9,7.89,7.63,33926536.0,160360176.0
2012-08-29,8.17,8.25,7.81,7.66,75077624.0,361971744.0
2012-08-28,8.02,8.13,8.08,7.95,27865432.0,137159232.0
2012-08-27,7.94,8.57,7.99,7.89,31699724.0,156014176.0
2012-08-24,7.95,8.08,7.99,7.84,21989406.0,106730688.0
2012-08-23,8.02,8.1,7.95,7.94,16250956.0,79512888.0
2012-08-22,7.99,8.08,8.04,7.92,24229624.0,118426104.0
2012-08-21,7.97,8.07,8.0,7.9,43905800.0,214616592.0
2012-08-20,7.87,8.04,7.95,7.77,27351868.0,132081288.0
2012-08-17,7.81,7.89,7.86,7.76,14714229.0,70376528.0
2012-08-16,7.76,7.92,7.79,7.72,13526539.0,64776696.0
2012-08-15,7.89,7.95,7.79,7.72,19999770.0,95374448.0
2012-08-14,7.99,8.04,7.95,7.9,43798944.0,213785872.0
2012-08-13,7.87,8.12,8.02,7.76,48219956.0,233433120.0
2012-08-10,7.9,7.95,7.86,7.82,14615227.0,70494704.0
2012-08-09,7.94,7.99,7.94,7.82,21607026.0,104458984.0
2012-08-08,7.87,7.97,7.89,7.82,15203751.0,73286152.0
2012-08-07,7.84,7.92,7.87,7.82,14477712.0,69667728.0
2012-08-06,7.76,7.94,7.86,7.69,23599188.0,113375336.0
2012-08-03,7.59,7.79,7.76,7.51,17349904.0,81637984.0
2012-08-02,7.66,7.66,7.58,7.5,10579423.0,48883608.0
2012-08-01,7.53,7.69,7.66,7.51,11453886.0,53512580.0
2012-07-31,7.66,7.69,7.58,7.46,27094116.0,124976544.0
2012-07-30,8.0,8.07,7.66,7.61,25690096.0,122509184.0
2012-07-27,7.99,8.05,7.95,7.9,30162492.0,146976608.0
2012-07-26,7.9,8.15,7.94,7.9,29363596.0,143573488.0
2012-07-25,7.99,8.05,7.95,7.92,20614088.0,100404728.0
2012-07-24,7.61,8.15,8.02,7.58,57701132.0,279810720.0
2012-07-23,7.72,7.74,7.63,7.61,13293114.0,62202732.0
2012-07-20,7.72,7.94,7.79,7.71,26236652.0,125327584.0
2012-07-19,7.56,7.94,7.76,7.51,34163600.0,161523840.0
2012-07-18,7.48,7.58,7.56,7.38,24916740.0,113436632.0
2012-07-17,7.45,7.53,7.51,7.43,16050115.0,73241480.0
2012-07-16,7.64,7.64,7.5,7.43,24189928.0,111093856.0
2012-07-13,7.71,7.72,7.63,7.56,21339098.0,99663640.0
2012-07-12,7.66,7.77,7.72,7.5,32653220.0,151999840.0
2012-07-11,7.66,7.72,7.67,7.59,22512948.0,105378160.0
2012-07-10,7.69,7.81,7.69,7.59,25988946.0,122534728.0
2012-07-09,7.94,7.94,7.74,7.64,27521612.0,130866496.0
2012-07-06,8.08,8.08,7.97,7.77,28840410.0,139194096.0
2012-07-05,8.12,8.17,8.0,7.97,18955936.0,92881184.0
2012-07-04,8.33,8.38,8.23,8.07,36280948.0,180804752.0
2012-07-03,8.35,8.43,8.31,8.3,28022476.0,143226368.0
2012-07-02,8.51,8.54,8.35,8.3,29489996.0,150963920.0
2012-06-29,8.46,8.59,8.49,8.39,14865800.0,77260752.0
2012-06-28,8.59,8.74,8.51,8.39,18958888.0,98832904.0
2012-06-27,8.53,8.69,8.59,8.53,28137616.0,147982208.0
2012-06-26,8.54,8.56,8.54,8.43,13048908.0,67794288.0
2012-06-25,8.62,8.74,8.59,8.46,19264922.0,101502864.0
2012-06-21,8.8,8.8,8.66,8.57,16518474.0,87478664.0
2012-06-20,8.84,8.89,8.8,8.79,12710508.0,68517736.0
2012-06-19,8.97,8.97,8.84,8.82,18376764.0,99629096.0
2012-06-18,9.1,9.16,8.97,8.9,27874584.0,154299008.0
2012-06-15,9.13,9.25,9.07,9.05,57439840.0,319891968.0
2012-06-14,9.02,9.26,9.16,8.94,29007900.0,160593664.0
2012-06-13,8.87,9.13,9.08,8.8,38006928.0,207790480.0
2012-06-12,8.9,8.98,8.87,8.76,22128096.0,119677104.0
2012-06-11,8.89,9.02,8.97,8.82,27870384.0,152128016.0
2012-06-08,9.08,9.1,8.9,8.82,22906804.0,124870048.0
2012-06-07,9.16,9.18,9.0,8.92,25836066.0,142637888.0
2012-06-06,9.18,9.28,9.05,9.02,27415474.0,153002624.0
2012-06-05,9.18,9.25,9.15,9.13,14150451.0,79408560.0
2012-06-04,9.41,9.47,9.2,9.03,38751100.0,218736656.0
2012-06-01,9.7,9.84,9.61,9.51,35596692.0,210082208.0
2012-05-31,9.65,9.85,9.65,9.61,44978896.0,267894560.0
2012-05-30,9.61,9.75,9.62,9.56,22644608.0,133270616.0
2012-05-29,9.44,9.79,9.69,9.36,49230472.0,290777696.0
2012-05-28,9.31,9.47,9.46,9.08,31453896.0,177808768.0
2012-05-25,9.47,9.49,9.33,9.26,19341790.0,110631216.0
2012-05-24,9.47,9.64,9.47,9.43,34802712.0,203014960.0
2012-05-23,9.59,9.61,9.49,9.44,23290174.0,135673520.0
2012-05-22,9.38,9.64,9.61,9.38,63642100.0,370928640.0
2012-05-21,9.33,9.43,9.34,9.28,18714512.0,106894080.0
2012-05-18,9.65,9.67,9.36,9.29,36635264.0,212083040.0
2012-05-17,9.69,9.8,9.7,9.59,41922528.0,248908944.0
2012-05-16,9.79,9.92,9.67,9.59,27112138.0,161399712.0
2012-05-15,9.95,9.95,9.82,9.69,33303128.0,198628368.0
2012-05-14,10.11,10.16,10.02,9.93,32667364.0,200822608.0
2012-05-11,10.18,10.23,10.08,9.98,33041088.0,203113344.0
2012-05-10,10.47,10.54,10.23,10.15,56479600.0,353152000.0
2012-05-09,10.2,10.65,10.38,10.18,125498544.0,808690944.0
2012-05-08,10.15,10.25,10.17,10.09,70871192.0,444729440.0
2012-05-07,9.94,10.18,10.18,9.89,74468904.0,462427296.0
2012-05-04,9.91,10.04,10.0,9.86,27358498.0,168316880.0
2012-05-03,9.91,10.15,9.94,9.84,43535848.0,268229456.0
2012-04-27,9.99,10.02,9.84,9.83,22370556.0,137072144.0
2012-04-26,9.83,10.07,10.02,9.79,36994396.0,227046240.0
2012-04-25,9.96,9.96,9.89,9.71,37821720.0,229907984.0
2012-04-24,10.18,10.28,9.96,9.68,68640344.0,423195360.0
2012-04-23,10.04,10.55,10.28,9.99,109721952.0,698170176.0
2012-04-20,9.92,10.09,9.99,9.86,35900816.0,221302048.0
2012-04-19,9.76,9.94,9.94,9.66,32360888.0,196250416.0
2012-04-18,9.52,9.84,9.78,9.52,36811520.0,220994032.0
2012-04-17,9.47,9.63,9.47,9.37,23170780.0,135903040.0
2012-04-16,9.49,9.57,9.47,9.4,18714398.0,109424232.0
2012-04-13,9.47,9.71,9.54,9.45,25720968.0,152235520.0
2012-04-12,9.2,9.62,9.5,9.16,41619100.0,242083616.0
2012-04-11,9.11,9.26,9.18,9.02,26055220.0,147105600.0
2012-04-10,9.06,9.23,9.21,8.89,21402488.0,119352272.0
2012-04-09,9.32,9.32,9.08,9.03,18997096.0,107394272.0
2012-04-06,9.39,9.45,9.34,9.26,19768394.0,114417456.0
2012-04-05,9.03,9.52,9.44,9.0,31093828.0,177932992.0
2012-03-30,9.0,9.13,9.08,8.92,20523868.0,114374160.0
2012-03-29,9.37,9.4,8.98,8.82,36890724.0,206594272.0
2012-03-28,9.62,9.81,9.44,9.36,27359934.0,161117456.0
2012-03-27,9.73,9.81,9.71,9.63,17532868.0,105399448.0
2012-03-26,9.83,9.89,9.7,9.54,26649902.0,159115824.0
2012-03-23,10.05,10.07,9.81,9.71,32986770.0,201344160.0
2012-03-22,10.2,10.31,10.12,10.09,43610104.0,274631552.0
2012-03-21,10.15,10.23,10.1,10.0,26198520.0,163720448.0
2012-03-20,10.2,10.25,10.07,9.99,27407000.0,171158208.0
2012-03-19,10.34,10.36,10.26,10.07,34284268.0,216534272.0
2012-03-16,10.26,10.44,10.34,10.15,37508036.0,239082592.0
2012-03-15,10.46,10.59,10.25,10.07,52619584.0,334856992.0
2012-03-14,11.01,11.07,10.51,10.2,91495128.0,602009856.0
2012-03-13,10.65,11.11,10.93,10.62,71664912.0,484688256.0
2012-03-12,10.49,10.68,10.63,10.31,63085984.0,408511904.0
2012-03-09,10.41,10.54,10.46,10.36,37280460.0,240804432.0
2012-03-08,10.33,10.59,10.39,10.26,54638520.0,352048128.0
2012-03-07,9.96,10.52,10.33,9.91,84230632.0,537389824.0
2012-03-06,10.1,10.18,10.04,9.88,40859504.0,252852736.0
2012-03-05,10.17,10.49,10.1,10.09,62736568.0,398409568.0
2012-03-02,9.92,10.13,10.09,9.91,58897128.0,365065600.0
2012-03-01,9.76,10.05,9.96,9.71,65461424.0,399794176.0
2012-02-29,9.94,9.96,9.79,9.71,33448370.0,202853536.0
2012-02-28,9.91,10.0,9.96,9.88,41674396.0,256023632.0
2012-02-27,9.92,10.1,9.92,9.88,83488944.0,514935872.0
2012-02-24,9.79,9.96,9.92,9.63,69251192.0,419064864.0
2012-02-23,9.66,9.89,9.76,9.62,47727588.0,287955744.0
2012-02-22,9.54,9.68,9.62,9.49,27009980.0,159858256.0
2012-02-21,9.55,9.62,9.57,9.36,22568108.0,132660264.0
2012-02-20,9.71,9.78,9.58,9.57,26371448.0,156866992.0
2012-02-17,9.7,9.7,9.62,9.52,37945676.0,225283040.0
2012-02-16,9.7,9.99,9.6,9.49,82766184.0,494204000.0
2012-02-15,9.06,9.94,9.83,9.0,81729104.0,478530304.0
2012-02-14,9.06,9.11,9.1,8.9,27686922.0,154083328.0
2012-02-13,8.95,9.16,9.08,8.92,28397652.0,159096704.0
2012-02-10,8.94,9.36,9.05,8.84,37779076.0,212487888.0
2012-02-09,8.95,9.05,8.98,8.87,24604180.0,136443744.0
2012-02-08,8.66,9.06,8.98,8.61,27550756.0,151076256.0
2012-02-07,8.92,8.95,8.68,8.61,20970682.0,112992912.0
2012-02-06,9.06,9.13,8.97,8.89,24092620.0,133611656.0
2012-02-03,8.98,9.16,9.06,8.89,26374100.0,147193280.0
2012-02-02,8.77,9.06,9.05,8.76,22950832.0,126327944.0
2012-02-01,8.94,9.02,8.79,8.77,14246242.0,78233352.0
2012-01-31,8.84,8.98,8.97,8.82,23833628.0,131070296.0
2012-01-30,8.94,9.03,8.81,8.68,21646884.0,118300072.0
2012-01-19,8.84,8.98,8.9,8.68,28051294.0,153527872.0
2012-01-18,9.0,9.1,8.84,8.72,32682640.0,179690192.0
2012-01-17,8.22,9.08,9.0,8.13,43960812.0,237789440.0
2012-01-16,8.34,8.43,8.26,8.19,13903004.0,71585976.0
2012-01-13,8.52,8.69,8.42,8.21,26147920.0,136042144.0
2012-01-12,8.45,8.68,8.5,8.43,24040092.0,127181680.0
2012-01-11,8.43,8.66,8.5,8.42,32313904.0,170380800.0
2012-01-10,7.98,8.45,8.42,7.95,46452072.0,238478672.0
2012-01-09,7.72,8.0,8.0,7.61,25244908.0,122051016.0
2012-01-06,7.79,7.83,7.71,7.45,21574878.0,101398592.0
2012-01-05,8.13,8.14,7.85,7.37,27683200.0,135075584.0
2012-01-04,8.35,8.37,8.19,8.16,22200312.0,113238336.0
