date,open,high,close,low,volume,price_change,p_change,ma5,ma10,ma20,v_ma5,v_ma10,v_ma20
2014-07-01,18.37,22.05,22.05,18.37,7510.89,6.74,44.02,22.05,22.05,22.05,7510.89,7510.89,7510.89
2014-07-02,24.26,24.26,24.26,24.26,6038.1,2.21,10.02,23.155,23.155,23.155,6774.5,6774.5,6774.5
2014-07-03,26.69,26.69,26.69,26.69,8178.45,2.43,10.02,24.333,24.333,24.333,7242.48,7242.48,7242.48
2014-07-04,29.36,29.36,29.36,29.36,32536.9,2.67,10.0,25.59,25.59,25.59,13566.09,13566.09,13566.09
2014-07-07,32.26,32.3,32.3,29.36,599125.25,2.94,10.01,26.932,26.932,26.932,130677.92,130677.92,130677.92
2014-07-08,30.77,33.0,30.72,29.59,433007.03,-1.58,-4.89,28.666,27.563,27.563,215777.15,181066.1,181066.1
2014-07-09,30.01,30.94,29.1,28.5,314521.34,-1.62,-5.27,29.634,27.783,27.783,277473.79,200131.14,200131.14
2014-07-10,28.8,31.1,30.25,28.41,334128.44,1.15,3.95,30.346,28.091,28.091,342663.79,216880.8,216880.8
2014-07-11,29.53,30.21,28.77,28.6,243203.23,-1.48,-4.89,30.228,28.167,28.167,384797.06,219805.51,219805.51
2014-07-14,28.36,28.37,27.48,27.02,173359.12,-1.29,-4.48,29.264,28.098,28.098,299643.83,215160.88,215160.88
2014-07-15,27.43,27.98,27.32,26.91,130500.46,-0.16,-0.58,28.584,28.625,28.027,239142.52,227459.83,207464.47
2014-07-16,27.1,27.78,27.56,27.0,131004.21,0.24,0.88,28.276,28.955,27.988,202439.09,239956.44,201092.79
2014-07-17,27.31,27.45,26.13,26.01,148611.86,-1.43,-5.19,27.452,28.899,27.845,165335.78,253999.78,197055.79
2014-07-18,26.05,26.3,25.86,25.8,86119.04,-0.27,-1.03,26.87,28.549,27.704,133918.94,259358.0,189131.74
2014-07-21,25.7,25.7,25.34,25.08,87831.77,-0.52,-2.01,26.442,27.853,27.546,116813.47,208228.65,182378.41
2014-07-22,25.2,25.83,25.54,25.2,74150.65,0.2,0.79,26.086,27.335,27.421,105543.51,172343.01,175614.17
2014-07-23,25.4,25.4,24.73,24.65,109772.27,-0.81,-3.17,25.52,26.898,27.262,101297.12,151868.1,171741.12
2014-07-24,24.6,25.87,25.5,24.52,135027.94,0.77,3.11,25.394,26.423,27.164,98580.33,131958.06,169701.5
2014-07-25,25.2,25.4,25.09,24.73,81068.85,-0.41,-1.61,25.24,26.055,27.055,97570.3,115744.62,165036.62
2014-07-28,25.14,25.84,25.61,25.14,91861.1,0.52,2.07,25.294,25.868,26.983,98376.16,107594.82,161377.85
2014-07-29,25.69,26.17,25.84,25.44,96677.03,0.23,0.9,25.354,25.72,27.173,102881.44,104212.47,165836.15
2014-07-30,25.74,26.35,26.23,25.6,102330.78,0.39,1.51,25.654,25.587,27.271,101393.14,101345.13,170650.79
2014-07-31,26.24,26.24,25.84,25.7,72646.77,-0.39,-1.49,25.722,25.558,27.229,88916.91,93748.62,173874.2
2014-08-01,25.7,25.73,24.9,24.89,105990.14,-0.94,-3.64,25.684,25.462,27.006,93901.16,95735.73,177546.86
2014-08-04,24.8,25.08,25.03,24.8,58131.61,0.13,0.52,25.568,25.431,26.642,87155.27,92765.71,150497.18
2014-08-05,25.1,25.2,25.19,24.82,55371.14,0.16,0.64,25.438,25.396,26.366,78894.09,90887.76,131615.39
2014-08-06,25.05,25.15,24.97,24.9,43683.2,-0.22,-0.87,25.186,25.42,26.159,67164.57,84278.86,118073.48
2014-08-07,24.9,25.04,24.89,24.83,39055.66,-0.08,-0.32,24.996,25.359,25.891,60446.35,74681.63,103319.84
2014-08-08,24.85,25.25,25.05,24.85,45742.48,0.16,0.64,25.026,25.355,25.705,48396.82,71148.99,93446.8
2014-08-11,25.02,25.2,25.14,25.02,48280.25,0.09,0.36,25.048,25.308,25.588,46426.55,66790.91,87192.86
2014-08-12,25.15,25.68,25.58,25.0,91336.53,0.44,1.75,25.126,25.282,25.501,53619.62,66256.86,85234.66
2014-08-13,25.65,26.49,26.45,25.58,193746.91,0.87,3.4,25.422,25.304,25.446,83632.37,75398.47,88371.8
2014-08-14,27.0,29.1,28.83,27.0,351876.0,2.38,9.0,26.21,25.603,25.581,146196.43,103321.39,98535.01
2014-08-15,28.58,28.7,28.1,27.82,140028.33,-0.73,-2.53,26.82,25.923,25.693,165053.6,106725.21,101230.47
2014-08-18,28.3,28.42,27.66,27.36,120194.22,-0.44,-1.57,27.324,26.186,25.809,179436.4,112931.47,102848.59
2014-08-19,27.75,28.29,27.15,26.88,135124.95,-0.51,-1.84,27.638,26.382,25.889,188194.08,120906.85,105897.31
2014-08-20,27.21,29.26,28.18,27.21,211838.0,1.03,3.79,27.984,26.703,26.062,191812.3,137722.33,111000.59
2014-08-21,28.3,28.41,27.59,27.25,106029.54,-0.59,-2.09,27.736,26.973,26.166,142643.01,144419.72,109550.67
2014-08-22,27.59,27.85,27.7,27.25,65985.32,0.11,0.4,27.656,27.238,26.297,127834.41,146444.0,108796.5
2014-08-25,27.72,28.48,27.75,27.56,75560.83,0.05,0.18,27.674,27.499,26.404,118907.73,149172.06,107981.48
2014-08-26,27.61,27.61,26.63,26.44,90544.66,-1.12,-4.04,27.57,27.604,26.443,109991.67,149092.88,107674.87
2014-08-27,26.58,26.85,26.15,26.02,69555.77,-0.48,-1.8,27.164,27.574,26.439,81535.22,136673.76,106036.12
2014-08-28,26.12,26.12,25.78,25.63,43555.37,-0.37,-1.42,26.802,27.269,26.436,69040.39,105841.7,104581.55
2014-08-29,25.81,26.79,26.65,25.81,60014.0,0.87,3.38,26.592,27.124,26.524,67846.13,97840.27,102282.74
2014-09-01,26.65,26.95,26.84,26.52,47379.84,0.19,0.71,26.41,27.042,26.614,62209.93,90558.83,101745.15
2014-09-02,26.98,27.45,27.41,26.98,76845.97,0.57,2.12,26.566,27.068,26.725,59470.19,84730.93,102818.89
2014-09-03,27.51,27.57,27.33,27.03,55688.09,-0.08,-0.29,26.802,26.983,26.843,56696.65,69115.94,103419.14
2014-09-04,27.22,27.48,27.39,27.01,62320.31,0.06,0.22,27.124,26.963,26.968,60449.64,64745.02,104582.37
2014-09-05,27.45,27.47,27.01,26.84,67987.23,-0.38,-1.39,27.196,26.894,27.066,62044.29,64945.21,105694.61
2014-09-09,27.11,27.13,26.67,26.57,72789.92,-0.34,-1.26,27.162,26.786,27.143,67126.3,64668.12,106920.09
2014-09-10,26.51,26.98,26.84,26.45,52809.2,0.17,0.64,27.048,26.807,27.206,62318.95,60894.57,104993.72
2014-09-11,26.7,27.25,27.02,26.7,77195.38,0.18,0.67,26.986,26.894,27.234,66620.41,61658.53,99166.15
2014-09-12,27.01,27.01,26.78,26.52,56045.48,-0.24,-0.89,26.864,26.994,27.132,65365.44,62907.54,84374.62
2014-09-15,26.7,26.9,26.86,26.55,47192.68,0.08,0.3,26.834,27.015,27.07,61206.53,61625.41,79732.84
2014-09-16,26.85,26.85,25.5,25.4,87115.1,-1.36,-5.06,26.6,26.881,26.961,64071.57,65598.94,78078.88
2014-09-17,25.43,25.79,25.76,25.31,37460.14,0.26,1.02,26.384,26.716,26.892,61001.76,61660.35,73195.64
2014-09-18,25.7,25.73,25.6,25.51,26591.35,-0.16,-0.62,26.1,26.543,26.763,50880.95,58750.68,63933.31
2014-09-19,25.67,26.04,26.01,25.6,31301.54,0.41,1.6,25.946,26.405,26.684,45932.16,55648.8,60196.91
2014-09-22,26.0,26.0,25.53,25.38,27414.79,-0.42,-1.62,25.68,26.257,26.576,41976.58,51591.56,58268.38
2014-09-23,25.51,25.74,25.68,25.51,22832.82,0.15,0.59,25.716,26.158,26.472,29120.13,46595.85,55631.98
2014-09-24,25.7,25.98,25.96,25.52,34962.68,0.28,1.09,25.756,26.07,26.439,28620.64,44811.2,52852.88
2014-09-25,26.0,26.35,25.7,25.56,39519.42,-0.26,-1.0,25.776,25.938,26.416,31206.25,41043.6,51351.07
2014-09-26,25.59,25.78,25.57,25.4,28776.63,-0.13,-0.51,25.688,25.817,26.406,30701.27,38316.72,50612.13
2014-09-29,25.69,25.95,25.91,25.63,30440.6,0.34,1.33,25.764,25.722,26.369,31306.43,36641.51,49133.46
2014-09-30,26.02,26.11,26.05,25.85,27629.82,0.14,0.54,25.838,25.777,26.329,32265.83,30692.98,48145.96
2014-10-08,26.1,26.38,26.37,25.9,45574.29,0.32,1.23,25.92,25.838,26.277,34388.15,31504.39,46582.37
2014-10-09,26.53,26.55,26.34,26.06,45181.6,-0.03,-0.11,26.048,25.912,26.228,35520.59,33363.42,46057.05
2014-10-10,26.29,26.59,26.4,26.15,43770.27,0.06,0.23,26.214,25.951,26.178,38519.32,34610.29,45129.55
2014-10-13,26.38,26.63,26.61,25.85,52074.89,0.21,0.8,26.354,26.059,26.158,42846.17,37076.3,44333.93
2014-10-14,26.45,26.63,26.4,26.16,38055.28,-0.21,-0.79,26.424,26.131,26.145,44931.27,38598.55,42597.2
2014-10-15,26.31,26.41,26.37,26.15,23880.09,-0.03,-0.11,26.424,26.172,26.121,40592.43,37490.29,41150.74
2014-10-16,26.18,26.2,25.85,25.85,45973.54,-0.52,-1.97,26.326,26.187,26.063,40750.81,38135.7,39589.65
2014-10-17,25.7,26.4,26.29,25.4,62939.71,0.44,1.7,26.304,26.259,26.038,44584.7,41552.01,39934.36
2014-10-20,26.3,26.76,26.56,26.2,72612.76,0.27,1.03,26.294,26.324,26.023,48692.28,45769.23,41205.37
2014-10-21,26.79,27.15,27.04,26.35,97129.3,0.48,1.81,26.422,26.423,26.1,60507.08,52719.17,41706.08
2014-10-22,27.0,27.57,26.6,26.58,98801.53,-0.44,-1.63,26.468,26.446,26.142,75491.37,58041.9,44773.15
2014-10-23,26.55,26.7,25.59,25.57,59287.32,-1.01,-3.8,26.416,26.371,26.142,78154.12,59452.47,46407.94
2014-10-24,25.67,25.8,25.39,25.31,33347.47,-0.2,-0.78,26.236,26.27,26.111,72235.68,58410.19,46510.24
2014-10-27,25.34,25.34,24.89,24.55,37687.11,-0.5,-1.97,25.902,26.098,26.079,65250.55,56971.41,47023.86
2014-10-28,25.02,25.59,25.55,25.0,30517.54,0.66,2.65,25.604,26.013,26.072,51928.19,56217.64,47408.09
2014-10-29,25.54,25.78,25.72,25.4,44929.78,0.17,0.67,25.428,25.948,26.06,41153.84,58322.61,47906.45
2014-10-30,25.85,26.2,25.82,25.78,52204.31,0.1,0.39,25.474,25.945,26.066,39737.24,58945.68,48540.69
2014-10-31,25.82,26.55,26.41,25.8,66155.84,0.59,2.29,25.678,25.957,26.108,46298.92,59267.3,50409.65
2014-11-03,26.49,26.95,26.41,26.23,56885.47,0.0,0.0,25.982,25.942,26.133,50138.59,57694.57,51731.9
2014-11-04,26.33,26.47,26.0,25.83,38590.67,-0.41,-1.55,26.072,25.838,26.131,51753.21,51840.7,52279.94
2014-11-05,25.92,26.95,26.84,25.7,90549.54,0.84,3.23,26.296,25.862,26.154,60877.17,51015.51,54528.7
2014-11-06,26.69,27.28,27.22,26.55,89322.5,0.38,1.42,26.576,26.025,26.198,68300.8,54019.02,56735.75
2014-11-07,27.3,29.2,27.56,27.0,205229.2,0.34,1.25,26.806,26.242,26.256,96115.48,71207.2,64808.69
2014-11-10,27.31,28.35,27.94,27.13,105650.15,0.38,1.38,27.112,26.547,26.323,105868.41,78003.5,67487.46
2014-11-11,27.95,27.95,26.64,26.39,97040.83,-1.3,-4.65,27.24,26.656,26.335,117558.44,84655.83,70436.73
2014-11-12,26.54,28.74,28.54,26.28,174824.55,1.9,7.13,27.58,26.938,26.443,134413.45,97645.31,77983.96
2014-11-13,27.91,29.79,28.62,27.9,202548.77,0.08,0.28,27.86,27.218,26.582,157058.7,112679.75,85812.72
2014-11-14,28.15,28.47,27.43,26.8,109802.14,-1.19,-4.16,27.834,27.32,26.639,137973.29,117044.38,88155.84
2014-11-17,27.1,27.97,27.4,26.9,53369.38,-0.03,-0.11,27.726,27.419,26.681,127517.13,116692.77,87193.67
2014-11-18,27.35,27.95,27.71,27.15,55395.19,0.31,1.13,27.94,27.59,26.714,119188.01,118373.23,85106.96
2014-11-19,27.7,27.7,27.28,27.03,61437.38,-0.43,-1.55,27.688,27.634,26.748,96510.57,115462.01,83238.76
2014-11-20,27.18,27.39,27.24,26.95,44888.05,-0.04,-0.15,27.412,27.636,26.831,64978.43,111018.56,82518.79
2014-11-21,27.25,27.96,27.53,27.11,68774.95,0.29,1.06,27.432,27.633,26.938,56772.99,97373.14,84290.17
2014-11-24,27.85,27.88,27.65,27.38,72984.81,0.12,0.44,27.482,27.604,27.076,60696.08,94106.61,86055.05
2014-11-25,27.57,27.6,27.25,26.88,92454.49,-0.4,-1.45,27.39,27.665,27.161,68107.94,93647.97,89151.9
2014-11-26,27.27,27.75,27.69,27.03,68856.62,0.44,1.61,27.472,27.58,27.259,69591.78,83051.18,90348.24
2014-11-27,27.8,28.18,27.8,27.55,74225.65,0.11,0.4,27.584,27.498,27.358,75459.3,70218.87,91449.31
2014-11-28,27.86,27.86,27.3,27.15,64825.48,-0.5,-1.8,27.538,27.485,27.403,74669.41,65721.2,91382.79
2014-12-01,27.38,27.42,27.16,26.88,52387.72,-0.14,-0.51,27.44,27.461,27.44,70549.99,65623.03,91157.9
2014-12-02,27.15,27.82,27.58,27.01,74902.11,0.42,1.55,27.506,27.448,27.519,67039.52,67573.73,92973.48
2014-12-03,27.6,27.7,27.67,27.11,61991.81,0.09,0.33,27.502,27.487,27.561,65666.55,67629.17,91545.59
2014-12-04,27.71,28.35,28.2,27.61,101904.27,0.53,1.92,27.582,27.583,27.61,71202.28,73330.79,92174.68
2014-12-05,28.2,28.2,27.0,26.6,81553.54,-1.2,-4.25,27.522,27.53,27.582,74547.89,74608.65,85990.89
2014-12-08,26.8,26.96,26.41,26.36,65609.44,-0.59,-2.19,27.372,27.406,27.505,77192.23,73871.11,83988.86
2014-12-09,26.3,26.3,25.02,24.99,75154.14,-1.39,-5.26,26.86,27.183,27.424,77242.64,72141.08,82894.52
2014-12-10,25.04,25.8,25.64,25.0,39764.23,0.62,2.48,26.454,26.978,27.279,72797.12,69231.84,76141.51
2014-12-11,25.65,25.92,25.81,25.03,36608.94,0.17,0.66,25.976,26.779,27.139,59738.06,65470.17,67844.52
2014-12-12,25.84,26.21,26.0,25.62,34773.48,0.19,0.74,25.776,26.649,27.067,50382.05,62464.97,64093.08
2014-12-15,26.02,26.32,26.26,25.78,31250.57,0.26,1.0,25.746,26.559,27.01,43510.27,60351.25,62987.14
2014-12-16,26.2,26.29,25.77,25.67,40917.91,-0.49,-1.87,25.896,26.378,26.913,36663.03,56952.83,62263.28
2014-12-17,25.75,25.76,25.4,25.1,33879.72,-0.37,-1.44,25.848,26.151,26.819,35486.12,54141.62,60885.4
2014-12-18,25.29,25.61,25.35,25.12,23054.62,-0.05,-0.2,25.756,25.866,26.725,32775.26,46256.66,59793.73
2014-12-19,25.33,25.34,24.48,24.34,49577.46,-0.87,-3.43,25.452,25.614,26.572,35736.06,43059.05,58833.85
2014-12-22,24.35,24.36,22.42,22.06,61705.58,-2.06,-8.41,24.684,25.215,26.311,41827.06,42668.67,58269.89
2014-12-23,22.46,23.2,22.8,22.34,31393.99,0.38,1.7,24.09,24.993,26.088,39922.27,38292.65,55216.86
2014-12-24,23.13,23.63,23.58,23.04,32943.62,0.78,3.42,23.726,24.787,25.883,39735.05,37610.59,53421.21
2014-12-25,23.66,23.98,23.6,23.33,25950.63,0.02,0.09,23.376,24.566,25.673,40314.26,36544.76,51007.46
2014-12-26,23.6,23.66,23.47,23.3,21093.87,-0.13,-0.55,23.174,24.313,25.481,34617.54,35176.8,48820.88
2014-12-29,23.48,23.5,22.77,22.71,27454.93,-0.7,-2.98,23.244,23.964,25.262,27767.41,34797.23,47574.24
2014-12-30,22.8,23.74,23.34,22.72,37182.77,0.57,2.5,23.352,23.721,25.05,28925.16,34423.72,45688.28
2014-12-31,23.33,23.48,23.29,23.06,17770.13,-0.05,-0.21,23.294,23.51,24.831,25890.47,32812.76,43477.19
2015-01-05,23.32,23.79,23.66,23.3,26363.7,0.37,1.59,23.306,23.341,24.604,25973.08,33143.67,39700.16
2015-01-06,23.51,24.23,24.04,23.35,35059.22,0.38,1.61,23.42,23.297,24.456,28766.15,31691.84,37375.45
2015-01-07,24.05,24.05,23.67,23.51,22992.53,-0.37,-1.54,23.6,23.422,24.319,27873.67,27820.54,35244.6
2015-01-08,23.7,23.99,23.62,23.56,22843.71,-0.05,-0.21,23.656,23.504,24.249,25005.86,26965.51,32629.08
2015-01-09,23.5,23.62,23.17,23.15,24323.21,-0.45,-1.91,23.632,23.463,24.125,26316.47,26103.47,31857.03
2015-01-12,23.18,23.18,22.58,22.46,21932.37,-0.59,-2.55,23.416,23.361,23.964,25430.21,25701.64,31123.2
2015-01-13,22.6,23.2,23.18,22.55,24968.15,0.6,2.66,23.244,23.332,23.823,23411.99,26089.07,30632.93
2015-01-14,23.08,23.11,22.79,22.66,14624.37,-0.39,-1.68,23.068,23.334,23.649,21738.36,24806.02,29801.62
2015-01-15,22.88,23.5,23.16,22.74,19222.48,0.37,1.62,22.976,23.316,23.519,21014.12,23009.99,28716.85
2015-01-16,23.08,23.46,23.42,23.08,19517.54,0.26,1.12,23.026,23.329,23.42,20052.98,23184.73,27998.74
2015-01-19,23.3,24.0,23.79,22.83,52243.71,0.37,1.58,23.268,23.342,23.342,26115.25,25772.73,29458.2
2015-01-20,23.88,24.84,24.76,23.62,63618.74,0.97,4.08,23.584,23.414,23.356,33845.37,28628.68,30160.26
2015-01-21,24.97,24.97,24.61,24.4,49456.21,-0.15,-0.61,23.948,23.508,23.465,40811.74,31275.05,29547.79
2015-01-22,24.65,24.8,24.72,24.45,29888.35,0.11,0.45,24.26,23.618,23.561,42944.91,31979.51,29472.51
2015-01-23,24.72,24.78,24.27,24.14,31496.04,-0.45,-1.82,24.43,23.728,23.596,45340.61,32696.8,29400.13
2015-01-26,24.27,24.7,24.68,24.16,23142.48,0.41,1.69,24.608,23.938,23.65,39520.36,32817.81,29259.73
2015-01-27,24.7,24.7,24.59,24.25,22283.1,-0.09,-0.36,24.574,24.079,23.706,31253.24,32549.3,29319.19
2015-01-28,24.48,24.69,24.58,24.4,22158.67,-0.01,-0.04,24.568,24.258,23.796,25793.73,33302.73,29054.37
2015-01-29,24.49,24.56,24.3,24.28,15604.76,-0.28,-1.14,24.484,24.372,23.844,22937.01,32940.96,27975.47
2015-01-30,24.32,24.46,23.87,23.85,19697.27,-0.43,-1.77,24.404,24.417,23.873,20577.26,32958.93,28071.83
2015-02-02,23.69,23.77,23.57,23.3,19390.79,-0.3,-1.26,24.182,24.395,23.869,19826.92,29673.64,27723.19
2015-02-03,23.7,24.32,24.28,23.64,21838.41,0.71,3.01,24.12,24.347,23.881,19737.98,25495.61,27062.14
2015-02-04,24.4,24.4,23.9,23.83,15990.53,-0.38,-1.56,23.984,24.276,23.892,18504.35,22149.04,26712.04
2015-02-05,24.15,24.4,23.88,23.85,26612.67,-0.02,-0.08,23.9,24.192,23.905,20705.93,21821.47,26900.49
2015-02-06,23.78,23.9,23.32,23.27,20117.21,-0.56,-2.35,23.79,24.097,23.913,20789.92,20683.59,26690.19
2015-02-09,23.32,23.35,23.09,23.02,11163.81,-0.23,-0.99,23.694,23.938,23.938,19144.53,19485.72,26151.76
2015-02-10,23.03,23.28,23.19,23.03,11731.6,0.1,0.43,23.476,23.798,23.939,17123.16,18430.57,25489.94
2015-02-11,23.28,23.55,23.33,23.21,11161.31,0.14,0.6,23.362,23.673,23.966,16157.32,17330.84,25316.78
2015-02-12,23.37,23.96,23.9,23.35,16576.49,0.57,2.44,23.366,23.633,24.003,14150.08,17428.01,25184.48
2015-02-13,23.92,24.51,24.27,23.92,27683.39,0.37,1.55,23.556,23.673,24.045,15663.32,18226.62,25592.78
2015-02-16,24.29,24.67,24.6,24.29,29170.84,0.33,1.36,23.858,23.776,24.086,19264.73,19204.63,24439.13
2015-02-17,24.66,24.69,24.39,24.22,21243.62,-0.21,-0.85,24.098,23.787,24.067,21167.13,19145.15,22320.38
2015-02-25,24.46,24.46,24.13,24.05,15858.71,-0.26,-1.07,24.258,23.81,24.043,22106.61,19131.96,20640.5
2015-02-26,24.2,24.56,24.55,24.14,22469.81,0.42,1.74,24.388,23.877,24.035,23285.27,18717.68,20269.58
2015-02-27,24.64,24.74,24.6,24.48,21563.22,0.05,0.2,24.454,24.005,24.051,22061.24,18862.28,19772.93
2015-03-02,24.81,24.81,24.78,24.45,30147.16,0.18,0.73,24.49,24.174,24.056,22256.5,20760.61,20123.17
2015-03-03,24.64,25.24,24.93,24.61,46332.09,0.15,0.6,24.598,24.348,24.073,27274.2,24220.66,21325.62
2015-03-04,24.97,25.35,25.28,24.81,36837.19,0.35,1.4,24.828,24.543,24.108,31469.89,26788.25,22059.54
2015-03-05,25.3,25.39,24.96,24.88,36293.87,-0.32,-1.27,24.91,24.649,24.141,34234.71,28759.99,23094.0
2015-03-06,25.0,25.2,24.58,24.52,27034.49,-0.38,-1.52,24.906,24.68,24.177,35328.96,28695.1,23460.86
2015-03-09,24.54,24.88,24.87,24.36,18875.15,0.29,1.18,24.924,24.707,24.242,33074.56,27665.53,23435.08
2015-03-10,24.77,25.78,25.57,24.77,55870.63,0.7,2.81,25.052,24.825,24.306,34982.27,31128.23,25136.69
2015-03-11,25.58,25.77,25.21,25.14,29001.46,-0.36,-1.41,25.038,24.933,24.372,33415.12,32442.51,25787.24
2015-03-12,25.25,25.29,24.87,24.8,26221.46,-0.34,-1.35,25.02,24.965,24.421,31400.64,32817.67,25767.68
2015-03-13,24.92,25.34,25.31,24.92,18895.89,0.44,1.77,25.166,25.036,24.521,29772.92,32550.94,25706.61
2015-03-16,25.6,26.1,26.06,25.5,55735.82,0.75,2.96,25.404,25.164,24.669,37145.05,35109.8,27935.21
2015-03-17,26.07,26.19,25.94,25.7,48661.42,-0.12,-0.46,25.478,25.265,24.807,35703.21,35342.74,29781.7
2015-03-18,26.0,26.36,26.31,25.81,52771.62,0.37,1.43,25.698,25.368,24.956,40457.24,36936.18,31862.22
2015-03-19,26.28,26.98,26.96,26.04,83006.76,0.65,2.47,26.116,25.568,25.109,51814.3,41607.47,35183.73
2015-03-20,26.97,27.2,27.02,26.66,46161.85,0.06,0.22,26.458,25.812,25.246,57267.49,43520.21,36107.65
2015-03-23,27.1,27.25,27.1,26.87,51193.62,0.08,0.3,26.666,26.035,25.371,56359.05,46752.05,37208.79
2015-03-24,27.1,27.18,26.62,25.9,70886.02,-0.48,-1.77,26.802,26.14,25.483,60803.97,48253.59,39690.91
2015-03-25,26.5,27.6,27.35,26.23,83102.03,0.73,2.74,27.01,26.354,25.644,66870.06,53663.65,43053.08
2015-03-26,27.2,28.1,27.29,27.01,80277.67,-0.06,-0.22,27.076,26.596,25.781,66324.24,59069.27,45943.47
2015-03-27,27.27,27.74,27.61,27.05,52012.27,0.32,1.17,27.194,26.826,25.931,67494.32,62380.91,47465.92
2015-03-30,27.99,28.08,27.49,27.23,56325.29,-0.12,-0.43,27.272,26.969,26.067,68520.66,62439.86,48774.83
2015-03-31,27.44,27.58,27.06,27.04,57772.38,-0.43,-1.56,27.36,27.081,26.173,65897.93,63350.95,49346.84
2015-04-01,27.06,27.79,27.72,27.06,60502.07,0.66,2.44,27.434,27.222,26.295,61377.94,64124.0,50530.09
2015-04-02,27.8,28.94,28.9,27.71,107600.14,1.18,4.26,27.756,27.416,26.492,66842.43,66583.33,54095.4
2015-04-03,28.52,29.03,28.8,28.3,65453.29,-0.1,-0.35,27.994,27.594,26.703,69530.63,68512.48,56016.34
2015-04-07,28.99,30.1,29.99,28.7,81013.06,1.19,4.13,28.494,27.883,26.959,74468.19,71494.42,59123.24
2015-04-08,29.99,30.09,29.19,28.31,78335.79,-0.8,-2.67,28.92,28.14,27.14,78580.87,72239.4,60246.5
2015-04-09,29.0,29.15,28.2,26.76,66452.62,-0.99,-3.39,29.016,28.225,27.29,79770.98,70574.46,62119.05
2015-04-10,28.18,29.18,29.07,27.91,53596.97,0.87,3.08,29.05,28.403,27.5,68970.35,67906.39,63487.83
2015-04-13,29.14,29.88,29.53,29.13,64330.6,0.46,1.58,29.196,28.595,27.711,68745.81,69138.22,65759.56
2015-04-14,29.4,29.41,28.82,28.71,63339.91,-0.71,-2.4,28.962,28.728,27.849,65211.18,69839.68,66139.77
2015-04-15,28.74,28.74,27.67,27.5,56273.45,-1.15,-3.99,28.658,28.789,27.935,60798.71,69689.79,66520.37
2015-04-16,27.41,28.45,28.27,26.81,51882.23,0.6,2.17,28.672,28.844,28.033,57884.63,68827.81,66475.9
2015-04-17,28.45,28.93,28.49,28.0,53425.69,0.22,0.78,28.556,28.803,28.11,57850.38,63410.36,64996.85
2015-04-20,28.25,28.49,27.53,27.51,52095.29,-0.96,-3.37,28.156,28.676,28.135,55403.31,62074.56,65293.52
2015-04-21,27.31,29.0,28.98,27.31,59212.78,1.45,5.27,28.188,28.575,28.229,54577.89,59894.53,65694.48
2015-04-22,28.51,29.87,29.61,28.51,131225.44,0.63,2.17,28.576,28.617,28.379,69568.29,65183.5,68711.45
2015-04-23,29.56,29.75,29.09,28.9,81452.3,-0.52,-1.76,28.74,28.706,28.466,75482.3,66683.47,68628.96
2015-04-24,28.7,28.99,28.6,28.02,69345.12,-0.49,-1.68,28.762,28.659,28.531,78666.19,68258.28,68082.33
2015-04-27,28.9,29.5,29.28,28.62,81430.37,0.68,2.38,29.112,28.634,28.615,84533.2,69968.26,69553.24
2015-04-28,29.28,29.45,28.24,28.04,62312.1,-1.04,-3.55,28.964,28.576,28.652,85153.07,69865.48,69852.58
2015-04-29,28.55,29.14,28.89,28.0,52818.63,0.65,2.3,28.82,28.698,28.744,69471.7,69520.0,69604.89
2015-04-30,28.88,29.31,28.46,28.36,55381.26,-0.43,-1.49,28.694,28.717,28.781,64257.5,69869.9,69348.85
2015-05-04,28.53,28.53,28.4,27.72,48223.3,-0.06,-0.21,28.654,28.708,28.756,60033.13,69349.66,66380.01
2015-05-05,28.35,28.35,27.32,27.11,53504.26,-1.08,-3.8,28.262,28.687,28.682,54447.91,69490.56,65782.56
2015-05-06,27.33,27.7,27.31,26.8,43019.99,-0.01,-0.04,28.076,28.52,28.548,50589.49,67871.28,63882.91
2015-05-07,27.38,27.59,27.17,26.81,33349.86,-0.14,-0.51,27.732,28.276,28.447,46695.73,58083.72,61633.61
2015-05-08,27.51,28.05,28.03,27.32,50206.51,0.86,3.17,27.646,28.17,28.438,45660.78,54959.14,60821.3
2015-05-11,28.2,30.83,30.83,27.8,154870.88,2.8,9.99,28.132,28.393,28.526,66990.3,63511.72,65885.0
2015-05-12,31.28,32.7,31.74,31.15,172152.23,0.91,2.95,29.016,28.639,28.637,90719.89,72583.9,71276.08
2015-05-13,31.01,33.99,32.65,31.01,140268.8,0.91,2.87,30.084,29.08,28.828,110169.66,80379.57,75122.52
2015-05-14,32.6,34.5,33.99,32.13,127643.52,1.34,4.1,31.448,29.59,29.144,129028.39,87862.06,78691.03
2015-05-15,33.7,33.7,32.91,32.41,90266.6,-1.08,-3.18,32.424,30.035,29.376,137040.41,91350.6,80610.25
2015-05-18,32.6,35.65,35.05,32.45,104716.11,2.14,6.5,33.268,30.7,29.704,127009.45,96999.88,83174.77
2015-05-19,34.7,35.7,34.55,33.46,94454.38,-0.5,-1.43,33.83,31.423,30.055,111469.88,101094.89,85292.72
2015-05-20,34.48,35.6,33.67,33.33,86349.75,-0.88,-2.55,34.034,32.059,30.29,100686.07,105427.86,86649.57
2015-05-21,33.85,35.0,34.71,33.01,77224.54,1.04,3.09,34.178,32.813,30.545,90602.28,109815.33,83949.53
2015-05-22,35.15,37.73,36.96,33.63,132797.56,2.25,6.48,34.988,33.706,30.938,99108.47,118074.44,86516.79
2015-05-25,36.16,38.58,38.2,36.01,117154.06,1.24,3.35,35.618,34.443,31.418,101596.06,114302.76,88907.24
2015-05-26,38.21,40.58,39.89,37.5,110725.39,1.69,4.42,36.686,35.258,31.949,104850.26,108160.07,90371.99
2015-05-27,40.0,43.88,43.88,38.6,119244.23,3.99,10.0,38.728,36.381,32.731,111429.16,106057.61,93218.59
2015-05-28,46.0,48.08,41.63,41.0,228333.8,-2.08,-4.76,40.112,37.145,33.368,141651.01,116126.64,101994.35
2015-05-29,42.05,43.87,40.83,38.8,166054.69,-0.8,-1.92,40.886,37.937,33.986,148302.43,123705.45,107528.02
2015-06-01,40.55,42.49,42.35,40.05,129663.44,1.52,3.72,41.716,38.667,34.684,150804.31,126200.18,111600.03
2015-06-02,41.98,42.36,41.43,40.22,114608.06,-0.92,-2.17,42.024,39.355,35.389,151580.84,128215.55,114655.22
2015-06-03,41.6,43.38,41.58,40.4,104331.97,0.15,0.36,41.564,40.146,36.103,148598.39,130013.77,117720.82
2015-06-04,41.6,41.69,38.63,37.42,137666.62,-2.95,-7.09,40.964,40.538,36.676,130464.96,136057.98,122936.66
2015-06-05,39.4,39.95,39.29,37.8,107337.78,0.66,1.71,40.656,40.771,37.239,118721.57,133512.0,125793.22
2015-06-08,39.2,39.28,38.14,37.88,72976.25,-1.15,-2.93,39.814,40.765,37.604,107384.14,129094.22,121698.49
2015-06-09,38.26,39.28,39.11,38.05,70919.42,0.97,2.54,39.35,40.687,37.973,98646.41,125113.63,116636.85
2015-06-10,38.94,41.19,40.67,38.4,93513.21,1.56,3.99,39.168,40.366,38.374,96482.66,122540.52,114299.07
2015-06-11,40.63,41.27,41.25,40.1,87319.12,0.58,1.43,39.692,40.328,38.737,86413.16,108439.06,112282.85
2015-06-12,41.23,41.61,40.32,40.22,76243.45,-0.93,-2.25,39.898,40.277,39.107,80194.29,99457.93,111581.69
2015-06-15,40.2,40.22,37.62,37.46,88781.27,-2.7,-6.7,39.794,39.804,39.236,83355.29,95369.72,110784.95
2015-06-16,37.48,37.5,36.05,35.68,71806.7,-1.57,-4.17,39.182,39.266,39.311,83532.75,91089.58,109652.57
2015-06-17,36.1,37.68,37.41,35.8,49434.52,1.39,3.86,38.53,38.849,39.498,74717.01,85599.83,107806.8
2015-06-18,37.4,37.59,34.65,34.6,49685.68,-2.77,-7.4,37.21,38.451,39.495,67190.32,76801.74,106429.86
2015-06-19,34.2,34.73,31.27,31.25,61532.7,-3.42,-9.86,35.4,37.649,39.21,64248.17,72221.23,102866.62
2015-06-23,31.1,33.18,33.1,30.8,65073.64,1.81,5.79,34.496,37.145,38.955,59506.65,71430.97,100262.6
2015-06-24,33.5,33.99,33.94,33.0,75982.65,0.86,2.6,34.074,36.628,38.658,60341.84,71937.29,98525.46
2015-06-25,33.94,34.0,31.6,31.31,66345.17,-2.34,-6.89,32.912,35.721,38.044,63723.97,69220.49,95880.51
2015-06-26,30.91,31.36,28.8,28.44,78884.75,-2.8,-8.86,31.742,34.476,37.402,69563.78,68377.05,88408.05
2015-06-29,29.9,30.0,28.7,26.6,93417.51,-0.04,-0.14,31.228,33.314,36.796,75940.74,70094.46,84776.2
2015-06-30,28.2,30.79,30.63,25.87,96774.38,1.94,6.76,30.734,32.615,36.21,82280.89,70893.77,83131.74
2015-07-01,29.79,31.34,28.2,28.16,84470.06,-2.46,-8.02,29.586,31.83,35.548,83978.37,72160.11,81624.84
2015-07-02,28.3,28.98,26.26,26.02,74156.26,-2.06,-7.27,28.518,30.715,34.782,85540.59,74632.28,80116.06
2015-07-03,26.17,27.44,24.5,23.75,82096.39,-1.84,-6.99,27.658,29.7,34.076,86182.92,77873.35,77337.55
2015-07-06,27.15,27.15,25.04,22.78,88632.24,0.36,1.46,26.926,29.077,33.363,85225.87,80583.31,76402.27
2015-07-07,24.1,24.8,22.54,22.54,95812.29,-2.5,-9.98,25.308,28.021,32.583,85033.45,83657.17,77544.07
2015-07-08,20.3,23.0,21.93,20.3,139955.2,-0.62,-2.75,24.054,26.82,31.724,96130.48,90054.43,80995.86
2015-07-09,21.94,24.12,24.12,21.94,66613.15,2.19,9.99,23.626,26.072,30.897,94621.85,90081.22,79650.86
2015-07-10,25.78,26.53,26.53,25.0,63378.79,2.41,9.99,24.032,25.845,30.161,90878.33,88530.63,78453.84
